/*--------------------------------*- C++ -*----------------------------------*\
  =========                 |
  \\      /  F ield         | OpenFOAM: The Open Source CFD Toolbox
   \\    /   O peration     | Website:  https://openfoam.org
    \\  /    A nd           | Version:  10
     \\/     M anipulation  |
\*---------------------------------------------------------------------------*/
FoamFile
{
    format      ascii;
    class       volScalarField;
    location    "700";
    object      k;
}
// * * * * * * * * * * * * * * * * * * * * * * * * * * * * * * * * * * * * * //

dimensions      [0 2 -2 0 0 0 0];

internalField   nonuniform List<scalar> 
10435
(
0.841669
0.930934
0.843883
1.15837
1.43252
1.43583
0.81207
0.815392
0.798746
1.19808
1.07513
1.3639
0.896395
0.640674
0.655382
0.913728
0.62725
1.09756
0.789536
0.890999
0.848402
1.13464
0.948098
1.14536
1.13084
0.35645
0.479383
0.830779
0.425388
1.15638
1.20887
1.15121
0.805302
0.412409
0.974321
0.752915
1.03834
0.505914
0.269779
0.912163
1.27863
0.844299
0.529809
1.02956
1.09212
1.04342
1.36518
0.507262
0.739719
1.10462
0.851444
1.37619
0.262567
0.367683
0.290145
0.395355
1.10423
0.518059
0.549873
1.02346
0.285933
0.866752
0.503274
1.43471
1.02187
0.896462
0.503563
0.557437
0.816186
1.21927
0.364869
0.43999
0.393005
0.932895
0.674748
0.520343
1.2634
0.803328
0.779271
0.638392
1.22054
0.754137
0.255723
0.370557
1.26123
0.75247
0.822678
1.03934
0.703125
0.871397
1.10502
1.17774
0.79826
0.735921
0.923373
0.702885
1.24152
0.669841
0.576194
1.32278
0.685309
1.49706
0.776996
0.979134
1.5202
1.09336
0.848036
1.16708
1.284
0.658687
1.03664
1.449
0.715933
0.68447
1.26954
1.06951
1.36393
0.800352
1.03028
1.33574
1.38379
0.435576
0.851354
0.544837
1.20338
0.322649
1.29629
0.463101
1.4018
0.496803
0.503727
1.11682
0.888144
0.62134
0.473618
0.2392
0.632305
1.21978
0.966293
1.00521
0.945391
1.13592
0.471475
1.38862
1.19614
0.615354
0.585045
1.44159
0.627972
1.36868
0.461822
1.16073
0.867098
1.34746
1.35076
0.410363
1.29108
0.906629
1.28251
0.948534
1.26887
0.605974
1.17431
1.31973
0.696801
1.41811
0.83046
1.31357
1.31034
1.42599
1.21691
0.340331
0.434439
0.635181
1.33411
0.87327
0.807332
0.595688
0.968848
0.456185
1.00038
1.48818
1.37654
0.306569
1.20762
0.461624
0.465886
0.811978
1.46879
1.38507
1.38157
0.251562
0.475902
0.68474
1.3771
0.814
0.589953
0.709162
0.559157
0.976503
0.707085
0.497442
0.858749
0.517596
0.858067
1.29312
1.09979
1.27289
0.504447
1.24903
0.410504
0.894602
1.4054
1.33714
0.469541
0.639415
0.723635
0.305735
0.359848
0.591618
0.429185
0.608482
0.513039
0.606334
0.390481
0.928123
0.311475
0.675142
1.29448
0.534227
0.587333
0.875056
0.334053
1.22286
0.517472
0.611998
1.17616
0.389501
1.23661
1.18754
0.971059
0.353342
0.323245
0.389817
1.23655
0.788862
0.657853
0.794817
0.344405
0.804933
0.346869
0.73986
0.972606
1.29098
0.795201
1.45006
0.31117
0.794946
0.376811
0.495151
0.795922
1.26996
0.352267
1.29828
0.757235
0.58565
0.916998
1.06983
0.283429
1.34993
0.798624
0.782911
0.789995
1.03352
0.388396
1.35964
0.498206
1.37044
0.856871
0.777651
1.0348
0.58932
0.799504
0.656067
0.77743
0.273845
1.48281
0.289908
0.371997
0.431831
0.619183
1.03066
0.493294
0.785763
0.27443
0.360891
0.600448
0.796941
1.29828
1.10144
0.566821
1.27599
0.799843
0.378034
1.22579
0.653474
0.616863
1.26925
1.01022
0.370106
0.905446
0.466115
0.742229
1.47463
0.856899
0.364813
0.319061
1.3236
0.564247
1.34341
1.51911
0.470704
0.820355
0.247457
0.769207
0.902573
0.420003
0.804756
0.550545
0.512755
0.922819
0.4458
0.365403
0.811816
1.31018
0.528291
0.368349
0.355377
0.378296
0.417831
0.443653
0.426573
0.280798
0.434573
0.418353
0.451932
0.535311
0.522904
0.243523
0.759795
0.366409
0.949818
0.465249
0.816666
0.757637
0.710102
0.861951
0.990955
0.380158
0.396036
0.361405
0.329479
0.40456
0.27736
0.455797
0.462081
0.538154
1.34262
0.451795
0.753657
0.308991
0.482552
0.874856
0.68009
0.278293
0.480002
0.500129
0.500979
0.396982
0.385297
0.565902
0.299037
0.781973
0.532343
0.79391
0.744833
0.834006
0.853162
0.731685
0.813553
0.910337
0.559078
0.39678
0.40942
0.37028
0.80849
0.390195
0.900284
0.550539
0.469077
0.494812
0.473815
0.339361
0.84834
0.50167
0.789832
1.29895
0.345049
0.411093
0.524121
0.707908
0.529613
0.432004
0.373157
0.400356
0.531598
0.440121
0.828946
0.366414
0.416231
0.435519
0.413251
0.958361
0.283829
0.24911
0.642944
0.386662
0.0796571
0.0773568
0.0744415
0.0711183
0.0675597
0.0636215
0.05925
0.0543536
0.048783
0.081165
0.0785267
0.0752402
0.0716663
0.0679087
0.0638855
0.0595285
0.0548097
0.0497438
0.0822991
0.0792832
0.0756641
0.0718582
0.0679293
0.0638134
0.0594602
0.0548788
0.0501604
0.0831887
0.0797877
0.0758603
0.071843
0.0677585
0.0635547
0.0591978
0.0547126
0.0501971
0.0839277
0.0801858
0.0759714
0.0717542
0.0675224
0.0632323
0.0588601
0.0544326
0.0500239
0.0846355
0.0806194
0.0761319
0.0717164
0.0673362
0.0629557
0.058556
0.0541629
0.0498408
0.085503
0.0812283
0.0764626
0.07184
0.0673045
0.0628258
0.0583886
0.0540214
0.0497931
0.0868292
0.0821365
0.0770628
0.0722183
0.0675186
0.0629321
0.0584458
0.0540935
0.049952
0.0887299
0.0834078
0.0780061
0.0729303
0.0680606
0.0633554
0.0588031
0.0544386
0.0503404
0.0910164
0.0850346
0.0793458
0.0740489
0.0690096
0.0641754
0.059537
0.0551263
0.0510108
0.0933688
0.0869719
0.0811266
0.0756497
0.0704513
0.0654807
0.0607373
0.0562528
0.0520882
0.0954369
0.0892069
0.083416
0.0778279
0.0724896
0.0673796
0.0625167
0.0579401
0.0537193
0.0968234
0.0918878
0.0863663
0.0807314
0.0752662
0.0700101
0.0650106
0.0603192
0.0560213
0.0995992
0.0956408
0.0903074
0.0845967
0.0789783
0.0735486
0.0683802
0.0635385
0.0591229
0.105095
0.101138
0.0956451
0.0897168
0.0838663
0.0782048
0.072813
0.0677611
0.0631427
0.113869
0.108781
0.102688
0.0963526
0.0901609
0.0841898
0.0785084
0.0731874
0.0683167
0.125373
0.118457
0.111499
0.104633
0.0980157
0.0916665
0.0856322
0.0799831
0.0748203
0.137587
0.129492
0.121852
0.114511
0.107471
0.100725
0.0943013
0.0882678
0.0827317
0.149589
0.141316
0.133451
0.125852
0.118502
0.111416
0.104624
0.0981892
0.0922143
0.161587
0.153888
0.146213
0.138612
0.131129
0.123827
0.116749
0.10996
0.103568
0.174428
0.167623
0.160353
0.152931
0.145496
0.138141
0.130911
0.123858
0.117092
0.18913
0.183128
0.17625
0.169084
0.161855
0.154635
0.147443
0.140294
0.133284
0.20681
0.200991
0.194281
0.187371
0.180497
0.173631
0.166731
0.159747
0.152763
0.228614
0.221584
0.214631
0.207977
0.201635
0.195393
0.189112
0.182636
0.17603
0.255107
0.244717
0.237257
0.231002
0.225451
0.220146
0.214878
0.209383
0.203039
0.116563
0.11632
0.116921
0.118376
0.12069
0.12384
0.127797
0.13251
0.137928
0.143984
0.150605
0.157706
0.16519
0.172959
0.180901
0.1889
0.196828
0.204547
0.211915
0.218788
0.225016
0.230433
0.234814
0.237757
0.239155
0.239314
0.238328
0.236104
0.232538
0.228001
0.222623
0.21645
0.20952
0.201984
0.193983
0.185656
0.177142
0.168572
0.160076
0.151768
0.143743
0.136068
0.128765
0.121845
0.11534
0.109289
0.103736
0.0987276
0.094299
0.0904783
0.0872689
0.0846507
0.0825877
0.0810263
0.0799148
0.0792005
0.0788405
0.0787988
0.0790457
0.119897
0.119981
0.120872
0.12259
0.125128
0.128462
0.132559
0.137381
0.142875
0.148967
0.155566
0.162559
0.169808
0.177173
0.184578
0.191936
0.199151
0.206115
0.212715
0.218836
0.224357
0.229149
0.233068
0.235934
0.23757
0.237879
0.236846
0.234532
0.231081
0.226664
0.221385
0.215315
0.20853
0.20113
0.19323
0.184953
0.176426
0.167774
0.159116
0.150561
0.142202
0.134116
0.126364
0.119004
0.112112
0.105766
0.100038
0.0949979
0.0906683
0.0870278
0.0840276
0.0816073
0.0797094
0.0782762
0.0772544
0.0765971
0.0762571
0.0761997
0.0763918
0.12149
0.121848
0.12293
0.12474
0.127269
0.130489
0.134365
0.13885
0.143894
0.149439
0.155422
0.161769
0.168397
0.175212
0.182117
0.189014
0.195801
0.202371
0.208614
0.214413
0.219645
0.224179
0.227867
0.230555
0.232111
0.232454
0.231561
0.229458
0.226232
0.222002
0.216877
0.210948
0.204306
0.197049
0.189287
0.181132
0.172703
0.164114
0.155478
0.146897
0.138469
0.130286
0.122435
0.115009
0.1081
0.101798
0.0961763
0.0912791
0.0871138
0.0836502
0.0808319
0.0785881
0.0768407
0.0755233
0.074577
0.0739528
0.0736112
0.0735234
0.0736611
0.118432
0.11879
0.119842
0.121586
0.124005
0.127069
0.130739
0.134966
0.139698
0.144879
0.150447
0.156337
0.162479
0.168797
0.17521
0.181635
0.187979
0.194143
0.200022
0.205502
0.210462
0.214772
0.218296
0.220899
0.222464
0.222906
0.222189
0.220325
0.21737
0.213413
0.208549
0.202877
0.196494
0.189502
0.182006
0.174115
0.165939
0.157588
0.149169
0.140786
0.132542
0.124539
0.116879
0.109665
0.102995
0.0969557
0.0916078
0.0869803
0.0830657
0.0798254
0.0771987
0.0751169
0.0735031
0.0722853
0.0714035
0.0708116
0.0704734
0.0703656
0.0704659
0.112504
0.112825
0.113806
0.115445
0.117725
0.120616
0.124078
0.128062
0.132515
0.137382
0.142603
0.148117
0.153862
0.15977
0.16577
0.171785
0.177731
0.183518
0.189047
0.19421
0.198892
0.202971
0.206322
0.208826
0.210379
0.210903
0.210356
0.208735
0.206075
0.202438
0.197905
0.192566
0.18652
0.179869
0.17272
0.16518
0.157356
0.149355
0.141287
0.133258
0.125374
0.117741
0.110466
0.10365
0.0973841
0.0917416
0.0867679
0.0824769
0.078851
0.0758467
0.0734043
0.0714565
0.0699359
0.0687804
0.0679375
0.0673677
0.0670351
0.0669185
0.0669956
0.104067
0.104267
0.105099
0.106563
0.108641
0.111307
0.114519
0.118233
0.122396
0.126953
0.131847
0.137019
0.142409
0.147954
0.153588
0.159238
0.164827
0.17027
0.175475
0.180342
0.184765
0.18863
0.191826
0.194242
0.195785
0.196382
0.19599
0.1946
0.19223
0.188927
0.18476
0.179811
0.174178
0.167962
0.161268
0.154204
0.146874
0.139383
0.13184
0.12435
0.117016
0.109939
0.103217
0.0969401
0.0911875
0.086017
0.0814621
0.0775289
0.074197
0.0714251
0.0691583
0.0673375
0.0659094
0.0648196
0.0640203
0.0634745
0.0631532
0.0630359
0.0631015
0.0937059
0.0937655
0.0944191
0.0956683
0.0975018
0.0998947
0.102812
0.106212
0.110046
0.114261
0.118805
0.123622
0.128655
0.133842
0.139122
0.144427
0.149683
0.154807
0.159713
0.164307
0.16849
0.172155
0.175203
0.177536
0.179063
0.179721
0.179469
0.178293
0.176205
0.17324
0.169459
0.16494
0.159782
0.154088
0.147958
0.1415
0.134814
0.127999
0.121165
0.114404
0.107804
0.101451
0.0954259
0.0898018
0.0846403
0.0799855
0.075864
0.0722807
0.0692212
0.0666544
0.0645379
0.0628239
0.0614653
0.0604184
0.0596446
0.0591122
0.0587961
0.0586779
0.0587389
0.0811648
0.0810207
0.08143
0.0824006
0.0839266
0.0859901
0.0885614
0.0916041
0.0950741
0.0989226
0.103103
0.107557
0.112232
0.117068
0.122008
0.126995
0.131957
0.13681
0.14147
0.145835
0.149811
0.1533
0.15622
0.15849
0.160013
0.160742
0.160634
0.159682
0.157877
0.155253
0.151875
0.147818
0.143201
0.138129
0.132679
0.126967
0.121086
0.115124
0.109189
0.103342
0.0976505
0.0921723
0.0869634
0.0820779
0.0775638
0.0734477
0.0697608
0.0665069
0.063683
0.0612749
0.0592599
0.0576091
0.0562891
0.0552686
0.0545178
0.0540096
0.053721
0.0536346
0.0537301
0.0657284
0.0652762
0.0653435
0.065956
0.0671199
0.0688196
0.0710217
0.0736736
0.0767757
0.0803227
0.0841971
0.0883463
0.0926995
0.0971899
0.101808
0.106492
0.11124
0.116002
0.12057
0.124792
0.128599
0.131926
0.134745
0.136973
0.138543
0.139394
0.139495
0.138825
0.137334
0.135035
0.132057
0.1285
0.124502
0.120166
0.115563
0.110697
0.105705
0.100835
0.096033
0.091267
0.0866291
0.0821509
0.0778508
0.0737501
0.0698738
0.0662833
0.063001
0.0600685
0.0574743
0.0551744
0.0531742
0.0514942
0.0501421
0.0491049
0.0483527
0.0478709
0.047639
0.0476358
0.0478357
0.376087
0.34759
0.322618
0.299475
0.277495
0.256504
0.236519
0.217655
0.199958
0.183444
0.169015
0.157404
0.148694
0.142401
0.137281
0.132744
0.128791
0.125459
0.122927
0.121435
0.120943
0.120928
0.120823
0.120039
0.117885
0.356787
0.338138
0.317027
0.295324
0.273792
0.252837
0.23275
0.213733
0.195974
0.179784
0.165619
0.153755
0.144181
0.136644
0.130738
0.126151
0.12271
0.120314
0.118904
0.118429
0.118771
0.119675
0.120759
0.121497
0.12112
0.352277
0.332822
0.311759
0.290052
0.268353
0.247142
0.226794
0.2076
0.189846
0.173842
0.159841
0.147948
0.138122
0.130221
0.124062
0.119488
0.116364
0.114553
0.113918
0.114297
0.115508
0.117293
0.119285
0.120993
0.121778
0.350211
0.328314
0.305987
0.283543
0.261368
0.239837
0.219297
0.200054
0.182396
0.166574
0.152747
0.140951
0.131136
0.123206
0.117062
0.112614
0.109757
0.108357
0.108234
0.109181
0.110959
0.113266
0.115697
0.117733
0.118695
0.348261
0.323976
0.300006
0.27647
0.253604
0.231671
0.210942
0.191683
0.174132
0.158481
0.144828
0.133182
0.123487
0.11567
0.109656
0.105377
0.102738
0.101612
0.101796
0.103054
0.105099
0.107573
0.110037
0.111981
0.112842
0.345472
0.319063
0.293415
0.268701
0.24509
0.222745
0.201848
0.182592
0.165157
0.149677
0.136216
0.124763
0.115259
0.107632
0.10181
0.0977172
0.0952568
0.0942966
0.0946201
0.0959724
0.0980313
0.100409
0.102653
0.104265
0.104718
0.342151
0.313538
0.286116
0.260185
0.235838
0.21311
0.192067
0.172829
0.155516
0.140216
0.126967
0.115748
0.10649
0.0991044
0.0935052
0.0896006
0.0872768
0.0863915
0.0867197
0.0879903
0.0898597
0.0919255
0.0937284
0.094813
0.0947124
0.338711
0.30727
0.277893
0.250771
0.225771
0.202735
0.181591
0.162386
0.145204
0.130095
0.11708
0.106134
0.0971781
0.0900805
0.0847302
0.0810099
0.078782
0.0778897
0.0781074
0.0791499
0.080653
0.0822072
0.0833403
0.0836574
0.08271
0.334537
0.299762
0.268414
0.240283
0.214822
0.191613
0.170449
0.151277
0.134217
0.119312
0.106535
0.0958981
0.0873339
0.0805733
0.0754941
0.0719559
0.0697751
0.0687914
0.0687967
0.0694971
0.0704752
0.0713494
0.0715829
0.0706081
0.0681362
0.905584
0.885756
2.61566
0.222818
0.0335632
0.0401625
0.840712
0.0183224
2.97675
0.0405829
3.0307
0.0293242
0.361489
0.0195829
1.0891
0.052089
5.50929
0.207582
0.0407636
0.616299
0.201334
0.0561652
3.34812
0.0926234
0.0165829
0.0206813
0.0166932
0.139099
1.01668
4.38687
0.043542
0.0251022
2.95167
0.472112
3.94946
0.0274137
0.929999
1.0978
1.03847
0.0512912
3.12234
0.00282595
0.0378296
0.388542
0.145804
0.09218
3.94074
3.96732
1.28039
1.89967
3.75354
2.32647
0.265839
0.192804
0.797989
2.75417
0.0177275
0.230101
0.0163521
1.83301
0.039894
2.47304
0.0325843
0.0581811
0.0186092
0.370138
0.0433267
0.181356
0.377575
1.6536
2.6214
0.0731186
0.0224226
0.642255
0.0170404
0.200733
0.760532
3.76478
0.0124898
0.178331
0.430533
0.0592013
0.0205534
3.06815
0.0350293
0.0426308
0.0214795
3.64294
2.92677
0.0738799
0.0948968
0.0541934
0.0505694
0.0307341
0.024487
3.04038
0.0206044
3.26343
0.00897533
1.75267
0.0839114
3.11395
0.0934472
0.0787716
0.0165999
0.136774
3.36518
0.411402
0.01678
4.48737
0.0533281
0.022765
3.68042
0.0768406
0.255725
1.27851
2.3241
0.0491311
0.309178
0.0158256
0.00259279
0.0219694
0.0916479
0.0163766
3.04027
0.0356231
2.39688
0.418635
0.0121987
3.96692
0.0197708
0.637667
1.655
0.889665
0.204814
0.021501
0.137474
0.0592554
0.0356201
0.656975
0.0685756
0.939912
2.00678
0.00245574
1.15583
0.0674517
0.249045
0.35204
0.0510095
4.32821
0.207626
0.0220919
0.243408
1.37205
0.0174206
2.9913
0.0178665
0.0487162
1.06485
0.030542
0.0387476
2.84421
0.0396649
3.39095
0.0476361
3.48819
0.020743
0.0167694
0.082477
0.0181564
0.0180574
0.0639381
0.188411
3.23594
0.047974
0.14787
0.436819
1.38868
1.25517
0.0686761
0.679703
0.0236139
0.277369
0.681244
0.336795
0.0107677
3.67689
0.0171865
2.18322
0.0428177
3.1905
1.89821
0.801962
0.894827
1.1721
2.45658
0.0168924
0.054117
1.22895
0.758094
0.459592
0.105177
0.0539305
0.0454535
0.113115
0.04029
0.0445599
0.0905829
1.43225
0.0467
0.0164063
0.0299797
0.671603
0.103183
0.282026
3.57878
0.0235124
0.011215
0.107047
0.0998415
0.0583214
0.0030829
0.0174502
1.96084
0.0685829
2.41753
0.0669283
5.42609
0.0154619
0.0237546
2.85176
0.0277168
0.0227742
0.0156745
1.01385
0.0416805
1.11047
0.0880356
0.724369
1.41845
0.0423406
0.0398515
0.0428724
0.260954
0.0218968
0.0209567
0.0265163
0.205271
0.050406
0.0293794
0.0140665
0.161106
0.0404008
1.33349
0.0169612
0.0166744
3.7116
0.78128
1.08808
0.0411685
0.182134
0.0125521
0.0306202
0.0171486
0.659198
0.0160446
0.0378407
0.273911
0.826455
0.0167942
0.237297
0.856277
0.0111944
0.0107226
0.0416093
0.28079
0.046503
4.12416
0.0190773
2.56057
0.438061
0.226659
0.158049
0.0905957
1.22125
0.0417035
0.143953
0.107225
3.58354
3.39556
1.23293
0.0430924
0.00303959
3.74071
0.764646
3.51804
3.43044
0.051183
0.0323208
1.31946
2.21378
0.0397587
0.0501992
0.0497021
3.63476
0.0395938
0.19499
0.0431059
0.655702
0.0570876
0.0753219
0.0660805
2.52128
0.0120515
0.010548
0.901601
4.13788
0.0407618
0.0165779
1.08577
1.01541
0.0299193
0.0514417
0.0422823
0.0221425
0.0159398
2.2541
0.422305
0.0512273
0.23394
0.0468754
1.15478
0.046725
0.0411082
3.29716
0.0462702
0.023199
0.0217371
0.00693714
0.179029
0.0307491
0.0285039
1.3248
0.0636526
0.655408
0.0230762
0.0420802
0.0165116
0.0208775
3.89135
0.538473
0.0504337
0.00584296
1.04677
3.75025
0.0627709
1.20652
0.371192
0.0407288
4.12948
1.48679
3.40232
0.0230127
2.34149
0.00165284
0.0204579
0.0706415
4.12658
0.0288441
2.07795
0.0753882
1.36103
1.04717
3.70903
0.362807
0.0154237
0.0161642
0.0570217
0.0271594
0.0408819
3.42923
0.0567403
3.08226
0.438308
0.397929
0.988393
0.0504964
0.605664
3.00735
3.20495
0.448348
0.0394308
0.129091
2.93395
0.637467
0.0402891
0.0381374
3.03249
0.0478353
1.0702
0.0185449
0.038556
0.0344301
1.58037
0.0271481
0.000221053
0.941932
0.138257
0.517705
0.0414772
1.29887
0.0294032
1.2569
0.0341939
0.0263341
0.0362093
1.2493
3.89084
0.036684
0.052818
0.051364
0.0292296
0.077053
0.103091
0.0751609
3.05646
0.00453506
0.0613294
0.0438978
0.0255775
0.0416445
0.0166928
0.0769343
0.0128555
1.12314
0.0653933
0.0537171
0.00247722
0.016673
0.0401982
0.0303266
1.43135
3.68931
0.429558
0.393878
0.949194
0.104354
1.16856
0.0159782
0.0122165
3.55561
0.0341026
0.0382412
1.24725
0.0648499
1.59585
3.96684
0.0422774
0.0985723
0.470106
0.0447851
0.323936
1.22905
0.619903
2.68752
0.0193067
0.0185308
2.21016
0.0287264
3.05362
0.188008
0.019466
3.45794
0.0393586
0.0163272
0.41677
0.0717697
0.0178532
0.381091
0.312322
0.287893
1.03671
0.00136651
0.0284102
2.99026
0.0290901
0.0570115
0.084363
1.60174
0.0686099
1.12386
0.0430364
0.0160367
2.73741
0.0277006
0.0207123
1.09277
0.0390189
0.0485565
1.9926
0.0390434
1.1608
0.030936
0.208822
0.415569
0.518222
0.0432627
0.0418967
0.93418
0.0252188
0.0521403
0.470887
0.0468086
0.0674707
0.0103204
4.11328
3.6167
1.24781
0.0155219
0.271713
0.0514723
3.38111
0.627354
0.361768
0.473467
0.0931092
2.89186
3.21987
0.040224
0.0763305
0.150753
0.0716175
0.319188
1.87713
0.0166851
0.516626
0.0384878
1.34315
1.3111
0.0462696
1.04894
4.96555
0.054097
3.38792
0.00734301
1.61163
0.0298475
0.0462036
0.0384844
4.39537
0.982864
1.02448
0.0122117
1.38869
1.28111
4.15814
0.0172615
0.0618957
0.336535
1.53119
0.0449977
0.879931
0.0394942
0.380026
4.63672
0.0402472
0.273927
0.01506
0.0258359
0.207142
2.61773
0.101439
1.00035
0.0194182
0.0313295
3.81863
4.0935
1.58487
0.0575456
0.218784
0.654934
0.277216
0.101182
0.0527221
0.0182373
3.06511
0.0528104
0.039526
1.14827
0.0930377
0.0577417
0.0469615
0.0552287
1.23526
0.0663758
0.0154309
0.426703
1.25853
0.029808
0.0233498
1.37444
0.132854
0.00281993
0.0593385
0.398229
0.0181817
0.0440247
0.0399663
0.0966902
0.0323244
0.0403649
1.03149
0.020567
0.0778806
0.115463
0.250285
0.0169242
0.0421028
1.44508
0.06809
0.0185489
0.0294637
0.0594373
0.0352372
0.023717
1.64311
4.41326
0.1257
2.98247
0.0188636
0.0167528
0.0186142
0.00770513
0.0676786
0.0153071
0.254897
0.070488
0.0173875
0.0194254
1.00859
0.262704
0.0288739
0.359865
0.051598
0.0374756
0.0134783
0.10922
0.502641
1.58108
1.22946
1.07891
0.00891299
0.0407263
0.00501195
0.0980641
0.0398231
4.11109
0.0431143
0.192335
0.0247158
1.62645
0.151746
2.9878
0.000750775
0.0189154
0.0176759
3.33866
1.34274
0.290126
0.268456
0.0226446
0.0424383
0.0324351
2.02813
0.00199221
0.0254429
0.934967
0.0258672
0.0777393
0.0407265
0.0104456
0.258014
0.0574047
0.0210756
0.0363597
0.0373101
0.0553464
1.21642
3.41647
0.0259103
0.991782
0.0366927
3.04885
0.0184898
0.0626064
0.0296299
0.0183725
1.15709
0.0371007
0.0545259
0.0166351
0.166977
0.0181315
0.0872521
0.0744324
2.57372
1.01695
0.191503
3.75021
1.13589
1.69067
3.8337
0.0411724
0.0180683
0.0188639
0.000480454
0.0401803
0.425391
0.0610518
0.0248545
0.346503
0.0477581
0.0433878
0.269412
0.0322225
0.0441196
0.0191315
0.191089
0.466133
3.38444
0.0418511
1.40683
0.7184
1.33838
0.199804
3.29524
3.58691
0.311213
0.010426
0.0479326
0.000708722
0.145719
0.0351392
0.676912
1.2932
0.0583901
1.01773
0.444115
0.0151961
0.0189789
0.0297159
4.3416
1.23491
0.0223548
0.848019
1.36919
0.303511
1.72558
3.47703e-05
0.027721
0.286099
0.00236891
1.18664
0.545671
3.41317
1.28568
0.0165643
1.30477
0.0144553
0.00219069
0.286832
0.0531425
0.0680805
0.0289466
0.036494
0.364014
0.0484951
0.0149727
0.0403165
0.0383015
0.238456
0.0493842
2.13908
1.10624
0.0552175
0.501472
0.0629415
0.663634
0.0449918
0.0534233
0.0747568
0.277964
0.248765
0.00297412
0.0720094
3.90687
1.09428
0.670573
0.0376365
0.376606
0.652853
1.27143
1.1301
0.899465
0.0341181
0.0668283
3.31641
0.00767588
0.0183312
0.114073
2.50359
2.58414
0.0231197
0.0292949
1.90361
0.0181453
1.62638
1.4963
0.0701122
0.0226275
4.06361
1.17699
1.54058
0.043993
0.0251836
0.00689646
0.344702
0.94884
0.0352737
0.0181352
0.0220725
0.645001
0.0325601
0.277636
1.48817
0.0418227
0.0295643
0.618941
0.042966
0.276963
0.0227988
0.253111
0.0421388
0.0172254
0.646559
0.0697386
0.0596799
0.0473604
0.180954
0.271721
3.44525
0.0127935
0.038675
0.0339129
1.0191
0.660842
1.90082
0.0142214
0.454386
1.12639
0.000364253
0.0163803
0.0269874
2.88158
0.0441237
0.763838
0.0610856
0.00287365
0.816279
0.0444927
0.394156
0.379725
0.320274
2.16286
2.43695
4.29507
0.0431804
2.85699
0.953976
0.0719129
0.81375
0.0252552
0.0267153
0.524943
0.0358674
0.0930103
0.207642
1.23347
0.0118766
0.00952293
2.64539
0.026809
0.0515201
0.998708
1.29814
1.03637
0.0550738
0.133826
3.76982
3.51164
0.785398
0.274192
1.8787
0.0408139
0.0110094
0.349808
1.25456
0.0429854
0.185755
0.0260773
1.33943
0.0661268
0.579514
1.4948
0.0013176
0.0260613
0.0562544
1.20967
1.03299
1.60375
1.21651
0.0990003
0.154865
0.242652
0.100679
1.23249
0.221202
0.0244141
0.0429865
0.0347452
0.00872741
0.411246
3.07232
0.0219478
1.31271
0.0798452
1.113
0.0484771
0.0255514
0.0178295
2.09306
1.68554
0.126037
0.249705
0.0235496
0.0157711
1.19428
0.0443823
1.1801
0.935263
3.62654
0.0223014
0.163232
1.20026
0.0522255
0.0883925
0.0521412
3.64381
0.0480065
0.0726688
1.08053
0.990629
0.0183788
0.0977911
0.0423224
0.0699561
0.0193172
0.0176785
0.238388
0.014196
0.156355
1.25054
0.642868
2.13735
0.0399572
0.137243
0.412664
0.00933877
1.11686
0.0337597
0.0390423
3.78749
0.0597947
0.245786
0.0389176
0.0168406
1.38729
0.0418681
0.157011
0.00964769
0.779731
0.893188
2.37609
0.0172256
0.799009
0.024398
0.203379
0.0532812
1.52355
0.748555
0.145935
4.98838
0.0289317
3.92909
0.0312925
1.33063
0.0583998
0.0184046
0.0473768
0.616493
1.12593
0.0171861
0.0552126
0.571429
0.0234079
0.0576757
0.0171035
0.00853709
0.0489693
3.92031
0.0772533
0.0372333
1.34379
0.168931
4.28735
0.0086503
0.0644148
0.0217279
0.0514141
0.0954987
0.0290397
3.28361
0.0555437
0.369872
0.02507
0.104366
0.407533
1.34593
0.0436168
0.0517732
0.0579283
0.0905029
0.0299781
0.197936
3.16322
0.187187
0.222164
0.0221464
1.22956
3.56117
0.135008
0.499082
0.0554625
1.33826
3.46123
4.11344
0.0322891
0.0333892
0.115243
1.64571
0.10207
1.46611
0.0685984
0.258869
1.37023
0.0140736
0.0543328
0.0482743
0.0425207
0.0442445
0.0315733
1.24039
0.0410518
2.61704
0.0426075
0.0236483
0.0138476
0.0402619
0.273999
0.0246806
0.673679
0.478103
0.0305745
0.072014
1.28183
2.93492
0.0243668
0.0333904
0.0727174
0.211848
0.1652
0.128872
2.34645
0.0196912
0.0447361
0.321285
0.0295084
0.10785
1.22603
0.0230763
0.0207099
0.00302061
0.0367448
0.646168
0.898265
0.764168
0.046648
0.118598
0.0439958
2.84406
3.01992
0.0413926
0.0435793
1.04047
0.0425127
0.0191772
1.31749
1.18333
0.0446526
0.0441003
0.013767
0.238156
1.39928
0.0247798
0.0123058
1.4236
1.34363
0.00137051
0.0222702
0.0209237
0.08033
0.234886
0.298378
0.0312697
1.2373
0.0348737
0.0698234
0.0267018
0.253864
0.0209011
3.50828
1.25443
3.70952
1.34259
0.889736
0.256888
0.0257093
2.43427
0.29199
0.0192184
0.115048
0.0240704
0.104232
0.0336552
0.0272405
0.0160278
1.7021
0.0164203
0.153181
1.19427
0.0386691
0.139563
0.210458
4.10177
0.00865081
3.66415
3.23793
0.0439066
0.017851
0.11977
0.159797
0.102272
0.756972
1.13226
0.0715405
0.0168447
0.043748
0.718386
2.90367
0.0632486
0.064771
0.0166033
0.0214994
0.050176
0.178832
0.0429909
0.0521849
0.055213
1.4883
0.0515856
0.128669
5.22854
0.043677
0.161812
0.109583
0.368299
0.161489
0.170597
0.313449
0.0392309
0.501883
1.31612
0.0295332
0.427728
1.09136
0.0389999
0.0618828
0.0735042
0.973301
0.0249501
0.389729
0.0534362
1.20846
1.7883
0.44503
1.42882
0.0572669
0.0476458
0.591833
0.718658
0.0599522
0.0767613
0.0273172
3.20483
0.0738732
0.138671
0.0165053
0.0912926
0.336065
0.0221572
0.0210357
0.0225779
1.66044
0.541197
0.0394609
0.0916151
0.0406519
0.0298034
0.0374751
1.36533
0.0842037
0.53514
2.56403
0.334582
0.00107747
0.83198
1.02804
0.653494
1.42776
0.0441692
0.723017
2.24757
1.561
0.0069338
1.32715
0.0417527
3.28678
0.112906
0.043477
0.393489
1.01293
3.44333
0.570818
0.13614
0.0384187
0.803595
1.86721
0.098254
2.30315
0.0888326
0.64671
0.048665
1.53821
0.120122
0.0168284
0.0384333
0.532545
0.0178133
0.0380947
0.633178
0.0258429
1.23002
0.012554
0.0499953
1.23469
0.760517
0.0676865
0.29
1.17077
0.0953739
0.299056
0.120067
0.0563912
0.186371
0.0180333
1.59848
0.499051
0.00999317
3.37611
0.0520295
0.223415
0.108999
0.0682134
0.0195049
0.205638
0.50264
0.91203
0.0168171
3.15145
0.0251164
0.297317
3.3195
0.182699
0.0823248
0.925804
0.0619111
0.0304823
0.000178477
1.08158
1.98128
0.0345957
2.65032
0.128528
0.0391853
0.827103
0.0504686
0.0300841
0.42415
0.0794899
0.0280383
0.0732485
0.0220107
0.0554234
0.0851517
1.82095
1.69337
0.0849016
0.0446741
0.0166046
0.458556
3.21319
0.0282097
0.0129696
0.130899
2.68475
0.0136457
0.676891
0.40781
0.0185126
0.272341
2.52627
0.0260765
0.104993
0.0392189
0.132249
0.0263386
0.0281206
0.0686955
0.205357
1.84094
0.00918704
2.3907
0.0179399
3.1361
0.052379
0.824628
0.22028
0.665721
1.43598
0.0494318
0.302693
0.0929117
0.0695374
0.0717864
1.43106
1.31243
0.0565762
0.045718
0.227452
0.0742738
0.0309209
0.0123565
3.54962
1.59566
0.472987
2.50307
0.084893
0.0190794
0.510495
0.0975096
1.38095
0.00872016
0.0624084
0.0167657
0.0501314
0.0308635
0.0473772
0.0370614
0.167176
3.24747
1.60738
0.0461756
0.143935
0.305065
2.69187
0.0325917
3.66934
1.35983
1.78229
0.0680905
0.495163
0.019896
0.0871842
0.0670488
0.0595307
0.0420753
1.31451
3.45746
0.0760788
0.136495
0.637187
0.15023
1.70341
4.06124
0.0461109
0.0120503
0.047397
0.119958
0.570335
0.0171409
1.53481
0.442681
0.0596188
0.0534304
0.0807033
0.265197
0.0891442
0.0185751
0.0540226
0.0268917
0.073503
0.319533
0.0826648
3.64475
0.0603047
0.0414716
0.136946
0.0458212
0.0260072
2.34804
1.76193
0.0406
1.7933
0.0415241
0.832376
0.0683244
0.0929337
0.0254029
0.0198767
1.44059
0.0525704
0.072037
0.701759
1.20023
0.041292
0.0440719
0.0397094
0.0799439
1.04214
0.0196368
0.0354109
2.73817
0.0368966
0.0422427
0.0685246
2.71207
0.039722
1.73129
1.41757
0.0146787
0.787838
0.0726695
0.00891921
3.2306
0.223077
0.0413756
0.00165181
0.276728
0.0569299
0.100628
0.0177661
1.06504
5.22951
0.037721
0.0158345
1.22488
0.0593535
0.583292
0.691303
0.051746
0.415996
3.20473
0.0405488
0.519458
0.0549035
0.0596115
0.086629
0.0288947
1.51556
1.23132
0.0512768
0.0429521
1.99859
0.049255
0.0903536
0.0585361
0.411237
0.871827
0.0186793
0.0287869
0.0435214
0.0289056
0.0186737
0.00158455
0.0381763
0.0876752
4.29875
0.291246
0.0335697
0.752158
0.0632697
0.568293
3.42291
0.731414
1.37397
0.0381408
1.43372e-05
0.291036
0.0897691
0.0475217
1.33362
0.0518783
0.869769
1.64109
0.321885
0.0673103
4.41386
0.018856
1.66002
0.0335689
0.0333906
0.836071
0.170324
0.5668
0.0439424
0.0301933
0.0119579
0.0727315
1.15632
0.600097
0.058446
1.22137
0.226821
1.68728
0.0136281
3.12694
0.0509162
0.0412631
0.179116
0.0504163
0.239112
1.49559
0.296292
0.0204695
1.61789
1.20111
0.0821667
0.65432
0.334035
0.00767268
0.226103
1.58441
0.0426095
0.0232234
0.0310051
2.34447
0.0320962
0.00910294
1.11121
0.287009
0.0834595
3.23454
0.523399
0.12199
0.120137
0.8707
0.0527076
0.26271
0.0208679
0.0535759
0.0274776
3.93298
0.0535087
0.670357
1.74558
0.016608
0.493774
4.73809
0.057989
3.05828
0.0249796
0.237348
0.0838944
0.0156341
0.0643119
0.0424762
0.0181781
0.0600107
0.0475934
0.0383378
0.035666
1.55108
0.28933
0.0397958
0.224982
0.0276446
0.033413
0.0229771
0.0502026
0.0578812
1.28213
0.00877558
1.07688
1.79671
1.21834
0.797905
0.0668426
0.0716476
3.52933
0.0305819
0.376994
0.0493702
0.0243537
0.0884849
3.42826
0.0566591
0.0383593
0.0273796
0.105336
0.0433283
1.16788
0.275478
0.859002
1.64809
0.0298089
0.0220846
0.273787
0.0441939
0.053282
0.0156352
0.0696127
0.0194014
0.0408017
0.0693076
0.00889421
0.694701
1.88583
0.806075
0.0541374
0.0413935
0.545358
1.70635
1.38816
0.0194414
0.0368217
0.375731
0.0233602
0.0180166
0.0458559
1.2148
0.39633
0.0241517
0.0291934
0.0566316
0.0164998
1.74262
0.0221066
0.053052
0.0516503
0.048851
1.49668
0.0482204
1.36211
0.0314823
0.0446642
0.016634
0.0156989
1.54275
0.162886
0.0209943
2.5887
0.350067
0.290286
0.0115419
0.0323553
0.911043
3.06118
3.22694
0.0240443
0.526745
0.046137
0.0428011
4.15767
1.31093
0.0165038
0.0123866
0.639349
1.04784
0.0405977
0.0179564
1.43172
0.027019
0.0547192
0.0805873
0.05121
0.279774
0.0460766
0.041829
0.0488868
1.33
0.0399863
0.0194102
0.0293985
0.0680287
0.0700341
0.0583561
0.227826
0.443336
0.338557
0.0652425
0.0613963
0.0417493
0.0135946
0.046969
0.0321452
0.27448
0.045155
0.0531259
0.0889203
0.376875
0.0192322
0.016547
0.0464402
3.5845
0.0434171
0.490639
0.00793243
0.0456668
0.00196416
0.0494888
0.0509006
3.02819
0.0580812
0.0218085
0.172019
0.0403546
1.20053
0.0355005
0.0258733
2.67711
2.10605
0.0178887
1.50607
0.0397549
0.652435
1.52482e-05
1.77761
0.0166521
0.981181
0.0311974
1.77219
0.269211
0.795539
3.65122
4.33464
0.0180293
2.45658
0.0167589
0.0174372
0.0301302
1.68087
0.0810674
0.0180257
0.323496
2.95427
1.30557
0.0939936
2.88682
0.0169979
0.0806707
0.0284113
0.212143
0.0622352
1.41279
0.0389251
0.0542995
0.0432007
0.00946
0.0832966
1.82263
0.0221854
0.0450278
3.88967
0.285363
0.0179078
0.0906418
1.56044
0.0648818
0.0445121
2.10426
0.0954378
1.68814
0.878004
0.02838
0.212349
0.509123
0.0195158
0.0778297
0.0221322
0.0177759
0.0897827
0.0675797
1.9074
0.0196468
0.621189
0.0766061
0.026448
1.53612
0.652714
0.0211147
0.039472
0.0166665
0.016686
0.0181849
0.504853
0.85897
0.0230915
0.0363809
0.0422197
0.76551
0.0533156
0.522105
0.061058
0.0225144
0.0712884
0.0786307
0.903347
0.0454757
0.316503
0.783346
0.00026273
1.05459
0.0631944
0.447115
0.225374
0.0313727
0.0324415
0.0700757
0.0185113
0.0672736
0.853814
3.53999
2.79428
1.40677
0.366679
0.00239204
0.0179669
0.959122
0.0200001
0.98443
3.64607
0.0470753
3.09748
0.464184
2.97765
0.0525131
0.0202706
0.0323311
0.0401768
1.62961
0.0258001
1.8439
0.122014
0.051129
0.0150933
3.73658
0.819772
0.0415967
0.0149142
0.0772219
0.0664953
0.0349779
0.351969
0.44322
0.0188877
0.0178485
3.33428
0.0375862
0.747562
0.0698375
0.0382819
0.0906251
1.51292
0.00213408
0.0204296
0.0223658
0.0211997
0.085968
0.0168177
1.68693
0.154231
0.0190071
0.0559016
0.0182799
0.379866
0.106564
0.0167915
1.26231
1.5872
0.0316361
0.52207
0.0394302
1.21881
0.238265
0.0717665
0.0675345
0.0349026
0.0145052
0.0205156
0.320906
0.325105
0.0459894
0.125521
1.03849
1.27406
1.13184
0.769023
0.0660355
0.05587
3.30161
0.0380222
0.0276338
0.0177893
0.094265
0.69449
3.46805
0.0745713
0.412205
0.0630083
0.289422
3.52605
1.42175
2.27355
1.35328
0.308349
0.0494615
0.0649204
0.0325872
0.21563
1.19011
0.0152776
0.34858
0.0197654
3.67022
0.0443009
0.92855
2.42124
1.68049
0.0260897
0.824896
0.142101
3.0076
1.71443
0.0101612
0.016826
0.0215272
0.0448035
0.0191392
1.02704
0.0444326
0.00287379
0.694504
0.0208812
0.0208039
0.31707
0.0719492
0.0682776
0.526416
3.15802
0.143633
0.863048
0.019119
0.0449127
0.0234493
1.75178
0.868515
1.78668
0.0304419
0.0271364
0.0740606
1.40111
0.159696
0.32673
0.0340093
3.57929
0.0156318
0.0119805
0.300149
0.000545823
0.0307894
0.0391796
0.30001
0.0316651
0.0720944
3.00354
0.063539
0.0223289
3.14747
0.0267335
0.854173
0.85856
0.0119401
1.26988
0.0440025
3.24718
0.0454793
0.732566
0.036061
0.00617363
0.0379679
0.0457736
0.0379364
0.0460508
0.0519121
0.258454
0.0156743
0.0258724
0.0654735
2.70321
0.0419769
0.0930062
0.0723573
2.97553
0.0280138
2.2785
1.36821
0.0405739
0.198602
0.708117
0.608106
0.709929
0.888073
0.00836489
0.0341741
0.948297
3.41271
3.71816
0.813247
0.0853514
0.0195852
0.191871
0.01218
0.0858581
0.0129607
0.0857063
0.027882
0.0436156
0.699953
0.0431939
2.79913
0.0401271
0.0154735
4.9986
0.0117358
0.245981
0.013123
0.019652
0.0244208
0.0207361
0.0123522
0.0204166
1.31055
0.26667
0.0179464
0.950986
2.68448
1.25337
0.0124102
0.168359
1.60861
2.70945
1.52865
1.81621
1.43876
0.0122429
0.00274894
0.0587555
0.24645
0.496299
2.68039
0.0296009
0.0129157
0.0574331
0.0462182
0.794394
0.049652
0.325987
0.0349005
0.0170992
0.0122206
1.71896
0.0155916
0.54859
2.94385
0.163344
0.190784
0.0652196
0.0458031
0.02065
0.0182346
0.953374
0.05017
0.0476007
0.117277
0.0690522
0.0552848
1.75207
0.507217
0.891239
1.08696
2.45449
1.48701
0.141557
0.0506849
2.24767
0.090028
0.0460953
0.294399
0.0534706
0.07377
0.0345203
4.6909
2.70573
0.0191422
0.0400497
0.0319833
3.67452
0.0206224
2.87047
2.35277
0.653067
1.86663
1.95231
0.790348
3.1031
0.853086
1.04676
0.499373
0.654411
1.64147
0.536485
0.0497854
2.95423
0.0401075
2.75115
0.0225815
3.18976
0.0622388
0.0238235
1.3233
0.865137
1.11939
0.0120102
0.794031
0.0533345
0.0469348
0.00999253
0.0176544
0.0306662
0.0303429
0.0175181
0.0406781
0.221934
0.0535355
0.0237665
0.0420835
0.0237201
1.55376
0.026674
1.25197
3.18829
0.0683282
0.489899
0.0516765
0.699063
1.11197
0.300429
2.58418
1.3337
3.09355
0.693446
0.0408788
0.0387673
0.0114529
0.0276926
0.0278094
0.0212793
0.0803593
0.389957
0.608572
0.900759
0.484701
0.041507
0.059696
0.0678747
0.0715304
0.0354468
0.158623
0.0463033
0.0992843
0.0403879
0.059909
0.0134789
3.01593
0.953042
2.68168
0.0776486
0.151475
0.0180918
1.64443
0.0168036
2.67299
0.0629628
0.0410921
4.08651
2.7545
1.07596
0.0431106
1.29947
0.0404316
0.0206672
2.76597
0.0629419
2.41499
0.0314005
0.0321829
0.0117262
3.07968
1.11349
0.935974
1.43083
0.58287
4.12031
0.0179081
0.0361133
0.065702
1.70779
0.0175098
0.0248843
0.0174824
0.307735
4.38728
4.64893
0.0197583
0.0240732
0.0528043
0.0150598
0.472181
3.15851
0.377731
0.0344934
0.0301124
4.12163
0.066993
0.0211412
0.806284
0.434884
0.0163429
0.0487541
0.0440868
0.0555058
0.0248566
0.0106486
0.345697
0.016275
0.0584593
0.0302121
1.50718
3.4046
0.0780575
0.406474
3.64745
0.052875
0.0245971
0.274078
0.0666209
0.00780276
0.104809
0.0942456
0.229362
2.74377
0.948776
0.0649364
0.040087
0.0445992
0.0320208
0.00883185
0.0470016
0.0207889
0.0775826
0.0550222
0.0367897
0.0268648
0.011198
0.0182608
1.74112
0.0250655
0.0186905
0.211705
0.0658357
0.0171118
0.0537866
0.0262925
1.72467
2.8715
0.0236809
1.42375
0.0663248
0.0120283
3.1747
0.00157135
0.0105559
0.330325
4.10955
0.622646
0.0854297
0.0403917
0.482327
0.00122117
0.0250495
0.895747
1.07815
3.6078
4.21346
0.924012
0.179053
0.0184171
0.21044
0.67796
2.58289
0.0130596
0.0930168
2.16302
0.1566
1.2537
0.063839
0.0472983
0.000663641
0.0807544
3.01706
0.0468528
2.02671
0.144997
1.16203
3.66176
4.26838
0.000969579
0.546822
4.26303
0.0115849
0.0273699
0.0507789
0.420221
0.0554546
0.0456838
0.016207
0.451577
0.0182053
0.00982073
0.41474
4.25195
0.0161864
0.0431463
0.0244077
3.02476
0.813203
3.37678
2.28173
0.0448998
4.45869
3.6467
0.425769
0.24268
0.0393696
0.0197896
0.0476238
0.0471445
2.2676
0.0166081
2.73625
0.0675596
4.55627
0.864342
0.0957291
3.15396
0.859845
2.75619
0.0240107
0.0187734
0.0212912
0.747999
0.018241
1.6127
1.40997
1.2569
0.0397793
0.49072
0.0504699
0.47752
0.0602967
0.0162641
0.0493916
0.0179271
3.35983
1.26274
0.0636889
1.04661
0.0285834
3.53982
0.807374
1.16632
0.0408677
3.68843
1.24468
0.0403785
3.34357
4.38499
1.32258
1.3566
0.484015
0.00862107
0.0560873
1.25946
2.56762
0.0164147
1.05201
0.605301
0.0180681
0.0206539
1.26501
1.21859
0.0406555
0.0107294
0.195195
1.26683
0.054018
0.680786
0.382918
0.219878
0.0765878
0.0369844
0.0848712
4.73508
0.0106755
0.0162125
0.905351
0.397608
0.0445907
0.038019
1.12774
0.62864
4.32019
0.981385
0.0496045
3.81466
1.11596
0.0119153
1.7375
0.0113822
0.0502896
0.0266219
0.0407606
0.0484989
0.0145152
1.08697
1.33911
0.0707069
0.0302173
0.0104043
3.55389
1.30205
0.0213398
0.387142
0.0166713
0.697815
0.0382457
1.35917
0.844975
0.0168268
2.57135
2.42972
1.02018
0.0182074
3.31859
0.0180921
3.34347
0.675877
1.17226
1.17944
0.449916
0.736002
0.0747705
2.98697
3.6987
0.0493952
0.0615453
0.284023
2.23075
0.0185995
0.0414254
0.0163781
0.0337875
3.5692
2.4062
2.52823
0.0341186
0.00903343
1.47419
2.46635
0.0255439
0.0557486
0.42598
0.274333
2.4373
0.0116618
1.04221
0.286825
0.0801497
2.70629
0.711551
2.7121
3.50815
0.0469525
0.0184917
0.0418923
3.78175
0.344211
0.580567
2.80365
0.0368111
0.0193303
3.28441
0.0416371
3.33988
1.71361
1.81537
0.70138
1.3233
0.0411456
0.00612193
0.107106
0.470415
0.0108893
0.852452
0.022872
0.00985851
0.571537
1.1524
3.26201
2.60134
0.0485839
0.0135274
0.0543941
0.901656
1.06716
0.0223684
0.132339
0.0258947
0.0279642
0.0185533
0.00968055
0.970202
0.0433983
0.083478
0.68849
0.025896
3.92193
0.0342745
1.14763
0.502515
0.398355
0.0473937
1.16718
1.5794
2.9
3.33289
3.93318
0.0204004
0.941683
0.0230885
0.0653415
0.87644
0.0216092
0.219448
0.0178937
1.49829
5.45721
0.0286988
3.64471
0.172117
4.65074
3.82675
0.995029
0.0220564
3.40199
4.10522
0.0145015
0.232477
2.89503
0.582392
1.59472
0.00974204
0.356298
0.0249955
0.000206513
0.824345
0.0474138
0.0145097
0.000573897
5.05198e-05
1.99287
3.60878
0.016143
0.0179812
1.83825
0.0243915
0.0130832
0.0683095
3.59461
1.08512
3.88389
0.0213195
0.233588
0.363442
0.252248
4.40305
1.04781
1.03377
0.0327103
0.757975
1.04621
0.369671
1.19863
0.054081
1.40102
0.43616
0.0169887
3.29168
0.962148
1.08828
0.0181148
0.896847
1.00376
1.05852
0.0457838
0.000676973
0.00117294
3.89035
3.30262
2.62601
3.65753
0.0160792
0.0161569
0.0144919
1.09997
3.43754
4.89763
0.0249334
0.0832884
1.14732
0.614368
0.659642
2.5616
3.53121
1.39907
0.0272262
3.00024
0.0360463
0.0659052
0.05674
3.45987
3.28989
3.31429
3.3836
3.7418
0.0675463
2.72552
1.22711
0.638768
3.37265
0.0818128
0.667634
0.897341
2.98422
0.000121864
4.41481e-05
0.0724458
2.92015
2.45306
0.0249129
1.86593
0.0287863
0.80793
2.35108
0.0231385
1.13367
3.55636
3.13139
1.09487
0.541531
3.02697
3.39651
0.00397437
1.37311
3.57631
4.01819
3.30251
0.942414
2.75084
0.85041
1.98057
0.0238555
0.00890455
0.0332908
2.69294
0.179063
1.48903
0.517021
1.29908
1.24336
0.0191224
0.69636
0.0165653
0.0368742
0.979494
4.36137
1.25031
0.178674
3.79978
0.563989
1.30439
0.733158
0.795636
0.0349157
3.82295
0.0371254
0.0445693
4.33862
4.09811
2.83282
1.58883
1.05564
4.39735
2.82772
3.77794
0.00939726
0.0312023
0.573833
0.585933
0.549361
0.0179123
0.29075
3.26366
0.0241245
3.36816
1.28305
1.23294
1.22632
3.99843
0.0321918
1.84317
3.99275
0.485873
3.69973
3.45305
0.065978
1.24235
0.0253492
0.0219528
2.85654
2.83359
3.2572
3.32735
1.22416
1.25025
4.39169
1.2046
0.0103267
0.593577
1.26151
0.0124096
0.0829267
0.978181
0.0778139
0.887056
0.0180045
4.5686
0.0116392
0.0272135
3.41846
1.27594
1.82492
0.541239
0.668666
0.0672101
0.025504
1.13513
0.341729
0.0207191
0.0190771
0.417222
0.38575
2.84597
1.12404
0.841323
1.2812
0.0260269
0.0209498
0.0203445
3.86976
0.0166894
4.54658
0.224647
3.08335
3.12724
0.268078
0.012674
0.0230504
0.392466
0.0176505
0.739781
3.99137
3.41689
0.0173789
0.0594002
0.0672843
1.47625
0.0168957
0.0365954
0.0126216
0.0488077
0.822301
0.0217197
1.19319
0.598675
1.19705
1.53912
0.0189344
1.62112
0.03976
0.356438
1.32814
3.08569
0.0869691
1.29812
3.51434
0.0188758
0.493628
0.00749141
0.0135935
0.06103
4.63105
1.29087
0.187561
0.103472
0.631789
0.0463522
3.20724
1.04692
2.41446
1.02052
0.763087
0.897485
0.965059
0.0110153
0.0251206
0.0508349
0.0695987
0.00510872
2.45385
0.0448889
0.0176281
0.182594
0.0713732
0.0153758
0.0414263
0.0195179
0.898529
0.268563
0.0248703
0.740719
0.0227754
0.0265855
1.32003
3.96968
4.31341
0.0631235
0.0262735
0.0241065
3.36189
3.89619
3.57483
0.017515
0.357107
0.0639731
2.33075
3.38349
0.0185996
0.0228438
1.39242
1.06571
1.17137
1.01796
0.0158715
0.016088
0.107108
0.0190974
0.0476564
0.168411
0.544305
0.467902
0.330336
0.703136
0.0549611
1.19478
1.24764
3.87946
4.25896
4.15304
2.3537
0.0152085
0.835724
3.52103
1.13623
2.89188
1.14981
0.0847017
3.01662
0.246474
0.144676
0.0141595
1.49174
0.504416
0.0166926
2.24516
3.04194
0.0130401
0.934199
0.888185
0.997281
1.21512
1.01363
0.0729906
4.35118
0.167128
3.90557
0.0684335
0.977752
4.32613
0.0242786
1.25255
0.0871477
2.06986
0.00971229
0.335839
0.505777
1.32745
0.225947
0.560636
0.699307
0.000389239
0.745586
3.26472
1.14359
1.08092
3.76408
1.86442
3.25468
0.0119241
0.0163492
0.94641
0.0474527
0.738481
4.03481
0.0745222
4.38379
0.03566
0.304457
0.0194268
0.0174489
3.87701
3.59248
0.0945828
0.259021
0.0808562
0.0619428
2.7238
0.0607771
0.145149
0.357072
0.194846
0.0770492
3.13844
0.0670078
2.61563
1.30411
2.99274
0.00787723
0.0177738
0.661798
1.09097
4.8852
2.71569
0.658936
4.71474
1.09473
3.51367
1.01461
3.88517
2.77719
0.0456442
0.0919677
3.20047
1.25609
3.80449
0.683168
1.47515
1.25219
1.50897
1.22622
0.0656539
0.0019652
0.0914333
0.215563
3.74051
0.0493431
0.266835
0.00883196
0.996765
4.00806
0.635154
0.16697
0.94729
0.0192517
0.01499
2.80963
0.256764
0.0393848
0.0348312
0.0545611
0.519566
1.00581
0.668495
2.60424
0.734723
0.903134
0.49048
1.33869
1.45059
0.71257
0.834225
3.20342
0.0202849
2.8565
2.5118
0.0188851
1.2564
0.938134
0.0404497
0.0179156
0.81928
4.51333
1.45528
1.12996
0.0280297
1.78155
1.5866
0.12552
0.0247585
0.00305477
0.000102092
0.0304473
0.0117292
3.41421
4.10989
0.0283458
0.046718
3.17569
0.153727
0.461055
0.0245481
0.108618
3.42505
0.841218
0.56628
3.4295
0.671499
4.032
4.43905
0.0409422
0.127944
0.00978687
0.0314027
0.022212
0.0839862
0.0470421
0.682524
0.28316
0.0100624
4.14256
0.617244
3.23951
2.58647
0.872392
0.599006
0.00860414
0.607438
1.68334
0.0481959
0.080812
0.0202886
0.016659
0.635016
1.93695
0.00859503
0.0748059
4.20929
0.000100305
0.602607
3.27226
3.97551
0.0263551
0.0342551
0.117917
0.591333
0.013914
0.400907
0.480527
0.00128121
1.28204
0.0141338
0.016456
0.115563
0.880289
4.32188
0.070107
0.0918966
3.52319
3.6557
1.10925
0.0639376
0.0215697
1.17532
0.791873
0.995259
0.04572
0.0165839
0.0790731
0.65869
0.0103815
0.157007
3.05401
0.808451
0.0521663
4.36327
0.518673
0.0921385
2.24363
0.00052576
0.018839
0.0138922
0.0434109
2.35461
0.0174799
0.0816141
3.47236
0.000950266
2.64239
0.0164243
0.0466399
4.18742
0.000111476
3.684
0.201716
0.0768955
3.46876
2.94655
0.0646093
0.984229
0.109864
1.29482
2.09458
0.0124639
0.0597751
0.201664
0.0556852
1.78653
0.0194664
0.0159696
0.0404945
0.00150613
0.170799
0.0202986
0.0135643
0.0101166
1.77666
0.0139677
1.05246
2.03663
0.0343377
0.0892648
3.36313
0.0166929
0.770569
1.06965
1.27219
0.479968
0.00854786
0.0209133
0.0330854
1.10403
0.0146101
2.93763
0.0375067
0.0143089
0.00876445
3.77514
0.277023
4.26973
0.840877
1.24128
0.00500162
3.56879
0.144536
0.375313
0.0411527
0.0245205
3.27102
2.12804
0.536023
3.24568
0.0360389
0.81939
1.96066
0.39973
0.729503
0.0448291
0.0116604
0.0159016
3.39532
0.0692043
4.34378
0.0562912
3.52776
0.0449002
0.102997
0.0125809
0.00958405
2.7909
1.36928
0.0223103
1.3847
1.87698
0.00968439
0.632304
0.615034
1.31435
3.59674
0.658921
0.564754
0.0164835
0.0174912
0.125445
0.0430395
0.207315
0.0404449
1.07662
0.922745
0.0165077
0.198514
1.93136
0.868518
1.56778
0.0120014
1.03892
0.0166797
3.16724
0.666939
0.0338069
0.0415321
3.25481
0.723072
0.0188079
0.0141931
2.4813
0.0263079
0.646595
1.54313
0.0180734
0.0138866
1.30178
0.309148
0.323732
0.00473754
0.0391672
2.74557
0.658817
0.957164
0.0183571
0.0119743
0.0962939
3.22705
1.07479
0.0963996
0.972895
2.10128
0.0505594
0.0199195
0.463379
0.014435
0.0883934
0.0654513
0.215099
0.030119
3.77523
0.339298
0.0796349
0.567058
2.76791
0.106722
0.570265
3.18689
3.27867
0.795422
0.89713
0.792863
1.03647
0.474035
0.0369583
0.622876
0.62526
0.0746057
1.29869
0.973379
3.44939
0.0409772
0.860249
2.74549
1.41223
1.73918
0.485692
0.0143102
1.40877
0.00880332
0.607745
1.10127
1.346
0.417406
3.67567
0.646503
2.29689
0.021462
0.0719767
0.0219685
0.763128
0.221016
0.927653
0.472069
1.68763
0.562458
0.238453
1.01697
0.52035
0.0194654
0.00137985
0.669109
0.053477
0.046711
2.37151
2.82977
0.0317122
0.374189
0.0844925
0.087632
0.577759
0.517921
3.53952
0.383029
0.0452891
0.0249448
0.429859
0.922542
2.26841
3.38264
3.39147
2.40623
0.0175705
0.0314855
1.03107
2.57078
3.53521
0.856885
0.0145353
1.02054
0.0357457
0.018031
0.989111
0.0924758
1.05189
0.950393
0.0380007
0.7747
0.0236671
0.0600076
0.684842
0.645912
0.882623
3.10521
0.088962
0.741895
0.0121719
0.550273
2.81215
2.8235
3.48824
0.00940572
0.050928
0.0133014
1.298
0.115162
0.0147987
0.955597
0.0196768
0.0106976
1.02912
0.970195
0.0172956
2.1866
1.41246
0.0186776
0.0581305
4.04185
0.0147596
3.40216
0.862034
0.0153906
0.0102356
0.0221994
0.453787
3.83769
2.16713
0.0630262
0.0169631
0.0408219
0.0413466
0.0165403
1.81613
4.02702
3.94133
0.533137
3.51089
0.172168
4.27803
1.12243
0.834618
0.172326
4.42982
0.0588027
0.035094
0.00622774
0.0322291
0.0306422
0.0209078
1.03705
0.369494
0.0224935
0.0715474
1.26942
1.53127
0.109531
0.720156
0.0697113
1.08318
0.0535667
0.280251
0.0156986
0.0263183
0.661296
0.682678
0.0139523
5.57963
0.669687
0.524722
0.242911
0.0711857
0.663215
0.977039
4.68432e-05
0.537983
0.349856
0.228757
5.94644e-05
2.7665
3.29082
0.0445041
1.40922
0.015925
0.650884
0.0748059
0.268007
2.19886
0.0277872
0.109924
0.0267833
0.025473
3.95039
0.309767
0.0914306
1.4159
0.0121638
0.000159404
0.673348
1.0969
0.0139608
0.0196242
4.0862
0.0173036
1.18623
0.559848
0.0423789
0.0304994
3.64704
0.648078
2.70151
0.693091
1.67803
0.0208188
0.00834243
4.02779
4.25154
0.00842985
0.00154986
1.51197
0.448716
2.35032
0.685775
2.79272
0.0229161
0.0158214
1.04944
4.29814
0.635094
0.0163374
0.148695
0.78759
2.80325
0.726208
0.0194754
0.0582454
1.21932
0.0402349
3.86577
1.13205
2.81719
0.0816913
0.0519039
2.92939
1.02958
0.223854
0.022927
0.880315
1.06383
0.0241836
0.0670676
0.590116
0.793339
0.108261
0.00759266
2.03535
0.0378383
0.0569838
0.22102
0.0528464
0.0153099
0.00600806
0.602601
0.56784
3.09808
2.79602
1.19939
0.396031
0.049461
0.23169
0.0650163
0.0666511
0.306023
0.0159047
0.0237144
0.0163087
0.153655
2.02751
0.0563341
0.706319
0.0421449
2.45301
0.0411653
0.0270367
0.542761
0.0195383
2.76369
0.00404241
9.8179e-05
2.89372
1.31494
0.01851
5.07399
0.0411838
0.337296
0.0339579
0.0166036
0.0844556
0.0384402
1.05049
1.36221
0.860337
0.997562
0.247226
0.00398167
3.4012
0.982229
0.248323
0.0164111
0.0175423
0.313436
0.061048
0.0219383
3.71517
0.0180475
3.91681
0.00270736
0.0211156
0.0145971
0.0768397
2.61257
0.17285
0.0390034
0.563883
0.468161
0.0199747
0.047315
0.0164624
0.0324755
0.120557
0.243206
0.273223
0.737907
0.308565
0.00103953
5.46524e-05
0.00988181
1.0825
0.027929
1.38671
0.0445421
0.661764
0.0194104
0.0602749
0.024915
0.0818016
0.354977
0.0134545
0.0336928
1.20626
3.94143
0.031535
0.00969029
3.42704
0.0407859
4.40273
0.0136815
0.100969
0.788633
0.00591756
0.0197082
0.035308
0.000349767
3.28036
2.96253
0.0242686
0.321845
0.0447127
0.736808
0.148926
3.5894
0.242393
0.534817
0.396554
0.0269902
0.00366015
0.849667
0.00842955
0.289313
3.54011
1.2935
0.025461
1.46948
0.666835
0.0533168
0.186777
0.0649535
3.72679
0.0779784
0.0171638
4.24191
0.00852684
0.0129182
3.41808
0.013429
1.85832
0.0234031
0.00374
0.682621
0.24699
0.0746596
1.01376
0.00734146
0.252491
0.000147922
0.0114494
1.04548e-06
0.0804406
1.31834
0.0873553
0.946922
0.0547438
0.0152944
0.0463923
0.178012
0.016182
1.39321
0.00318156
1.88725e-05
0.00928538
0.0423701
0.650137
0.0106827
0.335885
0.0876813
3.88978
2.5659
0.0125137
0.162539
0.0170809
0.228477
0.377033
2.859
3.94039
0.058682
0.750899
0.00115179
1.06786
0.0524622
0.0213595
0.0175799
0.0230122
0.0124114
0.0419358
0.230189
0.0100083
2.2726
0.0142616
4.20643
3.65172
0.283699
2.11944
0.0182911
0.947899
3.421
0.172244
0.019268
0.0652987
0.0221025
0.0607194
0.0125447
1.12452
0.0174747
0.851081
0.0164961
0.0395826
4.2249
0.0448692
0.0174169
0.0363481
0.0231092
0.551783
0.0450432
0.988737
3.29382
1.00317
0.290311
0.218414
0.00858502
2.83181
0.0385195
1.03385
3.56461
0.0124919
0.0408132
3.57072
0.0124194
1.27268
0.514171
0.122237
0.127238
2.12424
0.123655
0.871976
0.0317314
0.301901
0.00684167
0.823171
0.186545
0.580835
0.782772
0.00206112
6.92607e-05
0.461153
0.452738
2.99419
1.39955
0.0337281
2.46501
0.00849166
0.0162461
1.97184
1.31877
0.0166752
0.186559
0.11268
0.306603
0.039729
0.309324
0.12016
0.0178087
3.22185
3.90129
0.0175841
0.0785063
0.631448
0.343157
0.463792
0.0629612
1.22245
4.29379
0.189134
0.301254
0.012936
0.0282527
2.75213
4.13078
0.8201
0.0144629
0.040327
0.200722
0.00886492
2.89791
2.83574
0.0319702
0.0839438
0.0179652
0.0646839
1.95002
0.254553
1.93574
0.418244
0.0444387
0.200802
0.714854
0.00521841
0.162109
1.85445
1.17618
0.427456
3.48309
0.0326115
0.00815869
0.242513
1.01387
0.256777
0.205024
0.0588624
0.207452
0.0827071
0.073876
0.0726349
0.0501111
0.0764228
0.363793
3.13264
0.21475
2.7488
0.0167486
0.0548911
1.96963
0.57502
0.0440097
0.0167348
0.768656
0.0249391
0.296217
0.967107
0.0399292
0.266687
0.0714632
0.636824
0.308387
0.0199728
0.0784679
3.74409
2.89064
0.0308179
0.0593396
1.16684
2.96632
0.0222
0.0140103
0.150315
1.10633
0.0397904
0.337622
0.0245747
0.624228
0.0171982
0.0270877
0.116466
0.0204479
0.0110622
0.0337144
0.497658
1.93586
0.0641167
0.0113364
1.14472
0.0911292
3.00831
0.160781
0.180922
0.0123372
0.250522
0.0477171
0.144939
1.01265
3.55344
0.00957709
0.0123485
0.0367329
0.019187
0.0157879
0.624655
0.0907238
1.78472
0.716958
0.0132434
0.0134865
0.750316
0.241288
0.115239
4.21079
0.129624
1.29031
0.0700029
0.0566326
0.0377635
0.0121703
0.173941
0.011458
2.14719
0.0208086
0.0431351
0.0469869
1.36246
0.145589
2.86056
0.177371
3.43479
0.0432934
0.0172826
0.0128794
0.0198961
3.21162
0.0788805
3.28191
0.0105679
0.0161194
0.405588
0.327686
0.0147117
1.07082
0.00608702
0.0164191
0.288502
0.0175228
0.00570968
0.181619
0.190449
0.0220944
1.10213
0.137222
0.218351
0.0399958
0.0153232
0.012827
0.251061
3.4666
2.69829
0.0112433
0.0147432
0.00257549
0.0109307
0.191347
0.0938184
3.46435
1.40627
0.609526
0.17542
0.0124392
0.0881177
0.026176
2.89389
0.013911
0.466218
0.00957681
1.41757
0.602648
0.0882494
2.51765
0.202891
0.016443
0.0103489
3.5683
0.733809
0.012919
0.0124282
0.785061
0.0443967
0.0843871
1.39798
3.98712
0.00629867
0.539502
0.0203713
0.0439151
0.0980368
0.0626324
0.0810545
0.0243261
0.0754776
2.48277
3.92939
0.0126819
0.146697
0.102703
0.00774583
3.75832
0.0166836
0.13498
0.214655
0.311921
0.0268912
0.0319465
2.30528
1.04557
3.19523
0.117979
0.0390715
0.0130239
0.110033
0.0131468
0.0526359
0.0156541
0.256785
0.0657869
0.240377
1.00966
0.424482
3.34156
0.0661854
0.160401
0.146964
1.83033
0.0174054
1.799
0.324164
0.0469055
0.0177808
3.31863
0.21342
0.0660917
3.74404
0.108764
0.0114174
0.0258736
0.0183513
0.00744967
0.112538
0.253393
0.0571674
0.0139838
0.0136476
0.0174714
3.10833
0.0465393
0.318332
0.120182
0.0132959
1.14719
0.0870628
0.0992107
0.0113141
0.389794
0.0128951
1.7195
0.15929
0.0190605
0.0130296
0.122492
0.0155384
0.503685
0.0135822
0.594403
0.00646537
0.0637225
0.0174389
0.143064
0.36333
0.136844
0.20372
0.0128727
0.118667
0.0157288
0.871948
0.938337
0.0791659
0.0707111
1.48838
3.06884
0.0395963
0.0126316
0.100136
3.40568
2.92533
0.355084
0.0652449
0.0353729
0.365461
0.0247345
0.0185721
0.020575
0.0434
0.0232861
0.0112162
0.014029
0.0623375
0.0133476
0.0452848
1.01614
0.0117886
0.145708
0.50993
0.995572
1.14608
1.36474
4.08964
0.0238856
0.018909
0.200826
0.0285256
1.76935
4.0839
0.0164904
1.06088
0.395668
2.36899
0.0283072
0.101691
1.17164
0.0940361
0.24636
0.0180128
0.924233
3.259
0.121221
0.0217528
0.0191875
1.10265
0.01274
0.044121
1.00407
0.00943641
0.0591889
3.43314
0.113768
1.0237
3.02285
0.182595
0.448928
0.149025
0.0129747
0.81583
0.114847
0.102306
0.0420936
0.086599
0.132691
0.0641409
0.45195
0.598065
0.0189583
1.21084
0.0172457
0.0678981
0.317925
0.0269768
0.0400357
0.0457762
0.00957824
0.109693
0.0792106
0.00696085
0.0795948
0.0398646
0.0933186
0.424793
0.0146487
0.0227249
1.02073
1.23451
0.045823
0.596607
0.0144238
0.0164723
3.80545
0.0680429
0.0399126
0.0120201
0.307156
0.0171312
0.060657
0.018329
0.372679
4.1235
0.0343023
0.0254857
0.0843665
0.058055
0.0166038
0.00950258
0.145887
0.107711
2.06717
0.0126767
0.0201607
0.0844603
0.009236
0.0198774
0.456078
0.818902
1.22234
0.00948309
0.525586
3.05013
0.592339
3.75771
4.30885
0.635616
0.108986
2.02955
0.395633
0.0420083
4.25604
0.654037
0.0295729
0.0689349
0.0203696
1.04108
0.0305682
1.85155
4.26726
0.0459177
0.0165994
0.0613261
0.935836
0.709286
0.136275
0.110608
0.638796
3.31696
0.393736
2.1188
2.57728
0.555914
0.832441
0.355894
0.0707554
0.0826558
0.0223629
0.382191
1.57494
0.657078
0.599911
1.70264
0.309008
1.14072
0.0829214
0.814273
0.986134
0.0168583
1.34067
1.64028
0.0640401
1.53419
0.008786
0.0130463
0.0147435
0.187362
0.0252023
0.0101225
0.00662585
0.00917074
1.23289
1.26829
0.0186972
0.300003
0.323603
0.253892
0.703927
0.0229174
0.0499356
0.0631173
0.317366
0.640867
0.0986856
2.59293
0.0170107
3.41524
4.06527
0.0138006
0.020626
0.0319398
3.75367
0.455912
0.0147203
0.0156657
0.0168343
3.7923
0.0143855
0.14134
2.05875
0.0410546
0.0131853
2.19437
0.0136668
0.121202
0.184482
1.20343
1.30778
1.44483
1.00037
1.89832
2.66862
0.133285
0.0309534
0.0344199
0.172873
1.57921
0.568445
0.0209276
0.287387
0.0069324
0.579843
4.36145
1.4141
0.0205559
0.0272897
0.0165729
0.0473406
0.0749984
0.0275867
0.0135607
0.261732
3.08096
0.028785
0.0141744
0.0484869
0.226256
0.0164078
1.08352
0.0421891
0.0131303
0.259669
0.00290671
2.75043
4.26321
4.58164
0.195524
0.225136
2.98443
0.290095
0.0145761
0.240756
2.75385
0.109586
0.0714371
0.0151379
0.33191
0.132681
1.01326
4.25217
0.0154561
0.118719
0.0104814
0.0151422
0.0184007
0.186918
0.16411
3.25058
2.93062
0.132029
0.562379
0.0484823
0.236392
0.0633779
0.227785
3.6994
0.107358
3.60627
3.36657
0.019113
0.0241278
0.649177
0.808459
3.45868
0.117045
0.968541
0.370896
0.0627504
0.349638
3.94644
0.0538656
2.13501
0.448258
0.0752774
0.013506
0.410205
0.00484459
0.0182019
1.05936
0.923503
0.0133971
0.0186166
1.54211
0.0140653
1.81812
0.0583358
0.112777
3.259
0.24058
0.0163612
0.00974275
0.130215
1.40686
0.240128
0.313128
0.0401619
0.982898
0.0120374
3.48008
0.935378
1.03483
0.0199774
0.278353
3.39905
1.44774
0.0560988
0.015101
1.02613
0.271956
0.0122449
0.111133
3.08212
0.0173104
0.0259027
0.960784
0.0336483
0.0179699
0.0155328
4.45116
1.15075
0.0288538
2.44544
0.00149252
0.0826142
0.335905
4.11117
0.0632398
0.0332559
0.0634611
0.423231
0.0500653
0.0577966
0.0248042
0.193646
0.0140393
0.536854
0.0227223
0.0139552
0.0462321
1.15295
5.0713
0.0287226
0.147762
0.0716562
0.0510788
2.42746
0.158475
3.33827
0.0224888
0.483086
0.173036
0.300511
0.10987
0.043022
0.0172521
0.229838
1.0279
0.0144376
1.36906
3.84468
0.691
1.38613
0.19113
0.008423
0.132501
2.49987
0.27005
1.43439
3.19839
0.0621018
0.00724923
0.0720123
3.45377
4.02449
0.081009
2.94023
0.0243916
0.988801
4.28385
0.015269
3.38763
0.310035
0.172983
0.0130611
3.54527
0.0158854
1.64058
5.22276
0.493408
0.309122
1.1208
0.0137609
0.0500881
0.907904
0.10954
0.0673975
0.276863
0.120621
0.984038
0.0210971
0.458115
0.0120787
0.0295165
0.0226261
0.0173614
0.145894
0.0604378
0.347195
0.0161156
0.0643113
0.0160952
3.16838
0.0983546
0.923916
0.0890128
0.0361139
0.040982
0.00729807
0.282417
0.385153
0.159132
0.38941
3.59463
0.97209
0.145044
0.944202
0.00653872
3.85465
0.180434
0.0994383
0.453586
0.656247
0.0612745
0.318605
1.39768
0.0775759
0.687733
6.07951
0.215317
1.2935
3.424
1.44134
0.198981
1.20617
3.77262
0.00581203
0.578796
0.174645
2.46781
0.124798
0.783905
0.461232
3.71407
0.206052
4.57357
0.109568
0.0431076
0.0127436
0.0340377
0.0162868
0.356051
0.0136879
2.29919
0.648089
0.274443
0.0512781
0.0432778
0.0909869
0.384517
0.336778
0.645217
0.0421975
0.0268399
0.133192
0.158946
2.90398
0.00995907
1.52003
0.0562969
0.435693
0.646047
1.29298
3.658
0.0228108
0.0245813
0.00985319
0.0822862
6.34608
0.880306
3.24702
0.045898
0.853226
0.0295732
0.176367
0.481747
3.21464
1.05307
0.018829
3.90523
0.545723
0.0946387
1.24598
0.442173
0.0147073
0.404979
0.087084
0.00114754
3.47403
0.371844
1.87847
1.02902
1.17418
0.0257099
2.87292
0.034418
0.407643
0.254807
0.0272204
4.63966
0.0207854
0.120881
5.99177
1.04914
3.57363
0.0122211
1.49206
5.77859
0.141253
0.00596024
0.730383
0.0994518
0.0105558
0.559437
0.0166675
0.0806542
2.50443
1.12261
0.0150943
0.0145468
0.604251
0.0806461
3.59124
4.19652
0.0128389
0.063432
0.0186353
3.2389
3.49075
3.9176
0.0149201
0.0648243
0.196173
0.200591
0.0214042
0.0529532
0.01537
1.24863
5.56315
0.028774
0.00375849
0.0502088
3.62647
0.0127372
2.58953
1.05499
4.03661
0.850106
1.62374
0.58975
0.0122057
0.158788
0.0132707
0.0181297
3.54717
0.438825
0.0114798
0.0385388
1.36777
4.5343
0.00287338
0.118105
0.0141658
1.19976
0.0140628
0.266404
6.38452
0.640355
1.31315
1.13466
0.155322
0.0497103
0.00923205
0.00459864
2.00635
0.0503132
0.0156014
0.055222
0.0142485
1.24675
1.19287
1.43949
3.87983
0.28206
0.782121
0.0158797
0.0476495
1.80265
0.0373038
0.259182
0.0717626
0.310966
3.45216
0.0871742
0.0262896
0.251064
2.80694
0.014979
0.469527
0.216888
3.05489
6.24443
0.016624
0.0158509
3.70472
0.0940477
4.23587
2.15008
0.282901
0.278204
0.0545161
0.397553
3.4287
0.539593
0.0459085
0.966794
0.0144452
0.0093871
0.21987
0.359394
0.0204598
0.0468663
0.0440176
0.992514
0.0648674
2.75596
0.0413453
0.772814
5.50102
1.43695
0.273364
1.15117
0.164724
3.46642
0.330775
0.462272
0.186713
0.0436278
0.4123
0.441376
0.290699
0.0962764
0.213474
0.666834
1.00417
4.71089
0.0894654
0.224382
3.34405
0.273964
0.125968
2.97939
0.0334636
0.0160889
0.0293224
0.252346
4.38888
0.0203625
0.016386
0.0899295
1.62247
0.110311
0.00575214
0.834576
0.681133
1.16494
0.186696
0.294867
4.03953
1.42377
0.104524
0.0157916
0.991345
0.0124737
1.59938
3.30753
0.0301254
0.0240008
0.0135622
0.906684
0.227006
0.000482663
0.274437
0.00478477
1.11793
0.00302096
0.0151638
0.618489
0.0471897
0.545332
3.18251
0.0300198
3.01894
0.000438585
0.0398586
0.0816514
2.39685
0.228368
0.0753375
0.328281
0.0697174
0.65264
0.261547
0.0560908
0.0166646
0.0440047
0.0723363
0.00498117
0.155623
0.0261975
1.175
0.831766
1.15369
0.681212
3.58977
0.197512
0.0310565
0.0318241
1.17187
0.631255
0.463289
0.329604
0.026071
0.264965
0.450117
0.350372
0.0142401
0.0103293
0.528704
0.981821
0.0468492
0.916019
0.0110137
0.241814
0.868342
0.02716
0.269231
0.276232
0.0192636
0.637529
0.0609192
0.0327779
2.51316
3.4523
0.0244713
1.07149
3.7856
0.359493
0.120885
0.631852
0.0646825
0.0460727
0.0167222
3.34062
0.440158
0.00525653
0.858095
0.261406
0.414736
1.39766
1.06593
1.22483
0.316554
1.9584
0.0122856
0.832602
0.648557
0.77231
0.0252383
0.203617
0.0811063
0.0194783
0.485344
0.0979192
0.278861
0.181294
1.47574
0.294075
0.0272422
1.06725
0.354935
0.430516
0.011405
0.569268
0.159349
0.506013
0.396857
0.0788162
0.0156775
0.0137967
0.393562
3.84871
1.47572
0.0190078
0.0281065
0.809769
0.0758194
0.0217747
0.132468
0.160248
0.0115194
0.232052
0.982597
0.0130378
3.22725
0.471712
0.0164503
0.00420369
0.0202435
0.00663165
0.0101812
1.44156
0.324516
0.0474973
0.0830667
0.008596
0.000306185
0.255981
0.476501
1.88406
0.0474101
0.383916
0.00921455
0.0177557
0.454119
0.247836
0.344387
0.308441
0.226325
0.0359029
0.410093
1.58356
0.0230885
0.00908393
0.0184031
2.93069
2.02164
3.1161
0.746705
0.0300174
3.35712
0.00943059
2.96966
0.238535
0.624376
2.92116
3.17461
0.0149508
0.0201956
0.398891
0.0354822
0.0292467
1.10597
1.25576
0.0641533
0.700414
0.0412889
0.00843807
0.000947373
0.0215014
0.0897437
0.00945695
0.136406
1.1746
0.0340898
0.45011
0.408667
0.327042
0.330747
1.37258
0.0379073
0.761804
0.0140362
0.753767
0.0417495
0.0643552
2.86062
1.16143
0.0111729
0.938067
0.00847704
0.0086832
0.0158951
4.08652
0.0266282
1.5732
0.355617
0.0268928
0.344295
1.44474
0.0410308
0.00986378
3.48654
0.0492596
2.54672
4.2498
0.60275
0.638776
0.424708
0.0147683
0.0378162
2.29384
4.95456
0.0206095
0.186629
0.0245187
0.528639
1.41275
0.126361
0.0208553
0.0118621
3.13089
0.8143
2.21369
0.499839
0.0461655
0.133458
0.0220294
0.940467
1.35203
0.227472
0.877311
0.0164824
0.0182096
1.1939
0.0903146
0.0908708
0.829348
0.0104284
0.264208
3.82191
1.99315
2.26051
2.33558
0.0137099
0.54301
5.6972
0.0660047
0.0804289
0.31129
0.692874
0.421948
0.332484
0.0463173
0.0196029
1.08531
0.0114124
2.59695
0.0166976
2.77903
0.015656
0.276048
0.0169555
2.08157
0.069881
0.197331
0.011274
0.526793
0.0145159
0.0303621
0.569534
0.0124676
0.249051
0.00841149
1.046
0.0165357
0.784819
0.249295
0.42431
4.21995
0.311998
1.02768
0.0120527
0.0180336
4.07214
0.0139929
0.0151968
0.043044
0.443772
3.95655
0.0530613
3.48337
0.398467
0.0152767
3.55288
0.0941765
0.0517058
0.472253
3.6761
0.0127507
0.00691599
0.363632
0.064492
0.0208212
0.380748
0.0418072
0.0171608
0.336222
1.00555
0.0411804
0.0402401
0.586965
0.00897472
0.0141966
0.49115
0.422411
0.0497972
0.0315167
2.89287
0.0208073
1.27773
0.0265859
0.0117033
1.65211
0.0160357
0.0139751
0.942067
0.380851
1.75117
1.20604
1.51522
0.0347113
0.0578695
0.594373
0.0146715
0.123284
0.0194799
0.540774
0.35658
0.693572
1.28776
1.46636
0.0200165
0.549443
0.0591705
1.2177
0.0180234
0.141002
0.0793318
0.106652
2.27882
0.798139
0.0751219
0.416825
1.12241
0.111746
4.33482
0.0162997
0.0910644
0.0339987
0.437638
0.00876375
3.46995
0.293722
3.17449
0.306413
3.61616
1.36323
0.0154994
0.0630706
0.0255477
0.0165621
1.38588
0.0279957
0.0300256
0.997718
1.33088
1.1749
0.206759
1.24748
1.11888
1.71529
0.166867
0.195318
0.0270137
3.03084
3.76246
2.2283
0.024959
0.39034
3.72487
0.000245887
0.581953
0.00921808
0.0444143
0.00514282
0.400916
0.918218
0.0093114
1.96546
0.227861
0.342668
0.0103542
0.0184735
0.0313022
3.95182
2.38314
0.0321124
0.968328
0.046916
0.107082
0.0153548
0.293103
0.259304
0.00915281
0.0125439
1.19986
0.319086
4.09505
0.959976
0.00991927
0.0195891
4.8948
0.0169446
1.04845
0.284594
0.330262
0.0637251
0.31137
0.560854
3.34199
3.92183
1.98954
2.16129
0.0111056
0.0346384
0.539585
0.013077
0.0535619
1.11219
0.021072
3.11488
0.0201001
0.654316
0.0222769
0.0147585
0.986086
0.0575726
0.00440444
0.44203
0.0163201
1.05339
3.08242
0.296125
0.0196285
0.931271
4.20051
0.078923
0.00992738
0.57557
0.00585579
1.06534
0.0806326
4.37107
0.25134
0.0798648
0.0239744
0.0162054
0.040943
0.550943
0.0211821
0.0419437
1.51575
5.30619
2.68945
0.094622
0.024361
0.0442323
3.06594
0.378745
0.0296967
0.0221885
0.000638128
0.0234184
0.0840066
0.0142164
1.0987
0.0213978
0.704075
0.0202558
0.00351863
0.0792133
0.901787
0.00869247
0.29989
0.0246101
4.43276
0.0758578
0.0166715
0.121369
0.0213276
0.0612712
0.35816
3.02948
0.0473827
0.810749
0.580518
0.66547
0.0441232
0.0415836
0.027491
0.138902
0.240569
0.0406828
0.00782999
5.7726
0.0173608
0.0678699
0.0101694
3.49543
0.756838
0.0237113
0.0752184
3.44361
1.74784
3.3009
0.449534
0.189369
0.431735
0.0577515
0.430096
0.0178254
1.02491
0.879509
0.00942074
0.734401
0.0396065
0.0588514
0.513209
0.793191
0.041824
0.366413
3.88263
0.982726
1.14492
0.260926
1.02981
0.0364087
0.0218888
0.969893
3.58904
0.0126802
0.100164
0.0221251
1.06087
0.00495144
0.0206165
0.74414
5.9749
0.0281308
0.00926475
0.0242149
0.0303787
0.0344604
0.905153
1.20019
0.00362191
0.105982
1.51924
0.0084882
0.2964
0.0135097
0.727906
0.0267576
0.00220328
0.204676
0.296242
0.0655456
0.620858
0.0531241
0.00313646
1.44492
0.0499179
0.587211
0.0731315
0.0160155
2.94378
0.124586
1.43133
0.627517
0.00894229
0.0478677
3.46466
0.125372
2.58135
0.476835
0.0509614
0.0439909
0.0380359
2.03876
0.023558
6.11719
0.0557885
0.199865
0.00631175
0.00910059
0.113915
1.82372
1.83558
0.102877
0.421626
0.0547035
1.07853
0.0174061
0.00118867
0.0208993
0.916536
0.109055
0.117232
0.0117423
0.0188528
0.00860344
0.0051491
0.039452
4.46326
3.56243
6.08133
0.0289029
0.0163058
0.823537
4.4527
0.0514658
0.953509
0.805311
0.0995749
1.53177
0.336113
0.533544
0.713631
1.24276
0.018272
2.14576
0.511629
0.00566076
3.98296
0.0267404
0.0174176
1.70993
0.0147661
0.0217598
5.91894
0.788466
0.0173939
0.0463422
3.51307
0.0126584
0.124804
1.32694
0.0191636
1.22027
2.8027
0.0165873
0.0592024
0.232944
4.00521
0.0120492
0.0259013
1.10585
5.54917
1.01362
1.22012
0.643972
0.00293574
0.012334
1.00807
0.0443715
0.0256442
0.0180356
0.085503
0.0345139
0.0261421
0.506986
0.0157068
0.733848
0.742856
0.740617
0.0160478
0.00860399
0.460231
1.36887
0.0161086
3.38827
5.36326
1.20601
2.06067
1.17069
1.2103
0.0129557
0.0239808
0.206366
0.0246435
0.0385907
0.581277
0.0171646
3.66192
4.73027
0.015254
0.0811746
0.92846
1.24131
0.0083848
1.12421
0.00848511
0.0173047
0.0141195
0.104737
0.0173479
0.0423976
0.500648
0.0235042
0.0582307
0.0522248
4.40589
0.0151553
0.0213282
0.311013
0.0208779
0.292813
0.0467707
0.00311806
0.484297
0.0169474
1.14133
0.0415033
0.914612
0.00882341
4.01029
1.34148
0.0440102
0.0412782
0.00225678
0.482096
1.82212e-05
2.92349
0.00881354
0.185647
0.00919593
0.164933
1.49719
0.426236
3.45617
0.00375514
0.0364752
0.0141059
0.0622286
0.020854
1.62555
3.4587
3.82553
1.38438
0.474708
0.175575
3.74629
0.0166268
0.0991479
3.81782
0.464579
1.258
0.856412
0.0073976
0.357323
0.0413817
0.0281876
0.0448689
0.0470499
0.732004
0.775876
0.0177716
0.905902
0.995475
0.108671
0.0528802
0.641429
4.07283
0.203384
0.0270772
0.00886599
0.561236
3.92122
2.26262
1.02593
1.34256
0.0167585
0.00716128
1.3067
0.793936
0.0190992
1.95711
4.10088
0.0529204
0.0405201
0.0208624
0.619142
0.0545635
2.47207
0.110686
1.17929
0.997793
0.954128
0.0125979
0.592189
0.0263882
0.0315619
1.12779
0.0637774
0.0113176
0.00730733
3.60302
0.093309
0.0368636
0.0237396
0.539513
0.047274
0.415799
3.87949
1.60537
0.4944
0.0157549
2.74586
2.4202
0.0125601
0.0174021
0.0178373
0.0318467
2.18615
0.558269
1.07512
0.0894772
0.00550878
0.0307678
0.039224
2.20026
0.00491541
0.0802862
1.04814
0.00789415
0.0439689
0.0362143
0.0566438
0.00983124
0.042165
0.072705
0.0230336
2.90061
2.38898
0.0663879
0.0443815
0.00501831
0.0113554
0.193744
1.89936
0.0197035
0.0375271
0.0470983
0.0644846
3.75898
0.0236146
0.0241758
0.854065
0.0209877
0.236201
0.0402536
0.0903031
1.01699
1.9083
0.730384
0.0207705
9.00383e-05
0.0186142
1.14397
0.0395216
0.802651
3.47635
2.84347
0.0167222
0.0173696
0.668777
0.00905092
0.283623
0.0271189
0.00720733
0.0216542
0.871795
0.042385
1.12296
0.00968445
0.766287
0.857456
0.0728689
0.513078
0.0874874
0.0114206
2.25912
0.0104103
0.0510878
0.0213949
0.533939
2.58361
0.0164001
0.803847
1.58271
2.57559
0.0619479
1.18703
1.16579
0.674268
2.18957
3.19379
0.0412871
0.0467299
1.15471
0.58611
1.07119
0.144395
0.0164951
0.456458
0.0140614
0.0126844
0.314051
4.14983
1.70636
0.0409041
0.0747687
1.0246
0.0444332
0.0305277
0.293751
0.93854
0.0668463
0.0218391
0.727976
2.22873
0.0173805
0.0166719
0.699169
0.0106624
0.048122
0.0165758
0.0167989
0.0120276
0.680818
0.746638
1.04038
3.47304
0.178066
0.020072
0.913623
3.35243
0.0406328
1.07176
0.0137854
1.09073
0.073901
1.56378
0.0177483
0.027029
0.0045546
2.04554
0.933416
0.186609
0.995822
0.0659312
0.0508446
0.0670333
0.48929
3.76064
0.648718
1.30889
0.259227
0.00443101
0.697467
0.00784585
0.25817
0.00630345
2.02549
0.0761507
0.0216692
0.0220868
0.0185765
3.35342
0.0529896
0.163375
4.43552
0.716828
0.0212638
0.0990873
0.114502
4.04464
0.0107807
3.22376
0.0567788
0.0218149
0.0161945
1.04088
0.0209538
0.010003
2.02327
0.00236992
0.0978732
0.0175818
0.0469213
0.301074
0.0492065
0.0417537
0.0396675
0.147695
1.18105
0.0331928
0.22199
0.0221809
0.735126
0.966004
0.00028667
0.0213914
4.17569
4.37255
0.047355
0.0629028
0.101702
2.72704
0.599399
0.0201776
0.420429
0.00654064
2.85133
0.966135
0.0455396
1.17542
0.014346
0.0547966
0.104911
1.10888
1.866
0.0165681
0.0527748
0.038776
0.0440082
0.10775
1.3345
0.0634405
2.27042
4.03387
0.0163017
0.724398
0.647507
0.0686278
0.500044
3.92292
0.0432561
3.8483
0.00839568
0.910922
1.17924
0.199134
2.98804
0.686904
0.0208086
0.0398362
0.380521
0.026678
0.0038217
1.51027
1.88336
0.0049296
0.00910109
0.0795605
3.4873
0.0183271
0.0107706
0.042111
1.55716
0.00454357
0.107928
3.11323
0.63287
1.363
0.0163127
0.0482041
0.0982914
0.995999
0.0739454
0.91253
0.0132059
0.0728804
0.0592692
0.0614634
0.99642
0.0515953
0.687477
0.0423643
1.54128
0.606473
0.00864535
0.0157677
0.00368222
0.00635236
0.0378218
3.12963
0.350224
0.0134461
0.0147695
0.0353312
0.0147031
1.03165
0.00815015
0.0610072
0.0188863
3.57831
0.0119302
0.28594
0.0711253
0.00701227
1.20726
3.8232
3.68186
0.0103752
0.0313068
0.0244867
0.102086
0.017963
0.0249543
1.49924
0.0139276
0.100523
0.0228682
0.766603
0.016957
0.164789
0.00670548
1.43912
0.0835429
0.00996341
0.013514
1.00768
0.0365806
0.0181286
1.6742
0.00864898
0.0170492
0.0665461
0.0150699
1.93915
0.0183884
0.782995
0.0468209
0.0150085
0.108946
1.91808
0.0439842
0.0585421
0.0229135
0.759919
1.123
0.0203809
0.0461778
0.673385
2.0851
1.15599
0.0335883
0.0143463
0.0336175
0.0207111
0.437173
0.306361
0.00891323
0.0194216
0.00313908
0.0583553
0.0157707
0.970657
0.052496
0.0591276
0.0145196
1.18702
5.30035
0.0138531
0.12185
3.81573
0.0120218
0.187992
0.020929
0.0136512
3.47367
0.188519
0.312481
0.00912038
0.00925416
0.00676286
4.11476
0.0455602
3.76477
4.45589
1.0975
0.505584
0.0149929
0.0254733
0.0147344
0.557017
0.0543319
0.0187582
0.0760008
0.0568548
2.13511
0.172637
3.39164
2.20824
0.120354
0.0482788
0.0916574
0.00808965
0.0457534
0.0156817
0.695359
0.174131
0.0117148
0.0403706
0.407919
0.320854
0.0227048
0.0343739
0.0462836
0.0451853
0.0219074
0.0185744
2.09301
0.0170074
2.02769
0.0335877
0.00937356
0.0185632
0.0733552
0.0881918
2.88305
0.0260764
1.86635
4.08222
0.112961
0.816689
0.0202043
0.0451776
0.0868284
0.0433332
0.0153302
1.66952
0.245554
0.011528
0.0251887
0.0825065
0.156241
0.0765842
0.624723
0.0269747
0.0599253
0.0363068
2.26397
0.0201478
0.0115986
1.89089
1.09463
0.0923584
0.0090246
1.2986
0.0234677
0.501536
0.484888
0.0590908
0.116311
0.015312
0.00847864
0.022239
0.0165817
0.227927
0.018958
0.0198759
0.452159
0.938809
0.261906
0.0779643
0.654897
0.665794
1.29309
1.98974
0.538337
0.96171
0.174859
0.305857
0.0419533
0.0702009
0.03415
0.0417917
0.842516
0.0522306
0.0736712
0.866255
0.0168435
1.83228
0.423485
0.606113
0.0756018
0.251704
0.122238
0.0090186
0.210319
0.336688
0.645451
0.617565
0.878769
1.38898
0.914842
0.0880607
0.454528
0.0516867
0.0173782
0.0201171
0.272587
0.042634
0.502022
0.567226
0.100149
0.0235936
0.0282001
0.00208299
0.0301247
0.261132
0.977645
3.19994
0.0170949
1.36777
0.0368089
0.0199621
0.00565431
0.033601
0.0457243
3.77239
1.41151
0.864742
0.0865081
1.18707
0.333401
0.1438
0.020353
0.0596607
0.800345
0.0171163
1.51992
0.00833865
0.577605
0.00543845
0.278981
0.0174616
0.384185
0.00683333
0.0425432
0.0971668
0.0124196
0.0982159
0.0199495
0.0133921
0.00379694
0.0403951
0.0167834
1.35378
0.0149711
0.0405216
0.324305
0.0190403
0.0151529
0.048631
0.948337
0.105795
0.0320905
0.827957
0.0495108
0.056618
0.0244232
0.00782051
2.9381
0.123462
0.018465
0.0287687
0.0158108
0.231899
0.00366192
0.00371403
0.647944
0.0196649
0.0151416
0.133884
0.0751681
0.0867165
0.00806785
0.106383
0.0522119
0.0165106
1.0359
3.41227
0.327584
0.029331
1.23497
0.600888
2.68386
0.00582422
0.0166508
1.01183
0.00547873
0.0829782
0.80008
0.102387
2.8319
0.0293713
0.194885
0.974578
0.896155
0.285556
0.013743
0.0254849
0.0257421
0.123863
0.316293
0.0428198
0.000806751
0.565418
0.0453323
0.0832826
0.0100918
0.0106431
1.69198
0.458381
0.0406747
0.0162727
0.0982853
0.0542554
0.0843009
1.10904
3.50504
0.123648
2.33287
0.0476835
0.00496325
0.0525795
0.0458121
0.34115
0.00243502
0.0475879
0.627039
0.0116056
0.0345358
0.0490691
0.0190211
0.447425
0.0184839
0.455908
1.13089
0.00904754
0.0160027
0.0467591
0.00288313
0.018328
0.0423027
1.09928
0.121844
2.98204
1.37551
0.0143749
0.118857
0.0543446
1.02076
1.08399
0.0647165
0.121138
0.0634052
1.11711
0.0492645
0.454687
1.43729
0.0418045
0.0375941
2.03512
0.0224687
2.86796
0.0157477
0.95728
0.924851
0.00837609
0.00863364
0.496965
0.0242077
1.83111
0.0312736
0.356708
0.00924158
0.0522402
0.0483208
1.44632
0.0866273
0.020437
0.0414276
0.0354081
2.95169
0.100604
0.0180486
0.0345629
3.70921
0.0361855
0.00768974
1.15482
0.250186
0.0461364
0.0436595
0.638136
0.0558019
0.0359767
0.018098
0.0153459
0.847503
0.192793
0.00354029
1.87789
1.29075
0.0613269
0.0593129
0.0162607
0.0285115
1.01602
2.14074
0.0140903
0.0168472
1.13088
1.20755
0.210898
0.0645548
0.595693
2.57534
0.0139303
1.17975
0.0867493
1.33449
0.0239979
0.352894
0.260052
4.11983
0.0169717
0.0424886
1.07663
0.0519611
0.0722689
0.0230805
0.539592
0.605922
0.007659
0.0220825
0.0347893
0.270535
1.76557
0.107023
0.0151912
0.135766
0.00984048
1.32727
0.063519
1.04792
0.0754664
2.46706
2.12888
1.21262
0.0415797
0.0576746
2.32011
0.12355
0.274915
0.0300699
3.06014
1.34701
0.876229
0.0747505
0.00718271
2.99729
0.182485
0.0412986
0.37884
3.48741
0.0273583
0.342504
0.0525334
0.00886095
0.0166766
0.00947124
0.839342
0.0269286
0.0423395
0.329054
3.16497
1.7163
0.0249241
0.699272
0.0447507
0.0639722
0.0619524
0.240953
0.968428
0.0169123
0.0261081
0.997815
0.296115
0.227133
1.18249
3.7094
0.0138103
0.0109436
0.0236508
0.0181628
0.0404367
0.0273408
0.0472089
4.15884
4.19472
0.0156745
0.611505
1.10617
0.0653783
0.361116
0.535607
0.680325
0.0761548
0.0088063
0.318386
0.0421897
1.7228
0.0444492
0.107162
0.0214854
0.0519374
0.0157347
2.12606
0.020142
0.0753218
1.01925
0.0394346
0.0326464
0.0194335
0.00074065
0.0352513
0.549686
2.82788
0.0700579
1.08841
0.06907
0.0280285
0.00817833
0.0582106
1.15472
0.0386235
0.0502532
0.0988499
0.0330265
0.020333
1.14983
0.0147084
0.288381
1.17122
0.0167645
0.0337032
0.0205659
0.987573
0.0429135
1.66616
0.00316724
1.98081
1.23654
0.121134
0.0609873
0.00495427
0.0186888
0.0604954
1.88536
0.0260115
1.59722
0.0199822
0.0349121
0.0803841
0.395139
0.11376
0.053422
3.24822
1.70685
0.0168988
0.00179616
0.0925201
0.917379
0.0409533
1.9549
0.857612
0.0399969
0.590998
0.685994
3.39163
0.0277802
2.0907
0.0270085
0.0192189
0.0166414
0.0984728
0.0927937
0.581838
1.52173
0.0109388
0.0176918
0.566833
1.28733
0.146211
0.0541678
0.00164184
0.00971135
4.16622
0.343054
0.209406
1.26298
0.416801
0.0365781
0.0328027
0.0139935
0.0156603
0.191865
2.38653
0.32524
0.0420051
0.0627717
0.54418
0.0135476
0.643013
0.00822163
0.19003
3.05069
0.0084077
0.0169108
0.0330847
0.0207334
0.0187574
0.057587
0.0609202
0.00968012
0.0277516
0.0107479
0.155223
0.054147
0.0519316
0.0165365
0.0919559
0.675937
0.0191827
0.0477306
0.072114
0.754265
1.96623
1.48541
0.041719
0.155058
4.38661
0.0235229
0.0188404
1.98536
0.0158281
0.631689
0.371476
0.757531
0.0387145
0.0300022
0.0164614
1.61333
0.690523
0.0542366
0.0173303
0.640836
0.401068
3.66236
0.0151514
0.01217
3.7229
0.662568
0.621658
0.0501718
0.0319181
0.0171983
0.00778211
0.0285714
1.8958
0.0767004
0.567455
0.684277
0.0778707
0.124377
0.0609431
0.0367742
0.0349598
0.0655291
0.240025
0.00883374
3.98805
2.82215
0.0355328
0.116581
1.18814
0.230634
2.37333
0.0719888
0.55842
0.00970614
0.0224436
0.021826
3.00586
0.0532506
0.659205
0.5065
0.055997
0.0965473
0.0118798
0.288716
0.494098
0.000488277
1.35393
0.0400626
0.0411803
3.89004
0.0180277
0.0256701
3.34952
0.0135864
0.560994
1.33517
0.322427
0.00948038
0.0188755
0.00729413
0.0126838
0.034156
0.0131945
2.1588
0.951435
0.057182
0.0309198
0.0671394
0.0417857
0.011802
1.95586
0.0230857
0.0090412
0.00386277
0.463286
0.334346
0.0148118
0.0880953
0.924154
0.00857229
0.645017
0.0215901
0.0241104
0.0336877
0.578779
0.00848569
0.0805202
0.0704579
0.126481
5.55873e-06
2.23355
0.0167445
0.476994
2.1324
0.0719181
1.31864
0.214072
0.19176
0.03243
0.0435486
0.0626882
0.0194326
0.0784857
0.346192
0.0169695
0.0599527
0.225162
0.0260423
0.116001
0.0271905
1.43101
2.08843
0.286201
1.12122
0.0201215
0.0451472
0.0224669
0.0697379
3.34285
0.317414
0.0224347
2.90809
2.96967
0.0394984
0.0407886
0.615601
1.09274
0.0744894
0.215582
2.34823
0.018889
0.192036
0.48273
0.0261676
0.652351
0.0682237
0.020703
0.0694935
0.011905
0.0296662
0.0583582
0.0169147
0.0414296
0.128957
0.0641171
0.839339
0.071072
0.0428683
2.03849
0.0198215
0.0107343
0.0611736
0.427722
0.727259
0.0711895
0.0660237
1.01912
0.0436993
1.55291
0.0171531
0.11786
0.0278827
0.0152306
0.0510862
0.144266
0.0343294
0.0198552
0.0114716
1.38079
0.735911
0.267986
0.000769606
0.188816
3.20501
2.10399
0.0352605
0.308278
0.129995
0.430452
0.196438
0.222043
0.09168
0.0293456
0.027655
0.0460318
0.678033
0.0206554
0.087669
0.018951
0.644436
0.0546589
0.0118209
0.196361
0.0421639
0.720887
0.0138754
0.0667511
0.818656
0.312855
1.44344
0.00842749
0.416326
0.0250241
1.97356
1.19438
0.246094
0.106799
0.520408
0.56022
0.0236535
0.0567157
1.01128
0.0410485
0.0373613
0.133151
0.801199
0.149291
0.121207
2.15907
0.6883
0.0219319
1.01113
0.187353
0.0723382
0.0608689
2.36294
0.0443457
0.0553688
0.053613
0.0281001
0.0205709
0.998159
0.0485809
3.69477
0.849738
0.0166095
0.81832
0.0361783
0.883351
0.391627
0.0157924
0.135129
0.0286937
0.0215799
0.342489
0.0436322
0.0192739
0.021079
0.368641
0.027458
0.208017
0.0246977
0.10491
1.08799
0.0274564
0.0142912
0.217544
0.189334
1.63343
3.56469
1.91198
2.33613
0.139653
0.0649195
0.0283032
0.0141782
0.688303
0.02648
0.0129596
0.0200352
0.0185726
0.833521
0.0119979
3.22484
0.656107
0.0950623
0.206291
0.0613821
0.0680519
0.948003
0.196797
3.13896
0.0378245
0.0527994
0.281982
0.033857
1.93049
1.19868
0.101243
2.29204
1.45513
0.00993937
0.11774
4.03316
1.24172
0.0343031
0.191217
0.0158162
0.306405
0.0172798
0.044899
0.159996
0.0201234
0.432294
1.55929
0.0160243
1.1844
0.323652
0.0302037
0.0442718
0.0422908
0.0167136
1.23903e-07
1.33955
0.230825
0.00369128
1.18675
0.258388
1.19127
0.0284173
1.02763
0.18438
0.0304198
3.45478
0.020444
0.103234
1.56154
0.334835
2.2044
0.0239242
3.1456
0.0136614
8.21985e-05
0.0196835
0.053184
0.08036
0.0588065
0.0992788
0.0442526
0.026977
0.00737664
0.0164078
0.194173
0.0123612
0.215543
0.0209031
0.0222297
0.0292777
0.0158439
3.17897
0.364989
0.368951
2.78076
3.21805
1.01426
0.0131328
0.208486
0.0553706
0.0696052
0.301862
0.100441
0.0948644
0.873925
0.667518
0.0124167
0.0492387
0.127302
0.0169368
0.0410495
1.12253
5.27593
0.986138
3.42056
0.0233425
0.598383
0.0412907
1.05774
0.341972
0.0168042
1.0644
0.022489
1.73033
0.00622657
0.0165774
0.0105341
0.0034939
0.612326
1.16068
1.35651
0.0659909
0.0605442
0.0168388
0.0141089
0.0153785
0.0167816
0.0232022
1.23709
0.0203733
0.0162158
0.0425556
1.1205
0.046808
0.050948
0.000117252
3.44446
0.00503996
0.601988
3.66277
0.221475
0.044329
0.33199
0.0362655
0.119068
0.940166
0.0643624
0.19303
3.19708
0.0621523
0.604205
0.0287577
0.0644316
0.0104975
0.367049
0.0422787
0.0170893
0.0110974
0.534608
0.107232
0.137594
0.0287904
0.170271
0.0411305
0.0661951
0.768975
0.000290751
0.0224018
0.0155447
5.08719
3.83745
0.0162413
0.28688
0.0229424
1.29112
0.0169674
0.388419
0.0064792
0.0169996
0.0543713
0.0810945
0.0133508
0.654003
0.00782144
0.0339168
0.0405633
0.0226578
1.15894
0.152949
0.0652844
0.301468
0.111035
0.0256542
0.0629014
0.275113
0.0170134
4.16664
0.0155499
0.0469507
0.00792622
0.0416273
0.495118
0.0188512
1.27512
0.0448066
0.290395
0.171008
0.0407414
0.200516
0.00109812
0.0171269
0.00502925
0.0172945
0.065936
0.758488
0.0253487
0.00580051
0.491171
0.0110013
0.0273891
0.0861234
1.39657
0.0559071
0.0409024
0.38558
0.119837
1.55869
0.00766023
0.0498567
0.020905
0.430065
0.0371057
1.17621
0.102109
0.0511671
0.0649148
0.017471
1.45924
0.0591376
0.0154585
0.0830471
0.016708
0.0570662
0.015591
0.0169791
0.0331687
0.711827
0.0227779
0.0182061
5.40184
0.0204841
2.16929
0.00961848
0.663019
0.109581
0.0438398
0.0168919
2.78935
2.93276
0.121266
0.119888
1.12327
0.972203
4.3677
0.0136571
0.230763
0.126826
0.735318
0.297039
0.0443891
0.032568
0.0454959
0.0468384
0.525328
0.00906378
0.0447208
0.0201344
0.0498733
0.048327
0.00279163
0.146174
1.98419
0.0183992
0.0165673
0.212028
0.187135
0.0314942
0.0951293
3.58536
0.0806635
0.730716
0.0380464
0.0669918
0.0865059
0.122559
1.16751
0.197937
0.175593
0.0467178
0.0244438
0.533497
0.0437406
0.119073
1.89096
0.039112
1.61773
0.00908105
0.00486013
0.0593444
0.00990209
3.94903
1.39489
0.00430029
0.657091
0.11854
0.0410688
0.328366
0.0323747
0.000116782
3.58095
4.8332
1.32244
2.92708
0.154976
0.0336482
0.0377162
0.012951
0.00471618
0.175803
0.0306013
0.166345
0.188226
1.55915
0.0818864
1.52515
0.0185206
0.239548
1.93966
0.0568793
0.0259246
0.710378
1.06014
1.46582
0.0468145
0.314879
0.1123
0.0170413
2.36281
3.81807
0.0219853
0.00718346
0.0732629
0.0314196
0.137871
0.00826228
0.0170728
0.0425261
0.0292036
0.0239819
0.0412032
0.023803
0.0162529
3.46592
0.117321
1.07563
0.0621274
0.00849849
0.0644706
0.0488981
0.0206631
0.0624837
0.205327
0.0135765
0.00685181
1.09294
0.0527072
0.00488244
0.0774697
0.252013
0.0952501
1.18725
0.161624
0.067918
0.140432
0.0495744
3.2046
3.89201
0.66427
0.0417925
0.0937331
0.0223206
0.182727
0.180855
0.0135129
0.290412
0.0423915
0.00456909
1.17526
0.282652
0.0694708
0.0900744
0.0682199
4.29563
0.306691
1.23055
2.5268
0.0265598
0.685519
0.0131522
0.0412731
0.132433
0.0180369
0.0730235
0.0166487
0.0248116
0.0243471
0.0269708
2.52485
0.20316
0.0600847
0.0234861
0.036944
0.0765097
0.044802
0.0502479
0.0189821
0.060811
0.1667
0.915969
0.0656369
0.0208218
0.00838959
0.0188808
2.4463
1.48786
0.00289592
2.79942
0.0204873
0.0169674
0.04216
0.150153
0.0395197
3.14032
0.388711
0.06941
2.67707
0.0485463
0.0836083
1.91369
0.746441
0.248713
4.29868
0.0397746
0.0479637
0.334655
3.45562
0.802551
0.201717
2.7305
0.629207
0.0914488
0.0663769
0.0272746
0.019803
4.79174
0.415446
1.67169
0.0415726
1.37603
0.0727131
0.947553
0.046017
0.0133601
0.0478288
3.52076
0.0229309
0.110705
0.112944
3.90853
0.465748
0.00708312
0.0613549
0.0292272
0.0427077
0.369359
0.731914
2.69662
0.657693
0.0738836
0.0189724
0.25228
3.15529
1.50595
0.578644
0.889006
0.875795
0.33859
3.33952
0.0346601
3.05272
0.0612072
1.04581
0.0237817
0.0405847
0.016817
0.141858
0.801032
0.0138742
0.0193569
0.00415352
1.70116
0.119151
1.63633
1.64612
0.021402
1.15596
0.0230159
0.239578
0.0560034
3.74838
4.18419
0.0200104
2.13997
0.836819
1.18703
0.0326026
0.679612
0.0647481
1.47767
1.8639
0.00257123
0.4907
0.0247842
0.0571582
0.0427033
2.14322
0.609156
0.278763
0.0536966
0.0236327
0.0741588
0.0482417
0.00148719
0.0194015
0.0371463
0.146339
0.0418614
0.0946534
0.0275057
0.0376357
0.0247061
0.0852529
0.115764
1.79605
1.91294
0.0586495
1.1651
0.290951
1.49268
0.0849696
0.0703017
0.552541
0.0692801
0.0197006
0.0268529
0.0611822
3.98204
1.40763
1.3247
0.0439942
0.0431412
1.2839
0.0430366
3.1815
0.111077
0.056377
1.07644
0.049669
0.383017
0.0416615
0.0285247
1.20352
0.00800723
0.111835
0.220268
0.0168177
0.0519439
0.00257937
0.0153345
0.336233
0.042584
0.159762
0.0455716
0.0167259
1.42005
0.0780073
0.0591785
2.46677
0.00766675
1.54959
1.03569
0.0327617
0.0141574
1.58234
0.0414089
0.0757964
1.06838
0.0956691
0.0183715
0.021855
0.0474966
0.493489
1.33521
0.0332963
4.22966
1.12035
0.0252332
0.00880609
0.00910822
2.66582
0.0391828
0.0938366
0.351031
3.78932
1.97353
0.0118544
1.17147
0.0418271
0.621573
0.0199884
1.99639
0.362375
0.162111
0.0160494
0.0938386
0.211483
0.0083874
1.19056
0.0594054
0.0253743
0.0589178
0.0749609
0.0990512
0.471192
0.013702
0.0562967
3.87621
0.0253154
0.223044
0.742588
0.0190786
0.669894
0.705706
0.0549976
0.769373
0.0985874
0.0395217
0.137746
0.0403748
0.116721
2.86467
0.990964
0.0230832
0.0615964
1.68575
0.0365118
0.661629
0.0247688
2.50492
0.580077
0.350507
0.0411844
0.235527
0.81757
2.72956
1.16292
1.60509
0.29901
1.14874
0.213763
0.0296149
1.3447
0.042559
1.48225
0.00951024
0.0150898
0.112403
0.0698591
0.0406214
0.963775
0.0454187
2.5392
0.0425045
0.0152656
0.041964
0.0704395
0.0191342
1.18021
0.0392335
4.16189
0.0710469
1.12155
0.0200858
0.0243448
0.481662
0.600444
0.0540636
0.00187975
0.0143878
2.09111
0.080316
0.300718
0.00521114
0.0594679
0.0235028
0.925257
1.13599
0.747995
1.28056
0.0107862
0.260013
0.835414
0.0227702
0.00216393
0.637083
1.07676
0.0357968
0.414952
0.944349
0.0570843
0.332115
0.0220926
0.0201475
0.0994324
0.656482
0.0490296
0.0212167
0.0151728
0.107563
0.66514
0.0193941
1.24656
0.277008
0.064834
0.0806353
0.255894
0.918732
0.0523654
0.0106726
0.270312
0.060811
3.1742
0.039226
0.0588716
1.88998
0.0320353
0.0190879
0.827983
0.0344968
0.0222101
0.0418754
0.0475225
3.40378
0.314296
0.0134776
0.064345
0.0686226
0.0588174
0.051327
1.93207
0.018734
0.0446676
0.0484793
0.00391549
0.241241
3.24998
0.00758569
0.561837
3.64922
0.054799
0.0915719
0.0540795
0.0267942
0.0626063
1.09146
2.2989
0.4822
0.906469
0.0228418
2.03239
4.19569
0.0711434
1.01906
0.79894
1.16901
0.424084
1.51063
0.0966437
0.336205
0.0152258
1.31216
0.0210681
0.0169982
0.0342743
0.0156086
0.305918
0.169511
0.506827
0.231257
0.219144
0.143186
0.100787
0.0119117
0.0252392
1.32121
0.714877
2.21718
0.0349432
0.0463737
0.000436287
2.98064
0.37036
0.256706
0.0697706
4.0709
1.09235
1.74741
0.0482991
0.0679038
0.761526
0.0415463
0.104284
0.017896
0.0508838
0.0538191
2.64078
1.2894
0.102532
0.083738
0.973591
0.107909
0.646375
0.0539614
0.042035
0.00735681
0.0281198
0.0216123
0.0172175
0.016342
0.728407
0.0625027
0.10896
0.19055
0.023545
0.60817
0.028362
0.106381
0.138561
0.295268
0.606667
0.0147078
1.48523
0.0605672
0.0394444
0.0165209
0.0336346
2.3369
0.711278
0.0331516
0.564938
0.051893
2.8278
0.191867
0.891867
0.0337519
1.44399
3.23422
0.0616996
0.208018
0.874413
0.392643
0.0218189
0.085628
0.0103234
0.0529333
0.0191906
0.203858
0.041263
0.354443
0.921514
0.0125069
0.0400612
0.0473872
0.0787803
0.014584
0.0412708
0.17618
1.99303
0.0576424
0.218795
0.0315979
0.0154058
0.101705
1.32935
0.0155243
1.1893
0.103115
0.0742494
1.80901
0.0465805
2.177
0.0169348
0.979619
0.368277
0.0208469
0.043375
0.0564828
0.043639
0.00514654
0.429042
0.0273581
2.01617
0.0141037
0.0590726
0.56615
0.300358
0.108787
0.0469362
0.117924
0.312206
1.23185
0.426624
0.0208286
0.847575
0.0547182
0.0256501
0.0601858
0.201784
0.392221
0.0101499
0.0297034
0.80475
0.0626452
0.0174361
3.02131
0.0787961
0.984543
3.03029
0.0653723
0.0645005
0.238215
1.20489
0.00797149
0.20298
0.0332812
0.0147272
0.366804
0.0878814
0.221185
0.0475248
0.0471981
0.0443124
0.113107
0.0282864
0.0162147
0.0418717
0.0187541
0.757231
1.76509
0.0232129
0.59356
1.8783
0.0252023
1.2963
0.0416042
0.0437057
0.94219
3.20824
1.1515
1.45332
0.0169548
0.00124159
0.00268464
0.103688
0.0595172
0.0398209
0.367128
0.044309
0.0260304
0.237322
0.0445042
0.0201198
0.0982613
0.0277978
0.909156
0.89768
0.0360413
0.848151
0.308585
0.356171
0.0311361
0.0157584
0.321375
1.07045
0.0409076
0.0911911
0.381268
0.0150144
0.0443807
0.152054
0.0286581
0.0212211
0.19022
0.714226
0.0401387
0.0575002
0.0299171
3.07972
0.155465
0.0405395
0.0647447
0.653869
0.0136639
0.00861408
0.0157176
0.247928
3.31232
3.56221
0.1121
1.32745
3.4799
0.0296925
1.3389
0.0408624
0.0411226
1.383
0.828591
0.0141392
0.00829908
1.04286
0.329078
0.0220785
2.89375
0.213754
0.0402658
0.00500575
0.346873
0.0850741
1.2282
0.865486
0.651977
0.0170399
0.539098
0.0460315
0.338433
1.01497
0.133352
0.0303698
0.042278
0.0577842
0.0755122
0.0273108
1.36806
0.597043
0.480991
0.203754
0.163227
3.14422
0.265967
0.276045
0.036806
0.264114
0.699582
1.82406
0.0195154
0.21753
0.280621
0.0172539
1.20641
0.25268
0.0215175
0.0311514
0.577759
1.18076
0.0993321
1.19217
0.0227023
2.4631
0.0615136
1.19175
0.780669
0.445123
0.336738
2.84978
0.394585
3.62779
1.33651
0.211573
0.00498698
0.988082
0.347507
1.02376
0.00575899
0.0201617
0.0882019
0.0230701
0.0168174
4.06185
0.0445472
0.0158242
1.19796
0.0198637
3.55516
1.19731
1.18842
0.0162884
2.69844
0.631133
0.0580968
0.953115
0.356832
0.0309483
0.248993
0.0539975
1.91913
0.241124
0.0396414
0.027157
0.013118
1.1652
2.12008
0.0436475
0.6365
0.0280488
0.329927
0.272283
0.00516167
0.063309
0.0399993
0.875748
0.0380026
0.0493801
0.0744934
0.483498
0.217873
0.0159269
0.0276858
0.00680463
0.0595506
0.0489475
0.0203225
0.0425994
0.0585414
0.0870464
0.0179452
0.896392
0.0326864
0.409702
0.858407
0.0258524
0.0197137
1.11958
1.4492
0.0388106
0.0458714
0.000299578
0.0601821
1.03744
1.16764
3.91734
0.169985
0.258257
1.01788
0.0116007
1.87172
0.0211449
0.0611009
1.04741
0.0727632
1.22961
0.0428507
0.0773904
0.040681
1.39809
1.60798
0.00607218
0.0500776
0.0395792
0.0664293
0.901205
0.0166232
1.42666
1.74245
1.63214
0.0502834
0.0322574
0.301523
0.0558635
0.198678
1.69329
0.371395
1.18612
0.0226463
0.689732
0.0036405
0.912664
2.10907
1.04947
0.627549
0.802567
0.058444
0.0309961
0.630301
0.0128991
0.761559
0.0612216
1.65151
0.129583
0.0249019
1.38828
2.25241
3.93235
0.0168625
0.711154
1.34053
0.0581869
4.28059
1.53455
0.0438295
0.132376
0.222803
0.229685
0.12934
2.23348
1.19354
0.998977
3.1567
0.123315
0.195543
1.53652
0.0632171
0.417356
0.0380902
0.012808
0.952564
2.44914
0.0528857
0.0404121
2.08117
0.75648
0.0619903
0.055081
0.376892
0.931224
0.0149361
0.0411282
1.18865
0.0173914
0.028989
0.0714227
0.0832959
0.0461501
0.0694397
0.0575943
0.0711643
1.61935
3.88913e-05
0.0186741
0.0105815
1.3069
2.27957
0.122398
3.90072
1.13767
0.0288442
0.0393423
0.0227457
0.00850209
0.672402
1.19216
0.926932
0.0501712
0.0596326
0.0210425
0.0327178
0.721917
0.00811536
0.0309414
0.43816
2.46058
0.00503129
3.41415
1.72789
0.51724
0.0361885
2.85972
0.0388166
0.165792
2.01946
0.367237
0.0388803
0.00807473
0.0150218
0.158085
0.111744
0.0619647
1.14767
0.0159592
0.0598688
0.0597434
0.44546
2.95466
0.080761
0.529765
0.705611
0.204521
0.245707
0.0245903
0.982874
0.0425922
0.0292617
0.00776579
0.318184
0.0237257
0.0198354
0.464698
0.896786
1.75128
0.0512761
0.258706
0.279073
0.0624672
0.0668227
0.0780867
0.0170299
3.95031
0.0477336
0.0643724
0.0500989
1.30079
0.0306748
0.00378265
0.0566129
0.767583
0.0667598
0.0888479
0.0193406
0.00142537
0.0192125
0.00425398
0.00357286
0.747441
1.13821
0.0255915
2.219
0.0169655
0.10736
0.00849956
0.462223
0.725658
0.20262
0.605821
6.76884e-05
0.695048
0.754904
0.0115204
0.0903923
2.5996
3.9418
2.57632
3.75711
0.0305702
0.704683
0.678684
0.0746918
1.68801
0.0525336
0.0299015
0.473879
0.834408
0.0466297
0.397254
0.0470163
0.812422
0.00825255
0.0674774
2.15089
0.344841
0.00860826
0.336685
3.20913
0.618545
2.8135
2.30893e-06
0.054683
3.06844
0.018095
0.093214
0.101927
0.845351
0.0840735
0.0699928
3.05189
0.0573031
0.0172069
0.130345
0.0538319
0.850923
0.00361801
0.662485
0.0321626
0.113155
0.0124175
0.0144034
0.0534883
0.102413
0.0165701
0.00717109
1.09222
3.33449
0.0491285
0.00601757
0.284271
0.263244
0.0854443
0.0594984
0.0569032
1.01489
0.0115284
0.174523
0.0226644
3.59054
0.888917
0.209523
0.00852089
0.0131324
0.892917
0.0426038
0.0204192
1.15057
0.36822
1.29506
0.0685871
0.0330678
0.455334
0.097536
0.623902
0.00356816
0.0581455
0.526988
3.57042
2.37558
0.0463677
0.0736914
0.0241557
0.0462122
0.0492553
3.43208
0.334088
2.94774
3.40504
0.350738
0.0587085
3.12915
0.099716
0.100832
0.1885
0.0422139
0.00837782
0.199058
0.0655346
3.54551
0.016481
0.0351708
2.75286
0.0994498
0.0403403
0.0474818
0.0476404
0.290935
0.0134607
1.22385
0.0147891
1.25591
0.0513619
0.0209302
0.041677
1.14846
0.893399
0.0089604
1.3533
2.76508
0.0558076
0.287052
1.1799
0.380584
0.307496
3.21818
0.00978456
0.512084
1.05809
0.974048
0.0957584
1.31219
0.00398797
0.123817
0.0147751
1.54949
0.0138373
0.07471
1.19217
0.0252041
0.0420823
0.0180853
0.00324398
0.0918963
0.00979044
0.0446067
0.249043
0.0190961
0.406936
0.0519249
0.0383791
0.00327158
0.650338
1.38896
0.0532903
2.52741
0.0152059
3.01126
0.088057
0.0600211
1.47541
0.0617112
0.0284641
0.235185
0.0131714
0.0350174
0.0172875
0.020133
0.0164806
0.195348
0.372842
0.000694418
1.05831
0.215301
0.375999
0.0556405
0.00927214
1.26007
1.05277
0.0284409
0.0830712
0.256448
1.26796
0.0237773
1.36869
0.0197703
0.303342
0.811195
0.0222478
1.11362
0.0169228
0.389253
0.0307701
0.0487788
0.0436385
0.0298892
0.0702699
0.0593211
1.24804
0.117287
3.03169
0.0571492
0.0181692
2.02793
0.0352125
0.00197181
0.0917592
0.0230418
0.0642598
0.0012585
0.671482
0.742812
3.72654
0.0484122
0.371774
0.216599
0.0186841
0.0407943
0.0412496
1.69565
0.310993
0.110397
0.0382812
0.647812
0.0559327
4.08145
0.374421
0.0417544
0.0441999
0.0887482
2.61187
1.26367
0.615116
0.0435033
0.247411
0.0304839
3.97647
0.595667
0.0397126
0.0421438
0.408142
0.452719
2.79129
0.627242
0.0451191
0.361637
0.834937
1.34819
0.751364
0.0284154
1.17218
0.295717
0.0421357
2.95218
0.0322187
0.0305898
0.0247551
0.0180955
0.0914723
0.0224539
2.2854
3.40501
0.0192442
2.08333
0.109238
0.0179665
0.0167979
0.0746813
0.0534422
0.0367002
0.0587477
0.0437133
0.0507113
0.0560285
0.0342489
0.0408407
0.0196607
1.01684
0.396104
0.0316855
0.0148944
0.902783
0.01821
2.28442
5.12624
0.0580828
0.073603
3.11916
1.35467
0.0161458
1.36044
1.17007
3.30646
0.0316272
0.0804902
0.0436762
0.65273
0.0488629
0.0200075
5.68001
1.48704
2.61679
0.37718
0.0452201
0.00208336
0.0189123
0.215132
1.14042
0.356423
0.0145892
0.206072
0.0152807
0.120666
2.87267
0.463154
3.59269
0.00824962
1.14215
3.13085
0.769436
0.775874
0.0558639
0.0721625
0.058041
0.266258
0.0177314
0.0166944
1.12616
0.32346
0.725663
0.0539893
0.0132565
1.28208
0.192928
0.967582
0.287086
0.0587106
0.0728047
0.0612974
1.23076
0.044252
0.0156449
0.0794135
0.0408239
0.0216388
0.0622705
0.00969877
0.0560183
0.0333028
0.0449906
0.0339605
1.22329
0.028949
0.0343908
0.0817741
0.940015
0.0442275
0.0229861
0.0581472
0.0486726
0.187766
0.0492321
0.918654
2.21965
1.22284
0.0944339
0.00320776
0.0234895
0.231884
0.10542
2.05924
5.45155
0.0167695
0.638677
0.000937293
0.0167998
0.0096743
3.71038
2.0897
0.0290454
0.0570998
0.0378282
0.022011
4.57142e-05
1.61075
0.111579
0.42022
0.0587533
1.37622
0.0119249
0.0091802
1.24351
0.199487
0.0083845
0.68396
1.43098
0.0865387
0.0633869
0.0457759
0.846929
0.0314336
1.14677
0.011888
0.493364
0.998868
0.0597553
2.93151
1.97145
1.14744
1.63565
1.00771
0.0618599
1.71241
0.0415982
0.0460981
0.217966
0.85318
0.394286
0.040402
0.0424364
0.776792
0.423764
0.896266
0.0295995
1.21971
0.499091
0.043121
1.30471
0.0458791
0.318619
1.1713
0.246926
0.0301649
1.4846
0.349501
2.8626
0.0231665
0.00875418
0.0684775
0.0193187
0.905782
0.0312707
0.627806
0.0786444
0.331965
0.0289089
0.0534189
1.16461
0.143425
1.12849
0.0546802
3.72528
0.0130036
0.0178465
0.0574275
0.0402601
0.0232427
1.36714
2.79581
0.0328129
0.737877
0.0400791
0.000480325
0.0249144
0.0496627
1.0905
0.426178
0.0834232
0.0614018
0.0993511
0.0548865
3.50883
0.330858
0.0769115
0.0168322
0.431182
2.11906
0.0527676
0.0433679
0.988912
0.936361
0.109066
0.02159
0.997929
0.014908
0.0586161
0.0599039
0.0393161
0.141287
0.643956
0.616747
0.367428
0.698891
0.0553752
1.07045
0.325501
0.0157748
0.0510463
0.398559
4.85473
0.944481
0.4891
1.12637
0.0507081
0.0680987
0.219389
0.0603097
0.000967615
0.0214716
1.03953
0.334152
0.941202
0.0786734
0.362169
0.0426986
0.224665
0.0368022
1.1663
0.0415942
0.343811
1.01372
0.754801
0.442526
0.0173879
3.1327
0.0167931
0.0403206
0.0154119
0.451995
3.18466
0.996701
0.0268631
2.75827
0.983147
0.353052
0.0407813
0.708001
0.192022
0.424048
0.0566264
0.0119475
3.41763
0.710865
0.477452
0.0493757
0.0287399
0.148126
2.02894
0.0308604
0.0423863
0.0544021
0.0817782
2.17362
0.40527
0.0531319
0.0411824
0.0204795
0.101211
1.59543
0.0759179
0.0405744
0.102337
0.0122691
0.970263
0.521065
0.0235971
0.347698
1.6379
1.24193
0.345728
0.924059
1.20971
3.15092
0.025857
0.0427501
0.0509788
0.0134825
0.37474
2.97297
0.0490891
0.0766541
3.96247
0.616633
0.0568265
0.696706
0.684227
0.0272951
4.18445
0.0522191
0.0472943
0.0121374
1.09105
0.204444
0.265825
0.0422365
0.0471804
0.107105
0.0799666
0.0533765
0.229915
1.56404
1.69769
0.205126
0.34386
0.0436136
0.0228928
0.0206608
0.276082
0.162661
0.0781737
3.25914
0.0212515
0.14729
0.0404717
0.0431096
0.0458976
0.0404138
2.94295
0.285291
0.0548195
1.4727
0.0277184
0.582228
1.15932
0.00427351
0.00331454
3.59969
0.0117585
0.0126401
0.0507445
0.0972343
0.052141
0.0114338
1.32074
0.20281
0.0394348
0.0483563
0.040419
0.621276
1.0667
0.130853
0.0121863
0.0128208
0.0192451
0.056629
0.0438556
0.0540645
0.892334
0.389054
4.06665
0.708966
0.0446073
0.808125
0.846272
1.07675
0.417644
0.402648
0.356811
0.0437102
0.053706
0.515992
0.0405156
0.210927
0.0429239
0.0515788
0.0795337
0.56199
1.05361
0.173836
0.779402
0.434998
0.0515505
0.245134
0.0577338
0.0451111
0.187835
0.240233
0.379254
0.606421
0.0435096
0.726061
0.553059
0.781996
0.933478
0.300474
0.750922
0.738911
0.720201
0.761152
0.464962
0.491459
0.523242
0.507565
0.538285
0.389603
0.265536
0.99077
)
;

boundaryField
{
    back
    {
        type            empty;
    }
    front
    {
        type            empty;
    }
    outlet
    {
        type            zeroGradient;
    }
    circle
    {
        type            fixedValue;
        value           uniform 1e-12;
    }
    walls
    {
        type            fixedValue;
        value           uniform 1e-12;
    }
    inlet
    {
        type            fixedValue;
        value           uniform 1e-12;
    }
}


// ************************************************************************* //
