/*--------------------------------*- C++ -*----------------------------------*\
  =========                 |
  \\      /  F ield         | OpenFOAM: The Open Source CFD Toolbox
   \\    /   O peration     | Website:  https://openfoam.org
    \\  /    A nd           | Version:  10
     \\/     M anipulation  |
\*---------------------------------------------------------------------------*/
FoamFile
{
    format      ascii;
    class       volScalarField;
    location    "700";
    object      p;
}
// * * * * * * * * * * * * * * * * * * * * * * * * * * * * * * * * * * * * * //

dimensions      [0 2 -2 0 0 0 0];

internalField   nonuniform List<scalar> 
10435
(
0.0180138
0.77883
-7.23223
-2.63812
-3.45986
-6.37759
-7.01761
-8.16398
-10.2675
-7.5629
-0.116783
-7.09042
-7.79219
-1.06448
-0.902835
-8.90766
-1.27113
-7.93603
-13.0917
-0.0942402
-8.4947
-2.80935
-8.28167
-11.0637
-7.39961
-2.22601
-3.16618
-7.43125
-2.65884
-7.54942
-7.27974
-0.423485
-8.93743
-1.7774
-10.5849
0.953227
-10.515
-4.38831
-1.6123
-12.6645
-7.0689
-7.78636
-0.791819
-1.05566
-9.32074
-12.8886
-7.06295
-1.73554
-10.4697
-4.6097
-8.78763
-7.14517
-2.45255
-2.79676
-0.869021
-2.6325
-11.9482
-2.7452
-1.68001
-9.99394
-2.12192
0.974288
-2.33387
-5.40945
-8.92594
-7.57307
-1.74959
-2.21007
-7.80404
-10.0461
-1.94275
-3.01371
-0.16977
-8.03915
-0.83344
-0.281961
-6.62714
-6.37941
-7.5095
-0.874346
-6.45833
-0.569283
-2.08803
-2.22023
-7.53565
0.451466
0.361905
-0.633646
0.143584
0.337938
-1.27452
-1.90427
-0.786847
0.0252936
0.263017
0.765771
-3.25386
-0.34616
-1.03443
-3.4967
-1.23704
-3.16041
0.263555
-0.108939
-3.92642
-1.79179
-1.14108
-5.38547
-7.97181
-0.633614
-3.42616
-2.25737
-0.49163
-0.712088
-1.00547
-1.87124
-4.3942
0.569609
-0.278758
-5.20178
-4.68169
-0.00220796
0.602259
0.327863
-0.354463
-2.09708
-4.33908
0.0135324
-3.63824
-3.15188
0.335097
0.110551
-9.508
-0.969322
-2.48491
-0.383972
0.870052
-3.41314
0.201857
-1.14134
-0.555295
-9.57289
-1.5049
-6.15431
-3.61028
-0.480986
0.773028
-6.18408
-1.03485
-7.7071
-1.72183
-9.57291
0.0663243
-8.67103
-6.49566
-1.73718
-0.863125
0.520506
-7.13968
0.608045
-9.30108
-1.06185
-1.23386
-6.54838
-0.480016
-5.79583
-10.6012
-5.53161
-10.9177
-7.47115
-7.34524
-0.929438
-3.89841
-0.35096
-8.20178
0.904961
1.00695
-1.65232
-2.47323
-1.94948
0.366093
-5.8946
-8.28694
-2.33756
-8.81346
-0.71858
-1.03758
-7.06947
-4.41526
-6.73112
-6.98233
-1.75416
-1.63389
1.03066
-1.55112
-7.31344
-0.69182
0.241471
-1.54172
-9.69312
0.363746
-1.10194
-7.59587
-2.22443
-7.54667
-2.29985
-0.907182
-4.58976
-2.5874
-4.7897
-1.03414
-8.17362
-6.1718
-7.54635
-2.16169
-0.891642
-0.49499
-1.20499
-6.06103
-1.17186
-1.96177
-1.99845
-1.57199
0.0824835
-2.24711
-10.2347
-5.50412
0.0568709
-8.08668
-0.350709
-1.74494
-9.46873
-5.50162
-9.28198
-3.00907
-1.28602
-10.0182
-3.54005
-10.546
-7.51779
-0.492947
-1.92283
-1.23502
-2.61669
-2.95155
-9.04631
0.585849
-6.47524
-7.00417
1.00261
-6.97042
-0.308135
-7.54437
-5.89983
-5.337
-3.56663
-9.18337
-5.03812
-1.87081
-2.17063
-5.60823
-7.38772
-3.08847
-10.9343
-0.0475252
-1.16391
-0.061691
-8.26819
-1.41592
-3.24601
-5.95201
-5.25518
-4.94782
-7.90442
-7.01671
-5.82196
-1.57648
-2.51043
-8.34238
-5.18956
-7.22764
-1.40039
-6.07675
-0.816587
-0.00983659
-1.13145
-4.98157
-5.26681
-2.01708
-2.37642
0.532269
0.335062
-2.6979
-4.76456
-4.93312
-8.12751
-0.688951
0.0559542
-1.58467
-7.84614
-1.83569
-8.90809
-6.36482
-9.73305
-1.12979
-0.756105
-0.805692
-8.96322
-7.66103
-1.93134
-1.82425
-2.8263
1.03801
-5.37808
-12.9493
-9.13451
-1.21721
-7.35434
-1.92805
-6.12746
-4.78872
-3.82597
0.102434
-1.36432
-4.99324
-7.56326
-8.40965
-6.78879
-1.60688
-2.9029
-10.9408
-2.28328
-1.89655
-6.80345
-8.74224
-2.56814
-2.14986
-3.51735
-1.29522
-3.30802
-9.41948
-1.79208
-1.77422
-7.16274
-11.2089
-2.97731
-2.36138
-0.525869
-1.09483
-7.38448
-1.58775
-7.53628
-6.59113
-7.1604
-5.73277
-6.93547
-7.69628
-8.16099
-2.67042
-1.82683
-3.96213
-1.74756
-2.46907
-1.96689
-3.94478
-9.70458
-2.80596
-8.18856
-1.92236
-8.81427
-1.90446
-10.2006
-7.92141
-7.64077
-0.977825
-8.29568
-4.09444
-3.81027
-1.90285
-2.19698
-10.153
-4.14824
-7.25862
-2.0451
-6.4111
-5.2211
-7.44566
-7.64382
-6.51108
-7.1647
-10.1987
0.193754
-1.39217
-2.35504
-1.20138
-6.72169
-2.14031
-7.79427
-10.0769
-2.66088
-13.4342
-1.4002
-2.22818
-7.06796
-4.84777
-6.77071
-8.22352
-1.01355
-2.07126
-7.29376
-14.6241
-7.95455
-1.9316
-2.87059
-2.41183
-1.67045
-2.17696
-7.36309
-5.70136
-3.42817
-2.71616
-0.956935
-7.89721
-0.769086
-0.614808
-9.87002
-1.43288
143.181
37.7562
65.4075
44.6265
45.3411
35.5799
31.2205
26.4226
17.1078
124.393
36.3121
54.7092
38.8602
38.9045
31.8042
28.0943
24.231
20.1454
101.006
31.0693
44.5649
33.1852
32.8075
27.9103
25.106
21.8557
18.5056
79.1424
22.6701
33.954
26.8203
26.6764
23.4838
21.457
19.0339
16.3057
58.8022
14.1824
23.9154
20.2978
20.5336
18.7544
17.5483
16.0832
14.0088
39.4824
7.95943
15.1891
14.2743
14.7676
14.0347
13.4565
12.642
11.4922
21.9174
5.65143
8.36493
9.21334
9.72659
9.70414
9.586
9.29105
8.82415
7.3172
5.3653
3.30282
5.20681
5.60339
6.02009
6.20527
6.29579
5.50176
-3.819
3.8713
-0.605866
2.10909
2.45439
3.13203
3.50072
3.74998
3.78476
-11.3634
1.1507
-3.35797
-0.0932591
0.283564
1.09482
1.57685
1.96169
2.16141
-16.1926
-1.46697
-4.82411
-1.39463
-0.985258
-0.166647
0.339703
0.754036
1.20503
-17.779
-2.07827
-4.8517
-1.84342
-1.50472
-0.801661
-0.360896
-0.0275251
0.772685
-15.3903
-0.839971
-3.64736
-1.65159
-1.50071
-0.989344
-0.646104
-0.31795
0.0525752
-12.2132
0.494156
-2.28324
-1.25521
-1.27246
-0.944756
-0.687428
-0.379391
-0.198587
-9.84868
1.12388
-1.27697
-0.92231
-1.02724
-0.835393
-0.643666
-0.392988
-0.168883
-7.56757
1.16227
-0.68571
-0.741102
-0.857784
-0.744184
-0.591159
-0.388764
-0.135807
-5.97503
0.556369
-0.531131
-0.730233
-0.790023
-0.700271
-0.56075
-0.392912
-0.0504044
-5.32825
-0.590523
-0.779684
-0.856295
-0.807124
-0.6986
-0.552173
-0.385861
-0.0963431
-4.82456
-1.57079
-1.07665
-1.00126
-0.858104
-0.724806
-0.575909
-0.414329
-0.218137
-4.17433
-1.98874
-1.26479
-1.09968
-0.905539
-0.751958
-0.597456
-0.430632
-0.229579
-3.7942
-2.05302
-1.38119
-1.15581
-0.947655
-0.785173
-0.633904
-0.467262
-0.3315
-3.79193
-1.88571
-1.46339
-1.18769
-0.99106
-0.827206
-0.679755
-0.506971
-0.519488
-4.19975
-1.44989
-1.49537
-1.18578
-1.01703
-0.862733
-0.723441
-0.562764
-0.617552
-4.7409
-0.954213
-1.65749
-1.33349
-1.17487
-1.0102
-0.833081
-0.637209
-0.720039
-4.63062
-0.122087
-1.13076
-0.871631
-0.795251
-0.788373
-0.688862
-0.520789
-1.43891
8.69624
8.31307
8.17438
8.39228
8.74396
9.2601
9.92312
10.7399
11.7566
13.0079
14.4748
16.124
17.9219
19.8209
21.7671
23.6934
25.5474
27.2633
28.7896
30.0903
31.1982
32.3627
33.3749
33.4657
33.0941
33.3328
34.3339
35.6372
36.765
37.978
39.4485
40.6558
41.3485
41.7683
42.0928
42.3338
42.5251
42.7801
43.174
43.8585
45.0797
46.9021
49.2027
52.0732
55.7334
60.2968
65.7723
71.958
78.7183
86.029
93.8046
101.961
110.394
118.717
126.477
133.364
138.928
143.274
147.688
0.656324
-0.0771934
-0.717364
-1.30526
-1.87368
-2.45006
-3.03729
-3.59338
-4.0815
-4.50304
-4.84938
-5.1032
-5.33315
-5.58575
-5.76053
-5.77906
-5.64819
-5.36087
-4.90848
-4.27994
-3.45783
-2.40664
-1.14781
0.26017
1.45121
2.04587
2.00683
1.28015
0.316876
-0.442246
-0.989894
-1.37723
-1.67719
-1.91246
-2.07837
-2.17246
-2.17646
-2.0591
-1.78668
-1.33253
-0.66539
0.253477
1.20784
1.93829
2.42516
2.67055
2.7599
2.94073
3.42246
4.25335
5.162
5.91439
6.76984
7.77614
9.35929
12.2203
15.947
20.1743
25.8698
3.40064
3.32623
3.23388
3.23223
3.29191
3.4097
3.58446
3.81495
4.09793
4.42941
4.80716
5.2264
5.68228
6.18449
6.74625
7.36222
8.02596
8.73078
9.4708
10.2379
11.0252
11.8211
12.593
13.2733
13.8079
14.221
14.5243
14.6877
14.7227
14.7424
14.7773
14.8237
14.8725
14.9396
15.0443
15.2044
15.4422
15.7823
16.2524
16.8765
17.6839
18.6951
19.9242
21.3879
23.135
25.194
27.694
30.8101
34.5654
38.8935
43.6937
48.5053
53.008
57.3055
61.432
65.1985
68.4616
71.4719
73.1613
0.609417
0.284751
0.0148478
-0.194402
-0.362056
-0.487932
-0.572915
-0.616598
-0.618475
-0.578533
-0.496526
-0.372774
-0.209608
-0.00767874
0.238124
0.5325
0.878576
1.27749
1.72855
2.22713
2.76513
3.3285
3.89516
4.43262
4.90001
5.26448
5.50753
5.62633
5.64178
5.58951
5.49091
5.35882
5.20156
5.02794
4.84566
4.66391
4.49176
4.34005
4.22212
4.15209
4.14847
4.2317
4.42922
4.77546
5.32562
6.13655
7.27428
8.80673
10.7755
13.1474
16.0431
19.5258
23.3546
27.2389
31.0136
34.5509
37.6206
40.2319
42.8554
1.81031
1.72049
1.63054
1.60472
1.62289
1.68232
1.78104
1.91657
2.08611
2.28648
2.51531
2.77011
3.04863
3.3498
3.67252
4.01589
4.37899
4.75942
5.15544
5.56283
5.97612
6.38688
6.78409
7.15484
7.48462
7.76459
7.98786
8.15326
8.26471
8.33235
8.36643
8.37356
8.36358
8.34648
8.33065
8.32943
8.35418
8.41558
8.53449
8.72843
9.02172
9.44147
10.024
10.8083
11.845
13.1783
14.8566
16.9071
19.3362
22.0984
25.208
28.6259
32.1813
35.6225
38.8588
41.8576
44.3725
46.5614
48.1696
0.842998
0.676925
0.543599
0.459169
0.41006
0.396033
0.416749
0.471017
0.557931
0.675927
0.825002
1.00393
1.2122
1.44894
1.71308
2.00339
2.31841
2.65309
3.00759
3.37694
3.75588
4.13433
4.50181
4.84939
5.15847
5.42519
5.6368
5.79467
5.89661
5.945
5.94724
5.89993
5.81464
5.70091
5.55544
5.39844
5.2315
5.05058
4.88937
4.7596
4.68458
4.69207
4.81663
5.09936
5.59157
6.33044
7.37062
8.74127
10.4784
12.5786
14.9159
17.4137
20.1655
23.0789
25.9446
28.6117
31.0226
33.3018
35.2943
1.18751
1.11318
1.05432
1.03862
1.05375
1.09864
1.1713
1.2713
1.39655
1.5437
1.7127
1.90133
2.11005
2.33668
2.57934
2.83786
3.11481
3.3957
3.69108
3.99236
4.3019
4.60625
4.89956
5.18717
5.43349
5.66012
5.83871
5.9862
6.09226
6.15339
6.18836
6.16548
6.11235
6.04833
5.93772
5.8411
5.74575
5.61041
5.53173
5.48705
5.50229
5.60111
5.80903
6.16149
6.71677
7.46607
8.48859
9.77547
11.3606
13.2371
15.3779
17.7342
20.2215
22.7212
25.1212
27.3125
29.1976
30.8309
32.0772
1.00661
0.906771
0.833473
0.7995
0.787426
0.807663
0.84607
0.923222
1.02081
1.11752
1.25927
1.4152
1.59979
1.81212
2.03788
2.29627
2.57684
2.80268
3.07529
3.36626
3.68781
3.99101
4.27153
4.58666
4.79668
5.02654
5.17004
5.31148
5.41069
5.46469
5.51679
5.44229
5.34705
5.27806
5.05425
4.94326
4.86628
4.4815
4.2259
3.98219
3.7781
3.62669
3.54366
3.56827
3.90799
4.22942
4.93328
5.70722
6.65531
7.93119
9.57238
11.5415
13.5838
15.7267
17.9532
20.1407
22.1119
24.0561
25.6655
1.10536
1.09982
1.08435
1.11314
1.14956
1.21702
1.28568
1.35253
1.46643
1.65048
1.71936
1.88001
2.08396
2.24346
2.48496
2.59603
2.87424
3.12288
3.37351
3.57681
3.85012
4.07108
4.30043
4.58823
4.72704
4.94651
5.03155
5.15243
5.2984
5.17449
5.36356
5.23645
5.04024
4.9988
4.70284
4.61975
4.276
3.8138
3.81365
3.56345
3.37302
3.31207
3.1644
3.19188
3.43293
3.61576
4.08666
4.57475
5.77432
7.02149
8.38322
9.92048
11.6147
13.8162
15.8098
17.5632
19.2401
19.1733
19.9204
-8.1859
-8.02678
-7.4724
-6.72969
-5.97084
-5.35249
-4.84064
-4.2349
-3.56418
-3.03964
-2.60936
-2.1105
-1.65425
-1.24347
-0.684447
-0.0382154
0.554745
1.16267
1.83984
2.59479
3.41779
4.24969
5.12182
6.39229
7.84184
-1.0878
-1.0574
-1.31182
-1.42569
-1.25573
-0.94718
-0.615524
-0.231214
0.12781
0.22606
0.032527
-0.282002
-0.595872
-0.789451
-0.699909
-0.340865
0.0860326
0.441099
0.622456
0.605139
0.600139
0.773315
1.10728
1.6976
1.97445
-2.44777
-2.42399
-2.2941
-2.10398
-1.80893
-1.47718
-1.15316
-0.845604
-0.593082
-0.486506
-0.515328
-0.603162
-0.695119
-0.732991
-0.640668
-0.42553
-0.15224
0.14009
0.424379
0.691026
0.986547
1.34466
1.77128
2.29255
3.01667
-1.88162
-1.8696
-1.72851
-1.58206
-1.38825
-1.17415
-0.959273
-0.759057
-0.593717
-0.492557
-0.452266
-0.442871
-0.434547
-0.39867
-0.308506
-0.166756
0.00169005
0.174378
0.334625
0.476832
0.614408
0.754587
0.88581
0.968909
1.09335
-1.80202
-1.77602
-1.63033
-1.48748
-1.31388
-1.1331
-0.953717
-0.790043
-0.652219
-0.551348
-0.485329
-0.437598
-0.390187
-0.328239
-0.237929
-0.119363
0.0176566
0.163088
0.309961
0.456149
0.609593
0.77858
0.973742
1.19172
1.56934
-1.67279
-1.61748
-1.47022
-1.34394
-1.19319
-1.04418
-0.893877
-0.757656
-0.638521
-0.539953
-0.463347
-0.39742
-0.329661
-0.255149
-0.165168
-0.0606408
0.0532027
0.170356
0.285877
0.396509
0.505177
0.611463
0.71719
0.805021
0.976052
-1.48874
-1.51979
-1.35833
-1.25102
-1.11402
-0.987793
-0.853712
-0.734614
-0.626689
-0.528742
-0.449644
-0.377177
-0.298773
-0.218591
-0.127366
-0.0269262
0.0794051
0.188657
0.297805
0.402907
0.510106
0.618385
0.742103
0.869271
1.09775
-1.29612
-1.43102
-1.25518
-1.1723
-1.04046
-0.930028
-0.800245
-0.69487
-0.600378
-0.503678
-0.429509
-0.358518
-0.26849
-0.183125
-0.089851
0.010526
0.114282
0.219705
0.324231
0.423134
0.529001
0.635041
0.750683
0.867579
1.04733
-1.33954
-1.40518
-1.14958
-1.09384
-0.979759
-0.91461
-0.799995
-0.712506
-0.58896
-0.491069
-0.407527
-0.347429
-0.271168
-0.194467
-0.0909178
0.00797131
0.112112
0.220564
0.352336
0.46007
0.561236
0.67658
0.775691
0.823022
0.937205
-7.42378
-7.57446
5.86863
5.69961
0.255475
0.0695349
-4.69176
0.881103
5.69703
7.26784
-8.64624
0.688005
-21.3482
-1.32169
-11.5373
1.59739
3.34064
5.53745
1.70277
-33.3697
-32.0706
2.44342
-3.28369
2.92385
0.678498
1.57945
0.627262
-0.945591
-9.94866
0.431755
11.7235
1.98975
-6.25193
-18.994
-0.361687
0.659686
-2.29308
-10.3313
-5.38174
3.74338
-10.4522
2.3308
1.99114
-0.956344
0.67253
2.75979
-9.60771
-8.66746
-10.2747
-8.69893
-9.50299
-10.474
-27.429
5.46565
-4.49889
5.69699
-1.34948
-30.4434
-0.784798
-8.19779
0.80652
6.02946
0.244754
1.92247
0.827705
-1.04143
1.27075
2.80766
-14.0753
-9.39552
5.5275
2.80903
0.259475
-32.6664
-0.101397
-34.2699
-31.839
-9.81334
-1.12834
5.38189
-17.1719
0.783621
1.24455
-7.46717
0.497345
0.84559
0.338727
-9.92352
-7.11052
1.01824
1.97332
-0.344555
2.14517
0.782773
0.151998
-8.30956
1.53897
-9.03869
2.28286
-8.28657
-0.525226
-10.7044
-0.584578
2.08466
-0.631245
-0.398207
-3.0798
-21.0413
1.41967
1.28557
2.0003
1.10486
-0.171115
1.79804
-28.8046
-10.2377
-10.748
4.53312
-23.468
1.34677
1.70892
0.998233
3.1371
0.834444
-5.90633
2.00179
-10.6206
-33.4385
-1.54199
-8.90786
1.29018
-32.7003
-9.44803
-10.7987
-1.04734
0.302994
0.842193
-0.422022
0.970917
-33.0732
0.240632
-5.15085
-8.56703
1.74622
-10.214
1.33997
5.629
-32.5411
0.870055
-0.388786
-2.71091
-1.98905
5.57005
-18.1217
0.523629
-8.42915
-0.126031
3.76389
-29.8257
3.3368
2.06007
5.6013
1.32492
-8.99933
1.84636
-7.327
-1.40067
0.325991
2.53714
-0.209509
-1.29453
2.08288
2.7289
-7.66676
0.244865
-0.79416
-25.4373
-9.51141
-9.43181
2.66301
-17.8007
2.23946
-24.3946
-17.6728
-0.606921
2.65651
-7.79579
1.3617
-8.58033
1.10435
-8.56816
-8.67107
3.5692
-3.77174
-14.1018
-8.04207
-0.0582753
2.36561
-10.2701
-9.03299
-14.4287
2.53301
0.947768
0.957642
-2.65227
3.65815
2.9473
-0.54762
-9.95278
3.72707
-0.662362
0.868837
-17.7993
-2.75658
-2.468
-8.96275
-0.107499
2.8375
5.12688
0.165602
-0.765079
2.36762
0.654662
6.02538
4.23479
-10.8056
1.84287
3.33738
1.41383
0.225357
-8.12128
0.747466
2.13673
1.42284
-5.86576
5.1564
-29.225
-0.938985
-19.0212
-16.1773
11.2651
0.763062
2.15164
-0.900421
0.212756
0.582521
1.94173
-0.389631
1.48428
2.31737
1.44372
-0.805913
3.80214
-10.1878
1.7907
-0.0325514
-0.244451
-31.5096
-29.7239
8.33233
2.02672
-1.57973
1.05573
0.37371
-32.5507
0.961843
3.46348
5.75086
-5.64413
0.373556
-29.8141
3.74949
2.181
2.83764
2.15345
5.73822
2.0571
5.57879
-1.41658
-9.94251
-0.912838
-2.52443
3.16829
2.10934
-9.27833
1.10331
-0.543519
4.57973
-8.15315
-8.48433
-8.75147
1.54566
2.12924
-8.93822
-13.2152
-8.91833
-3.24574
0.671216
3.26667
-9.11765
-9.42973
1.95346
3.60254
0.985427
-0.682603
2.5288
-33.4542
2.51417
-33.1991
0.926719
2.21698
0.474235
-8.62922
-1.51046
2.17315
-1.9438
-9.67038
3.59657
0.737558
-12.9501
-30.3011
1.45668
3.59454
11.6787
0.561506
0.989382
-10.8294
-24.8565
1.59894
-29.9038
1.66089
-14.4125
-0.791855
6.36099
-10.3752
0.798209
0.941268
1.26572
1.25784
2.49137
0.87329
0.569385
-8.84049
-1.8117
-32.503
-0.12017
-0.214853
2.26571
0.309591
-8.70482
3.14363
2.42217
1.90662
-30.0905
-8.8262
4.16353
-9.17956
-1.2669
2.06621
-7.55791
-9.92663
-3.00282
2.73186
-10.9217
2.39168
0.180509
2.06936
-10.0739
0.947608
-8.16181
1.98088
-19.2255
-9.53866
3.80447
-17.7006
1.20659
1.18441
1.91759
3.33167
5.92577
-2.81976
1.38019
-5.02623
-1.23594
-0.921531
-12.5132
1.96258
-33.3292
-8.29092
-8.39038
-3.70771
3.65611
0.00564275
0.83343
-17.0584
7.56988
2.18787
-4.52
3.66698
-9.85347
0.765545
2.15074
0.448574
-8.00528
0.451347
2.68785
-4.99214
0.059954
-1.16164
4.94758
3.22806
0.847887
-9.01536
0.850752
1.56622
3.66126
-10.2258
-8.38881
3.61755
0.876765
1.71367
3.11362
1.09132
-0.672166
2.90347
-9.64815
1.28978
3.49985
3.25984
2.02626
0.705161
-0.0727983
-0.128836
-1.04905
-6.13057
2.21773
1.36874
2.10857
2.23234
3.48843
3.19066
-16.6748
-8.5186
-1.41017
-19.1959
6.25521
-0.897942
4.72871
-0.772666
-1.16572
3.90619
2.10632
1.23421
-9.22323
1.21313
-9.3728
-7.22763
1.00274
2.03297
-32.7627
1.30992
-1.68487
3.08549
-16.9822
-9.69927
0.454074
-0.372849
6.12776
3.01134
-7.12278
-1.06013
0.320714
-2.44706
3.58636
0.899701
-22.7521
-0.0307808
0.0103244
-32.3808
-31.5829
-2.6726
-6.35945
2.52459
0.586285
-8.06043
0.362647
0.694392
3.58344
-1.69923
1.9283
-19.1376
1.61464
1.09872
1.14393
0.874332
-0.475328
-16.0814
0.811867
2.83476
-8.72177
1.99293
-7.48945
0.993817
-0.919167
-26.7787
-18.6254
1.20324
1.13819
-5.01441
1.7217
2.20648
-12.6458
0.811291
0.145314
2.66544
-10.0743
-0.921271
-10.0463
1.15202
-3.37904
0.295644
-8.77338
-33.3245
6.1562
-17.1776
3.779
-9.74975
-9.33832
3.2335
3.09755
-0.656746
1.39682
5.81191
5.16388
1.27693
-1.55248
1.57065
-9.47151
-10.1366
1.53262
-13.7572
1.63296
1.70221
-4.01285
1.91738
6.11094
1.29441
-0.809024
0.823857
5.42279
-5.2222
-7.02522
-1.54751
-10.0003
-9.99265
-9.57653
0.568293
0.849726
-13.6937
-10.01
0.0551853
-13.3665
1.4115
-21.953
0.0992137
6.97234
-3.20185
-0.914565
2.11648
1.59828
-8.79268
4.4668
-10.5524
-0.393871
0.061942
0.556168
-8.77176
-9.83131
-0.787982
1.897
-32.6489
-29.3484
2.30293
0.436538
1.07766
-3.85574
2.2944
0.0721746
-5.91439
3.67792
0.00831631
0.417359
2.10545
-22.3661
1.59513
-0.933642
-21.9255
-10.0934
0.299772
2.2428
-8.83233
-0.944161
2.42954
3.72531
-33.2466
1.86285
1.00708
4.85321
4.53857
2.10504
2.16976
-4.1888
0.66004
2.48851
-0.557433
-27.1129
3.22428
-0.157591
6.18233
2.37519
0.468561
1.25495
-0.289967
-2.13167
0.0697955
-8.34092
-7.72807
-0.939051
-2.92767
-0.319985
0.158669
0.207586
2.58203
1.45364
1.37664
-26.8485
1.54195
0.818213
-1.93333
-24.2151
-3.33432
-1.20127
-1.06438
2.17232
0.224768
2.69227
1.98007
-1.14996
-8.45689
-21.1473
-29.9023
2.79604
5.59698
1.86238
3.96772
5.23977
-8.74312
19.0787
-33.5828
2.3485
-9.81356
5.19559
-9.18263
1.79439
0.310099
1.02356
-5.0172
4.65535
-0.991264
-28.816
0.00103284
3.23142
0.601508
-9.28745
2.46416
1.4352
-11.333
0.681922
2.20888
5.56148
2.23729
-24.6472
3.5709
1.27774
3.42737
-1.19066
1.94656
-10.0268
-4.06244
1.82977
-5.43936
3.54866
-7.24068
1.17141
1.39537
2.2837
1.57606
-4.57361
1.43517
2.20374
-0.742817
2.95449
1.74806
2.89872
3.57582
-8.05097
-19.2929
-2.43737
-9.17333
-8.09647
-2.11872
-0.683749
5.09031
-0.0528805
0.430921
2.68633
1.36126
-1.72085
1.42587
0.718442
-14.9209
-2.30808
6.53634
-0.296329
2.18331
0.418083
0.679683
-2.24294
-19.5575
-5.12443
1.40815
-9.57376
-4.38406
-9.63297
-33.5252
-9.29483
-8.62366
5.84297
2.83383
1.35468
2.46508
3.43786
1.19717
-17.4516
-8.17496
-1.69758
-30.7687
-1.14139
3.16381
0.777737
0.91244
-7.5245
6.11159
0.809436
-4.80015
-20.7374
-23.5539
-9.93392
2.69043
2.61444
-0.0243858
2.52679
-8.30167
-1.9452
-2.98841
-19.9838
-0.175511
-23.3159
1.46206
2.73619
-0.701297
-0.0213985
-0.396271
3.37133
1.84756
1.27948
1.01304
1.41549
2.02164
1.11122
2.02476
3.76937
-9.52302
-7.51239
2.26948
2.77162
1.94868
-32.8802
0.532187
3.64121
0.644901
-30.885
-2.46426
2.56409
0.41374
-9.08742
6.05904
-31.6923
1.15285
-31.9518
-17.1812
-25.5917
6.24731
-11.7521
-1.48989
-0.0195075
-4.00526
2.25743
0.741249
1.17003
-7.62798
5.85565
2.01031
0.509679
-8.91404
0.251879
6.05564
3.43046
2.97293
2.11238
5.42475
-9.07056
-6.06861
2.23129
3.25043
2.55129
-32.2806
-6.18056
2.20411
0.527803
-0.438776
-29.8495
3.44384
0.725435
-7.47555
2.03362
1.10497
6.23071
1.26873
-24.7242
1.14793
-30.8659
3.46823
0.987931
-15.651
2.60356
-0.206483
2.37082
-0.777451
-28.5072
-10.1188
2.69736
3.42853
0.964587
-12.8181
-32.8984
5.92498
1.40846
-20.944
-10.1404
1.34397
-0.438685
-0.558611
-8.36132
3.80328
-32.108
1.65109
1.35489
-20.0672
1.30013
6.16601
5.82686
-33.387
-9.24066
-8.22052
-8.11207
1.59054
-3.07279
-12.4395
0.263567
-4.544
0.633466
-0.560929
-32.825
1.05336
-0.065229
-33.0401
6.14009
3.22135
3.01037
-6.72653
-1.52104
1.33615
-24.4431
-9.22622
-10.6404
-1.17315
1.30646
-8.78781
-1.96792
-14.7919
-25.3961
-7.56044
-2.11105
2.61616
-3.36232
-9.5932
3.00041
3.43671
-2.05012
3.79787
1.75713
-2.83183
-6.23946
1.82923
-0.366257
0.126142
-8.89467
-5.24786
-9.69303
-10.4408
4.01361
-0.979381
-3.16466
0.834155
-8.28508
-25.9778
2.65024
0.937525
1.00926
2.77973
-31.8143
-7.15558
1.06745
-9.28906
-0.0251743
-29.0703
-0.329342
0.630321
0.915776
4.98561
-9.90193
-1.06915
-28.7952
1.69127
1.81921
-7.97413
4.36677
-7.29653
-11.8376
1.64551
1.10456
3.18368
-7.25854
1.24563
2.60134
0.77584
0.861313
1.06232
-0.617929
-29.1561
-5.47283
-0.431624
1.21546
2.84069
2.31757
-0.494038
2.18763
-28.6704
2.52868
1.19513
-9.33523
-33.0433
4.7828
1.42448
1.87536
-3.16857
3.01128
-10.3464
0.0853044
-0.514112
0.238253
1.26147
1.26477
-2.09727
0.218257
-10.0941
5.44738
3.46691
2.46706
-5.39022
-5.38019
-10.6736
0.724306
-31.3037
1.75968
2.64028
1.48784
-9.27684
-18.2841
2.8345
2.177
3.44167
-8.74435
1.13092
-9.96771
0.320802
0.571323
2.81692
-2.90098
-9.17712
1.33519
-0.255568
-32.777
3.02834
-1.40656
0.85268
2.44892
1.26946
-9.07657
1.87592
1.31815
-23.313
-0.703666
-8.21486
2.80286
-2.38633
2.05073
3.95396
2.65818
-0.450791
-5.85861
3.92323
-1.25265
3.08704
0.766918
-3.54726
-9.22037
1.58873
0.0856453
1.07514
2.50578
3.56318
3.43031
-8.7351
5.49037
-33.2636
1.64988
-8.79683
0.384687
-0.725035
-32.7254
1.3468
-9.25597
-3.57592
-8.32218
0.915558
1.04859
-0.637933
-9.78548
2.74266
6.0597
2.70304
1.16411
2.19029
-0.892031
3.45512
-0.280991
5.29925
12.1915
3.68845
-8.95818
5.02745
-7.67011
3.81765
2.10279
2.52023
6.19664
-23.3874
3.3809
-32.725
-24.4349
0.523488
2.52169
-10.1653
-8.92898
2.8413
3.40578
2.87681
3.43681
5.21968
-0.663142
-9.60403
1.5438
2.72334
-21.0606
0.860936
-2.6153
-10.1261
2.33801
0.394777
2.54525
-0.83016
-22.1523
6.12782
-31.7259
-2.01998
-0.637269
8.35259
-10.7178
-10.8507
2.01342
3.93186
-30.7394
3.2414
-0.549718
0.19763
-9.31843
3.52579
3.92064
3.22751
-1.02476
-8.11017
0.260222
3.27405
-7.43569
-9.33598
2.7289
2.24092
-0.159729
3.92604
2.09474
-24.9105
0.795614
-27.2522
0.879213
0.642682
0.674036
-24.8932
2.06279
-7.20143
2.26391
1.92619
-7.48983
-13.3994
5.94763
1.76763
-10.8817
-24.8204
1.17359
3.33324
1.0802
-0.556759
2.0585
0.781588
1.26071
3.95978
-0.374541
-0.781914
-9.80966
-0.508031
1.24372
2.32753
-8.46145
2.78456
-8.13176
-8.83807
-0.372408
2.21455
1.30568
2.65877
1.11545
-30.4054
6.1091
1.24933
1.01254
2.69496
-22.9894
-10.794
1.69493
1.25814
-0.258866
2.71649
0.454063
-0.903347
3.83362
-0.436197
-1.53844
-9.80036
1.86348
2.13131
4.88196
1.15539
0.614357
2.46703
5.87219
1.34738
3.30813
-16.4418
1.58274
6.23732
-9.62464
0.443537
-3.09614
-7.80814
2.27033
0.98961
1.35645
-12.5343
1.81081
-22.2966
1.00706
-8.80274
-8.28511
-33.2901
-9.86101
3.55981
0.797657
-32.5854
-30.0883
-0.194016
2.4011
3.479
-4.97565
1.00824
2.17913
3.23395
3.19433
-3.71042
3.37086
0.0202076
2.85647
-9.73955
-32.8447
7.19296
4.03367
7.71569
2.13783
0.987094
0.457684
3.67895
-0.500119
-6.14432
-33.2381
2.5478
-30.7503
-9.42431
-33.0648
-9.1385
-1.55171
-15.9495
-10.602
-8.67939
2.70532
-9.74626
2.80139
5.51948
4.64346
-1.62543
-18.1259
-17.5806
-9.55629
-18.1316
-0.702277
1.96564
-4.91015
-9.70738
4.07631
-10.9013
2.63098
-33.1182
0.525657
-9.75355
-2.71106
-0.62403
1.10489
-33.1734
1.07245
-2.15794
-33.0182
2.29379
-10.4451
1.5409
1.84698
-9.1646
-4.83478
1.19332
-24.8754
-12.7307
4.29611
-24.244
4.16436
-0.476143
-0.822113
-0.36566
-8.5357
-19.6481
2.83511
-9.57535
-3.0677
-29.3957
4.06068
0.753966
2.08329
-30.0326
-3.03806
-25.3707
1.87138
-8.91308
0.242391
-23.9128
-10.7784
-2.42994
3.01413
-16.8344
2.37331
1.66864
2.4242
-29.239
-9.73865
0.818705
-9.21285
1.76289
1.06389
-5.58441
1.89643
0.857286
-19.9568
2.05179
2.4163
4.07274
1.037
2.21057
3.69228
-6.96098
-9.79628
0.986829
3.55295
1.63342
-17.2953
-9.82102
0.849362
-1.64498
-0.575427
-10.2085
-1.69953
-2.36077
-16.545
0.622528
-24.0912
-10.8437
0.754994
0.665832
3.43809
4.17527
0.59392
1.82024
-0.260057
-0.889657
-9.85998
1.97324
-10.4983
0.661761
-9.55725
2.18187
-18.6345
-2.36868
-32.5373
-9.94343
-0.264666
-1.64943
2.12174
2.17531
1.91005
-9.72061
-9.38678
0.652396
2.29336
2.39706
2.53726
0.870703
1.57279
-8.08496
-8.88832
-32.6184
-10.6776
3.21436
0.54063
-19.5603
3.52768
-9.97449
2.52522
0.74601
-0.569489
1.24018
0.86067
2.25746
0.876514
-2.19568
-5.60191
-9.87565
0.700227
0.905423
-31.6548
5.41797
1.06832
0.0463669
-8.23285
-8.60069
1.71537
-33.0465
1.24516
3.13702
2.85115
0.59717
11.4534
0.466425
-1.00974
1.2174
-0.716463
-33.0604
1.83085
-9.79588
-8.26064
1.76272
-1.34951
3.38745
-0.563869
-18.2942
-0.258862
-9.76233
-0.762336
1.45675
-0.579014
3.70391
-1.17014
3.44829
1.90848
1.38429
0.538437
1.3852
-23.5125
2.45494
2.74147
1.18736
1.92405
2.8914
-0.583906
1.31988
4.67812
-9.6528
1.39897
-9.89893
5.27353
-30.3855
2.57342
3.26797
0.794989
0.499638
-9.62957
2.37232
1.96501
5.22954
0.98288
5.18606
4.38805
4.37921
2.65509
-6.60679
1.04388
1.4602
-10.1834
0.941345
3.46988
1.59809
-2.52545
1.4826
-9.89522
-9.45862
3.35631
6.07355
2.74199
2.51951
-9.02994
3.35696
-0.583286
2.1929
-25.1221
-0.39413
3.07722
0.322903
-6.9918
2.87495
-0.271911
1.43248
-9.2634
0.470168
2.82065
-18.6914
1.7656
-3.49088
-9.94052
9.53016
-18.0793
1.61074
1.60505
3.47761
0.851241
4.22364
-9.55334
2.02668
4.87755
-10.301
2.14082
3.06553
3.6945
-1.05592
-6.24053
0.565149
0.349401
4.67761
1.60908
0.29322
1.61573
-0.617599
3.06217
2.21924
-23.0859
0.493001
-16.1646
-0.186168
-31.7248
-9.70035
-32.1462
-8.92052
3.73448
2.42386
-25.4147
2.62661
2.04844
-10.0772
1.49429
6.21509
-9.87704
-18.0538
1.968
-8.40257
0.16578
-9.6958
-0.0938724
3.47204
5.18217
-0.838673
-31.5404
2.05075
3.32195
-1.3243
0.809917
-14.249
-0.458261
0.654979
-7.83587
-0.905312
-9.87786
-0.91905
-9.69815
1.93305
4.12214
1.40298
1.52848
-29.2262
-8.40824
-30.8612
0.187838
-7.64894
-27.4539
4.05423
-33.0839
-2.79546
2.72258
-32.1587
-9.28953
3.21585
-0.582498
0.041911
-10.519
0.711339
2.91439
-28.6246
-27.8667
-1.06252
-10.2312
-18.1585
0.923036
-0.699805
-4.85845
-0.444954
-32.2979
-0.526101
1.82684
0.911557
1.09598
0.410656
-2.54232
-9.91043
0.535527
-3.97765
4.2554
1.52317
-9.25447
2.30196
-33.1801
2.62594
1.02033
1.30817
4.98719
1.29363
1.42243
3.57043
-0.232533
3.55014
-9.35865
-29.3801
0.989903
-33.4704
0.534596
0.89468
1.94016
1.95779
1.56291
-12.3899
2.9436
-4.64683
-9.67853
-9.06754
-31.9872
3.90545
2.33673
-7.72548
2.18139
1.43213
1.80679
0.757561
1.25421
-8.416
3.31716
3.61167
0.649973
-0.547085
-0.893604
-7.92026
-3.59487
-2.89327
-2.87805
1.1614
0.924656
5.48288
1.03903
0.59217
1.27902
-0.593245
1.08477
8.38254
2.55835
2.8954
-4.19237
-9.90115
-14.8853
-0.549399
3.98281
-3.23153
-8.63465
-9.83844
0.144609
1.1801
-1.20148
2.55584
0.660014
-0.584088
-9.14395
-3.6078
0.804286
1.64544
1.92318
-0.630383
-9.77385
0.0100062
2.08747
0.980562
1.05522
-9.81745
2.9504
-17.5609
3.64878
-0.332459
-0.50633
2.45558
-9.56465
-2.73889
2.00103
-10.9186
-30.9639
-1.27709
2.87596
1.68463
-24.873
-9.6093
-10.5098
1.05797
-32.9316
2.51869
4.90546
1.52583
-9.80804
0.744243
1.12299
-3.83242
-7.44454
5.00037
0.276603
-9.51579
0.850432
3.90253
2.29291
3.35455
5.64328
3.54738
2.39774
3.64349
-7.79235
3.34897
0.500163
0.164501
0.199719
-2.43399
-0.155226
-26.9161
-3.0852
-3.62349
2.90291
1.64106
3.57156
3.31107
1.89804
0.847166
-29.288
3.80739
0.00089478
3.96105
4.80552
1.62118
-0.390379
3.58802
-7.44895
0.676607
-31.9132
1.95697
3.66369
2.32418
2.13254
1.92381
-9.76868
2.4639
0.128995
3.51017
4.35452
-27.0421
1.01688
2.40225
-1.83028
-9.81929
0.560324
-9.73238
3.27204
-30.1652
2.69495
-7.89453
3.11367
-4.26881
1.1846
-9.90938
-0.885494
-18.2822
-8.16926
-8.8423
-1.75861
-10.8028
1.12742
-0.0854691
1.03669
-9.80638
3.47011
-0.266812
-33.1074
-8.89711
-8.92757
3.38589
-10.5528
-0.44935
2.00956
0.74128
-3.02912
3.68615
-11.3018
1.90096
1.32151
4.2269
3.00334
2.92684
-5.96955
2.42526
2.30678
-9.24987
-3.16829
0.134047
0.912294
-8.9601
1.72884
2.08267
-10.4463
3.19971
5.08908
-4.94919
2.19366
-0.601355
-33.2694
1.25461
2.79277
2.85989
0.683655
3.25111
1.66296
-9.69919
0.371705
-16.7169
-1.1108
-0.675305
-9.51832
-0.72072
-1.48709
3.40788
0.208299
1.63087
0.388304
-20.0739
-8.67392
2.48552
2.04735
1.36906
-23.0384
-0.335758
-3.07254
0.413865
-0.697262
1.06153
2.49587
-3.61753
-0.471239
-23.5344
-28.5891
2.59636
-18.8924
2.70014
-31.7013
-3.04834
0.759263
2.06151
-0.18526
2.11494
1.75344
-22.0213
4.16321
-1.43553
-9.71044
-33.0458
2.18664
0.408461
-5.10272
0.55598
-5.42087
-10.8492
1.75269
-8.62696
-32.3948
-8.06358
3.60806
0.432139
1.14728
5.44254
-8.11244
2.97326
-9.95168
3.3071
3.64393
-0.826848
-8.931
-27.0976
1.09249
3.21895
4.10594
2.73491
1.94983
-3.62023
-32.66
2.0396
0.932872
-9.46588
3.17241
-29.9195
1.14111
1.49977
3.37875
-9.79988
2.27261
1.25547
2.47489
2.66665
-0.928625
1.74567
-9.18539
-0.750502
1.31311
2.08041
1.13817
-32.8564
0.0291232
0.0584678
-11.4541
-9.61821
-0.646615
-31.1449
3.66184
-9.5195
-33.2115
3.47125
-0.932575
1.80198
1.6455
0.0877116
-20.4878
-2.66867
10.9133
0.468433
-9.32585
4.17188
-8.29859
-31.9841
-2.14187
0.495099
-4.00266
-0.615693
0.823842
1.24316
3.19054
-32.5182
-7.89665
2.23891
-30.7328
-0.123349
-32.0761
5.59635
-9.10715
-10.0949
-9.10628
5.56292
-0.964482
3.51894
-0.537457
-32.9657
-8.10141
3.09128
-3.24203
0.220547
-9.40743
2.24936
-4.62403
4.1531
-8.91904
-0.691807
-28.0096
-1.18146
-2.62758
-9.72674
2.66941
-0.287933
1.97562
4.14901
1.68399
-5.96638
3.59126
1.57407
-29.5951
0.160945
-1.76074
-0.877769
2.30427
1.32666
-31.6197
-8.81597
-1.14047
-25.7164
1.3101
3.56657
1.96535
-9.93398
-30.8647
-9.99353
1.63532
2.23651
2.57409
-9.44354
-1.11758
-3.23209
1.46315
-8.49066
1.68879
-1.42101
-20.9461
2.39627
3.43752
-0.391584
5.59141
1.34361
2.44386
5.00674
1.74661
2.31048
-9.07448
1.73921
-20.6512
-24.3794
-1.28613
-10.8664
2.79719
-8.56924
0.221051
-17.8313
1.06767
2.29865
3.81834
3.43976
1.77127
-2.06773
2.16766
-32.8328
1.82932
2.23458
0.3919
-10.8543
2.16064
3.27589
1.60378
-9.80317
1.59491
-8.51936
-0.909096
2.81675
5.5362
-4.65212
-30.7573
-32.4537
-2.678
2.82837
-0.30076
-31.2535
-9.09048
-9.13946
-17.115
3.51636
2.01536
2.29953
-1.15012
4.2157
2.57666
3.12799
0.494873
3.5493
-32.5069
2.94712
-6.01008
6.91806
1.57965
4.45359
1.62139
-32.3664
-1.02948
-0.0319992
1.0521
1.35869
3.14764
-0.0779166
-9.56738
-1.54817
1.72237
-5.78018
-10.9235
-26.2234
3.17357
-2.04937
-9.13856
-10.6348
-9.10979
-9.06566
-8.53712
2.75348
2.04342
2.01
1.6418
-32.1533
-10.8856
0.435698
3.02968
-0.869047
1.66418
-16.3495
1.77602
-31.1026
0.955642
-0.311299
1.57658
-9.45517
1.69404
-33.2208
-9.0211
-1.12494
-0.971418
1.56601
2.89334
-0.605805
0.753504
-4.97143
2.14846
3.60985
1.66632
3.41255
-1.03172
-9.96671
-2.98452
2.13513
4.36009
-1.07478
-9.07952
-0.672398
-4.43047
-9.00224
4.17131
0.952139
-33.4142
1.71826
3.63732
1.96531
5.14486
-10.7582
1.94645
7.20329
1.99312
-8.83922
1.6739
-7.63474
-10.2606
-33.0965
-7.84909
-8.53143
-29.3737
-7.42144
-15.9175
-7.80939
-33.0617
-33.1493
-9.51304
-32.613
-0.63083
-10.1502
7.60426
-10.829
1.48738
-5.21206
0.626713
1.99695
-9.90531
-17.3845
-9.44434
-1.48282
3.73649
1.36521
1.98673
2.78013
-0.407106
-0.164138
2.15975
0.941782
-0.90997
-3.04395
3.64913
1.11111
4.18652
1.7437
-7.50934
0.39946
1.39102
-5.00805
1.07227
-3.2582
2.10064
-30.3794
-25.4668
5.75495
-5.41401
-8.9908
-8.06218
1.72138
4.0873
2.12112
2.74165
1.85238
2.19002
2.12864
2.42323
-32.9921
-32.6994
-23.4259
-32.9169
2.99322
0.308849
3.58219
3.62856
-0.837341
4.09494
3.44862
-2.44713
3.95987
-1.10201
1.69422
-10.2988
-24.7933
-10.1483
3.50968
2.01593
0.100589
-9.37788
-0.234517
-8.82534
2.39649
8.66407
0.93075
-6.5904
-9.43983
2.98172
5.26711
6.75418
1.7227
-10.5649
-0.281812
-8.71063
-0.655754
-0.548694
3.02272
-9.17316
1.31789
-3.11097
-6.98955
-32.547
-8.18827
1.16174
2.12646
2.40114
-9.66902
-0.261122
0.816742
-0.0964059
4.60524
-8.3068
4.25005
0.306861
0.0912744
0.535034
1.38728
-32.5966
-8.30199
-33.1275
3.22493
0.228818
-8.89767
-1.59053
0.3527
-30.328
-32.9501
-0.530209
1.60869
3.87926
-0.870718
2.35325
2.77575
-33.0868
-0.508296
-0.389872
1.26787
-1.50023
-8.59706
-0.581421
-32.8746
-8.32541
-2.0516
1.53183
-1.07902
3.55025
1.52063
-1.10196
3.78313
3.00483
-10.8954
-31.2237
-2.10832
1.80325
2.13026
0.824318
2.84558
1.25078
-0.0664021
2.27865
1.99866
2.24586
0.294999
1.50957
-0.2362
-9.34182
-0.777061
1.96342
-29.9561
2.42814
1.20395
2.00887
0.419571
-9.06566
-10.3111
3.00536
-15.8304
0.825091
-1.22706
-10.5902
2.26992
1.45881
-3.18946
-8.25912
-32.5557
3.34648
1.18254
-31.3297
2.01991
0.850865
-19.2327
-8.47232
-7.31926
1.92161
1.43996
-2.72575
1.21351
2.84296
-32.6675
-10.7576
3.02814
-0.390238
-10.551
-0.75174
-20.9229
-0.952786
1.91641
2.34245
2.72035
-10.0753
1.73937
-9.79603
4.26422
-7.02481
-7.65182
-8.70968
1.51768
-32.5814
1.83951
2.79266
0.109881
0.8444
-32.346
0.103174
-0.482714
-0.56442
-32.0762
1.02808
2.74598
5.73578
1.30404
1.34478
1.7983
0.782747
-9.42499
-31.9462
-3.14024
1.74576
-2.01123
4.02061
-7.83884
-32.8622
-0.823632
7.13074
0.110557
2.0169
2.12284
-8.69164
0.105213
-10.9273
1.9847
2.47601
-31.6102
-2.40172
-5.90805
-1.70867
-10.8585
3.53685
-0.314577
-0.188394
-3.71947
0.919901
-8.63145
-12.2935
-10.5731
5.67213
6.2134
-1.0645
1.76984
1.12979
0.856358
0.153129
0.807161
-8.89172
-18.3389
2.00132
-16.0767
0.0132619
-9.10177
-23.5949
-7.63029
3.76568
-9.30294
-12.0411
11.6162
-4.26606
-8.56873
-23.5063
5.70991
-33.5214
2.84899
2.69456
-13.8955
-10.8768
-0.238632
-7.36993
-30.2008
-0.533594
2.48102
-15.7844
-10.4104
3.90723
3.00554
-1.36921
-10.1466
1.99358
-32.6562
-30.9392
3.14839
-0.993005
3.47359
-0.322691
2.9648
2.90214
-0.537862
-31.267
-16.9914
2.32328
1.29367
-7.33882
-32.572
-8.94023
-23.8935
-5.16359
-8.90619
-14.5966
3.01311
-8.83114
3.09064
2.62204
1.59614
7.90984
2.22156
1.344
-6.86539
-18.145
3.67021
-0.76583
2.92452
-1.02325
-18.512
0.578792
1.41039
0.288984
0.0226063
3.72936
-9.9023
-4.58296
1.19586
-8.96863
-6.26697
-9.68656
0.602181
-8.58393
0.416767
-9.21397
-32.6225
-27.9914
-8.5783
6.2012
-28.9414
1.65071
-10.4276
-8.07406
-0.734755
1.73916
5.48381
-10.0015
1.34632
2.8171
0.763231
1.38372
-7.46145
-8.92772
-10.6567
1.37187
2.89389
-0.425414
-10.5322
0.527844
0.391423
5.6571
5.98638
-8.61016
1.57848
-7.93278
1.13036
2.30216
-10.331
-32.4347
-5.20005
-9.3447
12.8979
-0.420403
3.39858
-8.76832
5.77824
-3.94397
-10.6779
1.64279
1.17065
-6.57788
0.787969
-2.4163
-9.94458
-10.0395
6.23124
4.33802
2.71495
2.64655
3.09276
-19.6613
2.99552
-31.7502
0.589197
1.48893
-3.88436
4.57957
-4.58926
-8.54429
2.208
1.68609
3.74612
-31.3731
-7.70612
1.19023
-2.75465
2.36963
3.52216
-0.289425
2.91515
-2.92524
3.08038
3.0215
-0.537827
0.820282
-9.37489
2.03466
-12.1212
3.09884
-32.6534
3.57701
-28.3345
-9.9319
-5.7308
4.66183
-9.26395
-0.644592
-30.5888
-0.613232
2.36773
-16.1866
-0.152168
-1.29916
0.513665
-9.06959
4.89079
1.03412
-8.38962
1.72554
3.26821
-9.52551
-5.41777
-0.726549
-2.36187
-9.14856
-0.947468
-2.9772
-10.5008
-32.7919
-2.98233
2.78755
-3.09787
0.953843
2.49902
-4.2215
1.19201
1.75986
2.14223
1.8548
-9.87181
-9.75598
2.19427
0.257569
-10.0677
0.870738
-1.02321
4.09961
-8.52705
-6.196
-9.9092
0.898487
2.63335
-32.8742
-3.06317
-8.28725
-6.68468
-22.0591
0.84607
-32.2168
-7.50101
-3.02115
5.65445
-1.14484
-15.1331
6.15461
2.11977
-7.2462
-5.83985
-15.6395
1.28775
-5.37969
-9.94929
-8.0001
-0.986908
2.29865
1.65418
-9.44069
-8.02609
-10.6994
-9.51773
-0.586108
-0.549775
1.63838
-8.39629
-7.49394
3.9371
0.639399
3.64101
-8.82619
-32.7626
-32.8448
-10.9267
-6.85257
-19.7274
3.23922
-8.45047
0.0123819
2.80311
1.27664
-4.71379
-3.27769
3.18851
-6.89572
2.65082
1.91023
-7.97688
-26.6905
-32.8936
-2.94078
-1.60382
-4.12987
-4.58421
5.14359
1.47743
2.46226
2.59133
-9.59246
1.07777
0.687938
-9.32141
1.77769
-4.16612
0.710632
2.41058
-7.24012
-6.97848
-8.47987
-6.8095
-32.9857
-10.2466
-9.99319
2.58189
-15.5058
-8.81688
-9.78078
-3.58741
-30.5168
-8.37922
6.02306
-10.2323
1.13367
2.78391
1.14691
-0.421479
-0.92658
-1.59582
-17.7627
-12.5599
-19.2332
1.1131
-32.4829
0.645589
3.73708
-19.9706
-8.52756
-17.4563
-2.94936
-8.72127
-3.71129
-9.83278
-4.35575
-32.0651
-1.4402
-9.25204
3.49884
3.61217
-9.02129
-9.10186
-9.03466
-9.86099
-6.32122
-8.55811
-10.406
-8.5815
3.05071
0.920294
1.62775
-1.00886
-3.98474
0.773295
-3.08461
-7.53861
0.600446
-6.17391
-18.9555
-9.98867
-26.1176
-9.67243
0.369859
5.32909
-9.57868
-3.5398
-0.00752472
-2.28451
2.36247
-12.8074
2.25014
0.254474
-9.12491
-10.0085
-8.04803
-4.06398
-11.2805
-14.9925
-8.68037
-28.4908
2.77495
-0.231022
-21.9235
-1.14107
2.81987
-31.1252
3.63063
-4.51324
3.31899
4.78593
3.22387
0.758895
-3.25027
-24.7021
-9.40602
-3.86823
-32.6842
2.16523
1.06869
-6.7241
-3.11092
2.41167
0.998614
-3.31294
-2.96174
-4.20879
-29.1829
-29.4988
-13.4956
0.996124
3.45375
-0.0135409
-9.53119
1.34916
3.50732
2.81467
-8.02672
-7.86047
-3.11938
1.64372
1.16273
-3.35442
0.826188
-0.878155
-9.49167
-1.82017
2.04288
3.63446
-2.38213
5.27442
-0.548604
3.47895
3.09004
2.14984
-31.8495
0.856134
-9.53807
5.20643
-9.72527
-5.58838
0.905618
5.47241
1.41313
-2.96828
-18.9604
3.31878
5.15198
-14.3497
-1.59827
2.15702
5.35599
2.76087
-1.02655
3.55698
2.31969
-17.8088
3.00296
2.66013
-33.1055
1.22803
2.45978
-30.1699
-9.45603
-30.5474
1.92622
-22.1442
-11.2302
2.75452
2.02811
0.730255
1.72362
2.6288
5.83506
3.10415
0.0903438
-2.88762
-1.03655
1.59248
5.95459
1.23564
-17.775
5.67176
-0.251253
-32.2866
0.831445
-2.02005
-9.77419
-9.90152
2.61712
-1.17659
0.92774
0.361979
3.48889
-9.65652
-0.581701
-0.14625
4.5655
2.46177
5.69758
0.0694182
1.27721
1.05177
-15.341
-7.01578
-27.4813
-4.68417
1.35772
0.929378
-0.308985
3.31965
1.01389
0.907054
-1.13508
1.0685
5.64044
5.13307
1.61932
-21.9499
-10.2906
-8.30669
-9.22391
4.92543
-0.321752
2.47051
4.88739
-9.37075
-29.0494
-7.87705
-8.07775
2.68074
-8.9171
-28.8344
4.37123
1.3821
-9.6252
5.26949
0.369147
-10.3355
2.9521
1.42976
-30.3626
-29.5459
2.07327
0.612248
-3.83188
-2.3525
-8.75699
-2.90373
-9.42997
4.18081
-30.3134
4.47765
0.650185
-25.7988
2.53804
-10.4265
2.84104
-18.1156
-33.428
-16.0179
-0.990838
-30.7007
-32.4843
2.55272
1.88811
-9.70173
-28.2022
-6.97301
-8.82721
5.79815
-4.53753
-1.29112
-0.339688
-23.1489
1.9671
-32.2961
-9.26928
2.61055
-8.70605
3.61308
-3.20855
2.78092
3.34945
5.2633
-9.86892
4.22924
5.36308
-2.29117
2.91891
-4.39277
2.0494
4.0218
-22.4811
-33.6581
-2.08123
2.04745
1.2213
-10.8252
-16.1302
-8.75095
1.1415
0.0275674
6.18529
-29.8478
3.30817
-8.03101
-32.8363
3.68376
5.88838
-1.88751
1.37763
-7.97381
-8.4366
0.57195
-2.47071
-2.55313
-10.2313
-9.6414
6.23889
-8.63709
-9.89128
-2.69068
-6.25984
2.34233
2.74041
-2.00163
4.86576
-9.09933
1.07177
-1.71668
1.56468
-9.64987
-9.42634
-0.767108
-0.793165
-9.47666
1.76772
2.26781
-9.18542
5.16866
-0.390527
0.894274
0.705583
-1.19959
5.75221
-32.72
3.49849
-4.20827
5.61562
-32.6211
-11.1284
-1.70532
5.00322
-31.8
-5.45123
2.93102
-9.32458
-10.808
0.745238
-30.3996
-20.7766
7.33382
1.30842
6.15154
2.95028
5.85413
-7.23471
0.803135
-9.87008
-9.09051
4.75583
1.00342
1.1851
2.63706
1.82505
2.56434
-2.58489
-9.04528
-0.459824
-1.42654
-3.43589
5.07384
-3.02405
1.11238
-1.92478
-8.55458
1.60595
0.0332482
-8.10862
-32.708
-9.26626
-8.05772
5.86304
-2.53861
2.72255
-1.99367
1.16514
-0.527855
1.58457
-32.5315
-29.3672
2.99054
4.97194
-4.01893
-8.84144
-8.69055
-4.28337
-32.8826
2.8049
5.10151
-7.61581
2.24985
-2.5215
2.59733
0.44705
-4.32252
4.47363
2.84956
-0.329829
-9.06992
2.57167
6.20533
-4.81756
-10.0035
0.830325
1.26397
4.09359
2.04989
-1.68375
-17.7353
5.77341
2.23079
-9.96013
-0.987846
-0.288305
0.443597
-31.6719
-9.08103
-2.33589
-1.91233
-6.19707
-8.72446
5.39545
-2.39103
2.18708
0.370048
5.48918
-2.4779
0.370962
0.0659013
-2.25929
-32.9259
2.73694
1.73086
-7.16531
-24.3674
0.0998948
4.5741
-32.5969
-2.23212
5.77736
1.57108
2.65709
1.40004
-0.0266755
5.94578
-0.485237
2.37228
-6.88818
2.72618
3.76349
-0.181491
2.26572
-9.19328
2.37536
-7.92091
2.94908
-2.01525
-8.90148
-8.92042
1.77948
1.16558
-2.40812
-7.70624
1.1931
-1.19909
1.66024
4.82639
0.162768
-9.84356
-0.354536
-0.607021
11.1636
1.2621
-1.01983
-0.0305353
1.47196
2.70729
-9.59588
3.23383
-24.2348
2.10225
-0.283765
2.27388
-7.48968
-0.419895
5.59182
-4.33731
-0.204989
-1.09067
2.81961
3.32236
1.31455
-21.2897
1.38431
-9.14937
2.20841
1.31524
1.4318
-10.3955
-3.05514
-8.60806
6.21097
5.54666
2.61703
-8.9072
-2.44081
-23.1795
3.52002
1.08361
-8.96035
5.67062
-3.71933
-8.38178
-1.94335
1.91153
5.90877
-3.26001
-27.4311
4.17288
1.37532
-1.071
-0.710884
-0.337324
-8.89566
-2.18219
-9.22605
3.44066
4.5133
-1.21831
2.75794
-8.53812
1.08938
-1.93559
5.92328
5.91896
2.68877
1.64263
-0.697587
5.11713
-7.15322
-32.7345
-32.5025
-0.110528
0.0447681
-2.08868
1.24484
-3.13053
3.56921
0.845626
-1.19202
0.000515779
0.914395
2.86
5.71347
-3.78629
-1.45806
4.1883
0.390498
-4.67295
-4.04782
1.81423
5.09488
1.52628
-3.62537
0.622468
1.85171
0.0215608
0.670845
-30.3396
5.97737
1.09585
3.09916
-9.66773
-23.4094
-21.7878
1.09753
2.12381
-8.11071
-32.668
5.83906
-0.666986
-1.27391
3.81262
-7.84431
-22.2022
3.5806
-29.9644
0.238019
0.394219
1.2162
-3.43846
-1.10641
-1.12873
3.65398
4.61261
-1.96283
-8.83157
-22.8922
3.99288
-32.9071
-8.5527
-0.58339
-3.39502
-6.11252
-5.94106
-3.88864
1.46187
-0.072113
-30.4215
-3.8454
0.803561
1.71333
-0.479711
1.50457
5.79968
-17.8311
-6.46964
5.38938
-31.7879
-10.6308
-9.40358
-5.97433
-0.96462
-1.06782
-17.1204
2.80865
-32.4754
-6.58672
-25.2257
-33.1247
-8.68802
-32.3999
-5.54357
3.10337
3.87245
1.80022
-25.527
-2.9537
-29.6187
6.14807
5.73603
-1.04497
5.54589
-8.3873
1.24291
-0.270515
2.61904
-32.5568
-2.00093
2.14733
-2.16232
-9.13743
1.94192
-2.8326
-0.423566
-2.48869
-0.759474
1.2606
-0.458842
6.18455
3.592
2.67614
-2.98652
-5.26226
-9.0458
-9.48166
-10.1213
-6.90154
1.12466
1.32192
-6.48207
-9.1344
-6.09267
-4.94072
1.73585
-5.94604
1.00585
1.29582
-5.79308
2.88369
-6.45449
4.58239
1.10917
-21.2531
0.464913
1.4907
-32.5128
-32.7596
-29.5544
-10.1363
5.27354
-0.0752922
-1.29969
-1.04573
3.09525
-9.02845
-8.6902
2.84275
1.69226
1.78109
-27.5752
-2.44581
1.92659
5.39452
1.14417
2.72302
-7.42401
-16.6229
-0.333917
-10.2908
-0.66932
0.443718
0.420568
-9.65194
-0.869938
-8.01747
-30.6728
-0.739459
3.11222
0.077624
-24.419
-9.32931
4.27227
1.0508
1.24949
4.81673
2.72097
-0.469507
-8.95445
-9.45998
-9.7038
-1.27168
-1.48194
-2.89842
-8.62222
-22.5284
-29.1619
4.12953
-8.35867
0.421496
1.28674
1.496
0.910791
-0.185061
-0.141022
-14.7294
6.13306
0.0358816
-0.649231
-8.92128
-9.8175
3.36641
4.85942
1.10325
5.51836
3.57971
5.32218
-0.813113
1.03613
0.126821
1.83606
-1.61333
4.27359
5.85851
5.63413
3.09475
2.52528
-32.6048
-30.4601
1.79994
5.54406
6.10832
4.63907
2.52419
-8.71488
-8.8482
-2.03699
-9.22394
1.00437
-3.14275
2.57378
5.17472
-9.71033
-1.39478
-1.79032
0.975454
1.08389
-9.9812
6.06654
-2.18776
-9.99945
-1.4011
1.29522
-3.23169
-13.2433
-1.05007
-1.94195
-9.84664
-0.222617
-20.8916
-4.16092
4.44228
-1.35559
-8.10913
-33.0528
-7.71632
-0.655914
-8.88388
-0.118565
2.8136
-9.93501
-8.94255
2.79338
1.69775
4.95947
-2.86254
2.08461
-32.594
-8.29352
0.288416
3.28099
-30.839
-9.12138
6.11412
-0.396917
5.1871
-32.0161
-8.76152
-32.3103
1.33135
1.99295
-10.3583
4.52301
-9.87141
-30.6492
-9.13052
3.40554
1.20936
-10.7367
-5.70993
-28.6892
3.19419
-31.6257
-24.7566
0.966409
-0.757391
-1.18128
-1.79979
-2.33134
2.48416
-7.7798
-1.07322
-1.46902
5.38933
-1.94796
-1.11615
2.73331
-0.35118
1.43185
-10.5085
-9.32137
-30.2283
-33.3055
-1.37651
5.21156
0.351422
1.98731
-2.78954
-0.664817
0.717865
1.92119
3.155
-9.78358
-1.21777
5.78336
4.77681
-4.72401
4.22357
3.06977
2.00755
1.05743
-8.74296
1.13101
2.6665
-9.23886
-31.4587
0.268268
4.09321
3.92623
5.58148
3.4824
0.169279
-1.5036
3.49384
-9.22262
-16.5577
-4.04334
4.91916
-2.27861
2.60108
-8.11635
4.71336
2.72723
1.26335
0.184485
-1.43739
0.474436
0.112149
-8.35108
1.22926
-10.3029
1.54619
1.40911
-1.5524
1.59598
-10.5404
3.89803
1.33941
-0.879543
0.906265
2.42244
0.416934
-0.448532
1.98264
-0.705486
5.02213
3.91746
-32.1134
-26.1929
1.21887
2.61224
2.91125
-6.09251
2.8617
-15.6877
2.07164
-32.6865
0.995367
-0.45344
2.61266
-0.265714
5.71611
-1.62303
-0.133298
-27.1141
-9.17909
1.32494
2.70936
-8.25687
-1.3434
3.29285
-1.55567
4.68134
-32.0571
2.57937
-0.718613
-1.89515
2.72195
-5.04763
-8.75116
-0.802431
4.49537
-1.30004
5.97167
-1.85189
-8.74412
4.78393
-1.09335
0.485085
0.908771
1.0806
5.00463
2.13282
5.30766
-8.97817
-9.1754
-1.24412
-9.79261
5.4869
1.38749
3.91525
2.11566
-8.5453
1.88054
1.27837
-9.33809
2.78044
-1.51541
-7.31978
-1.4558
-10.0851
1.17446
2.72426
-28.7898
5.34562
-0.582374
-30.2858
2.75465
2.89709
2.71681
1.08065
2.70594
-1.19201
-14.3622
2.68554
-31.4105
1.81855
-0.702391
-2.27243
3.05718
-0.6548
-9.17218
1.1155
2.67522
2.9073
3.59524
-32.9329
2.69044
-1.40112
2.65054
-9.46317
-2.81265
-1.517
5.34649
1.11968
4.38189
5.61899
-10.7961
4.77348
0.645028
-32.114
1.89825
-6.50484
3.51465
-1.90129
0.340753
1.47504
1.71971
2.23803
4.99428
3.12999
-8.21575
3.29532
-9.21404
5.17518
3.80544
-9.00746
0.079576
-12.3573
-8.56284
4.37585
0.847159
-1.25331
0.264804
1.28209
-1.27004
-10.434
1.56344
-0.729713
0.871338
4.97975
2.39557
1.60678
-0.469392
2.72518
0.171411
6.05648
3.46407
-11.9683
-2.05416
-31.1004
0.401173
5.17622
2.89562
-8.83997
0.721412
5.95778
-6.59001
-1.35941
3.06263
-9.18556
-1.41158
-24.2069
-0.952454
-2.58322
4.71292
-10.4568
0.813124
-14.7389
3.67386
-2.98451
2.53359
4.73222
4.45802
6.13771
-3.99891
1.16014
2.65104
5.83894
-32.8075
-8.77476
-30.7324
1.35506
5.39073
2.84218
-1.61262
-9.61106
-22.8728
0.335034
4.17041
-1.26753
4.84441
1.76643
3.91114
-1.41398
-0.747569
-7.2194
0.785555
0.474694
-1.73668
-2.73261
-1.33224
-3.63105
1.45024
-25.7159
-8.68163
4.97771
5.44394
-1.363
-0.0553885
5.06354
4.30707
-15.2851
-1.49396
3.0116
4.24354
2.7689
-10.7735
-9.9183
1.00309
2.85134
-0.119198
3.6828
-10.228
4.7904
1.76674
6.08642
1.45509
4.49993
-32.2975
2.74508
5.06341
2.58703
-8.71117
-32.5701
-6.00434
2.03519
2.76302
-2.92742
-10.2012
2.28081
-1.23206
-1.30365
5.26221
-1.27078
3.80798
1.34797
2.2247
1.56903
0.342857
-9.15971
4.26324
4.81689
0.812927
1.35719
0.907619
5.31789
3.07019
1.20594
-16.179
1.54314
4.0767
-10.1943
5.42344
4.95916
-1.48038
-0.723837
-1.13413
2.49392
2.19069
-9.98114
3.70552
-0.749233
1.66976
-26.9737
-10.5726
1.61584
-0.884789
4.904
-28.1218
6.04155
6.06065
0.588684
5.6571
1.05763
0.764085
0.959244
0.26728
1.60526
-0.428666
-3.74444
4.62652
-1.92406
2.71016
-28.5795
-1.20898
-10.7795
4.78355
5.54183
1.55746
-27.5232
1.00241
-2.15333
-30.436
-1.1217
2.69099
-1.31331
3.45857
0.712242
2.15534
-4.22725
3.26642
5.87516
-16.7965
1.47122
-1.40366
-32.2548
4.38097
4.63008
-9.22979
-1.82993
-15.4941
2.57811
3.68898
1.6871
-1.46703
4.88997
3.07663
-9.79023
2.53926
-1.8502
1.10083
-11.2107
3.87818
-10.1836
5.09056
-3.31703
3.62601
-0.47361
-1.28235
-0.0426049
-10.2528
3.6363
-6.69241
3.07038
-0.57187
-2.89334
-25.4077
3.3027
-29.7763
2.20355
-0.262047
5.97942
0.617466
1.81652
3.33732
-2.85368
2.27818
-6.64559
4.86263
-2.27646
6.99032
1.42501
-1.45514
5.52098
-4.80419
-7.91053
1.63159
2.23319
1.61174
2.67835
-0.980349
-1.27396
0.560555
-9.80359
-3.84619
4.81302
-1.6132
3.9204
0.226739
-8.80078
1.49944
-1.34019
2.72428
-0.489297
-3.50994
3.72501
4.79498
5.06018
2.08139
1.65419
-10.1238
-32.2902
1.4789
-1.15315
5.90722
1.91757
2.44289
-18.5652
-9.88287
2.71936
-2.59883
2.20087
3.09804
3.86305
2.10537
3.23131
-1.87157
1.68473
-10.8394
-9.74302
-1.11847
4.72421
-1.54175
2.50915
-9.85417
0.506181
4.61888
4.00266
5.71197
0.081893
2.13316
-1.43074
-29.4058
5.83445
3.53493
1.01789
-1.03997
-0.427922
-1.31899
-2.24366
-1.86052
5.45243
-1.67851
-30.9831
-8.99463
-3.55499
-5.43302
3.65084
2.16893
-2.00957
-9.99869
0.733563
-9.96573
4.23471
13.537
-0.59887
-9.19529
5.0865
1.18896
-9.25643
3.97587
3.14593
0.329841
2.65021
1.54032
4.43454
5.88855
3.6123
-1.15687
-0.983191
-0.280506
-8.9063
1.95359
-28.8116
3.93403
-1.02349
-25.2888
1.9122
-1.36111
2.9493
5.15746
-1.66232
4.55608
3.71489
0.55783
3.24918
4.55353
1.43291
-18.1577
-1.09629
6.01221
2.74252
-1.38258
-0.798523
-2.38696
-1.15772
-1.38951
-1.11603
-1.17204
3.77532
-0.986449
-4.76817
-5.37057
3.79967
3.68654
-24.5801
-7.69162
3.47701
3.202
4.16488
-3.83194
2.28724
-1.42251
2.03589
3.28034
5.94664
-2.12061
0.943128
1.90465
0.212095
0.675047
2.09152
1.13397
0.173969
-0.999177
0.0709996
-6.40373
1.67454
4.47704
-32.342
-5.61966
5.14403
-31.9236
-9.87905
0.414583
0.353527
3.94081
-2.03359
-9.69734
-9.38732
-0.102946
-6.05594
-21.9807
3.6594
-0.852467
4.40432
6.00174
4.28474
3.31247
1.694
6.18831
0.331281
4.31275
0.0411058
0.604365
-25.1504
-1.57094
3.63986
-5.31466
2.79067
3.96924
-2.13106
-0.484509
-6.93002
-8.39999
1.33124
6.06751
-1.34914
-1.09493
-4.04185
-1.6692
-0.711583
3.902
-1.3507
4.42012
2.45706
3.88364
5.73841
2.77315
-19.6702
0.860436
-0.0406884
-26.9246
1.59478
5.96984
10.8979
3.0477
4.29284
3.80311
2.13193
3.638
6.93809
-1.4375
4.98387
1.52696
0.801916
-7.91815
-7.86059
-2.46215
6.19717
1.29867
3.3671
-9.32244
2.33888
0.567156
1.35743
5.66353
1.37881
0.136619
-1.14696
-1.56855
-9.42111
0.166785
2.95374
3.15513
3.56715
1.99948
2.08485
3.66809
-1.43735
6.10763
-1.13755
-0.195924
4.28687
1.41085
2.91448
-33.1109
-29.735
-15.076
3.03931
-33.4948
-7.99561
-33.3886
-7.75243
-7.63706
-33.4103
3.75695
-8.22623
-1.81522
0.378291
-7.27536
-33.4234
0.578586
-1.32172
-0.23206
-29.1288
2.08711
-9.64975
-9.36574
2.27769
0.673031
2.65742
-19.2937
-32.3266
-0.775249
3.0648
-33.3693
-7.49713
-33.6561
-8.12773
-10.4503
-32.3662
-4.20715
6.06331
3.85801
1.8679
0.427408
5.3003
5.58826
-32.7069
-32.4122
-8.16548
-33.8345
6.1474
-2.8821
-4.76395
-5.53812
-1.91282
-16.1076
-9.83496
3.91254
-9.7608
2.16712
-1.11819
-0.847566
5.38426
0.447559
2.74225
1.46839
2.84322
-10.3891
-8.78528
0.191493
6.0087
5.50841
4.53934
-32.3914
0.24066
3.57519
3.75854
-33.3132
-32.3261
3.65227
-9.5546
0.993911
-7.78086
-7.79565
-0.919391
3.40624
3.51283
-10.1597
5.5374
-0.783317
-0.686354
-0.438256
-6.86887
-0.892254
-3.30523
5.93337
0.510006
-1.23088
5.5518
-1.00956
3.67681
-1.40489
-11.3428
-26.4326
-8.6785
-15.4611
-7.7926
0.686586
3.5352
0.840329
-1.70358
-1.90131
-9.63821
-33.173
-0.803476
5.12408
2.62705
5.13829
3.81938
-11.854
-1.24343
-1.57461
0.0709255
1.93445
2.84034
1.31685
-1.72746
5.90149
-6.30085
1.65858
-0.879159
2.21789
5.61304
0.805533
-22.5211
8.16753
-1.18946
2.40576
2.14935
-9.13697
2.98454
4.88472
3.23543
-3.95229
5.59389
-2.94491
-1.39259
4.11562
-8.96164
3.75388
3.72788
3.34752
-1.55218
3.79457
-30.1012
-8.94711
-0.714784
-1.53747
1.53195
-0.76156
-0.0177392
4.71576
-1.52639
-7.31835
-4.83397
3.5866
-33.4515
-0.0316761
3.43194
3.74175
3.99593
5.11599
-2.08586
-0.96682
5.44843
-1.99863
1.12345
-33.4109
2.39007
-5.31775
-1.08476
-4.92035
-1.24391
1.59836
-33.7174
4.64778
3.80562
-9.76144
-30.617
-1.40518
-1.143
-33.0833
1.32573
3.44279
-14.225
4.36954
-1.07421
1.31944
-8.14126
-0.903442
-9.10058
-2.20667
1.76421
4.79632
-1.39532
-0.471154
2.73144
-1.49889
-8.21097
-34.1816
-2.58377
3.56193
-6.40083
-1.26054
-10.4472
-16.4245
-7.0025
1.26187
-2.39295
-6.36905
-21.1236
3.64267
-0.754325
-5.87876
-34.0067
-1.24164
-1.04048
-6.22379
-0.0563093
0.531478
-4.74352
3.57311
-0.166389
-0.655268
-7.77782
-21.5713
-2.1301
-3.95319
1.86301
2.35165
-4.29596
4.74339
1.78908
-2.2572
3.61385
-19.7567
-2.23087
3.78967
3.33247
-2.08995
-0.967207
-2.96897
1.17502
-0.894594
0.668309
-10.8651
2.83757
2.19681
-1.45145
-0.81577
3.83575
-9.13013
4.31155
-9.01194
0.68034
5.2768
3.65653
-1.32669
3.57495
4.43285
1.96891
5.78585
3.86276
-0.865462
-15.4643
-9.51907
4.91533
-13.8232
5.22481
1.58792
-1.67868
5.24981
5.852
-9.34873
-6.17549
-2.6686
2.41917
3.58573
2.88219
1.50785
3.54995
-9.14369
-0.522889
-10.4665
-9.2109
-0.73116
-4.72199
3.6482
4.64574
1.81046
5.28691
3.31966
-9.93174
3.9846
-4.77891
5.40347
-29.3211
1.88657
1.68296
-4.69586
-3.12983
-0.0779082
4.94578
3.8563
-21.5865
3.01231
3.61135
2.67748
-2.08012
3.16182
-0.327089
3.61242
1.74254
-24.3129
0.947156
2.18667
-1.14916
-7.03579
3.8351
-13.73
3.74973
1.08329
9.21007
2.72259
3.53987
-1.36925
3.51001
-24.8203
-9.56754
5.27361
3.39602
-27.8913
2.47299
-9.84277
-3.67361
3.51821
-17.2766
-4.11726
-0.51851
6.03881
-7.77575
-1.84323
-6.33403
3.37444
-34.4851
-8.32486
-4.88075
-30.9404
-34.5299
-8.37817
-9.35145
2.52377
-33.3664
-1.54332
-9.09869
-2.29507
-32.0795
-2.09197
0.749129
3.13502
4.94599
3.63109
-1.79977
1.52621
3.06583
-1.2258
-2.74271
3.34209
-4.8811
-3.98158
-4.00833
-2.41065
-0.0511363
3.45295
5.54109
-32.7891
-33.311
4.01151
3.59435
3.7437
3.84862
-8.98095
2.99737
4.78581
3.79642
4.76737
-2.56536
-23.4509
-0.406817
1.85796
0.501017
1.92714
0.987842
2.21791
-7.53439
-4.68795
11.5883
-9.13318
3.5734
-1.71542
-3.04697
-3.78432
-30.1311
-1.21022
-0.198693
-2.16139
-0.587988
-24.5942
-13.5969
-0.962673
-1.44564
2.94048
2.35371
-1.82321
-33.6302
-9.54395
-9.01282
-8.92037
3.4965
-7.95485
-1.65306
-4.54359
-2.84138
0.446016
1.58075
0.629213
3.49098
0.0807505
-8.77146
-6.72172
1.74603
-6.9973
3.7173
-1.59802
2.59554
-1.94473
3.69631
3.08268
-3.55425
0.249934
3.70051
-10.4298
3.05974
-1.35539
-0.794332
-2.31029
3.05082
-7.88369
-7.82544
1.6409
3.33664
-0.629734
-7.86159
-5.52779
-7.82977
-0.777174
1.82761
-1.90258
3.68103
0.542424
-0.100105
-1.19277
-12.6207
-1.91127
2.16172
1.06918
0.626637
-5.66515
3.22777
-3.77544
-6.4461
-7.8684
-4.42997
-8.89957
-5.82387
-1.2163
4.56301
3.28259
-1.50331
-7.74481
-33.6303
3.1568
3.52859
-14.6523
-3.47876
1.90019
2.26398
3.25904
-12.3806
-1.32393
3.0911
2.59274
-24.9647
-13.4581
-27.3868
-1.7363
3.7006
2.79749
1.54009
-8.12446
3.67813
2.53948
1.40027
-1.19341
-8.83102
-26.035
-18.3336
-4.93029
5.90644
-6.74077
-0.621167
1.30953
-8.21362
1.56025
3.46406
1.75593
-2.35229
-2.57287
2.81406
0.942778
3.81009
-8.99488
1.27345
-3.73426
5.66155
-6.99466
1.54016
-0.483569
-1.26101
-10.5921
-2.71029
-9.59145
3.95759
0.925604
2.80812
0.138467
6.0004
-5.7857
-3.18418
-0.682001
-9.05329
-1.27086
1.10793
-2.10927
2.61691
-1.16893
14.9424
5.76131
-9.67061
2.03457
2.7568
3.52714
-27.04
0.583898
-22.0149
1.8435
-11.1926
-2.28098
-10.2932
3.18624
-33.4805
3.68484
-1.62291
-0.948691
-20.2319
-33.8604
-1.63508
3.67319
-15.6668
-29.3347
-1.55454
3.58591
-1.97291
-6.73839
1.93173
-0.856537
-8.52342
3.44476
-0.59348
3.48346
4.08
-7.78782
0.959104
-0.315037
3.67123
-8.22164
-0.819605
2.68578
-4.46473
-3.47907
-9.07773
-35.9763
3.30722
-3.73803
-18.048
3.365
-0.634933
-9.51104
3.10317
-0.948214
-1.2309
1.72759
0.544653
2.46187
-13.5898
3.73416
2.72024
4.19499
2.72635
-5.88299
2.6192
3.24746
-17.2087
1.86953
-33.3838
1.01863
3.43373
-8.66205
1.90105
4.29704
-2.53638
-7.7276
-1.74191
2.00816
3.33433
3.27261
-33.2909
-1.20577
1.90176
1.11149
3.68237
3.53324
2.28917
-3.02819
3.48604
-23.7811
-31.8576
-10.7329
5.38848
-9.17833
5.50241
1.83623
-1.03054
-9.27759
-3.62263
5.45175
-33.7705
0.512741
4.51647
-1.2487
-2.52371
-1.78799
3.12482
5.11447
-30.9798
3.49689
-29.0589
2.71652
-1.26216
-28.0605
3.38284
3.29465
2.65967
-0.762944
-2.28052
-2.37463
0.778903
-9.36577
-4.06664
-0.260098
-28.5032
-9.4232
5.37486
3.65638
4.90109
1.50991
3.70594
0.420622
-4.63015
-23.7564
2.70925
-14.7418
3.72257
-1.18668
-23.7116
-7.95956
-6.84594
-2.8872
-0.129519
2.50257
4.50146
-32.8241
-32.1082
0.997974
-1.79027
3.65669
-0.0017859
4.17621
4.26505
-2.16258
-0.874163
-8.00642
3.1159
1.01475
-6.24921
2.77077
-1.84237
1.56805
-17.6148
-1.3318
-2.20888
-2.73326
-0.114161
-0.715703
-1.24012
2.14498
-10.1118
-8.27594
2.3538
1.27123
-14.9205
2.42499
-2.0217
4.03331
-1.56186
1.68422
-2.883
2.36865
1.51325
-8.69817
-3.26564
1.39733
2.6464
2.15488
2.72661
1.6175
-9.45376
0.281962
3.51684
2.56091
2.82131
2.71714
-34.0012
4.41529
-10.131
3.83153
-2.07098
2.65639
1.52547
5.14484
-3.37243
-2.49016
-1.3957
-1.54314
2.2413
5.45613
-4.30652
1.1548
2.74007
1.17674
-8.66885
-9.49985
-9.33822
-3.67782
0.49489
-10.0162
3.02923
-7.89994
3.67744
-33.3451
-7.15224
-6.22461
-0.761482
0.852708
-1.11343
2.53058
2.71329
-7.46607
1.79437
-0.644519
-22.7438
4.39528
2.75699
1.99348
0.720117
3.49161
2.98069
0.252592
-28.1244
2.36638
-1.38474
5.35138
5.9836
-1.07349
-9.78269
-2.25945
-16.0394
3.29764
-32.1962
4.08171
-1.85004
-10.9587
-6.98536
2.54837
-4.84627
2.77511
2.75562
2.35789
4.06501
3.38718
-5.058
-1.77162
0.659419
-2.23242
5.41317
4.2477
2.62457
-10.5121
1.6078
-8.02455
-9.45126
-1.89472
4.80604
0.648517
1.46282
-0.722102
5.00584
4.58057
1.11986
-35.0715
1.10711
3.63624
-8.89802
-1.97566
0.369623
3.21188
5.8634
-31.9825
-2.45876
-2.71937
1.9329
5.04459
0.803477
4.03614
-8.2924
-34.1435
-4.39658
-0.434258
-1.8284
-8.03848
4.26124
-0.78214
5.29384
2.61203
4.25281
1.94518
5.50195
-8.04409
-9.64089
1.42699
-23.9208
3.85168
3.65541
-0.382317
2.7698
4.22754
5.37739
5.45058
3.6186
1.23666
-8.03249
1.55134
5.49931
0.576398
-8.86254
-0.648357
4.71273
-0.466954
-10.3755
-2.55144
-34.0439
2.68152
-2.94528
1.56553
1.01224
5.4073
2.56498
5.79804
2.79289
1.98112
2.50885
-1.29761
-2.19289
-2.12862
-9.36924
1.00112
-5.33325
3.20936
1.34649
1.99313
3.12236
2.68025
3.55586
5.24325
-1.78007
-1.76816
-5.46822
-3.98413
2.38729
-10.2024
-1.75002
3.6164
-2.79828
5.65769
2.53045
1.81967
-3.67973
1.85931
2.33362
-2.35533
1.91594
0.294195
2.18593
-5.12671
4.09541
9.24278
-3.11524
2.79372
1.37269
-3.60541
-3.46865
-2.28405
1.89829
-8.67059
1.22964
6.1535
2.19346
3.18973
2.17402
-0.632929
2.81833
-12.5027
-1.0848
5.6414
-16.6082
-8.801
0.79582
2.18995
-2.25157
2.34518
-2.85947
1.28547
5.90431
5.50959
4.24182
-9.33436
-9.87257
0.806875
-21.4236
3.51748
-13.0992
2.58262
-0.631666
2.44768
5.39996
5.19138
-31.4925
-0.488134
-33.541
-10.1388
-0.193449
5.48306
1.25223
2.49064
3.53306
1.26384
2.84197
-1.66177
5.95982
-7.66148
5.26645
-10.3392
-12.3907
-0.802001
1.7854
0.274914
0.730204
-21.9487
0.907816
3.40958
-10.1487
-11.0756
-9.36825
-34.3621
-8.36274
-3.60206
1.3622
-2.38644
-3.21902
3.35235
-8.31485
0.211124
6.10764
0.380648
0.440209
4.49801
2.70323
-2.57382
2.72874
1.80809
1.06963
-3.70074
4.0832
2.75634
-10.2256
5.6425
5.99925
2.69952
-0.141775
1.98413
-9.63927
-9.96555
3.48446
-10.8069
3.58001
-2.17268
-1.03874
-1.15977
5.88547
2.90948
1.52736
-18.6638
-0.922159
-10.0169
-29.0121
3.05951
-0.128876
5.35891
-0.422531
3.31101
-25.1319
0.567634
1.57925
-2.25781
-3.16219
-5.44055
2.29092
-9.85029
-10.3966
3.17506
1.13693
-4.10525
1.09369
-1.69237
-12.7079
3.27566
-10.7574
2.38522
-1.59914
0.452951
2.63243
-4.93851
-0.244657
2.71402
-27.2434
0.856764
-9.09963
-10.7905
-3.47438
0.331241
-3.86406
3.63701
-0.158018
3.094
-16.0869
2.15822
-6.24709
3.49571
-7.86738
-1.95001
2.94164
1.01253
1.22305
7.74602
-2.95509
0.167547
3.48457
-9.72808
4.91664
5.92731
-0.996353
2.26861
1.84334
-10.4969
-15.7921
-0.951286
2.32084
2.70627
0.619993
1.31302
2.98539
-9.09632
2.19521
-31.9238
-0.838686
2.28524
2.29017
-5.4611
2.7842
1.42745
3.22343
-8.37533
1.40645
-0.850456
-2.68173
3.30808
0.31326
-33.2484
-8.8971
3.60125
-31.9064
-2.86057
-3.1834
0.625246
3.56044
1.15889
2.71026
-1.21491
3.00764
2.74194
4.6068
0.0828679
-0.464734
3.1096
-1.92738
-3.72762
1.09624
3.74046
-6.15048
-4.09899
-9.2989
-3.86147
-35.6004
-1.41977
0.0234825
-2.90679
1.20825
-5.92176
-31.7665
2.9893
-4.84662
1.21322
2.25849
5.95938
-3.68745
3.74025
5.43996
1.3376
-4.39369
2.61962
-1.08793
-5.78925
0.729056
0.35258
-5.06156
-8.43635
1.54152
3.10393
1.10298
-5.47356
2.69631
0.886572
4.58187
4.07874
1.21887
2.74033
3.40697
2.01925
3.65592
-30.6892
-8.53755
1.86254
2.99832
-8.00203
2.81533
5.09305
2.29856
-3.45656
3.38349
2.7096
-0.900258
4.34427
1.67752
-2.9402
3.63971
2.7106
-13.1491
1.65213
-3.17968
3.67943
0.993833
-10.7836
-2.27483
-14.511
-4.59476
2.8447
1.35209
-9.9399
-0.395095
1.78375
-1.18013
1.90381
3.592
-0.727438
5.36781
1.11093
3.51901
0.120581
-0.969486
2.4483
2.77346
-0.803033
-3.73412
-9.90011
3.26965
5.97903
1.62413
-6.05862
0.20494
2.70885
0.992842
-5.667
4.71282
3.35224
2.70932
-0.907099
2.67787
2.35546
3.6165
-7.7785
-1.23564
2.98135
2.09543
-0.889006
-5.27363
-7.5943
1.84153
-11.3942
4.58112
-0.751993
4.41689
-29.5125
2.11989
-16.3914
-8.85103
-0.827382
-5.70744
4.73531
2.49197
1.32588
-0.349139
0.36534
0.452147
1.36623
1.20358
2.08057
-32.075
0.523216
0.821346
-4.47406
1.60164
-0.627582
-9.51308
2.23438
-17.6667
-8.89452
-0.0715018
3.53163
5.85584
1.84505
1.26067
1.29992
-6.66663
1.3453
-6.20042
-27.0357
-33.3126
2.43428
3.2433
-5.01968
3.72702
1.08513
1.21988
4.70143
1.50622
1.06524
-3.06307
-0.657662
-32.151
-3.37152
-0.520637
-0.605426
2.73092
-23.379
-13.7399
3.35507
-6.23886
0.752885
-13.8962
-0.780008
-7.5664
2.28975
1.52123
3.4803
-0.916835
2.10948
3.64108
-33.2026
0.787401
-0.568432
-0.527362
2.5091
1.62569
-4.63183
-23.8183
2.78492
-7.355
2.76896
0.633482
1.96394
3.51099
1.15981
1.76006
4.87994
0.984839
2.12767
1.77284
-1.46147
1.23937
1.21138
-23.3542
1.20095
2.29267
9.58246
2.63778
-1.41776
0.905421
-20.8411
2.66154
-4.29314
1.14349
-2.58163
-10.6807
1.16353
4.81282
2.64811
-30.3957
2.70502
-9.26404
2.75722
-1.34074
2.65152
-1.24918
-9.48143
-1.08535
-2.61249
2.72648
3.45085
1.22468
-0.0412554
0.874451
2.96914
-5.51131
-3.5575
-12.4471
-1.952
0.614951
0.236817
1.0204
3.6466
1.28553
-1.24793
-8.80276
4.10596
2.741
-17.9175
-0.0622364
0.985697
1.59647
2.37266
-32.2383
-3.74775
-0.307999
3.13988
-14.1944
3.43966
3.61764
-28.933
-9.66284
-31.82
-1.11544
2.90402
-2.26171
-9.01329
-10.5083
-21.2797
-12.1403
0.323967
1.38071
-10.8023
-3.16167
3.08195
-1.83421
-9.52524
3.54627
-4.42463
1.17946
-3.36185
-0.6482
4.17108
4.72034
-10.7049
-29.026
-28.6157
2.66844
4.63696
3.41106
0.757871
-26.8391
1.87583
3.19769
1.99508
-10.3699
3.5653
1.68385
0.996007
5.02516
3.60997
-2.6004
-9.86306
0.876427
-0.65292
-0.651175
-9.39762
-10.9027
2.4904
-0.635197
3.37104
-0.92225
-10.0338
4.21548
-5.34378
2.59463
2.67364
3.55327
3.73517
-10.5784
1.70633
4.22508
-5.89156
2.65615
-3.83997
2.81561
1.61625
2.61453
2.25003
-0.12457
0.611799
-8.25705
-10.0634
-0.0209234
2.69881
1.94846
2.52845
-36.7202
-10.0881
0.715367
0.751021
0.236753
0.0766648
-9.54905
1.41285
-0.950933
-3.39498
1.24966
-1.15235
3.83702
2.84172
-7.0394
-9.80665
-3.83099
0.891692
1.38075
2.54603
1.62321
2.73696
-32.0418
-10.4507
-7.80366
0.763281
2.84297
-32.1936
1.79127
-2.03227
1.04329
2.67485
1.21047
-28.3131
0.237675
-9.70685
1.66756
-3.62424
-3.97009
3.63971
-1.70997
-0.822117
1.15191
-3.26107
2.58306
2.89668
1.22799
-32.0444
-10.4514
2.35175
-4.01377
-9.74564
-10.8222
0.944189
-10.471
-19.1172
-32.4294
-10.1818
-10.7449
8.67886
6.55405
-30.384
-32.3056
-5.82013
-2.24295
1.3969
-2.40712
1.4184
3.2721
-1.98029
2.8189
4.94918
0.300348
2.80033
-11.1435
0.140027
-0.33136
2.22662
-4.49743
2.01001
0.123616
-31.7548
-10.5941
0.36186
-0.4961
-21.2026
3.12701
2.60957
-0.286238
2.61289
-1.38825
-3.96584
4.42064
-10.5078
-10.3943
1.78679
1.28908
-4.18243
-10.4684
6.66096
-29.8288
1.41138
-4.15568
0.366569
1.88009
-0.867071
2.19684
1.56109
-10.02
-4.43699
-34.9431
5.05008
3.53551
-0.0620724
0.842333
-3.3961
-9.35749
-33.3331
-9.72251
-1.15864
2.66352
-3.49168
1.70569
-1.08621
2.65784
-10.1136
-0.351653
1.75646
3.28015
-1.05129
-10.3691
3.52778
-2.6056
-7.84784
-28.0618
1.17246
3.68654
4.70805
-9.78227
1.57795
-10.3399
1.80182
0.798631
1.14724
-9.38623
1.90652
1.10211
-8.43497
2.72591
-0.452959
-0.350037
6.1474
-1.24997
1.74721
1.24764
0.439079
-1.25451
-9.19068
1.08789
-30.9542
1.15447
-31.8635
-30.3439
2.04974
1.1474
-9.57493
-8.10273
3.01506
1.6026
1.53785
-9.53948
4.48412
2.3134
-27.7097
1.74645
-8.13561
-5.4139
2.81212
-9.37064
2.37099
-0.660643
3.19216
-7.48773
-10.1076
-0.273979
1.59232
0.528359
2.95569
-0.512553
-14.967
1.20403
-7.02945
2.44714
2.56988
-17.5268
-33.1501
1.1877
-26.2729
-8.35367
3.34805
0.800514
2.43576
-28.517
-9.56056
-34.338
-7.45871
-2.71935
2.37569
5.07983
-2.42399
3.37982
2.49734
2.51118
-1.26496
1.78003
2.59648
1.25918
1.80693
2.33929
3.14253
3.71013
-1.60824
2.48486
3.39198
-7.73383
-33.2896
-8.60568
1.2941
-0.0909592
-0.521512
-12.1241
1.7991
-15.0713
2.23008
1.6682
3.6392
2.02944
-5.71096
0.333385
-23.8575
13.5853
-3.25821
-3.1636
2.87563
1.16985
1.46943
2.31763
2.85704
-6.79315
-2.0859
2.78046
1.30159
2.20262
1.29029
-5.211
1.76768
1.79063
-0.0995116
-10.0113
1.26085
4.67662
-0.853399
2.39634
-8.72167
-10.0467
-9.2135
1.70202
2.13438
3.54216
3.39733
3.31439
2.23207
-9.3443
2.66165
2.72798
2.28558
-18.2481
-0.15943
2.53889
2.69892
-9.29134
3.04837
3.06675
2.30222
-8.88522
2.06022
1.1299
-7.17687
2.68233
-1.77171
2.17222
1.22495
-10.0605
-0.188142
-4.3328
3.53026
2.0023
3.1381
-10.1763
1.34836
1.75997
-1.70386
-31.679
-6.89831
0.201188
1.7226
-32.5756
-10.3268
5.00256
2.36371
2.55776
3.47185
3.32997
-1.04009
-33.2196
2.96062
1.16865
1.97905
1.75814
1.41721
-10.6837
-0.199667
2.20332
1.33522
-6.92226
3.76121
2.43916
-0.93559
0.706982
2.3667
-35.4498
1.18385
1.60054
5.45496
-1.14901
2.6321
2.71102
3.02043
2.0797
3.37651
3.98992
-8.19554
-7.84114
-5.84396
-3.96677
2.55954
0.826373
1.30747
-18.5437
-4.97114
-0.22903
-0.337685
2.83245
-10.0795
2.12621
-10.5285
-10.3352
4.9541
1.5242
2.49689
2.70292
9.58793
2.43621
-2.3293
-0.831731
2.46837
3.73552
4.55626
-1.01631
0.73486
3.00356
-0.694213
0.657728
1.54357
0.0727893
-7.57107
0.717908
-10.342
3.4611
2.38103
1.38328
3.52622
1.12151
-8.78321
-0.079115
-9.42899
-9.64266
3.80365
-3.96727
2.35417
3.48083
2.15461
-1.22881
1.22224
-3.70488
-2.78884
2.01025
-1.16679
2.27885
2.47164
4.28142
-25.041
-0.876591
0.285564
2.20079
-9.68672
2.25189
1.81836
-9.97866
-20.5548
2.8518
2.04803
-24.1647
3.34938
-1.22837
1.88805
0.262305
4.07085
2.59014
1.67531
1.14213
0.945579
-1.08736
0.0272447
0.673333
-1.00767
-15.0383
-2.62495
1.87624
-33.3021
-16.6404
-11.5387
-5.00928
-3.94616
3.46697
-2.9279
-20.5981
11.0901
1.98286
1.91279
3.55957
-31.3658
2.05266
1.69015
-4.11893
0.616675
-8.96518
-2.63365
2.55831
1.01988
-1.00074
4.74396
2.93478
-34.2908
-25.9648
3.83933
-17.7039
-4.40076
-22.3676
-5.09712
-0.699148
-2.5894
2.06876
2.41092
0.965715
5.93695
4.06438
-23.1437
-23.8319
2.44991
3.3553
1.05397
2.61137
3.42995
-1.03921
-5.2532
4.36506
0.149214
-19.8714
1.18181
0.706929
2.38431
1.50001
3.43674
-9.87541
-19.4506
-31.8004
2.24491
-25.5516
-27.4151
2.55933
0.787054
-2.46215
-3.64693
0.44254
-9.67856
2.82454
-32.9254
1.73719
-33.4306
-1.06549
-2.70781
1.70239
12.9825
3.43819
1.96333
3.81562
0.899163
1.05464
2.68937
3.90415
2.38191
-14.9504
2.39776
1.49205
-1.86305
-0.0204718
1.18543
1.83853
-13.7623
1.91071
2.31616
-3.99802
1.97783
1.12209
0.356807
2.34228
-1.38291
4.89968
1.13335
0.928687
1.18464
-33.8819
1.93648
1.77742
-32.7548
1.29671
1.27864
3.46213
0.810236
-2.54544
2.35954
2.43183
2.48524
-0.0549013
-8.31489
1.33057
-21.7047
1.96372
-8.67472
-33.3774
-7.45008
1.99199
0.134767
-9.38898
1.66456
1.60851
-31.0958
3.5763
-9.04859
0.817714
-1.47196
-5.33961
-13.1179
4.41849
1.60279
0.904791
2.24489
4.53385
5.22203
2.79837
2.62215
4.02511
2.65075
2.96136
1.10241
2.33924
6.19648
-2.84974
2.6478
-1.65901
-0.497761
0.281133
4.27739
-6.98867
4.9119
4.93557
3.352
1.23068
1.07448
0.26993
4.41859
2.16931
2.66828
1.65714
-32.3512
2.91099
-1.10476
0.446748
2.39262
-1.00213
2.3802
6.21503
-23.4033
2.71
-0.692246
2.57806
2.69455
3.42622
1.72127
2.05566
4.26206
5.9278
-11.8616
-1.76985
-0.726018
1.15222
3.39354
-26.6231
2.79331
4.9537
0.00811582
3.7866
3.173
-29.2765
-18.359
2.56852
3.47237
-10.3043
-0.879241
-8.65145
-0.892491
-4.82324
-12.4402
2.81621
2.73146
-1.22808
3.36684
-9.86751
3.23202
0.362692
1.62615
2.10674
2.18033
-14.9454
2.61841
3.21469
4.48979
1.50038
-8.51008
-0.345533
3.35729
2.20371
-10.199
1.74523
2.04241
-7.83364
-1.40221
4.30343
2.14324
-32.861
1.58624
2.32813
2.98728
-0.811764
-31.8657
-1.30181
2.67338
-5.30805
6.22809
3.2621
2.54168
2.64101
2.09112
-8.01429
-6.28979
1.41592
0.447338
-7.90776
-23.7702
-33.585
-0.633654
-33.4947
-7.60704
1.21069
-9.04184
3.47958
-22.789
3.2988
-24.4779
-1.83115
-9.49769
2.71779
3.56959
-8.73389
2.04511
0.876381
3.34423
-32.3051
-3.69616
2.74176
1.32809
1.03824
-2.70865
-4.69788
2.58145
-0.843888
2.4455
2.00671
-16.5777
1.7863
-9.14544
-0.469106
-10.1758
-9.98918
-24.1458
5.41106
-0.237748
-8.06866
-1.23951
-1.53475
1.00749
-6.81572
-9.62928
-4.16762
2.67038
1.621
-9.10971
-1.13783
4.63093
-17.8015
4.94117
1.24988
-22.0298
0.593225
2.81193
0.0198192
2.77078
-13.4595
1.14577
4.00561
-1.20824
5.74335
-8.29675
-1.0194
-3.8826
1.32517
2.5684
2.42085
-1.64794
-13.7009
0.690338
1.06318
-6.10895
4.89233
-0.986966
-9.23764
-9.17645
1.47275
2.6339
1.65206
1.36297
1.42031
1.06388
-1.20452
-9.59166
-9.3428
1.25439
-23.3828
-6.0894
3.55269
-21.6987
-3.50763
6.25491
3.32309
2.76366
1.832
2.17398
4.34524
2.17525
-0.640743
-0.912821
1.90082
1.05989
-4.15683
3.36415
3.46266
-8.26013
7.38443
2.2253
1.07919
2.49762
1.63219
-26.1685
-8.8687
3.00312
-6.35784
3.35173
0.800471
2.70651
1.54938
-25.8782
2.62822
3.12992
4.91689
1.54302
1.26825
-7.93423
1.47636
-1.75191
-8.43339
0.20646
1.2242
3.35139
-5.43656
1.35354
-8.57312
1.05222
-4.47917
-10.2527
2.84804
1.82115
2.56441
2.47735
2.19014
-10.1166
3.42576
-9.54603
0.668468
2.45228
3.48687
6.14265
3.26583
-0.76315
-10.5146
6.15236
0.378499
2.69141
1.94185
-31.4164
7.49986
-10.1287
-5.06221
2.63937
-4.11663
-3.2772
2.34069
2.49487
-10.4515
1.78922
-0.313412
0.723805
3.62943
2.77793
-21.1908
-9.36613
1.75373
2.92827
-18.5651
-23.0271
-0.643468
3.10995
2.67457
1.30506
-9.59936
3.97935
-1.57307
-22.6881
-1.21132
2.76022
2.60396
2.89804
1.27721
-34.821
-9.63984
1.76487
1.95913
2.44776
-18.7575
1.50352
-31.8464
1.65097
-0.811159
-11.0321
2.81758
2.83931
1.55458
1.13399
3.06747
3.58735
3.50298
1.32615
1.74535
2.4291
-2.82533
3.63016
3.53064
-0.21877
4.55977
-32.4051
1.15723
-0.194107
2.25761
-19.2518
-9.39157
-9.5103
10.4613
-0.799198
-8.01149
0.598315
0.0331276
-10.1295
-1.48356
-3.23974
-22.3611
-15.3306
0.189901
3.40997
2.69932
-10.0124
-32.0025
1.9209
1.37667
-3.45809
2.32382
-9.43327
2.41777
1.89165
4.21687
-32.1432
-32.3036
0.118008
0.988543
2.36976
2.64662
-1.76171
-9.89026
0.153695
-25.4744
-32.4791
3.74923
2.60064
2.86357
0.476015
-2.16907
0.913649
-0.974554
2.95984
-9.34724
-9.84651
1.06392
2.52518
-10.1014
-28.1444
-8.98913
1.41186
-29.6773
2.47686
-0.275508
3.24354
1.29534
2.0792
-31.5803
-27.394
2.187
1.48691
2.27888
-22.1743
-28.7826
2.6752
-13.5416
6.85264
7.83593
-9.24694
2.50417
1.26985
-10.5866
-0.931088
-1.38147
-21.5111
6.15408
1.60054
-1.54233
1.35418
2.79277
-0.430116
1.48192
-7.99425
6.23618
1.6546
0.782149
0.907785
1.44189
2.25234
-10.0682
0.723194
2.29952
1.69456
-0.854207
-22.0653
2.07262
3.61917
-31.4373
1.7321
-4.76387
1.29116
-1.8255
0.6922
-32.0086
2.62815
2.84924
1.68446
-1.32815
2.71481
-7.49395
1.00585
-1.60622
-8.64042
1.66255
-13.1343
-29.9667
-1.25775
1.81799
9.33627
0.681966
0.912666
1.94933
5.13571
0.550293
0.482757
-0.91123
0.855477
4.19093
0.983017
3.93464
-9.47243
-33.1701
-6.56577
3.13692
1.37425
0.908556
2.87027
-10.5325
5.05069
0.692901
5.75472
-9.11691
3.4023
3.92132
-17.6295
-27.2425
2.60591
-1.02245
-9.79379
-0.334138
1.82714
6.21382
1.01502
-33.3449
-0.327873
3.39664
-0.301746
2.10913
3.11236
0.0407763
2.53919
3.98275
-0.528884
2.05808
-31.826
3.79009
3.4439
-10.1743
0.8011
2.41915
2.14441
-29.3546
-32.3724
2.32894
1.17612
-8.2508
4.63647
-6.0665
2.47696
-0.744562
3.40735
1.25335
1.47111
-2.79368
2.81223
2.2725
1.92901
-21.7171
3.27145
-31.7043
2.59152
-0.862695
-8.14372
-3.51178
-0.996692
-0.976768
3.41204
-17.051
5.60775
1.19746
-0.624015
0.787256
-0.210888
2.61373
-32.4239
0.753311
1.62271
1.31402
-33.1369
1.54303
2.4556
-34.3338
2.76208
-3.74964
2.56983
1.30022
-32.0251
0.955428
3.25879
2.61464
-2.34074
1.24383
-9.40537
-10.3312
-31.9749
-2.60816
-30.0021
-3.48453
2.06414
2.36243
-6.79999
8.45431
3.525
-0.792489
-15.3326
-0.888401
-1.18864
-8.65592
-3.78689
0.71555
-5.8909
0.887851
1.87198
0.61569
-10.3626
20.4798
0.895126
1.62864
1.09144
0.677252
-6.43138
0.698711
-10.1204
-13.5849
-0.967131
-3.68024
3.71578
-13.145
-29.245
-1.81975
-0.791469
0.918037
0.743171
5.29842
8.0977
0.791123
0.797852
-33.1412
1.56353
-3.26304
1.06448
2.8292
-6.33352
-0.227364
1.44723
-28.9794
-34.8732
-9.12297
-1.02595
-8.74813
-9.3119
3.4699
1.03384
0.983145
2.59442
2.21703
1.07125
2.41665
0.717643
-0.0455849
2.46757
2.37463
-9.44809
-3.98526
3.20024
-35.3979
-0.506008
1.82626
-5.77925
-34.3856
-8.76769
3.52517
3.09636
-1.1162
1.6339
-10.1241
-5.00012
2.22097
-8.57118
-9.61253
1.72569
4.9948
-10.2085
3.38508
3.36477
-33.7935
1.12152
-3.25277
1.33496
1.01112
-0.710876
1.44533
0.768196
-2.44343
-0.617741
-10.6401
-1.13273
-0.331896
13.3131
3.81523
0.245907
2.71245
4.82656
-1.07785
2.02117
-9.58533
-29.4395
-10.4395
1.29212
-28.2309
-2.77522
1.40682
-3.46161
1.12884
3.12479
-8.84236
-1.1724
-10.4075
0.835743
5.35917
2.6322
1.73885
0.594035
-0.467893
-0.738922
3.66403
2.86024
1.75449
3.1401
2.68281
1.30522
-34.8342
2.04194
-1.44381
0.726679
1.6249
1.00567
1.18595
-0.238329
-27.1237
-29.4378
-9.28976
5.26966
-5.73517
2.40899
-0.939748
1.6217
2.09547
-3.3067
4.9644
-0.406468
-9.15582
-3.75079
2.72745
1.09553
2.87756
0.648871
4.54123
-6.982
4.0161
-4.24938
-8.96317
0.646521
-29.5375
4.99767
-20.0596
-0.987563
0.74363
-28.014
3.51944
-6.92266
2.75133
0.886431
1.78566
1.73191
-17.8937
-9.00759
-8.91202
1.43355
3.11954
0.831064
2.04261
1.06795
-0.389831
0.776403
-9.25954
1.10364
1.06159
4.10808
-10.903
1.41147
1.0701
2.7152
-4.76057
2.07185
-31.9257
-9.76737
5.6577
11.2141
4.98068
-0.0589639
4.52048
-11.456
1.4797
-0.781346
-7.94714
-0.555563
-32.8395
0.753924
2.05552
2.32445
-22.7559
3.34929
0.597208
1.85539
-2.7394
3.38261
-2.76364
1.01593
-0.880745
3.68841
2.22714
-31.9405
1.42882
1.85874
1.46211
3.73092
5.30531
0.988295
-1.55631
3.49933
-9.97925
0.471483
-1.21409
1.67895
0.294231
2.41592
2.00546
2.9082
-33.4067
2.72326
3.44818
7.88436
2.26402
-7.53505
-0.88618
0.0264233
-1.13161
3.76133
-0.125923
3.90828
-28.5989
0.209698
-9.8487
1.16696
2.41648
1.86103
4.2838
-2.44465
1.40609
-26.8455
4.09124
-1.65996
0.410132
6.13709
1.42271
2.69218
0.281495
1.44479
2.4371
1.56671
1.93259
1.70933
2.73723
-33.222
3.1692
2.10165
2.9126
-15.4667
3.12154
3.68275
-24.2741
4.51535
-9.73094
1.86065
1.90691
0.671324
1.64391
1.16247
-18.0994
3.69816
1.46628
0.00134514
1.35041
-8.84649
0.817227
1.1993
-0.329977
-0.550516
1.09546
-1.8278
-0.101561
1.04841
-3.24232
-0.130384
2.45918
1.96046
1.37608
2.58223
1.1966
-3.39743
4.05363
1.98111
-0.0400515
-0.0381407
-9.12477
2.90876
3.9166
-8.5718
-12.2056
5.05989
1.48991
-1.12223
-0.0950561
2.81075
-23.0932
2.14171
2.56132
0.762416
1.74162
-28.8047
2.97527
2.09416
1.0041
2.21445
0.30203
1.64737
-0.193058
-10.2467
2.41118
-0.569813
-34.8622
-1.65041
1.12669
-0.507643
-2.02889
1.91842
-4.59555
1.87461
2.28372
2.84697
4.8448
-23.0861
-0.361036
-0.756037
1.35873
0.84667
-0.4454
2.25964
0.0891563
-9.46514
0.829628
-4.86106
2.97509
2.0388
2.45609
3.06053
-9.25624
-12.6248
2.46289
2.76182
4.35358
3.00193
5.35306
1.6198
2.70225
-10.2427
2.16563
-10.1722
3.93673
-0.774319
1.04589
3.46982
2.19084
2.39949
-0.282835
2.74115
-0.803837
-35.1032
-4.43155
1.83979
-29.8529
3.27372
-28.933
-10.0297
1.93601
2.14568
-32.3461
-12.5304
-9.4512
2.22216
-1.03773
3.98512
0.032885
-9.93858
-0.331847
0.481282
1.64164
3.47674
1.38438
-0.88463
2.74677
-0.529397
2.16036
1.99479
2.22887
4.12503
0.416343
1.55998
-2.27323
3.76914
-9.33414
2.21615
2.56354
3.36253
0.947119
2.30535
2.22798
-33.3217
3.16382
2.61735
-9.89932
1.97734
2.54361
2.21014
0.525439
3.16589
-10.5547
1.02608
1.46267
2.5409
1.61857
-5.56996
2.92854
-15.778
3.78896
-2.61287
-0.98808
-0.942711
-2.96856
3.17642
-0.95738
3.50082
2.15706
-10.718
-26.0677
1.33707
-0.177569
1.14183
-8.24395
-19.2353
-9.54045
-9.88155
0.738726
-32.4103
1.52557
3.96693
4.83839
-0.352376
1.80559
-0.167379
0.32672
2.21061
0.932231
2.94877
1.52215
3.86302
0.34428
3.39584
-0.47624
1.29147
1.66472
0.344705
-0.559747
-2.95535
-12.0536
3.08494
0.491285
2.85493
2.42683
-9.33627
-31.1342
1.79622
-7.05185
0.610115
0.0615487
4.21002
-2.66381
6.52091
-6.21015
-1.28161
1.55679
-7.62708
1.37993
0.753237
-10.1686
-4.15001
-33.6073
-8.00372
6.06801
2.71089
-22.4213
-4.05972
-14.8759
1.00512
-8.39261
-22.142
1.00838
1.5059
2.08713
0.327225
4.80816
4.28785
-9.74647
4.08199
-9.98756
-0.175964
-4.91888
12.7219
1.49992
2.11138
-1.78367
0.593283
3.77355
4.50803
3.98127
-33.3217
1.77418
3.05695
0.921116
2.02152
5.02768
-32.339
-10.215
1.87281
-0.193528
0.488914
1.70639
-10.2249
-0.117046
-2.8798
-4.51158
-12.9985
-20.8817
-9.86085
1.40084
-10.3492
-1.04319
-12.0793
1.60575
6.9296
-0.944751
4.97506
-14.5317
1.45477
-0.17502
2.09499
-9.46386
1.72004
-3.97528
3.76122
1.06946
-17.4509
3.44623
-29.4494
1.8955
-9.77187
-8.24385
0.388559
-10.471
-14.9322
-27.9991
1.01636
-32.3213
0.636831
-8.95301
-2.15092
2.23699
-19.7802
-0.00505257
1.98782
2.49395
-10.6139
-21.4437
-1.10468
2.01548
1.25292
2.72779
3.45759
2.71883
0.96918
1.07434
-2.80566
7.9424
2.15512
2.989
0.284325
1.94223
-0.58263
4.64691
-9.52243
3.82522
2.21519
-10.7535
-26.0157
-9.02083
2.36302
1.03108
-19.766
2.22667
0.0116175
2.59474
0.499551
3.25056
-9.69054
-9.8965
-1.15776
1.93509
-8.86141
1.8056
-6.77095
4.27486
0.808786
-12.7973
1.4449
-27.3728
12.7145
1.21182
-7.10675
1.09275
4.52931
1.0635
-0.200396
1.42559
1.47405
3.09158
4.74576
2.11651
-0.953303
0.902141
2.47092
-14.6106
1.74887
1.97728
-9.76367
2.59342
-7.12433
-26.6179
3.46491
2.13984
5.89508
3.616
2.75447
-10.2524
2.11639
3.25066
2.24908
2.51083
-2.72737
-13.2517
0.360607
-9.22241
2.70077
1.33464
2.90607
2.56659
-9.80567
2.30996
3.2979
-19.9636
-9.3941
-9.17118
2.75349
-11.2111
1.81092
-2.98503
1.82618
-9.36513
4.30469
-0.947833
2.97876
-0.49395
-33.2779
2.83238
-9.7162
2.2318
1.66381
2.20485
3.03619
2.50309
-1.00827
2.11863
1.68425
3.53723
1.17244
-33.5081
-22.017
0.821543
-0.855611
-4.15269
1.73257
-4.1753
-0.134033
6.97075
-2.82883
2.63395
0.0439646
1.88668
-6.66267
0.35892
2.01365
-0.507166
0.309369
-32.8545
1.15235
-10.0673
-3.92895
1.06444
4.37805
-0.971874
-0.69954
4.27508
-6.88526
-6.91585
-23.695
-10.8139
-1.02034
0.973287
-8.67502
14.0968
6.24077
2.39549
1.06748
4.40858
1.4257
3.49048
-31.1326
2.64873
-10.1571
9.53978
1.3312
7.36662
1.23588
0.884792
-9.74458
-2.18961
1.20117
2.2867
-18.8527
0.627274
1.06454
-15.1794
-28.1939
0.973773
1.9635
1.40564
-8.91456
3.01439
-32.4747
2.44477
1.93501
3.37774
-3.42902
-28.9711
-30.6431
-24.6185
3.16375
-33.8656
-3.03985
0.436815
1.51739
-33.1177
-8.8677
0.379869
-1.27831
-31.2821
1.00964
-1.14108
0.634546
-0.0733629
2.80406
-32.9124
0.852916
0.73341
-0.707687
5.32325
-16.6466
0.0829903
-6.5667
-33.3886
4.0414
1.66831
-28.5802
2.58869
-0.199511
2.50622
-0.948818
1.75857
-10.3062
-0.0761317
-0.345884
-5.91792
3.18039
2.24344
-10.9379
1.62327
0.540261
2.26366
-0.19891
-9.08463
-19.5366
1.13651
1.88012
1.04594
1.97424
1.23862
4.06994
3.27336
9.06707
1.37567
1.57508
-0.954269
-10.7923
2.20173
-20.9654
-9.65065
2.83287
2.22082
0.753448
0.858629
1.16271
-6.71841
-9.9145
-26.7667
-5.34784
-1.10301
-10.3311
-8.02021
-0.171104
-27.9282
-4.56194
-28.0696
-20.8215
-9.70807
3.44993
-3.34516
1.18742
-23.6973
0.948972
-0.458341
2.2166
1.19178
6.04885
5.39112
-1.3742
-34.0359
-0.841064
-2.85629
-0.935348
-1.37757
0.1267
-8.39695
-4.21126
-10.0712
0.691965
22.9041
2.63327
-7.43806
-25.112
-33.8206
2.33109
-9.89566
-11.3691
-9.12271
1.79551
0.713204
-3.25125
1.16896
4.24186
-1.0315
2.53482
2.00757
2.14628
-8.59176
-0.823606
3.25409
-6.08398
3.85448
3.77943
1.45295
5.66598
1.19489
0.9244
0.685596
-0.732553
-0.358705
-30.2072
1.34421
4.09749
-34.4323
-0.379731
3.45449
1.79809
3.66843
0.596775
-33.6911
-33.1837
-1.02037
0.131543
0.892555
6.28997
-0.455082
3.32895
-10.1925
-15.6064
0.6206
-0.835554
0.670064
-8.16574
-33.5749
-4.98821
3.47863
-8.49451
-8.15249
1.96732
-1.09651
6.04524
-21.1474
0.563282
-0.758492
3.14699
1.57785
1.72655
-30.8858
4.03293
-1.20693
-10.2789
2.84879
1.91795
1.6621
0.0733719
1.39977
0.998724
0.661537
-6.79707
0.699771
0.298009
0.862639
1.47222
-0.741038
-11.9612
1.10615
-4.91458
0.0402218
0.396492
-3.35504
3.3376
-8.80961
-0.261097
-30.6994
-25.428
0.40854
3.35118
1.87615
12.7839
1.63634
-19.861
1.05219
-8.78548
1.46974
0.766344
-28.0921
6.01564
4.03943
2.81421
5.43916
-1.28728
-10.1613
3.19035
0.580201
-14.0324
2.45738
1.045
1.87678
-32.7984
-26.5619
3.11007
3.41152
-5.06136
2.26132
-1.85206
-8.25199
2.09062
-30.9628
0.188222
1.14305
0.160699
-31.2002
-10.136
2.77021
2.61427
1.05132
2.69221
-1.01166
-0.0960587
-28.596
1.84193
9.48047
0.955506
0.436903
1.85061
1.01963
8.95021
0.953995
-15.3914
-9.52537
0.910512
-19.7357
-6.782
1.09084
-24.0699
-1.14557
3.73105
-9.19937
-8.36182
-7.18263
1.29451
0.131999
2.1014
2.49599
4.14346
2.27201
6.67928
-7.34194
11.2734
2.41377
-1.3191
2.48382
0.21435
3.10381
1.02457
-31.4954
-13.7313
1.81279
-3.71526
-1.36694
-19.8652
1.54274
2.5025
-19.9306
-10.847
3.38895
4.16507
-24.2716
3.18516
1.00954
-0.117743
1.99646
-1.6295
-34.7023
-4.14348
5.92529
1.20633
3.51248
-8.5406
-0.369692
3.3227
0.382877
-32.8855
2.49882
2.89883
2.98381
-33.6925
-9.08896
-8.734
-0.408142
-21.1356
-2.83421
0.811721
-10.072
6.35149
10.4227
-18.7001
-31.8545
2.49038
2.74304
-10.7912
-9.73698
-0.311922
-8.93198
-34.9262
1.88503
2.73393
3.71719
-0.344375
-9.78522
-30.8471
-26.5127
-1.89327
-18.4472
-2.26815
-13.2025
-10.6728
-0.0814082
1.49396
1.01753
2.29213
-0.693977
2.02148
-13.0144
-16.5135
5.95695
-1.02031
0.122876
-9.28487
-0.924325
-33.0794
3.66513
-27.6943
-32.3025
3.40798
3.18311
-2.96866
-33.6333
0.216604
-10.2317
-29.7513
0.994142
2.37527
-27.3135
-9.95767
1.66868
-10.0007
0.993911
2.65107
1.93606
-7.4499
-2.9871
-1.05864
-1.25455
-9.83143
3.73695
-9.55483
-9.28773
-32.7564
1.06323
-10.6152
-10.9647
-5.56127
1.21769
0.408213
-0.678265
1.08519
2.42238
-8.13257
2.07716
1.02817
-10.3392
-0.256264
-10.158
-10.5633
-8.43549
1.07771
-7.69587
-33.1415
3.4908
-10.4286
-11.0998
1.16737
-0.913016
1.50742
-2.80729
1.37475
8.05532
2.09789
-1.02156
-8.71298
-9.23708
3.87308
-32.9318
1.01512
-33.3394
-26.1175
1.41008
-0.356212
0.967747
-31.5292
1.84809
1.59809
1.9737
-0.84873
5.6583
3.3032
2.07239
1.16868
1.94497
1.83482
1.84232
1.08746
4.57337
-0.341859
1.48692
-3.87281
0.876731
-13.2623
-29.6473
0.658995
0.452902
-29.2637
-10.0204
0.893377
0.696085
2.66647
1.3869
-30.5878
-8.22966
-7.98403
-1.32763
-1.32397
-5.70364
1.18043
-9.03986
0.129264
2.35916
-26.8643
2.2317
-9.48124
5.39964
-0.0330471
6.01566
-15.2234
-9.73741
1.60753
1.97735
1.44104
2.04915
-30.3871
1.13979
0.399681
-9.10078
-0.0124094
4.25842
0.725503
-1.25986
3.94975
-33.0644
-2.44058
3.29763
-10.2813
0.501868
-1.16564
1.66772
-9.45973
3.50298
-13.6833
-32.9837
-14.7138
2.20605
0.59447
-32.8091
1.09577
-4.12339
1.547
-4.784
-2.46438
0.958639
-8.47401
-9.28315
-8.42336
3.35755
-16.1796
-21.2074
3.02474
-8.09624
-2.8623
10.588
1.3904
-36.4273
-1.30392
3.27538
2.87032
-7.05095
-26.7069
3.99481
3.19742
2.07391
-9.52463
1.91061
2.33438
-1.26761
2.51185
3.40209
-10.0751
3.73557
7.1559
-10.3386
-15.5549
-1.22487
-0.202603
3.18194
-31.3646
3.31408
2.79767
-9.82808
3.25582
-1.27702
1.91023
1.06198
0.274905
-0.408548
1.82059
-0.138793
-9.67309
2.71517
2.32102
2.50423
-11.474
-10.8512
-0.766349
-10.2127
-29.0909
0.749937
6.9782
3.41988
2.90129
-3.61316
-10.47
-31.4574
2.80417
-0.451139
3.4981
2.70786
-3.60659
1.06155
2.2827
-17.0814
-10.4736
2.21725
-8.13585
-8.64358
-0.259781
1.85933
-8.68227
0.905729
0.0108976
-10.2452
-3.92973
1.57293
2.76577
-1.66726
5.17565
6.20284
3.0084
3.96781
-1.43129
2.2305
2.56322
-33.1292
4.74227
2.79232
-21.4424
-4.51753
-2.78424
-0.78229
0.802115
-27.6854
8.46992
-1.81421
1.07488
-33.5658
1.37966
1.21976
-16.893
-8.9463
3.2119
0.414539
-33.2795
-22.2956
1.49677
1.2598
0.186155
3.10843
-9.94627
1.75846
3.5302
-0.170954
-25.4718
1.02147
2.2217
-0.665816
-2.43417
0.574882
0.0411067
-0.975551
2.64602
-1.10983
2.72787
1.51732
-3.88394
-3.33097
-1.32061
-10.5089
1.5038
-1.15002
2.84065
-1.38614
3.43396
-33.788
-31.88
1.95786
-32.3309
-5.25212
2.56059
2.70484
-9.17094
-9.83199
-10.2425
-8.17184
0.792429
-31.9187
-26.7443
1.52873
-9.25301
1.98657
0.857088
-16.7079
-8.84457
0.828416
-1.1852
1.01698
-3.98453
2.75958
-0.201769
-10.4036
0.897697
2.90424
-1.19104
-0.824992
-33.2541
-7.53859
2.71157
2.03114
-9.23967
3.40135
2.75939
3.61413
-31.8781
1.4354
1.62001
-8.03835
1.06
0.160624
4.87854
1.91462
-10.7285
2.18567
-18.0462
3.36858
-1.31024
2.92188
3.05643
2.27922
4.0785
3.22271
1.26524
-10.912
-4.46146
1.61412
1.57317
-1.60916
-33.3893
3.2827
2.01732
0.579097
-6.45517
2.64845
0.270013
-1.61833
-8.09681
-9.80127
-1.1131
2.88055
1.50486
-31.4922
0.935536
0.84654
-7.21979
-21.6496
-10.5053
1.66365
3.60224
2.71192
6.64261
-4.58759
2.73935
3.58403
-1.49164
-8.91182
-10.604
1.49817
3.6655
0.802031
4.32836
0.941051
-8.78814
-33.5713
-8.78164
-8.35587
-1.11087
1.59101
-2.05174
4.3307
4.34016
-1.38704
3.76641
2.77615
0.491896
3.37609
5.57567
3.37331
3.23679
4.44847
3.38403
4.6202
0.738617
1.04861
-33.5568
1.52619
-9.5044
-0.786674
-7.10998
4.03438
1.10498
2.19591
-10.6444
-10.0528
2.94756
-9.45469
-8.82547
2.00904
-28.9686
-10.6519
-6.03481
1.56483
-9.75065
2.57317
-0.636616
-10.1541
-26.9377
6.12373
-9.4524
2.5395
4.92923
1.31939
-8.52082
2.72333
3.18433
-9.96788
-0.469183
10.1815
-1.61429
2.25513
2.61573
2.5479
8.69006
-1.1524
-0.207084
-21.0916
-2.35338
0.501998
1.39773
-32.0884
-9.70418
1.88091
4.52776
2.85828
-1.04658
-0.348186
0.988596
-9.81131
1.8735
3.53354
-1.02523
2.5979
3.65848
1.12777
3.43648
0.887907
-3.14464
-17.6423
2.71561
2.82739
-0.770183
-1.22174
1.01787
3.01556
-9.5263
-6.75443
0.742182
1.20646
1.03411
-10.393
0.269365
1.54506
3.28838
-19.493
-9.68828
-1.05162
-10.7368
0.348208
3.96901
2.63854
3.23404
8.83879
1.24933
1.30989
-0.471756
-8.99317
3.30712
-8.47068
0.13075
-0.939405
-6.39798
3.77405
1.42851
2.37853
1.24027
-0.686517
2.58392
-21.9732
-2.2915
-2.81775
1.32758
1.68828
-34.9406
-0.150985
3.22585
1.32412
-6.38099
-23.9617
5.24075
0.520925
-32.9186
1.47364
-9.17839
-33.4403
0.997798
0.891894
3.77398
-10.3288
-8.48372
3.25516
17.5179
-0.905417
2.44755
-9.6772
-33.2355
2.00359
8.28176
-6.86508
-19.7369
-7.52618
-33.1055
1.24702
-3.24149
-18.6134
-10.0512
-2.67595
3.64681
-10.6287
-23.0422
1.5527
-0.32043
1.59678
3.07271
3.56092
3.17091
0.338114
1.02844
-10.7254
-8.86184
0.253981
-10.162
4.77777
2.29966
-0.460195
-0.722277
1.35686
1.99169
1.84841
2.31009
1.11392
1.62731
1.7741
2.68157
0.586647
-13.4407
-23.1473
1.79627
2.74688
-16.6974
3.17252
-10.4965
4.82405
1.51424
0.429692
-6.21989
-24.1604
1.46206
-10.0544
-9.11031
-3.71523
2.12171
3.88587
1.56559
-18.908
2.65106
3.50115
3.98355
-8.54349
-9.80374
-2.03749
1.66216
2.58267
-0.164529
-32.3087
-9.70014
-33.5853
-0.821278
-33.1777
2.76244
2.68007
-8.28016
2.20312
-1.30296
2.766
-10.5048
-1.45412
-5.41189
-0.718165
1.95391
3.482
2.09249
-0.924283
-0.354089
2.31126
-7.45981
-17.082
-3.1868
1.8668
1.57886
-8.73482
-0.132556
-31.1379
-0.848258
1.69106
2.50458
-2.53949
-8.74967
6.35446
2.93338
3.30588
4.9286
-0.431428
-0.101945
1.86475
1.93406
3.67421
1.15369
2.22884
-9.95898
2.71359
1.17345
0.227252
-28.2241
4.43186
1.31513
1.31723
1.23585
-1.44348
1.97881
-31.5522
-9.46207
-9.78184
4.34488
1.64979
-0.0140884
0.290071
2.54252
3.22316
4.59733
1.42733
-27.1961
2.65001
3.06333
1.21774
-1.93124
-10.141
1.0507
1.07666
2.06292
0.963073
2.71001
-5.7825
2.86482
-17.7363
2.52323
-12.0682
-1.42669
1.90072
-8.72303
-2.65726
2.86271
-31.6062
-9.86823
4.17359
-0.317556
8.34337
-14.7147
2.55035
-9.86023
-1.33775
-17.0229
-8.73708
1.43712
-8.52345
-8.28475
-12.0878
-6.11293
-4.42774
2.70585
-4.78123
3.87281
4.26914
-2.66345
-9.93318
-5.95849
8.63387
10.1409
-9.52602
-6.04221
-31.5691
2.13949
-7.6739
-18.1774
3.93347
-21.363
1.07528
-17.6158
-9.8834
-1.30944
0.823344
-9.51721
-15.3837
-7.65238
1.06942
1.82019
1.20237
3.42664
-3.41002
0.814711
-3.79167
1.00094
-18.4187
3.08538
1.33083
-5.73519
5.20824
-10.3928
1.38168
5.91358
2.63825
2.31545
2.16992
4.2164
-0.409042
-19.7634
-8.12724
0.888243
-2.17214
-0.174405
2.65071
2.16644
0.537306
-10.7191
-21.3275
0.563502
-0.882877
3.51849
3.04087
-2.208
-23.1103
5.69405
0.0712661
3.31546
-10.3506
0.961553
8.01745
-9.9205
-5.18732
2.90986
1.0006
-10.5424
-1.74152
1.95582
1.25915
4.23463
-2.70916
-32.9053
-32.9818
-16.487
-3.86017
2.26769
-10.6368
-13.3125
1.15891
2.29994
-20.1762
5.30282
-10.2652
-25.1779
-6.54848
1.41991
1.47177
1.64516
2.33393
2.6741
0.712723
-10.5644
-16.6925
-5.29646
3.41663
-9.95787
14.4983
1.64248
-0.0464018
-9.63864
0.945304
-12.0492
-10.4887
-9.33561
-5.8068
3.42317
-5.58315
0.682985
7.43269
-1.73032
-17.4996
-8.59945
-6.80502
2.09473
-7.77436
-10.3174
-5.79675
6.64165
-32.1021
-0.0410333
-21.7421
2.65181
2.66035
-9.77126
-9.21242
-3.03345
0.955004
2.3982
0.0154833
-10.1224
2.98508
1.84103
1.28874
2.2769
-10.1238
2.63832
1.56091
9.1964
-0.367522
2.44641
-6.58731
2.37673
10.4227
3.72979
2.62355
-8.66097
-20.2325
1.21976
-18.4547
-5.39846
-9.72423
-1.24119
-9.97
-8.74897
3.98388
2.49587
7.89297
1.90141
2.8566
-11.5097
-8.67162
2.8005
1.25506
0.440458
-33.1367
1.39641
-31.3436
3.05091
2.88738
-8.43361
1.02305
4.18388
2.89632
-10.0807
0.637706
-1.29323
2.73379
-1.10256
2.9414
0.382388
1.10309
0.616061
-9.70002
-5.7224
-30.7174
-17.4209
11.0904
1.10339
-0.300388
-1.34661
0.0614342
2.00331
-10.0953
0.87191
0.286806
4.41556
8.59445
3.50748
11.4463
4.48737
-0.958363
0.965907
-8.22991
2.27205
-18.3201
-8.45297
1.63258
1.59658
-8.95426
2.62203
2.95508
0.824583
2.94642
1.16853
2.64541
1.42178
0.424325
2.08638
2.16429
3.77352
-15.9209
-8.00724
3.31382
2.65186
2.62333
0.804115
1.31783
10.0729
1.0033
-9.84416
-7.42987
-8.79167
-31.645
7.13552
-9.51957
-9.66926
-10.2688
-7.60789
-9.52343
-12.6737
9.96218
1.09053
-19.2235
5.02185
0.11356
10.3112
1.10529
2.52418
-17.3987
-8.35842
0.617734
-9.29582
-9.92865
1.08254
0.0199076
1.63509
27.6523
-0.994404
-0.288755
-1.03722
-11.9088
18.2606
-8.95625
-13.0663
-8.82716
-8.10911
-0.780021
-8.91104
-8.83097
-9.21449
-8.74483
-13.9463
-4.55783
-7.98674
-13.7167
-8.51943
-0.91254
0.0722814
-9.72973
)
;

boundaryField
{
    back
    {
        type            empty;
    }
    front
    {
        type            empty;
    }
    outlet
    {
        type            zeroGradient;
    }
    circle
    {
        type            zeroGradient;
    }
    walls
    {
        type            zeroGradient;
    }
    inlet
    {
        type            zeroGradient;
    }
}


// ************************************************************************* //
