/*--------------------------------*- C++ -*----------------------------------*\
  =========                 |
  \\      /  F ield         | OpenFOAM: The Open Source CFD Toolbox
   \\    /   O peration     | Website:  https://openfoam.org
    \\  /    A nd           | Version:  10
     \\/     M anipulation  |
\*---------------------------------------------------------------------------*/
FoamFile
{
    format      ascii;
    class       volScalarField;
    location    "1850";
    object      nut;
}
// * * * * * * * * * * * * * * * * * * * * * * * * * * * * * * * * * * * * * //

dimensions      [0 2 -1 0 0 0 0];

internalField   nonuniform List<scalar> 
10435
(
0.530914
0.524806
0.616265
0.537141
0.558102
0.633165
0.60744
0.623044
0.714255
0.645202
0.534706
0.553715
0.653223
0.615136
0.582228
0.592403
0.652643
0.668445
0.773896
0.535572
0.603398
0.554259
0.593184
0.666567
0.624352
1.01358
1.00633
0.63428
0.936773
0.657402
0.580693
0.539664
0.644299
0.913635
0.616779
0.478923
0.591752
1.00105
0.971885
0.739137
0.66209
0.60672
0.607095
0.529302
0.57859
0.701226
0.649724
0.735539
0.738964
0.572758
0.614028
0.587326
0.939801
0.989693
0.984257
0.915581
0.60051
0.97358
0.749393
0.643574
0.952406
0.513479
0.951714
0.575238
0.583607
0.621973
0.798765
0.850776
0.609621
0.647768
0.998583
1.02735
0.490146
0.608961
0.556078
0.473426
0.623793
0.604179
0.667651
0.584475
0.586497
0.551659
0.905541
0.979837
0.593538
0.458255
0.48338
0.520359
0.464583
0.493406
0.523623
0.528473
0.552064
0.467744
0.503317
0.455451
0.533052
0.509901
0.703914
0.536565
0.485307
0.580719
0.474209
0.51223
0.5921
0.532065
0.555125
0.579475
0.606273
0.569614
0.569007
0.570282
0.554185
0.560185
0.534421
0.549836
0.539423
0.474932
0.521701
0.541984
0.542386
0.390027
0.4906
0.389503
0.550897
0.976478
0.537852
0.355039
0.54658
1.09667
0.359965
0.547712
0.600209
0.606218
1.02932
0.769929
0.46144
0.542581
0.514665
0.546666
0.540604
0.576984
0.84311
0.55717
0.559895
0.459092
0.427227
0.594781
0.61549
0.555222
0.790419
0.577367
0.508915
0.557795
0.613633
0.886266
0.555322
0.503732
0.631066
0.540285
0.563517
0.633458
0.531863
0.572154
0.540235
0.547236
0.652562
0.552459
0.581176
0.556704
0.614415
0.570531
0.929869
0.452445
0.562654
0.536567
0.498611
0.711728
0.564399
0.933255
0.53007
0.618029
0.551245
0.945718
0.571327
0.625817
0.494889
0.601738
0.567172
0.569857
0.545816
0.871676
1.08128
0.489641
0.561803
0.603542
0.556179
0.443116
0.71194
0.59011
0.498901
0.934943
0.643613
0.940875
0.631065
0.539999
0.525491
0.547943
0.926481
0.565444
0.756954
0.600619
0.548394
0.568525
0.970545
0.569258
0.53281
0.832316
1.02281
0.666017
0.941292
0.714646
0.855236
0.411225
0.967182
0.606061
0.99172
0.434816
0.578974
0.409068
0.773817
0.627022
1.00426
0.577517
1.09173
0.690779
0.61272
1.00973
0.605792
0.596615
0.522123
0.947926
0.778983
0.944014
0.535833
0.682328
0.429947
0.60907
0.783925
0.526619
0.871276
0.498982
0.655176
0.569818
0.606171
0.562284
0.745894
0.60548
0.823068
0.861203
0.606392
0.598873
0.985065
0.596871
0.52826
0.758815
0.515501
0.587981
0.886883
0.542574
0.609082
0.628499
0.610823
0.629266
1.04911
0.545624
1.05268
0.551629
0.596793
0.64384
0.647167
0.631883
0.614288
0.444672
0.500122
0.81054
0.57732
0.976107
0.968603
0.924932
0.408251
0.54483
0.910276
0.618434
0.984389
0.991568
0.495005
0.528146
0.547185
0.601086
0.789859
0.598604
0.620185
0.832049
0.543434
0.534208
0.661314
0.578397
0.610725
0.956706
0.558802
0.955973
0.511462
0.586271
0.674717
0.957716
0.912974
0.565384
0.826699
0.554765
0.605791
0.944862
0.503683
0.837503
0.662775
0.641846
1.08576
0.627051
0.809187
1.02933
0.681428
0.887352
0.945521
0.61446
0.562936
0.930107
0.922016
0.829531
0.910587
0.900188
1.09993
0.964457
0.92174
0.936844
0.907845
0.874761
0.896989
1.11684
0.80327
0.686871
0.930866
0.633922
0.995461
0.63488
0.684962
0.758218
0.652252
0.598104
0.970095
0.944552
0.865254
0.998268
0.886988
0.848339
0.945727
1.10012
0.888042
0.563713
1.0727
0.707836
0.991229
1.10771
0.653693
0.786585
0.769459
1.02597
0.983514
1.05924
0.956817
1.03626
1.21629
0.976255
0.651722
0.87314
0.617617
0.707025
0.642941
0.649671
0.73013
0.626703
0.643776
0.391983
0.663156
0.95021
0.968272
0.620248
0.966181
0.654719
1.18385
0.936691
1.10542
0.897002
0.870304
0.599552
1.02629
0.632536
0.579401
0.715293
1.06151
1.12891
0.778863
1.1603
1.07228
0.914271
0.898034
0.82299
0.92915
0.623571
0.989853
1.03773
0.930162
0.870745
0.656456
0.67053
0.735238
0.813042
0.934824
5.01793
5.03731
5.03485
5.02433
5.01805
5.03011
5.08191
5.20542
5.4519
4.46632
4.48178
4.48588
4.48357
4.48385
4.49859
4.54462
4.64534
4.83164
3.93766
3.94963
3.95594
3.95765
3.96098
3.97537
4.01398
4.09415
4.2372
3.43811
3.44727
3.45372
3.45693
3.46116
3.47366
3.5046
3.56694
3.67589
2.97571
2.98271
2.9884
2.99179
2.99579
3.00589
3.02966
3.07674
3.15854
2.5582
2.56356
2.56822
2.5713
2.57474
2.58249
2.60009
2.63429
2.69298
2.19149
2.19574
2.19942
2.20203
2.2049
2.21086
2.22371
2.24782
2.28778
1.87903
1.88233
1.885
1.88712
1.88963
1.8945
1.90421
1.92141
1.94835
1.62121
1.62303
1.62452
1.62614
1.62851
1.63289
1.64082
1.65387
1.67325
1.41428
1.41402
1.41428
1.41551
1.41792
1.42221
1.42923
1.43983
1.45473
1.25092
1.24894
1.24846
1.24958
1.25221
1.25658
1.26305
1.27196
1.28351
1.12253
1.1208
1.12055
1.12195
1.12485
1.12927
1.13525
1.14281
1.15185
1.02373
1.02383
1.02452
1.02634
1.02937
1.03359
1.03894
1.04521
1.05209
0.95198
0.953639
0.955094
0.957041
0.959787
0.963399
0.967769
0.972616
0.97749
0.904442
0.906175
0.907487
0.908887
0.910766
0.91324
0.916195
0.919309
0.922122
0.876851
0.877058
0.877179
0.877277
0.877672
0.878479
0.879566
0.880544
0.880809
0.863505
0.861748
0.860011
0.858215
0.856606
0.855293
0.854143
0.852726
0.850294
0.85967
0.856301
0.852486
0.848421
0.844408
0.840604
0.836924
0.832982
0.828088
0.862512
0.857885
0.851951
0.845368
0.838624
0.831992
0.825481
0.818794
0.811338
0.870414
0.864663
0.856529
0.847193
0.837411
0.827622
0.817961
0.808237
0.797886
0.882517
0.875512
0.864935
0.852547
0.839399
0.826115
0.812985
0.799997
0.78682
0.898536
0.889797
0.876283
0.860429
0.84355
0.826419
0.80946
0.792842
0.776496
0.91887
0.9072
0.889884
0.870031
0.849047
0.827745
0.8066
0.785901
0.76584
0.944898
0.927415
0.904972
0.880577
0.855195
0.82953
0.80395
0.778729
0.754289
0.979518
0.949394
0.920444
0.891303
0.86145
0.831499
0.801512
0.771376
0.741544
3.43827
3.52236
3.61047
3.70206
3.79686
3.89433
3.99406
4.09542
4.19802
4.30122
4.40459
4.5077
4.61
4.71121
4.81075
4.90824
5.00327
5.09536
5.18402
5.26886
5.34925
5.42468
5.49457
5.55828
5.61509
5.66449
5.70636
5.74075
5.76757
5.78652
5.79825
5.80339
5.80243
5.79623
5.78575
5.7721
5.75649
5.74016
5.72441
5.71057
5.6999
5.69362
5.69253
5.69717
5.70766
5.72351
5.7435
5.76599
5.78827
5.80741
5.81993
5.82222
5.81126
5.7842
5.73942
5.67608
5.59466
5.49633
5.38419
3.41282
3.49793
3.58657
3.67844
3.77321
3.87047
3.96981
4.07077
4.17288
4.27568
4.37872
4.48153
4.58368
4.68474
4.78427
4.88184
4.977
5.06929
5.15822
5.24329
5.32398
5.39975
5.47004
5.5343
5.59195
5.64244
5.68535
5.72044
5.7477
5.76739
5.77998
5.78599
5.78599
5.78072
5.77107
5.75809
5.74295
5.7269
5.71128
5.69744
5.68665
5.68008
5.67864
5.68293
5.69305
5.70855
5.72832
5.75057
5.7728
5.79199
5.80477
5.80765
5.79735
5.77113
5.72706
5.66426
5.58293
5.48423
5.37079
3.37247
3.45524
3.54164
3.63142
3.72423
3.81972
3.91746
4.01702
4.11793
4.21976
4.32205
4.42436
4.52623
4.62723
4.72691
4.82482
4.9205
5.01346
5.10321
5.18921
5.27091
5.34775
5.41915
5.48454
5.54332
5.59499
5.63916
5.67559
5.70427
5.72534
5.7392
5.74631
5.7473
5.74288
5.73395
5.72153
5.70677
5.69092
5.67531
5.6613
5.65021
5.64321
5.64129
5.64509
5.65478
5.66999
5.6897
5.71219
5.73505
5.75532
5.76963
5.77451
5.76666
5.7433
5.70243
5.64304
5.56522
5.47001
5.35996
3.3095
3.38957
3.47337
3.56066
3.65115
3.74449
3.8403
3.93817
4.03767
4.13837
4.23983
4.3416
4.44324
4.5443
4.64432
4.74281
4.83931
4.93329
5.02422
5.11154
5.19467
5.27301
5.34597
5.41293
5.47334
5.52667
5.57256
5.61076
5.64119
5.664
5.67947
5.68806
5.69035
5.68709
5.67913
5.66748
5.6533
5.63785
5.62246
5.6085
5.59733
5.59018
5.58807
5.59171
5.60136
5.61675
5.63692
5.66025
5.6844
5.70647
5.72311
5.73083
5.72626
5.70651
5.66948
5.61399
5.53998
5.44837
5.34163
3.22822
3.30523
3.38611
3.47066
3.55861
3.64967
3.74348
3.83966
3.93779
4.03747
4.13825
4.2397
4.34137
4.44278
4.54347
4.64292
4.74062
4.83603
4.92858
5.01766
5.10267
5.18298
5.25796
5.32699
5.3895
5.445
5.49311
5.53356
5.56627
5.5913
5.60891
5.6195
5.62363
5.62201
5.6155
5.60512
5.59199
5.57741
5.56272
5.54934
5.53866
5.53195
5.53033
5.53457
5.54503
5.5615
5.58314
5.60837
5.63492
5.65988
5.67989
5.69136
5.69084
5.67529
5.64244
5.59099
5.52074
5.43251
5.3287
3.1315
3.2051
3.2828
3.36443
3.44977
3.53853
3.6304
3.72501
3.82198
3.92088
4.0213
4.12278
4.22486
4.32704
4.42884
4.52971
4.6291
4.72644
4.8211
4.91247
4.99989
5.08271
5.16028
5.23196
5.29717
5.35543
5.40633
5.44962
5.48517
5.51302
5.53337
5.5466
5.55324
5.55398
5.54968
5.54133
5.53008
5.51721
5.50413
5.49228
5.4831
5.47795
5.47801
5.48416
5.49685
5.51596
5.54072
5.56961
5.60032
5.62992
5.65491
5.67158
5.67627
5.66575
5.63756
5.59024
5.52351
5.43811
5.33646
3.02369
3.09361
3.16794
3.24655
3.32927
3.41582
3.50592
3.5992
3.69531
3.79382
3.89429
3.99626
4.09924
4.20272
4.30617
4.40902
4.51067
4.61052
4.70791
4.80217
4.89263
4.97861
5.05944
5.13446
5.20307
5.26479
5.31922
5.36609
5.40525
5.43671
5.46065
5.47742
5.48755
5.49171
5.49074
5.48565
5.47759
5.46785
5.45788
5.44918
5.44326
5.44157
5.44539
5.45572
5.47313
5.49758
5.52834
5.56387
5.60179
5.63898
5.67175
5.69605
5.7079
5.70378
5.68095
5.63779
5.57394
5.49018
5.38905
2.90964
2.97561
3.04642
3.122
3.20217
3.2867
3.37531
3.46762
3.56328
3.66186
3.76291
3.86592
3.97038
4.07574
4.18143
4.28688
4.39144
4.49446
4.59524
4.69309
4.7873
4.87718
4.96205
5.04125
5.11412
5.18018
5.23906
5.29049
5.33429
5.37048
5.39924
5.42089
5.43594
5.4451
5.44916
5.44923
5.44646
5.44209
5.43769
5.43482
5.43508
5.44006
5.45117
5.46961
5.4961
5.53064
5.57251
5.61999
5.67048
5.72058
5.76616
5.80261
5.82533
5.83017
5.81396
5.77481
5.71238
5.62768
5.52365
2.79737
2.85918
2.92643
2.99907
3.0769
3.15967
3.24707
3.33869
3.43427
3.53347
3.63561
3.74021
3.84671
3.95449
4.06302
4.17159
4.27965
4.3865
4.49129
4.59338
4.69211
4.78669
4.87656
4.96098
5.0391
5.11061
5.17511
5.23239
5.28228
5.32486
5.36039
5.38909
5.41133
5.42788
5.43957
5.44791
5.45404
5.45862
5.46373
5.47106
5.48248
5.49969
5.5242
5.55779
5.60147
5.65508
5.71772
5.78666
5.85898
5.93154
6.00001
6.05857
6.10076
6.12099
6.11497
6.07979
6.01499
5.92248
5.80646
1.07821
1.04792
1.02658
1.00858
0.991926
0.976255
0.96206
0.950408
0.942822
0.941326
0.948417
0.966639
0.998372
1.04577
1.11117
1.1977
1.30826
1.44485
1.60858
1.79994
2.01922
2.26682
2.54357
2.85131
3.19355
1.02359
1.02356
1.01449
1.00186
0.987681
0.973146
0.959417
0.94788
0.940234
0.93855
0.945194
0.96266
0.99349
1.04026
1.10569
1.19257
1.30342
1.44013
1.60383
1.79506
2.01409
2.26137
2.53791
2.84582
3.1891
1.00245
1.00566
1.00116
0.991861
0.979747
0.966358
0.953168
0.941783
0.934032
0.932008
0.938042
0.954661
0.984561
1.03056
1.09552
1.18215
1.29274
1.42897
1.59182
1.78172
1.99882
2.24341
2.51629
2.81924
3.15533
0.988456
0.99136
0.988324
0.980703
0.969915
0.957386
0.94463
0.933328
0.925366
0.922856
0.928143
0.943808
0.972648
1.01761
1.08161
1.1673
1.27682
1.41163
1.57248
1.75959
1.97293
2.21256
2.47908
2.77394
3.09979
0.975921
0.978464
0.976057
0.969372
0.959419
0.947443
0.934916
0.923523
0.91517
0.911989
0.916357
0.930902
0.95849
1.00212
1.06472
1.14888
1.25659
1.38907
1.54685
1.72987
1.93787
2.17071
2.4288
2.71342
3.02699
0.963462
0.966017
0.964198
0.958258
0.94892
0.937289
0.924789
0.913109
0.904169
0.900126
0.903393
0.916646
0.942788
0.984834
1.04569
1.12785
1.23314
1.36258
1.5164
1.69428
1.89568
2.12025
2.36821
2.6407
2.93998
0.95052
0.953696
0.952868
0.947804
0.939028
0.927592
0.914931
0.902769
0.893054
0.887968
0.889968
0.901772
0.926304
0.966575
1.02545
1.1053
1.20781
1.33375
1.48306
1.65511
1.84905
2.06425
2.30072
2.5595
2.84282
0.936064
0.941523
0.942524
0.938624
0.930397
0.919007
0.905995
0.893178
0.882541
0.876268
0.876873
0.887112
0.909921
0.948307
1.00509
1.08253
1.18214
1.30445
1.44912
1.61515
1.80134
2.00667
2.23083
2.47475
2.74051
0.920844
0.930558
0.934236
0.931627
0.923793
0.912219
0.898644
0.885068
0.873457
0.865923
0.865078
0.873706
0.894726
0.931212
0.98596
1.06111
1.15802
1.27701
1.41741
1.5779
1.75687
1.95278
2.16473
2.39399
2.64121
0.652647
0.652486
0.395942
0.617122
1.04915
0.914293
3.72017
1.33326
0.388244
4.21606
0.279517
0.503582
0.954961
0.560294
3.43885
3.47885
0.325049
0.625802
6.26763
1.78614
2.63291
4.59199
0.31846
0.327736
0.552903
1.50116
0.611384
0.649889
0.55743
0.315874
3.94925
1.75479
0.567425
1.23222
0.311472
1.90542
1.23345
3.42369
1.23507
0.75168
0.422954
0.163621
3.24749
0.686482
0.524196
5.4943
0.303038
0.338659
0.491265
0.631216
0.295216
0.409225
1.97221
0.630262
3.58224
0.397151
0.568512
2.3805
0.580826
0.377134
1.9249
0.405116
0.997919
4.22367
1.43573
0.779599
1.07466
0.371645
0.930413
0.57098
0.411978
5.05103
1.06452
1.94039
0.439606
2.6381
2.37105
0.361593
0.522861
0.634006
1.27492
1.99595
1.82432
0.259754
1.35711
1.73573
1.33668
0.368176
0.560245
0.72298
0.423118
0.9059
5.8295
0.507466
1.00698
0.282639
1.44122
0.279495
0.328457
0.379557
0.7392
0.431067
0.742794
5.28906
0.588085
0.87229
0.330142
1.36115
0.171161
0.319022
4.36124
0.27872
0.353948
5.31183
2.09737
0.497324
0.479081
0.81453
1.30678
0.243243
0.08794
0.283804
0.314451
0.535175
0.553359
3.0162
0.412444
2.06298
0.584425
0.339874
1.65324
1.98649
0.556357
1.39741
0.775885
1.25706
0.482762
0.721788
2.37796
1.69591
5.46684
1.0799
0.374878
0.105582
0.533482
3.6743
0.605233
2.57158
3.4154
0.308401
1.2796
1.01034
0.606535
4.29093
0.343843
0.260468
0.767728
0.819773
2.76525
1.63348
3.33343
0.4017
3.58712
0.284895
4.60907
0.272428
0.565091
0.569582
4.0823
0.755844
0.5634
4.41608
0.366646
0.265208
1.13597
0.84723
2.38745
0.562275
0.432086
5.41258
1.9287
1.6635
1.78994
2.36277
0.886365
0.618463
0.277278
0.166578
0.62202
3.10231
0.353421
0.377995
0.559681
0.994116
3.96258
0.610324
0.430299
4.47796
0.516824
0.602151
0.873684
4.74459
1.97014
3.06876
1.90364
2.60661
1.0036
0.724663
0.49753
0.918817
0.579413
0.429639
1.75083
1.8872
0.966934
0.403762
0.808173
0.929546
5.30399
0.747276
0.611987
0.190696
0.320161
0.423353
0.524
0.458324
0.580488
0.32948
0.169368
1.06773
0.255872
2.01175
1.4899
0.848654
1.21259
3.57489
3.08535
0.620029
2.34395
4.45533
2.56121
1.81552
4.23737
0.800523
1.12751
1.69886
1.97568
0.66664
3.4827
3.21332
0.163166
0.869883
1.54307
0.506244
0.791852
0.576167
0.340796
2.46385
2.85321
6.07843
0.314648
0.613161
2.81705
0.353858
2.0643
0.509442
3.1805
0.586081
3.76244
0.61549
2.536
0.558915
0.380584
0.813639
6.58047
0.582761
0.908892
0.364622
0.575499
0.37567
0.796131
1.16501
0.342707
5.49275
0.428072
2.54135
0.875033
0.605014
0.316237
0.350116
4.38429
3.74265
0.110025
0.316951
0.939388
0.412269
0.421018
0.991806
1.55422
0.406479
0.380959
3.47609
0.440394
3.1033
0.437362
3.96099
2.65877
1.40651
1.69083
2.1889
5.12594
5.7939
0.594211
0.564096
0.339539
0.877515
0.317815
1.48238
0.598596
0.905091
2.7731
2.82162
0.383517
3.97883
1.381
0.54753
0.481506
1.4195
1.02879
2.3523
4.5889
3.86716
0.596724
4.07141
0.382659
1.75847
2.38583
1.95665
0.124011
0.327872
0.41317
0.534157
0.392645
5.82013
2.11877
0.781111
0.762262
0.808548
1.11821
0.285979
0.567503
5.68293
0.171149
2.89986
0.321478
0.499168
0.716261
0.65787
4.06316
0.290052
0.505652
0.303182
2.45051
0.462504
0.170479
1.16901
4.07736
0.332468
2.77144
0.633262
5.62027
4.23614
0.573915
0.453893
0.963442
0.413804
0.266834
5.43257
1.27497
3.51681
0.428908
4.15343
0.556223
0.684453
0.663481
0.835952
4.80618
1.80835
0.281887
0.352587
3.23879
2.72753
0.725729
0.562488
2.06487
5.20671
3.87319
0.573552
0.812411
0.557218
1.3829
3.43733
1.28165
0.653944
0.539881
0.104145
3.475
0.705781
0.582539
2.51644
0.573863
2.72717
0.404515
2.31306
2.45525
0.336406
0.472561
0.286734
0.879137
0.895575
4.82324
1.3319
0.671456
0.729896
4.22838
0.366811
0.106019
0.434535
1.68791
1.88687
3.01105
0.603538
0.749024
0.523478
4.25512
4.00653
4.40833
0.108807
0.880657
0.194972
1.86182
4.44587
0.328378
0.609696
0.927871
0.471501
0.637384
0.532493
0.567079
0.517916
0.457141
3.13557
3.50287
0.412745
5.80072
0.57978
0.284136
1.96866
0.388138
2.24924
3.83923
0.908329
0.573808
1.70471
0.374435
1.22876
0.682733
0.41703
1.97529
0.287036
0.701427
1.09115
0.303962
0.213319
0.574983
1.1008
0.807115
0.819561
2.62542
2.60626
1.12268
1.57596
0.132011
0.516806
0.258777
1.20067
2.29127
5.0626
0.615502
5.28069
3.87366
3.61242
0.280609
0.569279
2.69155
0.655892
3.76801
2.68928
5.00564
0.628246
3.32945
4.28373
2.58786
0.759218
2.30452
1.36425
3.00569
3.12793
3.58558
1.79788
4.46463
1.42495
1.12691
0.811881
0.534739
0.331612
0.455016
0.462904
0.372663
2.74015
6.24155
0.35121
1.77181
0.553046
1.1575
5.30827
0.369031
0.457432
2.36306
4.63693
0.833555
5.36447
0.557748
0.475616
0.232821
0.593794
3.50732
0.429926
0.511784
3.71703
0.926872
0.318002
4.47441
0.341682
0.202102
0.428261
3.00357
0.589929
2.75833
0.360175
1.38842
1.75214
0.583413
0.5078
0.46934
0.325693
0.330901
5.91528
1.03678
0.485331
1.56486
1.52256
3.55766
1.02104
0.31118
4.9726
2.60825
0.566993
1.85351
0.343075
0.578457
5.29464
2.76032
0.678883
0.897718
0.356594
0.295324
0.486075
0.619651
0.34952
1.77719
1.75772
4.68323
6.19823
1.32359
0.574393
4.4031
0.880322
0.667174
4.72298
0.890322
1.36332
4.17202
4.01273
5.79453
0.577234
1.1448
0.4587
1.12872
1.77949
0.393081
0.63146
0.194686
0.41253
2.09638
0.840046
2.46905
1.79135
0.587823
2.90394
3.46225
1.39854
1.71514
4.04889
0.83641
2.21344
0.626915
0.783095
0.438188
4.51576
1.15875
2.80702
5.90271
1.14213
0.55185
0.381817
0.303315
0.650277
0.58679
0.5434
0.57194
0.98187
0.36559
3.72062
0.246268
2.32005
0.567264
0.299311
0.925572
3.64659
2.49167
0.546784
0.764736
4.31466
0.951626
1.34667
0.347113
0.597071
0.383939
4.04868
2.95368
0.261315
4.51533
0.155837
5.32608
1.99488
0.297002
6.22195
2.59353
2.5137
0.473
0.634142
0.273357
0.0720144
1.05375
1.16251
0.457564
0.528101
0.789313
1.91559
0.55084
6.54799
1.2418
0.381483
0.158106
2.29403
1.59555
1.88014
5.59637
2.77341
0.371335
2.11565
0.340952
1.80675
2.96792
0.547598
5.28831
0.536442
0.355968
1.87081
3.39596
0.78457
0.287532
1.38428
5.88207
3.24369
1.23578
0.637712
2.55486
4.64514
0.58479
0.340121
0.91507
5.11897
5.29403
0.362645
3.58489
0.927535
0.346546
3.71423
0.623212
0.309704
6.56607
0.808471
1.15867
0.125154
3.47844
0.779101
3.45954
1.96114
1.01041
6.33744
2.0428
0.420374
3.24901
1.39554
1.57059
0.802488
1.52048
0.44129
6.32238
0.433436
3.75671
0.561011
2.58852
0.444406
0.313069
0.561603
0.727708
3.32165
0.118246
0.311405
3.3383
0.866519
0.647145
5.97556
2.61977
0.604347
0.608478
1.52671
2.53017
0.296865
0.446043
2.25986
3.93853
4.09981
1.55275
0.447925
0.0592547
3.05005
0.513386
0.156527
0.658151
0.582627
0.311558
4.13434
0.581391
4.15535
0.233781
0.138601
0.831583
0.904395
0.728032
1.52738
3.23266
0.419195
3.2795
0.710498
3.45823
3.36087
0.420124
0.732214
0.385253
3.54288
4.56823
0.564804
4.34748
1.76839
1.30264
6.08891
5.61834
2.57307
0.906881
0.176043
5.3248
0.289826
0.452446
2.85747
2.33553
2.6586
0.939125
3.59591
0.4578
1.6128
0.564333
5.7508
0.317282
0.281266
1.29072
0.472312
0.614504
0.39568
1.40434
1.66618
0.619678
0.93383
0.426205
0.563322
5.3483
1.39559
0.368427
0.596488
0.646966
4.3647
1.57501
0.326547
2.63763
1.37288
3.37754
1.06671
0.653798
2.86933
0.189326
0.289076
0.665913
6.43433
2.97323
0.500083
6.26559
2.32679
0.246998
2.58014
1.28678
0.281218
0.907205
4.99735
5.91768
4.77224
0.903296
2.4062
0.375028
1.21948
2.11169
3.26685
2.96765
1.73098
0.421437
0.248951
0.935457
3.59011
0.121765
0.49099
0.630124
0.254904
1.02295
2.06274
3.7539
0.0748627
2.91345
3.25097
0.551039
0.533954
2.56054
0.379193
0.365168
0.298551
6.12347
0.599648
2.50853
5.67093
3.51806
2.05776
0.620047
2.15851
2.58148
0.743139
2.55791
0.449546
0.1461
0.257001
0.60756
0.577557
3.08692
3.64289
0.591543
0.784192
6.10198
0.387304
0.345218
0.310692
0.982542
2.18958
0.64942
1.12955
0.659929
2.75005
0.441284
1.08852
0.506622
1.07598
0.559032
3.82203
2.32703
0.64731
0.102918
0.678942
6.07784
0.408892
0.614016
0.446662
0.510833
5.03807
0.639995
2.66088
0.650852
0.649967
2.46474
2.52351
2.92407
2.74622
0.272398
2.7081
0.290358
0.196403
0.414478
5.5754
3.17288
6.31576
1.7732
1.17657
0.475296
0.481911
0.635298
2.54052
1.65157
0.638571
4.29098
1.8489
0.778651
1.30607
0.493816
0.253773
0.376867
4.3527
3.34481
4.49967
1.86919
0.493656
0.87063
0.722839
3.2198
3.53213
0.66356
0.558477
1.5312
5.10799
0.644389
0.831367
2.38813
1.04354
0.317721
0.421142
1.77779
0.486971
3.64566
0.297703
2.11312
0.2729
0.53615
0.90111
0.658719
0.373672
3.64762
0.285355
1.02805
0.608199
0.498712
3.30321
0.417514
0.455869
3.79878
4.00075
0.491633
0.31025
2.91218
1.69976
0.400097
3.58388
0.406713
2.16282
0.283443
0.32102
0.213872
0.291833
2.79635
0.52085
1.31815
1.23544
0.870576
2.46415
3.57877
0.221325
6.1194
2.09837
1.68217
5.95378
0.292515
0.391553
3.83382
0.342681
4.09391
3.36378
4.00701
0.840154
0.297469
0.265456
5.82852
1.20771
0.445364
4.42909
0.662627
0.472794
0.469526
0.67749
1.39108
0.593365
3.13143
0.411392
4.34298
6.21412
0.807999
4.3527
1.00464
0.506577
0.355551
0.632372
2.56223
1.55489
4.36043
0.507052
0.809662
2.31202
3.4339
0.584455
0.299226
0.293005
2.38355
2.56261
0.846104
0.457064
5.01749
0.432928
0.544748
0.32507
0.585255
0.52671
0.682789
0.750285
4.76953
4.22119
0.301672
0.609779
6.48567
0.603342
1.27783
1.50872
1.05672
2.92836
1.96949
0.203326
1.81873
2.35082
1.26392
4.21986
0.52265
0.267829
2.27002
0.780855
5.17762
0.533485
0.635583
0.845951
0.378489
1.40352
6.05115
1.26656
2.39469
1.77705
4.26234
2.32703
1.23242
0.180822
0.580793
2.2493
0.466052
2.85501
6.28403
0.813853
2.21486
0.465814
0.444381
4.07355
5.74905
2.67865
1.14741
0.631943
0.567874
0.58383
0.243634
4.5504
0.275822
0.741357
0.655981
0.554497
0.141981
0.665404
0.420156
0.13013
1.62983
0.550616
5.56608
0.385185
1.5321
3.03726
3.46884
2.50667
5.71088
1.69036
2.2186
1.11226
0.324802
0.57894
0.480354
0.667001
0.832966
0.608479
1.85221
0.444077
1.97175
1.55719
0.290823
0.214542
0.816093
3.18247
2.39109
0.254749
0.543393
0.487698
0.800333
4.27163
0.647348
0.33985
0.392179
0.291784
0.24836
0.331188
0.283146
0.7237
0.898941
0.416992
0.307022
0.501924
3.01433
0.452913
5.67944
0.278392
1.12633
2.96394
0.450354
3.59904
0.725792
0.607458
2.27063
1.48367
0.726035
5.30403
0.705644
0.56208
0.516841
5.30442
0.284775
0.344817
3.2843
0.532712
0.326612
0.537021
0.288575
0.446735
1.22027
3.62662
0.516199
0.43373
1.58788
2.32552
3.37512
3.96413
2.11529
5.64875
2.71774
1.7961
1.04218
6.1475
4.26004
0.644865
2.05372
0.528596
0.284908
1.85901
2.1655
2.90999
0.869072
4.94301
0.156539
0.295798
5.64348
0.270468
0.366664
5.26117
2.79049
0.238699
0.886074
2.12335
0.441172
2.09599
2.77498
5.43776
3.32876
2.78552
2.93181
0.582318
5.47813
0.583092
0.619781
2.30493
0.108581
2.80456
0.580825
1.73829
0.598463
0.568485
1.09996
0.4412
0.387084
0.266054
0.45018
4.16192
0.384381
0.615096
6.49972
0.987741
3.49622
0.358296
1.52011
0.793971
3.41105
3.8106
0.555002
0.530006
0.435967
4.93608
1.74812
6.24334
0.454841
1.78678
0.602727
3.0924
1.95163
0.262134
1.23568
1.64892
2.7095
0.497241
0.317311
4.35558
0.672245
3.81583
0.746109
1.6946
3.88611
4.91409
2.22343
0.562413
6.03843
0.861522
0.538149
0.642554
0.950697
0.633922
0.434485
6.16257
2.49495
0.556442
5.74916
0.938442
2.605
2.33385
3.45719
0.682365
0.356852
0.556634
2.13162
0.386246
1.27147
4.94512
0.865715
4.45513
2.65787
0.111223
3.12897
0.559842
2.19029
0.560526
0.296736
3.04968
0.800605
4.22897
0.459273
0.947601
5.55012
3.08585
0.502471
0.303376
4.63157
5.52921
0.653554
0.494888
0.64405
4.3337
0.923138
0.995491
0.366816
2.33591
0.65133
0.835007
0.527911
0.697382
0.625001
0.917024
1.32853
2.12215
0.44044
2.32158
0.727824
3.18799
0.584365
1.58447
2.19838
0.844137
0.726925
0.52722
0.250161
0.520775
0.325985
0.279617
4.62257
2.75841
0.996096
1.81761
0.517901
0.734016
0.589364
4.56321
4.79768
4.03509
0.452052
0.423706
6.07802
4.44184
0.42507
5.01194
0.478363
0.375481
0.40929
0.388326
2.18424
0.495639
5.17559
1.339
1.07088
0.283712
0.529266
0.421257
1.91399
0.60725
0.940161
2.32893
1.05537
1.99712
0.757217
0.489771
0.461771
6.39483
0.422053
2.5782
0.420394
3.13012
0.475844
0.649514
0.380072
5.20888
2.14739
1.60793
5.39271
5.47565
1.80827
5.92199
0.573999
0.518836
5.59148
0.760938
1.64736
0.277872
0.546859
0.334643
1.05159
0.556656
0.885014
0.800845
1.40432
0.465768
0.502202
0.757207
5.65552
0.670265
4.67457
0.820765
4.72677
0.931047
5.63218
1.40226
0.645773
1.99748
5.53228
0.478104
3.49043
3.76601
0.302382
0.647344
2.31168
0.485383
0.546833
3.46888
0.50109
5.28397
2.88886
5.11976
5.00796
2.36458
1.38324
0.440924
0.740151
4.54633
0.530668
0.564904
2.25317
4.29995
2.15916
5.02786
4.16469
0.178845
3.36262
0.52871
2.11421
5.82262
5.02343
0.607582
2.54142
0.477853
0.573821
0.150887
0.473962
4.89171
0.437075
0.463184
0.532658
6.54503
0.0325307
1.89154
0.734823
4.97187
0.38495
3.17305
0.325367
0.757351
0.893325
0.416083
5.96453
0.561817
0.954967
4.33916
2.82225
0.369432
3.94517
1.26641
5.51821
3.77634
5.2335
2.59483
0.539538
0.436558
4.35641
4.50278
0.448895
4.21383
4.63398
0.294378
0.642064
0.806174
1.24783
1.07222
5.04929
2.6829
1.07588
0.0809532
0.627168
5.42876
0.366939
1.74605
1.42087
0.8466
0.835657
2.76964
0.360643
1.9962
0.396344
0.358432
0.112299
1.89435
5.33164
4.2977
0.491342
3.60247
0.482475
0.497062
1.16903
5.27734
0.303919
0.955946
0.419882
0.814599
0.6828
0.523534
0.822086
2.82962
3.88498
0.876031
0.544745
5.24285
3.95361
0.579888
5.46023
0.666584
0.892632
0.522075
0.524868
0.468718
4.26845
1.42727
0.276951
6.15494
2.34936
0.385688
2.5947
1.05454
0.661463
3.48679
0.532703
1.70863
1.37894
0.290794
2.58348
0.397848
1.67929
0.622
0.853026
0.509355
0.529803
0.311525
3.34805
2.42616
0.588433
0.430749
1.61659
0.504878
0.753872
3.60238
0.69276
2.58255
0.640058
5.24728
2.73242
0.376601
1.30633
0.656713
0.505319
0.481764
3.32702
0.360147
5.65611
0.274192
2.7789
2.5433
4.55698
0.495457
3.56594
3.93132
0.214548
0.757783
0.725119
0.734713
0.175803
0.573327
2.53483
2.92583
2.48271
1.24449
2.68249
1.40771
4.43468
3.66137
4.3157
0.309973
0.605913
0.559196
4.18733
2.32797
0.490835
4.9275
0.322165
3.03766
0.386452
4.17921
0.442578
0.586487
0.273467
0.619366
1.86161
1.50103
0.804219
0.575223
4.13985
2.71618
0.603295
0.624606
2.92985
2.22159
0.601642
1.20281
1.43863
0.256227
0.708833
1.54328
2.76142
5.20124
0.311239
3.31814
0.538501
0.874081
0.660454
2.94558
2.4464
0.38287
0.454707
0.97966
3.36818
0.649133
2.56339
1.1186
0.637772
0.406049
2.86237
2.16569
2.6279
4.25613
0.585947
0.519905
0.550412
4.45188
2.14914
0.933412
0.457881
5.11605
4.30975
0.324509
0.707631
0.533922
1.17612
0.417188
1.48184
1.1132
0.44866
2.64026
0.609813
0.964141
2.77017
3.47221
0.484984
0.42528
0.296796
2.0382
4.58747
6.5579
0.363771
0.443744
0.463982
0.123799
3.2123
4.2013
2.42601
0.933979
0.429802
2.56619
0.468413
0.461868
0.746151
0.591024
4.83726
4.1811
0.651824
0.666893
1.74592
1.31997
0.950879
5.74383
1.68158
0.848692
2.42076
1.99578
2.89905
5.39604
5.43133
1.84293
0.143627
4.05469
2.50479
2.5035
0.910359
0.941901
0.521871
0.59153
1.20006
0.478695
0.640565
0.337165
1.47647
2.72927
0.215011
6.24185
0.11728
4.20307
5.41402
0.370022
4.72974
0.999465
0.479512
1.97693
3.56383
2.86252
2.87007
0.604927
0.562349
1.04098
0.44576
3.00702
2.94034
0.00576768
0.65224
0.811029
0.607818
3.083
0.444151
0.737221
2.56034
0.278649
0.323897
0.719202
0.485606
0.257077
0.441372
0.304485
0.428361
0.29458
0.706031
2.36094
0.263231
0.606663
5.23819
0.473305
0.537325
4.47077
1.8268
2.22168
0.358482
4.54327
3.61727
0.845508
3.9908
0.264031
4.89916
0.651147
2.43213
5.88245
0.344523
2.47052
0.87606
0.674165
0.391427
5.4972
4.20678
0.439719
4.86068
0.485663
3.51568
2.86108
0.898975
1.96231
0.179953
4.90335
1.93924
1.07567
4.88872
0.676392
0.566576
1.21467
1.56124
0.579891
0.601501
0.422185
0.573085
0.582865
1.49795
0.506536
0.893196
1.0015
0.866987
0.617132
2.56198
3.06348
3.61202
3.00928
0.761877
1.96317
1.39431
0.596915
5.67572
5.57029
0.595765
0.680312
1.90335
3.21827
0.0357448
3.7041
5.79144
2.74069
2.35796
2.70109
2.83243
0.859738
0.850083
4.62806
3.20307
0.443617
0.594948
0.444312
2.28835
0.0439478
0.992625
3.029
1.48478
4.13151
0.371002
5.05044
0.267249
2.59858
0.256927
0.666765
1.34228
3.1301
2.25102
0.655878
2.18998
0.511379
0.290807
0.25195
0.539271
0.286982
3.31131
2.85516
0.348987
0.539564
4.65183
2.93162
2.96341
2.46093
0.8568
0.279482
0.280265
2.28907
3.0749
5.71362
3.53193
5.37334
0.491674
0.102349
0.183334
2.47814
2.13261
0.611503
0.823821
0.392044
0.782974
0.172874
4.5937
0.254037
2.4004
0.685287
0.608564
4.26421
0.409194
0.611378
2.83862
1.70053
0.423513
2.5057
0.419312
0.592603
2.92044
0.630986
0.939926
1.33096
1.19096
3.54989
0.602937
2.79677
0.549426
0.828246
2.30372
1.03681
6.0341
0.308967
0.618171
2.5143
1.22017
4.47024
1.88734
0.424543
4.7703
2.7119
5.88858
2.59689
0.375727
0.397603
0.54638
0.403463
0.577504
0.571354
0.263461
0.641012
2.59757
4.08194
0.855262
2.53806
1.04088
0.293054
4.25287
2.8036
0.504565
0.386717
0.595003
3.30363
0.622383
0.583006
0.41698
0.509043
0.464479
1.20288
5.04925
1.23492
3.28653
0.556668
0.0867738
3.07975
0.998246
0.718314
0.760705
4.30792
5.72822
2.8022
0.480876
0.619687
3.38287
1.45136
1.02335
1.5076
0.43399
2.79298
0.48678
2.72094
2.64904
4.81009
0.42299
0.634916
2.59195
3.27663
0.405013
0.708316
0.546821
1.39235
0.133111
0.167661
0.698879
0.581121
3.12673
5.66198
0.429551
4.02731
2.32249
0.28267
2.0354
3.08718
3.35254
0.520285
4.3327
5.51947
0.269951
6.37714
1.97134
3.27225
0.249385
2.57266
4.60476
3.58621
0.999319
6.20327
2.56115
0.593741
2.78971
5.47061
0.464952
4.01019
0.276883
3.84137
0.495129
2.65969
0.36894
0.569115
6.24107
0.630627
3.5092
2.91196
1.94721
0.588682
0.318278
0.730531
2.57064
0.289367
0.285159
2.38888
0.303822
0.937326
0.329363
0.510403
0.58004
0.937153
5.01853
1.33206
0.902022
1.93545
1.09024
0.597954
2.71715
0.795272
0.349798
0.310598
2.58414
0.523834
0.521362
0.206979
1.67915
0.385192
0.54757
4.49105
0.590486
1.0236
4.05846
0.443241
3.65741
0.322593
0.686077
0.393601
0.489229
0.603242
0.609417
0.388033
1.14544
0.122454
4.4053
0.344968
2.67266
0.424587
1.34562
0.83811
0.594246
6.12508
2.18814
4.23267
2.60508
3.24617
0.479319
0.275904
0.399044
0.743137
1.91321
0.2708
0.624638
0.905215
0.789369
5.26294
0.616369
0.319208
3.19226
5.10911
0.570863
0.334157
0.319116
0.568167
0.459873
1.72715
0.556592
0.550965
0.609286
0.59428
0.864845
6.22055
0.373468
0.541773
3.18549
2.37701
5.36517
0.331295
3.01141
0.357488
0.409128
0.923654
3.26942
3.31164
0.384731
1.30337
0.567458
0.539305
1.66808
0.647695
0.374492
3.1796
0.510296
2.41964
1.43502
2.04025
1.66762
0.406694
2.30778
1.08687
0.487823
3.87193
0.47332
1.88997
0.292839
1.72868
1.51661
0.539796
2.79031
0.574159
0.565894
0.560574
0.946927
4.06953
0.61459
0.659928
0.780708
2.73821
1.09641
0.569381
2.48862
0.675449
0.258907
2.04466
1.71906
0.66416
0.547725
0.571739
0.52381
5.74027
2.09953
5.0734
3.03348
3.72535
0.573522
0.62099
0.399094
0.504427
0.539434
1.82436
3.87393
0.972645
2.4553
2.61155
1.19537
4.56944
2.3363
2.03463
3.41249
2.08733
1.31401
5.98094
5.49306
0.371451
0.575028
0.575002
0.938627
1.49349
1.14631
0.565656
0.483188
0.471384
3.55259
0.385116
0.254114
0.266894
0.867663
0.40105
0.454642
0.578921
4.58727
3.05807
0.345346
0.594481
3.22201
6.45263
0.493532
2.22466
1.35185
0.39625
0.818149
0.368185
0.603601
0.6306
0.671961
0.491875
0.55606
0.582592
0.659079
2.23746
0.289865
0.246304
3.0683
4.5548
0.41024
0.695559
2.14233
0.738647
0.607814
0.306433
0.3675
1.1572
0.951953
6.12176
0.686646
2.53191
0.486851
2.23262
0.983702
1.00337
0.33524
0.571141
0.483026
3.06386
2.26426
0.565103
3.93552
4.09672
0.586867
2.70443
0.77686
2.40758
0.53769
6.00769
3.0024
0.598375
0.43506
0.707668
2.46108
0.389418
6.18025
2.08824
0.849724
0.462529
0.148344
0.60616
4.6265
0.500921
0.450583
2.53346
0.922523
3.69408
4.07618
0.477074
0.323514
3.15557
0.839351
5.5433
5.75301
3.80559
1.07896
0.165251
0.728887
0.394359
0.582543
0.845094
2.58632
4.73625
0.249842
4.20312
1.2266
0.388286
0.385419
1.87249
4.40252
5.40406
0.523761
0.395491
0.117917
0.150045
2.3655
0.334491
2.17208
5.30396
3.20375
2.79794
0.115234
0.429295
3.12758
3.20158
0.382497
0.383198
0.552239
1.44186
0.236968
0.438152
1.82465
0.488013
0.951493
0.808064
0.43562
0.876565
4.12553
0.584654
4.35669
0.0332518
5.1347
0.375815
0.985554
0.571196
0.588483
4.24201
0.36411
0.328845
0.00118066
2.23313
0.348778
1.01531
0.953143
2.04816
2.64315
0.937784
0.668427
0.535642
2.70657
0.273707
0.514079
0.531112
0.331967
0.156301
3.79874
2.28441
0.27177
2.26825
0.481955
0.577895
6.47239
0.381392
0.378609
2.32943
0.757268
2.28249
0.934902
4.10825
4.14512
0.370157
0.486587
0.431028
5.34878
0.35638
2.4641
1.34614
0.520201
0.577188
0.414471
0.259978
0.549703
0.761044
2.56178
0.294333
0.384583
4.52011
4.27038
2.67815
0.514004
0.561867
0.485784
0.820511
0.446969
0.970998
0.301585
0.353645
4.19801
5.44401
3.54133
0.854259
0.351897
3.15299
4.05766
0.387969
0.350308
4.1885
6.35241
0.461603
0.307866
3.97934
0.460991
1.96511
0.319835
0.674928
4.23068
0.428875
0.527318
2.97919
2.95249
0.633454
2.24898
4.23313
4.10498
1.60477
0.535014
0.615601
0.478763
5.85235
1.86965
2.66594
0.503997
0.590841
0.608761
0.849099
0.342204
0.726705
0.510976
2.6789
0.940679
1.1195
3.46277
3.81683
2.10362
0.325468
3.5777
6.30972
0.349347
3.73338
0.767957
0.383708
0.429057
0.785044
2.26935
4.24894
4.15846
0.458819
3.51434
4.26706
0.278022
0.583254
0.633884
0.36765
4.23794
0.463795
0.443171
0.469285
0.56507
1.44536
0.463818
3.22413
1.00385
0.367503
0.629181
2.57853
0.346141
0.452
0.375399
0.355246
1.91611
3.35526
3.97943
0.523229
3.15991
5.58425
0.464279
0.36044
6.27694
3.89834
0.597167
0.565915
0.175959
1.52259
0.420994
3.25653
0.397903
0.369649
0.407751
0.525925
0.323526
0.59602
0.51306
1.38716
6.0906
0.531508
0.595458
0.365846
0.27544
2.78334
0.334448
4.21885
0.388609
1.99668
0.611178
0.353808
3.79431
0.546731
1.222
0.352923
0.549703
3.4356
0.400606
3.48
0.236164
0.307042
1.63147
0.531379
0.464709
0.468357
0.496984
0.542914
6.22764
0.277883
0.278055
1.05344
0.61362
2.37471
0.462542
0.157227
3.32021
0.539622
0.308151
0.36352
4.75543
0.507803
0.603806
2.58098
1.28095
0.219715
2.02735
2.86127
0.297551
0.56547
0.503902
0.596873
1.17935
5.37046
0.575866
2.48519
0.33936
2.91977
3.75871
0.550447
2.52437
0.426645
3.26762
0.475258
0.585187
0.447432
0.295206
0.608725
2.8033
0.612612
4.9474
2.62453
0.792764
0.616323
0.352729
0.40253
0.341552
2.86017
0.277714
0.269289
0.358884
0.348221
3.07605
0.591436
0.332885
0.300548
0.554058
2.1884
0.388926
2.03617
0.615881
0.538205
2.29731
0.381203
0.0338955
2.86077
2.49515
0.536475
0.0191739
0.0139688
0.542488
0.356691
0.683694
0.407988
0.451129
0.397748
0.523877
0.523432
0.345953
4.10164
0.351154
2.09026
0.46342
2.52026
2.59698
0.318755
3.14858
3.71891
2.14096
2.09556
1.40437
2.0057
0.4707
0.559321
4.43057
0.522599
0.700458
0.305139
4.04026
3.69266
0.167781
3.98114
2.567
2.99107
0.565192
0.0125897
0.012631
0.342438
0.45824
0.497013
0.352391
0.513989
0.501421
0.655247
3.39255
0.429893
0.352994
1.55927
0.264246
3.73244
1.97332
1.81227
0.463122
0.401714
4.28631
1.11488
0.262129
0.816404
5.04698
5.54063
0.36732
0.529241
0.488196
0.316367
0.464561
3.79726
0.244893
3.53332
1.69386
0.498316
0.56989
3.63224
3.28394
0.418966
8.63452e-05
0.0149101
5.46279
0.512685
0.583187
0.469191
0.388015
2.42733
3.01824
0.591469
2.4895
3.92734
0.340213
0.289006
3.65831
1.98885
0.378805
0.365563
0.210857
4.35996
0.347959
0.332208
0.512681
2.9028
0.251927
0.47045
0.43833
0.249594
0.322474
0.463762
0.592051
0.739217
0.5894
1.12555
4.36844
4.13885
0.256736
1.98433
0.436954
1.80225
3.5294
0.323046
4.19062
2.25145
0.337356
3.15489
0.458671
3.47748
2.18921
0.553428
0.334089
0.535473
0.799048
0.320098
0.336747
0.266307
0.511528
3.32308
0.315313
0.491235
0.342527
0.293503
0.540729
0.498902
0.588592
3.33083
1.1534
2.25156
0.299359
0.478909
0.318983
4.17255
4.19283
3.68297
0.319681
1.10961
0.464797
0.335189
2.88652
0.459363
0.465628
5.12958
4.17542
2.47467
0.514643
0.272324
0.379123
0.296472
0.47952
4.10725
4.20313
0.320305
3.31068
0.675183
0.579248
4.05107
0.50994
4.45512
2.5149
0.555422
2.74916
0.193153
0.363323
0.169626
0.567569
0.358765
3.8393
0.392338
3.19021
1.78278
4.90046
0.300666
4.09449
2.10311
2.12873
0.280282
2.59851
1.67366
0.601345
3.03802
3.1693
4.29561
0.347374
0.229896
0.566684
0.354286
0.21783
0.375677
0.468405
0.288975
0.290813
2.3023
0.423238
0.22653
2.65593
1.09214
0.570659
0.322457
0.517052
0.702937
0.560573
1.53911
0.484854
0.560871
0.36269
0.627264
4.13497
2.1792
0.379545
3.99605
0.542562
0.706178
0.631069
0.306068
0.465991
3.5573
1.79281
4.28147
0.500534
5.48398
4.32364
0.469234
0.922396
0.543596
0.190736
0.527984
0.491296
0.338554
4.2498
0.409239
4.78204
1.78699
3.39597
0.516025
2.98806
0.379509
2.65983
0.547476
3.3446
2.32202
0.849012
1.72168
3.16679
3.91121
0.242663
0.401375
4.34112
0.415816
2.10848
0.582595
0.806941
4.75857
0.217675
2.98532
0.59633
0.73988
2.07833
2.25985
0.974068
4.48273
0.345127
0.385731
0.563198
0.396388
0.55734
0.472769
0.306705
0.48997
0.45844
0.596053
4.83103
0.415322
0.533083
0.220495
0.328748
4.3894
1.2575
3.51725
1.03397
0.161717
0.399924
0.841843
0.254688
2.31042
0.342027
0.619384
0.424008
0.561002
0.535861
3.70167
3.99251
0.507711
0.283364
0.328408
0.377093
0.60429
1.18106
0.540849
0.415277
3.13178
0.251448
3.84444
4.80472
0.509361
2.47956
0.64701
0.398292
0.433727
0.54687
0.49397
0.532698
0.513853
0.159865
3.08259
3.13341
0.558043
0.560324
0.589462
1.41566
0.311031
2.13055
0.309979
0.508982
3.02568
0.383759
1.73783
3.72925
0.4175
0.455643
0.5676
1.18976
1.94462
4.34226
0.875373
2.90498
1.89952
0.116951
0.538975
0.361372
3.39187
1.11082
0.365557
0.429762
0.509621
0.526016
0.513899
3.52355
4.69233
2.02598
0.340009
0.493002
0.316856
2.1952
2.72504
1.97649
0.237712
0.37414
0.358942
5.39208
0.614707
1.25208
5.8696
0.611748
4.37723
0.571966
1.1668
2.65117
0.878916
0.528657
5.57495
0.471987
4.29794
0.27088
0.0792407
0.433838
0.489493
2.90624
0.350368
0.246861
1.77839
0.364667
0.461493
0.323872
0.553441
0.28418
0.256652
6.45798
1.65447
0.559923
4.3295
0.350241
0.49144
0.388868
0.546049
0.590761
0.620743
5.19915
0.124675
0.746122
0.630838
0.297799
0.995646
0.614733
0.170416
2.14334
0.341792
0.579004
0.891836
0.578636
1.11847
0.660408
0.267012
0.620921
0.684194
1.96013
1.78972
0.664333
0.475205
1.77526
0.520299
3.62567
0.490498
2.39114
4.491
0.579514
0.545217
2.4395
0.300791
1.82034
0.2731
0.422209
0.334947
3.48915
3.39599
4.90494
0.171007
0.473622
0.373124
0.444783
4.15271
1.72008
0.421692
0.596098
0.62715
0.329783
0.0289164
0.0900897
2.5326
0.725724
0.347511
0.302143
0.650683
0.549558
0.559047
0.642074
1.63596
0.258582
0.652809
0.30002
0.550599
0.584377
0.308779
1.86291
0.31136
0.311086
6.55489
1.40485
0.460331
0.956223
0.226513
0.79033
4.50913
1.84408
1.63065
0.488825
0.370741
3.26114
0.289261
0.364779
2.921
1.92455
0.359369
0.546561
0.659227
4.08271
1.65383
2.20447
0.454264
3.53776
0.509857
0.363459
0.82683
0.331947
0.0210382
0.497608
0.493207
0.348406
0.443132
3.24887
0.63016
0.538431
0.698367
0.91021
0.517442
0.019731
0.530709
0.554264
0.586846
0.683631
2.3051
0.321513
1.28731
0.676684
0.390528
0.280154
0.494158
1.42769
1.36298
0.555751
0.50586
0.581395
1.17027
0.518913
1.1188
1.76942
0.636948
0.268745
0.529401
3.2343
5.88818
0.37406
2.46333
1.07094
0.410099
0.00121101
2.04472
0.411761
0.854335
0.400757
0.643822
4.18579
0.417884
0.117237
0.508473
0.490999
4.43956
0.333389
0.0157539
0.346881
0.441234
0.783446
0.27611
0.361054
3.71683
0.550731
1.30025
4.49611
0.592483
0.548308
5.57288
0.631623
1.07783
0.531646
0.698736
0.507834
4.57611
0.129126
0.666294
0.530588
0.35407
0.519262
0.401999
0.226236
3.72453
0.579523
0.710519
5.51067
0.446733
0.486437
0.500644
0.587182
0.561044
0.645618
0.294387
0.164204
0.349978
3.87322
0.575122
0.362683
3.84813
0.157908
0.145425
0.364743
2.07536
0.30133
0.476436
0.477546
0.243882
0.349012
1.35875
0.981214
1.00421
0.286679
0.272202
0.426066
2.99784
0.291945
0.843583
0.545557
0.416521
2.41192
3.16769
1.02939
0.150938
0.577705
0.532995
0.81437
0.312553
1.07598
0.280992
1.45909
0.605953
0.560061
0.456259
0.359862
0.586723
0.909474
0.441304
0.416817
0.45115
0.521525
0.579446
0.502411
0.35388
1.74013
2.3901
0.53716
0.779309
0.753285
1.29559
2.36482
0.618611
0.552773
0.575904
0.466355
0.289764
0.566964
0.485606
0.611286
0.565468
0.555733
0.596018
0.540698
3.66295
2.85104
2.74922
0.530561
2.31238
0.364216
0.463911
0.59644
0.483075
3.02669
0.432848
1.27994
0.675565
4.47993
1.66846
1.47109
0.0588015
3.85129
0.250679
1.79457
0.471471
0.605852
0.512019
0.600924
0.475579
3.80441
0.254343
3.11567
0.604459
1.55519
0.226917
2.71424
0.580081
0.58558
0.234619
0.627124
0.873148
0.343369
1.29899
0.491168
1.98423
0.255478
0.763487
2.07613
0.502567
0.31264
2.6262
0.548746
0.566797
2.74377
3.22295
1.78265
0.50255
0.578886
4.16852
0.455136
3.34046
0.330665
2.2911
2.31872
0.499688
0.413958
0.65118
0.743674
0.576445
4.37207
0.377501
2.31531
3.97871
3.9276
2.15689
0.28172
2.25034
0.636555
1.5951
0.481096
1.44056
3.19029
2.03158
3.16445
0.514728
0.440438
0.600329
0.615118
2.35614
0.464454
0.543257
0.125693
1.81311
0.860652
3.99737
0.620322
0.267622
2.61341
1.46124
0.778175
1.5242
0.603261
0.43519
0.505569
0.541242
0.490878
2.44755
1.76929
3.94383
0.375177
0.285188
0.368124
0.627602
0.161671
3.09099
2.76313
0.369132
0.375281
3.89446
0.572163
2.93293
2.70096
1.26274
3.98205
4.31823
3.99419
0.547916
2.8843
2.88319
0.507537
5.81268
1.86097
1.72688
3.20841
0.462878
5.51851
0.564353
0.55634
0.645809
0.523403
0.269321
0.277778
0.504537
4.03453
0.428232
3.6467
1.57937
0.488653
0.502643
0.24687
0.687448
2.56804
3.21225
0.669129
0.534162
0.57794
0.39402
1.4618
0.338667
0.541294
0.27121
2.70325
0.525798
0.189963
0.93827
1.02631
0.35768
0.512617
5.81039
1.04997
1.87816
1.28218
0.49673
0.622291
0.313637
0.348026
0.638977
0.486442
1.95972
0.302833
3.87273
3.22686
0.593427
0.312306
6.01255
3.35705
0.143288
0.424176
0.752734
0.557786
3.42277
0.540448
0.548231
0.691918
4.44838
0.526453
0.254518
0.549296
5.70134
0.486867
0.457475
0.60671
0.565639
0.33016
0.568565
0.524453
0.659778
0.332982
0.492092
0.519998
0.526277
5.46157
1.96215
2.82273
0.0383358
0.522887
0.548746
0.62621
0.0172978
0.256851
0.274162
0.897953
0.404915
0.420517
1.99828
4.39308
0.617288
0.387307
0.553805
0.614406
0.378265
0.285147
0.351864
0.566753
0.945116
0.48819
0.571828
0.0494326
2.25442
3.60302
0.56485
0.893848
0.339659
0.703849
4.01183
3.42926
3.41617
0.547282
0.277057
1.70602
0.243258
0.570449
0.620706
0.544115
0.31462
0.343699
0.307485
0.314007
0.126156
0.504102
1.41923
0.569481
1.88105
0.257678
0.526654
0.18698
2.69605
0.315601
0.488886
0.511514
0.639371
2.12385
0.261138
1.97606
1.489
4.71056
0.501995
1.82164
0.353474
2.91191
0.266158
0.338706
5.58986
0.430943
3.44269
2.52026
1.33509
2.4058
3.70587
0.345732
0.634534
0.581353
0.572982
1.15714
0.353109
0.64139
0.553744
0.554141
0.625623
0.773066
0.579125
0.203934
0.585276
0.473035
0.388277
0.267258
3.25099
2.13353
0.548229
0.627241
5.83187
4.12778
1.49525
0.532248
1.91734
0.611717
0.379451
0.394944
0.556949
0.493632
3.1971
0.628648
1.5345
1.87009
0.536792
0.270833
0.362315
0.10136
0.0791281
0.277551
3.71963
0.422715
0.347134
1.20106
0.559567
0.204561
0.441177
0.564759
1.2694
3.02313
4.37313
2.51103
0.530336
0.793824
0.208643
0.270509
0.542605
0.491047
0.164829
0.820961
0.591202
1.55144
0.538764
0.343839
0.231059
0.354532
0.0727742
1.69714
0.629938
0.59513
0.399683
0.557307
3.48282
0.622083
0.391257
2.10996
1.23316
0.48722
2.66756
0.770338
0.627381
0.599589
2.20439
1.27893
0.0256284
0.012458
0.568629
4.18701
2.53663
4.44166
3.8824
1.9066
0.298348
0.693798
2.74398
0.82958
0.546629
0.659291
0.781253
3.32408
0.296783
0.289107
0.209858
0.302532
0.546228
0.39117
0.633136
0.602916
2.24621
0.283979
0.595109
0.766852
0.110093
0.314411
0.358445
0.578151
0.603561
0.547499
0.481153
0.62127
0.306274
0.627559
0.67491
0.324341
0.426351
0.00888878
0.535257
0.257844
0.603214
0.282602
4.45438
0.549266
0.539365
0.515578
3.32499
0.578053
5.25539
0.369986
5.23663
0.23688
0.329885
0.331987
0.610969
0.311388
0.601455
0.46336
0.187002
0.135086
3.09635
0.618637
0.684674
2.95228
0.224265
0.521639
0.12668
0.432599
0.0055119
0.577402
4.37077
5.16205
2.44892
4.27453
0.531892
1.32806
0.41071
0.556434
0.586841
0.00784804
0.00439468
0.45712
0.788932
1.81136
0.635486
0.610369
4.2361
0.315932
0.617087
0.599962
0.640029
0.26199
0.619562
0.545149
0.443375
0.389577
1.62781
2.03439
0.0881006
1.08187
0.593921
0.841468
0.862625
1.90054
0.386571
3.93709
0.629735
0.232515
0.367952
0.145086
0.312085
0.384589
0.59545
0.375109
0.448659
1.03185
0.272282
0.607526
0.328281
0.560954
0.558899
2.36502
0.568961
0.745685
1.09176
0.570043
0.306609
2.1666
0.401965
3.96544
0.540218
2.70315
0.92642
0.498837
4.81149
1.10609
0.546087
2.57988
0.383606
0.629861
0.318824
0.265808
1.61044
0.459942
0.357408
0.580259
1.65507
0.2925
0.583473
3.8983
0.708159
1.69856
0.621954
0.450469
0.653768
2.25176
0.322706
1.99571
0.325398
0.550145
0.619554
0.496896
3.72176
0.0150667
0.0152777
0.517246
2.39266
0.285493
4.10304
0.406479
0.431722
0.315014
0.647939
0.392331
4.03215
0.419284
0.595391
0.597995
0.607678
3.41628
0.596685
0.588009
0.593217
0.481075
0.393665
0.901846
0.607565
0.613582
0.599138
2.93651
5.48837
3.74882
0.326837
0.633725
0.589718
0.586765
0.815581
0.441464
0.398023
2.03167
0.610129
1.99947
0.609659
0.368654
0.409887
0.375882
0.368872
5.25282
0.470579
0.292585
0.45377
0.625335
0.586295
0.523357
3.72457
0.6204
1.95212
0.151124
0.633468
0.573795
0.401223
2.58965
0.346863
2.6879
0.188507
1.97061
1.20631
0.451327
0.623077
0.555153
0.629025
0.574239
5.34196
5.64297
5.00071
3.90736
0.334709
0.359954
0.610208
0.452464
0.304764
3.4639
0.598288
0.534378
4.11652
0.246215
1.82773
2.07508
0.601789
1.76024
2.44296
0.621786
0.558171
0.576631
0.745864
2.19487
5.06132
0.356397
0.498316
0.588995
4.46718
3.5907
0.396409
1.61072
0.525898
0.632099
3.42921
2.95674
0.55015
0.500855
0.508039
1.05184
0.470192
0.568751
0.478782
0.242856
0.6648
3.22431
0.498234
0.737774
0.851149
3.3083
0.582497
0.400591
0.630058
0.640168
0.22948
2.16835
2.21442
0.802205
2.70318
0.383679
0.432931
0.569014
1.59275
0.357414
0.625084
3.4216
5.0447
0.425209
1.64485
0.36166
0.592323
2.04277
0.618237
0.610088
0.310575
0.605344
4.28942
4.75549
0.31179
3.5361
0.578001
0.631382
0.500984
0.573964
2.29525
0.733615
3.04759
4.50727
0.530271
0.498518
0.634693
0.374152
3.81417
0.536942
0.579234
0.841974
0.374968
0.234032
0.468634
0.40123
0.504012
1.33846
2.19019
0.138208
2.86695
0.219805
0.488007
0.575917
0.932201
0.169154
0.444675
1.91649
1.90981
3.89054
0.625461
0.752289
3.5769
0.221458
0.599763
0.610835
0.382723
0.360283
0.297995
0.60422
0.0630612
0.676304
0.667256
0.578912
0.520778
0.462279
3.04432
0.651414
0.610592
0.476886
1.0131
0.262234
0.215949
0.625578
0.435467
0.585679
1.91681
0.452071
0.46416
0.633031
0.633446
0.258768
0.363496
1.99371
0.171094
0.529913
0.480825
4.00156
5.44877
4.31858
0.347516
0.235328
0.61935
1.17099
1.02857
0.508196
4.62936
5.43286
0.821646
5.55526
0.469159
0.347337
0.532215
0.621929
0.571478
0.367092
0.354264
0.400171
0.618423
0.596333
0.567918
0.901634
2.66325
0.615982
3.18191
0.381039
0.321146
2.14553
0.528081
0.8591
0.5839
1.32362
0.82501
0.630566
0.590849
2.57529
2.14615
3.11419
0.324782
0.414507
0.274871
0.658211
0.481793
0.9502
0.430332
0.599102
3.24971
0.622912
0.276773
0.645667
3.45856
0.29025
0.515267
0.310795
1.14848
1.94817
0.157578
0.599935
0.599126
0.623601
0.580389
0.534534
0.488248
0.266067
4.0542
2.52046
0.542974
0.534001
3.77405
4.14863
0.575986
0.807544
0.579519
0.64902
0.517101
0.508213
0.388215
0.148042
0.605209
0.206625
0.984795
0.56474
0.494189
0.202211
0.554858
0.589236
1.19447
0.603265
0.59049
0.644264
0.561541
4.8304
0.580291
3.87438
3.91362
0.468054
0.409183
4.52177
0.28409
0.874195
0.224406
0.566804
0.449751
0.537869
0.59086
4.77182
1.96096
0.589426
1.1033
1.43134
1.10519
1.05199
2.08594
0.333535
0.146862
1.14271
0.52901
0.961708
2.7381
0.343318
0.613164
2.53675
2.89543
0.509467
3.93108
0.340135
0.522932
0.417387
0.579395
1.06096
0.40777
0.305243
0.464044
3.93101
1.59829
0.527571
0.571852
0.581564
0.450504
0.574585
0.552411
0.98836
0.467569
0.544233
0.593566
0.545132
1.43843
3.76467
0.619864
0.267883
3.93706
0.492654
0.457139
0.501069
0.859799
2.55571
0.515918
0.269881
0.51566
0.604358
0.54094
2.44735
0.580722
0.715398
1.26237
0.571453
0.598363
5.30943
0.580801
0.50548
1.84487
4.08068
0.954559
0.973007
2.38103
2.24003
4.10851
4.70297
0.279431
0.573508
0.418139
0.218659
0.391186
3.51441
0.569941
0.57861
0.708097
0.396558
2.3551
4.42112
1.4739
0.538356
0.149997
0.177602
0.315109
4.86891
1.45133
0.141909
0.608657
0.203078
1.08743
0.564077
0.585734
0.336792
0.949133
1.98403
4.30347
0.552244
0.627387
0.278116
0.505822
0.574428
0.411833
0.539866
0.766805
0.550945
0.131707
1.66605
2.09035
3.00763
4.12866
0.302306
1.91678
0.354434
1.82526
0.341496
0.325184
1.75012
0.491397
0.372408
0.586638
1.1648
0.291232
1.65671
0.542291
0.559326
0.552823
3.26917
2.59964
0.39973
0.324545
0.927083
0.382091
5.83458
3.29496
1.93361
0.744877
0.265668
1.61463
0.26804
2.06634
0.370448
0.395289
2.46665
0.587508
0.542005
0.434348
4.64954
1.20323
0.5708
0.457661
1.75495
2.39316
0.379663
2.18579
0.486033
1.83018
3.89584
0.704959
0.870357
4.33651
0.509575
0.447459
0.442064
0.283431
0.551427
0.531925
0.644288
1.2986
0.553971
0.128481
0.457457
0.480609
4.4336
0.44457
0.568286
0.572755
0.622455
2.04819
0.538203
0.302689
0.373951
2.27245
2.32157
0.432906
0.558911
0.939634
0.348163
0.334235
0.52702
0.188135
1.0455
0.368553
0.534792
0.526744
0.521524
0.502337
0.279931
0.533595
2.2274
0.459074
1.29984
0.58007
0.433753
0.542608
0.414665
0.600223
4.00837
3.74601
0.391346
3.24844
0.374941
0.578909
0.447889
2.20905
0.651036
0.611128
0.428373
1.90108
0.581693
0.610558
0.314122
0.552939
0.39345
4.47809
0.555562
0.603029
0.437244
4.04745
5.17788
2.69454
0.698771
0.592456
0.290334
2.36322
0.527127
5.58171
0.631675
0.364874
3.80397
6.31504
0.572385
0.485087
0.0731562
0.366791
0.404425
0.359082
0.476055
2.61761
0.407232
1.8017
0.587858
0.608168
0.363702
0.43898
0.355766
0.145451
0.587461
0.526125
3.05513
0.305965
0.519116
0.577197
0.175289
0.523379
0.46762
0.627241
0.601384
0.289732
0.588613
0.387402
1.8694
0.892638
0.555501
0.423934
0.596106
0.392381
0.794417
0.327505
0.387992
0.955051
0.245082
1.63389
0.556085
0.349691
0.608742
2.04257
0.59411
5.33724
2.12301
0.400258
0.442682
0.392317
2.75017
0.559593
0.573974
2.21652
0.113132
0.197543
3.4437
0.556199
0.55245
0.203389
0.383547
0.529342
0.386183
1.19553
0.393734
0.429312
0.62785
0.568297
0.251313
0.584441
0.387116
2.32535
0.884438
0.694108
0.988503
0.53322
0.384075
3.02438
1.59303
0.20828
0.741335
0.291366
4.46972
0.363902
0.525676
0.793184
2.25379
0.546155
0.614702
0.534766
0.737575
0.514239
1.80747
0.225227
0.486074
0.531642
0.314989
3.94928
1.18994
0.627023
0.0983883
5.32263
2.99407
0.377238
4.8516
1.2762
0.347388
0.974603
1.21774
0.435535
1.08055
0.659639
0.542781
0.788695
0.21833
0.526291
1.43279
3.75389
0.337179
3.13831
0.586754
0.619566
0.400159
0.372914
0.605128
0.27885
0.436845
0.555411
0.534473
0.599227
0.410086
3.7428
0.690812
0.613954
0.562961
0.528459
4.41339
0.321934
0.553348
4.46974
0.633714
0.182134
0.589691
0.442058
0.611532
0.419658
0.301376
1.65542
0.320404
0.327589
0.489787
0.396444
0.305367
0.520258
0.642728
2.33647
0.317034
0.521771
0.339041
0.584334
0.626153
0.398757
0.390956
0.160084
0.432032
0.35511
3.34349
0.586939
2.99516
0.425544
0.877148
3.13738
2.02491
0.940114
0.618491
0.497274
3.58847
1.43161
0.572969
1.01598
1.17068
1.1852
0.500388
0.451033
5.31782
1.95882
0.347056
4.95874
0.572968
0.498367
0.459677
2.48088
0.398594
3.02113
3.63973
0.168502
0.580258
0.587157
0.481225
1.51881
0.286639
0.509612
0.420137
3.50244
0.305439
0.3616
2.43074
0.344986
0.904716
3.53505
5.80647
0.58313
0.663384
0.646885
3.69755
0.341131
2.39865
0.39052
0.428102
4.28202
2.47104
0.394383
0.306693
0.282102
1.8497
0.593483
0.589673
1.09832
2.10268
0.60345
0.478486
0.474874
0.359567
0.349644
0.673081
0.195836
2.33658
0.570741
1.0847
0.145516
0.635442
3.39738
2.79705
1.50409
0.826822
0.247344
0.545929
2.46518
1.62727
4.19054
0.247731
0.476012
0.555521
0.27393
0.429413
0.513842
0.388803
0.583267
0.581378
3.9904
0.386849
1.48133
1.46185
0.268065
0.742443
0.32663
3.97617
0.302422
3.02393
0.596347
0.236859
0.596254
1.28927
0.543556
2.73596
0.560393
0.331375
0.599797
0.784459
3.85377
0.884447
0.566834
0.584212
5.51603
0.0903036
0.365203
2.09649
0.394701
1.32162
0.403961
0.186943
0.357431
0.611535
3.16699
1.70671
0.549845
0.327074
0.442019
0.384499
0.311338
4.1669
0.371947
0.365994
0.657052
0.353036
0.583157
0.281958
0.580093
0.37547
0.348229
2.93528
0.411804
0.334474
0.522382
0.568805
0.580236
0.52779
0.58171
5.39043
0.344973
0.329859
0.44358
0.512768
0.612687
0.351425
0.394234
0.337974
0.524708
5.04818
0.624077
0.55832
1.51036
0.841016
0.576302
4.48778
0.300788
2.51541
0.043222
6.07216
0.295377
0.190688
0.619435
0.924261
0.285357
1.08243
0.61713
3.53125
0.535143
0.616362
0.139655
0.601462
0.27356
2.01526
0.265827
0.258039
4.57999
0.292833
0.113982
0.298854
0.160163
4.0012
0.583162
0.542962
0.335648
2.77046
4.54325
3.54696
0.589584
0.328195
0.440857
0.124593
0.372638
0.377163
1.47474
4.74341
0.5807
0.400634
3.7033
4.57513
0.291083
0.578359
3.83367
0.51116
2.84834
0.377441
3.51062
0.570731
5.62144
0.776822
0.377432
5.52229
2.64303
0.592246
0.26312
0.355132
3.10744
0.619842
0.284784
0.318287
0.511131
0.571946
0.361445
1.90595
0.320277
0.524203
0.296618
0.536962
1.02745
0.52708
0.333503
1.58022
0.62007
4.06742
0.578987
0.0891988
0.683432
0.52803
0.556482
4.38681
5.5242
1.60199
5.12279
0.535073
0.477064
3.23156
0.307078
4.47264
0.404929
4.31756
1.14553
0.405975
0.56023
1.99415
0.535033
0.591672
0.601044
0.918972
2.22161
0.579845
0.5586
1.48198
3.23264
0.298517
0.36979
0.612136
0.451377
0.44393
0.675298
0.357234
0.524239
0.513234
0.215269
0.606167
0.320429
1.88726
0.552601
0.310855
0.381688
0.670537
0.241316
3.3444
1.80782
0.411436
2.64701
0.574604
0.295114
4.62662
0.248643
0.51901
1.94673
0.538814
0.611033
0.546137
2.45226
1.63085
0.815834
2.27811
0.57857
0.129895
0.610174
0.181672
0.629775
0.177017
0.285427
1.34194
4.01146
1.89656
0.542881
0.672822
0.284302
0.0611352
1.90753
1.76758
0.365447
0.598024
5.58549
0.57777
0.477809
1.64906
0.634493
4.71414
0.905272
1.04658
0.225443
0.212426
2.28201
0.226319
3.87082
2.19925
0.757914
0.520534
0.294899
0.628496
2.52402
0.555077
0.418103
2.96581
0.537646
2.15612
0.530708
0.619849
0.659571
0.935611
0.745381
0.222146
0.557565
2.70341
0.190216
3.31176
0.796515
0.639445
3.36376
0.855397
0.566257
0.509185
0.590667
0.597946
1.57851
2.02866
0.572214
0.386013
0.718764
3.38862
0.292887
0.570539
0.471423
0.555503
5.62053
0.386741
0.390227
0.326607
1.84527
0.209375
2.06074
0.589162
0.632907
4.14424
4.12443
0.642438
1.69643
0.608831
0.728176
0.553908
1.85189
2.08087
2.6225
0.593933
0.255191
0.884016
0.580016
5.38088
0.675776
0.908
0.663787
0.55422
0.33723
3.74532
0.551203
0.588135
0.225293
1.22341
0.610513
0.593834
1.15084
0.849326
0.53443
0.582183
0.517735
0.361898
0.385415
1.43823
0.231931
1.85887
5.59066
1.02869
0.54826
0.586573
0.330191
1.79544
0.55651
0.214077
0.268266
2.44037
0.197928
0.20953
1.09381
0.232334
0.239016
0.410434
0.329524
0.225571
5.53344
0.306238
0.113508
2.29146
0.580537
0.446833
0.407156
0.609303
0.417911
1.08605
0.570885
2.70937
0.724328
0.638778
0.59624
3.69793
0.548938
0.61876
0.222646
0.375492
1.34518
0.277162
0.387714
0.361726
2.12918
1.42834
0.423001
0.269426
0.533301
0.577165
1.59627
0.254088
0.286301
0.528093
1.86401
0.620727
3.64842
3.08003
0.999731
0.576338
0.666753
3.01643
2.44129
0.301826
0.104664
0.417737
0.28297
0.400392
0.672811
3.20013
3.60413
0.582644
0.561319
0.552619
0.630351
0.540231
1.33014
1.67697
0.141627
2.14966
2.88331
0.671915
0.425688
4.3417
0.635031
2.61734
0.282062
0.332826
0.844241
0.410533
0.357988
0.628631
0.591582
0.505871
0.664387
0.475832
2.01891
0.483813
0.380703
3.88132
0.36296
0.326195
0.585971
0.560628
0.374726
0.203445
0.594857
0.46489
0.350667
0.251639
2.60025
0.247922
0.575046
0.613018
0.682852
1.61851
0.173552
0.387064
2.20834
0.625711
0.862476
3.94626
0.632791
2.15856
0.559237
0.388841
2.36378
2.32249
0.592189
0.802483
0.621118
0.579373
0.651461
0.517335
0.559431
0.613395
0.465738
0.444925
0.367996
0.383877
0.303733
2.47044
0.329743
0.224958
0.869525
0.546842
0.563917
0.551293
0.571557
0.202829
0.177681
1.15593
0.191898
0.441426
0.370975
0.258991
0.53034
0.619305
0.518507
0.468395
1.69848
2.50613
0.78265
1.36214
0.687284
3.01268
0.53017
0.822724
0.600267
0.300734
0.559327
1.62558
0.589016
0.655332
0.597557
0.321177
0.300991
0.721526
0.147059
0.196707
0.415966
0.788815
1.60871
0.705168
0.562639
0.305332
0.645511
0.364239
3.08384
0.880587
0.366253
0.597167
0.518965
1.10491
0.37481
0.961733
0.195555
3.03005
5.18365
1.7542
0.63672
1.21051
0.366382
0.512325
4.09263
1.65664
4.64484
1.65903
0.410186
0.335615
3.0836
3.00083
1.41566
2.56504
0.259088
0.207836
0.454201
2.40395
0.196999
0.584828
0.530015
1.39982
1.19263
0.628728
0.447303
4.09679
0.618035
1.85419
5.27214
0.592524
0.73364
2.11332
0.199561
0.503889
0.558666
0.561403
4.43494
0.468613
0.344736
2.19726
0.216697
4.08677
1.9643
0.879498
4.81799
5.37385
0.453698
2.71467
0.76028
2.04401
0.541235
0.774508
0.368355
0.156462
5.50285
0.2708
0.477128
0.387028
0.350145
0.571043
0.295413
0.59656
0.378189
4.48452
0.550102
3.87357
0.549666
0.352851
4.31877
0.388842
0.588772
1.45185
4.47349
3.87924
2.43611
0.392272
0.611985
0.595965
0.993143
2.46252
0.752541
0.285891
0.407387
0.430767
0.5338
0.332414
0.416017
0.126639
0.629992
0.294184
3.84791
0.105896
3.01055
0.558842
0.426904
0.466029
0.613828
0.545392
0.551391
0.499001
2.56663
0.345336
0.386319
0.17069
1.45196
0.887579
0.895261
0.581382
0.684936
0.593841
0.413321
0.247573
4.07736
0.828098
0.338568
3.27613
0.336336
0.802285
0.361187
0.632681
0.564759
1.64602
0.386841
5.7378
0.647181
1.22838
0.292677
0.45122
0.400439
0.411124
0.184413
3.14338
3.44889
0.162466
0.604922
3.60783
0.55144
0.41297
1.96505
0.583521
0.472913
1.52011
0.656893
0.807397
0.182397
2.5845
0.33606
0.59969
0.409297
2.82937
0.437268
0.621762
0.409004
0.884043
0.235704
1.78544
0.199684
3.6234
0.236141
0.297542
0.622146
4.77079
2.48496
0.852492
5.57157
1.05148
0.517704
0.189211
0.466895
0.348751
0.408348
0.606571
2.27214
3.90735
0.385
0.958063
0.560733
2.12216
0.127646
1.8026
0.563336
1.03165
0.593809
1.43353
2.41815
0.579086
0.176288
5.55534
3.80145
0.343162
0.398935
0.950677
0.316393
5.42722
0.582711
2.07737
0.635397
1.26018
2.20203
0.275897
0.201294
2.15489
0.823331
1.57572
1.5659
0.180959
2.80423
0.266049
0.652345
3.65994
0.225678
0.342274
0.772214
5.67557
0.245576
0.397095
1.71189
0.227125
5.48937
0.422213
0.63821
0.358866
3.26273
2.67318
0.586413
0.953621
1.04416
0.166306
3.79825
2.33862
0.36131
3.79439
3.23867
5.39626
0.505756
2.19974
1.36336
0.559401
0.447246
1.61584
0.569454
0.647469
3.70062
1.68176
0.500047
2.66473
0.345729
0.374762
4.54602
0.210387
0.81986
0.210824
1.88618
0.55581
0.332966
2.82906
0.394022
0.174276
2.51958
0.293581
2.88949
4.37536
0.127079
0.265241
0.657875
0.339907
0.60701
0.577782
1.88244
0.57634
0.146836
0.920142
0.608976
0.653697
0.756175
0.240687
0.163261
4.58182
4.07006
0.947194
0.27269
0.319814
0.414673
0.963
4.46698
3.58055
0.41657
3.52436
0.410954
0.861179
0.565505
0.724935
4.94443
0.317459
0.601595
0.454639
0.231199
0.327671
0.981553
0.712456
0.290624
0.388634
0.684178
0.63801
0.418788
5.45956
0.521677
5.14919
0.951814
0.807535
0.141286
0.296024
4.03227
5.33401
0.266342
0.971066
0.575186
0.374902
0.237573
0.328959
0.30954
0.339795
0.322951
2.44683
0.581683
3.90098
0.303405
4.33792
2.12107
0.555696
0.678714
0.531371
2.57128
0.515491
1.51558
4.41634
0.58384
0.642153
0.575373
0.274575
0.41322
0.693646
0.841483
0.604927
0.552419
0.199773
0.319025
2.13164
0.867969
6.40865
0.292269
0.399795
0.86768
4.54686
1.06756
4.12743
0.54873
0.439949
0.221678
0.618567
0.43292
0.142912
2.50202
4.30085
0.316608
4.1801
3.44448
1.73449
0.186624
0.144036
4.18445
0.341615
0.270499
0.172441
5.53666
3.3042
0.290128
0.996618
0.526209
2.00267
1.48759
0.576932
0.523184
0.331032
1.90273
4.46852
0.140642
0.438925
0.311822
4.06729
0.615045
4.33471
0.574507
0.312358
0.234712
0.860383
1.81165
0.28213
1.86418
0.890594
0.404371
0.303938
1.33788
4.31607
2.18271
3.90955
0.28236
4.28938
0.309489
0.885009
0.441936
0.263753
1.10896
3.73992
0.570728
2.42024
4.8697
3.91084
0.301953
0.305593
0.220904
1.74167
0.193354
0.501562
2.75944
0.178071
0.582773
0.882762
3.94949
1.39215
2.37674
0.119754
0.300856
4.45744
2.37497
6.07428
0.154707
2.80459
0.0792116
0.366171
0.345837
0.877104
0.42741
0.620252
0.411606
0.725893
0.394
0.1586
0.171046
0.147642
0.930547
2.0007
0.573511
0.410106
0.298017
4.48312
0.584516
0.496943
0.424033
0.855912
5.47514
0.463679
0.583569
4.39169
0.557645
0.255857
1.00769
5.70321
0.366155
3.79005
4.68821
2.13193
1.33414
0.510714
0.558245
3.09375
0.319203
0.199048
3.03523
0.335316
2.60646
0.550164
0.385237
0.583508
0.330283
0.45231
3.69349
4.47103
0.383883
0.109628
4.44621
0.895536
1.36737
0.624362
0.338299
0.277483
6.44372
0.228859
1.50342
0.641897
0.493436
0.61438
3.88992
3.31166
3.34919
1.13632
0.564957
0.297847
1.45155
3.61406
5.23003
0.166336
0.200838
0.382138
0.238511
3.43568
2.44996
0.564521
0.314973
0.704465
0.358305
0.598412
0.626426
0.532365
0.368616
0.425877
0.720152
0.602972
0.140388
0.564101
0.395225
0.573248
0.645783
4.21125
0.242835
0.281078
0.983465
0.457674
0.15453
0.554566
4.23566
0.343915
6.51926
3.40578
4.68387
0.492324
3.75109
0.920153
1.97041
0.544401
0.549627
0.871038
4.31251
0.154023
0.636037
2.6762
0.423819
1.70865
1.51875
1.05955
1.04702
0.303583
2.06276
0.562096
1.25321
0.201019
0.666405
1.76563
4.79066
2.14512
0.402956
2.73219
0.312021
0.00307146
2.02578
0.562919
3.64577
2.15192
0.392264
0.251029
0.322654
1.72639
2.40955
0.248561
0.608753
0.315331
0.307945
0.20304
3.3236
1.00045
0.564679
0.253237
1.14799
2.07995
0.221232
0.586135
0.638922
0.120815
0.629733
0.557446
0.761857
0.197883
2.68716
0.513758
0.99574
1.02813
0.524466
0.41281
5.91661
0.518388
4.0084
1.85266
0.404309
0.399438
5.70973
2.33143
3.04145
2.55528
0.682475
0.908089
0.185906
0.626681
0.298228
0.139358
0.616418
0.420646
0.496591
1.10213
4.48468
1.10278
0.920474
0.708636
0.469858
0.646944
4.22443
0.88452
2.59499
0.415354
0.380567
0.52421
2.68849
0.26667
1.46895
0.466574
1.80947
0.536083
3.07463
0.558951
1.20322
0.396585
0.280632
0.185047
1.94636
0.407511
6.05074
2.81133
0.153473
0.593388
5.50127
0.589106
0.582208
2.35433
0.142457
0.403854
1.75691
2.62519
0.523397
0.214142
1.15621
5.76539
2.64243
0.373365
1.7142
0.549155
0.929971
0.210984
1.42196
0.219045
0.661978
0.276257
0.410354
0.800973
1.3653
0.927732
0.567422
0.412894
0.197498
1.64705
0.315553
3.10134
0.243922
5.25387
5.38863
0.341948
0.204722
0.377803
3.82139
2.1562
0.811651
3.07552
1.19471
0.15366
0.373463
0.149132
0.857408
0.519232
1.98228
0.667451
1.29309
3.34313
1.22602
0.610842
0.414968
3.13652
2.59508
0.211541
2.5141
2.71826
0.0787367
1.95217
0.333332
0.321941
1.69204
5.27277
0.428655
0.545443
0.568888
1.57756
2.50473
0.188766
0.265375
3.8153
5.48047
0.424911
0.750752
0.633606
4.42918
1.02735
0.436323
0.607553
0.833484
1.3677
6.39612
0.852344
4.3799
5.79821
0.635759
0.434818
1.71013
1.04167
1.64315
5.67426
2.47493
0.33845
1.12814
0.42717
0.372759
3.3709
0.432403
2.65612
0.54107
0.592384
1.95665
3.29454
0.754464
0.499243
0.208728
0.578457
0.618458
0.153645
0.441137
5.56151
0.5062
1.27546
0.235624
3.2948
0.60845
0.233957
0.251388
0.260837
1.61045
0.38942
0.930665
0.860565
0.843796
1.02196
5.53507
2.65713
0.500183
5.60029
0.207649
4.73069
2.51034
1.23816
2.81064
4.74055
0.601738
1.29448
0.317958
0.685006
0.0764513
0.262617
3.41997
0.294663
0.603003
1.35411
0.286632
3.6842
0.367981
0.636164
0.229258
5.27025
0.800681
0.394341
0.128323
0.615927
0.609618
0.302521
0.399465
0.365203
0.307007
0.278481
2.99712
0.260234
0.247267
0.144306
2.23676
0.580798
1.38617
4.3208
2.10235
1.11147
0.668369
0.301288
0.270125
0.401853
5.54844
0.301202
0.613824
1.77095
3.65239
0.17596
0.659727
0.365483
0.753291
5.51594
0.502682
0.516269
0.510928
3.26736
0.36665
0.502372
4.5347
0.471374
3.57845
5.23122
0.672805
2.69837
0.891288
0.505788
0.97081
1.83702
0.414415
0.517606
3.53954
1.19624
1.87326
0.398141
0.595722
2.47019
0.307686
0.18311
0.119375
3.93892
0.227512
1.94292
0.817191
0.854717
0.326932
4.21702
0.338095
0.795772
0.663578
0.444287
0.530325
2.66179
0.192892
0.55249
0.375007
0.645214
0.521605
0.390287
0.287747
0.200936
0.422463
0.412211
0.341882
0.309572
0.759964
3.32288
1.44853
2.52138
0.43876
1.04945
6.08331
0.530112
0.787488
0.655326
0.401168
0.286112
0.373588
0.494729
5.31194
6.04387
4.11221
0.329905
2.55483
1.03678
0.587103
0.787217
0.61991
0.351045
0.588299
0.676657
2.11651
3.01242
0.612023
1.20836
1.72543
0.900699
0.641856
0.772121
0.474166
0.454941
0.394473
1.33317
0.24878
0.717827
0.537788
0.821082
0.582306
0.32339
4.63893
2.01903
1.78048
6.47237
3.99751
0.548037
0.603714
0.631046
1.52176
0.325288
0.550304
3.88741
0.27791
0.548926
2.8532
0.568287
0.92332
3.22646
0.576357
1.30847
0.324064
0.506086
3.84791
0.353311
0.254073
3.8763
0.412936
0.694
0.512085
1.19401
4.73716
1.55969
0.226947
0.211028
0.748064
0.680572
0.482056
0.376684
0.697089
2.86274
1.22915
3.7756
1.67205
1.3748
4.37834
0.644064
3.4324
0.559664
2.36051
1.43029
5.11222
3.56616
2.92967
0.4146
2.53147
0.757969
3.66673
1.66697
0.340341
0.381953
0.900202
0.550242
5.3835
0.677339
5.26249
0.298536
2.44299
2.27783
0.56712
1.25559
1.8952
4.17041
3.74771
0.694057
0.730836
4.34234
1.31964
1.8073
0.591022
3.58754
2.20669
2.33851
0.339339
0.484401
0.2521
0.147926
0.374406
0.722696
3.74099
0.442149
0.710859
4.14048
3.21381
1.73113
0.257028
3.24209
0.946332
0.372384
4.28779
2.27372
0.464483
3.76513
2.45021
0.267487
0.369778
1.52047
1.78015
0.755867
0.538119
0.319205
1.93466
0.16557
2.34415
0.570493
0.853789
0.195987
5.27189
0.261424
0.35485
5.47509
1.80615
0.141989
0.184131
1.62843
1.16518
4.41547
0.90179
3.72229
0.590242
0.497394
0.401023
3.98681
0.964597
4.93531
3.45304
1.606
4.53911
0.949849
1.14294
0.312777
0.586252
5.2074
0.15422
2.88862
0.154952
2.43432
0.126808
0.129201
1.71714
0.191013
0.27867
0.316136
0.784999
1.7594
0.334239
4.97459
4.35961
0.504807
1.44901
0.519614
1.53632
2.32365
0.624127
1.54843
0.234132
0.169591
0.412565
1.60336
0.164593
4.37736
2.62783
5.09355
0.266707
2.1617
0.592758
2.47077
1.10699
0.612969
0.572674
2.64513
2.14318
5.14538
0.593852
4.09192
0.104869
0.573297
4.47651
5.54026
0.133976
0.442593
0.436187
0.822552
1.43263
0.678549
0.831763
1.18378
0.572743
0.867303
0.417004
5.07675
0.537948
1.37818
0.158921
1.12297
2.16059
0.48326
0.158333
3.84422
2.4771
0.909916
0.550814
1.21912
1.62924
0.588367
1.46239
0.527443
3.85126
0.37529
0.551786
1.57765
0.161561
0.165594
1.2888
0.559274
4.99991
0.387404
4.50378
0.747837
0.723503
6.05016
0.56204
3.62684
0.560527
4.91908
1.00271
0.564149
0.810206
2.72095
4.39553
4.05301
0.401155
0.48816
0.570919
0.260643
0.575934
2.23349
2.10591
0.330786
0.342328
0.587093
0.737455
0.411689
1.20982
0.31219
0.21641
4.97733
4.80431
4.45823
0.403346
1.14347
2.70037
3.33717
0.281274
0.853996
0.152619
3.40203
0.375694
3.40134
0.217188
0.841642
0.593657
1.83606
3.84244
1.68687
5.14884
3.27926
1.57326
0.552435
2.24873
0.626216
0.182699
0.646727
0.459183
0.57217
0.636477
1.7463
2.2814
1.95209
0.642626
0.49479
0.359958
0.936118
3.91778
2.56421
0.657874
1.54153
0.22691
0.137927
0.779509
0.233167
3.92171
0.646771
2.06034
0.5935
0.313086
1.80814
0.254206
1.17794
4.21192
5.62585
0.286402
2.61683
2.76717
0.251196
2.10424
2.90857
1.41509
0.643634
0.308897
0.552275
0.265094
0.271779
4.21295
5.58125
1.31162
0.747667
0.540353
0.545292
3.86598
4.26375
0.790492
0.621913
0.600234
0.603898
3.01139
0.288056
0.440475
0.618434
0.476619
0.17756
0.267918
0.656907
1.90841
1.1104
0.405111
2.7344
1.36034
1.70277
0.307894
0.418682
0.230009
1.73988
2.73958
1.3072
0.645726
0.380607
0.646618
0.556205
2.9864
3.56894
0.579662
4.70316
0.591352
2.89403
0.321454
0.267307
1.69209
0.611431
0.79342
0.421583
0.384593
0.231523
0.632541
1.87576
0.185772
3.71208
0.288595
6.39816
0.334596
0.328481
0.75429
2.62781
0.698491
0.266185
1.21391
2.75268
0.505517
5.6138
0.227583
0.461212
6.02583
0.526492
3.80521
0.77889
0.569293
4.6652
0.372967
0.637656
0.147755
0.376018
1.76812
2.89539
3.4908
0.156454
0.085926
3.26999
2.70451
0.269968
0.495862
4.27602
0.471733
2.22258
0.321538
0.742586
3.71972
3.79054
0.78293
4.78246
3.07968
0.189277
0.820875
0.188958
0.595588
0.399077
0.390058
3.23703
0.334736
2.09056
3.6895
0.633922
0.0362873
0.640975
0.486071
0.256423
0.688105
0.246972
1.94184
4.77101
0.491091
0.171471
0.415673
1.62759
3.52581
5.21951
0.567933
4.77276
1.01656
0.407347
0.443058
0.362787
0.146493
5.45659
2.51504
5.96789
0.420728
3.96042
3.8359
3.51119
1.22399
0.504342
2.99951
0.497117
2.12014
0.547945
0.547216
0.287031
0.365399
2.0439
0.398855
0.302593
1.43626
1.15437
4.0362
0.88305
0.697304
0.14105
0.127727
0.330464
0.593236
0.590813
3.99891
0.592898
3.58224
3.32811
1.34041
0.786787
2.67471
0.576151
0.427653
3.6545
5.02774
0.941264
0.185205
2.75378
0.210599
0.824212
0.423893
0.296985
1.60706
3.17063
0.197219
1.22968
5.93767
0.568273
0.133376
2.14562
0.512466
2.27034
0.5333
0.22886
0.4632
0.586529
2.26624
0.178966
0.808811
4.39483
2.54356
0.385745
0.423203
6.44499
0.749645
0.320658
1.44336
0.872332
0.509794
0.600929
0.999425
1.82535
1.43124
0.997008
0.439934
1.71419
0.441399
2.57702
4.996
0.179865
1.16322
0.493328
0.392244
1.0396
0.343078
0.428289
2.48698
2.56307
1.01747
3.05843
1.14496
0.348564
0.679934
0.409125
5.59818
2.60578
2.03496
5.36546
0.271882
0.598214
1.21673
1.24413
5.81071
0.693439
0.321768
0.304498
0.515041
3.06299
0.2886
0.456822
2.38144
0.600105
5.63231
2.9136
0.473083
0.727479
0.819755
0.551789
6.0604
2.72224
2.6835
4.39414
0.479248
0.468235
1.5401
2.74883
0.114248
4.44214
3.98343
5.27602
0.319583
1.90951
2.55757
0.398076
0.525485
0.585218
4.11117
0.568684
0.200769
0.614192
0.107609
1.23098
0.678225
0.273663
0.370101
0.483512
5.75031
1.98266
5.74044
3.7933
0.442807
0.413192
2.22817
0.34675
0.136202
0.608359
1.14912
0.511566
0.240793
2.39258
0.236861
3.61105
1.83873
0.761872
1.65951
2.63244
0.388824
0.432595
5.5879
0.594289
0.00588722
0.633771
0.270162
0.617743
0.373272
5.57982
4.3947
2.54465
0.635784
2.83099
4.57788
5.88206
1.64433
5.45165
0.589307
0.340505
5.97503
0.710688
2.65989
4.86504
2.77587
0.553302
0.595014
2.42902
0.783217
1.01733
3.41972
0.34794
0.510172
0.393779
0.600272
1.74819
0.386638
0.275744
2.20277
5.92913
1.12282
3.56966
4.30709
0.696083
0.5676
0.722422
0.294833
0.523627
2.69819
1.69963
0.759439
0.148152
0.800943
0.372438
2.64058
0.992725
1.75056
3.09052
0.87029
4.13282
2.21117
5.25394
3.8869
0.533733
1.76908
0.49053
5.14921
2.65101
2.32742
4.47463
5.74928
1.94656
1.14169
0.640647
1.64243
0.709861
0.160375
0.631878
1.10315
2.01855
3.20438
1.36274
0.317175
4.18182
0.562341
1.9015
0.086393
0.911799
0.266291
0.634102
0.558155
0.695983
0.354222
0.890608
0.634326
0.280291
0.817599
2.04832
0.756598
0.944162
1.86191
1.93011
0.513035
0.181982
1.64534
0.78121
0.601363
2.53486
3.88995
1.09698
1.19489
5.72637
2.53125
0.319784
0.568094
0.394511
0.65114
2.44168
0.589906
0.46553
2.22019
1.96393
2.85268
2.66203
1.76674
4.71126
2.13638
5.47452
0.203081
0.702779
1.57474
0.693869
0.605519
0.370673
2.67033
2.02995
2.33902
0.344457
5.54313
5.73431
0.421206
5.67203
2.53851
3.72223
2.87266
1.83824
2.31493
1.68076
0.37958
1.27075
0.578529
1.39083
0.352377
1.91018
2.63531
0.787575
0.715818
0.416086
2.04316
0.581214
2.82612
1.62617
2.03066
2.15969
2.48223
2.47704
2.5495
5.3557
4.2595
0.732425
0.606689
2.50757
2.62201
0.602545
0.432398
0.379121
0.592447
0.349631
5.69091
2.88684
1.31265
0.558554
2.73584
0.682059
1.80489
0.829493
0.558016
0.556563
0.280933
2.43892
5.41976
2.60568
0.749913
3.94042
0.825714
2.66455
0.271524
0.342521
6.15041
0.770771
3.20982
0.485364
0.673442
0.349233
0.616059
0.550258
0.270479
5.28512
0.345999
0.568262
2.56693
2.56587
0.643954
2.79369
1.12972
2.9141
0.893605
1.5316
0.349226
0.607708
0.532825
0.489647
0.658969
0.691168
4.80221
1.39513
0.596535
9.06633e-05
0.519683
0.840672
0.128634
0.428743
2.05894
0.473737
2.81057
3.42138
1.76344
2.99407
0.404992
0.190795
4.46657
0.625285
0.845525
0.46992
2.31553
0.398408
1.28912
0.0191892
1.6346
1.05716
0.647981
0.236062
4.35806
3.92594
1.65452
0.303295
0.966994
2.50614
0.365253
0.604799
1.94018
1.71408
0.307442
0.268449
0.555743
2.43978
2.57576
0.540286
0.406969
1.5914
0.658948
0.842018
3.84086
5.55154
2.84378
4.87851
0.846052
0.591656
0.905675
1.16802
5.33022
0.259907
0.720786
1.6076
4.31705
0.34101
0.860153
0.428956
2.36834
2.96961
2.29813
3.75345
0.73597
0.711417
3.46169
0.23642
0.656883
0.174237
0.69304
0.289249
0.118923
1.07097
0.405716
0.617288
5.70518
5.85769
0.762189
0.453981
0.160849
0.632233
0.426307
0.581656
0.277893
0.721252
1.32639
0.518008
3.5469
2.43502
0.118062
0.412498
0.161486
2.78443
0.387132
0.620876
3.6106
0.597464
0.869936
5.23072
1.761
5.83086
0.806562
0.264504
5.79475
1.88065
1.51237
4.22535
0.414661
1.7246
3.63821
0.769533
0.304471
0.708621
4.57344
1.90511
0.337839
0.695995
2.80681
4.37547
2.53199
0.00243377
1.38885
0.180498
0.340581
0.371836
0.671548
0.594774
0.196393
0.452478
0.719586
0.739357
0.183125
0.701869
4.7381
5.49316
1.24453
1.68301
0.284203
0.326001
5.68199
1.87433
4.35288
0.707468
5.72883
0.651268
4.67676
0.790344
0.493504
1.75962
0.684648
0.314553
0.542914
5.63721
0.218346
1.57235
0.639744
1.35641
3.70547
1.02037
0.924271
0.734653
5.11947
0.273832
0.134548
0.731879
0.101354
1.4871
3.49935
0.557753
2.00486
0.17739
2.00136
0.166282
2.22955
0.379498
4.36759
5.96216
0.386333
2.03061
5.17066
0.549609
0.214492
4.69595
1.82977
0.446052
2.77092
4.02397
5.45639
3.75753
0.879473
1.16355
0.623415
5.87197
0.29389
0.812895
0.53221
3.56837
0.800126
0.417067
3.02927
0.948864
0.848662
1.7987
0.320722
1.54791
0.564543
0.108555
0.796185
5.40583
1.10879
0.656594
0.582342
0.273247
0.265196
5.1042
0.96394
1.32036
0.362156
0.271679
0.928112
0.762448
0.555001
1.45437
3.82647
3.18135
1.93972
4.04137
2.82778
0.34844
1.026
0.313407
3.95168
1.11479
0.0957836
0.7491
0.494189
1.64343
0.535302
2.49763
0.589797
2.9445
0.771505
0.314858
0.479717
3.71057
3.56885
4.31003
4.04539
0.62578
3.90872
0.892015
0.769203
3.68937
2.43185
0.594646
3.76189
0.719976
0.594646
2.23856
0.635874
0.324497
0.151507
4.55954
0.225793
0.300647
4.50764
0.225383
0.549769
5.02998
5.01316
0.58239
3.05085
0.0924918
0.390269
0.329836
0.483949
0.485751
0.734389
2.99103
0.237775
0.46203
0.236476
0.879249
2.97659
0.897976
2.57098
0.618461
3.93023
4.63891
0.461317
2.4646
0.532704
3.95901
2.08753
2.1783
3.28638
0.571633
5.81523
0.879448
5.08726
0.692187
0.402577
0.319809
1.46654
0.189564
0.425983
3.06544
0.6657
0.303519
0.618315
3.83787
2.31053
2.03319
2.42449
1.29439
0.939456
0.451575
4.95025
1.09183
5.1256
0.412181
0.457994
2.80977
1.53889
4.95569
2.52916
0.484157
0.317397
1.0737
4.26933
0.246175
3.8182
0.29894
5.49024
0.481585
0.397983
5.66826
0.284389
3.64536
0.304034
0.451119
1.21091
1.57405
1.88591
0.562257
0.681711
2.35838
0.406832
0.716357
0.299313
0.161178
0.497343
1.62066
5.68544
0.85687
5.69976
0.326164
1.26928
0.678771
0.383878
2.07896
2.09349
0.246649
2.03809
0.631209
0.528364
3.7061
0.443074
0.543362
1.98686
2.77401
0.541846
0.287858
0.501831
1.21617
1.10085
0.860976
3.89906
3.77815
1.45698
0.683142
2.25451
1.92659
0.53356
1.38259
0.334677
1.80449
0.374496
4.46452
0.113246
0.580978
1.53039
0.673537
1.39611
1.86997
3.07899
0.296207
0.613942
3.60298
0.588452
5.90087
5.54379
0.432686
0.857047
2.41384
0.325722
2.35641
6.34469
1.68102
0.400586
1.25983
0.317231
0.360053
2.51655
5.5053
5.34217
2.14089
0.457424
0.352683
0.586768
0.533766
1.6849
0.471371
0.895649
0.749521
4.12295
0.429036
4.02304
0.412101
1.59385
5.2752
5.37242
0.424975
2.01245
0.203638
0.584669
0.557779
3.72321
0.587696
2.0206
0.515086
0.55757
0.839409
1.51062
0.377762
0.443156
0.602216
0.668779
1.32202
1.7608
1.76479
0.428489
3.22634
0.450452
5.90751
3.29697
1.83392
5.90426
0.579835
0.632668
1.45482
0.504614
0.537409
0.141908
0.578643
0.352701
0.629359
0.551163
2.04833
3.9851
0.153557
2.28525
5.98784
0.376012
0.33065
0.430699
0.475645
1.60374
3.30448
2.73728
2.20463
5.79353
0.395899
0.626779
0.106027
0.901248
0.863382
5.10215
1.18637
0.490358
2.36324
0.702971
4.45445
2.2703
3.96274
5.41093
0.133775
1.66825
3.16932
1.65298
3.65809
0.388201
2.31364
1.0993
1.69644
0.753052
5.3324
0.584905
0.539294
4.65105
0.504594
1.48654
0.392805
4.75941
5.66833
1.00768
0.60379
0.50929
2.59186
0.898691
0.436297
0.550673
4.49202
6.30846
3.70594
0.398003
3.69155
0.298169
5.41696
6.01764
0.800171
3.19975
2.51197
4.60125
2.76462
0.720211
0.0696014
5.21938
0.276462
0.645387
5.99705
0.030855
0.986097
0.599907
4.20086
0.890164
2.84584
1.49014
4.48755
5.59506
4.59763
0.566329
0.357535
0.661179
3.62077
2.84693
0.510429
0.473206
1.68694
4.6879
1.00619
4.25659
0.314288
1.67868
0.907263
0.686152
4.43113
1.16065
0.329965
0.565357
2.37044
0.359538
0.448669
0.378269
3.73047
5.102
1.49141
0.368899
0.380356
1.04171
0.805089
3.61893
0.688048
1.1054
0.602616
0.593301
0.681262
1.35827
0.834118
2.55482
0.328063
0.436328
4.82881
1.94756
4.76423
0.451367
4.58583
0.668763
0.461226
4.4429
0.437916
2.57884
2.4147
2.71166
1.58052
0.581855
0.678278
4.9879
3.3546
0.786943
2.42307
2.15746
3.44656
0.76096
0.549131
4.15833
1.36232
4.94111
0.612985
1.04544
1.73191
2.49175
0.548474
3.50594
0.336582
1.92575
0.919173
0.58128
0.4843
4.35003
0.659038
1.36838
0.511719
0.922365
0.335827
0.630225
5.68817
0.44292
0.416192
0.157959
5.15616
5.62462
1.47767
2.48614
4.50715
0.387585
2.82393
0.238702
3.07744
5.64912
1.58529
0.440125
1.33102
0.32741
5.50736
3.90163
0.399288
2.49428
1.60445
2.94864
3.01124
0.115385
0.270082
0.615284
0.419884
2.51403
0.25217
4.05219
0.148402
1.5598
3.04385
2.75912
3.67201
0.18061
2.30164
0.636845
1.50512
0.0251154
1.62941
0.61246
1.15308
0.712498
2.43575
6.03606
0.722483
1.89092
0.537487
0.306532
1.69809
2.8966
0.389403
0.531068
5.43952
1.14463
0.478113
0.642485
2.55437
5.72544
5.56984
2.36908
0.557396
0.779011
0.546981
0.925196
5.07975
0.448539
0.800737
0.760868
0.648854
1.99026
1.13405
1.07054
3.06998
1.64727
3.80774
0.787649
0.29461
1.18495
0.145382
4.29986
5.62976
4.94891
2.3445
0.530156
0.539284
5.25537
3.66125
0.130464
0.927226
0.412348
0.261301
1.92686
0.391703
0.677559
4.15662
1.62115
2.17849
3.40098
4.28564
0.392338
2.58696
4.03186
0.555995
0.434244
0.330063
0.845481
3.48322
3.85465
3.19848
2.15236
0.430331
4.21983
2.94061
0.481854
3.83199
2.03331
0.529734
3.51563
0.148655
0.581401
0.636187
0.603823
2.37272
0.913209
2.14201
0.616125
0.548159
0.904786
0.391108
3.71403
0.506436
1.49978
4.97816
0.0915342
0.282088
1.08217
2.36545
5.5084
0.325993
0.996194
0.60943
6.34191
5.71445
0.582938
2.34435
4.65125
0.572168
6.1551
4.82304
0.555699
0.6338
0.645654
0.349545
4.13026
5.24127
0.567037
3.21545
6.55179
0.103485
0.435313
1.91928
0.597096
0.544181
2.85287
5.70404
5.11357
2.65358
0.682966
0.568932
2.20874
5.43259
0.579432
2.23171
1.82494
0.577536
0.599756
5.46708
3.12769
0.601393
1.67373
0.395565
1.31112
1.56903
0.581503
3.26425
0.358546
2.63653
1.51626
0.272688
0.636414
0.351622
5.00489
0.915251
0.527034
1.20154
1.78599
0.66198
0.192999
3.8806
1.07362
2.62232
3.43159
0.699791
0.561795
1.15998
3.50805
4.10552
0.821661
0.249639
2.70706
0.434668
0.647251
5.9505
0.468136
3.11775
0.828484
0.690475
4.44399
0.314044
0.604378
0.772627
5.62649
0.633157
0.910358
0.612672
0.65083
2.59523
2.25559
1.4715
2.4168
4.55534
5.12042
0.155204
0.897498
0.256737
0.377842
0.607126
5.98591
2.86667
0.574828
5.18151
5.24808
5.35314
0.862613
0.530173
0.570386
0.420531
1.36999
4.04253
0.237781
4.78882
2.62917
2.1346
0.214536
0.255839
0.602227
5.08462
0.825152
0.286811
5.15961
2.55468
0.564701
5.58142
5.78138
2.30341
0.4616
0.211496
0.359757
2.84802
1.5464
0.711437
0.803555
2.57832
1.21745
6.31631
2.18506
0.741133
2.22523
0.295894
6.24215
1.42009
1.33157
0.573316
0.380862
0.956824
0.651428
0.2458
3.8099
0.550483
0.39353
0.590932
0.26558
0.603554
0.593562
0.394097
0.0992655
0.172375
5.4083
4.92743
3.67011
0.934506
3.06085
2.81246
0.600966
4.40603
0.489225
0.322302
0.313842
2.37016
1.18908
3.29542
0.669761
0.623052
1.56165
2.99685
1.33849
1.11558
0.529907
3.17228
5.50681
2.34697
0.509327
2.78064
0.712229
2.24715
0.645873
2.53986
3.25709
4.43561
3.38476
0.179864
0.279372
0.733667
1.37568
0.846207
1.69868
0.924251
0.331575
1.2357
2.34435
0.288653
0.30278
0.852998
4.14105
0.425189
2.87882
0.473678
4.81219
6.32488
4.2284
2.63119
0.925621
0.295038
0.536299
1.06087
0.706682
0.265279
2.53554
3.55924
0.154396
0.583446
0.824806
0.552302
2.96819
2.95283
0.864919
0.915096
1.41132
1.01443
0.542659
0.747598
2.95235
2.78039
4.96563
0.665093
2.06386
4.51515
0.989007
0.586885
0.656286
0.587729
0.270201
0.916727
2.51853
1.24575
1.96822
1.91956
0.555461
0.709669
2.55046
2.2739
0.409739
0.470211
2.13423
0.337001
3.26636
2.81023
0.448224
5.35768
0.452616
2.3104
0.551653
5.05123
4.38934
0.634572
0.616199
0.794203
0.522164
0.578704
0.30055
4.48425
2.59856
0.0734712
0.549118
0.979532
4.18672
0.0790263
1.26812
0.683178
2.24111
1.32925
0.334434
3.93976
0.327506
0.478002
0.740596
0.403879
0.485941
0.396406
0.279887
0.240371
1.65226
0.490921
0.555522
0.953395
2.96038
0.85309
6.04416
0.63234
0.300329
3.43367
2.05058
0.525466
0.625613
0.601804
1.10585
1.84794
0.283957
2.22461
1.81798
0.0794525
0.787722
2.85063
2.65209
3.30316
0.865601
5.44434
0.59272
0.629012
0.137722
2.88527
0.0911924
5.08985
4.09411
1.18645
2.63229
5.87706
0.841507
1.21
0.676524
2.88888
0.901918
3.04009
2.2221
1.51893
2.97747
0.485691
2.40603
6.43362
0.0840443
3.2755
2.69365
0.684802
0.338079
0.607405
0.624358
4.06311
0.130035
0.38292
0.529792
5.56327
3.58059
3.79506
4.42632
6.55225
5.59636
3.75501
4.48692
0.547687
0.162126
4.18683
3.37983
5.61224
2.979
0.158325
0.593542
0.596957
0.606302
6.22187
1.72915
0.625165
0.460804
2.62497
0.626641
0.575364
0.523702
0.495379
0.577928
0.128828
0.582891
0.543193
0.883985
1.81575
1.1867
4.67017
1.88581
1.88311
0.133708
2.95396
4.87723
0.635691
1.53458
2.55857
0.638992
0.599245
0.338586
0.160985
1.23224
4.20215
0.625387
0.327643
0.599281
6.42402
0.325323
2.45462
0.611451
0.277655
0.556177
4.3876
3.56919
0.473672
0.25867
0.318166
0.560396
3.36701
0.529661
0.546278
0.823177
0.55874
0.393185
0.717754
5.27036
0.422116
1.18051
5.84637
5.92322
0.560156
2.43678
0.165574
1.3721
0.44418
0.710926
0.54667
4.69256
5.51684
1.29285
0.774868
5.06319
5.66295
0.534232
0.0412479
1.23945
0.555713
4.41806
0.514642
0.86281
0.35557
3.06889
0.460403
2.63949
0.178723
0.326642
2.79358
0.493883
2.60133
0.809811
0.891133
0.205147
2.65124
0.611363
0.280935
3.33834
1.06645
0.397458
0.201153
0.34852
0.635317
0.605728
3.15231
0.260233
3.31459
0.69048
0.425376
3.03444
3.59055
0.270547
0.687819
0.638153
5.01731
4.88137
0.559482
0.5874
4.20219
4.8968
2.14071
0.452269
5.51358
1.74168
3.62652
1.70317
0.869143
2.54639
3.44611
6.07443
0.735443
0.166844
2.20535
2.1794
0.140019
0.881169
0.604608
0.562357
1.36007
2.48981
1.68355
5.61963
5.66548
5.5225
1.17531
0.329259
6.38326
0.518171
6.27847
3.74924
0.363431
0.160386
5.94791
0.614427
0.857633
0.771707
0.568406
0.133488
0.562107
0.162125
0.0997688
3.08327
0.593979
0.549639
0.423268
1.07218
0.599502
0.347374
0.640688
0.561699
2.63141
2.71725
0.0502273
1.90295
3.79499
0.721249
5.4729
0.372385
0.351701
0.538755
0.34176
1.73085
2.34475
3.07033
0.576413
0.593882
3.99811
1.82842
0.873058
0.60757
2.97562
0.75301
2.02982
0.716304
0.266392
0.889341
0.426775
0.363196
0.345753
0.619114
0.556974
1.59194
0.245495
0.00428117
6.04774
0.294866
0.192418
5.47695
5.22887
2.22341
0.502017
5.40735
0.354634
3.17702
0.393782
0.626644
5.99942
1.01889
0.1353
1.03713
2.21815
0.590931
0.980525
1.15452
0.772626
5.16666
0.44404
0.104291
0.523647
0.295333
4.57412
0.151318
0.908745
2.44416
0.367551
5.1466
5.90469
1.75582
0.822093
0.603975
0.618746
0.345019
0.934906
0.63338
0.319855
0.433919
2.321
3.48067
0.337895
0.741918
1.33016
4.41735
4.57475
1.24003
0.528862
5.46352
3.58466
0.145815
0.619487
0.581875
0.28742
0.435822
4.00553
5.62544
2.45093
1.37877
2.76598
0.291895
2.16592
0.265233
0.34897
0.613905
3.36618
0.56972
5.42403
5.43812
0.616806
6.50985
0.309691
0.426124
0.524623
0.376098
0.170334
1.37627
0.472773
5.12119
3.23683
1.59412
2.5765
2.29488
0.5092
0.569204
0.529134
4.45478
6.15051
0.26744
3.7384
0.515559
0.56906
0.299214
4.49814
0.564385
0.722402
1.54742
0.501152
0.91856
0.367714
0.274995
0.50143
0.588086
0.549267
3.49116
5.48707
0.570006
0.213339
0.624365
0.265789
0.638011
1.41937
0.439794
0.712308
0.652415
5.57317
0.637536
0.145201
5.19711
0.499247
6.41978
0.913587
0.743466
1.90589
1.49791
2.61464
0.0401497
2.63983
4.52557
4.84906
0.474253
1.40227
0.576487
0.865174
5.93878
0.476256
5.89115
0.284629
0.824763
1.08278
1.09397
0.165297
0.157676
0.291827
2.46272
1.39516
0.130339
0.561951
0.808337
0.617592
2.45778
0.27753
0.564449
4.23619
0.478617
5.55276
0.329912
4.37514
0.54546
0.586997
0.802126
1.31282
0.5824
0.556749
0.521198
0.381205
0.587146
2.83033
6.24663
3.3472
2.75623
5.68708
5.92057
4.36124
0.255858
0.355241
0.905519
0.575386
0.646725
1.54819
0.0116407
5.13176
2.1385
0.64008
0.116299
2.53491
0.585572
0.302952
2.71753
0.47432
2.51452
0.769992
2.0478
3.37477
0.654253
1.22238
4.92422
2.48545
1.67251
3.09237
0.306525
2.10847
2.24882
2.09988
4.4468
0.521835
0.392354
0.563831
6.38554
0.900317
3.22981
0.348441
1.85408
3.6322
6.4635
0.895755
2.06323
0.245877
1.62982
2.63941
2.91551
0.974466
4.50364
0.666175
0.292435
0.50863
1.4184
3.80289
0.575192
2.9277
2.32943
0.250804
0.873224
0.788816
2.25996
0.426867
0.293572
0.460674
0.51068
4.8453
1.0401
0.620812
0.656228
2.93787
3.60097
3.5523
6.51275
2.66052
4.88374
3.10275
6.45245
0.405104
3.12217
1.2577
2.92728
1.51295
0.970373
0.977878
0.401583
0.348104
5.82642
0.827379
0.289548
4.14929
0.942265
0.482054
0.408789
0.29835
3.37019
5.56724
3.47479
1.00075
0.825882
0.210292
0.334117
0.643704
0.542864
0.841454
6.44657
0.147472
0.521305
2.60181
0.897393
2.14355
0.52885
2.47781
1.59283
0.266349
0.35748
0.545517
0.415854
0.246521
0.523942
0.567713
0.71619
0.593035
4.92591
4.6577
4.06676
0.890817
0.532323
0.976466
0.910731
1.1316
0.59719
4.45773
0.493389
0.39497
0.631969
2.53014
0.894629
4.85291
5.42498
5.87182
4.42129
2.58496
1.5177
0.399848
2.28546
0.671955
0.904913
0.264058
4.57029
1.37726
1.29398
3.5387
0.4533
2.9344
3.17506
0.807258
3.45353
6.50034
2.03033
4.13471
2.97768
0.896029
6.32342
2.43152
0.591492
0.444992
5.17649
0.113438
0.873203
0.381385
0.301224
0.552026
0.339125
1.04899
2.99123
0.117677
1.05122
0.117315
0.305539
0.535814
0.366062
3.31329
3.47003
2.13454
0.0521984
0.645369
0.280265
1.03885
0.656129
4.5028
0.548549
0.250813
0.394606
1.54504
0.322403
2.64359
0.477439
5.50107
0.775058
6.37777
1.11613
3.35483
0.55274
0.538043
0.886506
0.613982
0.675949
0.261482
0.636734
0.837787
0.652007
1.95187
0.633171
0.642992
1.25782
6.40749
1.45254
0.575998
0.905815
5.54637
3.36401
0.58899
0.887098
2.32799
2.36925
4.30997
1.84905
1.18583
4.10636
2.71428
1.14491
0.548374
0.621103
0.384905
0.559886
0.989086
0.5583
2.34554
0.240755
5.54749
0.195466
0.725031
1.54527
2.68064
5.4823
1.08603
2.20957
2.8018
0.757209
0.634601
0.527885
4.00342
0.371563
1.1682
1.09141
4.89314
1.96695
0.668962
4.20897
0.567329
1.8246
0.771301
0.822204
0.10287
1.92048
6.28405
0.527024
1.59035
0.772153
0.861267
5.19234
0.679944
0.438435
1.06966
5.50111
0.410096
0.557295
0.520848
2.86613
6.30975
0.561264
4.07668
5.04663
2.11343
0.89944
0.737415
4.80724
3.3149
2.56355
1.74517
1.67645
1.86586
0.941548
0.745998
0.710211
0.533587
1.08557
0.303468
4.72865
1.80405
0.351001
0.558842
2.08774
4.32028
2.59501
5.58837
0.302589
4.14864
0.123864
1.60086
0.539841
1.03557
4.08725
0.389795
0.943139
5.94281
0.327997
0.840572
0.561359
2.07051
0.994461
0.546385
0.596155
0.879324
0.174012
0.292592
0.648657
4.60559
0.726932
1.70556
0.276046
1.92694
2.0148
0.58018
0.552883
0.964222
5.77169
2.23496
0.595159
1.6934
4.52991
0.934266
0.424828
0.607753
0.865105
2.94241
3.05935
0.612195
0.517469
2.53249
1.17227
3.27006
4.02316
0.519027
0.550831
4.04343
6.49623
0.692767
4.84314
0.654092
0.521522
6.49865
5.39202
0.964533
0.622408
0.873137
2.34802
1.09852
0.642904
0.449642
0.811709
0.565861
0.396536
0.462717
2.71532
6.5345
0.813718
1.16431
0.926431
0.275798
6.24738
3.95236
0.321551
1.82824
3.21871
2.77192
0.563249
2.76038
0.331126
2.96738
6.32786
1.0716
0.547735
0.385656
0.876616
6.57691
6.3984
4.87332
0.792346
3.04246
0.338286
0.433575
0.646673
2.60844
1.06954
6.47043
2.2839
0.713266
0.619265
0.664205
0.532935
0.441849
0.352588
0.651805
5.60509
6.45011
6.3902
6.46019
0.463778
0.862504
3.12452
0.652775
3.00324
0.900437
0.63765
0.142824
0.113576
0.30097
0.799339
1.07585
3.03356
5.45235
2.7626
0.759399
0.582566
0.510713
3.55266
6.34938
6.34955
0.857367
0.648398
0.270201
0.893518
1.07695
1.54797
0.885236
6.08169
2.73678
0.573368
0.911766
0.335253
2.7233
6.44391
0.586496
0.579908
0.542151
0.891007
0.900536
1.03347
6.00321
2.68209
1.95906
5.41625
0.558326
6.38769
2.89604
4.37734
0.874329
0.634062
0.641088
0.593414
0.883022
2.82822
0.564533
2.60256
5.71892
0.725305
0.638818
0.865419
0.838028
6.23894
0.603673
0.840812
0.629727
0.644468
0.913076
0.625634
0.621528
0.612258
0.617344
0.870824
0.860486
0.85003
0.857797
0.844773
0.815493
0.465247
0.566791
)
;

boundaryField
{
    back
    {
        type            empty;
    }
    front
    {
        type            empty;
    }
    outlet
    {
        type            zeroGradient;
    }
    circle
    {
        type            fixedValue;
        value           uniform 0;
    }
    walls
    {
        type            fixedValue;
        value           uniform 0;
    }
    inlet
    {
        type            fixedValue;
        value           uniform 0;
    }
}


// ************************************************************************* //
