/*--------------------------------*- C++ -*----------------------------------*\
  =========                 |
  \\      /  F ield         | OpenFOAM: The Open Source CFD Toolbox
   \\    /   O peration     | Website:  https://openfoam.org
    \\  /    A nd           | Version:  10
     \\/     M anipulation  |
\*---------------------------------------------------------------------------*/
FoamFile
{
    format      ascii;
    class       volScalarField;
    location    "350";
    object      p;
}
// * * * * * * * * * * * * * * * * * * * * * * * * * * * * * * * * * * * * * //

dimensions      [0 2 -2 0 0 0 0];

internalField   nonuniform List<scalar> 
10435
(
0.0446186
-0.0509265
-82.2899
-4.65899
-10.4323
-41.7558
-90.4213
-90.1705
-87.7681
-61.9857
-1.90826
-19.9274
-87.8577
-0.802719
-0.895938
-75.9044
-0.776962
-74.7306
-85.1824
-0.0161608
-80.6168
-4.26433
-72.3206
-43.692
-63.6269
-1.79103
-1.80407
-92.2443
-0.784462
-73.6697
-47.1409
-2.38893
-89.0011
-0.130029
-68.8567
-0.563881
-65.8495
-4.2712
-5.35895
-70.6041
-60.5353
-80.559
-0.363567
-1.77975
-61.4441
-59.4959
-46.7432
-1.1844
-102.155
-8.02164
-81.784
-44.4316
-8.25537
-1.35676
-0.336361
-0.546711
-62.6526
-1.13792
-0.804596
-57.8784
-4.57665
0.17184
-0.47477
-19.3824
-66.8011
-77.1806
-0.804508
-1.00759
-87.4433
-31.6978
-0.256201
-1.95663
-0.0140583
-75.3694
-1.07758
-0.183728
-15.381
-92.1922
-95.6144
-1.00335
-12.9495
-0.448998
-6.60966
-0.500311
-16.5749
-0.963204
-0.526079
-1.20439
-1.03469
0.0682784
-2.62621
-4.25296
-0.476646
-1.18405
0.366423
-0.831449
-5.71993
-0.877196
-0.534733
-8.45416
-1.39005
-12.3551
-1.00063
-0.11622
-15.9887
-3.19202
-1.29264
-9.72619
-17.479
-1.08711
-5.93608
-7.62146
-0.837416
-1.12602
-1.69104
-2.96155
-10.2583
-0.595304
-1.0101
-11.0876
-9.69697
-0.341516
-0.0506566
-0.571429
-3.15864
-2.61572
-8.67799
-0.380016
-10.2165
-1.37734
-0.411579
-2.05467
-77.7917
-0.880129
-0.705083
0.880552
-0.722161
-5.8038
-0.0628183
-1.85878
-0.792335
-62.9279
-0.243002
-23.6776
-5.21706
-0.743462
-0.62615
-31.1996
-0.699739
-27.3404
-0.652248
-54.476
0.0441687
-40.2917
-39.7481
-0.214202
-4.38259
0.289879
-50.7156
-1.23234
-47.4203
-0.779581
-2.16788
-13.3497
-1.15506
-18.3636
-85.8359
-11.1922
-34.9422
-33.3451
-53.1453
-0.462358
-2.55891
-0.885455
-28.7046
-0.710487
-0.132182
-0.861607
-4.27452
0.112675
-0.826905
-30.1472
-29.0249
-3.74781
-50.4254
-0.155144
-1.00439
-87.6801
-21.4372
-32.1601
-21.4832
-4.68809
1.23629
-0.657108
-6.2145
-88.523
-0.579157
-1.07128
-0.85115
-70.3378
-0.92876
1.07676
-92.7314
-0.0227353
-81.9526
-5.99476
-2.34957
-8.61282
-1.01831
-7.7493
-0.02749
-78.1444
-18.3195
-19.6583
0.117518
-0.763867
-1.26241
-0.0798968
-12.2041
-0.743793
0.0284744
-1.17462
-0.210337
-0.682066
-1.11992
-73.8367
-15.3467
-1.01258
-49.3956
-0.501827
-0.733604
-79.9126
-12.3579
-45.6656
-1.18709
-0.588174
-45.7407
-4.08516
-40.8211
-54.2662
-0.601061
-0.947452
-0.261309
-0.670558
-8.91426
-89.544
-0.844877
-92.0699
-7.90145
-0.469821
-7.73638
-1.259
-74.7556
-10.945
-95.8441
-8.7467
-11.4323
-97.6001
-1.31395
-0.858927
-95.5124
-49.5995
-4.11281
-30.5856
-0.938364
-0.350063
0.125291
-62.8633
-2.35962
-9.83775
-96.6621
-95.1737
-94.9098
-70.4053
-13.1681
-12.8945
1.57439
-9.17091
-80.3187
-98.0978
-71.5745
-0.802759
-98.988
-1.17084
-1.00747
-2.06644
-19.6869
-18.1229
-0.230124
-0.86674
-0.658733
-1.88142
-1.27628
-96.4631
-21.5627
-9.78481
-0.698328
-0.394212
-5.64086
-63.3536
-0.78877
-28.1881
-100.487
-13.295
-4.29357
-0.859282
-0.402463
-39.2307
-69.9558
-0.240183
-2.77903
-1.43796
-0.534118
-28.1481
-88.9557
-11.3128
0.406509
-37.425
-0.752263
-13.8208
-23.73
-2.67857
-0.489756
-2.79141
-102.752
-81.4041
-14.9939
-100.868
-0.573324
-1.45492
-68.4565
-0.888474
-0.224704
-91.5111
-37.6526
-1.08815
-0.103884
-1.93029
0.328869
-1.18193
-15.8267
0.0313075
-3.69164
-8.98515
-16.4897
-2.04716
-0.945465
2.85995
-1.8149
-100.414
0.0520833
-76.1253
-7.68845
-100.286
-102.864
-109.795
-104.927
-70.1839
-0.934233
-0.0665124
-2.99221
-1.85712
0.182694
-3.34981
-2.75106
-15.2692
-1.8236
-25.2031
0.638291
-100.38
-4.26424
-15.5419
-97.9614
-113.302
-1.10907
-9.94494
-3.34673
-3.47084
0.0608518
-1.14486
-12.0648
-12.7911
-93.1964
-0.62681
-92.8134
-107.528
-99.5438
-97.7771
-107.813
-93.9176
-75.3194
-0.377525
-0.985874
-0.412153
1.27064
-95.021
-0.211605
-108.282
-13.8885
-0.8895
-21.276
0.349943
-2.65045
-84.4024
-5.03985
-93.4699
-30.0427
-0.0727083
-0.487318
-9.13173
-107.187
-10.5037
0.287256
-2.96189
0.00662843
-0.379429
0.189741
-84.162
-5.78098
-2.90671
-0.787716
0.185093
-115.992
-0.436853
-1.08839
-119.075
0.383379
453.877
162.645
217.376
147.75
133.025
95.0226
75.4361
57.4998
34.8786
447.808
146.299
202.454
144.436
131.728
100.66
82.5121
66.1361
49.0595
437.447
126.175
182.182
137.548
126.259
100.883
83.9153
67.8488
51.1148
411.94
102.456
155.565
122.398
113.93
94.325
79.8026
65.4757
50.4273
365.699
73.3925
122.683
101.47
96.4282
82.5406
71.3578
60.128
47.6568
299.187
41.2269
85.6968
76.7135
75.0057
66.5357
58.8696
50.717
42.0856
217.241
15.3567
48.7555
50.9709
51.816
48.1902
43.9671
39.1172
34.281
128.365
3.35045
16.2559
27.222
29.3477
29.557
28.1854
26.2675
21.3205
40.1452
-1.14851
-10.2646
7.43865
9.9483
12.874
13.6171
13.6609
13.3385
-40.5783
-7.47703
-30.3576
-7.24878
-4.72226
-0.169575
1.89299
3.38108
4.42344
-111.819
-16.2182
-42.7506
-16.1687
-13.8955
-8.79569
-6.24517
-4.21826
-1.7721
-157.5
-14.6856
-44.7267
-19.0996
-17.8454
-13.2934
-11.0525
-9.40666
-5.26661
-161.942
0.663299
-35.6874
-17.065
-17.796
-14.5784
-12.942
-11.25
-9.39269
-146.909
16.7751
-23.5773
-13.3247
-15.956
-14.2166
-13.1799
-11.5933
-10.8492
-130.751
25.0771
-13.9415
-10.3627
-14.0618
-13.4602
-12.8327
-11.5296
-10.3468
-109.882
26.0093
-8.13963
-9.10686
-12.9294
-12.9261
-12.4298
-11.2915
-9.704
-92.2361
18.4793
-6.92963
-9.75288
-12.7451
-12.762
-12.1348
-11.0512
-8.55391
-83.3922
2.76333
-10.5464
-11.8951
-13.2315
-12.7747
-11.8216
-10.5501
-8.2866
-73.8597
-11.9465
-14.4403
-13.85
-13.5977
-12.6007
-11.3749
-9.97043
-8.28329
-60.1261
-19.0208
-16.1397
-14.5023
-13.2325
-11.8358
-10.3963
-8.85253
-7.08838
-47.8629
-20.3545
-15.8537
-13.7627
-12.0614
-10.512
-9.06186
-7.54534
-6.25536
-39.643
-18.3419
-14.2932
-11.9759
-10.257
-8.73104
-7.36999
-5.90774
-5.52917
-35.3579
-13.4786
-11.8495
-9.49433
-8.03322
-6.70116
-5.55439
-4.33081
-4.22412
-31.967
-6.38067
-9.63553
-7.64933
-6.38929
-5.11155
-3.96104
-2.81055
-2.93116
-24.6834
2.44076
-3.43205
-2.77511
-2.60876
-2.49573
-2.19265
-1.61183
-4.56394
5.87613
5.46247
5.09177
4.87068
4.72099
4.66559
4.75064
4.9953
5.40779
6.02704
6.89759
8.06357
9.55489
11.4052
13.6259
16.1888
19.0553
22.2845
26.0564
30.283
34.6038
38.7706
42.7448
46.8844
50.9844
53.7402
55.2246
57.3445
60.7499
64.6068
68.7896
73.7683
78.948
83.3578
87.4029
91.6556
95.9944
100.431
104.994
109.856
115.182
121.196
128.148
136.404
146.337
158.197
172.315
188.889
207.856
229.204
252.42
276.933
302.815
329.493
355.773
380.783
403.958
426.286
447.105
2.32377
1.55564
0.787876
0.129913
-0.46053
-0.969892
-1.43403
-1.88944
-2.34998
-2.83225
-3.35497
-3.9333
-4.58039
-5.30839
-6.12508
-7.03003
-7.89614
-8.46869
-8.63215
-8.57797
-8.40222
-7.84649
-6.67062
-4.80171
-2.23051
0.408438
2.40239
3.54624
3.54521
2.52654
1.23475
0.130827
-0.765458
-1.53251
-2.15181
-2.55938
-2.81962
-3.02987
-3.21574
-3.33353
-3.30547
-3.01789
-2.32511
-1.05897
0.957387
3.91711
7.99827
13.3673
20.2862
28.6155
37.565
47.0314
58.1495
71.3368
85.3169
98.6616
111.715
125.949
141.995
3.21137
2.80552
2.36715
2.06108
1.8471
1.72446
1.69348
1.75424
1.90509
2.14372
2.46915
2.88143
3.3825
3.97606
4.66922
5.47189
6.40268
7.47041
8.66149
9.96055
11.4084
13.057
14.8941
16.8839
18.9528
20.8806
22.5622
24.05
25.3504
26.4318
27.4292
28.4709
29.5962
30.7941
32.1223
33.6388
35.3757
37.3556
39.6075
42.1683
45.0871
48.415
52.2143
56.5505
61.4947
67.1339
73.5741
80.913
89.3316
98.95
109.912
122.208
135.627
149.674
164.109
178.984
194.077
209.93
223.149
1.46483
0.991625
0.521175
0.142353
-0.175189
-0.43013
-0.623266
-0.757422
-0.83697
-0.866421
-0.849539
-0.789325
-0.686858
-0.540944
-0.346785
-0.0956341
0.228773
0.646271
1.16756
1.78742
2.50202
3.31925
4.23665
5.23229
6.26427
7.25081
8.11039
8.78429
9.23773
9.46661
9.51931
9.45046
9.30728
9.12471
8.94209
8.79196
8.69821
8.67743
8.74817
8.92792
9.23559
9.69457
10.3315
11.1891
12.3261
13.8539
15.9537
18.3816
21.4545
26.3612
33.1227
41.1966
50.7822
61.9303
74.4765
88.0335
102.284
117.625
132.598
2.06974
1.811
1.53281
1.33066
1.18158
1.08717
1.04977
1.07026
1.14816
1.28257
1.4729
1.71877
2.02061
2.3796
2.79771
3.27708
3.82037
4.42846
5.10182
5.83677
6.62911
7.47104
8.34955
9.24382
10.1252
10.9587
11.7122
12.3666
12.9134
13.3569
13.7221
14.0391
14.3489
14.6914
15.1037
15.6251
16.278
17.0692
18.0048
19.0702
20.241
21.4939
22.8026
24.1654
25.599
27.1728
29.0024
31.2564
34.1875
38.1027
43.1987
49.6942
57.7378
67.2691
78.0941
89.7974
101.993
114.913
126.123
1.42986
1.19819
0.975223
0.803026
0.667126
0.568764
0.508871
0.487679
0.504731
0.559631
0.652602
0.78422
0.956232
1.17087
1.43122
1.74056
2.10274
2.51836
2.99042
3.51597
4.09046
4.7025
5.33762
5.97821
6.59329
7.16128
7.64808
8.03616
8.30839
8.45874
8.4984
8.4305
8.29002
8.10989
7.89898
7.6987
7.50177
7.27711
7.05136
6.79578
6.49394
6.13906
5.72771
5.28961
4.87528
4.54988
4.44646
4.72571
5.61024
7.4203
10.4073
14.7982
20.769
28.3337
37.3745
47.5239
58.3653
69.8662
80.6463
1.6954
1.57615
1.46225
1.38525
1.33567
1.31371
1.31927
1.35251
1.41289
1.50003
1.61443
1.75689
1.92951
2.13447
2.37429
2.65241
2.97352
3.33192
3.7355
4.17914
4.66393
5.17639
5.7053
6.24724
6.75506
7.2381
7.64663
7.98412
8.22673
8.36433
8.42112
8.35062
8.20922
8.04131
7.7944
7.58621
7.37951
7.07479
6.83857
6.58696
6.32967
6.07015
5.80071
5.54419
5.36441
5.21101
5.25579
5.54766
6.2817
7.66596
9.91628
13.2487
17.8348
23.746
30.9026
38.9919
47.6255
56.6603
64.7757
1.67485
1.58552
1.51356
1.46851
1.44189
1.43559
1.44392
1.47135
1.51371
1.56586
1.64134
1.73247
1.84682
1.98984
2.15918
2.36912
2.61613
2.86056
3.17168
3.53235
3.95372
4.3962
4.84725
5.35374
5.76634
6.20475
6.52977
6.81788
7.00778
7.09494
7.10057
6.81068
6.38738
5.93954
5.15946
4.54838
3.91069
2.60714
1.56758
0.525171
-0.464501
-1.4018
-2.27829
-3.07344
-3.30823
-3.88228
-3.93731
-4.12674
-4.25809
-3.75938
-2.32814
0.176278
3.58307
8.18473
14.1112
21.0144
28.4191
36.2427
44.0328
1.84933
1.8392
1.82953
1.83938
1.85598
1.88938
1.93103
1.97352
2.03191
2.12507
2.18389
2.28765
2.41563
2.5397
2.72355
2.85566
3.10959
3.39297
3.6691
3.95713
4.32434
4.67963
5.08648
5.56868
5.92008
6.37499
6.63473
6.89192
7.12188
6.84564
6.98367
6.42402
5.72214
5.04724
3.8084
2.88404
1.58002
0.0501513
-0.377534
-1.19865
-1.67648
-1.6951
-1.88251
-1.36713
-0.987984
-0.715232
-0.141507
-0.147718
1.59657
3.32199
5.07924
7.16544
9.90486
14.1535
18.5938
23.7382
28.9613
33.8342
34.9759
-10.1587
-10.2079
-9.60798
-8.74686
-8.15516
-7.91922
-7.69673
-7.02235
-6.09952
-5.44936
-4.6844
-3.36195
-2.05798
-0.983101
0.18827
1.27808
2.01083
2.51084
2.98619
3.52607
4.05827
4.48567
4.79789
5.25227
5.75258
0.953723
0.66824
-0.0182933
-0.159221
0.0811273
0.561687
1.4451
2.58493
3.44661
3.59757
3.08366
2.10489
1.06028
0.438855
0.550438
1.2529
2.06017
2.69078
3.06079
3.16379
3.02494
2.78737
2.72869
2.9743
3.21562
-0.989772
-1.17238
-1.13769
-0.951581
-0.617504
-0.205546
0.314822
0.871095
1.28365
1.34763
1.15319
0.843325
0.555352
0.436486
0.609012
1.00081
1.4438
1.84371
2.16693
2.41005
2.58096
2.70901
2.84935
3.01457
3.30141
-0.139782
-0.299675
-0.244401
-0.156254
0.0162956
0.25286
0.552911
0.869617
1.12458
1.24649
1.2513
1.19362
1.14591
1.17794
1.32904
1.56794
1.8247
2.04712
2.20843
2.3023
2.33435
2.31649
2.25933
2.13281
2.04079
-0.0537194
-0.151246
-0.0817414
-0.00822185
0.116239
0.274997
0.467615
0.668435
0.841758
0.960513
1.02952
1.07668
1.13646
1.2352
1.38557
1.56878
1.75201
1.90936
2.02859
2.10751
2.15253
2.17113
2.17287
2.14096
2.18513
0.0380108
0.0310866
0.114797
0.170273
0.25724
0.360212
0.488076
0.62657
0.758297
0.87726
0.977634
1.07454
1.18411
1.31061
1.45681
1.60809
1.74614
1.85684
1.93379
1.97582
1.9877
1.96946
1.92009
1.8134
1.72933
0.186211
0.111904
0.218421
0.255247
0.319776
0.385229
0.473975
0.575021
0.678238
0.794471
0.904002
1.02061
1.15458
1.29358
1.43998
1.57849
1.69831
1.79248
1.8597
1.89903
1.91932
1.91863
1.89923
1.84179
1.8072
0.319316
0.149928
0.28235
0.29958
0.359247
0.407393
0.482298
0.560679
0.632358
0.743443
0.846566
0.966124
1.12231
1.27231
1.42133
1.55628
1.6695
1.75747
1.82208
1.86292
1.89515
1.90721
1.90514
1.86691
1.81809
0.165464
0.0939963
0.340921
0.339861
0.366623
0.354912
0.376543
0.433077
0.54389
0.654859
0.78159
0.897914
1.02917
1.17111
1.34937
1.48463
1.60228
1.69816
1.79838
1.85318
1.89269
1.9244
1.93256
1.89449
1.84787
-108.418
-109.161
16.7946
8.00033
1.5241
1.26709
5.61872
2.27847
17.0254
5.7519
13.7765
2.18506
-132.161
0.324065
10.3968
2.47466
18.6451
7.14082
-3.72417
71.948
-3.80583
4.06696
16.4865
3.12913
2.01211
2.46076
1.99852
-0.0367224
-110.612
17.706
21.4932
2.65002
13.9561
-38.1631
17.3628
1.88124
5.83568
10.2783
4.27109
4.76941
11.8393
2.95506
3.02483
-0.330816
0.292679
-1.2425
10.0615
9.97758
-65.3433
-11.6849
10.5979
9.5492
-49.7891
7.31226
5.23501
16.9144
0.412418
-35.8733
0.682519
9.78914
2.11508
16.8345
1.47815
2.62367
2.15153
-0.212435
-1.23129
2.22838
-122.521
-34.2145
16.743
4.65465
1.43664
70.5475
1.32105
-9.25939
65.9413
9.84098
1.00283
6.92484
-40.5564
2.01234
2.49713
14.0634
1.84183
2.1177
1.49813
9.98242
14.0929
-2.18893
1.22185
-9.39497
1.81044
2.30132
1.31997
14.2782
2.48063
11.4548
2.93758
7.72473
0.356304
12.0372
0.288481
3.75317
0.796416
0.764549
16.5456
-34.3425
2.47658
17.9689
3.29257
2.38814
17.4754
3.45302
-52.832
-69.821
7.70254
5.47156
-82.7486
2.5135
2.63234
2.2894
3.40383
2.1531
14.6033
2.9444
9.63366
69.059
1.05732
9.55381
2.46611
70.1802
-35.1915
-1.70927
-0.104165
1.49534
0.413136
0.460652
2.22974
71.8037
2.71381
1.96917
8.19041
2.64832
-84.6046
2.36958
7.20212
32.5772
2.24955
17.3672
1.33146
0.840654
7.11702
11.3888
1.79496
11.8027
1.13189
4.56513
68.7109
4.08079
2.98566
16.9335
2.28995
11.645
2.80188
14.0649
0.426648
1.67316
2.92158
1.02052
0.455803
2.84558
1.94789
13.6501
-8.13144
0.242021
5.449
-60.2122
-37.3157
4.52045
-2.5392
2.89887
-54.5869
9.62672
0.723471
3.17948
13.4445
2.44007
0.161729
2.2849
10.4914
6.88742
2.20429
2.421
11.367
8.24091
1.33007
3.895
-76.896
-134.644
-145.405
3.52701
2.15478
2.23048
2.21725
4.10453
3.30162
0.30076
-49.9277
4.50931
0.799371
2.29537
-4.10755
1.9551
1.10354
14.0819
0.997908
3.44881
6.53274
-3.12864
0.158083
2.97088
1.9159
16.4305
5.49065
10.7663
0.885322
18.5445
2.46661
1.39883
12.3359
1.95804
2.7873
2.49221
2.51791
4.90045
54.1548
0.0187213
3.39621
6.82977
24.1463
2.07291
2.98026
-0.00636583
1.40236
1.85181
2.72549
0.63239
2.43619
3.05231
2.48225
0.317387
4.35468
-60.8778
2.67902
1.27143
17.4302
64.9217
66.5649
5.39948
1.29479
0.937251
2.2389
1.66664
69.3061
2.25426
3.8514
7.91868
4.92036
1.72175
1.5576
2.98244
2.8963
3.45787
-4.53909
7.92772
1.85741
17.6443
0.281863
8.15178
-0.0267467
1.27942
2.95904
-1.436
-40.4554
2.22892
0.69545
5.82335
14.3805
10.4184
7.87943
2.41705
2.85502
13.1955
-58.2238
14.2004
16.6421
-3.71803
4.13607
-20.5026
8.10148
2.98596
4.10694
2.17609
17.3211
3.09972
-2.55923
0.580268
71.7817
2.05347
4.1144
-1.14654
9.06898
1.22041
2.88537
3.54152
9.61532
4.04375
2.10117
-23.1689
63.2717
2.47382
4.11186
18.7509
1.76121
2.2551
7.41939
-37.4456
0.880192
-32.173
2.57643
10.7852
0.198035
5.39244
9.73021
2.07742
2.26155
2.42318
2.38523
1.72018
2.3115
2.11747
-1.94356
-6.7198
68.7861
0.982735
0.762645
2.92887
1.5343
11.0335
0.437327
1.86269
2.73911
58.8604
13.455
5.32784
-19.1052
-0.524891
2.86018
13.5323
-46.6352
16.5313
3.40168
10.1036
2.99129
1.41528
2.79321
9.58114
2.15623
0.40155
-0.0953619
10.6557
-104.058
17.2708
-113.77
2.47869
2.41382
2.54106
4.0805
4.96053
16.7687
2.2905
14.6937
-0.505907
-0.39758
-44.2052
2.72957
71.853
14.3187
11.1366
3.97542
4.01856
-1.75484
15.3136
2.83536
5.30821
2.98519
13.6463
4.3309
-101.298
2.13483
3.21754
1.79803
-36.806
1.99924
3.18724
6.33952
-1.14268
-1.45884
6.22546
8.74519
2.0843
-19.7661
2.12909
2.58259
4.67059
-63.4104
11.1575
4.20275
-4.29446
2.8414
3.92706
-0.868405
0.211773
3.24784
8.26457
2.4016
4.03355
5.92476
2.63775
2.17158
1.24976
-7.46102
1.02661
7.91846
2.84754
2.79898
2.84078
2.90159
4.2133
4.00006
5.94092
13.8919
-0.847097
-121.339
15.2529
0.0162553
11.0351
0.683911
1.02011
17.2147
2.86685
2.20415
-25.3997
-2.01583
-35.4441
14.0315
2.22126
1.22624
61.772
2.29375
-0.332932
7.23667
-7.11903
8.36295
1.85244
0.833692
16.7247
3.88005
15.8255
-1.49215
1.66244
16.7932
4.37464
2.2343
-64.5806
-7.6212
1.2903
28.7643
23.2133
1.2402
6.49704
3.07504
2.11529
12.5638
1.61792
1.94434
4.59952
-0.663842
4.32715
9.21071
2.39311
2.36375
14.4792
2.09192
0.6578
12.013
2.16826
2.81742
-6.54275
3.02628
7.55841
2.20571
-0.0416726
3.60369
-30.6536
2.2724
2.30866
6.17789
2.52461
3.4578
-18.5614
-3.91878
-7.21468
3.16171
9.69202
17.2375
-60.1276
2.39605
2.74934
-2.64424
9.84683
71.8506
10.5309
-43.8208
4.35906
8.17143
14.117
3.79375
3.85611
0.387427
3.32334
8.91494
15.7586
2.46679
-1.00284
2.71027
-32.3571
-67.4116
2.33898
-30.2049
18.1493
3.38195
16.3647
2.74637
16.1898
2.33346
0.171482
2.15663
17.7376
4.0057
5.90988
0.981518
-58.1754
-57.567
9.65341
1.8786
0.0317345
-110.72
-33.2185
-4.96123
-5.37129
2.63002
-81.3095
17.5971
3.49817
2.64465
0.675519
2.65678
0.904849
10.1811
5.32166
11.281
0.789314
1.22737
17.6792
10.5504
-35.0008
0.163091
0.929664
71.9531
-68.7523
3.22573
-1.03627
2.43567
13.9251
3.72138
1.24815
-4.48446
4.42669
1.15678
1.83646
2.80746
12.1297
0.976482
0.658067
-53.7358
-55.4125
1.57
2.79664
-1.80689
-0.0862411
3.01079
4.21988
68.2799
2.71887
2.20353
5.4326
5.83126
2.81169
3.10272
6.99983
2.02255
2.95371
0.459759
-28.96
3.96466
0.831016
16.1243
3.22812
1.86659
2.25124
-4.69816
1.05689
1.62388
8.73437
13.1967
-0.0313996
13.9474
1.36113
1.47898
1.51708
3.09778
2.43719
2.51257
-12.2348
0.242133
2.07773
0.695096
14.649
2.27788
0.154066
-0.229373
3.70493
1.42463
3.19055
1.51953
-0.935833
5.30938
13.2509
57.8033
3.2773
4.22195
2.71686
4.19116
4.78892
10.3697
26.9027
20.2059
2.86951
-29.2109
6.63956
12.0586
2.67749
1.60022
2.33974
16.2241
12.0995
-0.0956722
-59.913
1.60104
-2.37995
1.84976
7.54022
3.03963
2.40196
3.61288
1.86666
-1.21465
4.80464
2.91238
-36.0854
4.05752
2.40905
3.82844
0.175501
2.68244
-81.552
16.3085
2.50398
6.88492
4.18536
15.4314
2.42213
-0.208092
3.04915
2.54838
-3.11276
2.37977
3.45289
0.673232
2.50985
2.64212
3.84148
5.73732
11.708
10.8256
1.0213
8.89823
9.40742
-0.0383877
17.2499
-1.72494
1.18953
1.76905
3.18634
2.26579
-0.773066
2.34287
1.92125
-102.288
-7.44673
14.3496
-0.634402
2.93692
-4.02768
2.11397
0.856933
-27.558
16.1544
-1.16457
-28.9297
5.12395
-66.6351
19.8784
14.0692
13.7164
8.80597
3.42473
2.38366
3.03991
3.32979
2.27486
-90.4966
-63.2508
-5.23
69.0384
-0.862921
3.88818
2.2557
2.12662
13.6058
15.6374
2.15975
5.72119
19.8661
-52.0013
-18.3514
3.18878
3.18999
0.14408
3.07433
-72.7976
-1.92759
16.4682
10.9273
1.15542
4.22829
2.54988
3.22348
0.194944
1.16665
0.449212
4.09705
3.01515
0.189673
2.27254
2.49723
3.06437
2.14308
0.93354
4.42731
8.0915
8.93987
3.72789
-0.0394788
2.78834
71.6611
1.85581
0.646823
-0.685221
13.5476
0.961057
3.09837
2.43322
10.1798
15.0822
34.6371
2.28068
27.7637
-79.4173
42.9789
15.6934
3.82804
0.223693
-4.65413
16.1603
2.92528
2.1416
0.422807
6.6705
16.7804
2.73953
1.84573
-12.1165
1.56196
16.1086
9.46704
5.06808
2.78009
17.5023
-81.8685
-35.9121
2.93599
3.99522
3.07889
23.5176
1.92609
3.01676
1.90753
0.611491
36.8598
4.1479
0.275886
-42.0307
-2.48046
2.2227
13.6129
-0.855884
-6.45394
2.38658
14.7238
4.2537
2.26764
-80.7332
4.3639
-4.44994
2.61228
0.398255
1.401
9.6303
3.19505
4.11648
1.9958
8.52386
71.7906
16.3402
2.50194
-96.1882
10.0759
2.43684
1.02961
0.464208
12.1174
4.36128
71.8772
2.54478
2.44076
10.3789
2.36637
10.5462
10.1165
32.1654
8.43938
11.4177
11.8693
0.585065
13.6055
10.3744
-4.15499
5.2862
1.81768
0.449194
65.6845
2.26537
-5.40892
22.6098
15.6798
4.04696
3.59449
10.2472
0.355037
2.24361
15.0559
-70.9283
-40.8815
-4.0315
0.831604
9.37856
16.863
-55.4213
-13.4125
-9.10921
1.15694
3.11663
2.81217
-45.6833
4.15808
3.57427
0.812528
9.80167
2.57325
3.24099
-33.9086
2.70047
0.640697
-1.4008
-27.2961
-5.26766
-25.0615
-79.624
4.90383
-0.126308
2.90069
-0.725939
-59.6446
-32.8886
3.44336
2.21006
2.23713
3.2511
24.0783
15.0588
2.30992
-22.6256
-5.43411
49.4928
-4.76753
1.80566
2.30186
15.9761
-26.4599
-0.107086
7.30924
2.52193
2.71459
8.19252
9.36949
-8.82014
-6.84938
16.9164
2.36897
3.10841
8.10039
2.32299
3.30498
2.04949
16.967
-1.13152
0.301417
44.4117
6.6675
0.794975
0.107925
3.83358
4.55788
0.673041
2.88918
-15.1413
3.0413
0.729602
-32.4827
71.7264
16.0374
2.3648
1.22695
2.10949
3.75081
-96.9077
1.27
0.399246
17.5946
2.38648
0.646475
0.898427
1.56767
-56.0716
4.85753
3.73285
3.02742
4.96646
5.68431
9.21546
2.03858
37.1184
2.53292
1.72949
2.45131
-12.9396
1.79997
2.46846
18.3224
4.16834
10.4538
2.31536
-64.059
1.7379
1.98889
3.57048
3.55334
9.90914
2.48266
-1.29289
68.1069
3.75527
-6.85253
2.15088
3.02265
2.18765
8.99002
2.65585
2.25839
16.6426
0.30561
12.1484
3.27404
-4.95202
2.80388
5.05909
3.30863
0.521671
16.0026
5.12653
-0.43982
3.87215
-0.161074
3.81287
-21.9264
2.62178
-0.872764
-3.33278
3.07382
4.23034
3.3997
9.65928
7.20593
23.7308
2.52088
8.04881
16.6993
0.231988
59.6365
2.3761
-63.6089
16.3591
11.3493
2.15477
2.2438
0.510827
-25.0323
3.67758
15.8851
2.37292
0.545722
7.47861
1.06476
4.13958
0.65087
5.0457
25.1334
4.70434
-78.6658
0.388664
8.55732
4.66951
2.76307
3.04147
5.41259
-31.637
4.20278
71.5068
2.37858
1.79238
3.0671
-70.2213
11.464
3.57192
4.10989
4.80643
3.24368
6.80361
0.342335
8.64258
2.50868
1.27335
-72.1627
2.08488
2.05614
8.62199
2.81826
1.60493
3.08588
0.215465
-2.1039
14.7303
39.3726
-2.32359
0.295875
20.8801
12.3576
12.1892
2.94813
3.25855
68.8295
4.03597
0.644932
-3.17131
-83.2481
4.28322
3.87127
4.05715
-0.158524
-59.805
1.88879
4.1855
-48.6681
-27.4495
3.21717
2.80796
1.4664
2.17604
0.926215
-59.3039
1.97728
41.0537
2.15561
-1.91996
1.88729
-21.6242
2.80932
15.1096
5.06671
17.0486
-62.3043
-60.7911
8.88117
2.42512
10.806
-24.1571
2.40257
3.73328
2.3161
0.395899
2.83224
1.99737
2.45199
12.4877
1.04077
0.160402
7.23157
0.3927
0.794627
1.33748
11.5412
3.25758
14.447
12.736
0.543326
2.90847
0.863814
2.18621
0.264374
30.2115
15.3405
0.0616607
2.28126
3.73727
11.9766
11.9427
2.45387
-2.0031
1.03133
3.32638
1.80917
-0.0262804
3.91421
0.442718
0.141883
-48.1228
2.15704
1.44928
18.1507
2.31346
0.759574
1.88339
9.88764
0.847913
3.42008
-92.9046
2.52507
12.8042
-33.305
1.79115
2.50013
9.16461
3.01985
2.12968
-1.00565
9.9848
2.62803
-77.7749
0.242214
9.37532
-17.3129
68.9619
-56.2316
4.28159
2.07857
67.2559
36.4437
1.08322
3.46422
4.30144
15.9774
-2.94596
1.53263
3.9793
3.81262
2.40908
4.12731
1.19445
3.58182
-19.9908
67.839
6.37373
3.68804
5.98477
2.79216
2.25029
-2.931
3.32653
-0.885223
9.37764
52.2209
3.09174
51.5196
-103.18
71.727
-57.2221
0.298602
-46.0427
8.64398
1.5163
3.20211
-42.6514
3.14317
17.1819
5.81112
-6.33351
-88.0199
11.2882
8.34251
-20.3119
0.248955
2.82876
5.40024
-18.7015
5.10435
10.2727
3.45949
71.7885
-0.648463
-30.1663
1.90366
0.755684
2.28386
70.6305
2.35456
1.20202
72.0767
2.92867
-71.4836
2.56403
3.09985
-19.5347
5.06988
-1.16807
-50.6543
10.6403
4.92506
-6.12661
5.16158
-3.8595
0.226989
1.31355
-33.2133
-93.0255
3.46195
13.9215
-7.59289
-9.40048
5.01643
0.424038
2.84731
-12.866
2.78699
19.6195
2.7409
9.22132
1.84039
-11.1495
9.74955
1.4538
3.91521
-64.5425
3.12828
2.65733
3.01418
50.302
-11.6036
2.12409
12.4168
1.2013
2.26373
-1.58835
3.19792
2.33986
-98.5523
0.698737
3.07418
5.19933
2.35613
3.63022
1.51661
-10.7001
-26.8068
-1.36218
3.6554
2.58113
-74.4321
8.33169
2.04715
0.860279
0.433886
12.6119
0.872835
-0.916463
-116.664
1.98484
-20.8521
10.9729
1.9557
-0.398053
3.84606
5.07369
1.77882
2.63214
0.799607
-0.0438676
-20.3201
2.77837
8.60356
1.96831
11.9715
3.34023
9.43888
1.17703
71.9444
-54.7198
0.638974
-1.12517
2.99592
3.44082
2.709
-35.9694
-29.8939
0.137967
2.93891
1.23958
4.13956
2.35024
2.57747
14.8741
1.36148
64.6144
11.4164
4.0966
1.97728
-59.112
3.85025
-57.7631
3.05478
2.0135
0.829462
-1.84522
2.0955
1.49974
2.15254
0.678515
16.1769
-27.913
-2.27604
0.716269
25.0443
16.7694
2.19904
17.2608
-66.696
7.43704
3.89502
65.6908
2.35781
3.59488
4.48108
1.91659
17.6217
-1.05504
16.4553
0.292444
0.171044
72.0558
1.18949
-26.0259
11.8358
-0.805116
0.903987
4.28767
0.385439
-22.6841
1.20302
-40.3988
-0.129216
2.52675
0.310587
4.16847
-0.191296
4.13904
2.75363
1.98827
1.72232
-0.790389
-14.7335
-0.0903165
17.0643
2.26975
2.87384
2.92395
0.316998
2.37919
16.2392
-26.2892
2.31654
-22.2945
4.25394
49.4759
4.7097
4.34971
2.01728
1.88164
-31.5625
2.32076
2.86634
9.38654
-1.67572
4.0879
4.22212
4.63583
3.87722
6.49846
2.29318
2.45823
13.2148
2.18992
2.94362
3.7442
12.4399
2.40121
-23.6133
-54.7422
4.2431
13.9455
4.06403
3.05076
14.4153
2.94923
-5.93728
2.87895
-42.3876
0.514131
4.00686
1.62126
8.60969
18.5395
0.703073
2.43613
-29.0869
-1.80021
0.026423
-71.7381
3.17604
2.94852
8.42769
7.19507
-33.8158
2.0606
2.51337
4.56284
2.0719
11.9375
-43.6313
3.30265
4.40859
-1.55965
3.43876
3.69678
4.20732
-0.515086
-1.71715
1.95035
1.56653
4.20341
2.61357
1.61689
2.57735
0.328781
2.77904
18.1353
-41.2331
1.82679
-85.9856
0.925523
36.1742
8.33845
71.8936
-8.02002
4.84724
3.01561
-30.1617
3.03351
3.1189
-60.0787
2.43317
14.9202
-32.9572
-86.5904
4.0644
12.0154
1.41881
-11.4994
0.976819
4.0925
10.2803
0.152016
32.0441
3.03975
4.02965
0.959672
2.95452
12.9951
-0.649533
2.32857
-68.4878
0.28993
-30.3149
1.06752
13.8499
3.37632
4.5699
0.912963
0.35517
-20.2271
6.57677
16.5334
1.4113
-30.9252
35.2399
5.14656
71.9576
1.55797
3.22401
19.0228
-5.71148
4.44748
0.483284
1.15643
8.15355
2.21981
3.58571
37.8621
3.18827
-0.0531254
12.7725
-15.2472
0.458412
0.19924
5.6222
0.439654
20.6147
0.586189
2.33663
2.12729
17.8251
1.79105
-0.797976
-25.3307
1.90268
3.8674
17.8676
2.18329
11.839
2.97162
26.2871
3.40682
2.27042
2.31404
4.5941
2.45911
-0.932692
4.20337
0.717043
4.31667
-38.9065
10.1274
2.22964
31.8053
1.7308
2.15829
2.69153
3.15012
2.4777
10.104
3.56422
-4.59625
-23.1406
9.32365
67.9523
5.00084
3.86415
14.6147
2.83896
0.236612
3.25722
2.21137
0.137852
11.3873
3.97212
4.22363
1.88174
0.429404
0.15304
8.07731
2.31543
-3.00304
-1.88726
2.33737
2.26233
6.96811
-3.33621
1.96283
2.47071
0.303524
2.25986
10.3317
4.74934
3.48535
4.45967
-16.615
-70.0966
0.326614
3.77392
2.91358
4.63172
-39.7205
1.40273
2.17585
-0.502152
3.24315
2.06254
0.314
-18.3534
2.83504
2.03511
2.66127
2.72553
0.720889
-26.1334
1.62815
3.54071
2.17358
-3.20348
-33.0361
2.71342
9.45442
4.69812
0.563283
1.2989
2.98037
-15.3696
1.51522
2.77341
11.1742
19.3385
-0.670369
3.46213
2.62826
17.6205
14.1154
12.4051
2.36681
69.1646
2.95249
-2.47712
17.9985
-40.869
2.09367
2.31533
4.22346
5.98175
4.83861
1.6121
-26.8397
2.06259
5.10499
1.69164
4.11771
7.87265
3.34393
2.96022
4.25887
-59.8017
2.62998
1.82817
1.36046
-2.72881
2.21004
0.997137
-24.4398
2.19562
2.90786
4.30907
2.99535
3.80667
4.22552
3.27388
2.11217
5.67597
4.4614
1.28292
4.95791
3.20648
2.53061
1.0729
4.16515
14.8664
1.97211
34.3949
2.76925
0.5628
2.95397
3.57635
2.08164
8.29081
4.06
1.27965
3.79539
4.34725
31.1898
2.23362
3.14373
12.155
-3.52747
1.95794
-28.59
3.74913
31.3592
3.19201
-14.6134
3.82424
-4.56947
2.28476
-12.8214
-0.086766
8.2447
11.8202
9.85116
1.00132
10.7664
2.37536
1.32488
2.32771
-12.1122
3.94201
1.00883
48.1709
11.0256
-64.7431
4.06352
12.6531
1.32102
2.90288
1.99051
2.23116
4.21372
9.2483
2.84499
-1.50447
4.08009
3.68467
3.95416
-7.20965
2.97541
1.64687
8.73942
2.54194
1.43182
-0.644488
-1.48424
3.30402
3.03842
4.85209
3.99749
15.1345
5.70624
2.81088
0.542461
70.7051
2.38007
3.87387
3.55142
2.054
4.20266
0.446862
-13.4369
1.67911
-11.6038
-0.044115
0.381591
-16.2502
-0.91348
0.711665
4.13893
1.56615
2.56849
1.72646
-131.898
-114.696
3.08385
2.97097
2.23072
12.0233
0.617935
2.41689
1.8299
0.429919
0.847637
0.513731
-4.50559
0.416452
-21.0366
24.285
3.12248
11.5335
-1.21394
28.214
2.45229
2.06398
2.78047
0.955991
2.85588
2.75558
11.4426
17.1246
12.9513
-34.1615
55.3678
2.88456
1.773
6.46126
1.85269
6.41428
9.62481
2.23726
11.13
42.4304
12.7457
4.25762
1.68111
2.24164
5.16913
-29.8857
3.74057
-18.6849
3.64843
4.37576
0.794515
10.4224
18.2612
2.22193
4.01458
5.27247
3.61739
2.83359
3.1032
50.02
2.81682
2.22316
10.8977
3.86955
31.7294
-0.21483
2.46748
3.59441
-44.1274
2.92765
2.3878
3.12038
3.35447
0.020411
2.65684
0.0121885
0.166422
2.41456
3.82091
2.37812
49.2946
-3.42614
1.40748
10.2731
-5.04408
0.349846
27.8368
4.28362
-32.3343
29.8207
3.93152
0.0588857
2.73919
2.59994
1.29006
-58.9731
1.34529
29.0365
-0.320424
9.03821
10.0084
-15.034
67.9919
1.12814
-4.08996
16.2601
0.312281
2.03512
2.41023
3.65097
71.5085
15.0203
3.27951
22.0383
0.0372758
19.5016
17.3415
-8.14337
3.65794
-13.8111
7.77515
0.0964189
4.02359
0.413897
16.696
9.44112
3.78135
2.5574
1.44983
11.0453
3.0556
5.95248
16.0667
2.17404
0.370021
19.5189
-0.222238
13.143
-7.83947
3.17298
1.17709
2.75847
3.98862
2.57522
7.45126
4.12635
2.56344
25.0226
1.35926
1.02878
-0.0655696
2.98482
-2.40666
29.8816
14.6952
-0.242226
15.0323
2.38827
4.37803
2.6928
-10.047
53.039
-20.7159
2.49454
2.79831
3.49678
-24.672
-0.209974
2.58921
2.45123
14.5776
2.62225
1.02154
-81.5583
2.99711
4.23356
0.519448
7.60829
2.45076
-1.75322
16.8976
2.60576
2.83825
12.7435
2.57834
10.7144
15.12
1.0363
9.5794
2.2534
11.2007
-2.08855
1.8621
2.16991
2.94017
4.20589
3.33303
2.70917
0.988223
-1.48896
24.8645
2.70983
2.80959
2.61117
11.932
3.0489
3.6506
2.49041
13.797
2.6587
10.0196
-4.49309
-1.26893
6.97236
4.48754
29.4583
71.3241
-4.03721
3.34816
0.666389
66.5994
12.4527
10.2396
6.9717
3.98911
2.8122
1.34769
1.04952
5.50061
3.09171
4.25498
1.74631
4.23037
71.248
3.76734
11.4149
7.05015
2.54316
17.9179
2.61336
17.8779
1.04665
1.53761
2.29934
2.4103
3.91676
1.58148
7.69185
-0.791591
2.62176
5.96152
11.2543
30.4692
3.95017
0.515075
-0.575463
12.4893
-44.978
-18.2672
2.41255
3.26294
2.80726
2.98196
0.708602
38.0774
10.6413
1.72999
3.68099
0.116259
0.339284
6.84052
3.34178
16.2543
2.0764
1.2095
2.59348
-1.79296
2.63491
71.0504
11.639
-0.26167
0.284322
-0.0545297
2.70845
0.529123
2.00411
6.34973
2.391
4.18079
1.0714
3.91588
0.0439184
-18.6455
2.15095
-0.304584
9.20013
11.6
-46.8576
0.294229
-9.47125
8.9938
5.26961
2.25834
45.452
2.27142
4.16868
2.80344
17.7033
10.0131
2.77503
6.11319
2.79779
14.1518
2.54204
12.4428
7.01615
71.924
-12.5804
9.30942
25.459
15.3921
9.15246
4.94179
69.0761
71.9177
-6.74537
62.1303
-13.9602
13.5498
5.93356
12.1434
2.45836
15.9915
1.96896
2.70638
-64.8186
10.2418
-86.6606
0.906927
3.06734
-2.89873
3.36232
3.36008
0.82266
0.872233
2.78832
2.24295
0.167327
2.70838
4.43793
2.36844
4.46481
2.58141
-36.1684
1.9683
-0.240499
15.9783
1.44413
2.22247
2.59588
28.1285
17.77
8.58322
9.32731
-13.5796
15.2393
-0.725766
4.32985
2.93845
3.27576
2.72112
2.77524
2.84446
3.23431
52.3811
69.5472
12.4827
68.4136
3.65413
-0.488335
4.93129
4.11358
0.226036
4.89788
4.53477
1.75476
4.47874
-8.61065e-06
2.6395
13.184
13.0333
8.71249
4.01023
1.37497
1.3731
-3.68942
1.18611
9.12408
3.48651
11.0263
17.8806
11.824
9.90865
-1.36761
13.9222
8.40114
2.57997
9.34933
0.773124
9.83488
0.333184
0.386212
3.68914
14.3857
-0.955887
-5.07006
-45.7078
65.3894
12.3474
2.41098
2.97226
3.35905
-4.65653
0.984949
2.02926
1.21094
3.26925
11.4665
17.997
1.56781
1.23132
0.504701
2.50079
45.0799
14.9571
58.6526
4.01603
1.43512
9.55467
0.109739
1.84912
34.2285
58.647
0.847055
2.38857
3.81053
0.119997
2.95297
3.34844
45.2232
0.92467
-2.03841
2.3462
-3.51068
14.6388
0.277827
45.3826
14.6001
-4.78231
2.47015
-0.0244143
4.17101
2.52195
-0.103388
4.14606
2.18837
11.5203
67.9393
0.958263
2.80444
3.1336
2.27155
3.44309
2.31498
1.09304
1.78546
2.01585
2.97579
1.48805
2.51713
1.00603
0.845229
0.342442
2.77713
-4.41251
3.75216
2.42945
2.82646
1.64531
2.24104
8.8858
3.77738
8.4835
3.07727
1.00963
10.1994
2.92753
2.48703
2.29414
10.5454
67.3314
4.30665
2.30654
24.2266
2.79243
2.29245
10.5368
9.9345
15.1975
17.982
-1.51196
1.55401
2.42894
2.01995
71.5837
11.8742
3.69531
0.600878
7.05031
0.430703
9.54209
0.0570352
3.00529
2.97387
3.98107
8.51616
-0.0781013
-7.63258
5.20945
7.86463
14.9246
9.92105
2.53161
64.3849
18.1016
3.34912
1.29678
2.09135
34.0356
-7.50033
0.405516
0.923543
30.3474
2.25085
3.28911
9.92241
17.9639
2.423
2.66142
2.01282
11.1389
69.7843
16.8435
12.4049
-5.47786
17.7489
14.8472
55.9874
-0.00162708
7.76259
1.32323
3.12853
3.26728
9.23332
1.42289
10.8611
4.11933
18.1927
67.2213
1.61686
16.0451
-3.15594
10.1981
4.47694
1.41548
0.941383
4.14866
2.18723
5.07483
9.08594
9.85742
4.58063
12.5742
0.0792124
-0.0107896
-2.07015
2.19946
1.41122
2.11204
9.14269
9.86583
3.47384
11.1293
1.12838
8.78729
12.2303
8.93076
4.92803
8.57168
10.0832
4.21887
16.4608
10.8233
14.7642
15.1273
71.8841
3.35912
3.05982
10.1501
10.5558
1.11248
8.65838
26.6297
0.656181
2.99133
10.308
9.70242
4.42451
3.67982
-0.476543
-63.9087
1.74132
71.3597
17.6972
2.52965
0.00126407
4.08357
0.790784
18.4106
3.55289
0.916755
59.2831
-96.9341
1.51467
2.21982
8.72651
68.8194
9.56304
20.1474
-6.71698
13.5856
10.8394
3.70105
4.96629
3.81132
3.15046
2.5342
5.74341
3.45267
2.48948
8.58423
10.6739
4.19142
0.290629
3.57169
17.2036
9.77064
2.02931
0.139333
1.60595
-0.356406
4.33966
-47.0426
5.33957
2.39052
9.34515
6.70383
9.34726
1.88349
14.7384
1.72368
8.73117
71.0801
42.67
9.43374
12.079
21.6117
1.8767
12.9457
14.5494
-2.02466
2.58225
7.17239
2.05513
2.43755
2.15615
2.05881
2.40197
15.1479
8.90951
9.68276
2.84742
3.83706
-2.06908
10.5566
1.7093
0.356089
9.70691
9.2282
10.0739
2.58357
9.4833
0.474116
2.94473
8.78784
70.9392
11.103
8.50209
38.1619
1.26604
4.25073
13.9602
9.32757
4.38571
9.61334
2.63116
2.41594
15.4067
2.05434
16.0884
-20.7445
-16.1286
14.0845
10.8142
0.509798
3.15771
3.09615
-50.2136
3.68361
68.883
2.02277
2.50716
4.12307
10.3873
15.9625
10.6559
2.75962
2.64567
4.4002
64.5314
3.24063
2.38446
2.30479
2.9805
4.85692
1.58267
3.5742
-2.91533
4.07551
3.80939
-0.929961
2.0396
12.4824
2.80983
10.5919
0.322995
42.561
4.78498
46.5834
-32.2905
12.5739
17.2146
9.9668
0.523208
57.7847
0.470339
4.41351
9.30842
0.947248
-0.519635
1.82101
-13.5807
18.2977
2.20659
11.8462
1.06063
18.2919
8.48135
6.9262
0.427634
16.8094
9.87664
0.732506
2.2907
9.01684
69.2924
-5.41838
3.35935
2.3528
2.34858
3.05927
4.97572
2.22429
2.6752
2.8496
2.70098
-9.373
8.39212
2.9042
1.62103
-10.6557
2.26869
1.07142
5.40676
10.7193
7.67901
8.97923
2.2442
1.5012
38.8558
2.91143
11.2613
7.99469
13.3724
2.11739
70.8836
4.25412
2.0772
14.4883
0.048033
8.5795
11.7349
2.86961
14.8822
6.17876
11.41
2.39366
5.75126
9.89517
8.97327
0.114804
2.9488
2.60078
12.7305
15.0564
12.263
8.41667
0.939487
0.969201
2.61085
9.51368
15.2578
18.2198
1.80719
4.14526
9.74385
70.3094
71.4914
11.5137
15.4802
8.32704
4.00235
11.5877
1.04068
4.91623
2.26629
16.1916
16.1627
16.8465
15.0894
17.0253
2.61885
13.0003
37.0661
72.0288
16.8386
-0.0557246
4.93316
5.92447
16.8907
2.50972
3.03812
4.28928
14.1497
12.9465
2.15664
4.48236
2.69575
4.9117
11.971
2.97957
8.42179
15.2568
13.9026
8.27721
69.9285
8.6433
8.48101
3.10872
11.2412
9.6621
11.1038
16.4289
53.3833
11.9609
14.2159
-0.0776574
2.36372
3.54058
2.52688
13.5158
-0.0370708
-5.7606
-47.4463
9.76697
11.3723
2.40449
70.8582
1.96838
4.342
12.7469
11.1294
10.4519
2.39944
13.7549
3.88438
-50.3937
4.9
70.5058
0.337725
12.9477
4.07492
4.24917
9.57414
9.15764
11.2789
-35.0051
7.95918
10.6366
13.0717
10.4936
4.1698
2.47826
-0.370845
-1.08183
4.02354
2.20222
2.26298
15.0014
2.0861
15.5985
12.0449
9.76985
26.0332
10.9479
1.63553
15.7685
11.6929
3.19098
17.4337
16.9484
4.56862
10.6885
2.79109
1.77202
11.9126
8.47061
14.293
16.5615
10.1368
10.6514
10.5138
42.6996
3.35297
-0.93474
12.1721
1.06226
3.38334
70.9846
4.91012
5.42914
4.15995
17.8639
4.42553
2.46939
16.6013
21.2521
2.66705
3.72043
71.752
4.01752
2.36195
8.10376
2.03112
2.88087
2.29386
2.6943
1.83108
11.9854
56.4116
29.041
10.3368
2.34481
4.70107
1.82267
12.7105
2.47641
18.0463
1.82309
14.2411
14.4839
2.24146
2.61331
2.36883
2.68369
2.2079
-1.55549
11.4995
16.6205
2.83197
4.33363
1.94594
14.6771
1.40778
4.75101
3.80526
3.46903
71.7939
2.2211
9.73122
7.99898
-23.8605
-21.6764
2.22624
15.4715
2.32299
1.82771
8.04078
16.7686
4.65818
10.0425
17.157
2.88138
7.82981
3.24885
1.10134
4.96689
18.3012
10.1743
2.54103
3.66531
71.6738
2.33744
16.7248
53.4193
8.48847
67.7431
-0.503098
12.3701
9.43706
3.31095
2.73277
2.11063
2.58156
3.13971
16.7441
3.22344
1.49253
2.28936
-0.00275103
2.5673
5.27399
2.43504
10.4755
7.95795
0.800184
70.7007
2.13876
0.704307
8.54648
11.4311
18.0576
-0.0397474
2.32982
2.03809
16.9126
10.6505
17.036
1.30957
2.56897
4.18711
16.5871
16.3141
2.45886
2.39128
9.76672
2.81493
32.0667
3.36347
2.43146
2.21289
0.659353
4.17095
2.2027
0.670444
-0.835964
-0.22555
8.28933
8.7517
2.5078
11.8404
-71.3196
12.2521
9.10491
17.6057
11.1757
3.00669
8.78709
13.9901
52.3102
13.3549
9.07935
3.42049
14.7104
-1.83333
4.91657
2.50566
-25.3992
7.11814
1.73445
0.917359
16.5185
2.47185
37.7958
33.8493
-0.530566
-2.92267
-5.23245
1.72089
10.2378
2.26986
11.3102
5.39713
46.5785
17.7244
1.80422
24.8798
2.17185
1.64045
3.45934
-66.8494
71.5712
9.8616
0.0687871
24.0518
71.5778
3.09408
-0.21155
8.20135
38.0244
2.12659
13.8839
16.1977
16.4637
1.02099
1.06823
13.9903
2.58586
71.2285
8.7947
2.41005
10.2012
4.18974
2.99501
3.41128
4.19912
17.4571
8.4756
4.07038
6.66657
1.50601
0.266481
11.4174
2.9276
4.79723
-67.6683
2.75905
0.842532
16.3457
3.26268
11.8045
10.3326
11.8481
2.32329
1.40908
13.8115
61.6649
18.2152
12.9274
71.9686
17.9821
14.7175
16.8783
-2.18424
12.2397
11.6798
-5.70359
2.0296
15.2168
9.30078
8.47975
14.0791
1.59868
-76.2903
-8.64168
-7.96326
4.4756
3.22417
0.606221
5.71443
11.2159
-3.84155
-0.670225
2.5483
8.65912
8.65678
-1.13078
0.260912
-109.944
2.6396
2.94061
10.7864
5.94365
0.514941
2.16586
2.03057
-0.63225
13.9682
71.695
15.9506
5.15652
12.9065
56.6359
8.43106
-5.49304
7.99362
66.2664
15.6059
3.60827
11.4298
10.3662
2.04908
10.2342
11.1021
6.18853
2.40526
14.3032
18.0622
15.6054
7.55932
1.98339
-6.2793
-37.5079
6.05413
2.33708
2.35982
3.15129
2.7144
3.0797
16.7318
9.92828
0.502542
0.144447
14.9202
6.44456
1.93866
2.35506
0.26592
13.7325
-1.24561
-0.685431
14.3106
71.3008
10.6072
12.1645
1.59893
1.55915
3.2199
0.804916
2.38339
0.419726
2.77417
71.69
-77.4065
3.69888
17.5266
4.01345
13.3339
9.53361
5.45384
70.6379
3.37306
7.2028
-23.1766
3.6067
1.95289
3.207
1.77571
4.4739
15.0425
3.44811
0.702472
9.25046
3.10688
13.3236
16.3834
10.6382
2.2834
2.24775
4.94656
-0.0256264
0.697461
-129.052
10.8818
2.89948
-70.3867
0.824835
1.09499
-0.499539
71.3467
9.40155
1.49307
0.467003
15.6835
10.9204
13.2386
1.6152
2.83406
-2.55181
11.561
-3.67834
1.71422
1.41777
1.30964
71.6118
3.2885
1.05925
15.4841
12.8155
1.00988
17.6496
52.4361
1.21567
16.5468
2.55582
3.21159
2.49997
1.07049
16.7257
0.780022
2.9967
15.4932
3.21351
16.3106
1.19851
3.06755
9.02374
2.99506
14.6687
2.32205
0.759631
10.7056
9.18988
2.5201
-2.02622
1.47404
8.3515
10.8582
0.86546
2.51428
5.66818
1.55833
-21.605
0.826024
0.982477
11.1648
2.39588
-0.131409
1.57541
2.55911
3.2226
-0.369351
4.05057
16.3888
11.4239
0.658798
-1.58956
15.317
1.10884
12.023
-5.84284
-3.65768
-0.604172
3.30113
4.14752
2.5053
11.149
2.49366
8.69212
3.00121
2.40581
2.47231
10.1713
2.00457
10.8666
14.635
14.3612
3.13444
9.33784
1.56721
-107.542
4.17932
2.36319
10.7668
16.3751
3.38381
13.8456
0.70148
-0.58161
16.3909
2.40222
21.1702
4.98386
2.43973
0.453963
16.4355
0.722373
9.88317
1.14276
10.3413
8.89427
5.88113
0.853918
3.27881
10.3153
3.8582
1.00325
15.5402
16.3085
3.18317
-0.3844
-1.01749
13.496
15.1125
71.8333
58.7182
1.26877
1.35143
0.659653
-2.24905
2.31886
4.14468
-2.23212
-2.5146
1.37053
0.500967
11.8497
13.1435
-14.5045
1.0457
8.11618
1.55027
15.5586
5.0763
2.78874
4.77508
16.6215
3.484
1.94467
2.72931
12.3068
2.16829
22.628
15.9335
2.34034
3.75783
7.67488
-38.3079
-47.8727
2.31695
2.98781
12.5962
71.9453
14.002
0.593599
1.05921
4.96109
15.2347
14.5466
4.01411
42.4543
10.0104
1.82053
2.42895
2.86162
0.563366
-0.117803
4.17646
5.17076
0.672817
9.90756
-57.4917
5.0326
70.0497
11.5606
0.312284
2.36818
15.9329
15.5002
4.41975
-1.54871
-0.941637
65.0546
3.75439
2.11055
-0.248537
-0.971985
2.58843
15.1152
10.8453
15.3457
5.16563
70.1749
12.7857
-19.59
-11.6483
-0.256956
0.702659
9.55985
3.35285
63.1516
7.71625
15.721
64.622
10.7713
66.1465
6.24959
3.82579
4.89887
2.63113
15.8963
2.05194
37.6182
12.2315
15.8554
-0.978532
7.36985
8.96944
-0.348671
1.35915
3.13723
71.8188
0.751539
3.51088
9.97007
11.4234
2.84867
1.63557
0.5095
1.78194
-0.85683
-0.277193
16.8332
11.145
4.12189
3.43111
1.93935
6.12668
8.41053
11.3951
8.6319
6.70147
2.31954
2.38777
8.26791
8.57136
15.7277
5.73831
2.66986
7.53245
2.21249
2.42155
6.46254
3.35943
6.98724
8.64101
2.27444
9.86218
1.98888
2.47597
71.7516
71.9564
31.8456
13.4396
1.97469
-0.472104
0.869822
-0.638047
16.2981
12.5393
10.8434
3.46725
2.51478
2.69265
32.3061
1.98301
2.76881
12.3503
2.38432
3.25325
8.60587
10.7325
0.943751
3.4602
-4.89845
1.78149
1.82713
10.9498
0.862346
12.4381
58.7303
0.912745
3.87269
1.2751
-91.2056
13.2158
15.5328
-4.32114
2.40442
4.92818
3.04084
1.11709
-16.6312
10.5561
11.9462
-0.753001
17.078
2.05132
10.5421
14.9948
28.2868
4.78344
11.4248
0.134064
2.38377
2.51077
2.31662
0.817714
1.53089
11.3527
10.8675
1.64455
0.247902
7.90939
-44.0229
3.61631
7.07366
1.65431
13.5845
4.12607
6.28177
0.749641
2.35624
-0.651242
-0.136061
0.811294
18.5996
12.5477
10.3714
2.04754
4.54483
70.6877
58.9372
2.67908
9.87409
10.3475
5.16008
3.07679
11.2661
10.8538
0.814104
-14.7797
2.34301
3.0246
3.19721
5.99872
8.18299
0.348888
0.200535
2.35243
2.35225
11.0666
9.78655
1.06853
-48.8504
0.860683
2.41539
3.34556
11.2131
0.697947
0.241659
10.0748
1.04844
13.0554
4.13037
4.25496
0.209884
12.5796
72.0967
13.7839
-0.896408
-27.2082
1.4803
3.33095
8.87335
9.87268
3.28014
2.62757
14.1279
1.76528
13.1069
71.8292
12.2894
1.84125
4.13536
69.8448
9.53137
13.4543
1.02719
6.73896
71.7789
11.0392
71.5398
2.38922
3.91841
-78.0352
4.5062
9.30143
60.5315
10.6389
3.83791
1.68655
11.402
7.3472
-5.55759
3.94163
69.3506
16.3183
2.31878
0.156456
-1.19683
-3.18914
1.38174
3.0419
-4.51688
0.124188
0.156684
6.91977
0.729804
0.560307
3.23239
-0.933409
-0.352375
9.44628
10.8384
27.0463
65.0795
0.116802
6.36171
0.605287
2.81243
1.59024
0.823727
1.90077
2.76262
3.24619
6.56887
0.0272343
12.5329
4.55629
8.56775
4.81537
3.89676
-0.229116
2.3058
9.81444
2.33424
3.17201
11.9597
-4.87389
1.64432
18.1123
4.51239
8.18216
4.29307
1.51909
-0.0330839
4.20477
10.7374
8.83646
4.98842
10.4131
0.817399
3.12238
12.6441
9.48045
1.37622
2.37766
1.50623
-1.01089
1.86572
1.70625
14.2328
2.44429
10.1054
2.54605
2.4248
0.733771
0.413058
9.26137
4.50306
2.2464
-0.719355
-0.199464
2.90536
1.77292
1.0765
2.82868
0.20318
5.81908
2.79512
69.1511
-96.07
2.37906
3.13482
3.58763
7.46988
3.6773
7.90486
3.37234
70.9644
2.27018
0.399119
3.25743
0.812215
9.36104
0.8391
0.88911
49.6605
10.0739
2.44796
3.22899
14.0889
0.148102
17.8043
0.800588
6.09064
69.3662
3.10492
0.485304
0.705731
3.21072
16
9.67888
0.354787
2.81988
0.0936485
13.3642
0.168889
13.3329
5.17487
-0.550867
-0.0169726
2.3442
2.31222
9.55477
2.8614
6.32191
10.6677
8.57892
0.313148
-49.4142
10.6712
2.36092
4.36372
4.03959
14.2541
3.84606
2.46971
8.98039
3.29072
0.851154
15.0628
0.714918
-12.2747
2.33013
3.21912
17.5726
6.55086
0.275284
53.7953
3.25043
1.68567
3.20741
2.29547
3.20013
-0.083016
9.6694
3.63868
71.1815
2.80475
1.20182
1.38577
2.81057
0.746613
-56.7639
2.32741
3.17819
3.58216
4.20749
71.3821
3.21395
-0.783101
3.05046
11.8113
11.0967
0.914231
6.91003
2.4002
4.61767
8.73722
11.7067
17.4115
1.93
71.7978
2.73141
1.52961
4.12404
0.41954
1.69846
2.4718
2.66077
3.10327
5.77358
4.20686
11.123
4.15802
9.6625
17.311
2.3765
8.10536
1.51195
-25.8389
11.423
5.22282
2.11876
-0.0461554
2.03967
2.26896
0.76706
-31.849
2.51448
-1.95631
2.17739
4.2939
17.8376
2.94138
1.26103
3.61621
1.34123
12.4672
3.47788
-16.3618
15.8634
70.2193
0.574715
6.30435
3.47192
10.8472
2.04798
14.6364
15.4804
0.775358
2.39279
11.8238
0.827998
18.9219
-0.323348
1.90477
5.90131
4.28277
0.426467
7.55553
4.7152
2.04061
3.07284
7.79283
5.16087
12.926
5.7306
2.34957
3.16151
10.8206
52.6815
12.898
-11.1514
2.62469
16.5709
3.3409
0.66722
5.80508
15.2778
1.69215
4.81928
-0.204306
4.10286
2.99291
1.93199
-0.285131
0.543659
15.4917
17.729
1.84902
0.260945
-1.82105
-0.893903
3.09472
2.986
22.8225
10.2086
5.97898
6.76506
0.710271
1.01415
16.7277
17.5072
4.24576
0.588869
0.583586
4.72613
3.29069
10.3488
8.38663
2.33804
3.88724
1.35978
4.40351
-4.43348
5.12999
9.93016
11.3373
2.31045
5.20907
71.8066
3.23372
6.39337
10.9244
-14.5101
37.9697
15.6052
2.85599
3.25019
2.05785
-4.84732
0.926623
-0.441919
0.0244031
6.43538
-0.109527
5.94952
1.36227
2.52254
2.49499
0.102287
8.67153
4.67488
16.6938
2.09423
2.38775
9.77891
8.58122
3.36188
2.42562
-1.41015
2.47686
2.38967
7.78944
3.54769
5.23104
-0.0295385
-0.670245
-0.27826
3.03093
3.51833
8.74786
16.6117
0.301699
2.85713
28.4543
9.78732
2.50053
1.12637
6.15306
34.2474
3.81167
10.205
2.0916
11.2804
2.35356
2.24395
0.402017
1.7424
2.58982
0.49295
3.85588
15.2678
0.567648
3.23875
42.4173
-0.150064
9.93481
5.83315
7.4763
2.5673
-42.3304
2.18252
0.879652
65.9419
17.1606
3.18603
0.826294
4.15348
1.99956
2.88245
4.23144
4.17237
16.1346
-9.18031
2.53202
0.681618
71.3391
4.50503
5.77599
9.62411
-0.0366851
10.354
3.71594
4.48928
2.75575
0.959194
5.99737
3.79907
-1.78623
3.12094
0.66649
2.21722
8.91099
4.63188
13.2153
6.30406
16.5549
3.68066
1.26326
0.74825
1.13083
8.73626
4.15828
15.7151
3.81948
1.01988
1.57957
-4.36876
4.16456
62.9533
2.89705
1.11984
9.22178
2.02659
2.69203
3.25742
2.06339
2.78853
8.15572
6.04863
0.631624
5.92048
2.51439
0.781529
7.18272
16.142
12.943
2.61137
2.91795
2.58464
3.1851
-0.117966
-0.164044
16.6641
-41.5779
3.71879
5.35109
0.995158
4.87758
1.39526
11.1985
2.54067
-0.765353
3.23113
-2.33974
2.51136
4.56457
16.4536
6.18243
2.84517
2.61425
8.75446
71.6211
2.50222
0.984328
13.4965
3.04824
2.45091
8.05629
9.60277
3.2236
-1.40901
2.8907
3.87214
4.76899
3.39576
4.0007
0.51215
2.23617
11.3873
8.66791
0.942519
5.83872
-0.226687
3.05319
8.61625
1.87841
5.71138
4.19427
8.67432
1.20741
2.84398
9.94688
43.9538
17.19
4.01004
2.2266
1.00246
0.684277
0.644933
1.55557
-0.927379
6.03541
0.20727
11.4722
8.57221
3.74245
15.7325
4.2348
1.44134
0.294192
-17.6373
2.13032
-7.23914
2.1169
42.1055
0.656916
10.7914
5.2979
2.15566
10.2324
4.92021
3.94137
1.50103
3.23063
2.53911
5.52637
8.60588
4.43924
0.676357
0.892189
1.25586
10.856
3.12512
9.71507
4.79017
0.951342
18.1636
2.68263
-0.158325
3.59491
4.70589
0.769995
14.1847
4.27642
1.88251
4.09395
5.68129
2.50876
-74.6812
0.793548
12.8219
3.23403
-0.00435205
0.539028
1.42859
-0.7673
-0.316072
-0.265897
0.764479
4.81372
0.51923
6.11536
6.21426
4.73336
4.53929
-0.600891
13.869
4.15516
4.0287
5.2101
16.5139
16.1225
-1.14647
3.59491
4.02283
8.04725
-0.391422
2.33458
2.7152
1.53337
1.9039
2.84516
2.31961
1.62666
0.951736
1.35533
7.42659
2.63746
5.43239
49.9609
7.04943
12.5747
-17.5625
9.35587
1.94541
1.69638
4.30969
0.831099
-2.34078
9.77564
1.25297
7.48807
-24.0018
15.456
0.272992
5.57126
15.2347
5.45663
2.47264
2.59887
14.9789
16.3335
5.31582
1.63173
1.92231
16.4543
0.855949
4.46821
7.12348
3.37418
5.09335
16.7767
0.644407
8.17821
14.8774
0.754473
11.8181
-0.390245
0.868214
4.48682
-0.225566
0.17787
4.90065
-0.125579
5.46721
4.04271
0.983277
11.5252
3.40275
10.7699
2.24641
1.35675
1.11797
2.53587
2.43738
26.2592
3.77973
5.37858
4.67802
2.86005
4.40726
3.93647
-0.168161
3.85997
2.56062
2.1827
8.5814
7.9489
0.506689
12.127
2.39646
4.47233
12.2405
3.86659
1.93324
2.42861
6.22209
2.48862
1.56491
0.416737
-1.42524
8.77839
1.36156
3.71894
3.47697
4.14968
2.8032
2.84103
4.26961
-0.18305
16.6686
0.939504
0.918228
5.46078
2.46095
3.58154
67.4282
39.3292
10.5119
3.78798
71.8721
13.2593
72.0507
13.8318
14.1337
71.9841
4.56302
10.6789
-1.67393
1.70638
14.8055
72.0821
2.11138
-0.0238731
1.41604
39.0851
2.75597
2.11202
9.11003
2.44696
2.03687
-0.219031
11.1762
71.7389
0.118232
3.08699
72.25
14.6462
71.4399
12.8602
9.14534
56.1113
-6.34528
10.5446
4.8167
2.96359
1.58383
5.41356
15.4786
71.8619
60.6364
12.9733
69.107
14.9156
0.986255
5.44616
-2.97113
0.298615
10.3546
-35.2767
4.95804
-26.1706
2.88278
0.869048
0.86633
7.04549
1.60475
3.27104
2.49269
3.46486
-67.8016
8.2034
1.60125
9.5276
7.20868
4.49385
70.4263
1.80324
4.38053
4.63451
54.7181
63.9351
4.4052
11.0293
2.3272
13.7079
13.9276
1.01963
4.31985
4.22593
10.7258
9.02307
1.06384
0.884109
1.16212
15.244
0.9178
1.15667
16.1618
1.82573
0.638165
16.4086
0.889789
4.33101
-0.488276
10.3158
22.4789
-1.03018
10.6407
13.978
13.808
4.09397
2.08898
0.589227
-0.121927
-18.2201
70.9956
0.40548
5.41777
3.13359
6.51097
17.7946
11.0723
0.288689
0.735879
1.39902
3.16358
4.4165
2.38212
0.152969
8.4799
15.7057
2.58421
0.985005
2.14652
7.35116
2.13638
13.7377
7.07521
0.760964
1.07239
2.86478
8.84879
17.8335
17.7729
3.00557
1.16589
16.6958
1.7998
0.589695
3.96888
9.02624
4.52327
4.52048
4.2328
-1.06088
4.53358
48.1826
10.0082
0.934185
-0.215027
2.5338
0.968632
1.436
5.66241
-0.455362
14.1455
12.9734
4.07769
71.9335
1.17793
2.82145
4.68598
4.04349
17.3597
0.820901
17.192
17.2107
-0.903011
2.34598
72.1111
-0.0809949
15.9605
-0.134913
6.07393
-0.926506
3.23511
70.5421
17.4564
4.90065
8.00029
18.7222
-0.0116454
0.673389
60.6012
2.42511
4.31375
10.5883
7.27704
0.789856
2.4608
11.9066
0.977424
4.33518
1.37264
1.14968
17.0368
-0.50584
0.905119
3.23632
-0.358251
9.69045
59.7598
0.862747
4.14491
-0.0137692
0.968079
10.5228
10.6998
6.74503
2.43495
0.43816
14.9493
3.12273
4.50625
1.03319
-2.07766
65.3937
0.917642
-0.0711302
15.4678
1.24529
2.05975
5.48809
4.45506
1.35689
1.17668
14.1054
11.4732
0.845932
8.77313
2.71639
3.3493
2.1378
16.9637
3.7463
0.209864
4.39168
-85.2691
1.31584
4.81292
4.07727
0.242138
0.815205
0.407197
2.3621
1.02673
1.93489
10.4782
18.3177
2.92784
-0.38139
0.11623
4.89059
9.03727
5.12504
11.0687
2.11332
6.4361
4.07586
-0.810395
4.22968
4.14735
2.79398
8.06009
6.68289
0.930476
9.10936
12.449
6.43324
9.40062
6.56184
2.56845
-0.130373
16.5857
8.36771
-23.8246
15.4024
0.904439
3.00952
4.29165
16.9789
17.9022
4.18891
14.3163
0.514178
9.66823
9.40125
0.996766
16.0435
1.45367
5.54599
2.70319
16.8519
4.1868
-8.7551
17.245
2.95297
6.67866
55.7962
2.74287
0.00710828
5.85832
1.00107
1.28399
5.13339
4.68742
12.376
3.72906
0.634367
3.18902
1.104
3.88255
1.25788
4.13529
3.07518
-13.8568
2.27237
4.22043
0.434328
15.6968
4.70508
9.27698
4.5404
2.2605
10.8983
3.22682
1.88327
-1.20026
3.90557
-38.9224
10.3442
11.8153
3.76117
17.8289
3.03897
12.2753
0.920535
4.12284
-110.556
4.64339
-5.09937
9.25115
-58.5955
0.297453
3.30567
17.6771
51.3168
4.17553
16.158
-13.1584
42.3833
-3.19827
12.0081
3.06597
71.8212
-0.565915
7.61802
1.282
71.6776
-1.19065
17.1667
2.70394
17.4072
4.23625
0.516174
2.53665
3.84594
0.477654
1.22115
4.11106
6.00203
4.49264
1.90005
1.51454
1.04079
3.91107
8.30356
41.283
72.1379
3.79264
4.59102
4.44428
4.47164
13.0758
3.69435
13.6477
4.76998
3.18407
-3.27043
15.7068
17.3747
2.65252
1.65942
2.75812
-0.769504
17.9714
3.98554
16.0247
33.0954
-122.22
4.54068
-0.231209
1.62739
15.5169
63.9879
0.367709
17.514
-1.57606
0.320592
19.5969
-131.504
0.75794
-1.30253
-3.18932
2.97381
16.9623
70.4488
4.00535
1.37542
-20.256
4.41503
13.1354
0.592724
2.4413
1.83395
2.00587
18.1212
2.07016
4.02187
17.6307
4.85223
15.4003
2.67009
-37.7851
17.5042
-0.445463
3.11232
-3.03982
4.39907
3.82492
3.53687
1.55811
4.41811
10.8707
4.38244
0.590866
1.09544
-2.8582
4.4376
13.303
13.5324
2.62619
3.90027
0.585907
13.3162
15.9729
13.4361
1.01551
3.94945
0.109959
3.8502
1.79663
0.987078
0.546295
4.584
17.0441
2.76243
2.30404
0.49016
15.3347
4.04904
10.4047
-0.329816
13.7712
1.75798
-32.3433
2.84092
0.945519
5.55935
4.13926
0.522842
13.9632
71.6531
3.93838
4.36673
5.22005
16.3764
2.73552
1.71763
4.10331
10.7219
0.626487
1.57619
17.7446
7.98909
5.08077
28.0844
-0.389935
4.59369
3.35805
2.53609
12.3101
4.62934
3.01345
3.06322
0.551287
-15.9193
23.5278
4.73009
15.6698
9.06126
3.75706
1.03525
2.21128
11.2128
2.64985
2.3655
-3.89573
0.672734
16.7927
-2.92208
2.16823
3.20718
11.0999
2.4987
3.50388
7.79364
15.1935
17.9603
1.16468
0.437851
8.8534
1.92511
9.14727
14.9501
0.428894
1.23493
1.49379
10.8662
15.7647
2.08407
0.260236
3.86409
0.461573
2.31059
0.454828
0.489626
0.274865
42.0048
9.301
5.4308
4.02236
15.7937
4.06756
17.2725
17.7551
1.95303
0.674627
4.40561
1.44993
12.6026
0.805233
71.3526
4.02128
0.389206
-0.827776
-107.638
65.7587
-0.0333177
3.68491
-15.2893
37.6403
17.0535
4.2777
-0.321662
15.6236
0.690442
0.040304
10.4073
4.06507
1.0667
4.36137
3.71848
13.6486
2.29963
1.02365
4.31451
11.03
0.063832
3.18483
5.37263
2.84561
-30.1746
10.1461
1.47125
16.2969
3.82915
3.71912
1.08557
8.75884
3.7956
-2.28458
15.9439
2.60127
1.70825
3.02962
9.34824
3.56349
3.20986
3.36229
3.22036
-6.54311
3.13581
4.05908
-27.3478
3.1699
71.6798
16.1301
4.10529
14.0611
2.73109
3.76904
2.13155
13.394
-0.374395
-4.39442
0.989638
3.74488
72.1111
-0.45375
3.43614
2.37172
4.82703
4.0603
2.93604
2.22339
4.40181
15.3285
71.5822
-27.517
10.0772
12.0008
7.0251
2.67799
0.21125
-34.5684
3.89109
8.39672
68.7081
2.05859
4.29753
-0.581769
1.07162
0.422585
3.89535
5.62057
62.1566
4.13051
25.9349
3.25434
-0.418443
21.0772
4.10628
1.96541
0.996136
0.493302
-1.97183
2.09972
2.08225
10.136
16.4152
0.791468
32.888
10.0996
6.13441
4.35751
5.60057
3.04775
4.72986
1.72552
16.1343
-9.97354
3.20633
6.72448
2.84623
-0.66506
12.4151
6.33507
-10.955
1.79298
7.77376
3.04558
6.53932
71.2457
71.5785
2.22736
-0.581056
4.24216
1.20362
1.71649
4.4255
0.269131
0.359409
-46.5495
1.1544
2.34524
7.66561
0.541457
-1.44673
2.57105
-38.8691
-0.351191
-2.00886
1.40177
0.969929
0.865975
0.637025
0.25793
11.0624
8.61683
2.89786
2.3804
3.85157
-3.30594
0.525869
4.93258
-0.38385
2.63858
1.82624
1.03699
2.53928
11.1779
2.61591
2.47931
3.15742
2.85515
3.22143
2.59931
-13.8474
0.112445
4.07113
-4.03659
3.27645
3.20731
61.128
2.21914
-7.62278
4.95608
-0.7983
3.14752
2.48467
4.88642
2.67779
0.205001
-0.565983
-0.772274
3.01239
7.63135
-20.8198
2.35314
3.23874
2.39456
13.2182
6.98677
8.43411
3.5977
1.86111
13.179
3.7767
15.0792
3.2865
72.2865
15.2398
15.4556
1.07338
2.23831
-0.687195
3.17554
3.36667
-0.839356
2.81085
0.247631
16.1852
4.34797
3.24693
2.77767
2.1357
4.0582
3.69489
-0.374669
54.1028
3.08825
-1.65115
6.26459
9.82945
-0.540027
-62.8782
1.24396
-3.05195
4.13819
70.1312
4.04189
0.49251
10.9719
7.61894
3.07033
6.00306
3.25501
3.24692
2.9982
17.5174
4.08162
-21.5101
-1.01284
2.17486
0.0135081
14.8501
4.36523
3.11906
10.1156
2.35736
12.9059
9.07608
-2.18138
4.85124
-0.144293
2.51408
0.255169
16.3101
18.1215
2.39561
19.9244
2.33968
0.826208
-54.3639
0.510413
1.60681
4.02123
17.0538
70.8318
7.63331
1.01447
3.22966
6.4766
2.14566
5.92899
6.1301
54.1509
4.90088
0.947003
0.586406
-13.7718
5.55249
0.126996
10.9026
3.12354
3.69384
17.2737
16.1165
12.5929
8.65507
2.52408
6.20235
18.6028
4.24444
0.882728
0.857533
3.46978
6.94508
6.85027
4.32199
2.37132
0.793959
2.5493
16.1679
1.87666
11.1028
1.15488
4.397
1.19178
-0.773902
1.8591
34.1338
3.21016
1.95211
2.5547
2.13853
9.23626
3.08833
8.03253
3.29494
-1.56659
2.96685
-1.86336
-0.00242445
-1.56714
9.49997
0.338074
-2.38093
4.07439
2.46132
17.8311
3.83495
3.17827
4.1801
5.50952
16.9091
0.407563
15.8787
3.11027
2.98652
8.9433
0.0729013
4.16561
1.50245
17.2794
3.03688
2.6954
3.31185
3.77555
2.82926
-0.677995
0.891521
1.51546
0.514411
7.00299
4.61219
8.88253
2.38753
3.36792
2.50333
3.61987
3.45163
1.63063
2.68939
11.3485
2.41227
15.8066
2.75074
4.00546
8.32948
1.12769
3.38567
-11.9765
-0.616485
15.8961
11.0233
-44.9693
2.08749
3.03967
-2.24167
2.97291
2.1401
2.43542
12.0566
7.4784
3.4
8.90314
-38.0304
2.13052
2.80644
4.11973
10.6553
3.09202
0.52831
3.36658
6.50753
16.3184
53.0837
0.418454
71.1915
-89.2092
-5.3025
17.542
2.37347
-3.842
4.43676
-0.0393962
3.46463
17.0268
9.5342
14.6138
5.72806
10.8075
9.08176
0.737855
2.60954
1.83652
2.0313
2.76763
2.30492
4.0479
3.10548
8.88824
10.2028
45.5639
0.0460395
-2.23637
9.1066
1.16136
2.39554
4.03401
13.6624
17.5616
16.5407
1.93576
-0.10414
17.2464
3.19743
-1.04912
3.27906
3.1308
2.30378
3.18261
5.52434
3.29036
-6.79854
7.46087
10.5113
3.19969
1.40589
2.72532
8.59844
8.47148
4.22141
0.251261
4.79318
0.930907
0.604175
-0.305123
8.87205
3.5805
2.55651
11.849
0.0246264
9.01135
32.0989
3.821
1.04976
17.7538
0.85575
3.84474
-67.9288
0.284473
2.83838
-0.303825
1.70987
15.8511
17.3092
5.78506
8.42395
3.97807
2.23387
4.0377
2.30414
0.352908
10.4316
3.99778
11.0115
2.85626
-2.34572
1.90934
3.09872
-3.44917
0.778083
3.21204
12.6845
2.12655
-95.5136
10.7773
3.07586
1.70393
-3.11473
17.558
1.10336
3.84054
-4.85148
2.87233
7.97792
4.04076
13.7231
-0.0766194
3.83661
2.25232
2.41753
6.45169
1.5936
1.71696
4.11165
-34.8867
17.8921
16.7986
-0.0415633
2.78313
3.05112
9.10298
-99.2695
0.236146
2.81636
3.19933
1.8151
-0.329163
3.61229
-87.3297
2.83505
62.8112
0.419667
2.93485
-4.23571
5.73113
3.2785
0.438506
3.94864
11.9541
2.81662
0.555653
2.53753
4.02745
1.74824
60.3701
12.5542
4.19371
71.8951
0.970549
2.7465
1.97409
4.22317
2.30862
2.31
-0.340816
3.46361
3.23664
18.1296
1.39639
-7.64959
3.87692
16.9587
3.12001
2.32582
5.04367
15.7968
-4.38555
8.45854
3.69747
0.523542
-1.37798
1.3507
1.18441
2.35418
6.96551
70.4499
3.69981
4.74808
2.30666
2.95447
11.8497
4.07762
4.51996
6.86751
17.5581
5.93854
4.40298
-0.345891
7.40836
2.03668
1.84461
6.47469
11.1781
2.58125
3.74874
2.3191
-0.501574
3.19974
2.21371
5.30414
18.2714
2.34024
3.22954
4.22264
2.68222
4.66739
49.7628
7.2715
2.71762
3.19694
-35.8814
3.3427
5.25146
2.951
3.31692
4.07033
3.20356
0.370965
3.03888
-0.13267
0.274532
4.17162
3.20626
8.40839
2.57084
1.09788
4.33166
2.2365
10.6354
1.11448
7.98399
4.30008
3.45611
2.37374
13.06
0.633439
14.18
-0.494916
2.5129
4.47598
0.264668
16.134
2.32971
18.431
-9.0795
-0.101977
3.02345
3.28364
0.090074
-2.70056
-2.6321
0.247518
11.4382
2.47232
0.759214
1.52345
3.20275
2.26342
5.47062
7.03608
3.66113
3.23996
0.399324
3.1742
2.96754
4.57697
13.7441
17.1398
18.4781
2.72169
0.605105
5.08123
14.3408
3.38241
9.24852
6.08261
0.122636
12.5974
12.6943
-0.0287438
-10.6062
6.83361
0.479148
2.41478
3.44177
3.05112
17.7539
0.662858
1.72959
7.18038
2.49816
2.36806
18.2774
71.2197
1.90068
-4.65071
16.0978
2.60399
0.435044
7.37867
2.90247
10.2603
13.6923
1.33004
4.06405
8.31188
17.5947
2.37742
2.39763
6.31686
18.0426
5.89293
39.0708
71.9276
3.0188
4.08791
6.73134
4.71562
2.3374
2.3575
1.68202
2.55805
2.34168
1.13277
1.10622
71.8507
3.13625
-1.4089
1.12075
3.22173
-5.76093
8.65149
4.25317
15.7924
17.8028
11.3953
8.9886
6.6336
2.33172
2.5759
4.43802
0.160176
2.63172
4.56638
71.3536
2.14649
17.3215
17.3846
2.99935
2.70967
5.48129
17.517
3.25794
7.05213
3.24644
1.99534
2.7833
3.98199
2.35706
3.1006
3.94389
2.31231
3.60639
2.49397
17.0413
2.44753
2.41423
-32.3651
2.35791
0.761092
32.704
3.15017
-1.56255
2.23397
12.5936
2.49865
5.58248
2.32638
16.7076
7.59852
2.26997
2.73375
3.15681
22.728
3.19975
8.51262
3.24094
-0.127521
3.15031
-0.352296
-16.0619
-0.323011
16.7426
3.21958
4.14533
2.35705
1.29266
2.21518
10.8231
15.9588
16.411
7.53165
-2.20161
0.665207
17.5383
2.317
0.187753
17.3169
-1.33214
8.72985
4.49872
3.24172
-96.5549
-0.14528
2.34399
2.40194
2.73232
69.9738
2.6113
1.29824
1.21031
10.3281
3.95102
4.22156
22.2305
10.6017
16.861
0.16959
3.5719
-2.86551
12.6531
8.6185
13.6077
8.78915
1.64256
2.44789
8.63183
2.21286
3.77371
4.78746
8.7596
4.05787
-8.90691
2.41128
2.22127
0.254315
16.1653
6.06588
10.2144
34.2695
31.1145
3.17482
3.85456
4.11994
1.98565
25.199
3.64818
3.98286
2.78724
11.167
4.04927
2.79065
2.26442
4.92394
4.13435
-0.0670511
11.9163
6.32157
-0.612034
1.14911
8.36605
10.3773
3.042
0.612145
4.26754
0.210868
8.19169
2.28749
-4.71125
3.05476
3.18251
4.50534
4.30813
7.37947
2.63357
5.38944
6.6784
3.15256
-9.50657
3.46311
3.49394
3.11989
3.41781
1.19478
1.84791
14.3493
7.45157
1.23244
3.07967
2.75998
3.05937
-9.6028
-1.92997
2.11429
2.00675
1.5538
1.5132
11.5198
2.45931
0.258424
3.48086
2.40981
-0.282381
4.32869
3.64997
7.97238
3.14835
3.97787
2.16004
2.45869
3.04291
-2.94069
3.36156
71.3722
11.3556
13.3146
2.09439
3.45121
61.664
2.68533
-0.662782
2.34378
3.18002
2.38256
23.1124
1.48588
-89.5325
2.62579
2.4359
4.56012
4.1808
-1.70857
0.084912
2.329
7.66856
3.08876
3.63558
2.38218
41.982
11.9362
2.97979
1.5265
-41.1967
9.90903
1.34258
-83.5668
11.1
71.8983
8.65054
10.4272
8.11285
24.7565
47.6844
51.1408
-3.86651
1.01725
2.47233
-1.01417
2.54096
4.11542
-0.372048
17.5901
14.9376
1.61355
3.42218
-9.75308
1.33095
0.64538
0.683661
-3.37135
2.81146
1.31824
56.455
8.645
1.77858
1.20779
9.54883
3.91791
4.73268
1.13749
3.10588
1.11079
4.13325
4.34642
-3.22313
11.7399
1.02496
2.40989
5.20622
11.9211
5.22259
66.3673
2.46004
-5.42427
1.74152
7.1688
0.505675
2.75015
2.55114
6.4513
4.96043
14.9085
11.0462
4.10076
-9.44648
1.76232
2.86293
13.521
72.2562
-67.0831
0.22652
3.16827
2.44391
2.63894
-0.288819
3.15925
5.68159
0.574702
2.57924
4.00574
0.403221
12.3091
4.10689
2.01101
12.9191
11.735
2.41586
4.90788
5.76153
8.79308
2.56372
8.94253
2.59478
2.11975
2.39459
11.663
2.71895
2.30484
7.63016
3.21668
0.658918
1.2848
20.6703
-0.385458
0.364796
2.30667
1.77836
-0.33158
-31.8013
2.17666
12.5126
2.34187
59.6903
64.4243
2.80541
2.25103
8.85662
11.9904
8.51673
3.26321
0.867232
12.943
3.38371
2.87079
8.38006
2.6554
13.4749
6.40928
2.7274
-41.4844
2.98983
0.236459
3.69088
-0.126641
-5.82752
1.08609
-0.991687
1.85419
-0.724904
0.570899
9.73569
2.34688
2.22111
17.5781
3.03091
-53.3498
72.0269
-4.65444
4.50736
11.4716
4.21715
17.6819
3.0143
26.2361
-47.9334
-15.924
14.9274
-2.98806
2.83576
3.61097
0.527863
4.04444
3.05577
7.49241
5.38654
2.67075
3.10446
-6.06762
16.8647
2.95168
3.91964
3.83637
-4.02161
3.04464
3.77028
13.9568
72.1761
3.74707
2.42421
1.0757
0.536893
-19.7467
3.05984
10.201
2.91714
2.6378
4.19111
3.81835
6.91548
1.70208
8.82001
20.5343
-7.21824
2.10651
3.43723
2.41361
2.49867
2.95403
3.48248
15.1905
-1.11453
3.34367
2.45924
2.94467
2.47541
-4.45398
2.67146
3.20477
1.11441
12.5584
2.37693
4.13262
0.0814487
2.99224
-16.2004
11.5071
12.408
2.63961
2.83747
4.6748
3.84423
4.17123
2.73754
-50.3956
3.14436
3.23468
2.77094
-41.4416
1.13788
1.89051
3.20489
-9.59912
-2.08454
3.80823
2.94877
7.23684
2.90452
2.31938
-23.3839
3.17256
0.85606
3.9281
2.4132
-14.4702
1.39846
4.93893
4.04334
2.80837
3.75923
-9.75725
2.25533
2.98035
0.706839
51.1847
-1.41242
1.7338
-0.234828
71.7795
6.26073
12.023
3.09116
3.05743
4.17894
4.07304
-0.840592
39.1059
3.65046
2.3377
2.77318
2.59247
2.55034
7.74081
0.881328
3.6595
2.49484
8.64153
18.3304
3.01554
-0.0161865
17.5302
2.98322
5.23503
2.35166
2.58059
17.2352
-0.248689
0.714179
3.20193
3.72443
2.83125
17.5814
5.12897
11.7666
13.1738
-1.79761
3.91364
3.02876
2.05677
2.47791
-61.9823
-10.9401
1.38876
0.588777
3.19555
8.14677
1.3549
8.92779
2.38872
6.82286
0.873012
2.97955
3.20065
27.9542
2.9978
-2.98897
0.0917478
3.02862
4.78876
2.38433
-0.311327
2.01688
3.65008
0.232618
-5.15938
2.50025
1.33972
-1.46161
2.09932
-4.22727
4.0565
2.98717
2.41158
4.1156
-0.441752
14.2435
1.00618
-17.1384
10.2201
4.39702
3.97434
2.84495
-2.34407
2.71425
0.0576792
2.42087
-9.51257
1.6138
2.80324
0.289601
2.70996
1.81676
5.53134
12.941
0.288197
-8.14857
3.08471
3.30537
2.87497
2.70843
-16.069
11.8074
2.75492
2.81778
20.23
4.05711
-0.563349
-0.0941121
1.69195
4.85112
3.06331
2.61906
2.33867
2.28196
-0.208616
1.51454
2.0104
-0.36788
10.3663
1.35814
2.48088
72.1152
-19.9846
9.70698
-0.727869
4.28083
3.52889
2.66995
-63.8326
13.8559
2.44427
2.89998
4.09749
66.0325
1.82393
2.39418
4.02687
1.95857
5.59653
1.0284
0.218264
2.90788
-0.216589
6.34926
3.50968
42.2209
-1.61248
1.9279
-31.9071
4.27116
7.38953
6.2057
0.188212
0.302184
3.54575
2.93855
2.26038
8.37184
4.02162
1.45369
2.78824
2.06244
4.06944
2.30768
3.13137
4.0633
-0.187225
6.85489
16.882
1.48499
19.6791
2.27215
2.09984
2.98689
2.52934
4.55943
12.3538
9.66884
71.2421
1.6752
20.4092
7.10213
1.98274
2.12772
1.58089
3.79141
1.85155
-44.4518
3.34811
70.6334
2.65098
48.699
0.43506
0.719664
2.63317
21.1625
3.94788
2.78349
1.18433
2.26745
2.29426
3.18992
4.11562
2.97938
8.96676
2.99749
2.47551
-1.24274
1.50394
2.39839
2.62842
-32.7672
3.07443
3.02192
3.38616
3.07875
-2.11036
1.52445
2.96394
15.4386
6.69645
2.32022
2.10378
2.33938
41.0202
2.75219
2.67146
71.9518
2.4288
2.45997
3.68229
-2.65816
2.01356
2.97937
3.40984
3.85993
1.28745
4.66941
16.6094
-39.7131
2.70096
-76.4138
72.2731
14.5566
2.78438
1.48765
5.97272
2.61027
2.70224
60.5262
4.72688
10.5868
2.04264
-0.5759
6.5257
-20.7283
3.42843
2.60547
2.14653
2.78691
6.19054
5.43098
3.18509
3.13934
1.95528
2.90359
-2.65356
2.30422
2.96958
16.4112
0.590857
2.15352
0.492607
0.415545
1.68094
5.50836
-2.00738
17.2365
6.4205
14.771
-0.162394
2.29808
1.63377
11.6827
0.477838
3.17347
2.44745
57.1059
3.566
0.179462
-5.9123
2.87624
-0.986134
2.92779
12.2512
14.0827
3.20115
0.814593
7.09271
3.19279
4.36144
-0.767585
1.74192
5.59442
17.0968
8.90661
0.742623
0.153578
1.08864
3.97347
22.3675
2.78703
6.09911
1.40687
8.46118
4.14434
16.8897
7.13988
3.14164
4.04518
-5.44441
0.337224
12.9582
0.611078
6.0033
8.0206
3.36078
3.22209
-1.1337
4.08279
-1.3052
4.0991
-0.0140099
2.59016
2.8141
2.59235
9.71758
2.30825
3.93117
4.49896
2.41525
14.1804
0.782401
4.2283
2.93627
11.5667
2.76793
2.81412
-5.46719
-0.793447
12.5802
3.24602
72.0476
2.75255
3.03016
3.6426
1.23899
71.0585
-0.384437
3.17715
-3.66167
15.7654
3.98493
2.33301
3.13428
2.67857
7.82471
1.58964
2.51373
1.78284
-2.98421
14.816
-34.6009
0.251493
72.2143
14.2235
2.35277
-9.775
3.99114
21.8776
3.9926
-9.8887
-0.857214
9.77274
3.27241
4.1475
-0.383409
2.97532
-6.14394
4.09403
44.357
3.27692
3.2332
2.50263
2.24871
1.57271
-7.74462
2.21825
0.800321
1.87836
2.79973
14.886
3.17417
1.81902
0.449281
9.82924
-5.78485
17.9387
0.857304
0.767548
4.04087
-0.248645
-0.77237
2.15411
15.3824
-37.6575
-3.97525
2.4521
2.58492
11.1106
-0.201658
4.84763
-55.1386
17.1713
2.35569
-50.3489
1.94736
3.32796
1.3394
3.26008
1.55637
2.29281
4.93374
-0.497402
17.138
-21.6612
0.229572
4.30873
2.30329
2.47821
3.87066
-0.872015
10.9814
1.96839
2.32777
4.90848
4.40548
-0.0761049
-37.8677
13.6602
2.53033
3.13465
2.52453
2.46044
2.67723
2.339
-5.40224
8.99794
9.50431
2.43021
9.14391
-4.21579
4.2047
-58.0249
3.09048
13.8268
-0.434743
3.25773
0.483404
1.07538
13.6201
3.32097
0.259163
0.362757
3.07679
2.28632
4.6366
4.22662
3.99421
7.42572
6.72218
2.97915
2.30117
3.05929
2.71138
11.1352
13.0229
3.17238
6.92974
3.80138
2.01595
3.19937
-1.00669
20.4082
3.23022
3.97283
5.46239
2.66159
2.40671
-5.60671
2.51361
-0.644121
-10.6922
1.53081
2.2451
4.11381
6.39944
2.26012
-27.2571
2.29921
0.147774
-72.1549
2.73007
0.597606
3.09351
2.93236
4.02935
-15.1278
4.29324
-13.4404
2.01954
3.23012
5.0855
10.5757
4.06411
-14.9674
11.369
16.2746
1.65851
3.1907
0.163579
67.8122
8.43593
1.9605
5.55891
3.23018
4.43046
2.35865
16.7577
3.29741
-2.62571
2.64018
1.36301
2.30409
4.19553
2.57444
-1.42714
-3.57287
2.67126
3.56588
-43.4898
13.1535
0.500912
3.89124
3.17649
2.40116
9.44746
1.53267
-0.570112
15.9347
-1.0098
3.34387
3.31067
3.49285
2.42311
-3.76416
6.77425
0.462651
3.15899
4.42776
-89.8697
2.52337
42.1071
2.60845
0.164051
11.3759
3.28143
3.43814
2.5792
2.32723
3.74632
0.0175949
4.12084
2.41474
2.4603
3.01059
2.63695
4.22728
4.20328
1.1619
5.82407
65.5844
2.336
0.837158
2.98706
7.61255
5.92761
-21.483
10.3557
0.0881762
12.9116
1.74447
1.26001
-9.61912
0.612409
1.62819
-15.8542
-14.9419
1.44737
4.06622
3.2483
-19.8572
55.1445
2.84556
2.45399
1.70264
0.273061
13.6987
2.99985
2.74532
17.2389
58.8596
53.7613
1.45569
2.16618
2.95191
3.14906
0.520288
2.08429
-7.28598
7.25201
70.2402
5.60065
2.13693
3.18404
1.79309
1.21934
1.72741
-0.158913
3.65375
10.2407
13.5491
2.24975
2.05359
-67.1521
-51.7195
5.81865
2.20091
22.943
3.03017
0.796582
3.94528
15.8714
0.0693807
47.9991
12.0462
3.24965
0.474876
2.9396
-80.5635
13.7904
3.17797
9.65349
5.04972
7.03659
12.4111
2.96907
2.39698
11.0621
1.05783
-1.06908
15.3617
10.5558
2.57946
0.608761
2.43113
3.33052
0.503346
2.5389
11.449
15.0795
2.26384
2.06382
2.2896
2.70896
2.9262
2.98874
1.99965
2.94745
2.62728
-0.796801
-83.5066
2.84289
4.15294
71.1573
2.6518
4.35143
2.38994
0.39847
2.03232
48.3627
3.12957
2.80273
3.42127
-0.277989
3.20606
3.77606
2.26473
-0.876106
9.17973
3.17803
9.8312
-10.5097
-0.335552
2.75676
14.613
1.60844
2.21734
2.92547
4.67635
1.83233
0.758799
-0.0843741
2.08827
5.16627
2.17891
10.5751
-4.52216
41.5829
-3.06365
3.83604
2.36977
2.25916
3.01321
10.754
4.5609
1.89037
17.0165
12.6323
0.359791
3.13702
-48.8774
24.0419
3.18371
-0.156963
6.5687
0.833669
1.05328
12.3586
2.21459
71.9895
0.564624
4.26489
0.743177
2.85801
3.79381
1.41329
2.99143
4.12602
0.577032
2.76714
71.7862
5.96738
3.6329
-4.92199
2.20338
3.0054
3.66611
13.0866
64.1906
3.1356
2.62444
6.87619
5.16401
-25.0642
2.94453
0.129183
4.17449
2.41321
-0.78696
2.21129
3.49764
2.89409
2.76264
7.85071
1.09538
-82.057
3.11976
0.408171
12.102
5.20556
0.149058
-0.2438
3.79194
-132.249
7.77519
0.70793
0.457811
2.02342
0.834455
3.44858
71.9026
2.10738
0.700111
2.42449
71.9567
-0.508775
3.0257
27.5606
3.2763
1.61905
3.06124
-3.18943
61.0304
0.230933
8.45279
3.11827
-0.326802
2.315
-10.1991
-71.1583
-65.3518
2.48262
19.1627
2.99506
2.59123
3.72574
7.31017
7.42661
4.17415
0.0731873
-7.3711
-0.00794647
-0.215244
9.85451
3.79695
2.01401
8.03522
0.726004
3.48229
1.97191
10.0344
41.5144
1.9522
2.48865
2.25733
2.05115
6.4927
2.00982
11.958
-14.2638
0.513979
3.37741
4.7488
5.67948
15.794
0.34987
0.0875679
2.34215
2.07257
5.4535
20.1069
2.15222
2.16215
63.9487
2.59125
2.32313
2.27078
2.62253
7.25156
0.776281
2.52328
-22.0822
14.2895
-32.0508
17.2025
6.91039
5.32856
3.74651
2.69601
2.14216
3.08832
-0.537229
2.25205
3.00626
2.10422
1.19823
-0.258445
2.98531
11.6677
2.78015
2.0278
-28.9787
0.399846
2.62597
-1.47904
-11.9781
11.1426
4.09616
-0.339124
-0.212479
2.70694
-10.5759
-1.6383
1.72089
3.35748
-54.1265
2.65384
6.63149
9.62993
7.3529
3.97128
25.0321
2.38131
3.09997
2.44072
2.16454
0.442624
2.42652
-0.0505193
-10.4218
1.16417
-84.2227
-0.40639
0.627976
28.1019
4.45943
1.4309
3.20451
12.6681
-0.0347729
2.79532
-44.2029
-70.3444
-74.7936
2.39006
28.4957
1.89091
2.44634
16.5522
2.32814
3.56846
-36.6003
-0.159789
5.06374
2.0986
17.0532
3.1169
2.65232
1.98855
-11.6573
0.141094
4.33089
3.24668
3.0596
3.93032
3.17801
2.40274
35.4152
2.82382
-0.63476
2.08523
2.5413
2.3284
2.40678
15.7429
7.57191
11.7528
13.4318
17.0888
4.96436
3.00599
0.075614
2.48447
4.07159
3.11875
5.52639
0.646929
-115.182
0.728654
3.2457
1.85592
2.56356
1.97393
4.82244
6.88384
18.1586
1.35379
14.3136
1.92365
19.0449
4.9333
11.553
-0.202999
2.09523
30.0528
4.42079
-17.885
3.24041
2.21955
2.68759
2.64299
-53.1004
-20.9056
-59.3224
3.00827
3.14792
2.19907
2.82389
2.3011
0.912599
2.20074
-77.8051
2.43203
2.3455
4.87512
-101.072
2.36169
2.16641
3.20629
16.2196
2.82772
38.5836
12.9053
7.77094
26.1797
4.08961
1.10567
6.0938
5.49563
2.36792
0.137994
12.9612
-7.18432
71.158
1.96082
2.77984
2.9611
-23.0155
3.60946
2.00607
2.7238
0.0467501
3.92162
2.07018
2.35228
-0.0225714
3.91124
2.93059
60.5565
2.48344
2.63972
2.50469
18.4479
17.4252
2.28448
-0.958763
4.46346
-46.3399
1.82105
-0.384311
2.61944
1.62371
3.44015
1.5806
3.46945
72.1184
3.21676
4.06484
7.06487
2.7778
7.04547
-0.00138461
-4.53536
-0.409281
4.36724
0.932456
5.11198
-88.2266
1.55944
9.29791
2.45803
1.96719
2.72104
4.9001
-0.626695
2.42191
21.9906
5.14443
-0.300736
1.21668
3.20965
0.839028
3.18974
1.62355
2.48463
2.9239
2.2998
-1.60888
2.58781
3.23299
70.2019
3.84465
2.71094
3.0159
9.64448
2.61995
4.89497
-8.61437
6.04094
-40.3592
2.71398
2.82707
1.99582
0.109029
2.29105
9.25671
1.38276
2.39322
-9.1394
2.41601
-47.3062
-1.79257
2.36429
0.563001
1.17335
2.33224
0.815486
1.17098
2.22087
1.79206
0.989016
2.91274
18.2907
2.36107
12.7779
2.34972
0.55043
4.07029
0.289297
1.28676
14.0704
12.5828
3.09235
5.24716
-5.21936
-3.672
17.6585
2.56603
0.221767
-3.09576
0.347241
-73.2169
3.28437
3.38187
2.05595
2.87801
17.2314
3.69256
1.21549
2.35862
2.70644
1.65255
2.6025
-2.08982
-8.00362
2.89596
1.1983
33.6407
-0.650535
2.27867
0.409879
16.8747
1.03582
4.94609
2.77833
2.95639
3.07141
6.12202
14.9513
0.717583
0.126016
2.27536
2.09849
-0.849578
3.45727
-2.34005
-12.9341
2.14743
-12.2395
3.67549
2.80674
3.71003
3.6464
10.0606
8.57564
3.03449
0.244978
5.70598
1.75368
6.00916
2.6268
3.19721
12.0714
18.2464
-57.7581
16.718
0.0868412
2.23692
4.08267
2.89966
2.99835
0.763964
3.49722
0.400616
25.0877
-16.9617
2.55199
-8.3978
4.01019
-3.23073
-14.9086
2.6265
2.71503
68.4395
9.6681
-53.8478
1.95229
0.124951
5.25022
1.37152
9.41062
17.4078
1.66269
2.60061
3.98526
2.459
-0.0113441
3.23848
0.708101
3.17469
2.81468
2.75026
4.27083
1.57071
2.52826
16.9723
4.7838
-4.70472
3.92148
3.087
3.89154
2.06871
2.85524
4.29352
24.9946
3.91493
3.12891
-4.85743
3.07032
3.08165
2.63873
0.243804
-0.0537082
-79.6542
0.826051
3.09644
2.34505
2.47241
15.8203
17.3318
-35.2769
4.4375
2.1806
0.328502
-0.0774644
2.53414
3.91404
-0.175955
4.04918
2.87232
-87.3077
-96.625
2.45585
1.01405
2.59657
11.9708
-115.978
-18.4208
8.69021
1.94389
69.6746
2.57164
4.23165
6.00731
1.29238
2.44228
1.19609
1.88422
2.72187
2.12918
15.2032
0.769446
4.44923
1.49488
4.1502
0.700387
2.38092
2.44491
1.60743
0.31892
2.38565
7.74046
3.49072
1.78786
3.43682
2.88328
8.45252
-14.1863
2.68286
13.3732
1.96799
1.39394
4.92519
2.26583
4.76716
15.4509
-0.776484
2.31216
12.3846
1.10249
-4.18167
-2.18412
0.188496
42.3831
12.6682
5.84201
-0.530997
-29.3169
16.3889
-23.0657
0.58169
11.6174
5.66562
-6.6929
3.43355
2.67532
1.73445
17.8176
1.73693
-34.4969
4.51645
-50.2148
1.06096
-0.917319
29.4178
2.56328
2.86812
16.9884
1.74677
4.26304
5.07908
17.3321
70.113
2.67179
3.39791
2.50477
3.05911
3.94615
71.7485
12.8989
-0.811884
1.00981
1.78869
0.649758
12.9776
3.11508
-0.674622
2.9572
4.57549
-20.3019
13.4065
2.40197
12.7202
-3.6359
11.4389
2.52154
4.96668
0.496442
6.47508
-8.0776
2.51131
1.49615
2.83767
-27.8741
1.06141
-9.63327
11.7624
2.33574
12.7354
4.33097
-47.584
-0.566777
12.7706
11.6888
1.73759
1.09169
-2.2266
46.4806
2.22136
67.7595
2.15638
-7.16739
2.72151
2.90868
-106.432
1.10526
3.08953
1.99176
0.939284
4.9474
-0.251362
3.54167
2.41184
2.96369
2.65942
3.21004
2.36106
2.23627
1.72706
9.01609
1.64415
3.7513
1.60161
2.71656
0.295965
5.96073
-19.5154
13.4816
3.88591
-91.3125
-111.792
-2.0614
3.34318
-4.64476
-70.8883
1.65127
1.55362
3.46904
-5.95855
17.3915
-55.1158
8.17088
-2.21556
3.08119
-11.7418
3.00039
15.3803
4.06791
1.29097
-36.8712
2.33599
9.60523
17.6337
2.31185
-7.40264
2.30665
5.99033
0.530769
1.12708
1.03042
2.50268
3.78524
3.25835
2.88065
0.138569
2.133
2.95232
7.57873
-3.01428
3.45586
8.79637
3.10799
-34.5274
18.9327
3.87912
2.87484
15.4204
4.2279
3.51437
-12.688
2.77091
4.02703
2.81121
2.88875
-0.313022
9.18907
1.69298
9.84824
5.15847
2.38911
3.58065
3.07907
8.30424
3.17738
4.42839
-34.8715
13.1752
6.77685
3.29656
-17.732
2.95362
-0.31281
2.65746
-6.7579
1.87769
-0.0723077
3.59418
0.527523
-25.9646
3.44849
-49.4097
4.02076
2.53597
3.83161
3.30162
3.30312
-0.494304
2.86246
3.0326
17.2518
2.33913
44.5083
6.57663
2.21121
-1.60985
-1.88073
2.94921
5.04568
-6.09891
7.10663
2.39504
3.31413
-3.17527
15.554
5.64711
1.53225
3.92725
7.2314
1.56145
71.8039
2.29823
9.93963
4.5299
0.259671
4.65075
0.277082
-1.70032
16.6357
7.09016
-29.2276
-113.666
-93.8575
0.333003
2.3184
-62.8021
15.9834
16.2379
2.99641
2.29908
5.79782
3.12807
3.99876
70.4125
2.94765
8.56421
16.1278
2.46922
9.54549
2.5387
2.17232
-53.839
1.47839
17.9179
4.17517
10.9085
1.95996
2.26475
-3.86446
17.7854
1.99344
2.76118
2.54131
-3.33611
3.01877
34.6963
3.02043
2.68946
4.22499
5.51811
56.1597
53.1361
42.0888
3.95971
55.7605
-1.47343
1.59766
2.52894
72.1327
-90.0332
1.66649
-0.501775
71.5365
1.12082
-0.306193
1.8733
1.52093
2.87476
71.9254
2.04318
2.09551
1.15562
5.1698
-39.428
1.53094
-8.03135
27.2608
2.16244
-3.73749
-8.38966
1.30607
0.751625
3.0497
0.506599
3.39861
13.1774
0.946658
0.562346
-7.30028
3.9632
2.91258
-31.502
2.69211
1.75462
3.24311
0.807832
13.0396
-129.145
2.32105
2.69885
2.91709
3.5508
2.23948
14.132
4.01189
19.8371
2.32566
2.56004
0.442355
11.5507
2.89676
-3.44826
13.2161
3.64967
2.8601
2.06163
2.03027
2.13379
6.43023
8.8116
9.88171
5.67683
0.293031
3.01544
12.8095
-9.60431
26.1356
5.59574
51.5502
-0.887151
-19.1793
3.55758
3.36629
2.36048
27.7131
2.27637
1.26229
2.94861
2.34314
9.27566
6.99961
-0.936369
48.8448
0.418603
2.2325
-0.0105172
0.957477
1.2815
-0.31974
5.24355
1.57523
2.02157
57.5169
3.14779
14.8387
-80.4636
46.413
4.16991
10.5151
-12.4756
-23.4487
-2.76366
-4.28773
-4.55995
2.28198
4.77282
0.449551
0.357789
3.17264
14.7909
-67.588
0.075318
3.67185
5.93983
4.78167
1.95804
2.25939
3.28001
2.35139
2.36251
1.99513
0.599281
1.02032
40.8917
2.7705
5.19798
6.11443
0.66926
0.934642
2.57962
2.88521
0.406672
60.9504
71.4938
0.610311
-0.184996
2.50949
4.59493
0.867963
4.04116
8.77002
-24.5486
1.95637
-1.55525
2.162
11.3127
11.1228
2.95379
4.1268
-51.9266
12.3344
3.79525
0.147214
12.511
-56.0576
1.81527
0.137137
4.01637
2.43251
2.60133
8.1709
4.06922
-0.38265
-134.119
3.39159
3.02639
3.00271
-7.44437
2.50384
2.18235
0.445943
-1.5406
1.51919
0.423497
2.01128
2.51281
0.142817
9.53363
2.34257
-6.1696
-4.44991
-5.71607
-2.19114
4.5907
0.864137
1.03484
68.5603
-0.637274
1.62936
-1.0446
3.58786
25.3558
2.59591
-125.416
2.32207
8.42831
2.49753
1.28173
14.3739
9.39885
5.18691
2.79797
7.26516
-0.224317
-76.415
0.367375
1.95833
-12.765
2.88733
2.30931
3.6775
2.07296
-7.49293
3.87837
4.1222
-5.89897
4.15995
0.713831
14.5827
3.48751
69.5875
15.5601
2.97945
-4.16011
-55.2615
-66.1056
3.25653
1.46838
2.24339
3.18937
-0.287162
-7.54776
3.16869
-0.876305
9.28147
2.18871
-1.73546
2.51868
2.33845
11.6651
2.60489
-17.2043
-27.7539
2.29971
-80.5893
-9.66793
2.32723
25.1425
0.0818144
4.81794
-107.095
12.0097
-12.2862
7.25297
1.45154
2.83101
3.05497
3.66648
3.89951
4.93121
-148.766
28.5592
3.1742
-0.667515
2.92003
1.72393
3.08037
2.3333
70.9435
-18.9527
2.88451
-1.79676
-0.649757
-28.8647
2.60459
2.98875
-135.055
-110.046
3.74227
0.615236
4.63603
3.8885
2.15061
-0.851375
2.61628
0.560361
32.0148
4.52574
2.69107
2.25613
4.35878
13.6243
-2.09453
4.13117
-6.56356
71.8796
3.04378
3.56098
3.60492
50.8502
12.4949
13.3763
0.74708
12.1889
16.7469
2.0263
-53.0025
2.09517
12.2315
13.302
56.5324
3.03971
3.23406
-114.982
-125.808
0.762507
11.095
-31.5415
2.97569
3.22826
1.07623
0.801624
-77.695
41.9099
13.6482
0.531928
-97.2735
1.70561
-143.484
-117.477
-2.36256
2.51987
2.21026
3.60363
0.201348
2.71961
7.37381
-67.9639
7.7054
-0.195634
-0.0572493
10.4708
0.30727
30.8861
4.31754
-68.1837
71.9058
11.8327
3.88591
3.08658
56.6197
1.6095
-69.6063
-62.4342
2.33954
3.22471
12.063
-60.6053
-0.035188
-62.2377
2.24986
14.495
3.6538
7.33843
-1.9278
-0.752455
-0.366736
13.8146
0.864329
12.1213
8.23167
0.119078
2.29994
-124.091
-144.839
6.79214
2.36569
1.72342
0.195318
2.21926
2.96969
12.4218
3.00971
2.27547
-74.2672
0.878075
13.0709
-80.3199
-7.72451
2.29994
13.7706
72.1363
4.08365
-129.462
-151.346
2.30256
0.0774515
-2.22176
5.20039
0.55742
6.6815
2.76084
1.00937
-80.0284
-3.08675
4.99437
71.1054
2.31192
59.0088
-77.0271
2.46401
0.61112
2.23058
58.909
2.94809
-0.376452
3.52158
-0.870489
7.49186
4.15777
2.73335
2.339
3.37268
2.91056
2.69031
2.23579
4.05018
0.738632
2.48071
-1.23083
2.15245
-128.569
40.6526
1.88261
1.79804
64.0287
-45.8668
2.17722
-3.17461
3.17146
2.15487
67.1613
-10.5403
12.7693
-0.43323
-0.494335
6.78117
2.33946
4.2865
1.70381
3.26507
20.8804
2.68718
6.91703
-0.442386
-7.26331
4.87567
7.43087
-38.3804
2.58047
2.99827
2.38987
3.62024
45.9809
2.32402
0.190644
-23.4811
3.24024
1.16628
2.00827
-0.613257
5.0998
10.8081
-2.78985
0.640739
-82.4175
2.01432
-1.91243
2.61171
-116.971
13.8976
-33.6559
71.618
-25.6908
3.94528
1.95394
70.8321
2.30794
4.57991
3.62844
-17.0082
1.76455
2.21396
-51.1569
2.9615
10.9414
4.23957
-28.1584
8.45092
3.5831
11.2961
-10.2361
14.8936
0.881852
-52.6431
-0.583202
3.33606
13.5709
7.39843
17.7183
16.9292
3.16678
1.06649
-44.4959
2.30464
0.25013
0.174308
3.04443
3.74462
9.01036
4.81856
5.93692
6.05499
-35.7302
0.947115
1.01894
0.587555
70.3831
4.87236
2.56053
-56.6371
3.9663
0.188674
2.90484
-1.56369
-8.00921
0.464638
3.13656
-6.59011
-35.5036
3.20614
2.91641
3.04388
9.28406
5.19293
0.254972
9.73485
55.7469
2.22615
6.297
4.32343
3.53697
3.84064
-80.2155
63.8514
3.42332
-11.386
4.47919
3.65859
-2.76226
2.2972
2.97308
-62.8446
9.06451
2.90321
12.1685
-21.2619
-0.71156
2.91876
11.2685
2.10114
-0.151326
3.06555
2.95378
2.87969
3.25373
0.747666
6.67638
7.6365
4.92527
8.57646
0.656657
2.81895
4.27899
65.6059
16.8726
2.30205
-14.7297
4.73751
1.87087
0.30626
2.03945
25.4478
9.73877
0.850729
2.30106
61.4547
2.45871
2.32446
-119.021
-102.94
11.0692
1.75997
32.7128
-82.3783
2.80368
3.02828
-0.264648
3.79592
11.5373
-2.3384
4.2153
-3.88087
23.6101
2.37158
2.9057
-5.29722
-1.93129
-5.15977
-5.79597
0.331237
3.15597
0.343934
3.22219
2.52902
4.69284
-2.76086
0.307741
9.19539
2.51179
-0.162108
3.45386
-0.726031
1.89685
-22.268
41.8758
2.76218
71.876
4.74725
3.07048
0.543125
8.81986
10.2067
11.3257
12.2413
2.05983
65.1165
17.8249
-0.21081
-28.4251
2.6173
2.06992
-134.187
-121.008
2.12606
-0.296389
2.21993
-0.974871
3.24678
1.0129
7.08366
0.124827
3.56056
-0.633166
15.9734
72.1628
14.3842
3.20403
-1.13984
11.4261
4.53595
0.316172
4.37679
71.5326
0.0318575
3.75658
12.2405
2.07489
1.49052
5.96449
1.72015
-38.7035
2.88586
-58.3656
4.01185
-0.246256
3.50046
3.73332
1.4348
5.34077
3.97196
2.38387
-105.148
16.0227
2.82641
2.55507
-0.303174
39.4556
3.45991
3.35423
1.52813
5.22845
3.14642
-0.00282117
0.456251
12.5497
-39.9656
-0.355478
3.55204
2.53748
71.6216
2.09439
2.14145
-5.4549
-47.1267
9.35248
2.67323
4.22983
0.199859
5.69514
4.35405
3.22687
4.37783
-1.97737
11.1831
10.4235
2.50276
-0.54296
2.0896
10.1524
2.0246
13.1238
64.9563
11.2512
11.4814
-0.728406
2.34708
15.2982
4.14318
3.54848
-0.455354
1.69003
3.28211
0.291468
3.80808
17.255
4.17077
4.06394
16.6703
4.30856
3.79509
2.04269
2.17513
53.1523
2.57029
-80.6686
1.10466
8.18844
2.29015
2.36334
3.10597
-92.148
-135.546
3.66799
8.7148
11.9511
1.24791
-105.487
-87.5154
-146.576
0.462412
10.2574
3.08338
-0.827315
-104.506
24.8812
4.01014
-69.0775
3.07822
6.4088
2.47525
-38.8796
3.24654
3.50498
-15.1021
0.527625
15.3586
0.801304
2.91808
3.35378
3.07832
9.65758
0.15948
0.991979
-10.2633
1.63052
2.05067
2.46356
49.2863
9.73859
2.96156
16.4064
3.43595
14.8822
0.837559
1.64681
-40.931
2.63838
4.56318
-0.0475063
3.10868
4.29496
2.31804
4.36543
2.12153
2.4212
-34.4286
3.20643
1.84408
0.131902
-0.769535
2.06087
3.71482
-72.6319
6.30574
2.24084
-4.5168
0.619248
8.78752
1.87057
3.48677
4.02349
-105.226
-149.338
0.306044
-98.1288
1.66082
1.23656
3.47786
1.17828
17.9492
2.40056
-3.4836
1.1181
9.03271
3.47109
11.1483
-8.05749
0.469029
-2.17778
4.38552
2.47976
3.09848
2.33119
0.20661
3.11334
7.35924
-3.1295
16.5415
2.2184
0.271859
-44.3178
1.10034
3.85562
2.32016
-16.2098
-125.871
6.1714
2.024
72.0431
2.14016
10.0583
68.0969
2.21239
2.14903
4.01179
12.0031
-0.897158
0.851772
25.0359
0.274268
3.03662
9.95049
71.1972
2.99295
5.01152
-158.043
-1.68061
14.0457
72.1697
2.2357
3.54812
-53.0759
8.38215
-0.356795
4.64238
-88.1514
-101.603
2.93235
15.0659
2.69496
3.84812
4.60228
3.83187
-4.13856
2.30346
9.42391
13.2652
1.71226
-4.07306
5.67977
2.94453
0.892278
0.182184
2.06976
2.88084
2.5202
-2.32383
2.11342
3.06692
2.71935
-0.841975
1.98459
10.3225
-50.8314
2.78579
3.25315
-44.5572
3.86467
9.12374
17.8904
2.12897
-5.02016
15.3292
5.64402
2.45812
-54.376
-26.3061
16.3802
2.87305
-0.675343
2.43125
-66.8831
3.41513
4.39171
18.2498
-42.8449
12.1552
-0.942861
-3.28727
3.11151
1.44921
9.94924
-9.97384
65.5021
1.08131
36.8189
3.30912
2.37047
11.7882
-0.00563521
17.1532
3.25693
-89.6275
15.0983
-2.53558
-0.991557
3.17915
4.10577
2.70599
0.281067
1.32733
2.93641
-6.2795
-98.1502
-3.65987
3.29416
2.57296
-9.394
-0.558844
68.9257
0.380429
3.41119
4.75646
-7.32157
6.96026
18.363
3.55366
3.65961
4.94229
0.662286
1.23991
2.72386
3.67135
4.23776
-1.1318
2.98042
-56.8787
3.47537
2.26404
-5.64768
17.9865
-1.3073
2.34686
2.25873
2.21462
-0.254262
-1.57679
69.6775
1.61587
-49.9926
5.39617
2.60131
1.07106
0.11751
2.30948
13.0573
18.3207
2.49539
15.0011
3.15896
3.71837
2.36069
16.8669
-7.30069
2.40061
2.15302
3.00789
2.16542
3.20275
-24.1485
2.65538
-65.1893
2.47095
7.60797
1.06743
2.7422
-5.70591
1.67174
3.40302
53.4519
-44.8967
2.21954
0.690369
8.5604
-28.5732
3.20009
-91.1167
1.02417
-106.372
-85.5024
-0.8076
11.4871
-7.75048
-21.8484
-19.6027
9.18011
2.76336
-11.5103
5.58234
-1.33727
1.67609
-143.657
-155.247
7.1604
17.6767
-148.148
-155.881
71.7294
2.85299
9.2829
-9.04396
4.89247
14.8603
2.18982
-118.665
-80.3645
-0.570036
2.24359
-46.6894
-116.796
14.217
2.28903
2.69859
3.15358
4.37113
0.100153
2.0338
3.06473
0.799229
-98.4517
3.86205
2.04351
-2.65668
6.70621
-91.4258
2.34129
17.5539
3.14052
2.9547
3.47031
4.46181
0.639518
9.45439
12.0715
2.15088
1.50521
0.876371
3.16046
2.82756
-3.96748
-106.232
-26.6251
-2.99096
-14.0863
4.37858
3.68071
16.94
-116.566
7.38874
1.48462
0.452032
-2.81532
1.93536
15.7267
-118.477
6.04399
3.81533
2.28443
-29.3529
0.835891
3.58631
2.16465
1.76949
1.91047
71.9339
70.948
-132.908
-0.219407
1.81319
-109.085
-121.603
2.43991
3.18125
-11.4899
17.9579
-131.622
-4.89248
6.92289
2.23166
3.43694
0.833499
2.91248
3.17688
1.95218
-111.812
-138.936
5.99349
3.80226
-147.836
19.5656
0.765549
1.12543
-91.8815
2.18223
-133.556
-116.953
-153.575
-157.698
4.37744
15.8024
2.22916
5.79751
0.758085
-10.9524
11.6503
4.82942
2.75504
11.3508
-112.431
-126.827
4.58659
68.4177
0.433707
-21.1023
3.94423
3.17433
13.5934
-153.388
-149.83
2.11828
3.03207
-0.690774
-7.76427
3.73314
0.42221
2.24529
2.75797
6.68611
0.251194
2.42155
7.13083
0.725785
3.41923
-30.8587
1.83137
5.38695
4.56429
3.12634
-105.276
-120.534
2.42302
-76.845
-22.954
-51.9888
-0.255852
-130.502
-8.70922
16.8088
3.27399
4.96371
0.642984
3.4767
-145.508
13.5952
-0.0796914
2.4014
17.6342
71.3351
2.19742
41.1442
0.418806
3.52209
11.1227
2.01137
2.20894
3.48389
-98.8666
0.41364
-0.177718
-2.76811
-4.31547
4.02159
-4.91789
2.07784
0.434522
-23.5546
-13.5852
-15.5808
-84.8849
11.9205
2.31166
0.831349
-0.622421
-0.269621
1.18087
13.4223
2.20381
0.128658
2.80288
10.7833
1.59375
4.75566
16.8327
0.0773503
2.04607
-41.5678
2.9612
-98.2538
-82.8523
2.59343
2.56992
12.9445
3.13664
3.59374
2.0694
1.16337
2.04076
3.15704
2.5076
0.0936298
3.0916
-1.16454
3.41587
-106.749
-89.615
3.22816
3.18621
3.11977
2.27506
-1.80081
21.9719
1.91846
-128.992
-139.357
10.513
47.1367
6.23971
-137.704
-137.989
-100.203
-146.39
-149.787
-78.5319
29.0344
2.08774
-2.18717
4.34976
0.00908065
17.9181
2.03759
3.2102
-115.478
-99.724
1.6366
-146.882
-154.571
1.99136
-0.0638116
2.33304
67.3857
-2.51133
-0.330867
0.242216
-106.43
20.8333
-155.498
-115.14
-103.37
-97.3661
0.632036
-120.665
-132.579
-126.392
-117.636
-160.8
-130.309
-135.475
-129.818
-125.805
-0.0316588
-0.170945
-111.597
)
;

boundaryField
{
    back
    {
        type            empty;
    }
    front
    {
        type            empty;
    }
    outlet
    {
        type            zeroGradient;
    }
    circle
    {
        type            zeroGradient;
    }
    walls
    {
        type            zeroGradient;
    }
    inlet
    {
        type            zeroGradient;
    }
}


// ************************************************************************* //
