/*--------------------------------*- C++ -*----------------------------------*\
  =========                 |
  \\      /  F ield         | OpenFOAM: The Open Source CFD Toolbox
   \\    /   O peration     | Website:  https://openfoam.org
    \\  /    A nd           | Version:  10
     \\/     M anipulation  |
\*---------------------------------------------------------------------------*/
FoamFile
{
    format      ascii;
    class       volScalarField;
    location    "1350";
    object      k;
}
// * * * * * * * * * * * * * * * * * * * * * * * * * * * * * * * * * * * * * //

dimensions      [0 2 -2 0 0 0 0];

internalField   nonuniform List<scalar> 
10435
(
1.47791
1.70871
1.81403
1.99951
2.11789
2.03617
1.81096
1.86699
1.79704
1.92188
1.97727
2.10632
1.90162
0.969839
1.00625
1.8986
0.940691
2.03071
1.68008
1.58785
1.88223
1.95617
1.88266
1.85831
1.87093
0.59948
0.763601
1.82319
0.71543
1.98444
1.91646
2.07516
1.85475
0.724644
1.93875
1.24365
1.96058
0.778193
0.484357
1.76125
2.07197
1.82613
0.741643
1.82944
1.9594
1.81517
2.03529
0.726616
1.72446
1.83565
1.89173
1.9329
0.470434
0.65803
0.512712
0.671542
1.97256
0.79631
0.876667
1.92229
0.502308
1.55314
0.788728
1.9798
1.92088
1.82582
0.829552
0.829929
1.86248
1.87062
0.652689
0.698534
0.576411
1.8365
1.0531
0.73582
1.90386
1.81557
1.82115
1.04411
1.90602
1.31886
0.456903
0.664535
1.9173
1.20757
1.37219
1.81905
1.09377
1.48638
1.91161
1.98628
1.41372
1.16769
1.60313
1.12163
2.04007
1.0153
0.909426
2.06647
1.04943
2.20534
1.2632
1.71618
2.15968
1.92215
1.51107
1.87906
1.92338
1.09556
1.7714
2.24749
1.23257
1.15803
2.05031
1.8836
2.07666
1.31869
1.80653
2.10548
2.08283
0.636592
1.43567
0.819211
2.29721
0.551579
2.08555
0.677907
2.06953
0.780911
0.745762
2.24356
1.90471
1.00194
0.739359
0.421793
1.03234
2.05836
1.69441
1.79523
1.69523
1.93071
0.79203
2.0095
2.00788
0.897541
0.912717
1.98226
0.906933
2.06157
0.681147
1.99228
1.50045
2.02606
1.93227
0.63779
2.30221
1.56704
1.9252
1.99114
2.00531
0.967178
1.98709
2.06208
1.11458
2.0476
1.86741
2.10993
2.03572
2.00928
1.88751
0.519024
0.702389
0.945287
2.06906
1.81116
1.39407
0.850745
1.69477
0.754769
1.85204
2.06036
2.08661
0.526743
1.97461
0.658538
0.663708
1.83381
2.10673
1.96404
2.09756
0.447378
0.751878
1.19232
2.28465
1.8501
0.832942
1.10962
0.791552
1.93357
1.11056
0.753825
1.85194
0.784103
1.82646
2.08406
1.90777
2.09533
0.796261
2.03822
0.615727
1.84676
2.06057
2.08
0.749213
0.933723
1.18753
0.50793
0.606371
0.937699
0.731441
0.892289
0.821806
0.900217
0.629473
1.9275
0.541214
1.03306
1.92647
0.764523
0.859309
1.90348
0.571743
2.01521
0.81
0.914721
1.9725
0.636458
1.97466
1.88732
1.7264
0.582664
0.520176
0.674132
2.04576
1.82063
1.01863
1.83741
0.573947
1.6022
0.602263
1.19104
1.92314
2.05175
1.82457
2.03449
0.530396
1.81506
0.587968
0.735679
1.80702
1.90298
0.588398
1.9794
1.27258
0.88296
1.61483
1.89301
0.489052
2.08386
1.80043
1.83119
1.82882
1.85099
0.64472
2.10982
0.775573
2.16028
1.87182
1.82616
1.89667
0.828934
1.79493
0.988294
1.2829
0.467304
2.05735
0.510908
0.669831
0.740033
0.935147
2.14003
0.793982
1.83022
0.491808
0.643569
0.859179
1.3708
2.16694
1.86668
0.820582
1.99043
1.79436
0.617339
2.14186
0.970781
0.889981
2.0323
1.84475
0.671428
1.60714
0.71714
1.38468
2.03104
1.85684
0.642102
0.536204
1.97476
0.850817
2.11069
2.12106
0.755331
1.38819
0.438375
1.81009
1.85603
0.687684
1.80036
0.855611
0.79614
1.86327
0.761356
0.669513
1.80275
2.04564
0.807212
0.640498
0.599832
0.690079
0.680748
0.717475
0.670957
0.491031
0.703609
0.67835
0.685098
0.820778
0.826196
0.429954
1.78646
0.673754
1.84695
0.74943
1.81473
1.78464
1.66974
1.90465
1.86391
0.669324
0.701432
0.618061
0.564369
0.667489
0.476564
0.734069
0.739114
0.802709
2.08055
0.72151
1.76797
0.537823
0.764569
1.94681
1.59011
0.467396
0.76714
0.783382
0.793836
0.698059
0.63757
0.89957
0.522638
1.83006
0.828546
1.84365
1.75595
1.83756
1.86975
1.72389
1.80743
1.90495
0.812931
0.587968
0.703654
0.653523
1.80138
0.685714
1.95357
0.868431
0.760346
0.779
0.783119
0.552838
1.84291
0.7886
1.84274
2.04141
0.536058
0.672285
0.821748
1.6249
0.831791
0.698429
0.599738
0.669658
0.775509
0.718774
1.81172
0.651435
0.67301
0.719762
0.733773
2.04932
0.463545
0.430527
1.4778
0.694624
0.123348
0.121085
0.117082
0.112098
0.106553
0.10059
0.0943685
0.0880778
0.0819439
0.123047
0.120196
0.115962
0.110928
0.105412
0.0996075
0.0936808
0.0878572
0.0824187
0.122409
0.119171
0.114763
0.109694
0.104255
0.0986332
0.0930073
0.0875978
0.082664
0.121731
0.118232
0.113672
0.108587
0.10324
0.097803
0.092451
0.0873785
0.0827919
0.121267
0.117567
0.112867
0.107773
0.102513
0.0972442
0.0921225
0.0873069
0.0829385
0.121247
0.11737
0.112533
0.107423
0.102228
0.0970953
0.0921554
0.0875334
0.083327
0.121937
0.117866
0.112869
0.107715
0.102554
0.0975168
0.0927118
0.0882385
0.0841762
0.123728
0.119311
0.1141
0.108861
0.103692
0.0987039
0.0939827
0.0896124
0.0856669
0.126984
0.121952
0.116469
0.111101
0.105881
0.100891
0.096198
0.0918687
0.0879657
0.131735
0.125974
0.120233
0.114711
0.109402
0.10436
0.0996371
0.0952796
0.0913216
0.137673
0.131513
0.125648
0.119989
0.114566
0.109428
0.104621
0.100178
0.0961095
0.144458
0.138757
0.132987
0.127236
0.121686
0.116415
0.111479
0.10691
0.102719
0.152686
0.148138
0.142573
0.136746
0.131041
0.125594
0.120486
0.115753
0.111424
0.16426
0.160296
0.15475
0.148756
0.142826
0.13714
0.131799
0.126853
0.12234
0.180001
0.175611
0.169706
0.163373
0.157106
0.151094
0.145443
0.140204
0.135392
0.199715
0.193987
0.187371
0.180527
0.17381
0.167384
0.161351
0.155768
0.150655
0.222036
0.214884
0.20745
0.200006
0.192762
0.185854
0.179379
0.173407
0.16799
0.245619
0.237682
0.22958
0.221553
0.21376
0.206333
0.199373
0.192954
0.187139
0.270305
0.26208
0.253512
0.244971
0.236649
0.2287
0.221238
0.21434
0.208064
0.296274
0.288065
0.279165
0.27017
0.261352
0.252906
0.244954
0.237586
0.230876
0.323872
0.315789
0.306573
0.297138
0.28786
0.278958
0.270553
0.262733
0.255571
0.353615
0.345483
0.335806
0.32589
0.31619
0.306902
0.29812
0.28991
0.282345
0.386313
0.377381
0.366893
0.35641
0.346348
0.336792
0.327763
0.319289
0.311466
0.423034
0.411543
0.399681
0.388575
0.378281
0.368651
0.359574
0.350998
0.343034
0.465008
0.447411
0.433755
0.422176
0.411921
0.402516
0.393673
0.38525
0.376575
0.216295
0.216317
0.216943
0.218172
0.220014
0.222464
0.225516
0.229146
0.233334
0.238037
0.243214
0.248812
0.25476
0.260991
0.267411
0.27393
0.28045
0.286862
0.293058
0.298928
0.304347
0.309184
0.313268
0.316338
0.318237
0.318988
0.318666
0.317214
0.314399
0.310402
0.305363
0.299315
0.292295
0.284429
0.275838
0.266648
0.256988
0.246991
0.236791
0.226523
0.216318
0.206304
0.196598
0.187304
0.178521
0.170329
0.16279
0.155956
0.149849
0.144477
0.139829
0.135876
0.132584
0.129904
0.127794
0.126207
0.125103
0.124447
0.124208
0.216125
0.21648
0.217392
0.218871
0.220916
0.223518
0.226662
0.23033
0.234501
0.239142
0.244211
0.249657
0.255419
0.261427
0.267601
0.273852
0.280087
0.286204
0.292098
0.297661
0.302783
0.307347
0.311227
0.314275
0.316325
0.317234
0.316915
0.31534
0.312556
0.308666
0.303752
0.297864
0.291058
0.283412
0.275024
0.266004
0.256473
0.246562
0.236404
0.226132
0.215882
0.205783
0.19596
0.18653
0.177598
0.169254
0.16157
0.154599
0.148369
0.142887
0.138138
0.134091
0.130704
0.127928
0.125713
0.124009
0.122773
0.121969
0.12156
0.212947
0.213364
0.21431
0.215794
0.217818
0.220381
0.22347
0.22707
0.231154
0.23569
0.240638
0.245948
0.251562
0.257411
0.263421
0.269506
0.275578
0.281537
0.287284
0.29271
0.297703
0.302144
0.305902
0.308837
0.310811
0.311709
0.311454
0.310013
0.307399
0.303674
0.298908
0.293169
0.286523
0.27905
0.270841
0.262
0.25264
0.242884
0.232859
0.222696
0.212527
0.202482
0.192689
0.183267
0.174325
0.165958
0.158244
0.151236
0.144966
0.139441
0.134647
0.130556
0.127123
0.124299
0.122034
0.12028
0.118992
0.118138
0.117677
0.206384
0.206811
0.207753
0.209217
0.211203
0.213707
0.216718
0.220218
0.224184
0.228585
0.233382
0.238528
0.243967
0.249635
0.255462
0.261366
0.267261
0.27305
0.278634
0.283905
0.288752
0.293055
0.296689
0.299529
0.301452
0.302353
0.302158
0.300834
0.298383
0.294846
0.290281
0.284752
0.278331
0.271098
0.263142
0.25456
0.245461
0.23596
0.226179
0.216244
0.206285
0.19643
0.186806
0.177533
0.168723
0.160471
0.152857
0.145936
0.139741
0.134281
0.129542
0.125498
0.122102
0.119306
0.117059
0.115316
0.114033
0.113177
0.11271
0.197509
0.197947
0.198881
0.200318
0.202259
0.204699
0.207627
0.211028
0.214877
0.219144
0.223791
0.228774
0.23404
0.239527
0.245166
0.250879
0.256582
0.262182
0.267581
0.272673
0.277348
0.281492
0.284987
0.287718
0.289577
0.290474
0.290341
0.289143
0.286874
0.283557
0.279236
0.273969
0.267825
0.260882
0.253227
0.244954
0.236167
0.226978
0.217505
0.207872
0.198205
0.18863
0.179273
0.170253
0.16168
0.153649
0.146238
0.139502
0.133474
0.128162
0.123554
0.11962
0.116317
0.113597
0.111412
0.109714
0.108463
0.107625
0.107163
0.186367
0.186769
0.187657
0.189035
0.190905
0.193261
0.196093
0.199385
0.203113
0.207246
0.211747
0.216572
0.221669
0.226979
0.232433
0.237957
0.243466
0.248873
0.254079
0.258986
0.263486
0.267471
0.270832
0.273463
0.275267
0.276162
0.276089
0.275012
0.272921
0.269828
0.265769
0.260792
0.254963
0.248357
0.241056
0.233151
0.224742
0.215935
0.206846
0.197597
0.18831
0.179108
0.170113
0.161442
0.153202
0.145486
0.138369
0.131905
0.126127
0.121041
0.116634
0.112878
0.109731
0.107147
0.105077
0.103475
0.102301
0.101522
0.101102
0.173237
0.173579
0.174395
0.17569
0.177468
0.179724
0.182448
0.185624
0.189229
0.19323
0.197591
0.202268
0.207208
0.212352
0.217634
0.22298
0.228311
0.233537
0.238566
0.2433
0.247639
0.251479
0.25472
0.257267
0.259028
0.259931
0.259923
0.258969
0.257056
0.254188
0.250396
0.245721
0.24023
0.233995
0.22709
0.219605
0.211632
0.203271
0.194642
0.185857
0.177034
0.16829
0.159742
0.151504
0.143679
0.136356
0.129609
0.12349
0.118027
0.113229
0.109083
0.105559
0.102618
0.100214
0.0982997
0.09683
0.0957656
0.0950737
0.0947201
0.157984
0.158198
0.158881
0.160045
0.161695
0.163828
0.166434
0.169496
0.17299
0.176881
0.181133
0.185694
0.19051
0.195521
0.200663
0.205871
0.211068
0.216161
0.221063
0.22567
0.229885
0.233609
0.23676
0.239257
0.241001
0.241937
0.24201
0.241197
0.239466
0.236819
0.233289
0.228916
0.223775
0.21794
0.211465
0.204445
0.196966
0.189116
0.181025
0.172788
0.164513
0.15631
0.148289
0.140559
0.133225
0.126367
0.120063
0.114357
0.109276
0.104823
0.100988
0.0977431
0.0950515
0.0928705
0.0911554
0.0898628
0.0889531
0.0883936
0.0881496
0.140351
0.140332
0.140801
0.141782
0.143288
0.14531
0.147827
0.150796
0.154221
0.158105
0.162345
0.166881
0.17164
0.176551
0.181587
0.186679
0.191799
0.196899
0.201801
0.206356
0.210487
0.214119
0.217211
0.219683
0.221456
0.222466
0.222675
0.222046
0.220517
0.218068
0.214777
0.2107
0.205913
0.200506
0.194524
0.187972
0.180975
0.173757
0.166333
0.158729
0.151091
0.143523
0.136114
0.12896
0.122154
0.115813
0.110004
0.104805
0.100209
0.0961666
0.0926654
0.0897062
0.0872743
0.0853327
0.0838346
0.0827471
0.0820334
0.0816566
0.0815824
0.678157
0.633595
0.59352
0.555224
0.517809
0.481098
0.445347
0.410959
0.378339
0.347848
0.320383
0.296825
0.27746
0.26196
0.249213
0.23863
0.230395
0.224553
0.220828
0.21866
0.217559
0.217111
0.216929
0.216625
0.21573
0.645782
0.619232
0.586372
0.550933
0.514515
0.477958
0.441962
0.407179
0.374208
0.343676
0.316253
0.292426
0.272382
0.256012
0.24295
0.232808
0.225281
0.220074
0.216846
0.215185
0.214655
0.214846
0.215392
0.215949
0.216155
0.639817
0.612742
0.580711
0.545786
0.509353
0.472445
0.435968
0.400732
0.367462
0.336815
0.309326
0.285346
0.265039
0.24839
0.235221
0.225245
0.218095
0.213356
0.210607
0.209423
0.209372
0.210047
0.211065
0.212081
0.212777
0.639396
0.609069
0.575502
0.53967
0.502552
0.465066
0.428102
0.392495
0.358992
0.328221
0.300654
0.276594
0.256196
0.23948
0.226327
0.216477
0.20955
0.205092
0.20264
0.201745
0.201964
0.202888
0.204131
0.205343
0.206185
0.640222
0.606751
0.570974
0.533545
0.495243
0.456875
0.419262
0.383196
0.349385
0.318416
0.290723
0.266587
0.246158
0.229458
0.21637
0.206633
0.199855
0.195568
0.193282
0.192528
0.192854
0.193846
0.195128
0.196367
0.197275
0.640624
0.604404
0.566318
0.527066
0.487371
0.447963
0.409584
0.372965
0.338767
0.307535
0.279682
0.255477
0.235055
0.21842
0.205433
0.19581
0.189141
0.184945
0.182717
0.181976
0.182266
0.183179
0.184348
0.185459
0.186237
0.64068
0.601745
0.561265
0.520088
0.478909
0.43837
0.399128
0.361861
0.327193
0.29564
0.2676
0.243335
0.22296
0.206435
0.193585
0.184088
0.177511
0.173357
0.171115
0.170292
0.170432
0.171128
0.17202
0.172815
0.17329
0.640528
0.59851
0.555514
0.512401
0.469737
0.428039
0.387872
0.349869
0.314655
0.282728
0.254479
0.230173
0.209902
0.193549
0.180885
0.171544
0.165058
0.16092
0.158618
0.157649
0.157547
0.157903
0.158346
0.158569
0.158428
0.639651
0.594271
0.548782
0.503832
0.459774
0.416938
0.375824
0.336982
0.301126
0.268779
0.240284
0.215964
0.195911
0.179813
0.167406
0.158273
0.151888
0.147753
0.145374
0.14424
0.143842
0.143799
0.143629
0.142877
0.141519
2.02275
1.99132
4.46191
3.6448
0.0942914
0.110824
1.29553
0.0547884
3.75669
0.0801073
2.71539
0.113069
0.653467
0.164471
1.36782
0.132998
2.94708
3.3343
0.076361
0.950513
0.615025
0.127207
3.10096
0.225511
0.0455367
0.0743373
0.0448182
0.427183
2.24559
2.86305
0.0774645
0.0876388
3.72858
0.764499
2.83112
0.0840531
1.20888
1.37388
1.27414
0.12122
3.99695
0.020585
0.10388
0.781003
0.309876
0.169678
3.51682
4.04274
2.62134
3.02004
3.33071
3.65232
0.599146
3.18322
1.25086
3.76034
0.151893
0.592067
0.0623612
3.43678
0.10445
4.79007
0.0931296
0.140194
0.0566415
0.718198
0.0983467
0.406712
0.67588
2.88249
3.65247
0.15253
0.0652526
0.995181
0.0500123
0.604903
1.09593
4.00344
0.0487201
2.86449
0.728982
0.128784
0.066462
2.61871
0.0947576
0.107063
0.0626678
3.99108
3.75966
0.184571
0.231308
0.126271
0.0915854
0.117643
0.0725965
2.74117
0.075156
2.88451
0.0451425
3.41329
0.240109
4.01024
0.263909
0.157485
0.05636
0.325953
3.27256
0.720452
0.0322413
2.87659
0.129509
0.0837143
3.39717
0.153795
0.593936
2.59628
3.60967
0.115174
0.606537
0.0555301
0.0050601
0.0844557
0.22489
0.0465639
3.81002
0.101212
3.6832
0.87459
0.0687691
4.04096
0.0638932
0.999495
2.89958
1.14876
0.496236
0.0621712
0.299092
0.178271
0.104152
0.95283
0.129505
1.21805
3.47834
0.00612823
2.3817
0.148702
3.84119
0.853729
0.131467
2.78002
0.554664
0.150448
3.88072
1.55005
0.0588251
2.58102
0.0502959
0.113229
1.2081
0.0852937
0.103404
3.6303
0.112332
3.00984
0.0994756
2.96644
0.173462
0.043548
0.165872
0.0531669
0.150069
0.147091
0.407386
2.76078
0.0987926
0.365138
0.870069
2.58968
2.90761
0.13122
1.01191
0.0852813
0.599442
1.05014
0.651325
0.0490612
3.1225
0.0296387
3.21316
0.120741
3.83508
3.4485
2.88208
1.19082
1.44648
3.38285
0.0489263
0.124118
2.49313
2.09724
0.857251
0.190999
0.122374
0.123256
0.406602
0.0873574
0.103076
0.262223
2.74185
0.106624
0.0556497
0.111424
0.99026
0.384674
0.646946
4.11953
0.0751289
0.0574812
0.192356
0.233488
0.226577
0.0238908
0.0618321
5.0125
0.485584
3.6946
0.172481
2.97141
0.0303898
0.0695826
2.46321
0.0860962
0.0834137
0.0560251
1.2603
0.083338
1.27932
0.314774
1.07763
1.60898
0.0779954
0.103577
0.0978878
0.578816
0.063183
0.064945
0.0891031
0.377708
0.131287
0.0889628
0.0266143
0.38831
0.0855135
2.61493
0.0682288
0.0433281
3.25261
1.11356
1.22826
0.0763913
0.376106
0.07712
0.101469
0.0549462
1.02012
0.0474141
0.0884649
4.14622
1.29489
0.0435205
0.67578
2.8994
0.0507463
0.054781
0.0779853
4.11522
0.110925
3.57312
0.162616
3.65255
0.775983
0.57834
0.373249
0.168646
2.91784
0.113682
0.343689
1.29147
3.43363
3.89835
1.57949
0.118173
0.0140482
3.53788
1.27663
4.12257
4.01737
0.112699
0.0867374
3.13639
3.54827
0.10372
0.140256
0.127639
3.92369
0.0929692
0.615466
0.0866954
0.949586
0.126967
0.154857
0.118528
3.48379
0.0627492
0.0486951
1.20381
3.78424
0.087116
0.0458855
1.43707
1.21527
0.0914537
0.147422
0.0768984
0.0651611
0.0474574
3.56581
0.738197
0.109202
0.600514
0.098103
1.42925
0.196368
0.0813943
3.93152
0.112131
0.076982
0.0709417
0.00322062
0.378068
0.111879
0.109709
3.2248
0.114684
1.02458
0.0749366
0.126754
0.0670703
0.0595667
3.33328
2.01529
0.0919183
0.0311352
1.24046
3.58632
0.394118
1.66808
0.781431
0.0975109
3.5099
2.78055
2.81679
0.0819183
3.64733
0.0181487
0.0580969
0.154987
3.92699
0.0969285
3.11693
0.139926
1.53391
2.25806
3.62963
0.652722
0.0487697
0.0596035
0.10202
0.0841326
0.0819433
4.01358
0.138788
3.79218
0.828302
0.803536
1.54364
0.100949
0.949707
2.60482
3.84099
0.958125
0.0876736
0.282131
3.4957
0.992891
0.0778599
0.0931776
3.67728
0.112572
2.27869
0.054968
0.105636
0.0939011
2.63556
0.104099
0.000446611
1.3194
0.29623
0.972636
0.077856
3.00063
0.0981599
3.12244
0.101216
0.0835757
0.168918
2.68957
3.33743
0.0989443
0.124767
0.102409
0.085717
0.19398
0.292999
0.160261
3.79687
0.00182824
0.159938
0.0829901
0.0885083
0.118778
0.0437765
0.189223
0.0481165
1.51981
0.149378
0.129281
0.00987369
0.0680208
0.159708
0.0846884
1.6064
3.61281
0.87201
0.694809
5.58403
0.348209
3.49353
0.0564494
0.0489519
3.60565
0.0978028
0.110352
3.0435
0.116894
2.81069
3.35738
0.107954
0.23696
0.928552
0.120409
0.631948
2.94386
0.945225
3.68993
0.0540563
0.060364
5.05041
0.0836571
2.6513
0.358608
0.053952
2.80691
0.16196
0.0467831
0.700656
0.17265
0.0482732
0.879319
0.809792
0.656342
1.26682
0.00539371
0.10986
2.56834
0.0832624
0.127463
0.169198
2.62762
0.135427
1.41059
0.120899
0.0576769
3.41034
0.0935613
0.0765873
1.38496
0.112613
0.0929582
3.08969
0.104457
1.53717
0.100011
0.507432
0.841056
0.821436
0.120481
0.119865
1.32744
0.0870484
0.111427
0.784966
0.0984053
0.163169
0.0462692
3.9067
3.9445
2.74121
0.0500502
0.710853
0.0926905
3.8922
0.953442
5.36
0.760169
0.177021
3.74711
4.09332
0.0873275
0.161871
0.375422
0.141503
4.29219
3.65232
0.0579738
0.976714
0.106072
2.97451
2.57962
0.125845
1.41663
2.87599
0.122274
3.47878
0.0378427
4.78232
0.094193
0.200438
0.112797
3.49517
1.23993
1.26416
0.0680464
2.66616
2.72512
3.88107
0.0581372
0.109199
0.624686
2.88692
0.0849836
1.14143
0.10723
0.664542
2.80728
0.0779996
0.69693
0.0596531
0.0887371
0.415864
3.5782
0.186657
1.28098
0.0666343
0.0930018
3.38782
3.53969
2.93927
0.218794
0.430856
0.982742
0.594856
0.187026
0.094138
0.0565001
3.6525
0.117633
0.111215
1.53295
0.179597
0.145159
0.114264
0.135925
1.46448
0.118365
0.0659456
0.713036
2.77015
0.0853027
0.0850046
3.24193
0.430656
0.0212483
0.158499
0.863566
0.0711946
0.115247
0.0819886
1.02335
0.0964803
0.106059
1.26693
0.0638206
0.161539
0.28976
0.611303
0.0731315
0.124351
5.02855
0.152158
0.0510818
0.0904025
0.106653
0.205264
0.0878628
3.37971
3.83186
0.394838
3.5437
0.0649578
0.0432369
0.050386
0.0373901
0.149403
0.0526534
0.649968
0.181607
0.0643065
0.137645
1.32883
0.671939
0.202497
0.713465
0.1191
0.104249
0.0645117
0.25475
0.956473
3.35579
1.46997
1.25311
0.0357617
0.0800496
0.0271537
0.182587
0.0803751
3.56344
0.0775772
0.655461
0.0876715
3.02644
2.357
2.64868
0.0051855
0.0515842
0.0541212
4.09694
3.4984
0.621204
0.595152
0.0828478
0.0800178
0.0902242
3.48675
0.013034
0.0818881
1.18538
0.0803228
0.144623
0.0828239
0.0491173
0.608997
0.162367
0.069462
0.0878083
0.234013
0.101122
2.42803
3.63096
0.0886623
1.33693
0.101705
2.70471
0.0585215
0.111425
0.089914
0.0679542
1.6015
0.108671
0.112907
0.0623858
0.376171
0.0716516
0.17241
0.149747
3.63882
1.33005
0.525065
3.98892
1.42631
2.67564
2.83428
0.0774196
0.0502
0.0519365
0.000912615
0.116977
0.772561
0.140972
0.0790581
0.634145
0.0869371
0.0802523
0.449801
0.0948227
0.087324
0.0578816
0.524846
0.791809
4.09978
0.0800079
3.00442
1.23641
2.53186
0.667371
4.11423
3.40549
4.33586
0.0534805
0.127678
0.00755817
0.346395
0.104623
1.33239
2.36068
0.104457
1.18911
0.889436
0.0690635
0.0572901
0.0970041
3.71574
4.72985
0.0735959
1.34039
1.50379
0.618812
3.22521
7.09176e-05
0.0874265
0.463455
0.0102077
2.20808
1.00499
2.94544
1.50041
0.0440218
1.50823
0.0462596
0.00267577
0.607683
0.135568
0.200435
0.0845505
0.102652
0.636885
0.127935
0.0534916
0.105176
0.115267
0.498321
0.118803
3.53249
1.39803
0.120294
1.8301
0.146124
0.974475
0.111673
0.0959239
0.139018
0.750902
0.604212
0.0119229
0.143763
3.37602
4.69021
1.09354
0.106208
0.873416
1.13634
1.39531
5.47544
1.15926
0.228949
0.120963
3.12404
0.0410535
0.0531847
0.26484
3.37706
4.20649
0.083734
0.0853263
3.0596
0.0483214
4.57038
3.16904
0.137589
0.0828247
3.85918
2.34634
2.26837
0.0965376
0.081285
0.0340206
0.840394
1.21965
0.097919
0.0491692
0.0835453
1.07914
0.124309
0.471198
2.37844
0.0797475
0.0926648
5.7055
0.0817699
0.689938
0.0747921
0.724787
0.0939606
0.0656819
1.19199
0.147466
0.107076
0.0926954
0.416312
0.697789
3.95381
0.0620244
0.0878037
0.102877
1.30211
0.964453
4.73352
0.0472456
0.773707
1.40155
7.54356e-05
0.0471703
0.108531
2.4797
0.101013
1.05641
0.1437
0.000878347
1.17407
0.123551
5.60723
4.35582
0.823633
3.52705
3.59741
3.696
0.0822729
3.45092
1.23967
0.131724
1.25252
0.081385
0.110417
0.956328
0.107423
0.221305
0.686693
5.14627
0.058514
0.0480378
3.45365
0.200155
0.129163
1.32311
2.4669
1.64421
0.0984004
0.294353
3.99533
2.91636
1.22462
0.659581
2.90311
0.224959
0.0505071
0.796546
2.85908
0.0973629
0.60423
0.169018
3.18745
0.148985
0.993532
2.19238
0.00855972
0.0948106
0.0998397
3.06311
1.49039
3.11356
2.50426
0.1858
0.474818
0.665676
0.239762
2.29774
0.587469
0.0827167
0.119476
0.107892
0.0354842
0.903654
2.75763
0.0344864
3.06732
0.148952
1.29507
0.0881758
0.0782261
0.0526817
3.5919
3.06492
0.408179
0.700064
0.0832178
0.0640985
1.54612
0.0819384
1.56197
1.18917
3.76886
0.0783828
0.399824
1.56461
0.132057
0.174259
0.119964
3.8201
0.116457
0.215124
1.29722
1.34967
0.060966
0.237028
0.0843021
0.144887
0.0698085
0.0696238
0.629509
0.063488
0.325269
2.97688
0.963914
3.5612
0.111937
0.298537
0.825174
0.0481007
2.3482
0.0983369
0.139422
3.54549
0.14166
0.43922
0.220539
0.04331
2.69146
0.0842291
0.428364
0.0472231
1.27683
1.37485
3.62077
0.0606854
1.16459
0.0854447
0.445466
0.134849
3.24688
1.08031
0.328386
2.89083
0.112449
3.40498
0.102787
2.57652
0.131825
0.05195
0.113621
1.03167
1.40392
0.0560987
0.0977363
0.977637
0.0795913
0.103468
0.0626846
0.0434128
0.12949
4.02144
0.161315
0.111976
1.47968
0.412939
3.68231
0.0317596
0.115364
0.0804145
0.267756
0.180168
0.107493
4.10036
0.31099
0.767961
0.0815551
0.24752
0.905263
3.11463
0.095349
0.0925807
0.143218
0.175177
0.0894786
0.612384
3.82225
3.24359
0.705571
0.079599
1.57149
3.82766
0.346027
0.952873
0.135811
2.51554
2.73195
3.52805
0.0993967
0.103652
0.285374
3.10353
0.188938
4.54222
0.174935
0.464619
2.87092
0.0492432
0.130651
0.143581
0.0829404
0.0777972
0.147688
2.39648
0.0783722
3.46976
0.0940638
0.084913
0.0626539
0.0815825
0.61945
0.101549
0.990481
0.899913
0.08633
0.157073
2.52445
2.58135
0.0815486
0.0977782
0.148902
0.74242
2.68571
0.319679
3.588
0.071313
0.0843483
0.617557
0.094855
0.394202
1.5427
0.0854905
0.0592996
0.0131022
0.17149
1.01557
4.84147
1.14338
0.0862736
0.305258
0.0798386
3.91537
3.98774
0.0988209
0.083328
1.20327
0.0969172
0.0710016
2.47782
2.35795
0.181446
0.0859513
0.0662927
0.562533
2.41613
0.0926142
0.0608027
2.24445
3.04311
0.00182564
0.0829089
0.0747849
0.150569
0.468586
0.609145
0.101997
1.36385
0.105004
0.127028
0.0799542
0.624087
0.0782682
3.46574
2.86662
3.75503
2.18919
1.56164
4.43515
0.0881962
3.71466
0.6529
0.0612043
0.311181
0.0452104
0.268412
0.0969726
0.0902071
0.0584652
3.3538
0.0464539
0.389474
1.54083
0.142098
0.302402
0.444647
3.51167
0.0276839
3.62563
2.89619
0.137225
0.070587
0.273643
0.351922
0.245331
1.14999
5.00721
0.130851
0.0630311
0.097366
1.11936
3.93868
0.144284
0.164468
0.0450546
0.0801453
0.118221
0.465486
0.0830448
0.163398
0.290993
2.76026
0.0954206
0.285085
3.24598
0.12282
0.330041
0.25507
4.42101
0.332123
0.473007
0.60633
0.110298
5.61912
2.93382
0.085201
0.851105
1.37602
0.0946149
0.132163
0.13543
1.2616
0.0860005
0.673629
0.0945387
1.53958
2.89036
0.892077
2.67639
0.220618
0.114228
0.99655
1.12312
0.151551
0.160092
0.116932
2.73941
0.136008
0.300322
0.0744376
0.175547
0.786562
0.0929399
0.0631185
0.079934
3.19483
0.95958
0.0797465
0.172637
0.0768433
0.0936955
0.113198
2.59886
0.161612
1.0016
3.34254
0.828804
0.0035551
1.16857
2.24484
0.960332
2.60479
0.258237
1.05516
3.62862
3.33946
0.0235484
2.8551
0.0938431
3.60126
1.48996
0.0817138
0.679465
1.32271
3.90552
0.884996
0.352948
0.102157
1.29155
3.11803
0.562967
3.66215
0.175181
0.958526
0.0886439
3.00674
0.420226
0.0558999
0.115465
0.934529
0.0708408
0.213433
0.939759
0.0888061
2.5626
0.0463151
0.108919
1.73935
1.27099
0.169516
0.611938
1.44228
0.182242
0.70373
0.79161
0.10094
0.443306
0.0610104
2.71086
0.837566
0.0504426
4.13085
0.093842
0.622549
0.734427
0.12254
0.0742894
0.602825
0.924929
1.26357
0.0667235
3.81794
0.0941351
0.686334
3.9549
0.518201
0.167508
1.49269
0.143797
0.0933969
0.00705895
1.28309
3.21267
0.100062
3.65216
0.285248
0.116142
1.15457
0.125695
0.113785
0.723516
0.150754
0.0893012
0.422517
0.0869097
0.116679
0.159366
2.81542
3.03862
0.210885
0.0882273
0.06591
0.752872
3.84946
0.0915879
0.0834046
0.328435
3.74929
0.0932452
1.06536
0.71829
0.053467
0.643604
3.75824
0.0867283
0.243915
0.0884173
1.02301
0.0780846
0.0910502
0.172716
0.513911
3.13603
0.0440326
3.58172
0.0667179
2.80476
0.108365
1.16993
0.566521
0.992362
2.69961
0.149511
0.697331
0.178797
0.151323
0.155814
2.92272
2.99445
0.0993608
0.0994546
0.493837
0.155223
0.117233
0.0494293
4.11448
3.34577
0.925106
3.69803
0.168579
0.0545731
0.802994
0.239822
2.61839
0.0432458
0.132715
0.0536505
0.116045
0.0963087
0.103353
0.10121
0.489799
4.07033
3.04666
0.0855852
0.30804
0.806169
3.58629
0.10397
3.90072
2.40398
3.41764
0.136682
0.936368
0.0658233
0.167862
0.124129
0.129351
0.0765741
2.57108
3.86248
0.142649
0.36351
0.938869
0.316835
2.96108
4.06948
0.102328
0.0621987
0.109453
0.312593
0.872744
0.0513622
2.83962
0.795266
0.103838
0.178644
0.166789
0.581204
0.175738
0.0726658
0.0964463
0.0781833
0.187702
0.697045
0.156417
3.7039
0.140632
0.113777
0.335543
0.164611
0.0836284
3.54764
3.02154
0.118257
3.13608
0.080877
1.17719
0.140754
0.179466
0.0853705
0.0575768
2.98825
0.131371
0.15697
3.69935
2.62067
0.0786349
0.08664
0.0876601
0.163562
1.4726
0.0226271
0.103896
3.78109
0.1023
0.0814128
0.144247
3.33076
0.111521
3.12643
2.61524
0.0719256
4.78624
0.15472
0.0435151
4.10416
0.747857
0.0785086
0.00126282
0.612048
0.169035
0.187537
0.0596165
1.35027
2.92824
0.116832
0.0578018
3.00527
0.105758
1.96391
1.15907
0.115231
0.871658
3.85484
0.0768464
0.81317
0.0982491
0.142381
0.169989
0.0959662
3.38277
2.87425
0.112271
0.0839671
3.45901
0.121002
0.176627
0.170257
0.831301
1.18931
0.0524853
0.0833864
0.0841248
0.0896342
0.0506738
0.00196185
0.148547
0.167722
3.36585
0.620265
0.0921008
1.47689
0.162938
1.02697
3.90448
1.03707
3.22189
0.180573
0.00282162
0.639747
0.172457
0.105324
2.66471
0.133472
5.87165
2.97375
0.613058
0.131292
3.83678
0.0517898
3.28271
0.102156
0.100626
3.72967
0.420102
1.02808
0.117867
0.0917491
0.0576789
0.147474
1.43622
1.092
0.103979
2.18123
0.508293
2.97829
0.0484305
4.06037
0.11697
0.0918492
0.355051
0.0907088
0.619257
3.32478
0.779197
0.0581525
2.6079
1.36171
0.555788
0.952811
0.715749
0.0276196
0.702766
3.31265
0.0825498
0.0948744
0.0939932
3.56914
0.122655
0.0495895
1.32362
0.723681
0.339191
4.06191
0.855756
0.276661
0.327027
1.29557
0.168772
0.752137
0.0796143
0.0989158
0.0926142
3.53465
0.124727
1.04627
3.07393
0.0453094
1.0075
3.18308
0.101433
2.7069
0.0861007
0.729945
0.169967
0.0478089
0.144854
0.0841745
0.0576853
0.151609
0.117037
0.121247
0.143455
2.7634
0.75135
0.115983
0.721598
0.0797139
0.105251
0.0833898
0.107693
0.139942
1.55532
0.0439517
1.58976
3.04502
1.52436
1.10421
0.37793
0.152481
3.45359
0.0937879
0.621753
0.117591
0.0973827
0.219548
2.9444
0.137396
0.0883812
0.0798723
0.275099
0.203127
1.50589
0.711551
1.29648
2.53504
0.0988245
0.0721258
3.62633
0.0931196
0.122977
0.0556194
0.211189
0.0634366
0.0773158
0.140549
0.0471061
1.15307
3.1629
1.44061
0.184715
0.0839322
0.969991
3.39316
2.87635
0.0543578
0.110439
0.791678
0.0831101
0.050034
0.169158
3.09511
0.855609
0.0798882
0.0906499
0.137349
0.0527474
3.04138
0.0805344
0.114947
0.120522
0.114541
2.95443
0.0915823
1.55544
0.152391
0.142454
0.0580278
0.068127
3.2167
0.49191
0.0785675
3.78896
0.839087
0.706426
0.0591248
0.0967
1.26361
4.02474
4.04344
0.0866892
0.943787
0.0911152
0.0802234
3.36956
2.87736
0.0466396
0.00308744
1.10237
1.48346
0.0832649
0.0474608
3.04971
0.0912012
0.3049
0.201664
0.120612
3.86495
0.0889457
0.0962522
0.123166
2.25179
0.083124
0.0552988
0.0868943
0.123139
0.302628
0.15085
0.604982
0.851498
0.80356
0.120172
0.109498
0.0808852
0.0670589
0.116492
0.100922
0.724568
0.105691
0.133281
0.515713
2.74563
0.0734449
0.0481245
0.120497
3.62879
0.108209
0.97092
0.0397297
0.0851842
0.011614
0.118968
0.0937498
3.79589
0.125587
0.0637881
0.521104
0.0838673
1.37556
0.11004
0.0862258
3.29761
3.30829
0.0487069
3.02186
0.0879903
1.08659
4.28943e-05
2.8368
0.0716319
1.43755
0.0957392
3.28277
0.611409
1.13941
3.12073
4.02362
0.142169
3.68267
0.0639588
0.0532193
0.0915581
3.26645
0.211037
0.0548088
0.822164
2.57288
2.46053
0.179167
3.93673
0.0577796
0.166561
0.0851338
0.586226
0.169402
1.64617
0.101082
0.132247
0.0856696
0.0494636
0.168969
2.76525
0.0834956
0.0849485
4.01564
0.698313
0.0474994
0.220618
3.32315
0.116435
0.101937
3.54818
0.182323
3.67119
1.28936
0.0916883
0.481884
0.921469
0.031623
0.162018
0.0789064
0.0497116
0.176365
0.173345
3.14023
0.0552133
0.932115
0.330284
0.116159
3.18667
1.16417
0.173937
0.0907541
0.0436793
0.0669277
0.0485667
0.971993
2.12437
0.0841382
0.10178
0.119023
1.14982
0.153991
0.925424
0.134624
0.100339
0.130294
0.148024
1.39146
0.151796
0.679871
1.17713
0.000304255
1.35895
0.113447
0.93607
0.612747
0.102118
0.0968751
0.172434
0.0714649
0.150282
1.21353
3.55183
3.37999
2.94148
0.854334
0.00810304
0.0479531
1.29164
0.0592492
1.4434
4.00311
0.0899038
2.69049
0.946387
2.5513
0.127137
0.0585386
0.102474
0.0827087
2.68136
0.0821677
3.1695
0.31727
0.198593
0.0518837
3.24497
1.20259
0.117326
0.0697838
0.581545
0.148728
0.100135
0.826808
0.923738
0.0723841
0.0708124
2.93969
0.0874899
1.14821
0.126763
0.10931
0.172845
2.84789
0.00954825
0.0399249
0.0826272
0.0790502
0.317282
0.0679401
3.37246
0.396274
0.034073
0.122902
0.0723516
0.871387
0.248629
0.0433017
1.54157
3.27645
0.132257
0.996389
0.0893135
2.94723
0.735877
0.179924
0.274327
0.100279
0.0599654
0.0596816
0.621924
0.701548
0.0792451
0.280716
1.30806
3.29063
1.52675
1.09167
0.2963
0.100291
2.97627
0.152379
0.0923611
0.0590658
0.17942
1.01271
4.12995
0.159016
0.900231
0.110601
0.779936
3.61576
3.23707
3.45381
3.17197
3.81218
0.233271
0.186968
0.124692
0.681449
1.49826
0.0686377
0.77783
0.0553126
3.26314
0.100797
1.26093
3.52121
3.37697
0.118123
1.20547
0.467071
3.5358
3.33161
0.0449887
0.0490992
0.0800552
0.0861185
0.0723496
1.34411
0.122588
0.00486536
1.11804
0.0602613
0.159924
0.665289
0.157222
0.123967
0.999075
4.07484
0.478147
1.23089
0.0644119
0.101416
0.0842714
3.30229
1.1809
3.16304
0.0930305
0.0906532
0.15787
3.06799
0.493118
0.756568
0.100709
4.11065
0.0641932
0.058521
0.600416
0.0101772
0.130056
0.129549
3.84542
0.0985117
0.13189
3.50892
0.14753
0.0842995
2.83363
0.0887264
1.20689
1.22606
0.0519455
1.5636
0.0841799
2.80519
0.0847463
1.05464
0.111716
0.0360473
0.0875756
0.0895148
0.0999109
0.243288
0.0937046
0.753645
0.0632448
0.0884411
0.118879
3.844
0.100891
0.233946
0.154712
3.97379
0.087276
3.55186
2.40887
0.0775277
3.47681
1.18486
1.05784
1.02769
1.41933
0.0413332
0.11114
1.17276
3.06589
3.22058
1.14007
0.216766
0.0745893
0.393506
0.0481674
0.808319
0.0592748
0.171183
0.0803233
0.104755
1.02176
0.0975633
3.52361
0.0775286
0.0620637
3.18143
0.0468728
0.725841
0.0480103
0.0672734
0.0442933
0.0700454
0.0607778
0.0719149
1.62356
0.649107
0.0706457
1.41292
3.83321
1.39975
0.0609669
0.493732
3.33685
3.82948
2.71459
3.00452
3.29643
0.061306
0.0108503
0.139222
0.459783
0.973081
3.81647
0.0842095
0.0630327
0.236409
0.0859872
1.11442
0.122586
0.808306
0.108559
0.0517168
0.0448773
3.37704
0.0638632
0.937537
2.60163
0.515904
0.437799
0.160636
0.0871892
0.0833794
0.07064
1.30023
0.0949391
0.126618
0.268141
0.186207
0.262404
3.20581
0.902908
2.52793
3.26372
3.17997
2.67532
0.343282
0.0916866
3.54287
0.616289
0.124811
0.796563
0.0975493
0.193236
0.0989746
3.58511
3.80014
0.0737519
0.0771482
0.0941379
4.0588
0.0774233
3.71492
3.52047
0.945495
2.91608
3.46618
1.17866
4.00823
1.16853
1.26861
0.926861
0.944573
3.31779
0.976668
0.103322
3.96975
0.077341
3.86553
0.0757354
2.70155
0.133178
0.0851667
2.5371
1.19695
2.30769
0.0638648
2.71488
0.120263
0.117424
0.0491158
0.0553989
0.0972623
0.0944892
0.0523402
0.200856
0.618895
0.128268
0.0764015
0.0797275
0.0829378
2.4577
0.101435
2.64184
3.95533
0.122459
0.901213
0.0981028
1.11828
1.38089
4.07902
3.31864
3.18928
4.01991
1.67653
0.080975
0.0978034
0.0573227
0.0877944
0.0915777
0.079436
0.166319
0.875736
0.99054
1.25345
0.922983
0.0904201
0.105086
0.126545
0.184088
0.172334
0.953312
0.105656
0.373623
0.0958305
0.288141
0.0565232
4.00769
1.29185
3.724
0.213644
0.319171
0.0487893
3.33459
0.0483887
3.59558
0.143852
0.0769847
3.21511
3.54333
1.35115
0.0814836
3.79278
0.0787718
0.0769504
3.79016
0.165478
3.59027
0.135308
0.126809
0.0591126
4.03244
2.51148
1.53616
2.18169
0.99846
3.50284
0.0691435
0.101044
0.148632
3.34711
0.0508771
0.0816022
0.0480296
2.48453
3.83943
3.22996
0.0553104
0.0723645
0.0935868
0.0520184
0.948898
4.07223
0.859503
0.0944087
0.0875022
4.05526
0.317722
0.0791491
1.17949
0.904817
0.0490732
0.127488
0.0885184
0.237567
0.0871033
0.0532263
0.843452
0.0476517
0.10356
0.0930005
2.48576
4.13408
0.234574
0.895687
4.06936
0.0949847
0.0811618
0.587676
0.166953
0.018054
0.385717
0.180335
0.636896
3.86449
1.16679
0.294449
0.110162
0.103983
0.120625
0.0486859
0.125507
0.0634289
0.148226
0.0971284
0.0941582
0.0784414
0.0262122
0.0553479
3.39282
0.121024
0.0720727
0.630504
0.146264
0.0654183
0.133111
0.0762664
3.39062
3.79301
0.0800618
1.58955
0.123528
0.0512951
3.93687
0.00381463
0.0176444
0.74634
4.06965
1.01395
0.167127
0.118497
0.964443
0.00376742
0.09958
1.23391
1.35364
4.00255
3.49711
2.33897
0.516577
0.0688106
0.491671
0.994302
3.75761
0.0635472
0.242535
3.58834
0.374975
1.49185
0.271957
0.104049
0.00100703
0.163282
3.80941
0.107635
3.23466
1.08937
1.52731
3.90587
4.05748
0.000387182
0.976698
3.2184
0.0586447
0.0817025
0.118928
0.913439
0.124328
0.156164
0.0484692
0.940017
0.0733999
0.0453298
4.20296
3.03934
0.0209418
0.117372
0.0818305
2.66672
1.10155
4.03277
3.24394
0.0836159
3.31843
3.99596
0.902624
0.562513
0.0800399
0.0565629
0.121038
0.107368
3.54874
0.043838
3.84776
0.12943
3.22721
1.14004
0.36459
3.97603
1.46255
3.83149
0.115912
0.066567
0.069288
1.13483
0.0728851
3.3633
1.636
1.54545
0.0808647
5.28302
0.255497
0.917528
0.14717
0.0477127
0.125392
0.0693953
3.88159
1.51085
0.114231
1.34499
0.0878907
3.93245
1.18348
1.48913
0.203063
3.96873
1.52005
0.0771213
4.07285
3.85403
1.47113
4.05824
0.905056
0.0457407
0.141504
1.52586
3.77309
0.0441907
1.33107
1.05732
0.062555
0.0812591
1.52239
1.50384
0.0861168
0.0548189
0.581231
2.66823
0.0955727
1.00292
0.868631
0.63583
0.30955
0.108601
0.205205
3.08138
0.0550974
0.0476961
1.17855
0.693554
0.0971542
0.111235
1.43919
1.00955
4.02496
1.3098
0.0901581
3.87046
1.39729
0.0599786
3.39882
0.0570716
0.123258
0.0860959
0.0767582
0.110315
0.0483071
1.38929
1.54131
0.195986
0.143389
0.0536764
3.58993
1.52855
0.0820539
0.697093
0.0445333
1.23727
0.0907327
2.81089
1.24201
0.0544094
3.63737
3.24649
1.28691
0.067498
4.12738
0.0635894
3.87685
1.00786
1.33422
1.47662
5.40594
1.14651
0.140667
3.98841
3.89442
0.089577
0.144949
3.62555
3.38773
0.035443
0.0843103
0.0481049
0.101275
4.06573
3.58835
3.73028
0.129104
0.0506974
2.56089
3.64557
0.0747341
0.0977318
4.11814
4.64424
3.59709
0.0448284
1.31213
0.497412
0.164907
3.74611
1.03477
3.40657
3.92364
0.0799041
0.0647843
0.0924708
3.88507
4.20122
1.08706
3.81595
0.105035
0.0715363
3.12154
0.105418
3.86854
3.14714
3.24401
5.93143
3.3628
0.078902
0.0253111
0.255424
0.75811
0.0557779
1.12544
0.0904513
0.0204141
1.06257
3.41387
3.00168
3.64625
0.0979122
0.0564709
0.134435
1.16477
1.28675
0.0623373
0.447586
0.0875385
0.137439
0.0652892
0.0494648
1.47864
0.0959861
0.163039
1.22215
0.0876238
3.84943
0.0990529
1.42078
1.54724
0.892064
0.248129
1.31721
2.96866
3.61297
3.54394
3.43982
0.0843967
1.20461
0.0972001
0.139575
1.19495
0.0687915
0.616695
0.0633433
3.25201
3.23976
0.0955981
3.11074
0.348597
3.2259
3.99665
1.31309
0.101076
3.27435
3.59479
0.0556424
0.613348
3.81359
0.976328
2.44106
0.0465292
0.772662
0.0975184
0.000576748
1.20263
0.11913
0.0599916
0.000543385
0.000814494
3.25523
3.95139
0.0649825
0.0598911
3.31905
0.0971414
0.0481824
0.483387
3.95955
1.47295
4.00208
0.0690012
0.555688
0.862725
0.669133
4.01652
1.34232
1.34795
0.0965749
1.06385
1.27354
0.774567
4.08523
0.278817
1.59831
5.11049
0.0667996
3.11616
1.41353
1.37779
0.0250604
1.37211
1.27494
1.33245
0.228893
0.00048367
0.00138723
3.86158
4.12617
3.77135
3.96166
0.0484109
0.0484672
0.0592522
1.37847
4.12773
3.13629
0.0744341
0.221475
1.42958
0.985371
0.981206
3.76966
4.06531
1.54989
0.085296
2.59502
0.107754
0.137141
0.100543
3.78142
3.89917
3.62442
3.29412
3.68688
0.15006
2.3329
1.37349
0.956667
3.99498
0.353841
1.18036
1.2772
3.5107
4.71563e-06
0.000388022
0.140603
3.92123
3.27113
0.0987446
3.44114
0.0907718
1.2032
3.20229
0.0851773
1.45772
3.64029
2.84813
1.40802
0.945972
3.82385
3.90663
0.0169921
1.57201
3.94831
3.84534
3.97092
1.2178
2.37873
4.6257
3.46963
0.0704214
0.0493094
0.123579
3.33472
0.459959
2.38803
0.8058
1.5729
1.4922
0.0757784
1.02681
0.0468749
0.0880915
1.3053
4.05833
1.50697
0.537482
3.76163
1.0373
2.79692
1.19683
1.08671
0.234835
3.74594
0.112175
0.109888
3.96256
4.04984
2.49495
2.88135
1.3594
3.95476
3.89443
4.00597
0.0508465
0.119507
1.10048
1.04171
1.04714
0.0512081
0.692687
3.04052
0.0951685
3.30231
1.50884
1.52568
1.40092
3.71178
0.0906884
3.71656
3.85902
0.944704
3.90735
4.02172
0.133533
1.51254
0.0885863
0.081278
2.53507
3.75624
3.01138
4.0596
1.50163
1.51398
4.02287
1.32511
0.0505191
1.07305
1.47788
0.0472639
0.16882
1.16722
0.637079
1.234
0.0821709
3.21547
0.0580467
0.102367
3.6275
1.43714
3.42734
1.02233
0.983256
0.145094
0.0846793
1.48785
0.74696
0.0817067
0.0779612
0.856106
0.78048
3.46496
1.2694
1.20524
1.54686
0.0946264
0.102027
0.0728507
3.94808
0.0517122
3.33517
0.555413
2.75691
2.84991
0.666263
0.0527425
0.0628199
0.833998
0.0509237
1.31217
3.73296
3.90445
0.0676581
0.146193
0.297261
3.76676
0.0585602
0.181832
0.0618956
0.112617
1.07803
0.088975
1.4801
3.54576
1.7215
2.19704
0.0772375
3.82219
0.113651
0.752069
1.54424
3.59081
0.165128
1.55515
3.98387
0.0728493
3.65505
0.0155479
0.0489699
0.381291
3.07376
1.5298
0.442886
0.189719
0.959944
0.126417
3.62606
1.25471
3.61552
1.19537
1.94228
1.24726
1.23842
0.0546068
0.0875677
0.12924
0.1529
0.0204059
3.94452
0.0909625
0.0559824
0.536938
0.303889
0.06058
0.0811505
0.0642939
1.22792
3.85439
0.0837895
1.05596
0.0760813
0.175381
1.62012
3.93613
3.48095
0.309169
0.100691
0.0895389
3.60726
3.52653
3.92137
0.0537112
2.56202
0.140409
3.79986
3.74362
0.0625946
0.0904645
1.58289
1.28805
1.36282
1.27223
0.0226534
0.049159
0.266008
0.083887
0.117395
0.340275
0.959015
0.758506
3.96768
3.60437
0.137202
1.44964
2.53701
3.29973
4.01421
3.29709
3.1517
0.0669961
3.45726
4.13059
1.2892
2.46698
1.4486
0.170996
3.97857
0.674125
2.18891
0.0479601
3.08103
3.5557
0.0443676
3.45871
3.58516
0.0209126
1.23721
1.22444
2.70512
2.50677
1.59734
0.312281
3.86244
0.512955
3.56149
0.434933
1.24402
3.31966
0.0747091
1.4131
0.214026
3.4962
0.0490917
0.628066
0.91599
1.56241
0.510823
1.02519
1.01714
0.00134555
1.71326
3.85597
1.33679
1.30791
3.97174
3.98353
3.99947
0.0527057
0.0453943
1.28618
0.0963523
1.0487
4.03176
0.187617
3.96372
0.0869147
0.744701
0.0767014
0.0792871
3.38784
3.95168
0.177465
3.35375
0.331078
0.111254
3.37702
0.142743
0.904416
0.647639
0.62524
0.323253
3.60655
0.121135
3.79302
1.54593
2.63634
0.000672864
0.0562517
5.12219
1.2434
3.13004
2.3323
0.994384
3.22661
4.34154
3.10649
2.47274
3.30846
2.40865
0.0844089
0.358084
3.71748
1.56286
3.99413
5.47553
3.30444
2.45042
2.3164
1.75937
0.12905
0.00239802
0.356246
2.3979
3.34575
0.110094
0.679133
0.0276097
1.25272
4.02731
1.14048
0.391007
2.20103
0.0744944
0.0624613
2.47844
3.0854
0.133413
0.0975693
0.123029
0.903055
4.22075
0.980295
3.50397
1.21948
4.11559
0.952936
1.62284
2.3646
3.41601
1.12864
2.87389
0.0767601
2.52802
3.74405
0.0752112
1.3752
1.27366
0.0789488
0.0262855
5.04653
3.34343
4.16712
1.49813
0.0831695
3.36516
2.78635
1.80795
0.0919424
0.000609659
0.00020842
0.0939923
0.0539113
3.45694
3.61136
0.108058
0.27365
3.74815
2.48181
0.856245
0.0708483
0.394088
3.17479
2.16438
1.03962
3.25976
0.997061
3.65277
3.94174
0.0774879
0.429996
0.0426687
0.195866
0.068307
0.224922
0.100934
1.00158
0.593656
0.051487
3.31726
1.09042
2.95245
3.64181
1.23562
0.96928
0.039954
3.44719
2.68716
0.114027
0.331421
0.0792098
0.0455626
1.14173
3.5115
0.0410112
0.190312
4.04425
0.000189544
5.30419
4.05311
3.98172
0.103345
0.105539
1.55284
1.49099
0.0986821
0.714279
4.30395
0.00107544
2.5064
0.0559707
0.0461387
0.263503
1.11443
3.96592
0.305243
0.359556
3.99112
3.13938
3.90311
0.28889
0.080733
2.44926
4.01044
1.62791
0.114359
0.0434591
0.326721
0.971386
0.0492202
0.326561
3.9319
1.18988
0.0932692
3.2657
0.976925
0.355437
3.94761
0.000145184
0.0769789
0.0480369
0.120524
4.18635
0.0557783
0.16597
4.09953
0.00146027
3.5264
0.0444372
0.101595
4.04012
0.000681692
3.77729
0.489699
0.324183
2.99229
3.75314
0.146666
2.32084
0.393616
1.62226
3.10996
0.0561144
0.104858
2.33488
0.132371
3.07116
0.0653338
0.0489552
0.076948
0.00067045
0.484386
0.0708399
0.0472771
0.0452816
3.40168
0.0673427
1.3575
3.16811
0.114391
0.165097
4.12972
0.0500879
4.11088
1.68466
2.44212
0.887779
0.038908
0.0928584
0.107742
1.39842
0.0501514
3.75173
0.0954423
0.0151128
0.012748
4.01338
0.667797
3.70647
5.40858
3.97579
0.0211117
3.94515
0.458884
0.662223
0.0996152
0.0830179
2.83778
3.82319
0.999066
2.97611
0.215872
1.95682
4.13582
0.82632
1.14266
0.101032
0.0134835
0.0938213
3.79014
0.180647
3.8743
0.270876
3.06803
0.0865117
1.24178
0.0610864
0.0429154
3.7053
2.67654
0.156795
4.32611
4.33659
0.0420662
1.35835
1.09701
3.71449
3.78214
0.970053
1.00089
0.0437966
0.0464049
0.420947
0.0894343
0.587811
0.113256
2.42635
1.56237
0.0443251
0.378241
3.22081
4.22582
2.31387
0.0643358
3.18405
0.0443203
3.87199
1.18738
0.0989485
0.0849237
3.65059
1.10402
0.0719005
0.058069
3.23112
0.103306
1.08626
4.32433
0.0579141
0.0655394
1.61899
0.639078
0.637639
0.000131586
0.0988074
2.36645
0.991962
4.34766
0.0718872
0.0495565
1.02729
4.10033
1.37656
0.246328
1.25424
3.05082
0.118379
0.0693322
0.910217
0.0789631
0.364218
0.194609
2.12319
0.193747
4.00418
0.639823
0.404382
0.960406
2.40391
0.291122
0.972708
4.04034
3.14722
1.17001
2.16288
1.40193
1.21194
0.971826
0.0991199
1.17454
1.09678
0.159377
4.1869
1.29128
3.47598
0.0845003
1.11921
3.83694
3.1404
2.64776
0.83541
0.0684488
1.57763
0.0403068
1.01973
1.45567
1.46199
0.883674
3.16279
1.03415
3.1257
0.0775328
0.36793
0.0804567
1.16202
0.591289
1.24396
5.00017
4.00481
0.996204
3.536
1.27678
0.895662
0.0672188
0.00345308
0.992001
0.266345
0.114227
3.11852
2.5027
0.0961983
0.762106
0.22979
0.34747
0.998354
0.831905
3.87655
5.29166
0.128248
0.0824836
0.829391
1.37603
3.55222
3.00867
3.91283
3.2654
0.0151143
0.0954127
1.30975
3.63883
3.90784
1.335
0.0603563
1.31583
0.108753
0.0610341
1.41296
0.176603
1.44024
3.31399
0.113489
1.14702
0.0910917
0.103649
1.00627
0.966502
1.22886
4.04833
0.162928
1.31819
0.0615202
0.934486
3.53023
2.503
3.01547
0.0464756
0.130055
0.0556567
1.41768
0.408085
0.0595328
3.91705
0.0754039
0.0505606
1.29624
1.28302
0.0509179
3.41812
2.43391
0.0678886
0.129671
3.92768
0.0523204
2.90833
1.1685
0.050072
0.0514344
0.0663588
0.741319
3.95796
3.49492
0.113407
0.0561852
0.0853194
0.0902716
0.0503758
2.98376
3.67077
3.94456
0.931112
3.96575
0.515755
3.72597
1.40542
1.20601
1.2066
3.95051
0.102926
0.102459
0.0127456
0.11744
0.0994636
0.0753803
1.3336
5.00904
0.0828226
0.223035
1.60477
2.79493
0.269429
3.32143
0.126128
3.99996
0.14467
3.36964
0.057415
0.091042
1.16598
1.43026
0.104304
3.02987
4.43022
4.12055
0.768333
0.137106
1.00869
1.21593
0.00205914
4.02608
5.06952
2.16965
0.000333836
2.41152
2.86204
0.240535
3.19179
0.0486913
1.03548
0.16032
3.09997
3.55936
0.208811
0.400319
0.0994871
0.0785089
3.99248
4.86056
0.35378
2.75836
0.0694894
4.43372e-05
1.06482
1.37922
0.0611802
0.141153
3.96798
0.0480319
1.45033
1.07198
0.0855314
0.22078
3.10247
0.970674
2.30708
1.23512
2.85211
0.0736866
0.039486
4.00885
3.75247
0.0358918
0.00334273
3.62654
0.838019
3.30173
1.0257
2.41461
0.0856332
0.0748145
1.22001
3.87306
4.86238
0.0461762
2.41629
1.07441
2.44166
1.03802
0.0664704
0.128799
2.53831
0.0840458
4.00195
1.29279
2.47522
0.205368
0.094073
3.93314
1.35894
0.635756
0.0793604
1.13587
1.3603
0.093496
0.240198
1.07776
1.38425
0.388722
0.0394674
3.0347
0.215995
0.300027
3.20682
0.266566
0.0928748
0.0144445
1.04674
0.972179
3.88139
2.47115
1.32485
0.86584
0.284199
3.00209
0.114698
0.151151
0.685651
0.0500389
0.0755594
0.0645604
0.395749
3.51027
0.296418
4.31923
0.0861028
3.19785
0.0877487
0.0825956
1.41386
0.0789758
3.69605
0.00020436
0.000188305
2.55902
1.42881
0.0637325
3.09996
0.0951962
3.90305
0.146133
0.0449685
0.364789
0.0927523
1.32528
1.57563
1.20507
3.56583
0.602104
0.0160436
2.90357
3.39802
0.646808
0.01786
0.0458273
0.717292
0.132874
0.0795909
3.76727
0.0647421
4.00918
0.00424722
0.0719771
0.117933
0.19637
3.74476
0.822604
0.113608
0.964531
0.727377
0.0803168
0.116088
0.0486802
0.0973506
0.323035
2.77489
1.65855
1.06932
0.603823
0.000237585
7.34687e-05
0.0506555
1.4912
0.0839842
1.60145
0.11305
0.999566
0.0799408
0.189836
0.08466
0.205978
4.14014
0.0946358
0.104782
1.32926
3.45808
0.0881085
0.0240296
3.1982
0.257835
3.43397
0.103026
1.20903
1.09173
0.0281827
0.0856023
0.216157
0.000620756
3.14862
3.75922
0.12125
2.43373
0.269476
4.5923
0.468285
3.33821
2.49314
0.904796
0.604753
0.10416
9.91701e-05
3.54804
0.0423556
3.35501
3.08724
1.60836
0.192666
2.71147
3.98469
0.132905
1.04044
0.124063
3.9896
0.157213
0.0620567
4.01335
0.037379
0.0898376
3.27352
0.102063
3.30062
0.033171
0.00494907
1.11059
3.3201
0.234527
1.24279
0.0196307
0.764512
0.000267241
0.000771929
3.78353e-06
0.351993
1.57219
0.172092
1.15652
0.133925
0.0529879
0.239356
0.439302
0.0514172
2.57298
5.36761e-05
3.6471e-05
0.0467395
0.107987
0.975795
0.0491991
0.763768
0.171751
3.60805
3.23391
0.0794089
2.75324
0.0662677
1.89197
3.99091
3.91465
3.34833
0.12907
1.05134
0.00589595
1.30147
0.132191
0.155229
0.0458779
0.0775568
0.0526795
0.101778
2.72968
0.051615
3.5507
0.0698028
3.76939
3.39981
1.64865
3.50903
0.0600179
1.28519
2.93278
1.4335
0.0784798
0.324439
0.0805634
0.131904
0.0680844
1.6844
0.06647
1.47762
0.0564275
0.0811902
3.57521
0.117236
0.0601978
0.0873642
0.0698133
4.77543
0.0870026
1.27066
3.78158
1.19276
0.472369
2.93942
0.0430895
2.47674
0.100655
4.49251
3.79236
0.0773626
0.0826227
3.19277
0.0776011
1.44844
0.872806
0.423903
1.71467
3.54243
0.276942
1.17182
0.150963
0.695744
0.0348142
3.28008
1.74348
5.00568
1.26365
0.00011528
6.35616e-05
4.39203
0.92652
2.61098
1.51611
0.119628
3.6208
0.0432382
0.134348
3.48384
1.48179
0.0461368
1.25315
0.427553
2.76601
0.105812
1.88877
0.451514
0.0727989
4.09332
3.65572
0.0463748
0.336818
1.02522
0.765378
0.928254
0.111722
1.41244
4.0583
2.51755
3.5811
0.0889128
0.0888074
3.53712
3.39112
1.12264
0.118215
0.0799173
1.54175
0.0391442
3.87648
3.74471
0.109265
0.165995
0.0569073
0.238353
3.40913
2.51743
3.09664
4.85991
0.121984
1.80102
1.03015
0.00745165
2.30428
3.15916
3.1314
0.917774
3.64463
0.0975175
0.0165824
0.619073
1.25829
0.566042
0.592963
0.310174
3.12199
0.367106
0.147495
0.133987
0.0962196
0.158893
0.557229
3.81255
1.58299
3.5403
0.0579154
0.135561
3.03453
3.74007
0.0897066
0.0621625
1.07115
0.0825652
1.92529
1.21499
0.0782012
2.8171
0.337923
1.14695
0.660999
0.0797857
0.160958
3.98589
3.56206
0.141301
0.139382
1.37448
3.86183
0.078933
0.0494606
2.17584
1.33524
0.0774639
4.81557
0.0957938
4.18022
0.0534056
0.105879
0.267509
0.074842
0.0426436
0.121573
0.990828
3.55621
0.295824
0.0544744
1.32265
0.381793
3.89237
2.07158
3.13374
0.0417296
0.59671
0.116573
0.453418
1.20294
3.7102
0.0410521
0.0681193
0.0889769
0.0757983
0.0634772
1.11577
0.176924
4.13965
1.0176
0.047283
0.102567
1.05467
1.92014
1.40557
3.75794
0.438144
1.54231
0.152652
0.225802
0.106343
0.0701892
2.17225
0.0576101
3.31663
0.0805769
0.241335
0.124583
1.62982
0.627613
3.90797
2.65706
3.75754
0.0874964
0.0582138
0.0775347
0.0593567
3.87422
0.223195
4.10865
0.0533689
0.0495195
0.792504
0.735082
0.0724076
1.23628
0.0351431
0.0450214
4.62828
0.0471499
0.0295848
0.478667
0.543191
0.0835024
1.44177
1.84302
0.564047
0.0798701
0.0470093
0.0889674
3.57969
3.88883
3.6771
0.0467565
0.061248
0.00380774
0.0504616
0.525147
0.395579
3.7662
2.85644
1.06439
2.88701
0.0739154
0.393311
0.0773733
2.52677
0.0419703
0.895036
0.041614
2.52924
0.993113
0.362133
3.55549
2.60144
0.0648364
0.0442673
3.95365
1.04279
0.0287941
0.0503088
4.46235
0.104819
0.162655
1.55949
4.00236
0.0188209
0.929853
0.0775203
0.100703
0.481641
0.142621
0.15805
0.171767
0.143531
3.72035
4.01056
0.0503197
1.73741
0.40498
0.0394834
3.9854
0.0476086
1.62847
1.3326
4.05683
0.081771
0.0966711
3.09356
1.28367
4.18314
0.328903
0.105585
0.0490003
0.256499
0.0895307
0.258451
0.110137
4.3559
0.310098
0.701048
1.26295
0.913797
3.31577
0.170315
0.335434
0.461338
3.22209
0.0481164
3.35308
2.13999
0.0801627
0.0622614
2.90213
3.62741
0.145274
3.27852
0.518719
0.0567227
0.0752858
0.0756245
0.0212703
1.22083
4.32676
0.138765
0.0785976
0.050798
0.0542213
2.6926
0.108003
0.779766
0.658826
0.0506022
1.39939
0.170449
0.408248
0.0580441
3.1642
0.0814832
3.50797
0.570461
0.0720128
0.0640988
1.32491
0.0438958
0.821592
0.0612369
4.65662
0.0148298
0.323741
0.0723074
0.452982
0.793551
0.480518
0.571722
0.0612148
0.203276
0.0776835
1.33834
1.37762
0.362201
0.292499
1.63554
2.57394
0.10208
0.0618954
0.810564
4.05209
3.5359
0.771098
0.144522
0.0870666
5.6437
0.160701
0.0572784
0.0777703
0.112554
0.0764486
0.0497673
0.00615749
0.141037
0.0492642
0.118464
1.30243
0.0495078
1.51427
0.975631
1.30182
3.73077
1.47711
3.9922
0.0908397
0.0678842
1.07129
0.181003
3.38958
3.62639
0.0446844
1.43281
0.73397
3.46089
0.144809
0.962477
4.49686
0.875469
0.927118
0.071234
5.15014
3.66375
1.13355
0.078445
0.0561448
1.38307
0.0825657
0.184785
1.41083
0.0452696
0.301134
3.96335
0.267957
1.29514
3.96926
0.361372
4.76945
0.506213
0.0527621
1.17387
0.419596
0.296543
0.0922527
0.380488
1.21852
0.119121
2.24247
4.27928
0.075468
1.47103
0.0492165
0.156214
0.753398
0.0873898
0.0779661
0.078799
0.0471788
0.883689
0.316452
0.0372214
0.303159
0.0774679
0.392848
3.06473
0.0560507
0.0924028
1.2815
1.59066
0.236229
6.34568
0.0136316
0.0804892
3.55314
0.147434
0.102781
0.0119236
5.02954
0.0479278
0.139947
0.132219
0.7816
4.02561
0.0979131
0.0815927
0.169337
0.144309
0.0651622
0.0452135
0.548763
0.419894
4.38297
0.0526423
0.0640204
0.667547
0.010861
0.0758507
0.904155
1.18153
1.49014
0.0468341
0.923418
3.79285
0.945488
4.01116
4.08474
0.952293
0.457951
3.48464
0.797243
0.108223
3.60549
0.939684
0.113494
0.337809
0.0725882
1.29497
0.0950206
3.43911
3.95743
0.107857
0.0491877
0.109915
1.26666
1.02626
0.368269
0.264151
0.925923
2.82265
0.855892
3.50708
3.72122
1.0011
1.34915
4.76583
0.308067
0.168878
0.0647338
3.38691
3.91773
0.974688
1.02192
3.40061
0.798031
6.34378
0.334116
1.31563
1.31601
0.119296
1.56202
2.94535
0.302505
3.07
0.0438193
0.0561903
0.050734
3.20961
0.0734506
0.0466092
0.0105648
0.045348
2.63836
1.59976
0.0637341
4.62954
3.70949
2.22871
1.03804
0.0847441
0.207059
0.259267
0.812141
1.03793
0.364855
3.6229
0.050326
3.91283
4.07505
0.0489503
0.099638
0.0909012
4.0231
3.93957
0.0499153
0.0496486
0.0521439
3.20613
0.0508544
0.469026
6.10222
0.105307
0.0779705
3.72881
0.0528788
0.386038
0.55724
1.47725
1.42172
3.28164
1.30325
3.45255
3.35915
0.432103
0.0947286
0.219473
0.507923
3.18733
0.947349
0.101474
3.08204
0.0303794
3.35031
3.41981
1.6182
0.16509
0.199419
0.045189
0.11043
0.15321
0.0861794
0.0899733
4.36403
2.71259
0.0912312
0.0493741
0.0899021
3.92664
0.0506077
1.38031
0.0769746
0.0683283
0.64457
0.0129094
3.69495
3.55103
3.24432
0.540664
0.63628
5.30147
0.674799
0.11998
1.64418
3.69308
0.388028
0.271906
0.0744196
0.729167
0.596549
1.25752
3.7385
0.0496968
0.432282
0.0296719
0.0498882
0.0601488
2.00058
0.528453
2.61694
3.58361
0.38016
0.936855
0.127711
0.927165
0.282431
1.35778
3.38225
0.386778
3.11689
3.49123
0.133179
0.0625923
0.933113
2.34812
3.64841
0.417277
1.24758
0.79609
0.11416
0.827279
3.39433
0.270668
3.54703
0.92998
0.350836
0.0685506
0.88321
0.0021147
0.0882459
1.34862
3.14869
0.0562645
0.0535692
3.3466
0.0497926
3.42339
0.275443
0.262316
3.48964
0.642669
0.0476448
0.0336298
0.464204
3.29219
0.738982
0.683508
0.109331
1.25139
0.0533885
4.00291
1.25254
1.26268
0.060056
0.641988
2.625
1.61969
0.238083
0.0503307
1.31607
0.76837
0.0562697
0.391309
3.91448
0.046132
0.100575
1.23535
0.148385
0.0570345
0.0528104
4.02575
1.42757
0.178381
3.16815
0.00827787
0.162725
0.824927
4.66475
0.138009
0.19433
0.251609
0.714312
0.252056
0.275279
0.0827255
0.532756
0.0528569
0.912747
0.0548657
0.048866
0.112699
1.42661
3.02745
0.0903835
0.491203
0.264085
0.235337
3.59954
1.36926
2.92736
0.0901211
3.43341
0.692608
0.710993
0.366816
0.0862426
0.0674383
3.98961
3.02531
0.0499553
1.59004
3.64764
3.24391
1.61241
2.7719
0.0314899
0.448013
3.58676
4.6053
3.11828
2.96371
0.282095
0.0388644
0.263729
3.66564
3.63641
0.272573
3.91951
0.0953342
1.25515
3.87959
0.049992
3.47814
1.60363
1.9227
0.0546458
5.02551
0.0758831
3.21985
4.0885
1.01591
3.54165
1.24445
0.0564185
0.121118
1.27133
0.397122
0.157703
2.81358
0.488428
1.31168
0.0770694
1.95217
0.058069
0.181648
0.0794522
0.0543137
0.451071
0.109538
0.726046
0.0517095
0.136532
0.110143
4.04933
0.389303
1.21848
0.32492
0.111973
0.0767502
0.0125743
1.3823
0.803913
0.512161
0.717651
3.1591
3.82493
0.419546
1.28445
0.0349893
4.00455
0.550198
0.316864
0.800142
1.15508
0.10908
5.17237
2.3666
0.330916
1.2091
3.5565
0.710798
3.2369
4.06914
1.56458
0.685125
3.18015
3.44986
0.0299197
0.942817
0.536426
3.46585
0.419573
1.0699
0.855287
3.8552
0.545082
4.16828
0.332734
0.244036
0.0366762
0.0862695
0.124963
0.734631
0.0678719
3.10052
1.12904
0.724745
0.249128
0.122494
0.239765
3.90797
0.838118
0.930957
0.0831679
0.126554
0.467595
0.791449
2.58166
0.0506203
3.56524
0.246463
2.81029
1.1329
1.46991
3.69953
0.0826665
0.0727358
0.0458985
0.200577
3.16795
1.36472
2.8758
0.079559
2.14496
0.136481
0.517906
0.866873
3.84555
1.18676
0.147865
3.10505
0.946134
0.254102
1.43591
0.805087
0.0603283
0.81612
0.156531
0.00647866
3.60173
0.842751
3.44984
1.25599
3.10604
0.11888
3.7337
0.222791
0.91983
0.627764
0.103446
2.96782
0.0803669
0.365787
2.9293
1.46804
3.90538
0.0522263
2.24837
3.82303
0.474411
0.027136
1.24826
0.330861
0.0529502
1.01428
0.0463782
0.282207
3.65215
2.90407
0.124582
0.0498488
1.07501
0.15833
3.96477
4.08543
0.0525519
0.157219
0.0715354
3.85556
3.98883
4.04687
0.0498904
0.133795
0.539805
0.881345
0.0641741
0.14078
0.108266
1.60364
2.81696
0.0929134
0.000355109
0.0905679
2.65718
0.0624661
3.25889
1.31141
3.4129
1.15722
2.80076
1.11656
0.052868
1.60018
0.0653359
0.154273
3.01065
0.88202
0.056802
0.167563
1.65887
2.6588
0.0150703
0.268628
0.0689592
1.47039
0.106991
0.935428
3.37816
1.05638
1.63591
1.36033
0.488322
0.211793
0.0430155
0.0103009
3.47764
0.225078
0.0698467
0.11209
0.0913423
3.14729
1.39896
1.66277
2.62223
4.41104
1.28743
0.0497728
0.123467
3.42956
0.106578
1.14775
0.128276
0.680739
3.75514
0.158018
0.088952
1.3894
2.46391
0.0495386
0.951519
3.72239
2.58245
3.04312
0.0521975
0.126116
3.98523
0.361293
3.87916
3.45957
0.472215
0.922407
0.132014
4.63865
3.48442
0.927512
0.178798
1.4188
0.108323
0.000852027
0.567931
1.04228
0.153899
0.0796993
0.0775955
1.22829
0.130055
3.50158
0.122362
1.17073
2.82958
1.62482
0.522505
1.53462
0.487891
4.08258
1.31132
0.895198
0.706646
0.252544
0.852074
0.766261
0.784294
0.381154
0.892329
0.964037
1.27915
2.71002
0.311938
0.580882
4.12282
0.570818
0.378411
3.76492
0.106504
0.0507483
0.133698
1.6551
4.06103
0.065002
0.0450724
0.288592
3.3742
0.341784
0.0192775
1.24667
1.0517
3.02543
0.627669
1.35827
2.65679
1.68138
0.264378
0.0507247
1.24053
0.0613404
2.69311
3.74528
0.0938288
0.0728055
0.060355
1.19688
1.12088
0.000850363
1.93918
0.00986294
1.56344
0.0104317
0.0711676
0.912363
0.112085
0.932016
3.6216
0.0959324
2.70122
0.00223743
0.082569
0.33276
3.58629
0.590821
0.135069
1.56599
0.17304
0.938014
0.665996
0.115519
0.0512788
0.0998915
0.213086
0.0312431
0.498081
0.123353
1.42309
1.09352
1.64202
3.88878
3.2259
3.37449
0.0954547
0.18784
2.97143
1.07575
3.84719
0.813776
0.100232
2.23466
0.85361
0.72615
0.0981971
0.0507846
3.32956
1.19902
0.170891
1.25399
0.0532557
0.63598
1.23355
0.0881484
1.13807
0.768157
0.0855765
1.04734
0.278801
0.095226
3.54236
3.88666
0.0844141
1.3203
3.32627
3.48218
0.443093
3.24563
0.11364
0.214404
0.0479847
3.31292
0.809099
0.0141512
1.15157
1.38892
0.841593
1.52125
1.47142
1.70603
0.703457
2.96596
0.0560341
3.19011
0.983195
1.06509
0.0831994
0.559836
0.253047
0.056128
2.43222
0.181646
0.644149
0.406342
2.41955
1.12251
0.092541
1.40835
1.25774
0.83317
0.0409172
0.860345
0.522849
0.908184
0.779439
0.192357
0.0507031
0.0906091
1.01357
4.01823
3.32007
0.0764614
0.0614374
1.10432
0.136831
0.147637
0.703657
0.501823
0.0494481
0.599955
2.61284
0.0402887
2.78271
0.901163
0.0435969
0.0148261
0.0768242
0.0189109
0.0422854
3.17939
0.512985
0.156164
0.149363
0.0426295
0.000616333
0.754682
2.71229
3.37271
0.227401
0.770702
0.0399652
0.0684381
3.18686
0.679242
0.719426
0.723385
0.610012
0.0957581
3.72855
2.3111
0.0542701
0.038371
0.0600974
2.59888
3.49587
3.80909
1.11248
0.0852189
4.0936
0.0467289
3.89596
1.12769
0.917079
2.48862
2.5906
0.0505985
0.0640577
0.834507
0.0915983
0.0870706
1.34068
2.72492
0.212175
1.11291
0.0851063
0.0335942
0.00401091
0.0863682
0.277279
0.0476699
0.294791
1.30054
0.0924076
0.87444
3.4785
4.58678
0.753064
2.59424
0.208654
1.05571
0.0690512
1.06895
0.0857907
0.298994
3.89366
1.55249
0.0516484
1.2562
0.0330961
0.0356927
0.0660796
3.4756
0.0995473
2.26894
0.747151
0.104772
0.720989
3.85095
0.0854055
0.044287
3.99202
0.129569
3.63035
3.96066
1.03453
3.1089
0.665341
0.0409464
0.165201
3.5888
3.13334
0.0779496
0.643876
0.0618177
2.32942
2.57152
0.424718
0.0637139
0.0583647
4.81293
1.0938
3.02469
0.8777
0.112711
2.05558
0.072694
3.06321
3.26613
0.725833
1.20667
0.0492804
0.137284
1.70677
0.903644
0.301232
3.82086
0.0479743
1.94358
3.77694
3.76187
3.54781
3.5979
0.0470662
0.962323
3.01366
0.217471
0.189789
1.09614
2.81685
3.63431
3.64359
0.175119
0.0303091
1.30744
0.0349617
5.94103
0.0497339
2.43058
0.0524865
2.52344
0.0541599
3.47754
0.300342
0.680182
0.0530519
0.910056
0.0571027
0.0979667
3.83588
0.0569856
4.14264
0.0379657
2.70653
0.0726192
1.26281
0.608231
0.818444
3.87732
0.511544
1.3469
0.0597637
0.0482137
3.68902
0.0657527
0.0695279
0.112578
3.37987
2.76299
0.272652
3.78299
0.887824
0.0650742
3.957
0.371965
0.136639
0.854092
4.48928
0.0588686
0.0359338
0.855577
0.125616
0.0810364
0.762905
0.0922514
0.0543676
0.884783
1.44252
0.0870876
0.0774504
0.970865
0.0421116
0.0480774
0.967799
0.896075
0.248503
0.0962072
2.5083
0.0608716
5.63478
0.090219
0.057625
3.01681
0.0531156
0.0662375
1.2117
0.809475
3.88998
1.47615
2.6798
0.0963241
0.105571
1.00649
0.0625431
0.429935
0.0542411
4.47506
3.75414
2.98943
1.60028
2.88391
0.0821953
0.939933
0.203949
1.48737
0.0759607
0.324488
0.164679
0.190975
3.61557
1.14589
0.210613
0.870375
2.34225
0.250137
4.16904
0.0161593
0.163582
0.154775
0.844641
0.0425
3.44916
4.40985
2.92114
3.29801
4.02173
1.61839
0.0536656
0.146375
0.096404
0.0513991
1.5588
0.102409
0.0983871
1.23002
1.61481
1.4556
0.69879
3.20697
1.62256
2.94956
0.488357
0.576946
0.0896657
2.71609
3.78409
5.62905
0.0950791
0.607139
3.45237
0.000510245
0.96882
0.0442772
0.112131
0.000307264
0.877556
3.00402
0.0418824
3.39071
3.83067
4.54207
0.0465224
0.0602867
0.0959896
4.01267
3.6216
0.126747
1.20814
0.110572
0.385411
0.0789884
0.673892
4.18488
0.045859
0.0436222
1.46747
0.647687
3.98954
1.269
0.049597
0.0594418
3.97786
0.0512801
2.94247
0.597756
0.514316
0.11039
0.684382
0.937273
2.63662
3.72624
3.50193
3.5894
0.0545918
0.109846
1.06709
0.00203706
0.277597
1.38988
0.0828423
3.97005
0.0804828
1.11002
0.086694
0.0682406
1.35152
0.155481
0.00973667
0.899532
0.0527216
2.25368
3.94638
0.754845
0.0722738
1.33843
3.49546
0.183777
0.0489405
0.918097
0.0333613
1.39289
0.24295
3.75056
0.614049
0.165575
0.0790922
0.0520934
0.0766432
0.925575
0.0765496
0.149678
2.93513
3.669
5.22636
0.349939
0.0872926
0.11418
3.8586
0.668722
0.166971
0.0840848
0.00108956
0.0733004
0.211531
0.0662487
2.28888
0.0807035
1.07719
0.101036
0.024258
0.142267
1.34043
0.0373878
0.545871
0.0835664
4.01606
0.149423
0.0717958
0.426311
0.0820944
0.136982
0.841833
2.69452
0.161145
1.07954
0.951479
1.03193
0.109089
0.153648
0.0874703
0.310072
0.623763
0.0897958
0.0211284
3.48337
0.0452883
0.121113
0.0500529
3.84453
1.10383
0.0498145
0.146322
4.09525
2.64272
3.86424
0.967654
0.614434
0.863944
0.140654
0.811818
0.0201519
1.39781
1.12531
0.0471294
1.25477
0.117651
0.105469
4.57699
1.1473
0.0905271
3.66794
3.81274
1.24266
2.80946
0.656048
1.38703
0.0976685
0.0821542
1.2757
3.95927
0.0481347
0.185183
0.038003
1.33969
0.0142861
0.0662808
3.14136
3.26283
0.0880935
0.0391397
0.102562
0.0948918
0.15837
1.2045
1.5709
0.0192532
0.257542
2.5392
0.0387845
3.0651
0.0584545
1.08903
0.0931091
0.00353508
0.45049
2.2128
0.169457
0.989058
0.166779
0.00601535
1.66294
0.127714
0.956449
0.247889
0.0536535
3.90659
0.417885
1.61908
1.14887
0.0432077
0.128696
4.10223
0.303137
3.37807
0.837946
0.0989626
0.193085
0.161203
3.69514
0.0517066
3.11875
0.118783
0.511774
0.0345977
0.0397839
0.342918
2.74618
3.40991
0.182246
4.5602
0.102041
1.32519
0.0451255
0.00191439
0.0845584
1.39224
0.194029
0.299017
0.0570482
0.0996729
0.0364843
0.0317999
0.179795
3.95633
3.28505
3.02283
0.0931277
0.0724212
1.32197
3.87506
0.123236
1.22129
3.12706
0.308612
3.44398
0.808235
1.17434
1.00599
1.58403
0.0845968
3.0217
2.85743
0.0301189
3.71792
0.0947497
0.0454237
2.87243
0.04928
0.046825
2.94437
1.07693
0.0460933
0.0849367
2.63209
0.0495424
0.289306
1.64164
0.0744781
1.48485
3.77521
0.0459583
0.183828
4.07967
3.73817
0.00877171
0.082143
1.52092
2.89548
1.46298
1.35629
0.952964
0.0189602
0.0606844
1.46379
0.198341
0.0702431
0.0218064
0.158199
0.100742
0.0787488
0.885203
0.0516229
1.03492
1.0872
1.28622
0.051937
0.0338439
0.834316
1.61129
0.0788905
4.11178
2.85337
1.47633
2.98409
1.54424
2.79488
0.0462334
0.114315
0.480509
0.0870047
0.171119
0.947695
0.0479896
3.80389
2.73823
0.0681885
0.166505
1.23087
1.44587
0.0314388
1.52895
0.0333543
0.046969
0.0572899
0.287036
0.055154
0.110637
3.08231
0.0786913
0.11693
0.134024
2.71317
0.0517363
0.0670136
0.650762
0.0378573
0.758052
0.08058
0.0100127
0.911114
0.0490266
1.4243
0.0867361
1.23116
0.00138448
2.69152
1.61616
0.114104
0.0794076
0.0059409
0.96158
4.87343e-05
3.75184
0.0360321
0.438876
0.0407941
0.525378
3.20878
0.796321
3.86399
0.0061265
0.141495
0.0101858
0.149796
0.0670793
3.10597
4.04421
2.69062
1.62775
0.888607
0.346509
3.84121
0.0499713
0.176429
3.81989
0.900856
1.58358
3.02224
0.0233812
0.643771
0.0802357
0.0992926
0.121534
0.0939117
1.059
1.10721
0.0569175
2.80904
1.29309
0.317487
0.184088
1.08257
3.91207
0.664592
0.181797
0.0437222
0.992379
3.76774
3.62033
1.34213
1.61276
0.0486232
0.00688464
1.60407
1.12226
0.0744835
2.8934
4.02136
0.160791
0.077448
0.0711704
0.993011
0.19521
3.54316
1.45624
1.45456
1.28713
1.27467
0.0605612
3.05523
0.101394
0.0883546
1.36913
0.120908
0.0556175
0.0368538
4.03461
0.251873
0.104132
0.077728
3.16656
0.145641
0.79641
3.99441
2.86774
0.915232
0.053956
3.69701
3.71071
0.0569549
0.0634958
0.0853513
0.169786
3.5748
2.74733
1.47108
0.173108
0.019611
0.143512
0.0986347
3.57768
0.0212354
0.679743
1.48994
0.0334104
0.0817648
0.089315
0.120535
0.0449838
0.110952
0.168224
0.074343
3.83288
3.52311
0.163513
0.0919281
0.0265768
0.0525615
0.603321
3.44291
0.0609821
0.0989271
0.118734
0.147265
3.41199
0.0775708
0.140787
1.15956
0.0548242
0.605688
0.0889546
0.177017
1.27222
3.46626
1.13302
0.0851398
2.05342e-05
0.0774109
2.6828
0.0901598
1.08262
4.03292
2.43383
0.0549768
0.0730172
1.05989
0.0442247
0.656384
0.0864524
0.0290648
0.0550095
1.23278
0.112012
2.31463
0.0441018
1.098
1.18404
0.221736
0.927399
0.299678
0.00351093
3.04762
0.0484457
0.124761
0.0474097
1.00011
3.71731
0.0683846
1.1253
2.85487
3.75686
0.107916
2.45538
1.44354
0.994666
3.59334
3.95786
0.0765232
0.0814295
1.29095
1.02596
1.41953
0.45203
0.0391732
0.843931
0.0479594
0.0624117
0.690794
3.61736
3.61383
0.107234
0.160199
1.29183
0.118606
0.1041
0.653489
1.30972
0.151549
0.0663901
1.10435
3.6227
0.0560487
0.0538612
1.087
0.0528053
0.0886129
0.0466819
0.073456
0.055266
1.12162
3.02236
1.27498
4.04849
0.360043
0.0409076
1.21313
4.04308
0.077131
1.22359
0.0188984
1.67185
0.14281
2.94633
0.0840349
0.0908107
0.0123526
3.53116
1.21864
0.636566
3.65231
0.209707
0.099995
0.118857
0.930419
4.03208
0.950117
2.50849
0.542277
0.0146576
1.05226
0.040449
0.641379
0.0248036
3.52707
0.201523
0.0802007
0.0801868
0.11757
4.06188
0.178195
0.495598
4.01165
1.12929
0.0761174
0.18467
0.197947
4.01019
0.0377095
3.88867
0.139591
0.0715611
0.0507429
1.32123
0.0788316
0.000814269
3.48198
0.00346359
0.228429
0.0567154
0.0829181
0.695481
0.0933354
0.120759
0.103558
0.498981
2.99826
0.106766
0.680337
0.0448017
1.09998
1.19842
0.000451292
0.0694053
4.0002
4.05688
0.0852593
0.116316
0.243806
3.74085
2.8561
0.0792296
0.871407
0.0338879
2.42609
1.37391
0.0863223
2.92498
0.0619425
0.201057
0.188174
1.34135
3.38812
0.0460922
0.129969
0.101172
0.0828673
0.26002
1.57589
0.109804
3.16609
3.70461
0.0723446
1.09778
0.936977
0.123008
0.930826
4.04369
0.0965866
3.81437
0.0431494
1.25693
2.88143
0.594193
3.87179
1.11483
0.0816509
0.0800138
0.758431
0.0950798
0.0197006
3.02537
2.87642
0.023884
0.0423469
0.143906
3.72138
0.0742214
0.0531264
0.0870287
2.52246
0.0246098
0.278461
2.65241
0.923937
3.26535
0.0552257
0.129495
0.240696
1.31811
0.141308
1.2199
0.0567456
0.136089
0.190378
0.138018
1.28138
0.122721
1.08893
0.0767845
2.26432
0.977285
0.045318
0.0491955
0.00524793
0.0365007
0.0893641
2.84339
0.735121
0.0648525
0.0506783
0.0946893
0.0487182
1.43277
0.0419209
0.111659
0.0557941
4.07602
0.00735587
2.51612
0.269672
0.038278
3.14378
4.02506
3.40075
0.0463852
0.0948708
0.117329
0.272617
0.0846274
0.0880644
2.70319
0.0656373
0.183446
0.0850518
1.09239
0.0459361
0.352299
0.0238385
3.22483
0.153551
0.0494679
0.0588877
1.24569
0.0974421
0.0182735
2.6152
0.0357489
0.131659
0.121198
0.0481976
3.25698
0.0600552
1.20781
0.140025
0.0600505
0.192577
3.33506
0.123288
0.107523
0.174677
1.12802
1.37767
0.0722714
0.107579
0.998227
3.55804
3.65012
0.0912421
0.0650071
0.0864093
0.084844
0.881324
0.810584
0.0440822
0.027113
0.0144348
0.141618
0.0504296
1.22524
0.142837
0.14119
0.0490138
1.52688
3.03551
0.0610429
0.376417
3.84767
0.0546198
0.621677
0.0365864
0.0556091
3.79145
0.542301
0.907863
0.0381257
0.0456734
0.0352735
3.59
0.22554
4.0084
3.95088
1.39664
1.01389
0.0683247
0.0864112
0.048224
0.869148
0.0977373
0.0628345
0.205147
0.14238
3.56619
0.354672
3.92914
3.51173
0.204938
0.0884389
0.173874
0.0320619
0.0801236
0.0671301
1.1491
0.436286
0.0540601
0.186342
2.64027
0.713048
0.0749297
0.0874796
0.184752
0.0934746
0.0756883
0.0510706
3.05609
0.0459783
3.42362
0.109803
0.0465985
0.0649361
0.23955
0.213878
3.8468
0.0825073
3.08211
3.79947
0.196914
1.15551
0.0801308
0.0835377
0.168565
0.258716
0.0488915
2.52977
0.61116
0.0501488
0.179989
0.163712
0.332607
0.625519
1.05383
0.14402
0.131979
0.100342
3.38746
0.077803
0.0503274
3.22936
1.39193
0.223672
0.0435344
1.44713
0.090841
0.872307
1.08576
0.134954
0.200571
0.0696511
0.0412654
0.0431919
0.047795
0.580386
0.0637574
0.0794924
0.832674
1.24662
0.625552
0.158649
0.943628
0.957292
1.57747
2.88951
1.06048
2.90664
0.538145
0.610786
0.0766164
0.149834
0.0993346
0.127181
1.14205
0.13125
0.153837
1.17518
0.0530745
3.42671
0.803296
1.73404
0.149956
0.620166
0.207118
0.0467472
0.704077
0.75839
2.74385
0.909374
1.19045
1.51669
1.33872
0.26761
0.834865
0.122193
0.0726749
0.0641804
4.58947
0.0877247
0.903503
0.967199
0.238418
0.0892953
0.0706668
0.00644963
0.106562
0.607178
1.36855
3.52106
0.0440971
1.51098
0.113518
0.0620114
0.0330247
0.0992179
0.105789
4.03892
1.55146
1.11162
0.215758
1.40847
0.782297
0.313156
0.0828386
0.276234
1.13582
0.0443737
2.76887
0.0385826
0.958738
0.0264329
0.78067
0.112369
0.76223
0.0358052
0.0767647
0.277498
0.0523746
0.176457
0.0630856
0.00189139
0.00976746
0.0832393
0.0704362
1.58982
0.0645336
0.111765
0.713301
0.0638581
0.0487149
0.126278
1.34543
0.192489
0.0917299
1.14889
0.104755
0.124016
0.0711417
0.0415977
3.48327
0.2085
0.0167878
0.0948259
0.0127887
0.731788
0.0183417
0.0158516
0.962869
0.048477
0.0526301
0.340627
0.182232
0.345852
0.0422693
0.193088
0.126428
0.0436736
1.25915
3.71783
0.649354
0.0933969
2.37315
0.889512
2.26584
0.0301527
0.0468083
1.24322
0.0243307
0.168546
1.13787
0.189078
2.48437
0.0913303
0.563077
1.26863
1.20592
2.22409
0.0548418
0.0847064
0.0890551
0.208968
3.25343
0.09144
0.00173437
2.49477
0.0933211
0.150891
0.000996168
0.0504487
5.37199
0.837767
0.08679
0.131112
0.247587
0.127723
0.790028
1.36917
3.45468
0.208729
3.42574
0.0899708
0.000562808
0.126298
0.0812781
0.754913
0.00592356
0.126778
1.04398
0.059354
0.211144
0.0957236
0.0774827
0.889269
0.0756488
5.70069
1.40556
0.0373234
0.0519976
0.0860212
0.00601027
0.0893196
0.0894207
2.63623
0.20694
4.44434
1.62748
0.100377
0.335059
0.0955253
2.88433
1.35768
0.16322
0.205952
0.147427
3.06348
0.118094
0.928364
1.58892
0.0920058
0.120109
3.39927
0.120318
2.40996
0.0643959
1.24881
1.20062
0.0392203
0.0343394
0.953498
0.0855804
3.41937
0.0883923
0.556261
0.0394543
0.100722
0.0955679
1.6133
0.212053
0.0766592
0.0864196
0.106379
2.59287
0.237715
0.0878085
0.0968189
4.03851
0.103288
0.0387829
1.43667
0.637967
0.0831873
0.106043
0.95345
0.103957
0.0995202
0.0733823
0.0534893
1.10561
0.570825
0.00979926
2.78909
5.99759
0.151274
0.151298
0.072046
0.0926175
1.26066
3.04401
0.0493219
0.0509084
1.38325
1.44009
0.585502
0.218131
0.884346
2.18003
0.00870336
1.50952
0.243122
1.45997
0.0867616
0.746156
0.634573
3.72579
0.0731836
0.14153
1.30015
0.129683
0.129975
0.0936511
1.00027
1.04167
0.0236416
0.0715002
0.109403
0.640499
2.66388
0.251179
0.0544093
0.297992
0.0458073
1.52531
0.111495
1.27014
0.214961
3.59118
3.36009
1.43197
0.0766784
0.158916
3.27896
0.453538
0.681882
0.0964078
2.68315
2.91657
1.28098
0.186782
0.0296153
2.62799
0.518674
0.0866644
0.665005
3.42457
0.0858957
0.64896
0.120541
0.0453492
0.0471503
0.0274381
1.11961
0.0855044
0.0922107
0.742994
3.96356
2.82437
0.156343
1.12852
0.124661
0.162731
0.139834
0.619242
1.26685
0.0561379
0.0694665
1.2519
2.78946
0.528914
2.94792
4.0829
0.0441802
0.0501972
0.0805596
0.0428369
0.110239
0.0786594
0.0866549
3.99798
3.93994
0.0514263
1.02515
1.44603
0.231995
0.655144
0.980284
6.20511
0.140479
0.0251224
0.656708
0.0810128
3.45868
0.109452
0.287576
0.119384
0.106715
0.0500796
2.97566
0.0953286
0.190441
1.25543
0.0780362
0.092771
0.0190744
0.00347156
0.101191
0.990909
2.49905
0.174585
1.5145
0.171457
0.0896939
0.0315319
0.148316
1.39293
0.0915102
0.120211
0.185433
0.0973546
0.0483024
1.43154
0.0368718
0.666944
3.14165
0.0487299
0.103717
0.0859298
1.25915
0.118944
2.81342
0.000457115
2.86856
2.61419
0.28432
0.157365
0.0233094
0.0778328
0.133952
3.2559
0.117946
3.25631
0.0609054
0.0903123
0.161357
5.80842
0.198662
0.112517
4.00643
5.74595
0.0512744
0.00334955
0.17313
1.15897
0.0766001
3.48351
1.35014
0.0912531
1.1093
1.03934
3.67735
0.0865584
3.42449
0.0886083
0.0673694
0.0444065
0.290569
0.224275
0.949339
3.28003
0.0485788
0.0725458
0.8598
1.47888
0.338858
0.133823
0.00333211
0.00655361
3.94203
2.06351
0.57365
1.46739
0.853566
0.090422
0.0889234
0.0661282
0.0527918
0.60975
3.45781
0.605867
0.10903
0.127465
0.932149
0.0343235
1.07238
0.0386078
0.458415
3.97198
0.0356503
0.0718586
0.0977933
0.0326799
0.0740752
0.103143
0.149688
0.00773597
0.0907394
0.0509532
0.498445
0.139466
0.194469
0.0459207
0.977394
1.04983
0.0250632
0.133689
0.157346
1.11167
3.4722
3.13777
0.0769802
0.407814
4.06004
0.069748
0.0531343
3.31196
0.134917
0.994084
0.736579
1.03958
0.105359
0.103509
0.0718187
3.15378
1.08524
0.104084
0.0382741
1.00298
0.879247
4.10158
0.0659043
0.0517361
3.51429
1.06354
1.0475
0.125085
0.104173
0.0711305
0.0340992
0.197236
3.45886
0.140162
0.993041
1.02804
0.154344
0.28071
0.152842
0.0985475
0.201395
0.115249
0.591063
0.0434825
3.55713
3.86191
0.111303
0.266983
2.75046
0.584772
3.38482
0.132969
1.02222
0.0471712
0.0763089
0.0807659
3.54066
0.0949221
1.07982
0.959049
0.134469
0.235447
0.0536387
0.59502
0.958788
0.000949467
1.60009
0.0789027
0.0765802
3.64523
0.0763966
0.0816168
4.01061
0.0483779
1.0373
1.50092
5.10997
0.0365416
0.15843
0.00549294
0.0625139
0.119766
0.045569
3.5197
6.16422
0.0998506
0.0916212
0.11895
0.113308
0.0531047
3.49022
0.0770939
0.0454592
0.012795
0.906515
0.624391
0.0598131
0.254296
1.13891
0.0429231
1.16301
0.0716342
0.173913
0.0931446
1.02638
0.0380694
0.198895
0.130816
0.464629
1.01884e-05
3.17649
0.0633323
0.911347
3.51164
0.134698
1.58152
0.608917
0.559525
0.0966286
0.0773252
0.108884
0.0614578
0.153516
3.11391
0.0539177
0.104357
0.55655
0.0876976
0.201232
0.0904703
3.25913
3.23623
0.790289
1.41116
0.0766997
0.125155
0.0908396
0.174667
3.99157
3.00113
0.069964
3.94563
2.65042
0.0796647
0.0785471
0.921219
1.35247
0.159906
0.548998
3.45665
0.0601347
0.381682
5.89553
0.0845407
0.948675
0.192761
0.0941104
0.184923
0.0518569
0.0849303
0.139692
0.07383
0.0873355
0.301746
0.148419
1.09127
0.143485
0.0895553
3.31092
0.0620725
0.0509133
0.115452
0.898164
1.07826
0.156107
0.115878
1.26512
0.0972314
2.25084
0.0739896
0.338858
0.115666
0.0497158
0.103295
0.469858
0.0882282
0.0775663
0.0499242
1.52009
2.67831
0.588582
0.00163127
0.424382
2.75342
2.95172
0.194188
0.686018
0.358425
0.776561
3.43907
0.4066
0.236092
0.0896891
0.0909245
0.105697
1.00107
0.0660996
0.219085
0.0425225
0.93792
0.137707
0.0544086
0.674562
0.0902965
1.06447
0.0638361
0.120302
1.13426
0.520931
3.10999
0.0389203
0.799508
0.0798655
3.16481
2.7039
0.5866
0.393428
0.990815
0.996213
0.085451
0.118994
1.27119
0.0798761
0.13525
0.379481
1.08115
0.421069
0.438761
3.51961
1.09933
0.0715694
1.27991
0.363256
0.137135
0.105231
3.68376
0.0779401
0.127716
0.135812
0.0905689
0.0651069
1.27341
0.115256
4.05013
1.12483
0.088112
1.13732
0.172374
1.16121
0.868059
0.115967
0.377281
0.106971
0.0703892
3.35552
0.0782095
0.0592816
0.0681782
0.846963
0.0867889
0.598743
0.0802499
0.189592
1.5106
0.0924691
0.0522844
0.601246
0.641656
2.83215
3.93898
3.45029
3.38332
0.36406
0.113363
0.0919562
0.0655335
2.14895
0.0861174
0.0580242
0.0629814
0.0528237
2.55483
0.0547599
2.87124
1.06145
0.177299
0.587206
0.177227
0.15164
1.2458
0.599607
2.7455
0.12432
0.0951792
0.615995
0.0990939
3.31241
1.60876
0.24057
3.28356
2.68259
0.0459833
0.20282
4.00218
3.04499
0.0865337
0.660429
0.0483476
0.755563
0.0598257
0.121343
0.363959
0.0703277
0.66147
2.44064
0.0541801
2.57313
0.727366
0.10572
0.0777131
0.0919236
0.0437529
1.75096e-07
3.57008
0.526345
0.0166266
2.90384
0.587905
2.65622
0.0882204
1.31129
0.530807
0.0927996
3.96242
0.0296721
0.187122
2.71774
0.66115
3.55858
0.0805338
3.51007
0.0642102
0.00139218
0.0600425
0.108513
0.272881
0.210213
0.182762
0.114919
0.0826962
0.0285318
0.0568983
0.674596
0.0524834
0.604505
0.0671479
0.0773265
0.089626
0.0572542
3.62175
0.812423
0.83847
3.78458
3.47203
1.25855
0.058332
0.488247
0.138051
0.129732
0.760108
0.187295
0.229845
2.15875
1.02397
0.0610583
0.0919602
0.29104
0.0452316
0.0899721
1.53447
3.07599
1.26945
4.13031
0.0783929
1.05085
0.0860194
1.36436
0.705986
0.0461065
1.3286
0.107747
2.68648
0.0111824
0.046989
0.0476806
0.0110586
0.93532
3.08193
2.50236
0.115958
0.104499
0.0468803
0.0574558
0.00692427
0.0483771
0.0935846
2.40885
0.0817893
0.0485584
0.092677
2.41543
0.127505
0.122162
0.000285404
4.03228
0.0268676
1.04912
4.07377
3.87613
0.0780466
2.93138
0.105058
0.204444
1.19531
0.112255
0.46788
2.73302
0.110955
0.964393
0.0829989
0.148768
0.0498432
0.719088
0.0885904
0.0450857
0.0490268
0.913162
0.19149
0.45556
0.0950354
0.463667
0.087041
0.15029
1.11576
1.07638e-05
0.0820579
0.03548
3.04059
3.50418
0.047766
0.687767
0.109463
2.82142
0.0443046
0.754648
0.031731
0.0438051
0.110193
0.156538
0.0645918
0.9454
0.0274086
0.117018
0.0770988
0.0842492
1.55429
0.421254
0.116734
0.70632
0.195605
0.0827813
0.37616
0.589024
0.0436576
3.76908
0.0478986
0.087783
0.0402848
0.0886558
0.881039
0.0668715
1.41165
0.101446
0.587446
0.337615
0.0767767
0.385129
0.00188873
0.0440319
0.00666907
0.0735054
0.145537
2.32932
0.0848455
0.0109633
0.915918
0.0542565
0.0912498
0.210622
1.57541
0.0994494
0.199643
0.777696
0.205348
2.79857
0.0395895
0.102384
0.0661631
0.750095
0.111268
1.45281
0.182444
0.132933
0.147046
0.061647
2.60587
0.105514
0.0536251
0.215257
0.0553549
0.138466
0.112015
0.0501748
0.107144
1.05844
0.070976
0.076633
2.90624
0.0721603
3.28346
0.00347455
1.02377
0.192752
0.0971055
0.0446327
3.39691
2.60984
0.300577
0.205449
1.37716
1.21566
3.32149
0.0465062
0.496257
0.275417
2.13139
0.60076
0.108052
0.087909
0.111889
0.121417
0.989381
0.0449123
0.102282
0.0831391
0.129607
0.119582
0.00489962
0.304416
3.34209
0.0764148
0.0572088
0.703082
0.545396
0.103659
0.259258
2.94923
0.20344
1.2326
0.107568
0.151574
0.168865
1.76346
1.42696
0.457937
0.443364
0.126856
0.0828007
0.986201
0.11
0.267335
3.09052
0.106791
2.3778
0.044816
0.0246617
0.137919
0.0494081
3.49588
1.62952
0.0246415
1.8228
0.204158
0.0802699
3.43246
0.0962191
0.000262473
4.05882
2.97348
2.68617
3.56405
0.413007
0.108003
0.131964
0.0555629
0.0287362
0.417542
0.0865102
0.380305
0.654063
2.23276
0.163709
1.67992
0.078509
0.655701
3.22473
0.139938
0.089252
1.05568
1.34264
2.67308
0.0872118
0.629976
0.198587
0.0447234
3.6618
2.97114
0.0655065
0.0338002
0.182386
0.0947351
0.412582
0.0307481
0.055754
0.113309
0.0929828
0.0864949
0.0864621
0.0694982
0.062512
4.02893
0.202814
1.31794
0.119575
0.0411785
0.163277
0.124307
0.079867
0.130699
0.688837
0.0648975
0.0312935
1.32894
0.130136
0.0240613
0.158744
0.437791
0.171385
2.61286
0.330891
0.121743
0.326533
0.130974
2.97611
3.68999
0.959552
0.0897502
0.362005
0.135614
0.497288
0.548038
0.0649016
0.65156
0.136845
0.0266556
2.53468
0.590383
0.125664
0.212499
0.122114
4.07829
0.600421
1.69111
3.66445
0.0846451
1.03558
0.0444438
0.0867006
2.02352
0.0594929
0.153743
0.0466742
0.0935537
0.086927
0.0890909
3.44112
0.392855
0.151811
0.0682616
0.0943563
0.184617
0.119673
0.131663
0.0558962
0.195303
0.518253
1.18549
0.163366
0.0608659
0.0403062
0.0779256
3.61097
1.62019
0.0144796
3.63433
0.0614589
0.0438782
0.0910515
0.477403
0.0793162
2.84065
0.826542
0.149567
3.56428
0.0890296
0.156192
3.43422
1.08799
0.751268
4.07857
0.0814889
0.0878767
0.675332
3.9641
1.08531
0.38088
3.68816
1.02746
0.16525
0.125638
0.0910341
0.071771
3.25617
2.35409
2.94504
0.0881747
2.79004
0.171188
1.26454
0.0790654
0.0487677
0.124315
3.90542
0.0695713
0.196267
0.197025
3.52896
0.900554
0.0374635
0.152912
0.111278
0.106068
3.01589
1.06496
3.78372
2.04183
0.184793
0.056615
0.480484
4.0511
2.65139
0.957814
1.18269
1.14799
0.690709
4.09855
0.108978
4.01168
0.109328
1.33376
0.0816269
0.0775068
0.0841137
2.18488
1.07689
0.0500173
0.0661149
0.0222857
2.92514
0.272038
2.43087
3.29433
0.0690809
1.43721
0.105657
0.590941
0.100344
4.04928
4.07813
0.0759245
3.50488
1.1109
1.32538
0.104603
1.04518
0.112773
3.27288
2.81372
0.0123761
0.877781
0.0770094
0.107476
0.0930641
3.4774
1.00002
0.643105
0.126607
0.0761643
0.157476
0.0902203
0.00208998
0.0606249
0.114012
0.467195
0.076845
0.228639
0.0833119
0.101412
0.0865369
0.239191
0.20045
3.01331
3.38432
0.133918
2.49928
0.593087
3.29215
0.171395
0.127281
0.883825
0.179196
0.0678072
0.0837668
0.138182
3.63143
2.62507
1.62457
0.0830372
0.107639
3.17555
0.108665
2.94759
0.193508
0.0982405
1.60091
0.128449
0.840229
0.0766585
0.0882915
1.58595
0.000567683
0.197786
0.407496
0.0461158
0.0927213
0.00243924
0.0685583
2.65478
0.0931786
0.372976
0.12136
0.07235
1.62405
0.144434
0.136807
3.52834
0.0359757
2.3881
1.33879
0.0865404
0.0586251
6.40947
0.0891281
0.161097
1.35596
0.178766
0.080472
0.0824001
0.113721
0.87483
1.59558
0.0924758
4.07338
2.76738
0.0806625
0.0433631
0.0431713
3.69318
0.100216
0.180164
0.672615
4.01544
3.46749
0.0585421
1.50132
0.108334
0.995421
0.0765044
3.16263
2.27332
0.456292
0.0698884
0.234639
0.593257
0.0411545
2.86191
0.125305
0.0855642
0.12802
0.185829
0.184504
0.864435
0.0568751
0.134177
3.60237
0.0811645
0.721361
1.11582
0.0587485
1.15318
1.0729
0.105727
1.20718
0.225843
0.0786304
0.461492
0.0889506
0.260158
3.5019
1.45077
0.067858
0.127875
2.79174
0.100173
0.966325
0.0793821
3.59533
1.10225
0.56774
0.087665
0.513076
1.36783
3.55246
1.55049
2.46978
0.59653
2.46079
0.470206
0.0969268
2.46348
0.0767618
5.34918
0.0470256
0.0068798
0.198565
0.128072
0.085488
1.15992
0.0953756
3.68292
0.077621
0.0510563
0.0771498
0.128847
0.0598016
2.83918
0.214453
3.01644
0.135166
1.41146
0.0791931
0.0787549
0.817766
1.04891
0.13087
0.00837937
0.0490479
3.1924
0.198054
0.805244
0.0297518
0.143051
0.105221
1.20895
1.26202
1.12786
1.40735
0.0531102
0.759802
1.21302
0.0682073
0.00181727
0.931834
2.25871
0.0973594
0.792679
1.15091
0.0994177
0.70114
0.0706323
0.0700523
0.239136
0.955861
0.125256
0.0863788
0.0521657
0.188634
0.973017
0.0671791
1.76226
0.777567
0.11538
0.148572
0.663004
2.63626
0.148478
0.0504298
0.561586
0.116957
4.06721
0.116115
0.168172
2.81738
0.0854518
0.0747581
1.17215
0.0997562
0.0681571
0.103414
0.135934
3.10936
0.605215
0.00591446
0.148342
0.124542
0.115756
0.121709
3.43178
0.0779787
0.0780064
0.12959
0.010559
0.516752
4.02296
0.0404795
0.922016
4.09333
0.133035
0.174318
0.122879
0.0865706
0.141755
1.51478
3.60993
0.930248
1.38801
0.156262
3.5124
4.08423
0.164346
1.31592
1.2983
1.30168
0.83041
3.12079
0.179185
0.809323
0.0480525
1.43946
0.0678772
0.0557216
0.0955807
0.0115211
5.00261
2.87438
0.951639
0.730958
0.488084
0.47164
0.355575
0.0586343
0.0770548
3.23852
1.22423
3.49309
0.0945851
0.0793425
0.000897324
2.57441
0.655812
0.759046
0.131659
3.81759
1.36321
2.93706
0.088116
0.122843
1.27968
0.110988
0.18957
0.105753
0.0910138
0.107097
3.42458
2.39926
0.337747
0.207671
1.43857
0.193868
2.52275
0.132489
0.0780628
0.00188928
0.107261
0.0694188
0.0640049
0.0457583
1.12483
0.108163
0.195419
0.626954
0.08528
2.39278
0.0919629
0.188313
0.299591
0.78967
0.954446
0.0682549
2.70512
0.107467
0.0783977
0.0483679
0.086991
3.63553
0.998475
0.0917404
1.0131
0.131084
3.71739
0.637971
1.18761
0.120125
2.55374
3.85395
0.12455
0.465852
6.8102
0.684918
0.0685966
0.279406
0.0514066
0.135045
0.0744894
0.649208
0.0884729
0.738602
2.19744
0.0623058
0.106993
0.119861
0.183154
0.0490663
0.115299
0.347929
2.95528
0.0999984
0.394543
0.0991928
0.0579213
0.307069
1.60122
0.052557
1.76286
0.236099
0.135686
2.73876
0.10812
3.2389
0.0482949
1.18085
0.789219
0.0619168
0.0788413
0.131743
0.0773178
0.0199729
0.766351
0.0694579
3.48203
0.0533021
0.102504
1.01912
4.8582
0.195065
0.0889368
0.202053
0.6315
2.45668
1.7748
0.0823924
1.11577
0.136979
0.0581558
0.132105
0.636848
0.797499
0.0501423
0.111419
1.2331
0.123726
0.129072
2.65526
0.159954
1.17386
3.53325
0.116071
0.116258
0.58651
2.72898
0.0196194
0.419843
0.106675
0.0682736
0.745304
0.203561
0.66026
0.0946291
0.0851369
0.112394
0.256391
0.0922861
0.0568817
0.0766245
0.0550388
1.03961
2.99852
0.0937659
1.00372
2.84152
0.0591201
1.43361
0.2415
0.209952
2.19238
2.75122
1.71302
2.79862
0.0508849
0.00288708
0.013931
0.186998
0.119364
0.0789126
0.664424
0.078383
0.0849562
0.630716
0.093948
0.0715942
0.236013
0.087073
1.13374
1.17867
0.102321
1.20408
0.733708
0.686734
0.0938779
0.0693446
0.61084
2.33808
0.0878906
0.166675
0.814484
0.069037
0.119436
0.314413
0.0926065
0.168922
0.662843
1.16095
0.0779979
0.137175
0.130563
2.75768
0.317944
0.0923425
0.153093
0.956459
0.0612492
0.0422832
0.069199
0.749053
2.99276
3.28531
0.272346
1.50726
3.975
0.0991236
2.74689
0.0767311
0.0763964
1.53267
1.14887
0.0625743
0.0306187
2.30376
0.617577
0.0768416
2.53862
0.588167
0.107633
0.00736032
1.78666
0.216221
2.41931
1.19871
1.0793
0.121747
0.961189
0.236011
0.626651
2.27185
0.286651
0.0923599
0.117243
0.112357
0.247294
0.0908303
1.6343
0.96981
6.45229
0.558719
0.331227
2.74274
0.559758
0.779342
0.0920606
0.58952
1.01799
3.28079
0.0778573
0.619742
0.778732
0.0530127
2.68119
0.588417
0.0881108
0.0885988
1.02018
2.79526
0.183651
2.77372
0.0740996
3.39816
0.120896
1.5716
1.16021
0.883232
0.676755
3.86669
1.88407
3.30864
1.62438
0.641965
0.000480029
2.24428
0.63716
1.47119
0.00177077
0.0575245
0.273889
0.0744801
0.0715896
4.07078
0.117476
0.0526534
2.6349
0.0642938
4.11051
2.59527
3.16083
0.0592225
2.29668
0.944863
0.149331
2.21762
0.649659
0.102353
0.551695
0.0964645
2.84374
0.439461
0.0781689
0.0907348
0.0483214
2.31396
3.23961
0.0976415
0.976045
0.0793815
0.819948
0.589748
0.00495316
0.173101
0.115521
1.16667
0.104331
0.120331
0.146161
0.938218
3.81181
0.0775637
0.0906911
0.00100392
0.113047
0.125483
0.0773074
0.115782
0.104074
0.213407
0.0654698
1.24613
0.105921
0.73255
1.20273
0.085025
0.0587395
1.25237
2.80276
0.108676
0.0850801
0.000608718
0.138484
1.20217
1.53792
4.04628
0.54142
0.668824
1.44099
0.00462825
3.44
0.0756348
0.10715
1.33852
0.154546
1.59057
0.0795872
0.142093
0.0811097
1.62032
2.85462
0.0228695
0.125915
0.117547
0.118501
1.21352
0.0135028
2.71082
2.94857
2.79542
0.0907898
0.0912499
0.722977
0.29878
0.649158
2.64402
1.70236
2.43488
0.0868403
1.21224
0.0102614
2.18248
3.3792
1.47933
0.964279
1.09904
0.132282
0.0906298
0.979394
0.00316264
1.16885
0.13065
2.44833
0.435553
0.0840004
2.48336
3.31929
4.04356
0.0825517
1.00412
1.5236
0.143871
4.07529
2.33458
0.0795849
0.291904
0.584519
0.628867
0.315298
3.33505
1.56958
1.31731
3.57768
0.293295
0.393861
2.76471
0.141955
1.16305
0.245716
0.0581064
2.82028
3.67164
0.128151
0.0772081
3.55511
1.05787
0.107071
0.0966592
1.4413
1.14807
0.0748467
0.0873219
2.81878
0.0736384
0.211772
0.155514
0.158474
0.0910799
0.191846
0.10923
0.12942
2.8839
7.13485e-05
0.0746301
0.0498656
1.59178
3.51689
0.292875
4.01662
1.27415
0.110456
0.0785316
0.107771
0.0419879
1.09573
2.55662
1.17336
0.124435
0.137301
0.101409
0.086074
1.12294
0.000643261
0.0920629
0.721632
3.68854
0.0309938
3.91026
2.8745
0.954614
0.102128
2.49143
0.116587
0.332354
3.51681
0.855595
0.10739
0.0274597
0.116376
2.64675
0.19806
0.133215
3.14465
0.136306
0.142993
0.122639
0.902055
3.53574
0.155117
0.875593
1.20199
0.55951
0.543318
0.0824095
1.2973
0.0769086
0.196563
0.000620892
0.808418
0.0768615
0.0111554
0.853398
2.15779
3.22151
0.120791
0.761295
0.590136
0.108901
0.118672
0.150394
0.0714261
3.7772
0.0875242
0.15917
0.0909604
1.42231
0.105157
0.0240673
0.10098
1.16696
0.154565
0.210762
0.114121
0.00337513
0.133464
0.0065423
0.00660874
1.16912
1.74896
0.198426
3.6232
0.0624814
0.404957
0.0409774
0.878923
2.48864
0.590997
1.04824
0.00230681
1.01581
1.26314
0.053037
0.169915
3.6586
4.00592
3.66062
4.00748
0.0882661
1.07052
1.1055
0.192011
2.90104
0.133917
0.0880077
0.887218
2.12404
0.123619
0.757175
0.11431
1.15714
0.0281397
0.162902
3.5889
0.573398
0.0420333
0.767423
3.6572
0.914199
2.38924
5.64383e-06
0.0982073
2.6896
0.0877426
0.172674
0.187962
1.09845
0.211892
0.13525
3.79302
0.13509
0.0534291
1.88568
0.0949541
1.23286
0.0213642
1.02349
0.0854289
0.436475
0.0619297
0.0666791
0.135165
0.188864
0.0737216
0.00295682
2.37352
2.68978
0.103524
0.0189309
0.586391
0.766908
0.209549
0.111324
0.0990179
1.26097
0.0541219
0.344365
0.178371
3.9641
1.36462
0.591097
0.0434499
0.0493347
1.12205
0.121883
0.0843178
1.47
0.673627
1.59234
0.152543
0.0895244
1.1948
0.177909
1.14636
0.00475262
0.142936
0.969694
3.14688
3.69125
0.12131
0.133954
0.0816651
0.0888945
0.124188
3.09799
0.818988
2.5784
3.90618
0.784223
0.138073
3.63502
0.182318
0.182828
0.570612
0.0778694
0.0366159
0.374486
0.162571
4.17941
0.0802625
0.0896551
3.55641
0.186034
0.0812838
0.113873
0.120313
0.789637
0.0515615
2.40314
0.0505805
1.60305
0.0920936
0.0812987
0.104017
2.44187
2.18156
0.0454453
1.62985
3.70109
0.142786
0.592155
2.52002
0.684637
0.536173
2.82558
0.0462129
0.975251
2.28277
1.29824
0.170883
2.4954
0.0193515
1.77476
0.0508236
2.66897
0.0658712
0.185141
1.55909
0.0964657
0.0765943
0.150539
0.0199329
0.177264
0.0467401
0.0809972
0.536743
0.0600356
0.783889
0.252578
0.110965
0.00167238
1.06941
1.63964
0.105548
3.55578
0.068542
3.5187
0.204987
0.103809
2.86451
0.106742
0.134471
0.536129
0.0611057
0.0929279
0.0166644
0.0964406
0.0586077
0.578407
0.685389
0.00113564
2.80202
0.50684
0.812532
0.127291
0.0465067
2.44239
1.49282
0.109959
0.153819
0.440148
1.57756
0.0884979
2.79889
0.0774898
0.599108
2.13946
0.146213
2.39507
0.0510706
2.16631
0.0859082
0.0876685
0.0777573
0.0916709
0.128073
0.102531
1.57225
0.285784
3.78565
0.131285
0.0985083
2.95073
0.0884315
0.0011377
0.17771
0.0746929
0.227812
0.00365559
1.0573
1.22441
2.74397
0.122786
0.755968
0.584164
0.0560357
0.0875134
0.12015
2.59722
0.60334
0.196617
0.109169
0.947655
0.133186
3.63523
0.846609
0.110091
0.111487
0.17429
3.71806
3.20809
2.16097
0.0787416
0.538162
0.0926207
4.00081
0.954233
0.108328
0.0774616
0.736552
0.845991
2.3764
0.932766
0.118492
0.827702
1.27107
1.63043
1.1174
0.134954
2.48507
0.5957
0.112099
3.48438
0.0960122
0.0847623
0.117982
0.0740875
0.213077
0.0729255
3.65481
3.09674
0.0672026
3.39164
0.195227
0.0718634
0.0513162
0.250643
0.129724
0.098085
0.139854
0.0806789
0.124394
0.110378
0.0993942
0.0765577
0.0755403
1.30803
0.693714
0.0949925
0.0683668
1.31524
0.0738079
3.62842
3.43131
0.10078
0.17265
2.6624
1.51144
0.0609212
2.72811
3.05181
2.76092
0.0930447
0.147397
0.123443
1.04621
0.115212
0.0964206
3.12619
2.57841
3.67674
0.707064
0.0829309
0.00695031
0.0631721
0.663647
1.42529
0.835726
0.0503018
0.696193
0.0694144
0.277041
3.73338
1.40928
3.89417
0.0256556
2.40092
3.60688
1.1211
1.22304
0.108919
0.156751
0.141339
0.567549
0.0587632
0.0688238
1.42246
0.613325
1.15071
0.128058
0.0521186
3.1947
0.364763
1.16815
0.593308
0.120257
0.142713
0.11018
1.58633
0.0789917
0.0696146
0.196171
0.0870107
0.0790289
0.152044
0.0456685
0.128681
0.0884548
0.0903635
0.0948425
2.78164
0.085981
0.109244
0.191898
1.27867
0.0816933
0.0753733
0.141185
0.125613
0.436624
0.0896688
1.14595
3.32438
2.82617
0.180403
0.0066804
0.0725728
0.411373
0.249518
3.32951
3.12128
0.0606341
1.0754
0.00198225
0.0711937
0.00445361
2.79193
3.34378
0.101064
0.136178
0.100791
0.0711555
0.000105226
2.39196
0.261699
0.704448
0.150863
1.63279
0.0588121
0.0442689
3.18429
0.549157
0.0417325
1.08746
2.81638
0.163525
0.176455
0.0828739
1.16195
0.0897006
2.34644
0.055982
0.907189
2.20527
0.154366
2.5469
3.04175
1.49932
2.4746
1.26364
0.159776
2.57122
0.0904515
0.0842989
0.57284
2.16096
0.709001
0.0774134
0.0771497
2.11991
0.770921
1.12339
0.0939358
1.55434
0.861999
0.0952445
1.4967
0.120191
0.608813
2.37041
0.655732
0.106573
2.70618
0.637939
3.76245
0.0750835
0.0433317
0.126584
0.0936186
1.23435
0.0882112
1.05414
0.152994
0.620664
0.0838703
0.128555
1.48132
2.29308
2.37789
0.137129
3.89851
0.061635
0.0720283
0.11362
0.0880342
0.0861609
1.52692
3.69939
0.0930166
1.08791
0.116137
0.00096093
0.0876637
0.0902351
2.35817
0.763654
0.200298
0.144786
0.185593
0.134984
3.98948
0.619576
0.149275
0.0490263
1.5421
3.39682
0.128511
0.078134
2.22843
1.41095
0.19561
0.0697972
1.4436
0.109832
0.122988
0.138624
0.0793939
0.460143
0.949093
0.968718
0.662211
1.0578
0.141269
2.32568
0.614599
0.0543907
0.103959
0.762965
3.39068
2.20932
0.880086
1.53442
0.123633
0.124133
0.415162
0.143949
0.00191013
0.0654309
2.291
0.622441
1.41519
0.195106
0.657131
0.0768914
0.429685
0.107899
2.35425
0.108007
0.63263
2.2621
2.10386
0.815209
0.0848491
2.73537
0.0440179
0.0788665
0.117426
0.80323
2.80413
1.2581
0.0898148
3.62447
2.23438
0.644152
0.0789022
1.06071
0.364173
0.774778
0.132962
0.0565997
4.12365
2.07176
0.912758
0.125989
0.0912621
0.311893
3.33375
0.0851521
0.0935128
0.133398
0.164678
3.44056
1.38179
0.134201
0.076853
0.0712818
0.187942
2.41016
0.194052
0.076801
0.186138
0.0576576
2.17326
0.997973
0.0760566
0.635227
2.43476
2.81006
0.68182
2.19579
3.16295
3.55866
0.0841469
0.07903
0.126789
0.0647726
0.674908
2.65266
0.0884596
0.159583
2.96822
0.960962
0.13504
1.10335
2.41461
0.0846654
4.07817
0.128834
0.0856396
0.0612393
2.30867
0.381648
0.570483
0.0790778
0.0868317
0.193482
0.190993
0.130494
0.411035
3.1498
2.55905
0.594536
0.631111
0.079734
0.074057
0.0701809
0.6938
0.329239
0.199623
4.09384
0.0874606
0.310037
0.0782378
0.0786549
0.0834094
0.0768282
3.55559
0.599061
0.132443
2.51821
0.090009
1.08239
2.28063
0.0135231
0.00733792
3.29321
0.0544816
0.0626627
0.128012
0.178447
0.126954
0.0530271
2.72422
0.376691
0.102456
0.0884466
0.0766269
1.27641
2.17368
0.310068
0.0566647
0.0602133
0.0577443
0.132983
0.0780197
0.128533
2.17817
0.698313
4.06637
1.10624
0.0813869
2.1346
2.15517
2.30793
0.755821
0.724289
0.642654
0.0777498
0.127591
0.888531
0.0786411
0.384663
0.0779625
0.127656
0.165213
1.09657
2.20467
0.343062
2.11655
0.795633
0.127028
0.42063
0.130671
0.0786734
0.358605
0.415504
0.701756
1.32233
0.0780383
2.08307
1.16405
2.06599
2.10802
0.604052
2.06101
2.06519
2.06996
2.08188
0.87449
0.95496
1.06062
1.00051
1.11434
0.724868
0.443877
2.22594
)
;

boundaryField
{
    back
    {
        type            empty;
    }
    front
    {
        type            empty;
    }
    outlet
    {
        type            zeroGradient;
    }
    circle
    {
        type            fixedValue;
        value           uniform 1e-12;
    }
    walls
    {
        type            fixedValue;
        value           uniform 1e-12;
    }
    inlet
    {
        type            fixedValue;
        value           uniform 1e-12;
    }
}


// ************************************************************************* //
