/*--------------------------------*- C++ -*----------------------------------*\
  =========                 |
  \\      /  F ield         | OpenFOAM: The Open Source CFD Toolbox
   \\    /   O peration     | Website:  https://openfoam.org
    \\  /    A nd           | Version:  10
     \\/     M anipulation  |
\*---------------------------------------------------------------------------*/
FoamFile
{
    format      ascii;
    class       volScalarField;
    location    "250";
    object      nut;
}
// * * * * * * * * * * * * * * * * * * * * * * * * * * * * * * * * * * * * * //

dimensions      [0 2 -1 0 0 0 0];

internalField   nonuniform List<scalar> 
10435
(
34.3959
46.8094
27.7509
36.0448
47.8973
47.1622
23.5167
20.5025
21.2847
42.4762
46.801
42.0747
40.2347
1.8843
1.65342
23.8368
2.12515
42.473
21.2683
39.5651
21.4309
33.4018
25.7477
32.4131
38.2965
15.0309
4.3414
34.7952
3.78747
43.336
35.3272
46.3887
20.4994
3.07759
26.1961
7.87968
28.0394
5.14172
34.0585
24.686
45.9382
24.5079
2.93704
36.6891
29.8127
28.7391
46.8919
3.82079
19.5558
31.4755
21.709
43.2862
30.6554
4.86029
28.3951
3.88228
30.7362
4.51995
2.37881
28.1586
24.6249
37.0157
4.06578
45.4324
27.5827
31.1583
2.54658
3.77841
20.2759
35.113
5.28814
7.69904
2.60344
28.9933
1.44917
2.25778
36.8039
21.519
19.9
1.26426
35.1856
27.6629
26.6423
4.39987
36.6466
3.8212
12.9712
41.0342
1.50835
27.2944
39.2369
39.5147
40.0347
2.08517
39.7577
2.7408
40.5802
1.5821
2.13171
44.0677
1.48075
48.8838
4.83334
43.0542
48.8235
35.2883
39.2852
33.4342
37.5483
1.41422
29.732
48.7521
11.402
3.33111
43.5405
32.0684
44.6744
10.457
44.9976
42.543
44.6416
2.05508
23.9425
1.3071
48.0204
18.3661
41.5423
1.79419
46.3894
6.11111
1.53715
47.6609
22.8378
1.43319
6.32983
11.2734
1.93075
37.5746
45.3977
32.7051
36.2078
31.9398
2.75186
43.0601
35.2968
1.83871
1.20876
45.9179
2.29494
41.9908
4.55727
32.4025
30.3483
40.7766
43.5318
6.61756
48.4725
38.7188
43.305
49.6567
36.8751
1.64653
43.4386
39.6291
1.41708
45.8806
21.6768
40.3864
39.1184
45.1425
39.5139
3.15719
3.87731
1.65914
40.1857
47.6289
20.3399
3.03819
29.6043
3.65208
47.9516
47.6457
42.5326
18.7057
34.2459
3.31845
2.48686
20.8079
47.9601
42.924
43.5982
22.049
6.77417
5.81405
48.6698
20.2884
2.38093
1.77607
3.36341
25.7951
1.49063
5.02748
37.6527
4.65392
33.5242
45.8934
43.4215
39.144
3.81634
37.0589
4.77701
25.3
44.3326
40.3674
4.11769
2.03636
2.38998
10.2188
15.1264
1.87251
3.6138
2.71742
3.14214
1.55701
9.3099
24.343
23.2826
1.44288
39.1149
1.97268
3.24277
22.8593
18.6855
35.0493
5.31727
2.38532
33.5533
10.7884
36.0215
36.1648
39.7874
11.8162
7.05901
4.14481
44.7234
20.5748
1.45476
19.4245
3.31403
35.3611
4.17431
2.25481
40.2348
38.533
19.814
46.7098
3.36432
20.4477
6.49877
4.68425
21.5968
39.7155
13.9602
38.3612
7.06703
2.8135
39.8289
30.3164
17.2045
46.0753
23.3486
19.0992
19.2676
36.3236
12.5103
42.986
5.68964
47.6585
21.9686
19.2084
39.5372
2.73664
25.8184
1.51125
5.71617
11.4568
47.8654
28.5829
3.98006
3.35623
1.38366
48.2928
3.55456
19.0628
35.702
5.50125
2.07219
19.3278
47.4653
33.8274
3.63248
37.6414
28.8537
3.47865
46.9142
1.7971
2.5442
37.1751
32.2038
3.62428
32.9922
5.87891
17.2374
47.2384
22.9141
4.92275
13.9602
39.6067
3.39247
41.3403
48.3675
3.90112
15.4421
17.8427
19.2767
36.9555
10.6749
32.0789
2.99492
4.89936
24.9737
2.98302
3.33419
26.3456
38.8794
4.16849
4.32194
3.58451
2.85247
3.72446
9.07134
7.29986
21.816
3.92005
3.79157
5.45584
3.83167
5.11561
14.1803
19.4388
3.06921
35.6177
4.21334
35.0368
19.2134
18.6851
40.7139
28.7031
4.48651
3.4687
3.83713
18.972
3.66178
14.2848
3.92505
7.75658
4.21178
40.6781
7.79637
19.5979
23.4118
6.86197
41.4163
18.0905
8.54317
4.43387
4.3162
4.70147
3.76392
12.2437
5.39422
24.1249
19.6497
3.49758
19.454
19.1196
37.6126
39.6454
19.0128
32.0507
24.3402
1.702
3.8763
3.89344
4.80533
29.1868
4.1083
41.1426
5.45775
3.77991
6.22707
3.27087
9.64223
22.6005
4.59827
19.5835
38.5658
4.9953
10.5055
5.51598
19.0008
6.04091
9.06761
8.90196
3.7344
4.10471
3.80151
30.6553
5.25607
9.35734
3.77132
2.60618
41.3168
4.92102
8.20985
17.3347
3.23103
193.051
178.568
165.934
158.238
151.332
141.089
126.169
108.335
89.4128
240.401
228.18
215.356
205.515
196.338
184.495
168.45
148.887
127.119
284.442
273.875
261.204
249.875
238.757
225.203
207.683
186.222
161.519
325.93
316.623
304.257
291.983
279.226
263.892
244.538
220.85
193.168
363.735
355.4
343.425
330.595
316.47
299.368
278.03
252.086
221.887
394.987
387.424
375.902
362.815
347.625
328.982
305.895
278.165
246.43
415.362
408.41
397.387
384.296
368.467
348.841
324.733
296.215
264.326
420.127
413.634
403.045
390.124
374.183
354.427
330.438
302.542
272.131
406.259
399.968
389.515
376.757
361.155
342.147
319.498
293.706
266.509
374.601
368.088
357.337
344.565
329.499
311.764
291.234
268.491
245.617
330.61
323.332
312.046
299.174
284.666
268.271
249.923
230.186
211.168
282.073
273.835
262.405
249.779
235.981
220.84
204.351
187.002
170.604
234.489
226.98
216.656
205.063
192.366
178.536
163.674
148.189
133.379
192.504
187.8
179.801
169.906
158.64
146.22
132.906
119.073
105.559
160.721
158.807
153.106
144.888
135.005
123.906
111.989
99.6405
87.475
140.14
139.36
134.936
127.826
118.954
108.883
98.0866
86.9763
76.0471
127.625
126.485
122.315
115.68
107.382
97.9936
88.0161
77.886
68.0803
118.53
116.719
112.331
105.78
97.7458
88.7778
79.3783
69.9985
61.1349
109.764
107.51
102.871
96.2858
88.3843
79.7078
70.7537
61.9705
53.8352
99.9901
97.5646
92.801
86.229
78.4714
70.0796
61.5508
53.3207
45.8064
88.9584
86.553
81.8216
75.3795
67.8606
59.8359
51.8042
44.1845
37.3572
77.0439
74.7819
70.2198
64.0383
56.8934
49.376
41.9757
35.0733
28.9737
64.9892
62.9228
58.617
52.8091
46.1844
39.3436
32.7451
26.7091
21.4573
53.72
51.7654
47.7125
42.3594
36.3866
30.3861
24.7487
19.7069
15.4058
44.2263
42.0182
38.1179
33.2758
28.0391
22.9898
18.4121
14.4061
11.0772
1.26425
1.1873
1.10578
1.02325
0.947381
0.889082
0.859766
0.867821
0.917765
1.01191
1.15296
1.34554
1.59673
1.91643
2.31693
2.81253
3.41851
4.14904
5.01484
6.02014
7.15953
8.41636
9.76303
11.1637
12.5798
13.9726
15.3123
16.6051
17.8618
19.0769
20.2424
21.3694
22.4961
23.6563
24.9004
26.295
27.9023
29.7795
31.9809
34.5279
37.3704
40.3596
43.2588
45.827
47.9461
49.7249
51.5101
53.7984
57.0895
61.7728
68.0696
76.0391
85.612
96.6063
108.746
121.661
134.915
148.024
160.509
1.21071
1.13198
1.04788
0.965823
0.897
0.852436
0.839345
0.860382
0.915929
1.00686
1.13584
1.3074
1.5285
1.80884
2.16127
2.60133
3.14667
3.81571
4.62507
5.58561
6.69749
7.94549
9.29864
10.7208
12.1773
13.6369
15.0742
16.4752
17.8363
19.1618
20.4683
21.789
23.1688
24.6615
26.3335
28.2597
30.5129
33.1472
36.1652
39.4717
42.8415
45.9389
48.4101
50.0226
50.7783
50.936
50.9381
51.2922
52.4694
54.8468
58.6921
64.1713
71.3587
80.2346
90.6733
102.426
115.121
128.28
141.345
1.1635
1.09383
1.02047
0.949692
0.891364
0.855631
0.849658
0.876297
0.935535
1.027
1.15183
1.31361
1.51843
1.77517
2.09579
2.49495
2.98964
3.59823
4.33848
5.22434
6.26179
7.44496
8.75468
10.1619
11.6334
13.1377
14.6503
16.1581
17.6609
19.1715
20.718
22.3456
24.1155
26.1024
28.3898
31.0566
34.1511
37.6533
41.4314
45.2186
48.6413
51.3115
52.9544
53.5074
53.1421
52.2079
51.1407
50.3814
50.3307
51.334
53.6837
57.6195
63.3165
70.8573
80.1933
91.1118
103.224
115.999
128.803
1.10342
1.04548
0.987037
0.931938
0.886727
0.859285
0.856572
0.882873
0.939958
1.0286
1.15021
1.30792
1.50709
1.75517
2.06269
2.44254
2.90965
3.48018
4.17009
4.99276
5.95609
7.05961
8.2932
9.63842
11.0721
12.5712
14.1181
15.7049
17.3375
19.0378
20.8468
22.8258
25.0541
27.6213
30.6102
34.0662
37.9556
42.1243
46.2833
50.0444
53.0123
54.8987
55.6061
55.2438
54.0815
52.4742
50.7967
49.408
48.6446
48.8329
50.3022
53.3835
58.3743
65.4676
74.6579
85.6659
97.9324
110.705
123.18
1.01262
0.964741
0.920431
0.882066
0.853291
0.839245
0.845289
0.876113
0.935017
1.02435
1.1465
1.3049
1.50457
1.75236
2.05686
2.42907
2.88132
3.42665
4.07778
4.84571
5.73792
6.75682
7.89898
9.15577
10.5154
11.9665
13.5022
15.1247
16.8504
18.7133
20.7683
23.0914
25.7724
28.8972
32.5156
36.5971
40.9897
45.4049
49.4546
52.7377
54.9476
55.951
55.8059
54.7213
52.991
50.9311
48.8441
47.0116
45.7103
45.2409
45.9589
48.2844
52.6624
59.4431
68.702
80.0862
92.8038
105.806
118.079
0.896635
0.85573
0.822535
0.798995
0.787413
0.790338
0.810944
0.85272
0.919021
1.01308
1.13828
1.29859
1.49898
1.74568
2.04626
2.40923
2.8443
3.36169
3.97103
4.68078
5.4973
6.42421
7.46221
8.60965
9.86409
11.225
12.6971
14.2946
16.0463
17.9996
20.223
22.8025
25.8269
29.3576
33.3841
37.7798
42.281
46.5148
50.078
52.638
54.0152
54.2109
53.3788
51.7657
49.6495
47.2966
44.9446
42.8077
41.1003
40.0729
40.0542
41.4839
44.897
50.8044
59.452
70.5642
83.2648
96.3002
108.455
0.767194
0.731514
0.70606
0.693374
0.695905
0.715301
0.752251
0.808011
0.884508
0.984453
1.11143
1.26977
1.46451
1.70147
1.9872
2.32892
2.7343
3.21078
3.76565
4.40562
5.13591
5.96049
6.88226
7.90375
9.02873
10.2648
11.6263
13.1383
14.8419
16.7974
19.0849
21.7946
25.0025
28.7271
32.8826
37.2511
41.4944
45.2207
48.0788
49.8407
50.4447
49.983
48.6539
46.7045
44.3826
41.9084
39.4663
37.2153
35.3112
33.9399
33.3609
33.9509
36.2196
40.735
47.9055
57.6766
69.3516
81.7284
93.5155
0.628387
0.596824
0.576279
0.569899
0.580514
0.610103
0.657707
0.722138
0.803249
0.902522
1.02296
1.16882
1.34514
1.55749
1.81195
2.11486
2.4727
2.89151
3.37666
3.93261
4.56388
5.2747
6.06902
6.95156
7.92955
9.016
10.2317
11.6102
13.2022
15.0801
17.3327
20.0479
23.2746
26.9672
30.955
34.9572
38.6202
41.5961
43.6324
44.6105
44.5571
43.609
41.9709
39.8694
37.5186
35.0973
32.7503
30.5922
28.7302
27.2931
26.4694
26.5494
27.9541
31.2029
36.7546
44.7355
54.7149
65.7308
76.6022
0.471546
0.443297
0.425957
0.423124
0.437867
0.471641
0.521349
0.583536
0.65708
0.742801
0.842587
0.96022
1.10047
1.26875
1.47145
1.71492
2.00689
2.35219
2.75172
3.20791
3.72485
4.3076
4.96125
5.69289
6.51323
7.43914
8.4961
9.72392
11.1817
12.9526
15.1386
17.8077
20.9424
24.3829
27.8583
31.1039
33.8512
35.8272
36.9212
37.1166
36.4876
35.1717
33.3504
31.2231
28.9569
26.7048
24.5801
22.6711
21.0475
19.7627
18.9271
18.7534
19.5806
21.8574
26.0542
32.4492
40.8148
50.3904
60.0939
6.34059
6.57516
6.83728
7.05539
7.18966
7.22203
7.14886
6.97561
6.71197
6.37151
5.97898
5.5524
5.11457
4.69365
4.30127
3.94167
3.61374
3.31232
3.03099
2.76448
2.50886
2.26085
2.01328
1.7536
1.46388
5.80795
6.22505
6.56706
6.82687
6.98714
7.03818
6.97956
6.81825
6.56683
6.2423
5.86238
5.44328
5.00538
4.57348
4.16783
3.79893
3.46836
3.17145
2.90047
2.64766
2.4066
2.17187
1.93669
1.6907
1.41631
5.27949
5.71568
6.09316
6.38764
6.57981
6.65966
6.62703
6.49016
6.26355
5.96435
5.60878
5.21268
4.79486
4.3768
3.97809
3.61166
3.28239
2.98842
2.72383
2.48142
2.25443
2.03659
1.8206
1.59597
1.34762
4.74677
5.14386
5.51487
5.82211
6.038
6.14727
6.14664
6.0429
5.84971
5.58342
5.25987
4.89468
4.50523
4.11062
3.72867
3.3733
3.05194
2.76561
2.51082
2.28178
2.07201
1.87464
1.68219
1.48294
1.26304
4.252
4.57963
4.91128
5.20617
5.43016
5.5614
5.59121
5.5225
5.36621
5.1369
4.84954
4.51908
4.16154
3.79411
3.43357
3.09452
2.78651
2.51315
2.2731
2.06169
1.87242
1.69758
1.52861
1.35192
1.15463
3.80822
4.05436
4.32741
4.59021
4.80595
4.94749
5.00041
4.96275
4.84172
4.64937
4.39922
4.10506
3.78145
3.44362
3.10794
2.78956
2.4999
2.24462
2.02372
1.83289
1.66527
1.51262
1.36511
1.20771
1.02768
3.41065
3.57573
3.78368
4.00327
4.19826
4.33842
4.40472
4.39056
4.29931
4.1403
3.92535
3.66687
3.37783
3.0713
2.76343
2.46966
2.20264
1.9695
1.77064
1.60166
1.455
1.32258
1.19404
1.05341
0.888743
3.05225
3.14193
3.28578
3.45781
3.6242
3.75355
3.8236
3.824
3.75479
3.62285
3.43846
3.21292
2.95793
2.68381
2.40628
2.14073
1.90013
1.69169
1.51605
1.36866
1.24185
1.1277
1.01563
0.889971
0.740194
2.73025
2.74935
2.83095
2.95471
3.08854
3.2009
3.26717
3.27367
3.21827
3.10576
2.94532
2.74819
2.52598
2.28469
2.03865
1.80362
1.59122
1.40891
1.25702
1.13068
1.02254
0.925449
0.827022
0.712822
0.574486
41.6953
41.7089
1.06729
7.89117
0.718518
0.915678
2.76221
4.36632
0.676535
13.8998
0.223995
4.02382
15.695
4.60783
4.81144
0.842112
0.342305
7.49059
34.8246
0.243964
22.62
4.79717
4.35122
5.31803
5.19759
2.39626
5.03302
0.794165
29.3338
0.461297
128.222
5.65899
9.15526
27.3453
0.765891
1.7786
9.22152
4.62536
14.3751
3.66355
7.92526
0.101305
4.32104
1.18769
3.4979
21.9857
0.189825
0.117672
19.9175
31.6958
0.196206
12.7107
32.9834
7.35821
3.04556
0.803064
7.02676
30.6621
2.95153
17.8403
0.417497
1.39407
0.871898
2.84883
4.28206
1.66493
29.7727
5.06142
14.3881
29.3759
0.907618
5.63056
2.02112
0.717676
7.48079
23.8323
5.48394
0.201134
1.57982
7.05598
27.2777
0.670781
3.31967
0.175669
0.442859
0.444875
2.51856
0.398011
9.50192
26.6398
4.44249
58.5879
1.85267
3.83148
1.69729
0.212602
2.46982
0.215105
0.163936
18.5772
0.516685
8.73725
0.498555
6.65845
3.26585
2.25668
4.39908
27.1838
0.466802
0.412674
4.04716
4.0981
0.734217
6.26269
33.7709
20.656
15.859
3.87083
28.7194
3.19435
0.0915957
4.66584
5.41871
5.11348
8.44794
4.41517
11.8618
12.7335
30.6212
0.121129
3.48608
0.986506
28.0743
22.2372
0.880803
2.43
3.16007
0.721236
0.714718
0.159699
3.56018
11.3056
14.914
0.0742774
25.352
0.740764
8.21907
19.3002
0.797933
0.566389
6.09156
57.4509
8.27635
7.91414
8.09803
0.175833
2.74468
2.94013
10.8101
4.47901
5.17982
0.729988
2.60148
0.216283
2.43481
0.176706
8.88434
4.80436
1.14597
2.49974
3.81646
3.13641
4.02466
0.176499
137.036
1.30061
20.3273
27.819
15.9033
3.76828
21.2546
5.61657
33.5218
18.2754
2.22909
3.45067
0.176195
0.439861
22.1162
0.807801
1.51203
16.4515
18.5857
10.7728
5.02277
14.7138
7.52214
4.69816
22.9269
35.2651
12.409
3.01905
0.582506
0.601168
5.59745
3.24972
28.8736
0.413559
21.1191
2.96418
3.39632
3.0133
22.8043
5.81103
6.47438
7.80532
1.64355
10.1803
10.726
27.3974
1.32392
0.116356
7.68592
2.99424
6.88387
14.1791
9.08731
0.342731
0.362791
1.82899
0.175273
1.75555
5.10577
2.81938
12.8905
6.70829
17.7821
1.15602
17.635
3.63527
161.197
0.416517
2.6133
1.2076
2.19968
3.23288
4.51891
5.54491
0.950041
3.31161
0.237922
1.52611
23.2266
21.6442
1.07954
4.21084
0.7445
7.62421
12.9803
44.0235
2.24734
42.5606
1.90243
7.88101
1.5086
4.85871
3.05452
8.94782
2.56792
4.72754
21.1738
18.0458
0.166126
9.8955
13.3205
8.92729
18.7151
0.444572
13.6558
6.42771
2.14398
5.99771
5.91804
19.2109
16.2126
0.385222
2.10201
6.28069
0.108733
0.686065
1.68552
2.66933
0.0498753
0.145036
21.5427
8.6161
4.89792
87.2249
4.08251
20.5768
11.8047
4.95388
3.97794
0.482788
0.816448
2.75359
21.7922
147.749
0.164517
0.573207
5.8995
6.96762
13.5337
20.5006
0.145483
13.163
0.178785
14.5265
5.06647
28.2142
11.6358
2.31727
4.12637
105.836
2.40271
4.64625
17.0144
26.9956
104.774
28.9371
2.44399
4.78114
1.5812
10.16
1.92772
0.498861
3.22176
2.73261
0.138577
3.21342
2.57335
3.96915
21.5505
11.6598
2.15804
1.64485
1.29002
0.842131
2.43862
0.171618
36.8669
2.01632
0.148403
14.5233
0.126793
6.92656
33.6448
0.940371
2.72684
0.17139
22.321
4.02617
4.87573
15.3789
0.0755854
2.63801
1.20637
0.165431
2.27765
26.3299
10.7097
9.49414
30.9059
0.409547
16.7821
4.40278
4.74613
1.95748
6.3323
8.45671
4.0417
2.67508
7.87415
1.33306
1.05071
26.18
2.34533
0.272869
0.190962
1.61158
4.89225
3.16117
16.2822
4.80075
20.8449
25.9689
2.77355
8.15147
2.76311
28.9221
4.30614
3.45903
0.475744
42.5058
3.98959
0.0956432
3.63363
12.1597
68.1338
136.231
9.44812
2.05549
20.5152
0.844687
2.23449
7.13606
17.1621
0.172097
4.2148
52.0426
2.37028
5.45763
18.9205
0.432035
1.37984
1.77326
0.112302
3.9646
196.788
5.93609
0.751633
3.90527
31.69
1.49043
1.68071
1.26963
4.24302
0.0300564
1.19115
4.81159
4.21953
3.9754
0.0952077
6.23797
14.8752
13.5811
0.906497
4.61718
3.30988
1.84457
0.455072
4.93061
2.57832
19.1509
10.6709
30.3105
0.174065
0.418355
3.97839
12.6699
2.75445
2.41944
11.7495
23.9298
4.83279
3.3454
2.31802
2.08035
4.47335
0.179221
8.02274
2.9639
3.40583
5.00796
4.93881
25.5221
45.4554
3.03972
18.9361
18.6874
4.67634
12.2937
0.0459605
4.12501
0.175494
1.01954
0.538403
5.83869
37.9314
4.33007
6.54636
2.35477
5.00809
5.45869
2.43062
1.95594
6.73993
0.552846
2.5807
28.7848
4.98614
1.73228
1.53187
0.865468
21.0506
27.3002
0.635986
0.923927
3.38065
4.3691
3.60368
27.0369
123.84
44.7106
2.60827
0.16914
0.912989
15.6991
4.5755
5.21841
3.66924
0.615812
0.234873
11.7531
26.9028
9.78662
2.8376
10.2363
3.19839
2.97953
1.09065
4.83088
9.69528
2.85286
3.13175
17.4286
3.13089
17.3472
22.2174
2.26539
27.2443
0.380186
4.66335
5.56192
0.146325
4.98396
2.59102
1.67468
0.663537
0.428302
9.84539
10.1313
31.4523
22.0088
16.703
0.171898
7.63675
4.29155
19.9328
20.0081
208.699
20.7903
3.34857
21.6597
0.461505
25.4941
5.01532
2.61584
5.69958
1.28739
12.2907
10.179
7.2332
2.08733
1.24751
0.51254
0.166758
20.2914
1.22992
1.00644
0.133788
35.0331
2.6842
2.96471
4.17178
7.56662
4.47884
0.991097
31.0908
2.66427
1.39879
0.658496
2.9512
12.647
5.1874
2.54607
26.3256
15.2437
0.951917
5.80253
21.4887
1.07163
0.102221
3.97209
17.382
1.2021
0.366327
46.2418
6.28016
5.35496
4.75164
12.3947
3.43288
1.07841
1.59602
28.4542
11.4533
1.24963
6.84832
3.18248
3.8358
2.27655
13.2426
38.4858
3.6432
19.7487
0.157447
0.775948
7.93351
2.89899
4.49464
3.17281
0.429681
0.772662
2.86191
24.3564
9.18032
7.1473
62.4232
14.4863
4.82973
2.39639
1.53452
4.57401
0.830566
8.36144
2.98813
9.96975
20.2391
11.1917
15.3432
0.923139
14.0928
0.139396
10.9861
55.207
0.166955
41.8009
18.4831
4.93299
19.5455
6.68713
0.230759
0.055376
3.21504
4.26101
6.81816
4.38312
1.31616
34.6781
3.49035
7.93143
0.572803
14.6616
0.0599151
2.24465
18.4049
2.18862
14.6258
7.34507
0.172665
29.5956
4.15411
2.75189
3.07599
2.44362
2.0432
25.2016
5.67139
5.32752
3.92769
4.61099
0.148114
3.93641
6.01046
3.34251
2.32563
32.1082
0.615229
3.46842
2.95354
5.22426
1.61082
6.36063
5.75983
8.18733
8.46471
10.4502
0.15761
3.69132
35.3137
1.15632
16.0384
2.78486
3.55186
0.119132
2.29453
1.93902
0.617317
2.511
19.1913
9.08763
193.226
2.22752
3.99267
170.878
4.05289
13.1587
26.6269
7.05525
9.88015
17.8831
1.94076
27.5846
18.4694
9.99451
0.129802
9.77175
10.3028
0.822375
0.0239341
5.8744
2.54886
18.5356
41.322
8.10815
6.27437
11.3304
11.8136
4.18281
1.7273
0.164862
8.62572
3.42184
1.63955
14.6643
29.5087
20.5698
0.0824383
3.50426
2.81852
0.0920295
42.1852
72.4989
3.40857
10.5691
3.97154
10.5554
1.41175
0.159018
1.46195
1.23923
0.596015
5.15917
3.38483
0.831693
0.733893
2.78038
5.00429
2.02673
1.39184
2.8418
13.3175
4.01205
4.48479
28.9992
2.89973
0.19253
0.638284
11.7628
8.1384
19.373
8.46169
0.145634
5.09059
0.170818
9.89318
18.6249
0.532371
18.6063
19.4105
21.5425
11.1798
19.0815
12.351
13.4717
5.15202
0.155795
4.32095
3.97764
14.0909
1.03655
4.53984
1.09796
30.1443
3.38793
4.5802
6.56897
4.44363
4.66702
0.452285
33.0763
51.048
2.55218
6.37743
0.325693
18.5904
8.77598
4.14839
4.03411
1.80255
18.5996
6.03837
1.3366
47.9703
9.21994
2.54325
15.1599
6.50522
22.9957
3.08933
19.2665
2.72298
6.44097
18.4159
5.38909
10.8331
2.74601
2.16054
22.1063
0.907398
8.18813
3.03241
2.56295
6.40089
0.168108
3.06313
1.84334
16.8288
4.22098
0.0633952
5.58949
1.64904
0.174313
2.64153
0.204503
0.926776
0.0993656
13.3583
0.932014
12.4054
10.0393
19.2469
12.4599
9.71486
0.16293
6.45486
8.97116
9.56761
13.4515
3.2363
2.43841
1.73377
5.56153
0.775325
28.2243
18.3477
9.49877
7.88182
6.60136
12.0338
17.0178
0.428625
13.1887
31.787
27.8789
5.6245
2.19427
0.152155
2.46511
22.8391
24.7368
35.1192
34.6529
3.12019
4.72331
14.8924
21.7478
6.78666
50.073
6.45388
0.89182
3.29642
49.9021
0.0732475
1.57677
4.37873
19.6157
28.8702
19.6251
22.3284
4.91546
0.958401
5.14967
13.6668
41.3313
30.6178
4.51134
0.544784
1.06978
1.22307
18.3758
0.133088
0.585483
19.3769
16.1254
19.1139
8.54412
2.19682
4.45508
2.45183
20.468
0.97201
20.4249
3.30731
0.564939
1.92068
211.352
31.9611
22.7712
0.608992
3.69294
6.31579
1.63776
0.665675
1.9104
0.579275
0.655062
19.9949
0.497956
19.8963
3.64779
2.40278
7.93832
141.323
5.33379
2.24479
1.04691
24.9119
3.60024
1.5183
17.6799
0.245636
2.66976
2.62849
1.62541
3.04756
6.41977
26.022
1.07008
1.25917
0.512961
0.805493
1.1537
37.9069
4.45159
21.0005
5.71485
6.65247
0.302319
2.17371
1.62015
15.231
7.26105
18.7073
3.9463
3.81073
0.976658
21.5801
18.2701
4.70462
0.363768
7.00263
0.171742
1.69841
23.1758
1.03141
4.11769
12.3026
3.413
4.1162
2.58623
3.23615
2.72686
6.75773
12.4661
6.73475
0.245434
2.31906
0.128912
1.14161
2.38743
16.2773
1.07934
0.164372
0.757978
7.39913
3.57375
7.10043
1.88565
1.52892
7.6152
7.15621
1.06677
6.83195
8.92601
5.15762
20.1341
2.58763
2.27983
34.9981
1.64241
6.01945
6.74233
1.36991
7.42578
18.4824
2.81226
1.80413
1.00812
0.912357
12.2201
0.67044
30.6181
3.67626
0.168173
1.14621
1.10066
1.85118
19.608
4.65247
5.87814
7.71621
0.932696
13.8929
1.73657
4.03568
1.13848
7.92699
127.378
7.32008
34.7672
12.5288
12.4331
2.86808
5.03947
4.19156
9.43987
28.7708
7.52526
0.218455
20.3507
0.753504
1.47005
23.3637
0.198675
5.05383
5.64102
5.59779
6.65964
6.92765
1.57548
9.65018
2.34421
4.29792
27.5112
1.64368
6.53428
2.37412
5.17794
2.63135
0.135104
1.8381
19.5199
12.1844
18.2401
2.40083
1.10896
204.643
10.8857
9.71236
2.78567
6.29023
7.39798
2.63464
2.31031
47.1999
31.3098
4.80201
5.11676
8.85068
0.947506
43.5625
3.64143
8.13575
48.5432
18.8451
0.149599
5.52354
3.18012
14.3461
0.983445
30.7413
2.40438
21.32
0.861748
9.74718
1.82053
26.6915
2.99743
0.617983
14.5344
0.463438
47.0156
23.6583
8.80609
5.03148
13.4514
26.1624
3.81174
6.0263
0.642897
1.34361
4.56794
2.13644
4.00653
5.01431
5.72928
0.794468
2.05109
1.24557
1.75427
2.62785
0.168701
0.366152
0.18314
0.234642
1.25065
1.37469
2.85855
4.48593
5.41931
19.0309
10.4554
7.57417
6.06543
3.55162
15.3282
10.1549
0.705047
24.2902
3.65535
5.58552
0.684144
0.690271
7.50456
0.852286
10.9145
23.6057
2.10764
2.25845
0.388044
1.05752
3.16954
3.19684
10.398
1.31056
6.74463
26.6685
2.61904
14.2422
16.4211
0.991016
3.22705
4.3832
2.72681
0.676481
10.271
8.25078
3.64522
23.0435
1.96619
2.24639
36.6105
8.50524
24.4326
4.45864
0.500702
3.66436
18.7867
1.46954
5.20693
5.92323
0.975407
13.7634
2.22393
10.8311
8.60858
4.9914
8.52878
1.97481
5.85496
20.5052
3.32474
17.9167
14.109
83.681
5.10817
1.00394
39.6737
11.2069
59.632
13.1358
22.9976
0.0307723
16.3091
31.7758
0.195694
32.5185
13.7888
25.2573
16.1646
20.497
0.507402
15.3716
2.68133
0.552172
6.33833
5.76458
20.0948
7.77891
0.43622
26.0088
0.768713
4.96056
2.23873
26.0609
5.61027
15.0379
4.29633
0.211928
1.9576
18.2548
6.22552
3.12624
1.17722
1.09405
5.55699
33.4729
0.131228
4.56079
20.7462
1.02385
3.45563
35.0379
1.77543
29.2992
30.7311
4.23457
3.78389
23.3081
5.84432
7.67648
1.24248
2.76237
39.4421
18.3498
9.78155
9.68555
9.66418
24.294
5.77689
5.39176
1.8086
24.8268
3.16545
16.0853
0.623031
1.32013
3.56243
24.2934
2.19153
7.40003
4.87242
24.5234
3.57149
2.86631
0.0160903
18.7558
24.5885
0.726655
12.0948
1.97011
1.03006
12.641
3.77047
3.44927
17.5601
10.3516
3.62582
5.97439
5.10057
3.97673
17.6589
38.7671
21.5227
15.5356
3.90726
1.91255
21.4447
1.17766
1.85993
55.1231
1.31514
12.0322
63.1793
19.5198
14.2593
4.13611
25.8775
12.071
2.36341
22.1173
3.10711
5.99812
1.81777
3.93213
1.68372
0.793723
24.0694
0.130662
15.092
8.04189
0.236273
2.97506
13.4745
7.98917
0.135746
23.3487
1.06484
40.5981
2.13372
4.7657
1.10652
16.7109
17.8832
2.67265
2.52503
2.32753
5.5683
3.51578
0.612062
8.77794
20.4133
10.0787
13.6339
6.92706
3.66975
25.2745
5.54366
24.1891
0.354288
0.764053
3.19049
60.4255
1.3389
95.8553
0.479458
15.1694
7.3954
19.0584
2.92469
2.32558
18.974
0.857701
2.45175
0.679685
42.1309
17.9508
4.56359
6.95746
3.02244
10.0723
3.08338
0.75124
56.8299
42.1258
2.11815
8.20646
0.58867
0.133699
1.37133
26.9817
0.106946
81.0025
8.27541
3.64873
0.913377
26.9
6.3823
22.1242
1.88221
1.8415
0.76359
2.81491
1.29792
2.7118
1.68112
1.76574
1.51816
15.8641
24.8168
13.477
0.477016
0.646445
2.76853
6.08499
1.0426
2.2748
2.24418
26.5583
2.12474
22.0728
11.1494
17.9653
5.0464
4.79365
2.59937
3.21168
17.5667
9.8322
2.90628
4.13825
39.2697
132.252
4.6326
3.0764
5.65433
1.71518
0.478977
2.50693
11.7094
0.524232
8.98566
5.29408
9.51239
0.443284
20.5205
29.2777
8.18593
12.5583
5.08359
0.424422
10.0334
6.41403
11.3032
0.00312338
30.3446
0.869489
4.21185
8.9447
4.71473
0.346251
1.46664
2.62409
18.3884
6.44503
39.3486
20.7482
4.34505
4.14296
1.32412
61.6466
27.5596
1.84805
1.03621
7.67484
1.98842
4.90631
15.0998
3.93559
6.70604
19.8249
4.18508
2.33988
4.25388
0.916967
14.2147
3.88137
1.17032
6.47897
2.31527
3.49147
0.0969261
1.35057
11.385
0.358745
29.4892
0.470144
20.2416
1.51155
18.511
0.505238
0.157596
21.5196
7.26062
0.0623703
27.2339
9.61738
3.08726
19.9588
1.113
14.6107
21.6227
25.2999
3.95497
0.156824
2.90089
21.3679
1.4614
6.05119
3.94379
0.939455
18.3906
2.90022
6.3632
6.50791
5.49848
5.75159
39.592
1.9882
43.7686
1.58793
24.4536
1.6153
10.5332
4.53832
2.76562
1.21741
1.71189
26.1882
20.8757
18.9833
2.46972
45.1467
20.9194
5.98341
0.177278
3.1779
0.820238
18.6597
21.2987
163.56
1.91435
1.44154
15.7303
3.84872
5.76809
20.5657
21.3585
1.89576
8.97446
25.5223
4.20646
0.539001
3.1893
0.80218
18.7063
2.02925
2.05952
2.58461
0.418766
0.889372
15.0082
22.5075
5.46913
4.43747
0.384141
1.77873
0.22241
4.10189
18.7008
2.1438
4.46415
0.676277
6.17398
2.54568
26.3306
2.86777
1.49445
5.1363
29.6823
19.936
0.770733
19.3208
1.2869
1.19072
4.21342
3.15896
0.893207
3.2645
5.60456
30.6646
27.2587
2.62095
3.70264
6.25548
5.26895
0.161454
4.39646
0.992407
4.46398
5.82355
10.4455
0.175867
3.63645
2.97892
1.48037
1.1131
1.84506
2.41547
5.18678
25.0575
46.4588
2.44627
3.4308
7.86959
116.682
0.79251
3.62726
0.462763
3.34007
106.783
4.92698
5.56748
3.3266
24.5512
21.682
0.777322
5.91136
3.25939
18.9994
16.1228
2.67916
2.49256
0.889363
4.56169
4.30221
1.10916
20.113
4.48436
2.82508
2.49581
3.16488
3.51805
23.9975
3.31132
4.10121
0.497844
51.0404
17.6044
2.72946
7.10825
7.9652
1.18284
2.39401
4.0428
21.1572
6.99099
2.89874
11.862
18.6611
14.7216
10.6921
3.38563
14.7705
10.6328
8.2908
3.76017
2.52314
3.08623
8.10866
0.375421
15.3586
5.48843
0.235808
3.38525
1.58029
7.27399
3.6565
18.7699
2.40727
7.33965
6.12676
3.24501
8.35499
3.62116
2.62807
3.05153
45.7209
28.0549
3.41483
1.27614
9.63825
8.9458
1.40687
27.2701
2.93644
5.2565
2.85843
2.2057
143.071
8.19435
4.15946
1.25804
20.5556
2.66571
1.20371
5.63196
18.1926
2.41816
5.8305
3.29904
1.95015
0.520555
18.5816
0.143946
2.97335
0.0436417
4.40586
2.12748
2.08358
4.65851
2.03469
6.76136
9.17613
20.5611
1.12461
3.8511
8.89538
21.9937
4.27025
18.2416
3.16792
18.4374
0.00758521
38.7378
11.1102
27.5097
2.49276
20.7929
1.05388
14.9418
0.174595
0.137609
51.4938
14.0979
4.90497
7.67645
1.12197
21.1093
5.15813
2.49741
22.1831
0.180069
34.0582
8.33856
11.0142
2.46772
1.9121
1.44883
4.60197
4.22413
2.01907
4.08997
39.0284
5.05175
6.58808
4.36756
39.7368
4.89989
4.33792
0.13543
4.61082
3.33771
18.0792
20.915
2.51639
2.87042
18.2742
3.37432
3.25006
3.39466
4.56009
1.66434
1.55531
0.602997
4.86367
6.50015
4.47434
3.79041
18.1194
26.2885
3.08368
25.1865
2.12983
1.87876
20.7913
31.2745
17.6117
2.81879
4.92685
1.73985
3.71521
13.7164
36.9686
4.57705
5.09617
2.4732
14.4526
1.09419
3.0561
1.04791
2.07805
5.84577
10.7953
26.7554
1.0746
25.6217
17.5104
0.00414915
8.04436
17.4255
18.341
4.75138
1.55603
5.64704
1.78307
1.22907
3.94131
12.54
0.447105
7.76512
16.6985
21.7042
0.0191052
3.97801
4.40471
3.26097
1.549
0.413284
3.17593
0.178843
18.9156
0.174625
3.06603
2.95362
2.5468
9.47625
42.5145
4.8757
22.6988
6.15057
4.47291
2.84231
0.174618
15.7982
0.543767
10.5444
6.40091
4.1839
5.41268
5.29877
18.7009
1.29849
6.50846
0.204678
3.08118
18.6175
7.3473
2.57303
10.8587
20.7532
0.0275294
0.850229
4.83221
6.12251
1.31815
1.30963
20.2222
0.71184
0.62224
4.63129
5.07463
20.5107
15.9381
4.15211
3.10576
21.5476
1.63713
18.0615
2.88782
16.9724
19.1427
4.70851
1.59354
4.81449
0.92132
2.21354
28.0221
3.79979
173.7
6.8654
6.06157
5.69362
30.1818
3.75759
26.19
9.5922
4.77784
1.4395
2.18275
3.41158
1.93731
0.228871
9.10995
4.128
18.3159
3.51635
18.7528
0.504038
21.5537
17.4947
21.0914
8.48838
1.89228
4.45002
1.42206
18.9642
2.78437
11.3195
4.15773
2.70458
0.206035
2.7306
4.55881
2.69918
19.6619
1.93461
16.8041
1.41505
7.21256
21.3492
3.21716
6.44356
3.33431
4.87799
2.36581
4.25799
4.00798
0.0569775
17.7229
2.24326
46.9221
1.32999
1.74577
12.9551
18.3409
10.0407
1.75732
14.7604
2.95865
2.78611
4.28218
21.0157
15.4017
21.1231
2.67494
4.96716
4.49345
19.2026
1.10329
4.53902
2.45242
8.51092
0.930783
12.3824
30.7434
0.0257855
5.56911
1.44515
8.48467
2.58512
16.8008
0.652871
1.44577
5.12587
0.22583
3.62844
12.2678
13.812
4.01705
2.57566
5.87012
0.176729
3.05789
19.9486
2.08992
0.161431
3.10591
3.49851
3.93401
34.254
6.40217
18.7805
0.434578
4.3252
2.69632
11.4871
3.04609
5.54876
0.863258
10.8934
2.24197
11.1091
48.6539
21.4032
7.64765
3.06052
18.2245
0.331756
27.7955
4.15795
1.6799
6.9675
0.228051
0.174106
15.2742
5.32855
1.78212
1.93274
1.76504
6.75988
3.58372
5.33246
1.25813
2.76283
0.383553
11.3045
10.3993
80.0222
1.70978
0.391025
0.361378
18.8271
1.52529
4.18864
0.606399
2.51987
10.6719
3.20414
1.49342
34.7062
2.07547
1.7293
10.7696
20.5298
9.45735
17.1422
20.8526
11.8623
33.121
31.1087
21.1685
9.87012
0.0516867
3.65111
0.831009
18.6947
9.60709
0.908609
11.626
1.56179
2.87348
16.9496
4.0761
18.9656
2.35435
5.52003
0.630709
20.6173
1.1978
0.658153
0.216927
1.69067
1.98237
37.6409
4.05144
2.15981
7.81917
4.13842
2.30235
3.54456
2.42336
4.57098
2.00202
20.4247
2.99176
39.5375
6.12261
9.69695
31.9598
1.80259
9.04351
10.8245
5.83586
0.727542
22.134
1.98168
4.79112
5.51961
0.419933
8.05908
1.66185
61.2229
3.75211
6.60489
2.81851
10.0062
15.7806
0.145877
35.2603
16.2145
18.3249
9.08181
13.8771
16.2268
3.54484
0.149703
21.4472
9.71589
124.951
11.0311
44.0404
11.4452
2.29385
0.216267
0.850029
4.772
25.1543
12.1892
30.4891
19.9828
26.8128
73.1413
4.03063
8.83589
2.65791
1.69324
5.42268
4.41859
1.91703
4.95537
3.27188
2.79616
158.375
3.05466
48.0425
3.80767
36.2269
7.06225
4.29617
3.03614
2.18693
18.2962
16.6832
8.9808
12.6622
21.3446
9.56647
34.689
107.085
2.95867
8.91536
2.42685
5.22134
3.57628
2.32186
20.1741
1.50092
12.5776
5.77062
11.8948
3.82124
3.27524
4.6369
1.89897
6.21635
3.2949
10.8473
2.81294
2.2107
0.360241
10.814
13.3974
5.89821
4.99043
1.77808
3.07607
21.2046
6.81718
11.7489
4.17867
107.759
0.412506
10.8523
4.97771
5.93173
3.64349
96.8038
2.70944
6.29745
1.43181
8.6249
1.71566
1.47114
11.8633
10.3604
44.472
28.4733
49.07
5.58467
0.171491
4.58571
5.45914
3.68939
21.2766
2.78462
2.5814
2.99515
12.535
0.153773
0.373948
2.9308
1.6895
1.6963
3.07605
18.4438
9.6668
21.0938
4.52074
1.09083
0.121842
12.64
6.73334
19.3855
16.0654
4.00662
2.70598
3.69159
1.68276
4.37552
8.95174
21.1124
4.54056
4.74862
2.43352
47.0126
9.48776
0.389347
19.7152
7.64407
5.16366
2.3059
1.47633
4.32249
0.107966
1.63779
2.34567
5.36828
10.7536
5.70423
27.8359
2.87178
3.30235
3.3576
4.68175
0.638307
1.94224
7.89806
1.65206
2.82579
1.44791
0.142802
2.39266
19.9679
2.01978
1.22506
22.3071
4.70052
4.53296
3.20411
1.5473
19.453
4.39434
6.19979
5.00457
3.10827
2.83027
3.7957
0.0983223
0.122246
3.92624
0.113127
3.2842
8.19831
1.19393
18.0754
0.062361
5.35146
10.9696
4.87916
7.96486
0.357354
47.0892
6.45826
4.10676
4.71391
0.195422
12.764
11.3338
1.33266
17.1927
1.78124
9.48371
1.74495
2.88117
0.0340457
6.35988
2.56218
58.004
24.224
6.08488
1.91353
6.09886
0.12761
0.0204773
6.76539
0.376139
9.67311
1.46822
0.508915
18.9429
74.3736
1.03026
4.50055
18.6183
6.05987
7.03283
8.45664
0.40197
0.299761
2.74424
2.82341
0.209119
2.19375
4.02617
6.46822
4.72841
0.376106
7.38643
18.0288
1.00872
26.8849
2.41948
3.64473
3.65418
10.8318
5.03613
9.69091
3.68185
0.3505
5.63741
13.8763
7.84424
31.7879
8.19732
8.35401
2.79838
1.74566
3.87529
6.99452
19.9424
2.24824
2.79796
12.686
13.8199
2.11372
1.50849
40.8345
5.31395
1.04977
7.35082
0.60281
6.99558
2.42928
6.60136
1.5729
0.293245
13.7422
2.71389
7.44407
0.18605
3.354
21.1109
5.57463
0.152771
16.3339
4.86668
2.25017
4.5791
8.24253
4.02792
10.9605
4.58937
5.12819
17.8657
2.5517
5.38316
5.20649
3.07313
11.0749
11.5518
6.0307
18.1709
1.58591
0.294478
18.5506
6.08957
1.69384
5.33479
2.13763
0.349625
11.005
4.98384
11.3335
16.4013
88.8481
2.55988
3.3268
2.17103
0.140315
15.8694
3.50668
0.276056
5.18506
11.6802
18.7863
11.0118
9.29403
2.50668
61.9853
4.0926
3.27879
3.98924
7.91292
4.68158
1.90843
11.203
1.19755
7.58272
7.25011
0.798993
5.32466
37.3342
2.95345
16.4032
3.74867
3.76021
6.31876
15.547
6.924
8.48746
9.66615
8.94478
0.613145
0.479916
20.6455
3.09528
13.4973
17.2754
6.34389
10.6692
4.3223
2.17429
1.21956
7.96739
18.838
0.649212
105.488
5.55722
2.51267
8.46045
8.49638
9.64755
3.78785
5.34593
42.4685
14.026
1.78928
2.12469
7.19886
9.29123
9.00328
0.376347
5.81987
0.990224
1.31538
6.02585
0.598949
11.107
0.328298
169.12
2.75712
14.6643
0.918998
9.38794
3.4758
6.43967
2.56906
4.07946
0.171505
0.445698
4.13333
20.1217
20.6458
15.4376
5.2113
14.6387
0.395606
4.95719
24.6934
11.6383
3.57755
6.55025
0.119236
3.54397
5.04796
4.52318
6.71434
2.3656
0.508136
3.21663
8.30409
18.5184
2.07709
5.01311
4.00023
8.3338
2.73285
10.6488
28.0063
3.24867
8.33628
60.1749
2.59378
0.115258
5.66256
4.23732
18.4614
19.6886
7.34557
20.0904
19.2395
9.49054
0.518702
0.172763
2.20581
14.0697
1.97895
5.1238
12.2667
1.75668
7.00377
8.57419
21.6109
0.378623
2.56567
0.175738
1.1554
0.350899
0.147218
4.49979
2.1127
3.15166
0.167296
2.27913
4.41118
4.57119
1.68246
49.5913
8.1745
3.55556
4.77884
0.141784
4.01886
0.369197
0.373916
0.00169169
0.0083346
23.3485
0.25299
0.543686
8.95273
20.701
5.39576
1.54521
6.97379
0.303438
2.14874
0.141937
3.63124
3.31946
19.8451
5.06305
0.133443
4.64235
11.5488
0.905051
0.790224
13.9293
3.06085
5.30603
2.35842
4.16077
13.0126
0.62836
0.0850235
1.89438
6.0524
0.440102
1.79447
7.52553
5.25814
1.97689
0.00217511
0.0348357
0.0974907
9.35774
12.4749
0.205041
4.65009
4.70018
1.21756
4.4412
8.93514
0.35995
2.10223
5.24657
3.7511
0.978966
0.26772
12.5863
8.39191
8.12034
6.70554
0.176565
1.33126
4.90137
1.84791
6.62869
5.1618
0.782148
0.665277
0.410941
0.840252
0.170639
21.0172
0.130434
3.92209
11.2527
2.63175
3.81891
0.652252
0.015036
0.261874
4.77014
10.9086
6.68183
5.5173
17.7852
2.89896
3.83685
7.4939
4.76996
2.99836
3.90626
0.181017
3.65022
1.47502
2.74402
0.64338
0.183494
5.78531
0.272325
0.163216
5.09587
16.4767
0.174052
11.2785
19.8151
2.19275
4.00804
3.07975
7.33918
0.707848
49.5608
26.5861
3.02677
8.35116
5.04542
0.667202
5.68823
3.08851
9.86723
0.123844
6.18571
4.76841
0.100665
3.52446
15.5474
3.14084
1.26657
8.00642
0.101719
5.6383
2.89614
0.14856
0.126152
0.204523
23.2868
4.29907
0.143259
11.3816
0.15947
6.32039
3.8654
3.98707
3.23387
3.72771
4.46428
4.0395
0.132451
5.76658
2.02476
9.12575
2.80972
19.7425
0.19074
0.708875
2.77082
0.148213
3.67095
0.607553
2.74957
4.44968
3.77318
5.13028
5.13832
0.236765
3.9953
0.150969
5.39972
3.30894
4.68992
0.133858
20.4414
8.39439
71.1852
12.4029
1.5475
1.80019
3.84383
6.88951
4.40189
7.55975
0.398073
8.22478
3.71969
4.45979
18.2348
18.8211
3.66299
0.154321
5.20387
2.6116
2.39396
3.33327
5.47403
6.03928
3.66799
2.83442
9.55664
17.004
19.354
3.76098
3.41227
8.53885
3.03965
0.138973
2.02037
0.356959
4.52251
0.164014
0.165616
4.36614
0.403294
1.88586
3.9951
4.53667
51.8272
0.183418
2.91061
0.65698
3.75239
12.681
3.53593
2.36596
7.87188
12.0067
4.42347
0.415591
6.90729
3.20172
4.80643
33.5899
49.7698
7.02657
3.38702
2.57989
2.94571
7.07418
1.32308
13.9886
4.12492
1.6358
1.63234
4.49474
0.205451
1.63394
7.09354
0.35503
6.60611
5.76188
3.08858
0.261148
1.06786
1.62435
16.6273
8.67891
7.88488
49.908
11.8307
9.901
8.46029
5.27859
0.515925
0.954192
0.275858
1.11763
3.08231
8.65395
4.65125
1.87862
1.93116
10.9723
3.04078
10.8205
8.28053
1.61581
0.882537
3.31953
49.4824
1.74032
0.124673
0.352195
2.53749
4.19642
3.44556
0.600076
0.203465
1.09889
6.93352
19.5684
5.07357
1.2788
2.26797
3.08872
5.18512
5.17647
17.3241
20.5608
15.5711
0.29309
5.26894
1.89239
9.00306
0.41139
1.65152
1.10059
0.977928
8.57023
4.47513
1.14271
11.5826
21.8745
0.17409
0.145456
0.416675
9.06293
4.42839
5.11875
8.91088
18.4832
0.17303
3.35328
3.42767
10.2995
21.981
6.64231
2.95996
19.2494
4.8063
5.22576
17.9275
1.87217
0.173162
19.5682
19.931
31.6611
45.7789
29.3697
15.229
0.152426
4.74837
0.203452
6.49076
18.3685
0.38964
2.4655
19.601
5.23159
19.1567
10.0435
26.0485
1.268
5.09667
1.41657
17.791
0.202602
0.00347509
40.9129
0.842002
20.6664
19.8868
2.64198
2.57448
6.21939
4.39542
5.01495
12.199
2.43862
0.463863
0.132088
6.65415
0.144252
3.17538
5.08695
7.00552
8.58242
0.449769
0.278904
12.8982
7.38112
18.1208
9.86599
10.6797
3.3026
6.07966
25.8044
20.8677
24.8497
2.34299
2.79801
12.3084
5.4962
0.200897
0.0901594
8.21519
14.178
14.1818
0.351995
0.171798
0.133393
0.36258
7.79832
1.99192
44.7015
0.173835
0.177944
5.71185
8.42876
5.80147
2.35261
0.155289
14.9185
21.0306
26.0589
49.7758
35.0686
3.89926
0.146019
21.556
6.52058
0.209888
80.9768
10.5703
0.114444
9.58914
0.134924
65.4118
2.05538
31.8721
2.4157
0.449474
0.21376
7.04408
1.38475
0.571763
0.65364
1.46786
6.74356
0.16447
3.01882
2.7956
5.34317
15.1957
1.89951
49.2047
5.50051
5.68003
1.89338
7.39676
0.24819
11.0478
7.92282
21.5247
10.4843
18.6461
0.433078
13.4456
0.351617
4.91265
2.11977
1.47413
21.1138
32.0861
6.41566
3.99523
0.0828495
0.101929
3.44151
1.95759
3.17897
0.168634
1.52711
6.37
6.53219
6.74038
2.87705
1.87646
18.0557
0.165134
51.0306
19.1086
0.111206
0.330506
0.187373
0.145932
15.2605
9.97337
4.39009
44.1453
2.6821
1.13179
2.52961
0.164638
34.9313
10.9695
0.428066
3.38089
0.197163
6.46715
4.15851
0.716539
6.41588
5.34497
43.6267
4.52406
8.96958
5.88648
5.58033
3.02973
3.48787
6.96447
1.6923
0.133989
0.000472066
14.5369
6.38374
0.131639
4.75189
2.548
6.48948
20.6674
61.6386
13.2896
8.87803
0.00326224
24.2227
2.02584
3.78162
13.6841
0.913438
0.150892
19.2577
20.145
7.95105
0.174198
3.9038
16.4297
4.57519
46.992
4.21811
29.101
0.746598
4.65647
21.3382
0.211866
7.2548
1.36728
8.96735
14.2139
1.62891
0.401265
15.5765
19.579
1.46608
0.021552
6.61151
2.65274
1.06924
1.35151
2.74183
1.27537
8.53271
0.122679
2.42705
5.22443
2.61239
0.136812
0.0679355
2.0613
5.64026
24.6072
0.17567
2.55113
0.792734
47.6597
13.1036
1.44037
8.12796
2.27704
1.92816
6.51764
1.16299
24.9098
2.00942
4.08234
48.0232
0.0710224
0.714524
3.9352
2.27411
5.20035
20.3308
7.75802
14.1421
6.94726
1.66241
21.6304
8.98487
5.01736
5.11064
30.8259
47.9169
1.14151
2.35669
6.9162
1.46057
9.72209
3.03672
2.51855
2.83293
0.216082
0.105021
0.177019
3.82023
0.16081
14.1925
4.44993
0.256323
0.265551
9.22708
18.9046
2.89137
3.06076
0.178088
1.72143
3.54582
0.181834
39.7678
51.0837
2.3028
3.46562
16.556
3.51966
0.137681
2.12397
2.62971
1.50109
0.153459
28.6049
0.17835
195.485
6.4063
2.82706
6.24425
4.71624
31.4316
55.2851
5.95522
2.81865
2.53979
14.2563
12.5995
3.61705
5.82906
0.144119
11.1326
4.41329
3.27676
17.6215
118.512
4.82219
4.43862
46.4283
29.3334
5.39192
1.35785
6.16559
6.73231
50.9076
17.1051
6.9109
5.05206
7.06332
2.34649
4.05325
4.93693
2.19648
3.8496
8.64164
0.250436
7.88468
4.86678
17.551
4.76098
3.81096
11.907
1.54699
27.9855
27.9975
0.147419
3.09547
0.173647
0.133046
8.26913
2.48592
2.46385
6.62109
9.31211
11.2535
5.66869
19.5954
10.0633
0.657677
3.54094
3.56805
2.2974
2.2304
4.45424
6.40499
44.6543
0.151409
27.1895
5.51567
1.22316
0.176998
0.607687
3.2284
8.00722
2.51732
4.05623
50.4076
44.4325
10.2551
4.48864
0.427456
6.78208
5.65836
1.27715
5.8137
8.58272
3.9521
5.78084
2.13828
11.7637
20.4327
44.9531
1.99259
2.1897
5.74666
6.74345
7.11426
2.68388
17.9732
15.589
0.173421
4.58629
18.5398
7.66042
5.70645
3.18046
15.1547
4.28742
20.0325
13.1356
3.36352
1.17562
7.69078
7.54383
1.23701
3.08787
0.105247
0.142532
31.7301
4.3731
12.4189
0.217866
4.12445
2.93459
0.94388
10.9901
1.10847
1.04823
1.29963
12.2786
4.22551
4.56304
2.84589
2.1623
10.5656
0.224944
0.728565
16.146
0.424519
2.40336
5.46216
6.23778
7.70567
2.05375
0.500372
4.91931
0.891356
3.13126
2.28651
1.62328
2.44611
5.92087
0.871779
14.3972
5.28313
1.76294
0.155227
0.133838
19.6653
10.5382
25.7669
48.5171
5.34826
1.43758
2.76526
0.244593
0.176203
9.39165
2.84089
0.222425
21.9644
8.53791
0.27139
3.82832
4.52862
6.72577
6.2631
8.28554
2.85868
19.2648
48.3885
9.02319
0.911848
0.152792
2.44942
0.177126
13.067
3.13603
7.32213
1.8645
23.2303
0.39551
3.35222
15.3174
3.51251
6.78228
23.3365
4.22076
32.4839
0.191867
0.107181
1.2752
1.72258
4.75212
0.160324
12.2524
18.6871
6.27418
0.14447
2.91001
2.46414
0.0983302
2.58232
1.73856
3.11256
6.32337
11.8859
3.27942
0.420454
1.54963
24.885
5.71258
6.27101
4.525
4.4628
3.77551
7.62049
3.11005
2.74974
18.0677
20.4798
50.8419
0.350068
9.76065
5.9901
5.29451
4.34316
0.752748
13.8466
0.0619391
4.85167
11.5411
6.41907
0.00856453
0.179323
0.179599
35.5932
21.2602
4.987
3.55805
1.8907
7.15921
12.4754
6.64428
16.555
3.52973
2.03416
0.116083
10.4808
21.3105
19.8751
14.7057
0.0346525
3.62586
5.05506
2.04168
61.1267
0.153925
3.01792
10.2616
3.6671
4.74836
4.406
0.176366
0.131618
0.170899
48.54
34.6083
3.42605
3.68632
0.143934
0.161766
3.19564
0.110292
3.59813
2.96801
5.85988
0.13617
0.17802
4.60571
7.28205
6.30843
0.158195
13.2531
5.13398
6.72131
0.231418
0.181794
0.253195
2.70211
4.84895
21.3367
12.3934
0.141978
9.28049
0.202907
5.18641
1.90644
8.80929
3.95321
23.0064
7.7583
3.67736
15.4988
4.68217
0.976441
54.4119
41.6098
15.61
0.235361
28.6646
2.09445
7.84116
7.27329
30.8497
2.23295
0.229939
1.57297
1.88867
3.26497
0.230665
19.4867
18.4182
4.74747
6.97057
3.84883
1.52309
3.23764
4.09694
2.78993
0.443306
6.51148
16.0572
2.73067
8.16331
4.23007
14.4374
7.70544
5.13426
13.9537
5.5002
4.3862
0.0675207
0.0638707
0.25863
21.5728
8.84482
0.367379
2.68434
8.00763
5.47446
5.60929
9.07657
3.00586
5.57286
5.19456
4.48436
4.43011
11.9008
0.197471
0.176711
5.34268
3.17768
0.328468
3.5646
39.0199
0.929251
3.93328
0.719346
3.61596
0.126506
0.0484517
2.38008
38.243
11.5315
8.03111
6.45649
2.515
1.24062
1.12094
5.62891
0.750116
5.23609
4.89486
0.625869
6.73253
7.27572
2.455
28.2062
0.031812
0.0103131
10.7256
1.78133
3.90047
3.76581
4.03486
0.511048
6.51304
0.573446
4.06894
1.80651
8.90862
52.9429
1.57299
20.6207
0.175395
0.996911
0.237436
0.150053
3.9319
0.357855
41.5915
6.38906
2.29372
0.282039
2.27509
38.1587
0.11381
4.20301
2.6579
2.04609
15.6335
3.28957
11.3655
17.9553
0.163208
6.55086
1.64201
1.56062
4.2316
0.0124403
4.65653
0.134969
7.88528
0.180562
1.73613
2.6871
25.859
4.14848
0.610751
6.46056
3.35594
4.63168
6.4133
3.62016
0.147279
4.40092
33.3454
0.0891648
23.685
20.6338
0.527723
0.152362
16.5951
7.3322
0.417824
16.3918
0.24865
4.32761
0.132205
0.155791
0.00199829
2.51147
3.82598
6.86342
2.0884
3.42328
2.05872
25.3645
6.31287
3.93102
30.8948
0.00770006
0.0245922
9.88919
3.23502
0.288858
5.41901
13.4099
1.41254
0.190285
11.0832
32.013
6.96764
5.42431
6.38464
7.09696
9.84327
0.423848
0.823179
0.199835
0.0480464
18.5314
3.1789
54.8422
3.86857
2.28943
0.206808
3.2858
6.71106
7.13605
12.1669
6.85411
0.167133
0.467666
8.30377
12.9117
7.91899
25.0149
0.175984
6.25424
7.48803
3.04744
3.23643
0.570065
4.62596
30.8947
2.24003
34.63
6.10141
19.0768
0.350608
3.34893
2.54934
3.10905
1.74324
12.7323
4.47849
24.935
4.55339
3.86006
2.03991
6.95516
5.29239
0.187614
0.412385
9.29629
6.87874
11.2335
90.9923
0.220117
16.4885
16.903
1.83482
6.86926
6.35767
18.3519
9.89088
14.0918
7.80851
3.45866
0.273428
6.48301
6.3192
13.7345
2.57162
0.0113565
0.0473018
9.98263
17.3524
0.231954
16.876
2.1964
1.1527
3.97404
42.0936
16.7011
14.802
5.85184
6.36373
2.61294
10.9739
4.50519
13.2957
5.82478
2.54147
8.82821
0.414489
4.17666
17.4254
22.1267
28.2187
3.9113
2.26357
18.6993
0.124666
6.68956
8.30561
11.8474
1.66327
0.879357
0.393794
17.2737
29.3147
86.3156
6.36091
5.7635
6.81732
3.64502
1.73186
7.4687
6.51366
4.42596
20.261
6.63333
7.80931
12.3066
2.53254
6.34909
0.161241
0.17853
6.62277
6.76963
20.7736
19.2284
6.59548
5.54829
0.212471
3.99426
23.582
1.26474
2.69091
3.36745
7.22609
3.11511
5.53779
6.05317
2.29447
0.930958
1.80104
1.34985
6.39618
0.964922
6.48114
0.715733
9.47628
4.11863
3.31743
4.05811
20.2766
2.41149
10.7678
14.8676
73.9456
6.94951
7.27353
58.1016
1.23175
5.68999
5.86574
0.177884
1.60699
1.85288
3.91362
19.9571
4.90084
2.64911
1.73776
6.56685
20.5364
58.6723
11.1031
5.22616
6.22414
4.13769
4.58348
6.41833
6.98151
0.222722
1.46085
4.14654
3.19551
26.7719
6.8972
20.3362
2.75223
5.18467
6.47232
7.27458
0.394278
32.0542
0.431955
15.6469
9.55915
1.17558
3.07879
6.65291
3.12795
8.3191
0.442838
3.26043
5.31742
3.06371
23.0019
1.90944
16.5096
0.402477
6.42151
6.25378
0.165414
16.5519
4.89947
4.48829
4.64517
2.68292
21.1954
6.4995
11.6471
21.2448
5.44071
33.109
0.509785
1.95129
6.19173
11.3091
6.86138
4.43291
3.93705
2.56088
5.35242
2.13861
1.58291
4.99073
8.37145
10.217
3.83221
3.03015
22.9544
7.39465
13.3028
0.147445
5.47331
9.87768
4.44455
0.136507
6.62124
4.55657
5.67749
2.99568
6.39493
14.1699
14.2212
1.44954
24.529
7.74066
6.68712
6.64824
0.208979
0.388711
0.0737499
4.86542
0.740612
3.64222
1.44245
16.6964
3.43914
7.04237
43.4543
5.28044
1.54205
0.181721
0.64917
0.971509
4.93418
44.383
3.3382
5.16001
1.43271
6.70263
0.473959
0.132018
0.339799
0.2258
0.205758
1.70242
9.94571
3.59461
10.174
7.20871
0.139823
0.324739
22.9245
3.40718
13.9032
5.47483
4.42611
8.12431
49.3591
6.38198
13.6216
0.14136
1.54075
6.31736
9.48924
0.287957
0.168042
6.04003
6.2834
6.4713
8.97509
1.56381
5.88689
11.5946
19.7707
0.603705
6.04324
0.44643
1.4698
2.69525
7.99439
22.8706
71.3282
8.49739
16.4488
19.7245
8.85864
4.89132
5.39788
4.26798
2.07707
17.4872
20.9534
4.61276
21.0292
16.9243
196.36
2.64715
0.184288
7.67933
0.609475
0.179118
5.59404
8.6856
1.59712
7.19433
0.109734
6.15483
8.91251
3.97201
2.52943
1.60275
5.07132
0.17725
3.9881
19.9429
5.78638
1.51586
16.4955
1.28187
5.32165
11.3034
10.4396
55.3267
3.87179
6.51434
8.87524
7.00544
6.15333
1.00589
20.7163
1.98372
12.0707
0.213097
4.67539
2.57487
11.1625
20.2912
7.8315
0.964549
2.30393
3.96383
2.28383
2.24967
2.36967
5.29065
4.96441
6.67594
0.131659
3.49842
7.34602
5.9304
4.34775
3.28816
43.5308
4.88321
3.22872
11.3413
51.1174
4.20915
2.69104
0.782178
3.04636
0.137735
0.301658
1.33756
1.50426
0.93843
5.31661
0.227014
6.21297
17.4013
4.8162
3.70118
19.8689
0.152065
4.70257
8.90897
6.54075
46.6522
20.7977
0.172922
5.65169
2.71601
26.4235
3.71817
1.98349
6.07631
8.32733
6.16851
5.93024
1.95464
12.9455
3.10772
6.04241
3.57564
3.67831
15.2842
42.7382
5.07067
2.51353
8.49972
6.33351
2.73155
2.59832
6.01764
9.90324
1.09408
12.2682
4.92066
1.58279
4.27506
13.3479
0.403209
8.13032
4.22007
6.0795
2.88477
30.7876
7.80266
7.64045
8.71565
4.632
1.73996
21.3505
2.71489
30.0956
122.054
6.40809
5.90643
4.9574
0.140402
4.85863
43.5608
6.27492
11.9606
2.1556
6.46306
7.11333
1.49443
21.4649
15.598
0.233802
8.7741
0.16981
5.12668
0.456627
0.152345
9.53609
1.45821
1.33624
2.14177
53.5159
0.140527
0.899244
5.37588
1.47039
3.54382
0.46747
0.129134
6.28627
8.16575
2.0992
1.67565
1.90484
6.17135
0.110753
7.9909
8.55044
19.4048
4.9732
6.69483
0.704805
2.89555
0.287285
0.170682
0.117621
0.214753
5.55895
15.4502
52.8091
0.644891
0.169427
0.152527
3.83692
3.98562
3.06319
20.385
5.92154
19.2686
0.154935
10.7224
6.06157
16.3263
9.9504
0.171221
0.545525
5.14626
0.136534
0.17595
16.9002
14.438
8.02795
13.9496
29.208
11.3261
5.1842
2.56814
2.18968
7.37409
3.67348
0.139836
9.76685
19.3618
28.131
12.0091
6.75941
1.52496
22.5809
67.7326
5.71919
23.0482
5.70858
19.0061
0.138851
1.77212
2.28316
7.29717
1.7791
6.52541
0.0965053
9.36261
18.5004
1.64708
8.27149
10.1345
8.18768
6.54361
1.04103
4.11026
4.93871
4.88908
24.5196
6.4479
5.30697
12.6508
4.48736
0.755383
0.104211
1.60741
7.37263
5.18566
0.236163
4.96025
1.87888
3.66296
3.86329
0.175177
1.97685
4.95342
3.54596
0.539796
3.88947
1.60699
1.69056
5.95598
12.1245
3.58357
20.3954
21.2941
7.14484
17.2909
6.17615
6.19548
1.22212
30.3115
20.0289
20.6958
0.575154
2.15272
7.84151
0.497957
6.16485
0.367346
2.96911
2.86344
23.7999
5.8366
4.36192
5.90832
2.27497
64.4001
9.11407
0.096632
3.18559
1.71347
2.56351
7.99203
5.85996
12.5516
36.9489
2.7339
2.03535
0.0452608
4.19987
0.353607
0.409708
6.59983
5.16012
0.884544
3.35322
14.2554
6.43705
4.24271
5.58494
4.66892
7.73241
46.5441
5.9753
18.3708
0.16058
2.92928
11.9698
0.13375
2.48027
6.98455
6.3893
8.67824
0.103329
9.05761
6.29159
0.38079
1.11145
6.31713
5.41226
6.4792
0.45118
19.4935
1.22356
0.523005
64.0507
1.42568
0.143385
45.7606
6.82099
1.6776
6.3523
37.4717
2.52306
25.2327
0.410849
6.66445
14.0293
18.1232
5.86518
2.35626
17.6718
0.123417
8.53385
5.58681
7.88289
1.75576
1.9618
20.6546
1.70659
18.2496
25.0015
2.90843
0.527197
2.2088
4.02267
0.441466
9.29607
21.3865
24.4034
7.3007
4.10853
14.5563
3.38868
1.52305
9.44042
13.3525
2.4457
13.813
0.0830228
3.07287
5.15135
2.03748
21.3252
27.0376
2.99372
1.37326
8.41659
3.2717
4.64104
6.93635
5.72458
5.4997
2.10805
0.137946
10.5979
44.2084
13.8658
0.0754687
7.68222
5.38965
0.453584
5.06455
36.0103
4.68446
19.6392
27.4395
6.0603
7.68415
18.886
1.86926
7.28869
1.39339
1.66287
0.60617
3.99988
0.345418
3.64796
12.3216
1.16229
6.16223
8.25119
6.19204
0.188635
6.91735
5.64772
6.58007
26.8334
5.63079
4.53
0.628007
8.32844
10.0946
1.88736
4.22507
0.147242
7.34295
3.09053
6.91177
0.111147
15.7455
1.18512
8.89193
20.0475
0.255254
11.3648
0.181142
4.59085
0.667064
0.374838
4.79105
10.6041
1.69525
8.88699
0.15971
2.3334
6.22781
11.1411
6.37061
0.190209
0.554659
6.83087
20.7997
0.402459
4.34856
8.49866
16.8436
0.212801
36.1341
4.05016
5.29337
1.74259
7.28563
5.78619
10.7925
8.19086
29.334
6.94585
43.6698
8.22087
4.21388
6.46595
2.29865
24.5928
5.48539
4.97969
2.31344
8.66769
5.32472
10.9231
5.0484
1.31079
83.971
0.203751
7.23508
52.4706
6.6101
26.7806
0.186989
3.69212
6.50433
16.4539
0.192412
0.221839
5.01361
5.38973
14.3498
3.00829
19.0847
10.1037
45.3987
20.5934
2.10068
0.37218
21.7045
21.6623
6.28059
13.52
19.6843
21.5375
0.205327
0.211846
0.339042
14.3704
14.2729
14.2717
0.311949
34.914
0.534246
6.1954
0.416252
5.7274
29.5566
0.27536
3.27477
2.99206
4.08692
8.12094
17.9076
3.23359
5.30018
15.3341
1.12906
5.51522
6.04228
20.4823
0.140144
7.45239
7.18876
6.1141
6.29485
0.239016
10.3277
3.82762
5.45237
18.3883
62.9136
15.1766
0.721169
3.70634
2.04854
0.122005
29.7651
0.343681
1.34115
3.54811
199.123
34.2205
6.45609
20.767
3.20037
6.24093
11.4574
2.59769
0.552669
32.6198
0.927485
17.2009
12.533
2.38029
58.4886
30.7539
0.0201149
2.01449
21.8823
18.3452
20.9231
20.3634
6.30083
4.70327
24.4181
5.14037
3.68876
3.68722
0.367665
7.89952
6.00756
0.353694
1.25121
7.65882
0.168308
50.1677
0.393841
13.6345
0.321198
46.1129
5.34881
9.06142
3.45883
6.03988
4.78267
13.5859
14.1808
9.16226
1.82859
68.7067
7.54578
0.349409
0.107796
0.624995
4.1625
2.44138
1.61787
7.46202
0.116886
2.05702
4.64363
21.5452
6.65709
2.75782
1.26289
2.74088
1.35725
0.462092
5.74648
0.0220601
1.71037
0.379685
6.90789
11.677
19.941
0.173678
8.40627
34.627
3.16203
2.41132
6.25212
7.30237
25.4211
0.17614
7.6067
7.64748
5.53361
1.49504
1.51328
0.112284
2.87818
6.80885
3.91691
7.33125
4.62832
0.354586
16.9054
1.41307
20.0239
17.7335
5.23682
7.70833
0.0855834
15.9067
5.85679
6.47813
3.20526
2.99941
20.9665
18.8806
1.87432
2.26242
9.5247
1.55643
3.21081
0.324659
18.3666
2.54488
6.1299
25.8868
11.0975
3.11854
28.8294
2.72048
6.46652
0.191696
3.87711
4.22308
7.98363
0.119226
0.342537
3.24308
3.94397
0.200692
5.7717
0.163642
3.82357
1.55201
3.69086
1.16976
11.4441
5.45321
3.13215
1.30833
1.26379
4.94112
0.136434
18.1458
2.94406
2.25631
141.007
82.0686
16.3538
4.15363
3.46008
4.91272
15.8089
0.399295
2.25642
0.746504
1.29226
9.75161
6.39363
7.39469
4.44638
6.70457
19.1648
19.1492
15.122
27.8111
13.1349
6.64925
25.3638
20.3025
0.745698
5.04448
25.437
8.50186
0.825552
0.581034
2.79548
6.70522
2.96889
6.16865
6.50938
0.127132
3.80151
4.25866
5.09673
20.0397
0.569796
0.336245
3.57055
3.78255
19.0066
19.6272
7.62397
2.70629
1.64409
5.80479
2.55102
11.4785
11.952
31.7122
3.82962
3.7948
2.38635
1.15457
12.6127
6.54056
0.139798
7.39846
0.20832
30.9565
0.167885
9.35195
27.033
4.54269
0.518484
3.07637
7.16929
0.211164
0.00782139
19.0608
7.20145
10.6631
27.9751
27.8145
12.0408
5.06199
0.147628
1.2622
3.65325
4.19709
7.67401
4.69064
0.150562
4.84162
6.88922
14.785
0.575162
31.6677
3.85786
0.221458
7.57171
4.54157
2.01807
17.7232
3.45819
4.4412
27.3854
4.27916
6.7891
1.16419
5.69102
68.9834
6.70001
6.48996
10.3427
4.35782
19.3593
7.4013
1.08389
17.0406
7.4777
5.88156
2.17421
2.29927
29.5343
12.1152
0.805516
13.545
5.65645
1.59899
20.5045
0.182699
7.23824
5.83003
7.42599
2.28201
6.55888
6.22411
5.76942
24.4407
0.243665
15.8539
6.54052
0.921484
14.9827
1.98419
34.7231
3.08809
12.5026
1.09484
7.63233
0.381759
0.325576
2.87279
24.5075
4.86027
2.38143
30.5828
13.2744
19.521
2.75598
46.2946
5.0061
2.27506
3.32627
6.64257
51.4783
0.241271
27.5393
3.80288
39.9091
3.54402
1.98874
3.70629
3.91253
2.48769
0.123242
21.0553
5.01967
0.729671
18.9531
26.8443
58.3582
5.9447
17.0917
0.16495
4.01493
37.7172
0.413002
0.176299
3.24685
1.01537
0.218334
2.83812
0.300979
0.138337
21.0197
1.80262
4.43475
30.4096
3.20132
0.127851
25.6644
22.074
20.6111
6.78439
34.429
1.60686
2.2012
9.17437
5.22574
13.4484
0.987016
21.7369
3.06252
4.93998
50.8634
1.24063
4.4168
3.53741
0.232892
15.3981
1.4128
4.04871
0.844536
8.60171
6.31286
9.80866
6.44606
0.130719
0.175273
0.0871916
1.93798
3.95769
1.7793
2.87526
3.31443
23.681
27.3198
0.586646
15.6397
4.85754
2.10614
0.0255672
7.5318
5.14149
9.40191
9.37157
19.5185
2.95221
65.2026
5.96712
10.5534
1.27572
25.3174
27.8455
21.794
7.94013
1.45967
4.27495
24.1826
8.54796
1.49157
1.14912
4.86599
1.2969
3.42725
0.959919
0.384047
8.91672
50.6843
45.2139
4.5331
20.2667
3.75298
5.53989
1.58948
1.12854
2.44321
8.63809
0.156234
47.8273
10.0282
1.14041
0.66627
1.69285
1.83724
0.380361
4.42143
18.7158
1.20023
35.1618
34.8033
17.6909
3.1039
6.89323
0.663748
1.15792
15.5974
5.75884
4.468
6.52413
3.50291
9.75203
21.5622
22.8857
4.78714
3.60302
59.4901
33.7995
6.39791
0.727022
3.76393
1.40035
6.77644
0.399883
2.17372
12.5736
10.1171
2.23669
19.2396
0.344745
4.36006
2.17211
4.25199
20.3763
4.86964
7.7646
4.43003
0.603608
21.9236
0.176133
1.78878
6.29266
0.183329
2.13859
7.28705
3.03233
19.2135
8.38901
18.8812
5.70559
3.25561
1.83535
2.61698
4.03321
2.40408
8.69667
2.67627
31.9918
6.52017
30.0757
21.3732
40.5925
0.16695
1.34912
23.7849
8.21397
1.44625
0.356678
11.6747
8.20183
3.47962
6.42288
1.32068
24.6854
7.18583
5.15073
1.16793
0.397288
15.4492
3.53332
3.69448
0.48197
4.35595
0.130569
5.24933
3.62102
5.6238
24.6267
28.2326
8.16449
1.51786
1.86615
6.23329
35.1886
3.31733
7.75271
2.94065
3.92575
4.55108
20.3597
5.28517
0.177049
2.34945
9.34472
5.5529
6.79979
8.78254
2.2729
9.65953
24.0739
1.10884
2.98508
5.80039
35.3623
0.524292
2.17264
36.0598
0.550386
5.01241
1.91476
10.5815
6.51572
13.6053
1.86916
17.7786
7.40888
20.8653
4.22555
4.06273
6.75998
2.8304
4.02671
14.3597
1.66845
14.605
0.811772
12.1639
26.5671
32.5375
0.442106
0.346473
30.377
6.30301
1.02926
8.01276
2.01805
9.70056
0.125841
8.9549
0.715061
2.44508
3.26527
1.07933
3.7999
6.15813
7.16415
3.00718
7.52209
19.0465
2.06604
3.51454
20.508
21.6576
31.6395
11.0637
11.3246
4.94105
7.88505
0.195002
0.51098
2.40115
4.29384
1.35892
0.423689
0.123051
18.778
1.98167
4.18174
0.0124131
4.88628
12.5207
6.6135
20.2441
8.15445
10.6485
4.58886
4.9621
5.82367
0.139097
9.44356
5.73788
19.9137
7.51625
19.042
2.22064
0.922049
8.8676
9.31089
0.621146
7.68124
1.63791
0.152451
20.1588
8.17582
2.10574
0.417147
3.04359
13.3075
33.6934
2.09842
2.09876
23.5799
3.64232
0.119507
0.367815
17.2828
15.3858
6.94168
1.86534
3.8131
0.223093
20.093
4.63119
10.4954
6.58677
5.66206
47.7675
6.65248
7.86727
24.725
1.3006
0.207721
19.0465
5.82242
33.9828
6.01761
5.23778
8.45822
24.9217
0.369588
2.17031
6.65497
23.7255
0.134638
3.64681
4.90947
0.163699
26.3582
3.57503
3.03049
3.80105
47.0116
4.22204
4.89149
4.73494
18.1239
0.390842
1.21055
1.44765
5.4465
3.71279
3.09412
17.2859
1.98462
5.4671
0.138139
2.74551
9.37188
11.0445
33.0396
4.92407
7.88337
2.15757
0.124367
29.4406
2.67756
4.58973
0.784275
8.10365
0.135726
6.03442
2.57288
5.01567
10.2012
1.1771
23.4133
0.237121
4.37566
0.349242
6.7409
3.82827
0.506069
4.67278
2.5727
4.08244
0.832463
3.03642
0.237912
0.379888
3.54205
23.4114
6.57735
1.97176
4.40704
0.816964
5.86448
8.06225
42.2401
0.72746
4.8526
21.0988
57.2333
1.35811
3.99164
0.465826
3.0479
2.10489
8.36946
1.80458
1.35267
2.07863
11.4795
4.30414
6.70916
5.93779
0.390495
8.36899
20.3442
0.858043
3.34632
0.42002
5.85742
5.03231
0.338112
1.15367
2.26066
0.666317
22.7144
0.248507
3.49037
9.23408
0.352744
2.4301
4.04804
6.83836
6.01818
6.60904
16.9527
1.53336
0.12403
5.49649
44.1188
5.28341
8.59978
0.342293
4.05375
8.63785
0.173491
2.65601
10.6093
14.7312
8.73129
4.2558
0.186438
2.05072
3.02748
5.1638
4.54926
5.36586
7.15177
15.9253
2.59354
2.57623
8.48524
1.24355
7.52626
2.1339
5.37532
1.7994
2.25615
5.67659
1.61369
2.16974
0.941939
0.343726
96.2474
0.752444
0.171183
5.67427
0.499426
35.2346
20.7091
25.1007
11.234
2.15624
21.2871
3.83073
0.158858
5.57484
1.29837
12.1448
6.04904
7.45883
2.12777
1.25876
0.149852
6.44926
0.147771
1.23744
0.341769
5.96266
2.50837
1.43432
0.15656
4.43605
11.6781
9.26535
0.487833
4.50851
19.357
5.79233
24.3027
1.34906
2.32517
23.481
17.6381
0.183562
0.372319
1.59966
4.12982
15.4761
3.31196
1.09705
0.349712
0.63096
4.41353
8.27826
1.1911
0.954435
2.79891
1.44253
2.57011
6.49496
10.9945
6.41939
4.27383
8.31449
0.359239
0.183789
2.29167
1.2868
0.384134
1.27633
21.1444
0.202678
0.0928806
7.46983
1.34868
5.99097
1.28264
0.463897
22.4378
2.44807
1.66095
4.34208
2.2337
0.156882
4.59272
48.3809
2.46448
2.22844
23.7706
2.88274
7.10978
7.97479
0.437454
4.60819
13.5366
1.30019
20.8745
1.4308
7.60705
1.2488
5.88787
5.83821
0.408274
4.69696
0.724231
0.55884
5.82289
1.47816
5.45154
15.7829
1.19018
1.54487
2.24299
4.62146
0.228318
5.79106
3.92012
3.79236
11.0372
3.16526
3.48699
2.18688
1.1013
3.92278
2.8436
27.1826
0.796355
1.39054
220.202
0.176226
66.7508
4.61498
9.39695
84.6673
5.01906
0.127099
2.24129
1.50479
0.380273
13.7579
0.153064
17.9312
0.0662189
2.63331
3.36605
1.40452
1.25886
2.19536
21.2648
1.58411
3.11725
0.190113
5.11911
0.267026
1.54418
3.79792
7.32106
7.44936
3.06181
1.68572
57.9215
2.67103
0.521706
4.38036
27.7238
0.415779
65.1622
1.88503
12.2858
0.451293
19.8335
12.0059
2.41135
2.65365
2.61468
1.55601
5.362
3.83624
24.5154
7.12228
5.76178
4.19839
17.1124
0.162097
18.8692
2.09355
8.30253
56.8781
0.136862
16.3431
10.4147
2.33746
6.7117
0.117242
2.03475
9.39015
9.02099
19.9844
0.141832
4.25919
17.1287
3.44473
3.58371
0.939656
2.22787
6.35589
3.66235
20.3124
19.6193
7.37641
11.4613
8.59102
0.61498
19.1461
3.1331
7.24091
0.142948
1.2232
5.54579
2.7609
3.00508
8.9425
4.49615
13.0004
0.113429
14.5309
1.01347
2.17251
4.22083
12.5913
0.79979
2.77019
6.6227
1.97117
13.4497
22.3058
28.7495
1.40079
0.321582
7.04877
3.26934
17.4469
0.107436
6.5083
1.3394
0.824987
7.45108
2.96711
4.32283
1.18049
3.60817
1.96182
3.0302
10.1941
15.2341
1.68453
2.88999
0.138611
0.829246
22.9896
20.2699
3.94555
0.414888
0.884603
1.52716
0.212187
2.27889
1.98545
7.09387
1.7503
0.787756
2.93478
3.03727
7.7735
18.7741
3.74237
6.03349
0.0160501
6.2734
34.5915
2.9578
0.578755
2.75573
0.173221
6.518
8.38765
8.34787
0.108167
31.6403
1.76149
0.646319
1.64453
18.1361
0.815261
29.3267
0.108618
6.08289
4.89854
4.64611
52.0502
0.889391
0.202545
16.4678
0.962216
7.20189
1.16938
18.4183
12.8063
1.99858
7.76536
24.8272
9.57349
2.71877
23.3257
7.99852
0.132367
14.2679
4.30751
51.6149
238.13
15.1451
15.2634
27.1969
14.2889
0.707054
24.2805
2.59919
7.79842
31.088
0.35456
3.36541
0.668405
2.30488
25.1254
0.973241
1.69728
0.833305
23.3945
1.82901
1.83399
12.5172
14.6416
8.63038
2.68059
16.3894
7.12389
230.448
6.31227
7.31462
7.08871
3.4889
12.6804
23.3299
3.92124
1.2381
0.892289
5.72356
5.83169
29.6604
11.7822
0.191398
31.3842
5.27596
10.6985
2.3211
5.77878
0.095247
16.6671
6.52931
19.0314
4.07536
4.38894
160.509
3.41051
3.39507
3.08742
0.188304
26.2175
2.4718
0.231387
4.2721
0.107982
0.804187
0.438962
17.6449
1.36422
3.28182
9.06076
1.97172
6.94226
4.20453
5.86521
0.136973
15.5756
3.87338
8.88347
16.496
0.144113
0.161144
1.72151
1.34854
3.56995
4.0239
5.71588
3.06331
0.128215
14.9809
0.175767
2.56358
3.2827
247.198
0.860149
200.007
1.36996
0.54664
2.90312
18.3691
2.17476
19.5759
0.936476
10.0279
11.0946
0.127256
2.97275
0.150294
0.124336
245.374
2.72998
3.9118
11.6566
18.0436
5.38977
19.6202
0.118985
0.151984
2.83332
4.26745
16.4474
0.607672
1.05387
2.14072
24.4813
20.7211
3.57881
32.1167
0.464841
4.3416
2.30095
4.22542
2.1168
19.8336
0.356882
7.19596
23.867
0.141096
22.7866
19.4695
0.120493
6.64333
0.420469
0.211557
18.4472
15.2597
25.2346
9.38399
31.394
5.61555
13.6422
10.4747
8.90862
0.139085
8.44528
18.6556
0.119872
0.763819
28.1507
0.897223
4.20666
6.76393
3.77599
45.9085
0.150176
5.9167
0.17555
0.133886
21.4734
3.31862
1.13925
2.12534
25.5824
5.33051
10.8134
0.281014
5.1287
4.24238
4.90203
5.61506
0.88098
16.1422
87.1702
49.9219
3.78792
5.02679
4.04509
0.073383
0.163278
2.98511
0.0843271
37.2844
9.38534
3.27627
2.99239
3.56138
27.5429
0.112021
2.44485
2.31321
4.56788
0.195022
8.22873
1.30823
0.171204
21.0347
0.186302
0.180837
0.111503
4.69526
8.17594
5.77849
6.60962
5.62183
30.371
7.84683
1.81104
5.55613
25.2852
3.31703
3.49016
0.5012
21.5101
24.4846
7.25948
0.361355
12.7382
3.34648
0.472779
45.971
1.52197
58.1911
2.82487
3.8261
22.3169
4.15929
3.54419
4.46504
0.284654
2.51154
20.55
2.01271
2.27817
39.2326
14.8422
26.1186
5.38208
42.8499
0.140379
16.997
3.9108
2.96356
5.32617
3.50748
10.5232
28.9772
20.3952
5.88468
0.590106
0.0943159
1.59872
2.00768
12.5136
1.23876
49.3419
3.26402
2.23862
0.353257
0.866357
0.653782
0.438211
0.296786
20.2729
0.76292
1.05385
0.518229
0.933324
2.0332
2.39473
6.1494
0.136978
0.363396
7.206
0.17341
0.147781
26.3776
4.26745
6.89919
2.75626
3.56008
24.2445
9.51159
3.34635
1.16531
6.95791
14.8866
1.73838
0.904672
17.8483
11.5765
2.12429
1.32179
1.12185
219.793
2.51397
37.8494
0.783221
0.486396
6.71469
21.6137
0.946006
3.25193
3.09236
1.39972
136.772
2.31861
2.85652
26.4345
4.78269
19.8475
6.89857
0.205597
2.64711
4.57176
24.8486
10.5667
1.65536
28.0678
0.183228
2.95227
4.61498
5.64761
6.89233
1.12998
2.67151
3.8243
47.2483
4.00167
0.136567
2.21463
0.984604
2.87978
6.70394
16.8241
2.00167
78.8394
5.17081
18.2016
4.32106
0.123445
22.0356
8.6919
5.059
0.131951
18.0522
9.90418
1.65415
3.42798
1.16876
3.44056
7.37731
0.104555
0.847603
4.68751
0.785148
6.40611
8.2257
1.48163
9.39188
4.56583
0.861648
0.159038
26.3077
2.66282
29.2263
3.88759
17.3537
4.85732
29.8135
73.246
0.686574
3.6818
5.03997
8.20802
12.494
0.762778
5.70184
6.7589
17.5991
5.45267
32.6986
5.95144
0.819233
9.73379
5.90011
20.2152
22.0452
23.756
27.3685
5.38096
11.1116
2.90681
0.382947
10.1714
4.52948
4.61706
3.75858
9.35782
3.67028
21.185
19.8321
4.2657
9.87248
0.818648
0.130311
7.9663
0.9767
3.09325
0.567443
3.81319
12.9487
1.68895
3.79408
0.156633
2.40564
6.47919
0.797966
7.79277
1.09394
5.65829
17.6655
20.5333
3.25344
7.75643
14.4167
4.72706
4.35739
26.0588
3.98766
0.782885
0.118798
23.129
2.01213
6.73026
0.114796
78.1823
5.51284
0.150499
25.2766
3.97854
0.213442
0.201609
61.3113
3.52211
3.84578
1.40316
2.76781
43.4058
5.3976
4.09847
2.87381
25.0113
3.98291
3.12387
5.31479
2.74093
83.0987
1.79956
0.170897
7.15352
8.28528
0.40475
2.64493
0.362433
20.4847
0.119637
0.104429
0.136196
1.37513
3.61341
6.26036
40.0541
7.17614
0.178615
4.31576
4.25744
4.80128
17.2227
1.40628
27.6197
5.35432
37.1421
0.122385
0.164975
0.136714
6.55374
15.3054
0.109382
1.60119
12.0641
5.59175
0.193772
1.47892
18.7476
5.42945
24.7205
8.55085
1.4178
2.87653
5.94106
7.11077
9.61948
2.91552
0.056412
32.8383
2.70747
28.8386
0.14402
0.230682
4.74588
6.66037
30.5845
49.3508
1.76418
1.01338
6.65799
25.1278
0.461962
6.14177
4.23467
211.583
0.00999087
1.01001
232.78
0.832014
0.162075
2.53149
11.5793
11.103
2.15438
176.054
5.57812
50.124
5.16877
13.6407
13.6294
2.79646
3.82424
231.683
0.180766
7.41561
91.1449
38.0058
5.25427
0.724825
2.21848
68.663
0.455143
1.59435
17.8024
18.1112
6.72202
4.59749
1.53233
8.36754
6.51278
18.2471
5.25123
2.82581
5.93524
20.0734
2.05424
0.190049
2.72307
5.70894
13.0047
4.87921
2.04383
49.9812
8.90589
20.4298
5.01492
1.57234
0.112874
2.23842
2.43489
3.65865
5.28838
9.09446
3.78857
2.56961
0.237198
2.49296
7.08974
3.89445
0.615381
2.6296
0.14183
29.3749
27.6911
237.444
4.26313
0.131585
2.20476
4.8765
8.77794
1.98535
1.05017
1.99465
0.191976
36.0763
9.26349
4.73541
8.61828
7.84978
6.10299
9.81738
24.0979
2.70136
6.81537
27.3108
14.5305
29.3251
0.673067
0.1201
0.159977
0.275515
31.4751
5.26834
17.9337
9.30184
23.6575
33.3651
0.177259
7.86463
4.93335
22.5876
3.40548
25.0444
9.14599
17.7476
3.42925
0.399574
2.87447
1.28382
3.74715
42.4706
4.02768
2.91751
2.89862
0.127307
9.3743
2.18803
20.2328
0.674903
14.0402
20.8399
16.0519
83.3032
1.22527
17.8625
3.01959
20.2946
2.64039
0.118742
16.1017
23.6059
6.20373
0.108194
0.189385
0.792664
4.47851
25.0346
0.476538
2.3736
27.3496
0.642689
3.06975
6.90173
0.259355
19.2541
2.51616
4.96327
0.84865
0.607501
38.5222
1.96569
3.56161
1.8079
7.59731
4.79266
29.1837
8.1753
6.86966
1.07156
8.62396
9.17576
1.02517
17.0848
5.1004
0.95798
2.1624
2.46719
1.00278
2.9993
1.14929
5.6247
0.151857
0.161157
3.58897
17.8219
28.3457
4.37241
26.3594
3.40125
15.5089
17.5724
0.252547
0.708277
9.28911
4.22033
4.6661
0.750669
2.03969
2.76702
4.87125
22.1395
6.51911
4.86898
11.8195
39.7527
3.14988
0.410105
0.0253255
2.72453
17.9848
0.244494
5.74214
1.41712
4.80696
1.80629
1.26406
21.6464
17.8575
2.83703
5.19687
2.96895
2.55393
1.31001
28.9745
0.450279
36.5917
21.0457
7.02057
2.5784
10.1023
6.63344
2.59287
36.8615
0.0172025
28.6754
19.3093
4.93099
15.9009
0.21014
6.02568
4.96825
21.2274
6.06819
21.4312
3.53828
2.92622
6.73048
12.2487
3.48288
105.549
5.54999
4.79781
7.11899
0.159819
16.2606
5.86954
41.1161
19.4649
1.47588
2.86885
3.27137
4.65551
0.981357
3.49805
19.6641
3.25436
2.89638
5.1825
5.47526
4.88083
21.628
21.4992
0.114398
9.26984
27.0244
13.7393
2.65224
6.45524
0.145137
0.145598
0.162255
19.9158
24.6754
14.0312
39.1948
2.90193
3.03359
10.0633
3.34558
21.9518
15.5506
0.740305
4.15676
4.15171
18.0017
0.296754
18.0282
0.106306
0.982914
7.97058
2.19097
8.9375
2.40004
0.673175
9.45703
14.2675
4.36619
0.137294
4.31964
0.317326
4.82618
3.41878
4.32356
6.20493
6.4589
4.51294
0.567736
1.17537
2.09745
15.9911
16.0546
20.2674
27.314
0.622329
0.12644
2.21088
2.59721
21.4436
24.6073
5.18779
25.2902
24.3647
0.75415
7.99924
8.43841
20.1007
12.9469
2.30991
0.709099
4.40785
1.16707
6.82515
2.79555
0.138947
0.414603
10.8334
14.3927
1.027
2.23232
3.25942
0.701752
36.2586
19.5012
23.5718
18.3379
1.09987
6.58376
3.41577
6.40778
0.505319
35.5323
3.1836
0.834711
6.1055
0.18258
11.3769
1.47978
3.38084
14.7413
33.2323
16.2053
4.94861
17.5373
0.353807
1.64077
9.46439
3.97892
14.2006
17.39
18.3044
3.88156
5.25516
0.249548
33.7007
18.0357
0.111055
3.20225
20.5332
56.5601
0.174497
6.37062
2.41153
3.89323
1.58286
32.7872
12.9291
10.6814
0.119723
30.1783
0.123211
9.39923
1.53472
1.37068
13.606
13.9156
1.68289
1.03366
3.01168
2.93296
0.227418
18.9564
3.20516
0.175912
0.0943605
2.8375
25.0817
0.293003
5.23194
2.15249
0.105671
2.7024
2.51731
46.4983
0.497701
17.1034
0.829136
5.68172
3.84936
4.71508
0.00620459
20.9383
5.66155
1.1203
12.8346
4.4575
3.2444
24.9826
1.23097
3.10774
107.873
2.40702
3.92457
7.16757
11.5125
7.08791
2.49548
0.831724
2.80508
4.01365
2.74236
5.8408
23.6406
21.0242
27.4197
9.50903
1.22283
5.78669
6.21514
3.04202
11.2318
2.9014
0.727412
0.2385
42.0513
18.6305
26.3031
19.2201
1.60008
0.778585
16.1652
2.14009
1.07119
13.8568
2.69089
0.176966
0.884638
6.50196
1.36562
0.157041
3.55323
1.34649
6.73261
3.49364
2.65333
1.73607
0.533094
5.13342
3.23232
22.0852
4.03722
0.283043
2.82451
18.6554
5.13779
2.59852
2.59221
9.16121
2.90857
51.0794
6.18346
0.449105
6.1147
3.58924
138.695
4.94665
3.03885
4.64774
0.130439
11.2382
28.1557
37.4845
0.0335582
2.53031
0.17647
21.3349
1.99465
1.01324
6.27414
12.5531
7.57728
1.33237
1.53161
1.39791
1.70618
4.30894
0.134808
3.8206
6.84074
0.980081
0.138537
23.4868
0.399095
18.5053
3.05085
5.66472
5.84934
18.6811
8.90698
1.18398
7.24719
0.680848
20.1058
2.37663
26.3765
15.9584
35.2758
5.36781
17.6745
3.35891
5.82428
4.10375
7.3128
13.5241
5.3971
0.515716
21.9654
0.588225
2.14397
13.0374
3.61973
3.42433
6.43986
1.64101
4.59901
1.84611
13.1091
75.8433
0.436954
1.31134
2.66869
3.68523
6.17419
0.565341
1.31557
24.3146
2.16354
5.79312
7.52876
16.2453
18.7911
66.9536
0.512752
3.21699
3.56453
8.86708
178.618
4.15584
3.75228
22.6543
2.30968
4.94918
2.80262
13.0394
1.50681
1.67943
2.45397
26.7017
18.9602
32.6409
1.22099
16.2821
16.8852
6.39555
2.26641
2.69184
6.68201
49.5766
2.73356
0.4975
3.95095
2.56102
37.2699
0.315574
0.233656
3.54197
14.6974
27.9802
0.891203
1.03245
16.5672
23.9906
0.185524
5.90116
8.26466
1.21399
2.47771
20.8086
33.215
3.92704
18.5672
26.8984
0.105005
10.328
0.139369
8.32967
3.19891
18.4275
4.25095
5.22222
3.00083
0.442965
2.81891
2.38337
1.33731
49.4655
2.22998
19.9077
0.863509
1.63697
108.014
3.20342
4.90938
9.69997e-05
4.0335
1.20545
0.0851349
15.8554
36.7287
17.3914
2.32113
19.9919
4.84126
2.34555
4.37004
0.604892
2.17455
36.3569
1.84273
17.6524
2.99831
0.58139
7.18458
0.0595062
3.73395
125.017
0.768359
4.2556
1.85002
3.57342
5.5683
0.719079
3.07488
18.9905
0.15423
13.5763
3.70718
2.39168
1.17037
4.33256
4.15869
20.3992
19.2678
11.2576
0.550491
9.99714
0.425685
1.13138
1.55042
3.60132
5.28328
3.48805
2.22052
33.5915
6.54555
8.7058
2.44461
4.3584
4.80718
2.93763
1.38031
0.363379
17.3984
9.45988
3.19995
17.1882
4.13605
9.04133
1.31677
4.89339
20.0462
8.13548
44.0676
0.199553
4.82111
0.109093
0.0874857
24.9141
20.0493
35.6803
2.47195
1.81405
4.81548
0.236863
0.308947
3.22091
6.44352
30.6967
5.33488
4.41884
3.54924
23.6962
1.41885
0.416442
0.113281
6.61727
0.119788
18.4617
3.96261
8.12074
152.787
12.9228
1.08141
8.63631
15.8945
2.60939
0.915522
0.17642
18.8651
0.507005
1.13312
2.06624
0.211633
25.9295
3.36782
4.60827
0.1169
10.4719
2.55712
5.2676
1.62205
0.651489
3.48785
2.64257
9.79046
0.0453125
3.73734
0.475437
0.348982
0.460211
4.593
31.4538
6.98011
15.0375
4.60434
1.51313
0.111643
4.36703
3.01362
9.34909
10.3534
0.167194
0.812156
6.81951
34.2422
5.7379
1.41535
0.586064
20.9032
0.82733
3.00558
1.6529
6.74075
37.3046
4.10876
0.172887
4.25826
3.21957
0.13645
4.7902
19.2882
2.47637
20.4583
4.26156
2.44566
12.4183
48.0909
1.04467
0.145743
4.0975
0.0920265
5.55426
0.634706
46.4273
2.77675
0.199637
2.93153
7.55368
6.08196
5.33273
5.81748
15.8146
7.39596
23.5119
7.33362
27.3892
0.130501
2.45481
3.5178
0.861764
0.815675
6.13491
23.1423
1.71412
68.0284
2.76678
36.4945
16.9332
4.25506
1.52246
2.46417
0.779086
68.9365
7.94261
1.83171
6.76737
1.69775
6.05724
0.349757
2.33888
5.74364
0.156794
8.46205
17.6503
66.2868
3.57057
6.43381
0.243329
5.95198
6.28322
27.4029
22.0727
0.422277
1.80619
2.55611
24.9074
50.8416
31.5218
4.58282
3.08907
0.453702
3.26481
17.6586
7.47379
44.7807
6.47597
2.6303
0.874211
0.0821499
17.8928
20.7358
5.72334
2.37005
18.9481
20.1281
1.9844
0.755495
1.87231
6.43214
2.42966
2.60865
2.19119
1.16478
6.40933
13.3156
1.5754
0.743892
2.07441
2.93619
4.5345
4.4981
17.4991
28.4854
0.453501
51.1169
6.69034
0.114595
4.36764
6.93197
0.181396
2.35877
0.132629
40.1145
5.35077
13.1255
8.78828
2.44125
0.0897569
3.03562
0.353443
18.9402
1.21083
0.601905
1.62828
5.60453
0.24128
0.140114
1.51323
3.26638
2.61295
18.5188
49.7454
1.00622
4.55992
11.1582
22.7657
23.4472
1.82291
6.05073
2.44224
5.29161
29.225
3.10542
1.96981
5.7015
3.5394
11.5725
0.784195
2.54487
0.11056
4.90526
2.33917
0.662764
1.40378
2.95884
3.22173
4.62262
5.78711
3.71456
2.0072
2.185
2.88219
4.62137
25.2737
3.19927
0.472105
4.11441
0.307726
5.2919
4.61027
18.5503
11.795
0.43626
25.2058
3.61908
0.189867
0.881887
1.53964
27.8891
18.7298
2.00025
2.97121
5.31883
1.459
1.02182
0.375457
26.9685
3.4395
5.90087
1.96987
0.69645
4.84904
11.1803
1.05032
5.03204
0.114366
20.9192
35.8904
3.83543
2.37197
3.21549
0.115131
27.9162
34.6798
7.34096
2.0836
1.61536
0.949859
3.96725
6.50958
3.10725
0.780651
6.72488
3.98844
5.89212
2.76604
4.18049
0.956748
3.73372
1.99817
3.53876
1.99644
2.87046
1.93095
3.83135
0.559942
4.7978
14.9312
5.4912
2.7819
5.36202
5.84348
8.0338
9.97878
0.101665
10.5368
3.10028
3.8202
4.30634
5.21096
18.7008
0.0930111
6.11815
0.704085
11.743
2.24754
18.0043
20.355
8.79909
21.1285
0.115372
12.7642
2.5494
26.6741
5.64281
25.1122
1.54702
6.13738
18.1789
28.9756
3.3608
6.10307
7.84461
0.404709
27.1967
25.8019
4.18108
17.3851
1.95087
19.1768
147.429
1.99483
3.01869
1.82109
2.54334
9.72442
14.8547
0.388767
4.82912
0.122721
5.72282
3.80969
4.59863
13.0041
0.146127
12.0279
47.5956
1.78648
3.9992
0.79212
9.75485
34.5844
13.1927
7.49641
17.9991
26.0596
9.22644
2.22415
10.1007
7.23957
5.67475
2.63361
27.0287
2.25697
6.58916
23.2837
2.40143
3.27608
0.0951389
29.7896
2.3484
50.0834
5.4648
3.28305
7.18927
6.23394
32.4746
13.5453
1.88605
0.108186
8.43975
18.6141
20.8046
20.4649
1.36979
3.24351
2.40807
21.4871
26.2683
0.045974
14.8472
1.63974
2.38014
67.0227
18.794
19.2581
0.962783
4.56792
2.48893
0.979787
2.71738
0.157601
4.0988
1.50375
6.46468
107.151
4.42747
4.2673
0.610385
4.60907
0.633657
12.3737
29.3415
4.67025
4.80389
21.828
33.4088
21.2559
3.06562
21.0609
22.146
11.4392
4.91852
3.99836
69.5735
0.369438
26.6189
1.64185
4.47654
4.75939
21.3063
4.66464
0.0991573
19.4603
1.68502
28.9608
0.583805
19.7287
76.9833
2.25931
33.0195
0.059369
8.06616
1.16843
3.34714
1.57751
0.0672384
10.9734
16.2989
2.723
2.28262
0.365572
5.81825
2.58564
17.9684
4.55379
14.1456
0.504773
49.6023
16.9161
3.19449
0.290408
7.11488
3.2197
3.37379
26.7797
1.59135
10.1169
5.58333
29.9896
12.655
2.97517
0.586947
0.117048
25.6358
2.27488
7.44646
0.62191
5.30298
3.53234
5.89766
27.1623
1.38456
15.4715
8.405
31.145
4.36388
11.8956
2.56217
26.5477
22.7681
0.650958
9.87487
1.88796
27.4727
5.0651
14.8141
4.45146
3.02759
4.77701
5.5363
2.32972
1.32447
0.240638
4.10123
0.384845
2.58501
20.9974
15.5376
4.19557
53.7843
13.9461
2.38689
3.40689
40.1748
51.0436
4.86838
3.11483
26.7002
4.04169
1.31435
2.19608
4.40636
23.2378
0.670498
0.157134
2.53522
13.6251
3.33075
1.19206
3.4478
2.06811
32.9626
1.49412
1.32199
49.269
30.6375
22.7464
2.43798
1.46775
38.1524
67.5117
6.6682
0.228226
0.321598
6.74526
3.64066
48.8696
3.60368
2.5396
7.61854
156.005
2.39974
132.428
4.05179
4.08527
14.3903
28.2156
0.440148
4.17873
7.53176
8.38781
2.75219
25.8621
16.9925
0.353972
0.0620504
2.60183
24.7315
5.54341
19.7416
0.150088
1.88614
6.19241
7.09016
17.4363
16.5214
20.9903
7.2627
25.0704
20.6371
2.43557
0.0351752
0.134687
35.7126
0.548698
1.44964
2.28068
1.91087
1.2131
3.20916
3.53262
5.10054
0.147495
0.326963
7.45093
2.02457
22.4945
26.4055
6.84005
35.6804
19.0075
21.7132
22.5429
23.4406
33.6661
1.1639
0.434987
2.31825
3.05729
10.0948
1.28353
1.02431
35.5604
3.71063
3.12263
24.7015
3.10998
2.78468
3.88939
1.17761
0.194114
25.205
0.280264
2.45284
3.1789
3.19961
0.444939
4.25934
11.1307
95.4134
1.66243
0.0869408
2.35872
6.50368
0.147629
22.7215
5.5275
4.54765
1.36893
0.714769
2.06995
0.571935
1.30851
11.3822
18.8969
1.35923
2.00864
19.0567
0.107538
60.3927
19.1736
1.86541
19.5109
22.1323
19.8882
1.55771
5.3245
4.05213
19.2228
3.61022
2.63761
3.42912
0.363678
10.0374
7.08804
2.35476
22.4422
1.95386
4.84645
1.22412
9.43748
1.62362
21.5872
2.30152
17.9172
0.426309
112.492
0.044691
0.145698
24.0057
22.5696
3.7691
0.180325
27.1455
32.2979
7.00646
17.8069
38.3514
0.397255
2.67681
2.02304
13.0508
2.62205
4.75358
38.8419
0.803862
5.26707
1.45255
8.57862
35.0698
0.499533
15.1456
0.121193
3.77623
3.40191
2.80601
4.43902
18.3918
1.98249
5.95974
20.1791
1.613
39.3044
5.02697
20.5308
4.93511
27.1521
0.322995
2.26434
27.6776
2.09728
28.163
3.53347
3.62906
11.2303
26.1717
0.504717
66.8623
0.583333
4.8013
19.4691
6.59513
6.6076
39.1337
1.68974
3.94089
2.12956
16.0984
26.5628
3.12818
0.599397
7.29987
1.98811
2.30936
20.0358
3.25502
1.16169
30.2936
10.3008
3.93108
3.78638
54.5408
2.27138
0.438275
2.20289
30.5753
1.65766
2.40513
2.60547
2.37866
0.429385
2.56746
4.52356
33.9636
33.9144
21.219
34.0775
5.09103
21.8763
3.11752
6.84163
21.8265
2.8802
188.704
4.6193
92.983
0.102995
13.0717
0.85178
14.7664
2.14033
2.06596
17.3229
10.1642
7.12855
3.31566
13.7919
1.80887
24.3776
23.5672
7.99953
23.3526
2.38352
0.775658
4.9298
20.7437
22.5542
6.94111
7.4246
24.7512
3.66199
63.801
0.22076
6.30149
5.27064
4.9401
2.4404
15.4846
33.9463
15.3892
0.214871
1.96836
1.40896
8.71006
1.27405
48.179
20.9052
165.833
11.9896
0.406765
22.6699
6.01885
5.57078
42.4472
4.00863
25.2961
28.7365
5.90529
19.4385
36.5443
0.868526
19.2766
2.30887
7.07463
33.2741
0.176335
32.8273
18.7668
7.95218
0.0653887
0.0976624
16.676
3.61026
20.2651
13.985
178.241
3.83855
18.7372
2.65304
6.28557
4.89697
1.46926
2.03287
24.3996
2.91752
18.6319
4.3157
26.8406
2.31903
5.44791
22.6027
25.6435
3.3029
25.3655
21.0058
11.8026
0.365034
11.2431
5.64531
36.2083
18.6706
3.41533
28.0157
0.59234
5.70064
0.233045
13.7645
2.72845
53.4473
0.142843
2.39485
5.94487
10.2658
23.3948
0.219316
0.17751
2.19184
11.7474
2.52197
2.30148
17.4758
55.2354
35.427
9.88098
11.6525
1.99667
1.33967
26.6684
20.3909
1.65987
0.188746
29.1134
3.72272
0.180769
17.3909
1.72712
26.9713
18.8719
16.34
67.4536
16.4815
21.6323
18.3956
27.669
19.68
2.29662
0.437674
2.8602
0.557427
5.64477
1.81695
21.2684
14.0975
0.802336
4.06634
0.182372
2.08147
19.4552
3.33699
36.7111
0.141708
5.56944
10.5541
5.02475
25.7889
8.45264
16.7719
35.6351
6.15453
3.1258
17.3837
14.143
12.4613
14.3948
3.19858
4.75084
3.4711
1.39357
19.3503
1.5868
1.57115
11.1615
23.6709
0.208595
1.52719
21.3505
0.0336989
28.6065
16.6746
1.5095
0.107363
2.89893
0.425866
2.64619
4.85668
0.104291
3.17681
5.05352
18.1409
1.91371
7.20242
19.3688
21.3546
5.39932
0.168772
0.128142
3.6563
29.5035
15.0941
2.16139
1.35547
13.7846
26.5436
1.01087
29.499
5.8751
1.48774
37.4413
22.9951
5.04755
0.391394
1.02377
25.2813
37.0726
0.105272
1.22542
0.650939
11.3432
3.9496
28.4547
5.53427
27.9668
7.94151
6.84219
4.36667
0.0847969
2.73439
3.1934
2.81137
0.374432
17.5446
2.05922
2.42219
20.0812
1.58573
12.8596
19.5873
2.34649
3.47608
15.8643
19.7135
0.467997
3.60124
0.0886629
0.496814
8.54756
31.6032
0.118185
6.61658
3.06839
2.04997
0.207685
17.2308
4.20229
2.01254
18.1457
0.830873
1.43099
10.4923
21.938
10.3409
2.78315
27.2909
0.106312
3.55853
1.82896
2.59881
18.5674
0.412382
26.5915
31.0785
20.8746
10.172
0.643581
2.28954
6.82915
19.4495
39.9067
17.9788
23.9541
5.90673
58.7051
0.0879494
32.4544
4.70823
27.5698
0.317025
25.3824
4.86556
0.932593
0.509954
0.244578
3.7368
4.76172
50.2535
8.21932
2.93838
39.8527
19.1969
0.120664
7.76734
26.4867
10.1125
5.36003
0.116326
50.4672
17.6583
1.79196
31.8881
10.5742
5.9221
5.23199
1.35219
16.9714
0.753289
5.35522
1.27353
28.3855
0.550341
5.19123
2.9157
1.83573
23.1272
9.44321
5.01589
35.2132
17.6463
25.9174
1.97255
1.54674
11.5666
3.21219
9.67604
58.3928
14.2082
11.1567
3.00203
3.90383
12.7881
177.414
1.05465
2.51093
20.123
25.9541
0.0435366
3.93917
0.544947
2.45365
16.949
2.35216
0.139946
17.6312
3.82556
37.2034
6.66511
5.40162
3.55404
20.4489
8.38011
16.4198
62.9808
7.70304
3.26817
22.5086
0.0607586
3.38719
25.0365
9.71258
0.147611
0.806513
36.0585
1.28981
3.66299
0.179077
1.6941
8.22581
18.8091
5.29354
2.94326
0.693542
54.4184
6.89985
4.89501
4.90709
7.10753
17.0319
2.50257
4.03624
11.4785
0.753924
9.81842
24.4659
2.74314
4.53656
1.44265
2.98707
19.0079
52.9312
40.3399
0.0435361
26.8798
2.3525
0.359732
13.0696
35.1405
6.06367
0.785055
19.6756
36.5029
2.04755
2.64869
7.86974
10.0974
0.152734
4.41251
4.43474
5.86085
20.3338
1.75673
0.117938
15.5087
21.8543
60.5724
36.177
2.00019
0.119096
2.02012
0.18951
0.066957
3.61763
32.6541
3.77226
15.4624
2.46258
2.03296
6.27934
1.02239
38.0704
26.4832
17.9768
0.0244288
0.145022
1.9548
2.5195
16.1648
6.04801
0.130647
12.896
0.179203
0.87841
5.85807
16.2475
10.2352
31.2997
2.48101
1.09016
12.9439
35.714
0.443375
1.63374
0.45666
14.9657
0.628437
1.74534
16.8276
1.02843
6.51969
4.83042
4.54284
0.127876
0.170823
0.0349902
11.7437
0.266263
8.39231
19.4368
8.20562
0.631104
6.73946
4.15867
2.97973
0.442976
8.47494
6.43822
1.53712
24.235
0.0952508
23.5825
3.53439
3.72312
11.1767
10.6854
19.1019
6.78433
11.4163
0.131772
24.6471
1.95805
2.61867
0.104362
2.06963
20.5615
5.34944
2.54911
1.59856
9.27686
5.22857
4.15527
29.1757
0.356209
23.8381
1.34996
4.96573
1.65615
1.24153
1.74344
6.92991
29.8968
27.0696
2.20752
3.4639
4.34946
5.82463
21.0096
2.72207
0.176128
4.83256
70.6915
0.194328
13.8591
3.11267
23.1084
3.02959
198.892
0.31006
0.222074
26.8416
0.183268
0.760281
8.05561
0.563542
6.19839
16.9823
19.0362
3.88405
18.6645
3.08752
2.10849
5.0847
0.505728
8.25938
3.5524
1.23425
6.02623
9.73025
0.569425
0.350656
24.6179
1.73935
29.1246
1.90692
1.40978
12.3464
4.78619
4.25091
23.2259
31.1083
5.83769
1.61214
11.1157
14.6996
34.5301
21.3716
13.2226
0.915128
0.19578
0.670112
38.2161
28.1068
18.0059
29.849
28.7759
0.158687
6.4037
2.95307
38.8861
8.85719
5.30655
32.4746
1.61615
65.7567
37.3413
0.0959651
7.49408
0.527005
13.9459
1.95082
2.0928
24.3101
16.1442
0.547928
0.106952
15.7868
1.84656
2.49472
1.62513
9.85866
6.17431
2.40636
1.93659
18.6659
2.08926
7.66034
1.15897
5.43778
4.0626
0.452699
6.74106
5.94335
4.93402
27.0789
0.147637
24.1692
1.01207
3.1546
0.467853
6.23528
28.2787
1.40592
4.13195
21.5355
1.74962
2.175
3.90335
18.6431
10.2004
29.1738
32.7071
1.95981
24.1781
7.69875
25.7841
3.32582
12.1935
154.691
2.42036
16.3219
1.7645
2.02659
5.70221
2.90134
63.9314
2.10751
29.392
3.39945
0.0727966
6.39406
2.49443
0.904669
0.0562266
17.509
35.6722
2.52772
0.318901
0.801895
30.8029
2.29033
3.26375
1.52578
46.9182
26.5095
4.09558
0.50322
0.138869
0.394383
0.174807
21.8512
0.403178
0.416834
1.78659
12.5914
21.6331
44.3678
23.5977
1.74861
3.75005
0.135191
0.397209
3.12264
23.7696
12.1397
22.5869
0.171358
0.128948
0.340391
5.07397
23.3806
1.67222
15.885
7.88273
22.2784
31.782
3.31506
5.85553
2.6996
3.68417
7.81235
10.5331
41.6519
3.15188
14.6933
0.205579
7.75037
20.241
3.59234
2.31114
3.1597
0.669932
0.327796
3.55815
0.720335
10.1217
0.345748
2.81446
2.89546
26.3809
8.68411
6.36266
26.927
2.53921
9.35283
24.3527
10.2288
12.5594
0.396914
1.66419
54.2385
0.077884
12.2514
2.33726
18.7781
19.5083
3.32314
3.44802
24.8785
1.55129
21.9792
4.6594
8.23506
0.356453
40.5038
12.5159
2.09553
9.40445
0.111103
3.84461
20.1221
29.1226
24.5973
1.86664
19.3463
8.9011
4.04224
4.70156
12.6508
1.07626
0.344822
24.3183
5.58148
13.6862
27.5048
2.64059
3.56518
2.09245
1.73426
2.82649
1.81657
28.8812
23.8413
27.1114
4.49545
1.35618
21.4957
4.6457
5.03409
1.91609
3.8975
4.99194
11.6759
1.36304
198.769
9.40854
5.2876
3.3865
1.75457
1.55337
0.112219
4.75901
4.03669
162.455
3.27725
14.6043
3.41673
2.01982
48.8313
17.7293
8.84434
2.3599
2.37524
0.387076
1.73626
4.54381
3.41602
19.8078
14.4119
7.08312
0.0779784
1.67625
1.9446
4.43425
5.17091
0.367733
2.64018
16.5439
0.0989735
10.4607
0.15829
1.99459
21.2972
2.06922
0.537315
4.50265
3.02055
0.0520111
51.2378
4.43895
23.5948
10.1409
1.69484
12.3842
0.12085
21.5174
5.08257
4.66753
15.0173
18.5386
15.2044
1.10604
12.3973
24.9188
3.09927
27.6882
7.57689
14.1469
36.1124
13.4199
0.177779
30.1816
30.4199
50.0003
7.90425
10.6001
47.0852
44.1541
9.24469
4.80373
31.9196
12.5718
29.7614
131.484
33.5475
11.9905
1.1761
5.87766
2.0706
23.8693
4.44831
12.1464
0.329323
23.861
26.9527
5.07275
2.14838
28.0867
17.8137
10.2615
2.90917
0.114741
3.26758
8.01485
18.0984
0.66822
3.46177
7.57168
22.4424
4.1102
0.327143
30.5292
6.65274
24.9246
2.23517
0.479829
6.87548
2.77682
3.10147
3.05507
1.65079
10.4534
10.7662
0.643746
10.6189
1.17098
0.0615697
5.99222
7.10182
25.1231
26.3373
36.7673
54.2034
7.33373
5.61081
1.98471
21.2642
6.80505
7.58751
16.066
20.0919
0.316384
32.3647
29.916
1.45997
5.10442
3.36162
26.1476
64.1899
4.3018
0.521567
25.1414
5.94214
0.136344
0.459634
14.8288
10.6169
12.1288
26.1229
21.4931
4.8633
2.50774
25.1578
0.408703
29.9007
22.135
1.3295
0.36687
3.0622
0.911439
2.17891
0.1169
2.88649
27.1502
19.4119
1.36314
5.16379
14.5152
59.3663
0.865714
1.18772
28.5674
0.413071
17.5571
28.1301
34.4807
12.1209
8.03533
0.089706
4.81058
19.6796
60.2398
25.411
0.204514
7.49928
4.94107
11.0033
29.0648
15.896
16.8573
3.40976
3.80215
25.7394
4.48703
5.91519
9.2054
36.1344
12.7015
0.346644
3.98825
5.3354
21.3198
3.49266
46.7582
0.536817
1.07682
19.0436
10.2817
2.61929
23.391
1.83347
3.29202
50.4466
7.7337
20.7802
15.0279
5.46273
37.3709
14.4548
2.65272
23.8808
50.8964
14.5641
1.70777
30.681
21.3495
0.673359
3.97343
12.9516
20.633
10.6826
13.6744
0.241182
11.4183
0.969358
0.582612
0.345675
0.473142
17.6985
41.7931
3.72579
0.110335
0.338396
10.9747
10.6456
27.615
1.8966
1.60505
10.1884
3.58362
3.64188
42.9734
0.37384
1.72874
20.2016
47.7751
26.2058
22.5279
14.4836
2.8553
1.7854
6.36793
6.73464
8.08788
9.86911
6.69293
7.01065
21.3797
19.3935
11.1163
21.0139
0.863028
1.62449
0.421366
42.7862
3.94287
16.7913
39.3255
0.095224
0.0710484
0.198426
3.6524
10.8854
0.395563
18.9845
0.325325
4.07392
25.8192
2.75912
4.56305
3.0353
26.5494
16.9547
40.6977
5.50364
4.37166
5.99923
3.84004
55.1512
50.2611
0.350944
31.5401
12.9802
0.110261
16.5468
11.9753
33.1743
32.343
27.1049
12.108
12.3865
21.4205
56.6866
0.366543
22.8769
19.3034
3.23543
27.1713
0.315918
1.63811
15.6466
38.7616
5.26202
34.0734
12.1006
0.311306
3.35418
0.445528
73.8654
10.1781
4.47332
2.31166
16.4307
38.2986
35.574
14.8357
38.6373
39.9556
2.28047
38.2716
37.8203
36.6978
37.2506
12.4359
13.0747
13.9512
13.5674
14.3878
1.9995
2.48612
30.4801
)
;

boundaryField
{
    back
    {
        type            empty;
    }
    front
    {
        type            empty;
    }
    outlet
    {
        type            zeroGradient;
    }
    circle
    {
        type            fixedValue;
        value           uniform 0;
    }
    walls
    {
        type            fixedValue;
        value           uniform 0;
    }
    inlet
    {
        type            fixedValue;
        value           uniform 0;
    }
}


// ************************************************************************* //
