/*--------------------------------*- C++ -*----------------------------------*\
  =========                 |
  \\      /  F ield         | OpenFOAM: The Open Source CFD Toolbox
   \\    /   O peration     | Website:  https://openfoam.org
    \\  /    A nd           | Version:  10
     \\/     M anipulation  |
\*---------------------------------------------------------------------------*/
FoamFile
{
    format      ascii;
    class       volScalarField;
    location    "900";
    object      p;
}
// * * * * * * * * * * * * * * * * * * * * * * * * * * * * * * * * * * * * * //

dimensions      [0 2 -2 0 0 0 0];

internalField   nonuniform List<scalar> 
10435
(
0.00559879
0.3748
-9.322
-2.20714
-4.36276
-8.20964
-9.48263
-9.26534
-9.74135
-9.20739
-0.479349
-5.81699
-9.61564
0.0640237
0.229122
-8.97874
-0.16326
-9.61603
-10.6377
-0.280096
-9.67107
-2.56031
-9.1136
-8.75376
-8.71247
-1.24572
-1.96408
-9.75172
-1.78078
-8.96453
-7.92184
-0.960189
-9.67335
-0.899157
-8.98089
1.11815
-8.79706
-3.0815
-0.518916
-9.6143
-9.00471
-9.82703
0.211823
-1.05921
-8.46787
-9.61008
-8.84153
-0.634926
-9.52814
-3.46578
-9.34474
-7.73609
-1.13676
-1.87032
-0.0566598
-1.83812
-8.82435
-1.75294
-0.731126
-8.85991
-0.935029
0.69423
-1.40831
-6.79958
-8.75392
-9.30872
-0.826254
-1.17874
-9.61981
-8.28878
-1.13402
-1.9665
0.760789
-9.15193
0.242135
0.697942
-6.84211
-9.69752
-9.60522
0.0737718
-4.99013
-0.283619
-0.859896
-1.35605
-5.82526
0.924469
0.581522
-0.729625
0.941836
0.35751
-1.24508
-1.74637
-0.585837
0.749329
0.106458
1.20547
-2.78343
0.713779
-0.00565382
-3.2685
-0.0278019
-5.05939
0.727929
-0.283169
-6.05231
-1.60839
-0.953396
-4.16355
-6.65804
0.187663
-2.69481
-4.07491
-0.0365882
-0.0258182
-1.85451
-1.86547
-3.99721
0.804466
-0.419261
-4.26744
-4.64834
0.918364
0.619861
1.25182
-1.26978
-1.01706
-3.5516
1.00922
-3.94469
-2.37232
1.26476
-0.59612
-9.09225
0.0387241
-1.55915
0.503573
1.43165
-2.93557
0.00748126
-1.27044
-0.748553
-8.38192
-0.53484
-6.34459
-3.28749
0.624776
1.47422
-7.41795
0.0895813
-7.10228
-0.690028
-8.37914
0.112182
-7.26762
-8.17585
-0.819951
-2.10653
0.36841
-8.67964
0.342006
-7.76614
-0.0353586
-1.43273
-5.69305
0.499098
-5.3953
-9.63474
-4.54823
-7.44516
-6.57897
-8.75653
0.0618068
-2.90574
0.775911
-7.04318
0.728002
0.939437
-0.535893
-2.01703
-1.09805
-0.0270086
-7.86956
-6.24761
-1.18172
-8.56334
0.23073
0.139934
-9.64259
-5.02708
-7.26633
-5.63996
-0.625305
-0.974243
1.36653
-3.05543
-9.6305
0.397956
0.943734
-0.452216
-8.92568
1.0509
-0.250878
-9.69809
-1.36601
-9.49955
-2.55565
-0.92251
-3.76409
-1.63582
-4.16396
-0.101677
-8.94333
-5.8853
-6.1883
-1.19486
0.251816
0.283834
-0.314638
-3.8394
-0.148386
-1.15766
-0.824223
-0.625168
1.05768
-1.29808
-9.18657
-3.28719
0.906551
-7.96986
0.686227
-0.706254
-9.31902
-3.40578
-8.04616
-2.17639
-0.274347
-8.5868
-2.30457
-8.1572
-8.43605
-0.584534
-0.947377
-0.291732
-1.7908
-2.25717
-9.68421
1.24721
-9.73768
-5.47984
1.00314
-5.45085
0.472659
-9.49365
-4.99387
-9.9745
-4.98849
-7.29372
-10.0479
-0.807051
-1.17663
-10.367
-8.21922
-1.86489
-7.4712
0.405775
-0.157046
-0.162353
-8.86855
-0.374531
-3.31548
-10.0712
-10.6595
-10.6957
-9.35582
-4.51453
-5.05152
-0.978212
-3.22842
-9.58678
-10.3416
-9.18352
-0.250577
-9.93924
0.342426
0.48619
-0.0842785
-6.26628
-2.94708
-1.17234
-1.4536
1.31429
-0.0775287
-1.77229
-10.3851
-2.55983
-6.3986
0.439759
0.247194
-2.2817
-8.56749
-0.790896
-7.45071
-9.9993
-7.20913
-1.59428
0.372224
0.288185
-7.71724
-8.8211
-1.07655
-1.49399
-1.82688
1.20449
-6.41709
-9.53153
-7.26345
-0.396052
-7.64639
-0.920343
-5.20835
-6.93245
-2.75493
0.348504
-0.300319
-9.73585
-9.45236
-5.71042
-10.0461
-0.612055
-1.86604
-9.65288
-1.42456
-1.03177
-9.57684
-7.47477
-1.56452
-1.32179
-2.71248
-0.569442
-2.6058
-6.75637
-0.919883
-0.627138
-5.57367
-8.29451
-1.84885
-1.36838
0.091981
-0.0654665
-9.53572
-0.80079
-8.97031
-5.19333
-10.0282
-10.3601
-9.83462
-9.97235
-9.11917
-1.8137
-0.988983
-2.87851
-0.710985
-1.90013
-0.807012
-2.83525
-7.21587
-1.70124
-6.5214
-1.17185
-9.63836
-0.764696
-7.77824
-9.88842
-10.0611
-0.0473057
-7.11201
-2.92255
-2.53313
-1.0818
-1.42689
-9.06248
-2.37684
-10.1536
-1.07463
-9.8099
-9.6365
-10.0305
-9.94467
-9.98494
-9.87439
-9.19413
1.08792
-0.353286
-1.51612
-0.533933
-9.59907
-1.32732
-9.68156
-8.07224
-1.75182
-10.4609
-0.531644
-1.0825
-9.00411
-3.45408
-9.90078
-7.44616
-0.0758065
-1.35694
-5.69246
-9.61574
-6.15798
-1.13901
-1.69986
-1.75345
-0.687219
-1.38131
-9.52312
-4.39454
-2.30456
-1.84756
-0.101125
-9.45767
0.213333
0.410175
-9.02595
-0.630383
71.3063
19.7391
34.209
23.8612
25.6237
21.2143
19.8385
17.4963
12.8054
60.4352
17.8654
27.9915
20.4322
21.4642
18.4623
17.3411
15.4626
13.5291
48.0811
14.471
22.4368
17.2515
17.8224
15.7896
14.8336
13.3402
11.7109
37.0232
10.3744
16.9708
13.7861
14.2743
13.039
12.378
11.3318
10.0578
26.8853
6.64703
12.0604
10.4585
10.9564
10.3292
9.97923
9.39688
8.45723
17.5792
4.04905
7.97774
7.54996
8.02985
7.82584
7.70539
7.41595
6.93473
9.6071
3.19493
4.92677
5.23562
5.61879
5.68008
5.71708
5.64551
5.48009
3.47669
3.41432
2.81304
3.51244
3.75951
3.96673
4.09724
4.17774
3.85163
-0.796047
3.13134
1.27423
2.24756
2.41245
2.69612
2.87534
3.00542
3.03531
-3.43311
2.0359
0.180643
1.36278
1.51686
1.83769
2.04619
2.22
2.30566
-4.92076
0.856138
-0.414919
0.836385
1.00207
1.3198
1.53055
1.71141
1.89965
-5.15249
0.476582
-0.454128
0.637295
0.78127
1.05326
1.23545
1.38116
1.71098
-4.08831
0.812247
-0.0489205
0.670892
0.750598
0.951437
1.09591
1.24032
1.39375
-2.97069
1.21648
0.395524
0.77021
0.791469
0.925999
1.03912
1.1774
1.25862
-2.26193
1.42026
0.708423
0.840993
0.828738
0.914087
1.00338
1.11997
1.22338
-1.6406
1.43644
0.871377
0.851783
0.830895
0.887787
0.96366
1.06235
1.18565
-1.28785
1.18425
0.859007
0.789886
0.787696
0.83703
0.909224
0.994004
1.16512
-1.24353
0.698767
0.686416
0.666004
0.705208
0.764854
0.84289
0.930098
1.07994
-1.21147
0.244675
0.479432
0.522178
0.601296
0.675772
0.75917
0.84929
0.957104
-1.10441
-0.0312753
0.296359
0.384511
0.490866
0.580822
0.672353
0.770733
0.887451
-1.09561
-0.185667
0.129865
0.25708
0.37757
0.479501
0.576038
0.682136
0.762309
-1.25833
-0.232446
-0.027167
0.138173
0.261021
0.371693
0.473564
0.592548
0.577044
-1.65124
-0.128662
-0.157957
0.0428872
0.159333
0.272162
0.376705
0.496084
0.453923
-2.14584
0.0276733
-0.379294
-0.153409
-0.0347966
0.0928878
0.233193
0.388954
0.329336
-2.22027
0.531031
-0.0723782
0.125148
0.193864
0.213159
0.307718
0.454557
-0.290282
10.9376
10.6932
10.7459
11.1104
11.572
12.1706
12.9134
13.8041
14.8391
16.0052
17.2825
18.6438
20.0552
21.487
22.9013
24.2496
25.503
26.6249
27.5877
28.3838
29.0776
29.8152
30.3137
30.1056
29.733
29.9615
30.7811
31.7764
32.6239
33.5497
34.5943
35.3317
35.6444
35.7368
35.7129
35.5893
35.3909
35.2013
35.0697
35.0948
35.3688
36.0718
37.1852
38.5537
40.2336
42.3211
44.8186
47.5481
50.3545
53.3275
56.5552
59.9454
63.3831
66.6384
69.4668
71.8447
73.6775
74.958
76.0836
0.984499
0.351641
-0.159653
-0.654902
-1.12519
-1.55841
-1.94869
-2.28493
-2.54903
-2.78265
-3.0489
-3.29208
-3.44216
-3.49798
-3.45753
-3.3176
-3.07668
-2.73164
-2.27569
-1.69815
-0.979623
-0.0962092
0.941729
2.08653
3.01613
3.42279
3.28074
2.60126
1.77629
1.1411
0.691843
0.37418
0.130482
-0.0558426
-0.18821
-0.268585
-0.288087
-0.230711
-0.0799993
0.17742
0.545044
1.02601
1.63096
2.16607
2.44309
2.45903
2.27733
2.09604
2.06982
2.03836
1.91251
1.80954
1.90467
2.52087
3.76007
5.46386
7.50844
9.88374
13.1002
4.67008
4.7026
4.71066
4.78331
4.8998
5.05809
5.25698
5.49479
5.7693
6.07466
6.41433
6.79553
7.2173
7.67462
8.1641
8.68075
9.21962
9.77585
10.3462
10.9267
11.514
12.0992
12.6549
13.1345
13.5017
13.7741
13.9559
14.0188
13.9847
13.9385
13.8997
13.8605
13.8155
13.7762
13.7541
13.7604
13.8087
13.9137
14.0909
14.3539
14.7164
15.1872
15.7777
16.4816
17.3086
18.2689
19.4157
20.8592
22.6585
24.6609
26.6127
28.4378
30.2783
32.1468
33.916
35.5014
36.8397
38.0456
38.6292
1.5413
1.29141
1.10871
0.966432
0.855064
0.777439
0.733851
0.725017
0.750915
0.8107
0.903131
1.03091
1.19675
1.40357
1.65304
1.94622
2.28295
2.66105
3.07748
3.52617
3.99902
4.48322
4.96003
5.40329
5.78033
6.06582
6.24705
6.32511
6.32082
6.26346
6.17031
6.05069
5.91092
5.75686
5.59322
5.42553
5.25901
5.09964
4.95518
4.8332
4.74378
4.69761
4.71054
4.79797
4.98525
5.30123
5.78014
6.45366
7.33249
8.53802
10.1093
11.8261
13.5352
15.2048
16.7873
18.2939
19.8057
21.343
22.9021
2.84433
2.82115
2.80041
2.82567
2.88246
2.96888
3.08349
3.22476
3.39088
3.57969
3.78984
4.01991
4.26833
4.53439
4.81663
5.11388
5.42481
5.7468
6.07803
6.41478
6.75232
7.08374
7.40015
7.69182
7.94752
8.16088
8.32672
8.44492
8.51937
8.55825
8.56945
8.55745
8.52923
8.49158
8.44923
8.41104
8.38326
8.37149
8.38855
8.44404
8.55101
8.72409
8.98231
9.34559
9.83938
10.4856
11.3079
12.3173
13.5065
14.9229
16.5838
18.3664
20.1485
21.8211
23.3318
24.6794
25.8471
26.8854
27.5849
1.76608
1.6407
1.55369
1.50355
1.48106
1.48705
1.52187
1.58505
1.67643
1.79489
1.94105
2.11398
2.31347
2.53865
2.78815
3.06019
3.3527
3.65979
3.98122
4.31194
4.64699
4.97721
5.29386
5.59022
5.85078
6.07392
6.24979
6.38121
6.46732
6.51067
6.5181
6.48651
6.42526
6.34146
6.23102
6.10957
5.97645
5.82608
5.68381
5.55547
5.45569
5.40093
5.41146
5.51097
5.72897
6.0839
6.6066
7.30979
8.20529
9.29094
10.5564
11.9555
13.4184
14.9393
16.5208
17.9933
19.231
20.2713
21.182
2.08972
2.04449
2.01742
2.0254
2.05833
2.1158
2.19589
2.29906
2.4236
2.5662
2.72752
2.90537
3.10062
3.31082
3.53377
3.76908
4.01933
4.26918
4.52977
4.79258
5.06033
5.32033
5.56818
5.81043
6.01497
6.20352
6.35148
6.47591
6.56823
6.62559
6.66512
6.65943
6.6314
6.59674
6.52325
6.46102
6.39614
6.29261
6.22893
6.18178
6.16919
6.20501
6.30446
6.48912
6.79623
7.21397
7.79273
8.5207
9.41412
10.4636
11.6481
12.9283
14.2476
15.5811
16.8438
17.9657
18.9585
19.8154
20.4793
1.8542
1.76413
1.70269
1.67812
1.67119
1.6966
1.73622
1.81731
1.91694
2.00909
2.14899
2.30056
2.48049
2.68631
2.90215
3.14818
3.4147
3.6186
3.8638
4.12261
4.40765
4.67104
4.91097
5.1842
5.35918
5.55535
5.67471
5.79782
5.8883
5.94272
6.00416
5.96556
5.91839
5.89995
5.75329
5.70876
5.69711
5.42835
5.26799
5.11373
4.98967
4.90049
4.8567
4.88426
5.12947
5.3483
5.82408
6.3337
6.94624
7.74531
8.73935
9.90113
11.0704
12.2675
13.4851
14.6622
15.6871
16.6963
17.5267
1.87623
1.87656
1.85922
1.89325
1.93032
2.00148
2.06437
2.12296
2.23583
2.42672
2.48254
2.63577
2.8384
2.98943
3.22343
3.31664
3.57981
3.79747
4.02831
4.20173
4.44492
4.63315
4.82556
5.07449
5.18369
5.36864
5.43869
5.54806
5.68689
5.59984
5.79035
5.72401
5.59337
5.62076
5.43035
5.44516
5.21873
4.89389
4.97715
4.82979
4.72995
4.71808
4.62722
4.65617
4.84066
4.96728
5.301
5.65259
6.41639
7.18369
7.99003
8.89683
9.86358
11.0765
12.1717
13.1175
14.0458
13.8481
14.6405
-6.42072
-6.27761
-5.80223
-5.15798
-4.45695
-3.86886
-3.39985
-2.88659
-2.32262
-1.86035
-1.49642
-1.10788
-0.752049
-0.435461
0.0188874
0.616498
1.26256
1.94091
2.69028
3.54497
4.49255
5.51813
6.68979
8.29924
9.96622
-0.432053
-0.372034
-0.566278
-0.699063
-0.591516
-0.336192
-0.0587117
0.246148
0.525936
0.603052
0.459253
0.232203
0.00624697
-0.133815
-0.0570005
0.240976
0.591122
0.827343
0.86953
0.89644
1.08211
1.36825
1.71461
2.21138
2.3644
-1.59089
-1.54073
-1.42885
-1.2756
-1.03094
-0.748237
-0.473662
-0.217968
-0.00812858
0.0887231
0.0764595
0.01605
-0.0507022
-0.0785229
-0.00210047
0.18554
0.436595
0.711428
0.986563
1.30007
1.68595
2.14039
2.66674
3.28456
4.0946
-1.09476
-1.06196
-0.940352
-0.817382
-0.655292
-0.474479
-0.29349
-0.126453
0.0112641
0.0975637
0.134486
0.145873
0.154507
0.183071
0.255325
0.374465
0.524251
0.68766
0.85418
1.03262
1.23081
1.43931
1.64046
1.79233
1.96779
-1.00448
-0.96852
-0.842838
-0.720385
-0.573039
-0.419759
-0.268131
-0.130883
-0.0156999
0.0686271
0.123452
0.161921
0.198434
0.245731
0.317619
0.418473
0.544655
0.690937
0.854097
1.03659
1.24389
1.47798
1.74699
2.04638
2.50351
-0.86939
-0.813205
-0.687528
-0.579079
-0.451
-0.325407
-0.19896
-0.0857124
0.0126377
0.0927344
0.15328
0.203359
0.253352
0.308333
0.377679
0.46447
0.568187
0.686946
0.818375
0.960564
1.11481
1.2769
1.44723
1.60388
1.84386
-0.698545
-0.706375
-0.570795
-0.479604
-0.363665
-0.258663
-0.146495
-0.0489212
0.0389368
0.116622
0.177007
0.229983
0.286393
0.343907
0.41229
0.493736
0.588927
0.698429
0.821135
0.953322
1.10061
1.25931
1.44064
1.63336
1.94029
-0.530157
-0.616948
-0.462997
-0.393184
-0.282175
-0.192845
-0.0850779
-0.000608541
0.0755801
0.150855
0.205492
0.255156
0.318789
0.378352
0.446171
0.525151
0.615187
0.717616
0.831154
0.950577
1.089
1.23295
1.40686
1.59572
1.85436
-0.531644
-0.560626
-0.344606
-0.30557
-0.208643
-0.159951
-0.0615641
0.00464217
0.101838
0.175784
0.234969
0.273107
0.325629
0.376966
0.449983
0.525206
0.611883
0.712414
0.84861
0.971458
1.09795
1.246
1.39308
1.47215
1.63455
-9.31456
-9.65629
3.92165
4.91153
0.722524
0.602313
-4.85514
1.17242
3.52303
6.59117
-10.7892
1.00746
-11.6521
-0.487316
-12.5598
2.20052
-1.44581
4.84867
4.79544
-33.0299
-31.0143
2.75535
-8.17436
2.86432
1.0613
1.83037
1.02538
-0.103194
-9.56607
-4.98877
8.399
2.28075
-11.0891
-17.1289
-5.89829
1.02728
-4.16544
-11.6992
-6.87399
3.52713
-12.0456
2.72672
2.21913
-0.118103
1.30696
3.90181
-10.8893
-9.44176
-9.31776
-11.0104
-10.8437
-11.3071
-23.8662
4.83168
-4.56046
3.54246
-0.513493
-27.4386
0.0200441
-8.53503
1.20729
4.30208
0.729043
2.37318
1.1284
-0.219524
2.10584
2.81103
-7.23889
-10.4633
3.17422
3.29911
0.770021
-32.1833
0.476815
-32.4241
-30.9616
-10.9346
-0.433901
4.80256
-16.2551
1.30894
1.45021
-8.515
0.904105
1.26925
0.791803
-11.0951
-11.5591
1.74438
2.29506
1.23884
3.62037
1.08044
0.673587
-10.5592
1.74696
-10.4862
2.67054
-8.61413
0.251456
-12.4405
0.203133
2.6874
0.134233
0.28851
-8.07439
-20.0256
1.66222
-4.17338
2.28699
1.33948
-5.66595
2.49588
-25.1607
-9.2473
-12.0601
4.03219
-17.271
1.56907
1.9879
1.24431
3.02261
1.18434
-10.817
2.24199
-11.5054
-33.3288
-0.77306
-9.70154
1.53617
-32.2375
-10.2711
-12.506
-0.273533
0.789708
1.44935
0.336723
1.38279
-32.6251
0.948628
-5.62908
-9.03597
2.02174
-9.51087
1.85873
4.7864
-31.3887
1.23027
-5.90829
-1.94798
-1.15135
4.77191
-17.2296
0.958881
-9.47065
0.518252
3.57907
-28.4077
3.62245
2.36352
3.31296
1.68135
-10.4846
2.46901
-8.36901
-0.572716
0.811922
3.19336
0.472511
-0.468705
2.515
2.7494
-8.69223
1.51287
-0.0375985
-25.2914
-9.89101
-8.88426
3.20988
-18.7152
2.58833
-21.3162
-19.125
0.340403
3.11579
-8.79003
1.60618
-11.534
1.61634
-9.23793
-9.14946
1.39751
-4.58954
-14.7944
-11.4851
0.514297
2.66467
-9.33424
-9.37253
-5.75946
3.00526
1.4698
1.44789
-1.85698
3.78195
2.99973
0.261603
-9.76992
3.56979
0.106438
1.13387
-18.4341
-1.98
-1.8503
-11.4276
0.51957
3.26432
5.52142
1.07454
0.0983346
2.76604
1.05603
4.27949
4.16089
-12.0312
2.23649
-1.23482
1.64494
0.740626
-9.18139
1.12519
2.46279
1.61702
-6.75339
4.77737
-27.4638
-0.0856842
-19.6989
-15.2541
7.20826
1.14861
2.7158
-0.105603
0.740271
0.991321
2.19228
0.421321
2.01495
2.80254
1.68779
-0.0187988
3.38395
-9.67092
2.05272
0.558609
-5.67774
-30.5494
-28.2284
9.52723
2.24913
-0.777228
1.4785
0.836562
-32.0025
1.2775
3.89112
4.75259
-5.82082
0.839304
-29.3222
1.17646
2.54932
3.26524
5.48402
4.70401
2.49162
3.15614
-0.59048
-10.6715
-0.0689874
-1.79151
3.06297
3.40442
-8.62794
1.63936
0.155173
4.39563
-10.7972
-9.17346
-9.2341
1.90028
2.49701
-11.0913
-11.3363
-11.4901
-8.40471
1.7132
3.50264
-9.14668
-10.0116
2.20058
3.50991
1.52806
-6.31449
3.17713
-32.2096
2.63474
-32.7636
1.48316
2.74774
2.38993
-11.9408
-0.640671
2.53191
-3.49288
-10.8613
3.34332
1.09528
-10.5155
-28.894
1.70595
3.49248
8.24995
0.989762
1.29918
-12.1414
-21.6573
2.18056
-26.8873
2.28404
-14.8088
0.073844
5.78832
-11.4709
1.22242
1.26812
1.48544
1.49624
2.60214
1.12799
0.923208
-9.09002
0.977565
-31.9611
0.529224
0.449421
2.63809
0.817411
-9.67236
2.50413
3.82446
2.22446
-28.4769
-11.0724
4.11983
-8.3048
-0.474327
2.62879
-8.53767
-9.91146
-8.02085
3.2364
-12.1372
2.80462
0.709071
2.57514
-11.3191
1.33591
-11.1111
3.4813
-18.1482
-9.59074
-0.224228
-10.0854
1.46137
1.43449
2.86738
3.57577
5.27161
-8.07907
1.75525
-10.2295
-0.372822
-0.0465667
-9.80005
2.68459
-33.0174
-10.8659
-9.05011
-3.15018
3.92629
0.874303
-4.82163
-18.8453
7.59793
2.74486
-9.88656
3.55509
-9.41795
1.09833
2.39758
0.84822
-10.1313
0.834206
3.14735
-5.60127
0.901668
-0.828186
4.01489
-1.49909
1.21618
-8.97008
1.24233
1.80045
3.75223
-9.16792
-9.39113
3.67413
1.89002
2.25649
3.38803
1.74902
0.130726
3.50779
-10.3953
1.53046
3.36139
2.87828
2.31659
1.05119
0.535969
1.03703
-0.397013
-6.6438
2.74598
1.67924
2.47023
2.59107
3.52723
3.49808
-15.3869
-11.1269
-0.621992
-11.345
4.92386
-0.0240582
1.31162
0.0163809
-0.474925
-0.127276
2.45271
1.57119
-9.09567
3.14162
-10.4694
-8.24763
1.46319
2.31578
-32.2117
1.64975
-0.779883
-1.57575
-18.0312
-10.3906
0.898175
0.354354
4.55129
3.37973
-10.098
-0.0510159
0.817561
-7.6528
3.60259
1.22442
-18.2568
1.15846
0.6055
-31.0914
-30.588
-2.02079
-8.17822
2.95973
0.926247
-9.09098
0.819165
1.21347
4.07673
-6.11079
2.41615
-18.4396
2.04475
1.35955
-4.44545
1.25255
0.292212
-16.4604
1.19866
3.81248
-11.2393
2.23588
-7.97215
1.42344
-0.103449
-26.239
-17.6165
1.80795
1.63171
-5.43524
1.91892
2.5438
-15.2858
1.89362
1.27114
3.13913
-11.3593
-6.53576
-8.99008
1.41199
-2.76555
3.0458
-9.48113
-32.9936
5.00495
-15.8044
4.34563
-10.4835
-12.1984
3.41878
3.52744
0.10507
2.16103
4.56999
2.39847
1.50294
-0.820892
1.77464
-9.25567
-9.43202
1.93306
-11.3414
-3.8084
1.9322
-8.77182
2.23056
4.50894
1.65886
0.0590176
1.22755
2.90358
-6.25961
-8.45848
-0.750639
-9.65574
-9.09773
-10.7432
0.982301
2.76105
-8.83048
-10.2754
1.44911
-14.0484
1.60115
-16.1402
-5.23107
6.97641
-2.55101
-0.115587
2.45603
1.97496
-12.085
4.94282
-12.3279
0.363816
0.606803
-4.98799
-9.75003
-10.1237
0.0600641
2.23824
-32.1548
-24.0878
2.7757
2.79682
1.31445
-9.39481
2.57552
0.609847
-5.97621
4.11725
0.572418
0.826208
2.51681
-20.6787
3.09168
-0.114472
-17.9676
-9.26458
0.741348
2.60313
-9.06381
-0.0709584
2.85735
3.54462
-33.0224
2.14009
1.49411
3.97093
4.35549
2.43591
2.49155
-6.57196
1.05853
3.10653
0.179987
-25.8069
3.46857
0.480341
4.68648
2.78403
0.900159
1.50988
2.35265
-1.2845
0.557328
-8.6669
-8.67227
-0.11621
-8.59601
0.275437
0.693879
0.730343
3.04758
1.99314
1.59647
-26.5658
2.02962
1.17521
-1.08691
-22.9313
-2.70172
-0.347674
-0.225335
2.41474
0.724662
3.12776
2.26556
-0.431295
-8.78099
-19.9303
-28.2575
3.26582
5.50554
2.17067
4.60539
4.22828
-9.73526
15.2778
-32.9739
2.80344
-10.1389
4.71912
-10.7419
2.08386
0.802898
1.27852
-9.88712
1.19678
-0.203316
-24.4766
0.51
5.97368
1.0205
-9.84901
2.90497
1.67261
-13.0135
1.06658
3.60873
4.90438
2.60221
-23.3282
3.44924
1.48241
3.8864
-0.359171
2.78949
-9.44455
-8.84039
2.08739
-6.31233
3.6046
-10.2488
1.41931
3.10186
2.74255
1.77912
-5.36759
2.08515
2.62952
0.0571334
2.86247
1.98276
3.44673
4.14049
-8.56904
-19.1074
-1.69816
-9.95604
-9.32622
-6.68156
-6.1951
7.57113
0.558211
0.877031
3.14542
1.77529
-0.885313
2.0413
1.12427
-9.78765
1.63683
4.57238
0.60377
2.58776
1.5556
1.02232
-1.504
-19.8278
-9.84305
4.11671
-9.48642
-4.46182
-9.9374
-32.7606
-11.9636
-11.1022
4.64007
3.24544
1.90724
2.90373
3.22798
1.53984
-10.7383
-9.72766
1.24365
-29.3455
-0.329023
3.4199
1.09362
1.32289
-8.47011
4.54181
1.132
-4.79015
-19.8112
-20.1084
-10.4072
3.15045
3.19425
0.817374
2.96914
-9.53796
-1.44129
-8.03849
-18.6197
0.459066
-20.7839
1.68257
3.20096
0.148855
0.532485
0.368551
3.63848
2.00618
1.90189
1.47531
1.62192
2.26506
1.48605
2.34036
3.60806
-10.1101
-8.65301
2.56629
2.42036
2.3465
-32.4407
0.958797
5.62049
2.19208
-30.0975
-1.75125
3.01574
1.10319
-10.0938
4.41745
-30.1072
1.6568
-30.7453
-12.4975
-24.3378
4.89194
-13.2695
-0.693416
2.2534
-8.70993
2.63703
1.09387
1.70476
-11.5026
3.88689
2.3093
0.866738
-10.9878
0.760426
4.38534
-1.22005
3.49308
2.44508
3.00387
-9.65271
-8.53173
2.90962
3.56824
3.00925
-30.9456
-6.56895
2.6131
0.945487
0.341061
-28.5825
3.50044
1.41371
-9.61765
5.15937
1.43065
4.89901
3.86605
-25.378
1.3835
-30.3287
3.46249
1.28744
-11.6347
3.05126
2.39361
3.21217
-0.0210688
-28.2891
-11.1825
3.13104
3.57651
1.30297
-13.5719
-32.4278
4.02009
1.62998
-12.9393
-11.2127
1.58782
0.230987
0.249096
-9.37755
3.70337
-31.3839
2.16984
1.60455
-20.1256
1.83183
4.98467
4.35229
-32.2328
-9.83889
-8.74514
-9.05468
3.69216
-8.74008
-13.8753
2.25062
-4.73603
0.992713
0.26398
-32.3485
1.51924
0.918366
-32.3172
4.58669
3.46475
3.36539
-11.1426
-0.691674
2.02699
-22.9765
-9.82423
-9.78656
1.75514
1.80878
-9.54992
-7.28413
-11.9011
-25.1648
-10.491
-1.25608
3.07329
-2.80448
-8.90454
2.97234
3.34944
-1.20345
-0.621238
2.29685
-2.78737
-8.56262
2.13242
0.385
2.42107
-8.57936
-4.73935
-9.89721
-9.26285
4.47933
-0.11055
-2.48711
1.51953
-9.73413
-25.3928
3.09108
1.43294
1.45266
3.24908
-30.363
-10.2795
1.31067
-9.22732
1.71443
-27.1597
2.89388
1.02128
1.21042
2.0223
-10.3395
-0.25915
-28.747
1.92736
2.07687
-8.63157
3.47593
-8.07149
-12.5179
-3.57281
1.34643
3.05538
-7.73613
1.80722
3.09699
1.22939
-4.57099
1.99024
0.151093
-27.1819
-6.11901
0.325801
1.77018
2.74526
2.76942
0.282938
2.53818
-27.4478
2.96812
1.68072
-9.0476
-32.6543
1.56167
1.75907
2.23331
-2.70811
3.35308
-9.33589
0.617302
0.278876
-5.22754
1.73476
1.83243
-1.24766
0.730857
-9.68771
5.08442
3.27994
2.90725
-5.53809
-5.4911
-12.0802
1.09484
-29.6655
2.02221
2.72024
1.98869
-9.52774
-18.7014
2.76681
-3.10818
3.5074
-9.79513
1.6104
-9.5311
0.787899
0.955831
2.95228
-2.8973
-10.5173
1.56129
2.15415
-32.3391
3.40614
1.68168
1.18634
2.88212
1.60725
-9.88504
2.41203
1.72423
-21.4796
0.0574198
-9.15181
3.26679
0.198879
2.34691
3.96865
3.19462
0.325271
-10.5466
3.96293
-0.439635
3.39725
1.42162
-2.98303
-9.21792
2.13004
2.4601
1.90386
3.06931
3.71069
3.28897
-9.412
4.8765
-32.398
1.88327
-9.33763
-5.25567
0.0546989
-32.1208
1.90294
-10.0117
-8.30926
-9.28594
1.31783
1.501
0.0623021
-10.1252
3.25593
4.39638
2.82073
1.77798
-2.73764
-0.225015
3.34838
0.407043
5.47997
8.73386
3.7596
-9.78526
7.53955
-11.6704
3.67357
2.41896
2.94409
5.32065
-22.3225
3.49178
-32.2462
-24.4415
0.93343
3.04161
-9.58253
-10.2589
3.31587
3.50627
3.39054
3.33672
4.72678
0.0849059
-10.2764
1.7064
4.67652
-16.9077
1.24591
-1.82516
-10.6393
2.75921
0.851832
2.98973
0.0415445
-21.7458
4.62908
-30.1824
0.807899
0.12714
5.49733
-12.5468
-12.7122
2.49937
5.26947
-29.2133
3.3255
0.250299
-2.3922
-9.74437
3.56355
4.35977
3.45315
-0.206266
-9.77486
0.713885
3.49115
-9.37296
-9.23169
3.19198
2.59681
0.388113
5.04706
2.40236
-21.2508
1.11337
-25.3854
1.28165
2.55517
1.06008
-24.043
2.37368
-10.4684
-2.34469
-3.1187
-9.35581
-10.401
5.05797
2.02909
-12.0055
-23.8354
1.41549
3.20221
1.31966
0.178831
2.40693
1.15291
1.49564
-0.212694
0.28925
0.00544209
-10.3287
0.295874
1.72335
2.48547
-9.40818
3.25456
-10.9427
-10.5979
0.349366
2.56481
1.80588
2.66156
1.66675
-28.7177
4.49953
2.80771
1.31311
2.88069
-22.5737
-12.5185
2.324
1.94938
0.413301
3.19233
0.873097
-0.0885657
4.61144
0.317433
-0.749134
-9.86844
2.93253
2.33577
1.61817
1.60856
1.31075
2.62923
4.45329
1.81976
3.2165
-12.3486
1.93782
5.02919
-9.33458
0.809383
-2.67112
-9.24051
2.8503
1.57943
2.86566
-13.7348
2.03497
-15.9587
3.00616
-9.82994
-10.6703
-33.0859
-9.8648
3.56428
1.23464
-32.0589
-28.7204
0.381095
2.95487
3.55583
-9.18434
2.76729
2.37336
3.43251
3.83498
-3.18484
3.49479
0.597824
3.28199
-10.1434
-32.4271
5.76989
4.76224
6.0679
2.496
1.42318
-3.32812
4.48501
-0.209189
-10.6768
-32.753
2.98971
-29.322
-9.52354
-32.6481
-10.0789
-0.73603
-13.6109
-11.5302
-9.01508
3.17858
-9.29599
3.57669
3.16185
4.43662
2.45445
-12.5425
-17.7256
-10.352
-18.2506
0.0871601
2.29242
-5.00563
-10.962
4.01069
-11.9586
3.1512
-32.7048
2.87884
-9.87147
-1.91678
0.154343
1.55647
-32.9111
1.33144
-1.30028
-32.556
2.71466
-9.3394
1.74835
2.2026
-7.8189
-4.8523
1.86702
-21.9957
-13.5464
4.7894
-24.7413
4.0518
2.2714
-0.029026
0.232428
-10.3534
-13.2813
3.26351
-12.416
0.700486
-28.7448
4.02939
2.40558
2.39693
-29.5434
-2.77733
-24.074
2.13901
-9.60427
0.701252
-24.3513
-11.9502
-1.70921
3.51756
-11.567
2.81695
1.86927
2.84456
-27.3804
-11.2166
1.1893
-12.2008
2.06991
1.52996
-5.11349
2.21834
1.1311
-13.1313
3.2848
2.95009
4.04178
1.28626
2.54815
4.67013
-10.0698
-10.3022
1.64844
4.03069
1.84443
-13.3915
-10.6241
1.24589
-0.850651
0.182804
-12.731
-0.88702
-2.36617
-9.60282
1.00498
-23.859
-12.0342
1.13505
1.38371
3.83793
4.08265
0.990077
2.04862
0.37754
-0.0559795
-10.8474
2.28888
-12.2023
1.03941
-11.3191
2.63373
-18.9546
-1.67806
-32.0152
-9.79064
0.443206
-0.99209
2.614
2.65602
2.42332
-9.58251
-9.17653
2.58289
2.97689
2.58898
3.00905
1.15409
1.79431
-11.448
-9.27136
-32.0662
-12.2807
3.83074
0.938698
-15.7696
3.32665
-9.85865
2.98218
1.25073
0.17532
2.02463
1.25378
2.4674
1.27576
-1.42868
-10.4307
-10.1452
3.58258
1.47982
-30.683
2.91962
1.45091
-5.52142
-9.68927
-9.02619
2.20221
-32.6987
1.46376
3.89253
3.46365
1.07735
10.0787
-2.46773
-6.81049
2.5799
0.0921963
-32.5714
2.19977
-10.8327
-9.04198
2.3345
-0.594562
3.34197
0.206125
-17.924
0.351688
-9.92879
0.209772
2.40099
0.224256
4.21099
-0.376703
3.91359
2.19212
2.52049
0.947673
1.95556
-23.5569
3.68316
-1.9002
1.73205
2.25548
2.82035
0.237674
1.49909
1.4129
-10.7099
1.83459
-10.6194
5.81366
-28.9259
3.00049
3.71561
1.17281
0.928169
-9.58702
2.67428
2.39835
2.50009
-1.51561
4.16861
4.67518
4.34909
3.14675
-6.9397
1.2823
1.79567
-12.8251
1.36156
4.75266
2.03666
-8.19132
2.14338
-10.405
-10.0524
3.54323
4.51553
3.18718
2.97279
-12.2068
3.22603
3.24431
2.57768
-22.9828
0.327729
3.55007
0.792552
-8.29644
-2.05845
0.406362
1.65733
-8.98425
2.65224
2.23854
-12.3218
2.05358
-3.0306
-10.7549
7.70641
-17.1816
2.72685
2.09382
4.01361
1.22611
0.287209
-8.81656
2.36658
5.07175
-11.0919
2.43495
3.56233
3.53734
-0.171891
-5.66046
0.969597
0.811724
5.23656
1.86878
0.784234
1.87634
0.213763
3.8117
-2.87298
-21.1486
0.885971
-11.2006
0.427173
-30.3618
-10.5097
-31.4025
-9.11688
3.81315
2.8479
-23.9012
3.35083
2.49519
-9.38676
1.97936
4.80143
-10.28
-13.55
2.45414
-9.28942
0.699918
-10.0785
0.51711
3.55258
2.41585
-0.0370158
-30.0464
2.37094
3.48458
-0.566596
1.49406
-15.0277
-0.127219
1.39863
-9.48454
-0.12475
-10.5477
-0.253073
-12.4279
2.18179
3.97585
1.87933
3.5841
-27.6856
-8.67172
-30.0422
0.715635
-10.0407
-25.3319
4.05429
-32.6332
-2.23287
3.19595
-31.482
-9.68474
2.96346
0.236295
0.611975
-12.0665
1.03159
3.30979
-26.533
-27.6414
-0.224764
-12.2576
-18.7488
1.51229
0.113397
-5.11122
0.320218
-31.3325
0.280707
2.77578
1.28547
-4.33782
0.85983
-2.65765
-10.5769
0.952226
-3.59379
0.707318
2.64348
-10.7665
2.7345
-32.3207
3.09928
1.32321
1.87842
4.83757
1.53173
2.0658
3.49977
0.456622
3.57049
-10.4391
-28.9551
1.47706
-32.6506
0.957784
1.30839
2.22475
2.34423
2.07684
-12.8564
3.33541
-4.22336
-10.8695
-9.89779
-31.1446
3.95278
2.84
-10.7724
2.59109
1.98624
2.03775
1.06193
1.81704
-9.45344
3.24668
3.73982
1.05408
0.205355
-0.0164806
-8.52935
-3.04848
-2.94453
-6.93793
1.57102
1.23632
4.49562
2.00819
1.04827
1.50287
0.194804
1.31649
6.05681
3.03087
3.32451
-4.16133
-11.0157
-10.9132
0.268112
3.80865
-3.01142
-9.034
-9.54676
0.693771
1.56425
-0.294982
3.0141
1.03611
0.245188
-9.09915
-3.12461
1.18975
1.81439
2.34657
0.144168
-10.517
0.528804
2.34076
1.49428
1.9998
-9.8379
3.94384
-16.7151
3.75084
0.400924
0.118956
2.87109
-9.84182
-1.98385
2.30378
-12.2079
-29.8828
-0.513767
3.26958
1.90675
-23.6251
-12.495
-12.4292
1.30293
-32.5662
3.19777
7.38173
-3.6683
-9.39638
1.11962
1.36774
-3.73931
-7.76871
4.39408
0.774322
-9.51705
1.23128
3.95073
2.5055
3.30242
4.59956
4.36749
3.09079
3.53878
-9.55354
3.17111
0.930734
0.673167
2.1796
-1.61773
0.443486
-26.2652
-2.69766
-3.0814
3.45589
2.35933
3.16149
3.50315
2.13037
1.23589
-28.8303
3.68359
0.53106
3.97098
3.36993
1.8501
0.261051
3.52559
-10.7034
1.08557
-30.5615
2.27488
5.83283
2.72822
2.39007
3.02585
-10.5251
2.79344
0.665951
3.35246
3.85668
-24.9324
1.47445
2.84336
-7.56791
-11.5258
0.963892
-9.79908
3.60116
-28.7121
3.15496
-10.4859
3.37874
-4.00244
1.48686
-10.4421
-0.0561099
-18.9283
-9.18374
-9.71647
-0.91455
-12.2844
1.3744
0.485471
1.27828
-10.2651
3.29404
0.431744
-32.5121
-10.0335
-9.79848
3.95266
-12.5799
0.165801
2.45865
1.13402
-2.32354
3.50545
-11.5909
2.19827
2.04566
4.36506
3.34935
3.38671
-9.60283
2.87832
3.95946
-10.0689
-2.54797
0.682893
1.57143
-9.31865
2.3663
2.57092
-11.2674
3.68913
2.25195
-5.35016
2.58236
0.158429
-33.0565
1.49078
3.26748
3.28701
1.04632
3.69555
2.16792
-11.1445
0.851191
-17.5044
-0.28494
0.168503
-9.75224
-0.306208
-0.67572
3.51591
0.725091
1.86247
0.855375
-9.83349
-9.35486
2.9689
2.29463
1.76127
-22.4033
0.363283
-2.86159
0.889367
0.145328
2.47007
3.74291
-3.27148
0.303996
-23.1434
-26.8454
3.04615
-18.5389
4.71828
-30.3083
-2.36119
1.09511
2.37811
0.42029
2.44545
2.19956
-21.4862
0.435587
-7.32125
-9.52848
-32.5415
2.56372
0.861827
-6.08164
0.97816
-5.57266
-12.1131
2.71526
-9.75298
-31.2969
-9.08349
3.47895
0.876937
1.53669
4.61879
-10.251
3.38813
-10.8185
3.13863
3.61232
-0.0701598
-10.0416
-25.4664
1.65949
3.43602
4.10121
3.20837
2.19951
-3.09669
-31.8173
2.35433
1.22338
-10.8388
3.4785
-28.2273
2.75074
1.8166
4.04465
-9.77271
2.67057
1.50106
2.92444
3.09626
-0.0894166
1.9813
-9.62299
0.0555177
1.55889
2.30487
1.38372
-32.1363
0.904124
0.617934
-11.9755
-10.0409
0.192259
-29.6463
3.7064
-9.15591
-32.3679
3.30694
-0.0663556
2.03278
1.87424
0.656843
-17.2708
-2.11403
7.28826
1.16223
-10.7301
0.0813198
-8.95531
-31.1423
-1.30167
3.1344
-8.60411
0.222939
1.21077
1.46198
3.74829
-31.9911
-11.3309
2.69979
-29.5156
1.58433
-30.9571
3.2817
-9.35717
-11.894
-9.21816
4.2221
-0.0908435
3.39232
0.265923
-32.0633
-8.96383
3.39517
-2.6816
0.736828
-10.8132
2.82384
-5.53369
0.360644
-9.33862
0.163726
-26.2241
-0.38036
-8.30032
-10.1896
3.13566
0.33266
2.25298
4.83404
1.90178
-7.0713
3.5439
1.84598
-27.8963
0.697804
-0.921749
-0.0717081
2.78537
3.24287
-30.122
-12.1434
-0.322233
-24.3193
1.52605
3.48656
2.24141
-10.4329
-29.4711
-10.6439
1.90997
2.64455
3.07224
-9.45097
-0.298935
-2.62872
1.78377
-11.5548
1.92837
-0.648499
-16.9316
2.81648
3.52045
0.352713
4.34809
1.68937
4.18847
2.06498
2.19505
2.7107
-11.0235
1.96237
-20.3912
-23.2629
-0.557905
-11.3329
4.08523
-9.64439
3.13669
-18.4481
1.39636
2.68962
4.03926
4.14564
2.07265
-1.22394
4.56047
-31.85
2.10198
2.64481
1.06762
-12.4484
2.61627
3.12388
2.13556
-12.5896
1.78688
-9.05372
-2.9918
5.25011
4.90611
-4.60419
-29.1845
-31.9189
-2.56711
3.28647
0.401955
-29.9529
-10.8262
-10.2074
-17.7606
3.31231
2.31196
2.47179
-0.455548
4.19185
3.02524
3.58497
0.912116
3.53366
-31.9795
2.97426
-10.8949
5.21926
1.79833
1.06875
1.84027
-31.408
-0.332372
0.505336
1.29182
1.55973
3.41257
0.46696
-9.93496
-0.865105
1.95289
-5.94472
-12.2847
-24.2205
3.4241
-1.29078
-9.52198
-12.5206
-10.2966
-10.847
-8.79353
3.15906
2.39406
2.38616
2.1032
-30.9249
-12.0655
0.838314
3.36787
0.00530043
3.77756
-17.4425
1.99644
-30.0231
1.2973
0.305899
1.79337
-9.92028
1.91794
-32.9606
-10.4431
-0.285548
-0.209029
2.1164
3.90864
0.209333
1.11646
-5.75052
3.10159
3.52834
1.99044
3.2854
-0.16871
-10.4956
-2.74632
0.855703
0.395265
-6.80141
-10.1321
0.091155
-0.142482
-9.57885
4.10699
1.39797
-32.815
2.69899
3.42837
2.22997
2.37429
-11.7942
2.2294
5.60931
2.34385
-11.6644
1.91258
-12.0244
-12.1344
-32.6406
-10.7579
-9.02889
-27.5836
-11.626
-16.8818
-9.3249
-32.7537
-32.6766
-9.93483
-31.9781
1.16013
-12.6467
6.2081
-12.6008
1.70205
-9.34728
1.1364
2.27578
-9.80572
-18.0132
-9.58581
-0.724586
1.69209
2.02498
2.23954
3.22064
0.326865
0.482242
2.51677
1.23565
-0.0384618
-2.36717
3.4723
1.35531
3.51189
1.97301
-9.71645
0.804243
-1.9821
-10.1977
2.46137
-2.93338
2.94996
-28.6349
-23.531
4.57009
-10.2852
-9.11866
-11.8918
1.50904
3.46167
2.60838
3.16753
2.11248
2.55268
2.44956
2.87336
-32.3745
-32.252
-22.4839
-32.5654
2.96858
2.23615
4.13757
3.434
0.0339131
3.91878
3.3339
-1.62826
3.88803
-0.247566
1.93387
-12.6593
-23.4305
-10.9329
3.34743
2.25289
0.659947
-9.75913
0.379589
-12.3233
2.80233
6.26244
-4.42637
-11.0525
-10.8161
5.57537
2.6515
4.98496
1.95294
-11.4929
0.365791
-9.2802
0.192215
0.269128
3.36019
-12.3707
-0.503899
-2.66547
-9.05648
-31.9709
-9.12557
1.40066
2.41308
2.80657
-10.1077
0.424372
1.22558
0.520696
3.67156
-9.22502
0.489756
0.78448
0.62374
2.44297
1.5995
-31.6083
-11.9739
-32.7138
3.37837
0.722496
-9.72151
-0.790664
0.785592
-28.5892
-32.4095
0.214742
2.01066
4.32476
-0.00470414
2.80474
3.21243
-32.3538
0.201333
2.05224
1.57262
-4.93603
-11.8077
0.240515
-32.0173
-11.3539
1.0528
1.74437
-0.311174
3.36906
1.7678
-0.313596
4.35181
2.97806
-12.375
-29.8824
-1.26894
2.10917
2.53746
1.1109
3.28701
1.85973
0.564651
3.46623
3.30298
2.81804
0.771353
1.74978
0.429307
-9.79019
0.0835418
2.2625
-29.6582
2.83422
1.43931
2.39755
0.854161
-9.49322
-11.1722
3.38307
-15.2775
1.35941
-0.520009
-11.7851
2.67128
1.70052
-2.59911
-9.04524
-32.009
3.94894
1.64299
-29.7744
2.35955
1.1347
-19.3093
-10.1155
-10.8792
-3.09576
0.664693
-1.969
1.44701
2.84598
-32.1955
-12.4186
3.37091
0.323604
-11.4281
-0.0417834
-19.6388
-0.095704
2.34411
2.76717
3.26831
-10.8965
2.30837
-11.4643
4.08758
-7.56754
-10.9159
-9.55079
1.77554
-31.9921
-3.41563
3.21107
0.639363
1.30796
-31.0999
1.45212
0.304437
0.149479
-30.6832
1.30819
3.20647
4.04433
-4.05216
1.58677
2.1476
1.17104
-10.8056
-31.1357
-8.64987
-3.64797
1.7894
0.253355
-11.1283
-32.236
0.009597
5.45841
0.663412
2.34761
2.46606
-9.23937
0.651733
-12.191
2.4871
-2.33357
-30.5544
-1.58065
-10.7873
-1.73845
-11.9598
3.6712
0.275979
0.488236
-4.07893
1.23181
-9.00693
-12.4908
-11.2794
4.79457
4.95818
-0.214597
2.07243
1.8739
1.19618
0.656554
1.14024
-9.6059
-17.6768
2.65689
-16.5409
0.594319
-9.85746
-22.6903
-8.5812
3.84855
-10.1016
-12.728
12.9
-9.43042
-9.47422
-21.2923
3.64944
-33.4113
3.2987
2.85058
-14.2097
-11.9826
0.401889
-8.85521
-28.6449
0.246877
2.93912
-15.7126
-11.2934
3.51534
3.34466
-0.563302
-9.11641
3.43905
-32.182
-29.6233
3.10979
-0.124336
3.5116
0.321463
-1.90965
3.29241
0.167012
-29.9581
-11.1156
2.54824
1.67125
-8.41099
-32.0689
-9.81865
-22.9157
-1.32598
-11.3002
-15.202
3.36189
-9.25998
3.38666
2.81506
1.80808
6.73826
2.51484
1.56275
-8.10329
-17.273
3.47326
0.102973
3.3079
-6.5216
-17.6606
0.963929
1.9746
0.786884
0.119335
3.78729
-9.4134
-5.03213
1.43328
-9.5945
-10.6431
-11.2122
1.00669
-11.9147
0.869437
-9.9499
-32.1491
-26.0657
-9.63951
4.94958
-27.1953
2.89649
-12.5473
-11.0982
1.96883
2.21728
4.40403
-11.9628
1.5823
2.80352
1.13723
1.71479
-11.0695
-9.51942
-11.5861
1.60084
3.25142
-4.48377
-12.284
0.943733
2.34205
3.85914
5.05353
-9.19089
1.80391
-9.61968
1.73014
2.84128
-11.1324
-31.8873
-10.2127
-10.1136
8.35852
0.182353
3.23848
-11.3512
4.33957
-3.67518
-11.6575
1.92653
1.40855
-10.0779
1.20857
-8.19782
-10.4266
-10.661
4.87383
0.452206
5.15509
3.1138
3.0183
-15.0224
3.34669
-30.7875
0.952739
1.73143
-3.62762
0.940232
-9.10098
-9.13219
2.96417
1.91277
3.56031
-30.1534
-9.03608
1.42733
-1.99214
2.82649
3.64466
0.323877
3.30166
-3.13177
3.11664
3.74169
-0.574278
1.20676
-11.3064
2.33846
-12.9739
2.54482
-31.6871
3.76015
-26.424
-10.1779
-10.699
1.26042
-10.3531
0.188446
-29.0695
0.220652
2.77333
-16.9053
0.496193
-0.487376
0.934318
-9.25064
1.51955
1.42295
-9.37021
2.08462
-1.31262
-10.3776
-6.44947
0.127853
-7.55872
-10.1673
-0.163892
-2.28605
-11.3929
-32.3782
-6.44906
3.24281
-2.55186
1.21152
2.93247
-4.75812
1.7822
2.014
2.5119
2.1502
-11.1618
-10.6136
2.54358
0.747292
-10.6903
1.14186
-0.345818
4.09417
-9.24574
-6.82943
-10.927
1.20373
2.74158
-31.9002
-2.39637
-9.1594
-7.96854
-21.2132
1.23353
-31.5672
-8.707
-2.50386
3.53814
-0.317774
-14.5396
4.87653
2.44886
-10.5207
-6.18567
-16.1033
1.5293
-5.51251
-11.6256
-9.40194
-0.127264
2.71496
1.92612
-11.5025
-11.7086
-12.5382
-10.332
0.117982
0.139643
1.85036
-9.68234
-11.248
-0.11137
1.04331
3.41351
-9.88703
-32.3632
-32.4213
-12.3375
-10.7368
-18.1718
3.47679
-9.50873
0.613664
3.20858
2.24589
-9.27721
-8.92757
-1.27382
-10.401
-2.01162
2.5262
-9.00685
-24.8397
-32.409
-8.53622
-0.830243
-3.98683
-5.11668
2.35683
1.73328
2.88199
3.30508
-12.5571
-4.54379
1.01445
-9.82999
1.98474
-4.52327
-4.89449
2.86375
-8.02188
-10.4735
-10.9951
-7.74717
-32.6464
-11.0879
-10.8653
3.0352
-15.1922
-9.54688
-11.3494
-9.12696
-28.9063
-9.43442
4.41474
-10.9359
1.37175
3.21988
1.40221
-6.18671
-0.103133
-4.66038
-15.2735
-12.8079
-18.3378
1.35456
-31.9498
1.04892
3.84769
-19.5921
-9.36574
-16.9637
-2.22554
-11.1219
-3.47126
-9.17737
-4.41734
-31.2921
-0.62436
-11.4752
3.52111
3.56032
-9.93793
-9.93123
-10.3606
-10.2736
-7.41509
-9.45559
-12.5915
-9.3234
3.30449
1.21638
1.77315
-0.172651
-3.70917
1.10188
-2.45888
-10.4549
0.94636
-9.91638
-18.1689
-10.6984
-23.9821
-11.1725
0.817213
2.76338
-11.2414
-3.18568
-5.6706
-7.84188
2.77945
-13.2837
2.63345
0.713036
-10.6763
-10.7664
-10.7642
-9.33873
-11.9463
-15.0359
-9.53977
-26.1472
3.22497
-0.299555
-20.1987
-0.37634
3.34836
-29.9547
3.89322
-5.29351
3.47764
1.54502
3.44011
1.12621
-8.27614
-22.6767
-9.91272
-3.57265
-32.2065
2.59624
1.31213
-7.42291
-2.54143
2.84545
1.26446
-2.85374
-2.47858
-9.63868
-27.4105
-27.6956
-13.6996
1.24359
3.59533
0.546338
-11.5742
1.58742
-0.815658
2.87731
-10.85
-10.5308
-2.46006
1.87
1.40808
-2.84402
1.14008
-0.789618
-11.0665
-7.61306
2.35333
3.44746
-1.54746
2.6602
0.129618
3.66299
3.39249
2.40571
-30.9522
1.15402
-10.4301
2.3508
-8.53715
-7.99858
1.20001
3.09294
1.79162
-2.43834
-17.7593
-1.07349
5.88936
-14.4455
-7.27178
2.49104
2.85363
3.22793
-0.240728
3.79974
-2.68626
-17.1585
2.93219
3.11492
-32.7301
1.67248
-2.50193
-28.3544
-10.0441
-29.1057
1.37243
-21.4194
-12.7629
3.19386
2.31683
1.17546
2.25641
3.09353
3.84056
3.78603
0.607173
-2.15585
-0.199496
1.80167
5.77901
1.47514
-18.0994
4.70155
0.436174
-31.6522
1.19476
-1.17291
-10.1222
-11.5559
-2.24697
-0.338822
1.18622
0.816983
-0.687827
-11.0729
-6.32315
0.436838
3.33955
2.85097
3.53964
-5.66135
1.50765
1.29967
-14.9936
-8.2045
-25.3357
-6.00054
1.59245
1.26467
0.386322
3.47839
1.52047
1.44699
-0.162667
1.69867
4.12291
2.20492
2.10922
-20.5858
-9.34815
-9.25774
-10.1368
1.86947
-6.001
2.88323
1.54261
-12.3149
-27.2925
-8.89837
-9.02119
3.19276
-12.2857
-28.4948
4.35397
1.60588
-9.73046
2.61466
0.843857
-12.0347
-1.74858
1.66935
-28.4559
-27.7506
0.06682
-1.44016
-3.42335
-1.51858
-9.68631
-2.1584
-10.9508
4.11877
-28.4806
0.980312
1.04403
-23.7014
2.68727
-11.3026
3.26104
-15.26
-33.2679
-15.6024
-0.176116
-29.048
-31.9563
2.99739
1.32173
-10.4741
-26.128
-8.10496
-11.4147
3.78237
-9.83391
-0.577465
0.321128
-22.1349
2.70746
-31.6772
-10.1228
2.75848
-9.59937
3.84828
-2.6057
3.22226
3.52656
2.58391
-10.7449
4.9125
4.50892
-1.45508
4.60497
-9.69371
2.43776
3.93334
-18.0037
-32.3839
-1.2502
-3.12389
2.00159
-12.3476
-15.8718
-10.1183
1.3815
0.577567
4.80283
-28.2106
-1.00339
-9.06103
-32.289
-0.330536
4.07697
-7.22492
0.191152
-8.96791
-9.48829
4.04316
-1.65122
-8.34827
-10.9281
-10.5101
4.92182
-8.92445
-9.71338
-5.17817
-6.03745
2.75217
3.20185
-1.18749
4.35687
-10.5311
1.9839
-1.05628
1.80943
-11.2891
-10.2942
-0.728114
0.00137832
-9.56551
2.00812
2.6368
-10.5106
4.39454
0.363405
1.29868
1.15817
-0.248119
3.79827
-32.23
-0.881909
-4.15621
3.51404
-31.8837
-11.3691
-4.06006
1.77897
-30.7813
-9.63973
3.34062
-10.8988
-11.8498
1.0872
-25.9249
-20.3779
6.80472
1.54402
4.66128
-1.58767
3.95204
-7.73535
1.19005
-10.3617
-10.3891
4.51489
1.24894
1.42925
3.09092
2.04824
3.01655
-7.7727
-10.0947
0.332463
-0.641202
-9.17691
4.68502
-2.68305
1.35667
-1.12922
-10.9149
1.01335
0.4264
-10.9661
-32.2432
-10.5776
-8.96265
7.81434
-1.73108
3.20073
-1.13751
1.40869
0.201577
2.03016
-31.9994
-22.9644
3.34606
2.09573
-3.83034
-11.0296
-9.28489
-4.90532
-32.4981
3.26402
2.08593
-10.0968
2.48912
-1.71206
3.05056
0.897317
-4.16358
0.93255
3.29032
0.334085
-9.93248
3.01601
4.84552
-9.9815
-11.4472
1.11271
1.65758
4.19674
1.93726
-0.858054
-9.78522
4.06938
2.63178
-9.505
-0.222329
0.379403
1.20552
-30.3565
-10.0085
-1.50302
-1.09856
-10.3168
-9.73738
2.9658
-1.55858
2.53068
-1.10845
3.23772
-2.46773
0.808927
0.62375
-1.42623
-32.4875
3.19098
2.06559
-11.5418
-23.3957
1.58825
1.29267
-31.742
-1.40186
3.72491
1.82824
3.11552
1.61104
0.55557
4.11782
0.274868
2.91892
-10.8572
3.18744
-0.368946
0.436606
2.90048
-10.0659
2.80524
-10.9389
2.94307
-1.18576
-9.95505
-9.5892
2.37038
0.223447
-1.58682
-8.18823
-4.32852
-0.438733
2.60952
4.39335
0.642386
-10.7596
0.373504
0.082777
8.8832
1.50613
-0.206503
0.496649
1.67983
3.17319
-10.0722
3.44239
-22.7475
-3.1819
0.430248
3.41058
-11.3567
0.225904
3.4885
-3.64204
-1.98587
-0.242527
3.28467
3.46928
1.56021
-20.4338
1.59561
-9.83312
2.73022
1.55455
1.67459
-11.7317
-2.40726
-9.54392
4.79606
3.3013
3.07818
-9.64834
-1.63942
-14.3593
3.55097
1.32214
-10.0792
3.49134
-3.4205
-10.72
-1.09788
1.06071
4.01834
-2.7682
-26.0081
3.8307
1.6166
-0.218737
-6.5762
0.318099
-9.82704
-1.33993
-10.3624
2.98469
4.36931
-0.451718
3.23047
-9.14989
-3.11073
-1.09403
4.09201
4.02277
3.16728
1.63019
-0.165696
2.30083
-10.6552
-32.2337
-31.7453
0.491335
0.617209
-1.28783
2.00797
-2.44393
3.56288
-0.397815
-1.50942
0.570931
1.48127
-2.07487
3.73748
-6.7764
-0.655143
0.0591786
0.870209
-10.0197
-3.92563
2.02295
4.71626
-3.85312
-3.87981
1.0028
2.1259
-5.72557
0.992156
-28.4941
4.21438
1.33323
3.38615
-9.95189
-21.7506
-19.5382
1.33922
2.56365
-9.14458
-32.1652
3.98519
0.152345
-0.453371
4.02276
-11.6603
-21.1015
3.35202
-28.073
-5.36706
0.801608
1.44974
-3.02891
-0.272238
-0.279945
3.48917
4.20691
-1.10546
-9.58687
-19.1831
3.96319
-32.5393
-9.6257
0.208014
-3.22932
-10.8071
-9.91958
-4.32797
0.60826
-0.326413
-28.935
-3.47727
1.19789
1.69894
0.131579
1.90839
3.83658
-18.0645
-10.2082
4.75173
-30.8458
-12.776
-9.5339
-9.39377
-0.0884188
-0.255923
-16.5467
3.27214
-31.7994
-7.19619
-22.5874
-32.8164
-9.72691
-31.7598
-10.0265
3.46264
3.90889
2.03619
-24.383
-2.24385
-27.7598
4.83979
3.65435
-0.181098
4.75835
-10.1825
1.71697
0.299111
3.07381
-32.0291
-1.16093
2.37542
-7.71117
-10.5594
2.15407
-2.34901
0.31004
-1.67072
0.155744
1.76429
-6.21215
5.02405
3.53099
3.11925
-2.58683
-5.45964
-9.59809
-11.0115
-11.0167
-10.9423
1.36997
1.61175
-8.06218
-9.76126
-10.151
-4.97184
1.97363
-7.21763
1.48763
1.50285
-6.10351
3.46111
-6.94938
0.831106
1.63036
-21.0548
0.850472
2.5606
-31.9921
-32.2826
-27.6845
-12.6095
6.15436
-0.116769
-0.529478
-0.123417
-1.54778
-10.731
-9.78939
3.27614
2.08856
2.03693
-25.0985
-1.64874
2.21679
2.97516
1.38479
3.18206
-9.07424
-17.0411
0.374242
-11.9851
-3.54909
0.874052
0.887187
-11.0955
-0.126491
-9.03636
-29.3431
-0.019814
3.40672
0.656702
-17.5258
-11.5358
0.54805
3.52547
1.47238
4.23573
2.78506
0.17819
-11.0215
-10.7955
-11.4658
-0.319756
-7.19095
-2.15779
-9.57113
-21.2294
-27.3514
3.965
-9.24051
2.37092
1.56076
1.74503
1.17406
0.484161
0.412696
-15.4756
4.95332
0.543991
0.142155
-9.37123
-10.0897
3.17697
1.49815
2.46061
3.25204
3.46439
4.31172
-0.0293687
1.27799
0.426855
1.54972
-0.792173
0.203951
4.11574
3.68391
3.07321
3.19529
-32.1367
-28.9773
2.09513
3.46293
4.95466
4.14702
2.96387
-9.828
-10.009
-1.19091
-9.3965
1.29693
-3.26478
3.07451
4.30334
-10.3164
-0.58582
-0.997506
1.22776
1.32267
-11.5182
5.02499
-1.35937
-9.6511
-0.614679
1.5386
-3.4091
-14.1273
-0.25139
-1.06161
-11.152
0.443067
-19.7823
-3.92708
4.39575
-0.535204
-9.08597
-32.5214
-8.76113
-0.463275
-10.5787
0.418891
3.2811
-10.967
-9.93033
3.26418
1.9873
1.94729
-2.51814
-3.20857
-32.0166
-9.32521
0.727029
3.47224
-29.4863
-10.0905
4.67324
0.277651
4.73856
-31.1341
-9.82945
-31.6985
1.54222
2.21535
-9.02003
3.94551
-10.9429
-28.2645
-10.3564
3.23934
2.43181
-12.1724
-6.57599
-28.372
3.492
-30.6252
-23.1331
1.21533
0.105553
-0.72352
-1.46656
-1.5084
2.92867
-10.8968
-0.211457
-0.668532
4.70781
-1.10963
-0.267487
3.20083
0.401779
1.74893
-11.4978
-10.7409
-26.5313
-33.0793
-0.567018
4.54307
2.01882
2.42091
-2.19896
0.0762741
1.11625
2.2137
3.06317
-10.3676
-0.401811
3.94878
4.68877
-9.68219
3.78404
3.41795
2.01426
1.31481
-9.3712
1.37408
3.1239
-10.9732
-26.0479
0.742078
0.359144
3.83848
3.96413
3.5589
0.697142
-0.719507
3.58344
-11.1328
-15.8885
-4.77416
1.73475
-1.59106
3.05989
-9.11142
1.16556
2.83421
1.50059
0.71165
-0.789916
0.947544
0.599689
-11.1567
1.46329
-11.6598
1.81604
1.61031
-0.727564
2.08588
-11.3992
3.72376
1.7212
0.0547731
1.62362
2.8438
0.854938
0.208856
2.22657
0.0858963
4.35265
3.5243
-31.4006
-18.9219
1.46373
3.06537
3.30863
-6.50205
3.27597
-15.0535
2.29997
-32.2181
1.27472
0.330475
3.14133
0.384828
4.17368
-0.812618
0.505394
-25.5436
-10.3034
1.57563
3.18371
-10.7519
-0.546975
-0.989371
-0.744683
4.44544
-31.2762
3.03813
0.119033
-1.05735
3.1828
-9.25793
-9.40268
0.0647021
3.48272
-0.477352
4.32352
-1.08223
-10.9298
4.21706
-0.181992
1.30845
1.17653
1.32459
1.88358
2.48219
4.19089
-10.1711
-9.60342
-0.407616
-10.0479
3.24892
2.02077
3.76692
2.5466
-11.3548
2.47903
1.50582
-10.2642
3.2537
-0.708755
-10.3759
-0.637258
-10.7605
1.42197
3.19295
-27.0061
4.57235
0.240827
-28.5689
3.22214
2.91987
3.17772
1.32058
3.16612
-0.391597
-14.2504
3.23132
-30.2553
2.21084
-0.044191
-1.43315
3.00327
0.108727
-9.95997
1.35881
3.13435
3.30892
3.57477
-32.5137
3.14721
-0.614438
3.27103
-11.1533
-8.34815
-0.720945
4.816
1.37269
4.00152
3.83053
-12.3508
1.6764
1.14428
-31.3934
2.20792
-7.44344
3.42219
-1.04258
0.819072
1.66634
1.96282
2.7029
4.41181
3.37841
-8.70583
3.49305
-10.275
2.46014
3.3819
-9.58332
0.60236
-11.4933
-9.56848
4.11845
1.1682
-0.436947
0.759388
1.96524
-0.47486
-8.94958
1.78173
-0.943743
1.20617
4.23915
-2.39605
1.85649
0.147274
3.12945
0.7103
4.58192
4.11212
-11.7728
-7.92127
-29.5753
1.19535
4.57906
3.31777
-9.95716
1.11763
4.2167
-10.3471
-0.560817
2.92059
-10.7477
-0.618958
-22.3328
-0.0627339
-1.77902
4.47183
-11.3565
1.49008
-15.7537
3.76453
-2.37166
2.98625
1.13953
4.17859
4.72097
-3.96159
1.40421
3.10334
4.22127
-32.0742
-10.965
-24.6406
1.59264
2.87116
3.2993
-0.78709
-10.1735
-21.1052
0.818092
3.92393
-0.521285
3.72926
1.89311
3.32523
-0.661534
0.0798222
-11.3885
-4.56919
0.910474
-0.928828
-2.48081
-0.635676
-3.21796
2.13297
-23.6162
-9.5231
4.53775
4.15655
-0.556138
0.555981
2.16479
0.779967
-16.3504
-0.677775
2.96605
3.9866
3.24031
-11.9418
-10.674
1.25567
3.52931
0.449506
3.61036
-10.9663
4.12932
-3.57719
4.76782
1.82883
4.14
-31.6878
3.21101
4.62101
-2.50407
-8.52982
-31.4524
-10.0037
2.28199
3.23118
-2.24791
-11.149
2.54766
-0.415728
-0.517132
4.69266
-0.484953
4.27697
2.70987
3.13801
2.0866
1.13529
-9.86943
3.92334
1.67401
1.16944
1.91062
-4.54855
2.77499
3.59673
1.439
-16.998
1.75215
3.50419
-11.9829
4.41111
4.18902
-0.710836
-0.543052
-0.314725
2.9319
2.75294
-10.9422
-0.438914
0.112446
2.05674
-24.8292
-11.6143
1.82944
-0.209354
4.5637
-25.9988
4.89816
4.89675
0.949592
3.69992
1.30601
1.0646
1.55471
0.717865
1.8333
0.347735
-3.36985
1.26111
-1.10136
3.1621
-26.5574
-0.39857
-11.8945
4.46903
4.91461
1.78349
-24.9057
1.49534
-1.35899
-28.9479
-6.58553
3.16377
-0.53564
3.63259
1.07631
2.5015
-4.04675
3.76105
3.94919
-17.2255
1.68035
-0.590588
-31.627
3.91553
4.4163
-10.2665
-1.0537
-15.3054
2.99933
3.66412
1.95782
-0.694314
4.49072
3.38344
-11.7079
2.99391
-1.01644
1.68565
-11.5066
3.74272
-12.5799
4.64433
-8.38309
3.93812
0.146888
-0.478598
0.567517
-11.1584
3.43294
-11.0258
3.38182
0.105522
-2.44414
-25.5881
3.49994
-28.141
2.57152
0.374761
4.96886
1.00555
2.11129
3.19603
-2.11805
2.6517
-7.53707
4.53803
-1.53222
5.90677
1.65251
-0.651239
4.68293
-9.41311
-8.46669
1.86212
2.60071
1.88789
3.14137
-0.178963
-0.460751
-5.10798
-9.50311
-3.68786
4.57775
-0.726877
3.87233
0.732046
-9.97632
1.72672
-0.497882
3.19609
-3.7824
-3.45673
3.73584
1.63672
4.53543
2.41011
1.88767
-11.0808
-31.6741
1.71532
-0.4498
4.18994
2.2366
3.30918
-17.0956
-11.0381
3.18814
-2.19619
2.54332
3.11844
3.86744
2.51839
3.96698
-1.00961
2.80541
-12.1789
-10.6815
-0.389374
4.42819
-0.783472
2.95815
-10.784
0.939093
4.39728
3.77268
4.43123
0.634089
2.43839
-7.00713
-27.459
3.83794
3.33522
1.46719
-0.345301
0.237849
-0.50124
-1.39611
-0.885258
4.8632
-0.884883
-30.4458
-10.6416
-3.09172
-9.66165
3.45596
2.35846
-1.22848
-10.6846
1.08467
-10.5316
3.43828
8.29417
0.201882
-10.4262
4.71753
1.7882
-10.4302
3.89387
3.416
0.798887
3.07997
1.79101
4.30396
5.00707
3.42851
-0.333834
-0.250458
0.324129
-9.97682
2.2804
-28.446
3.90026
-0.309786
-23.2685
2.44989
-0.574636
3.33439
3.30002
-0.838222
1.06766
3.56291
0.965843
3.46806
4.34823
1.6634
-13.4405
-0.312389
4.48571
3.2135
-0.607438
0.0395052
-1.59633
-0.445387
-0.613391
-0.328033
-0.386388
4.23436
-0.152474
-4.97089
-5.68012
3.83014
3.71838
-20.8139
-10.7091
3.51852
3.43599
4.1268
-9.13506
-2.81841
-0.770568
2.47064
3.55746
4.95598
-1.12974
1.21336
2.18522
0.680037
1.05966
2.42901
1.37554
0.660235
-0.284859
0.579136
-7.78002
1.90252
4.2826
-31.3807
-6.83924
2.35431
-25.5269
-11.0144
0.825181
0.814964
3.7083
-1.16776
-10.1999
-10.4948
0.493781
-6.74399
-21.2831
-0.632291
0.0177472
4.26572
4.30434
4.21235
3.18283
1.93968
4.75098
-5.44367
4.20681
0.550475
1.01504
-23.2899
-0.765568
3.6522
-5.80588
3.23977
3.9737
-7.86011
0.194092
-8.56089
-12.1145
1.78587
4.70679
-0.538601
-0.34757
-4.63485
-0.899091
0.109704
3.56391
-0.579936
4.23359
2.9535
2.88659
3.89377
3.19795
-18.8415
1.17168
0.492576
-26.8805
1.78917
5.36463
8.14035
3.37051
4.17413
3.75642
2.48307
3.63567
5.73465
-0.677315
3.11719
1.72018
1.09855
-9.64617
-8.35337
-1.55896
4.89146
1.53761
3.55065
-11.2169
2.78225
0.959749
1.59609
4.88915
1.61019
0.627623
-0.29298
-0.97675
-10.3305
0.680047
3.36535
3.74904
3.42142
2.30973
2.42611
3.59989
-0.661266
4.48327
-0.410001
0.471928
4.19858
1.65251
3.31326
-32.8021
-28.1508
-15.2527
3.36523
-33.3239
-8.62534
-33.1148
-8.4919
-8.47443
-33.0295
3.74492
-8.64222
-1.25432
0.814794
-8.28257
-32.9356
0.933929
-0.513161
0.338151
-27.1037
2.39424
-10.1808
-10.3353
2.62192
1.06142
4.49446
-19.1741
-31.7288
0.0488703
2.95724
-32.8569
-8.53639
-33.6758
-8.60174
-11.2925
-31.5105
-3.09137
4.85664
3.84127
2.28185
0.876295
3.27195
3.34331
-32.2319
-31.6568
-8.50189
-33.8954
4.52842
-2.0963
-4.80127
-5.37137
-1.02745
-15.6851
-10.2745
3.91315
-9.95819
2.52578
-0.362819
-0.112105
4.84204
0.891002
3.2101
1.71352
3.26852
-9.24218
-9.2539
0.694642
4.95541
3.92695
4.00014
-31.828
0.701031
3.6191
3.74059
-32.9317
-31.6196
3.62969
-12.34
1.2732
-8.46067
-8.59092
-0.237675
3.55897
3.66706
-11.5594
3.46761
-0.115386
0.0359405
0.199891
-7.93162
-0.170832
-2.64826
3.94938
0.932451
-0.41485
3.22431
-0.269888
3.52241
-0.635735
-12.2287
-23.8302
-8.91964
-16.1482
-8.05516
-5.01426
3.46524
1.2193
-0.8723
-1.13838
-9.94675
-32.8956
0.0509078
4.10258
3.09437
2.28378
-0.241075
-12.2805
-0.390664
-0.755969
0.625324
2.22944
3.41764
1.56274
-0.797711
4.99623
-9.83472
1.85972
-0.183889
3.50396
4.9343
1.16472
-21.4174
9.2374
-0.392429
2.62584
2.51289
-9.80107
-1.63072
1.87734
3.1679
-3.53879
3.24439
-2.31904
-0.568723
3.77747
-9.60772
3.64177
3.66984
3.53557
-0.958172
3.74962
-28.2631
-9.91409
-0.00648169
-0.762208
1.77459
-0.0607878
0.531012
4.33281
-0.824782
-10.565
-10.1724
3.39467
-33.2182
0.521608
3.31199
3.79312
3.69065
2.25669
-1.27176
-6.41321
2.96748
-1.00396
1.36174
-32.8968
1.30504
-9.56428
-0.259418
-6.3571
-0.600745
2.12792
-33.7509
1.33588
3.87567
-10.3739
-29.15
-0.613242
-0.332338
-32.6448
1.57196
3.60835
-15.082
0.443127
-0.301639
1.55197
-8.35955
-0.205083
-9.56989
-1.36565
2.1695
1.64594
-0.639294
0.242282
3.20268
-0.754855
-8.3699
-34.1979
-1.95889
3.56894
-6.55679
-0.534387
-11.7635
-17.0955
-8.88397
1.49625
-1.71807
-10.0285
-18.9691
3.69418
-0.0740512
-6.0239
-34.069
-0.502631
-0.228903
-10.9575
0.555235
0.890907
-6.05918
3.62774
0.41354
-0.0149252
-8.67293
-20.4415
-1.2472
-9.12664
2.16777
3.10882
-4.46103
1.6776
2.17894
-1.30732
3.63302
-13.7875
-1.38487
3.85101
3.56396
-1.32899
-0.209298
-2.67757
1.4131
-0.214855
1.10325
-12.0693
-1.77237
2.60913
-0.674113
0.0551588
3.85948
-9.74632
4.13683
-10.2968
1.01495
2.7358
3.56844
-0.62165
3.51192
4.5551
2.26179
4.99653
-0.312087
-0.151635
-15.0562
-11.5498
1.77014
-13.7788
4.68007
1.83798
-0.90771
2.57115
5.02247
-9.4023
-9.93527
-1.83355
2.84684
3.56246
-1.78926
-3.81224
3.48145
-12.4105
0.289079
-12.079
-10.199
-0.0386443
-9.21996
3.24844
4.3436
2.07893
2.61581
3.49659
-10.4142
0.525956
-4.86421
4.0095
-27.301
2.17447
2.27295
-5.38219
-2.41311
0.467522
4.07101
3.75445
-20.9918
3.35819
2.83498
3.12021
-1.23592
3.45109
0.283286
3.45297
2.35398
-24.0505
1.26454
2.56109
-0.302288
-11.3672
3.76037
-14.8372
3.66293
1.53215
6.89644
3.20006
3.28183
-0.806602
3.4326
-21.7318
-10.8197
2.6738
3.31185
-25.6554
2.91565
-11.7348
-3.10767
3.43216
-10.6379
-3.95478
2.11403
5.03591
-9.68223
-1.03819
-5.91282
-0.426236
-34.3751
-8.3923
-9.77705
-24.6581
-34.334
-8.30096
-11.0412
2.97695
-33.1134
-0.796554
-12.0961
-1.48728
-31.3249
-1.69218
-4.78691
3.05052
2.0152
3.45905
-0.965403
1.75842
3.45464
-0.384695
-2.19545
3.54864
-9.62712
-3.8453
-3.74789
-1.56532
0.539332
3.27763
3.63959
-31.9496
-32.8278
4.13226
3.68532
3.61037
3.75917
-10.9156
3.34106
1.54514
3.80514
3.1492
-1.86769
-21.5502
-6.00479
2.10473
0.927007
2.23627
1.65693
-2.26704
-7.79929
-9.01376
7.32974
-9.44544
3.65113
-0.967714
-2.73604
-9.36212
-28.2954
-0.369479
-5.61717
-1.8658
0.171306
-22.6476
-7.09443
-0.171996
-0.964772
4.34241
2.76125
-7.21826
-33.6162
-10.0531
-10.5302
-8.80761
3.59091
-8.54824
-0.818829
-4.86062
-2.17231
0.845217
-3.69868
1.00365
3.39195
-4.72235
-9.29311
-10.5115
1.99927
-9.12412
0.116682
-0.841932
3.05827
-1.72484
3.56361
3.38178
-3.34525
0.759337
3.59459
-12.3595
-1.17473
-0.532053
-0.140562
-1.70255
3.77976
-8.59153
-8.63775
1.85566
3.22687
0.179772
-8.51003
-9.9268
-8.59
-0.0947995
2.21176
-1.16603
3.55046
0.978967
0.497891
-0.347558
-13.1205
-6.71334
2.5087
1.31216
2.50091
-9.64284
3.45271
-9.1442
-6.86317
-8.82918
-4.79772
-10.56
-5.55291
-0.48229
4.28994
3.49479
-0.695554
-8.7438
-33.5803
3.41593
3.60025
-14.7382
-8.14729
2.21891
2.44499
3.46677
-12.9819
-0.498671
3.05508
-1.60923
-24.1733
-13.8828
-25.2203
-0.976304
3.715
3.25743
1.79578
-8.55202
3.748
2.97067
1.70611
-0.361841
-8.78482
-23.9376
-17.5871
-9.19719
4.88993
-6.67915
0.0548465
2.01367
-8.59462
1.79919
3.29645
3.72508
-1.76316
-7.86084
4.22561
1.32477
3.54023
-10.2381
1.50795
-3.34288
4.92952
-10.2479
-3.17872
0.154714
-0.402938
-11.6715
-1.92898
-10.6292
-0.116904
1.60009
2.86476
0.628243
4.63503
-9.77136
-3.00726
0.164215
-9.60462
-0.443392
1.34595
-1.39223
2.66744
-0.312991
9.89628
6.00973
-11.2044
2.43784
-2.11061
3.50828
-25.4977
-4.65388
-19.8674
2.25722
-11.841
-1.47045
-12.3057
2.99112
-33.37
3.51246
-0.818915
-0.28176
-12.9621
-33.867
-0.846979
3.47609
-16.295
-27.33
-6.8141
3.54184
-1.24036
-10.9316
2.33259
-0.0106568
-9.15908
3.50062
0.0736998
3.5869
3.66836
-8.64685
1.24145
0.357603
3.51675
-8.52367
0.0297164
3.15635
-4.78077
-3.65705
-8.66928
-34.4923
3.10255
-8.44038
-17.3693
3.19643
0.0276463
-11.3033
3.39479
-5.80641
-7.07983
1.94993
0.95843
2.8838
-14.8896
3.54744
3.18182
3.63667
3.19539
-5.37816
3.07602
3.4492
-16.4884
2.12488
-33.1743
-4.57523
3.53869
-10.9994
2.21318
3.75243
-1.72505
-8.17401
-1.03294
3.83699
3.04387
3.16892
-32.8229
-0.40069
2.21579
1.36806
3.45438
3.39596
2.6796
-2.34122
3.60972
-22.0199
-30.9652
-9.11672
2.99003
-10.8049
4.8792
2.07895
-0.163429
-8.7577
-3.57471
3.2454
-33.7786
0.889707
3.88636
-0.355247
-2.00519
-0.931103
3.40851
2.52152
-29.5363
3.49059
-27.0683
3.15885
-0.4735
-26.1601
3.54859
3.14584
2.79319
0.0824034
-2.17206
-1.54656
1.1434
-12.1202
-8.94826
0.447675
-26.3727
-10.6212
3.45166
3.61358
2.05209
2.28002
3.78407
0.885635
-9.07631
-22.9603
3.17935
-15.7729
3.41221
-0.357554
-21.2804
-8.50367
-6.41896
-2.29812
-5.56417
2.93496
0.846324
-32.4006
-31.3793
1.33322
-1.05199
3.48881
0.600881
2.93254
4.79347
-1.51688
-0.119488
-9.7567
3.02633
1.25844
-7.00176
2.73983
-1.36198
1.80805
-15.8895
-0.590378
-1.78207
-2.29005
0.499805
0.0196972
-0.410533
2.38425
-11.6362
-8.50033
2.74
1.51725
-16.0972
4.15061
-1.13541
3.90926
-0.803016
1.92228
-2.18653
0.56631
1.75435
-9.73516
-2.89597
1.64086
3.10898
2.49194
3.19842
1.85819
-9.68262
1.07477
3.47187
4.11138
3.287
3.17776
-33.9872
2.9198
-10.7994
3.87691
-1.54794
3.12721
1.73412
3.01202
-2.84263
-1.88901
-0.615086
-0.804912
2.72884
3.2733
-7.1227
1.39961
3.2158
1.39105
-10.7169
-10.0424
-10.056
-4.0643
0.860372
-12.239
3.35917
-11.7844
3.43921
-32.8219
-8.22531
-9.90924
-0.0913089
1.16318
-0.291238
3.12412
3.26358
-8.13686
-2.08775
0.176233
-22.6457
4.12312
3.2332
2.31335
1.05519
3.38307
3.34117
1.03114
-26.5664
2.91083
-0.949359
3.12175
4.79584
-0.22887
-9.77924
-1.38882
-16.5905
3.50329
-31.5262
4.04152
-1.02301
-12.3101
-7.45616
2.99492
-5.90396
3.24604
3.23288
2.75058
0.263522
3.48998
-7.85659
-1.21708
0.993641
-1.66631
2.97621
3.89899
3.08707
-11.7454
2.03309
-8.56367
-10.4432
-1.69891
2.25107
1.45908
1.70231
0.141754
2.06948
1.0309
1.35896
-34.336
1.35063
2.62254
-9.95977
-1.17952
0.792311
3.45201
3.85781
-31.2
-7.76296
-2.47043
2.17021
4.65646
1.16353
0.155139
-8.41371
-34.0648
-5.22667
0.283918
-0.980619
-6.31053
4.20369
0.0651639
2.71601
3.06997
3.76627
-3.21861
3.13012
-8.52526
-10.2703
1.6347
-23.8515
-0.449545
3.52699
0.23456
2.81349
2.1885
3.06538
3.75804
3.58411
1.47918
-9.02538
1.79472
2.94101
1.0034
-10.0307
-0.00776621
3.96595
0.16654
-11.3271
-1.74233
-33.6136
3.13056
-2.77029
1.77537
1.36487
3.0289
3.01018
4.94315
3.25833
-0.242578
2.92519
-1.70535
-1.48312
-1.58575
-10.4492
1.65878
-5.62402
3.45867
1.58983
-3.11827
3.42771
3.12248
3.53234
2.92938
-7.00278
-0.954399
-9.76221
-3.56773
2.79184
-11.1913
-0.963304
3.50919
-2.50585
3.40372
2.95191
2.10998
-3.42869
2.30323
2.72285
-1.771
2.40694
0.795597
2.47913
-5.38774
3.71476
7.66983
-3.07069
3.24918
1.58493
-3.23919
-2.99816
-1.43758
2.15815
-9.73218
1.47316
4.5953
2.55919
3.4354
-3.00934
0.0172359
3.22967
-12.2681
-0.22133
3.45137
-16.4566
-10.2156
1.17703
2.94948
-1.97279
2.742
-2.12278
1.5289
4.29312
3.6302
1.97704
-9.86806
-9.78305
1.11732
-22.0969
3.46703
-13.7893
3.02182
0.0752692
2.92585
5.80447
2.45051
-30.2038
0.246633
-33.4867
-9.28033
0.849128
2.98852
1.49238
3.82155
3.63144
1.85865
3.27381
-7.01913
4.8839
-10.7282
3.95333
-11.7575
-12.5102
-0.029027
2.29437
0.707946
1.11386
-19.6551
1.16269
3.50602
-11.4417
-11.3934
-10.5686
-34.1932
-8.37858
-4.38623
-3.98958
-1.5942
-2.6004
3.51023
-10.7027
-5.32567
4.44426
0.785458
1.28558
1.13595
3.16429
-2.35125
3.19826
2.01424
1.31033
-3.23512
0.572786
3.22343
-11.0268
4.90259
4.75696
3.17177
0.423407
2.26206
-10.5553
-10.6543
3.53077
-12.0412
3.39858
-1.35752
-0.202087
-0.365588
4.95378
3.30184
1.75444
-18.0656
-0.125351
-11.1085
-27.0595
3.37735
0.522853
2.63083
0.302529
-0.674564
-20.4374
1.37661
2.50576
-1.60146
-3.01233
-9.48036
-2.55559
-10.45
-11.1523
3.43159
1.54802
-3.87932
1.33832
-0.876402
-13.6918
3.45339
-12.168
2.79382
-1.4738
0.838094
3.0664
-4.88666
0.398611
3.1808
-26.7469
1.21146
-9.60873
-12.1347
-3.06347
0.776354
-3.90675
-0.419756
0.425277
3.39663
-18.2283
2.51603
-7.27551
3.37046
-8.80146
-1.26713
3.38347
1.35419
1.45981
7.81742
-2.81267
0.643865
3.48419
-9.7419
1.84907
4.01489
-0.141076
2.6623
2.11989
-11.4622
-10.8241
-0.079568
2.72021
3.16779
1.01766
1.85295
3.32256
-9.69606
2.54083
-31.0438
0.0224894
2.66814
4.00796
-5.72262
3.25877
1.97676
3.44941
-9.22894
2.2357
-0.022438
-1.9079
3.48961
0.790098
-32.9199
-10.5261
3.53709
-31.1192
-2.7622
-3.3693
1.03041
3.54409
1.46847
2.71016
-0.445647
3.524
3.21329
1.11898
0.644081
2.1046
3.4001
-7.41362
-4.12126
1.33806
4.49464
-10.4077
-8.13264
-10.0436
-3.57972
-33.9685
-0.874432
0.544183
-2.47474
1.44935
-6.49846
-30.8159
3.33905
-4.59496
1.66263
3.12088
4.41577
-4.22793
3.4618
3.44024
-4.00817
-6.128
-1.24124
-0.264111
-6.62391
1.11558
0.783745
-6.23368
-9.15048
1.74389
3.62072
1.34162
-6.20673
3.16321
1.13027
1.52302
0.222283
1.50352
3.2202
3.51382
2.31334
3.71816
-29.0298
-9.01146
2.17557
2.90094
-10.0871
3.28024
3.96241
2.68324
-3.80043
3.50464
3.17284
-0.125646
3.58472
2.18681
-2.87185
3.52907
3.17676
-13.2109
2.02459
-3.0285
3.55615
1.31399
-12.024
-1.47163
-14.0794
-4.22545
3.28238
1.78852
-12.1211
0.324422
-3.60524
-0.255202
2.71962
3.66589
0.128479
2.8381
1.34908
-0.885222
1.44512
-0.152014
2.88468
3.24803
0.0444583
-8.23386
-10.4552
4.18824
4.55709
2.44124
-7.03948
0.723721
3.17094
1.25621
-5.69404
4.94717
3.19518
3.15126
-0.0511115
3.15446
2.75125
3.70774
-8.68029
-6.66705
-1.84703
2.41285
-0.0573546
-5.18397
-8.49674
2.10193
-12.9797
1.20429
0.0956816
0.711104
-28.8541
2.12102
-16.6364
-9.25299
0.0171124
-9.97657
2.90018
2.9356
-3.90978
0.3872
0.828724
-4.89348
1.58945
1.44883
-2.97
-31.3282
0.942641
3.9542
-8.92842
1.8186
0.0788674
-9.93135
2.59253
-17.2946
-12.2282
0.509058
3.43702
5.03386
-3.20554
1.49955
1.53781
-6.95881
-3.99164
-6.37189
-25.0158
-32.9317
2.86469
3.46926
-5.12369
3.76476
1.32339
1.45721
5.58933
1.76965
1.30817
-2.75518
-0.00612731
-31.4185
-3.79962
-0.72076
0.0528508
3.20786
-22.9617
-13.5942
3.5273
-10.6343
-4.7027
-14.3502
-6.31611
-7.94009
-1.85258
1.73205
3.61551
-0.135305
2.45304
3.68601
-32.9118
1.12521
-6.09483
-5.92645
2.92509
2.02466
-5.76145
-21.9659
3.25452
-7.78691
3.24339
1.01585
2.26946
3.30604
1.40855
1.92485
2.80819
1.34387
2.49277
2.19903
-6.79155
1.47348
1.44665
-21.8693
1.43809
2.57022
6.03589
3.09944
-1.03457
1.21151
-19.8783
2.71091
-5.33733
1.38291
-7.64704
-11.0107
1.71697
6.42175
3.10733
-29.0173
3.16484
-9.95295
3.23523
-0.618087
3.12631
-0.446521
-9.74866
-0.285702
-7.92403
3.19252
3.49627
1.46302
0.496578
1.20011
-1.94836
-10.0105
-8.35565
-12.4652
-1.44996
1.31894
-5.22802
1.29671
4.64824
-3.97891
-0.816885
-9.24918
0.941609
3.21059
-12.3451
1.72563
1.23358
1.99216
3.16816
-31.5787
-4.16775
0.292797
0.991204
-15.0008
3.32339
3.54172
-27.3781
-11.0638
-31.6115
-0.248599
3.31034
-1.83296
-10.8755
-11.5039
-20.5401
-12.2756
0.813498
1.62995
-11.1259
-3.66999
3.41899
-7.12042
-10.4535
3.46105
0.414971
1.41927
-3.35912
0.191351
0.374217
4.47278
-11.6153
-26.9865
-26.6495
3.10332
2.43525
3.49977
1.16457
-24.7105
2.34058
3.44959
2.32444
-11.887
3.34462
1.9206
1.30858
2.66002
3.53106
-2.09853
-11.6221
-4.27737
0.257888
-0.0111155
-10.0813
-11.969
2.92772
0.170198
3.52518
-0.045994
-10.6925
2.63035
-5.35173
3.21959
3.14084
3.66275
3.74403
-11.5946
1.9836
4.18396
-6.13125
3.12784
0.909706
3.34305
1.79179
3.08211
2.51233
0.439565
1.00451
-12.0882
-12.1164
0.539059
3.36602
2.27258
2.97632
-34.096
-10.6917
1.07395
1.1628
0.705873
0.58219
-11.1635
1.60743
-0.0779839
-4.3369
1.48658
-0.356526
3.84211
3.31936
-8.78892
-10.3605
-4.02893
1.16776
1.62405
2.99488
-1.11557
3.27402
-31.2877
-12.0058
-8.84462
1.12661
3.26982
-31.3438
2.07504
-1.34368
1.28359
3.14671
1.45632
-26.5365
0.720753
-9.58077
1.9125
-3.98137
-4.77235
3.46994
-1.38464
0.0377993
1.39044
-8.48103
3.04654
2.98594
1.4655
-30.819
-12.4123
2.73569
-4.31061
-10.1653
-11.8134
2.48989
-9.33996
-18.6092
-31.8514
-10.8683
-12.013
8.8166
4.43074
-27.4959
-31.2953
-5.73245
-1.44747
1.63354
-1.91969
1.63393
3.49503
-1.36698
-1.75016
1.94036
0.746899
3.27978
-11.0038
0.66122
0.391027
2.52276
-4.43931
2.44813
0.693641
-30.6415
-11.4108
0.81733
0.134664
-21.3376
3.4052
2.53918
0.346498
3.05626
-0.536568
-3.97496
1.77799
-10.9008
-12.0814
2.12791
1.52525
-5.31857
-12.1993
7.59286
-28.3601
1.65121
-3.98296
1.46564
-3.23395
-0.0183846
2.55203
1.81836
-10.649
-5.65168
-34.016
2.08997
3.43814
1.41418
2.2078
-3.06248
-11.7685
-32.9237
-9.69499
-0.323384
3.12983
-3.70018
1.96797
-0.282267
3.12775
-10.7728
0.343282
2.01246
3.50763
-0.194949
-12.2511
3.47357
-1.83842
-8.72209
-26.0968
1.40709
4.14579
5.17231
-10.7774
1.81358
-11.273
2.28462
1.15005
1.3952
-11.2421
2.16969
1.34445
-8.88878
3.19088
0.207076
0.255452
4.21049
-0.463412
2.17724
1.6802
0.849457
-0.433632
-8.79025
1.44662
-30.5484
1.39242
-30.8242
-28.8837
2.3944
1.40708
-10.5508
-8.95586
2.73972
2.15457
1.96415
-12.5302
2.5626
2.69135
-27.0279
2.02228
-10.751
-5.77349
3.96673
-8.57175
2.77004
0.18843
3.77525
-8.60563
-10.7172
0.381404
2.22523
0.930085
5.50652
0.178702
-14.8306
2.34952
-10.9339
-2.44013
2.99717
-13.5891
-32.6681
3.29533
-25.5215
-9.11384
3.24058
-4.66963
2.8676
-26.5788
-8.58027
-32.6816
-11.7681
-2.43657
2.78965
4.46057
-1.93478
3.4955
2.93971
-2.51499
-6.44722
2.06696
3.05646
3.1109
-3.45714
2.72071
3.4156
3.89294
-5.61096
2.92907
3.18616
-8.75046
-32.7948
-8.88667
1.51495
0.484007
0.172598
-11.0574
2.87188
-16.0929
2.59678
2.79477
3.51672
2.39867
-7.06796
0.780922
-23.2209
10.3885
-6.02197
-3.14947
3.31264
1.41524
1.72252
2.71034
3.38013
-10.2933
-1.47273
3.21697
1.52668
2.73003
1.51631
-4.91473
2.04168
2.39935
0.531748
-11.9697
1.49915
3.8304
0.0154704
2.81305
-8.61735
-11.6766
-11.1308
1.94792
2.49562
3.66774
3.23891
3.48103
2.60318
-10.1797
3.10184
3.34694
2.66755
-14.3617
0.476996
2.58553
3.16983
-9.57374
4.44119
3.3753
2.68629
-10.5685
2.48276
1.36937
-9.81301
3.15716
-0.939508
2.81315
1.47363
-11.0989
0.388951
-4.57885
3.47468
2.31292
3.69987
-10.9561
1.73975
2.40896
-0.880932
-30.3476
-7.74863
0.685351
2.35596
-32.0334
-11.0409
2.0038
2.90949
2.99537
3.70105
3.49409
-0.393171
-32.3758
3.33118
1.40661
2.31318
2.19268
1.63482
-12.2627
0.422041
2.47609
1.56281
-7.50131
-0.360671
2.86043
-0.105987
-4.70024
2.77581
-34.0029
1.42721
1.81296
3.0647
-0.368134
2.74404
3.19083
3.36103
2.42102
-0.976826
3.97575
-8.93053
-8.7294
-6.28686
-3.6049
2.98157
1.20258
1.54051
-14.3112
-0.819155
0.347105
0.371985
2.92194
-10.7637
2.35519
-11.5378
-11.5196
5.32248
3.40139
3.11997
3.17897
6.09397
2.85377
-2.08899
-0.0393553
2.89942
3.79533
3.15645
-0.194631
1.11594
3.46313
0.161916
1.73547
1.74709
0.645898
-10.9537
1.08864
-11.2606
3.50712
2.79549
1.59572
3.44029
1.80154
-12.2363
0.532041
-10.9583
-10.9632
4.34806
-4.59777
2.75049
5.91842
2.78906
-0.396721
1.47138
-7.5027
-2.11363
2.33027
-0.319725
2.95528
2.56827
4.1948
-24.4212
-0.00493358
1.45684
2.50336
-11.8599
2.61119
2.10084
-10.8771
-19.7961
2.84995
2.37777
-22.3095
3.48125
-0.29857
2.07785
0.736535
4.56384
3.02295
1.92755
1.38575
1.24824
-0.301573
0.554421
1.02361
-0.154434
-15.8702
-1.97038
2.53114
-32.8567
-16.3616
-12.065
-9.33925
-3.58777
0.293613
-2.21207
-17.6369
9.14865
2.70947
2.12662
3.52661
-30.2269
2.48968
2.32721
-4.8932
1.02059
-9.46684
-2.23569
2.05828
1.86058
-0.177295
5.15812
3.34183
-33.8916
-26.0817
2.27671
-16.3494
-5.23763
-20.0208
-5.48627
0.133471
-2.20445
2.32951
2.81603
1.23446
5.02407
4.33208
-23.4166
-23.5041
2.55349
3.49801
1.29253
3.06676
3.49812
-0.228177
-5.85469
0.830994
0.687048
-19.094
1.60595
1.07578
2.80016
1.77853
3.28581
-11.7814
-18.0352
-30.8814
2.53873
-23.478
-27.4192
2.61351
1.1108
-1.62938
-4.25404
0.881863
-10.0696
3.28272
-32.5623
2.01942
-32.9833
-0.196423
-2.18795
1.97069
10.471
3.30064
2.27504
4.71553
1.19326
1.29642
3.15565
3.39747
2.77103
-14.597
2.79753
1.80308
-1.21523
0.519582
1.44522
2.22381
-11.4969
2.37534
2.85115
-4.62629
2.46353
1.86036
0.819591
2.7403
-7.25616
5.26603
1.38035
1.29151
1.42287
-33.3265
2.26225
2.06394
-32.2468
1.53313
1.51294
3.27962
1.60474
-1.73715
2.7705
2.94278
2.78599
0.535197
-9.89149
-4.07836
-20.0543
2.21331
-9.66998
-32.8707
-8.50792
2.32403
0.669462
-10.8562
1.9307
2.03225
-29.8901
4.0231
-10.2127
1.2081
-0.733573
-6.64419
-12.1619
3.73378
1.80673
1.24864
2.61565
4.92191
3.79166
3.43434
3.074
2.6723
3.42644
4.41542
1.34359
2.74086
4.72132
-2.42487
2.76463
-0.82067
0.233729
0.740768
4.21899
-7.35097
1.82939
5.32775
-1.1863
1.90855
1.31397
0.734217
3.47571
2.45207
3.12978
2.03938
-31.4522
3.29158
-0.260928
1.58899
2.79709
-0.492071
2.775
4.97826
-21.9056
3.18628
0.0616576
2.50093
3.15739
3.57773
2.29193
-0.23681
4.67489
4.06425
-11.989
-0.941229
0.0989495
2.81891
-0.069679
-24.5452
2.86561
5.35946
0.527114
-0.596705
3.14449
-28.1677
-16.9809
3.19397
3.48489
-11.3005
-0.0149353
-10.9885
-0.0777844
-6.09307
-13.8408
3.27843
3.20923
-0.727251
3.53729
-10.4002
3.43733
1.18113
1.86726
2.86068
2.99447
-14.6784
2.70435
3.49981
4.38447
1.89577
-10.7576
0.304195
3.52908
2.62464
-11.8434
2.00834
2.37478
-8.29193
-0.665972
3.32522
2.43056
-32.3893
2.25699
2.74024
3.37994
-0.0684147
-30.9894
-0.548187
3.13632
-9.29174
4.81129
3.17758
2.73898
3.07407
2.39973
-9.75932
-10.2967
1.63166
0.897504
-8.49487
-21.8879
-30.7329
0.195448
-32.9264
-8.65424
1.44974
-8.38925
3.32383
-21.2941
3.46175
-24.4604
-1.13055
-10.6688
3.16108
3.52919
-9.75884
2.40613
2.98601
3.47538
-31.1902
-3.56266
3.21532
1.5682
1.47393
-2.05899
-8.65594
2.64735
-0.0789229
2.54988
2.33053
-16.364
2.58309
-10.2329
0.274598
-12.2717
-11.4679
-22.3537
5.06228
0.419302
-11.4504
-0.448979
-0.833001
1.3613
-10.207
-9.35627
-3.83716
2.75842
1.87471
-10.3784
-0.377954
4.21383
-15.3032
1.97096
1.52112
-19.1594
1.03522
3.27719
0.586217
3.23788
-14.974
1.44467
3.67015
-0.407687
3.63712
-10.6107
-0.143354
-4.02995
1.734
2.72435
2.81839
-0.927917
-14.9426
1.08633
1.30417
-7.34049
3.88793
-0.146094
-8.58031
-11.5634
1.70399
3.09999
1.88072
1.59826
1.64155
1.30139
2.38607
-10.5936
-10.425
1.48941
-23.2687
-6.24144
3.51031
-18.0504
-3.22569
5.02459
4.62997
3.22472
2.27333
4.13663
0.59747
2.45172
0.142912
-0.0467297
2.37506
1.37188
-8.96964
3.51674
3.2834
-10.0145
5.6925
2.69277
1.31967
2.93121
1.85001
-25.4667
-10.7496
2.98425
-6.60831
3.2179
1.18331
3.18225
2.15823
-23.8476
3.23553
3.15094
5.3441
1.73214
1.51348
-7.88161
1.70651
-1.10187
-8.17137
0.724528
1.61273
3.50057
-6.88497
1.71362
-10.5971
1.29642
-8.94301
-8.94354
2.82654
2.29519
3.02251
2.91508
2.51612
-10.9297
3.53617
-9.8992
1.0646
2.97644
4.00429
5.06972
3.78078
1.03064
-11.9837
4.58187
0.855758
3.15325
2.89928
-30.3541
8.35479
-10.786
-5.09579
3.2294
-3.8849
-3.47145
-2.68059
2.95606
-11.5714
2.00936
0.27098
1.06597
3.43644
2.82384
-21.3335
-9.76823
2.01837
3.29744
-16.0317
-21.1708
0.0807193
3.09413
3.13357
1.5427
-10.7121
3.2254
-0.844937
-21.1862
-0.584525
3.34983
3.13753
3.3204
1.50239
-33.2368
-12.1408
2.21901
2.18539
2.79085
-12.6923
1.74614
-30.525
1.90173
-0.0212611
-12.6117
3.28631
3.25209
1.80096
1.37361
3.39733
5.44193
3.3481
1.56998
2.02115
2.85376
-2.0832
3.49402
3.52424
0.403388
4.37859
-31.7412
1.40014
0.436113
2.72548
-19.6433
-9.95028
-9.669
10.3897
0.0180582
-8.86294
1.00927
0.613291
-11.2079
-0.650005
-3.22021
-22.379
-15.5079
0.67736
3.48902
3.11419
-10.4118
-30.9208
2.60892
1.6204
-3.4406
2.45059
-12.1156
2.81442
2.18671
0.553232
-31.2276
-31.311
0.609039
1.3387
2.76208
3.11868
-0.917853
-10.4684
2.21545
-24.7963
-31.9379
4.33109
2.65683
2.93885
0.896479
-1.32439
2.24146
-0.156838
3.33324
-10.5811
-12.3809
1.47835
2.61702
-8.63538
-25.3648
-11.9578
2.62556
-28.2201
2.9162
0.428478
3.46309
-4.24151
4.13218
-30.312
-26.5239
2.54688
1.95009
2.65832
-17.5763
-27.5459
3.13412
-13.6237
5.96315
7.4362
-11.0385
2.92974
1.53112
-12.0383
-0.263848
-0.728942
-20.025
5.10217
1.84592
-0.739054
1.59589
3.22701
0.332053
1.69559
-8.40221
4.86067
2.77428
1.15926
2.08265
1.68157
2.63293
-10.687
1.09781
2.68568
1.9714
-0.0562853
-16.5977
2.39968
3.41948
-30.3844
1.99635
-4.74966
1.49098
-0.974229
1.07357
-30.8964
3.09538
2.88564
2.62122
-0.548172
3.17536
-10.9961
1.28228
-0.785585
-9.14349
2.69323
-13.3662
-28.7857
-0.51188
2.05257
7.4316
2.03459
1.1808
2.82457
3.5528
0.98339
2.12421
-0.0828631
1.21435
4.63365
1.3499
-0.343282
-11.5781
-32.496
-7.0175
3.4074
1.85274
1.17187
2.92182
-11.8874
3.75643
1.10247
3.67591
-10.9825
3.2535
5.32249
-14.7212
-25.1212
3.12072
-0.205289
-12.0054
0.391245
2.18871
5.00587
1.33171
-32.9258
0.394181
3.52492
0.363462
2.45518
3.5955
0.550163
2.97712
4.13868
0.171448
2.52329
-30.8144
4.30652
3.93392
-11.5422
1.12946
2.84549
2.60423
-28.1972
-31.6247
2.76417
2.27745
-9.78035
4.19464
-8.5289
2.89819
0.0895285
3.50555
1.49434
2.0235
-2.0279
3.34044
2.63905
2.23547
-19.6844
1.79703
-24.836
3.04013
-0.107151
-9.1858
-8.43065
-0.125948
-0.149891
3.28664
-9.49518
4.93869
1.78193
0.0877602
1.15805
0.464724
2.81624
-31.8173
1.10937
2.07874
1.55932
-32.6553
2.19013
2.88778
-33.5681
3.30315
-3.88222
3.00165
3.43506
-30.921
1.64717
-1.51919
3.0849
-1.87317
1.50281
-11.1878
-8.76325
-26.5656
-1.81434
-28.4587
-3.29074
2.37705
2.74032
-8.36324
8.64177
3.52726
0.0481346
-15.693
-0.0641551
-0.392523
-9.20776
-3.94111
1.09873
-7.65433
1.46744
2.79298
1.67497
-11.1827
15.0257
1.52714
2.10462
1.43193
1.05119
-7.76431
1.11451
-11.8858
-13.5064
-0.111171
-4.33704
3.79453
-14.4176
-28.4365
-0.960242
0.0436586
1.17711
1.11356
3.55355
5.59065
1.12228
1.13761
-32.8515
1.70524
-2.62442
1.38011
3.53968
-6.77576
0.462527
1.66055
-27.5939
-33.6551
-10.5257
-6.66771
-9.20592
-11.9627
3.2478
1.97904
1.32966
3.03102
1.69826
1.40521
2.8313
1.06439
0.566257
1.31049
2.78291
-11.0424
-3.98129
3.97976
-32.0423
0.241462
2.34266
-5.74694
-32.7059
-10.012
3.52123
5.10764
-0.309405
1.8753
-10.9739
-6.05512
2.39744
-11.6366
-9.97601
1.97861
5.38785
-11.4706
-1.21985
3.72989
-33.4434
1.39015
-2.65112
1.53786
1.56956
0.0183405
1.64612
1.53105
-5.9706
0.0245973
-8.708
-0.329221
0.407541
10.1064
3.64585
0.756724
3.17295
1.61179
-0.308787
2.36174
-8.87797
-24.391
-8.7566
1.54837
-26.1488
-2.02277
1.69306
-8.6508
1.37172
3.71604
-10.3225
-0.349273
-11.4288
1.21651
2.83063
3.06882
2.03933
0.976916
1.21918
0.114306
3.58086
3.48845
1.99648
3.48124
3.15642
1.52374
-34.3377
2.37175
-0.648302
1.09375
1.82303
1.24224
1.42769
-6.08118
-27.0247
-28.5433
-12.3536
2.58082
-7.08762
2.82667
-0.157129
2.05707
2.8895
-2.6354
5.44445
0.265648
-9.59327
-3.61984
3.1593
2.14967
2.81593
1.04886
4.2768
-7.31534
0.164427
-5.24767
-11.9228
0.989757
-27.8543
4.60813
-19.7259
-0.176389
1.09732
-25.9019
3.65724
-9.91662
3.21786
1.2077
2.0601
2.00964
-14.3971
-8.84792
-9.98417
2.35675
4.15803
1.16438
2.36501
1.31118
0.32301
1.08749
-9.76245
1.34105
1.33759
3.80749
-8.97594
1.8563
1.62324
3.17605
-9.49744
2.41925
-30.5222
-11.8635
4.93829
7.57006
3.56463
0.51208
4.93758
-12.8484
2.70978
0.0374091
-8.95969
2.21083
-32.4165
1.13816
2.505
2.72187
-22.1097
3.73834
0.998286
2.14335
-2.48013
3.93516
-1.98893
1.25655
-0.034371
3.84793
2.6844
-30.907
1.67793
2.13162
1.70196
-0.607911
2.7379
1.28616
-0.878929
3.61047
-9.4388
0.911896
-0.369526
1.94341
0.777236
2.93289
3.05077
3.32992
-32.9616
3.19906
3.48823
7.93896
2.63086
-7.92953
-0.0480629
2.21003
-0.283262
4.28744
0.522989
3.9564
-21.8363
0.723096
-10.9782
1.41561
3.81384
2.16321
3.89331
-2.07105
1.61069
-24.3107
3.74257
-0.761468
1.17743
6.10303
1.887
3.15242
0.779813
1.69501
2.84722
2.23184
1.40193
1.91913
3.20514
-32.9963
3.44439
2.41147
2.88886
-14.7022
4.80333
3.79682
-24.3008
4.92485
-10.3898
2.15626
2.49971
1.06071
2.07833
1.72137
-17.6747
4.60452
1.87231
1.27921
1.56319
-10.1486
2.87554
1.46245
0.371791
0.0755246
1.52113
-0.992098
0.486529
1.44739
-3.46243
0.510321
2.87759
-3.05634
1.57901
-2.48978
1.43318
-3.31983
4.67848
2.47299
0.557181
-5.87743
-10.8301
2.81763
4.37228
-9.23141
-12.3118
2.16206
1.69968
-0.316383
0.867889
1.74333
-18.6392
2.40999
3.05142
1.18206
2.08216
-27.5525
3.34075
2.50796
1.26746
2.71143
0.758491
1.92663
0.756642
-11.2181
2.8151
0.0623222
-33.8905
-0.914993
1.56323
0.256225
-7.15716
2.24104
-4.50503
2.21482
2.74493
3.54147
4.55888
-21.5556
0.463703
0.0544698
1.73745
1.23085
0.191436
2.50541
0.949836
-11.2597
1.21664
-7.95967
3.3319
2.37848
2.82944
3.3973
-10.4407
-12.4859
2.90105
2.00773
4.75652
3.8191
3.73377
1.86682
3.1627
-12.0487
-2.85399
-9.44903
0.0127523
0.0619427
1.46688
3.48608
2.54685
2.81894
0.461206
3.2382
-0.0634703
-34.3703
-7.11553
2.43493
-24.6673
3.46423
-28.3884
-11.2223
2.39714
2.47381
-31.6845
-13.4567
-10.225
3.74029
-0.267528
4.41393
0.609529
-10.5673
-5.88874
0.924016
1.89963
3.30848
1.64466
-0.00506353
3.22064
0.25075
2.48207
2.2308
2.5904
4.04439
0.859917
1.77656
-7.79013
4.24949
-10.1854
2.61625
3.01798
3.24639
1.49743
2.68169
2.57815
-32.5729
3.42222
3.08389
-9.94046
2.35728
2.99395
2.90482
1.21174
4.09913
-8.6581
1.60008
2.4107
2.56
2.09095
-9.55926
-1.71187
-14.7207
3.64737
-1.81402
-0.120985
-0.107747
-2.25916
3.42384
-0.140357
3.47847
2.52201
-8.66769
-17.9761
2.50345
0.430997
2.27136
-9.07149
-10.8643
-7.89384
-10.599
1.12766
-31.8555
1.74486
3.81624
4.55747
0.24671
2.46151
0.440034
0.755707
2.56697
1.2863
-1.86619
1.98063
3.61878
0.818823
3.51654
0.169692
1.57878
2.09378
0.789675
0.248358
-2.22947
-13.5716
3.0583
0.941691
3.29985
2.84556
-9.9612
-24.6704
2.0963
-11.4341
1.01653
0.620535
3.82633
-1.91563
5.3888
-9.85561
-0.327001
2.19441
-11.4744
3.03985
2.29893
-10.8448
-4.08438
-33.0551
-8.8372
4.97599
5.04205
-21.5557
-8.93374
-14.2649
1.60819
-8.98258
-22.3156
2.70924
2.057
2.40131
0.787249
1.66955
3.14418
-10.4282
3.81059
-9.54422
0.410644
-5.09575
8.76596
1.7079
2.51033
-7.19895
1.00831
4.37054
5.06971
0.185093
-33.1463
2.05981
3.05025
1.23772
2.33646
3.36067
-31.5565
-12.4233
1.67543
0.414089
0.879537
2.1598
-12.3402
-4.53869
-2.59993
-5.19087
-14.1289
-21.2054
-12.2566
1.89696
-12.3364
1.53466
-13.3766
1.79959
7.66556
-0.0992777
4.60553
-14.9349
1.66517
0.3957
2.4441
-10.7844
2.11425
-7.49369
-0.588514
1.31674
-17.2619
3.55976
-25.9667
3.9446
-11.8305
-9.0483
0.821705
-11.5303
-15.2471
-26.2465
1.45219
-31.6702
1.77506
-9.21503
-7.12932
2.62327
-11.3858
0.599541
2.60074
2.64728
-11.8171
-21.8715
-0.305131
2.32361
1.47963
3.41503
4.68441
3.1827
1.24385
1.47674
-2.04905
6.20195
2.37222
3.43308
0.733809
2.20183
0.197937
5.08977
-11.0709
-0.403853
2.56094
-8.71568
-17.3459
-9.39151
2.80605
3.08187
-14.4164
2.5447
0.534549
3.01089
1.52275
-1.10989
-9.91878
-10.194
1.66792
2.18543
-8.93292
2.03001
-10.051
4.8925
2.39505
-10.1026
2.13478
-27.1111
9.79371
1.43636
-7.6129
1.33507
4.92295
1.64316
0.438734
3.14663
1.72821
3.40341
3.54588
2.73045
-0.180894
1.42804
2.8867
-14.1449
3.46933
2.36242
-12.2985
3.05575
-9.48407
-24.6356
3.96337
2.4826
3.80942
3.57867
3.21932
-10.4652
2.71165
3.42752
2.61069
2.74215
-2.31178
-13.2514
0.778619
-10.0351
-0.747098
1.55613
3.30406
3.02634
-10.5041
2.73315
3.75569
-19.3824
-11.6071
-9.70809
3.19749
-9.51129
2.05476
-2.83012
2.09051
-11.4073
3.31403
-0.120474
3.34626
0.201024
-30.1421
3.2738
-8.83576
2.53375
1.88051
2.58684
2.99777
3.01092
-0.138194
2.45763
2.04186
-0.546955
1.45793
-33.2629
-21.6472
1.13075
-1.1129
-3.76194
2.31245
-4.30411
0.936298
5.28431
-2.07439
3.10816
0.968339
-3.44579
-6.95874
0.837462
2.34801
-5.61903
0.77513
-32.4073
1.42575
-12.3885
-3.69341
1.7168
4.14482
-0.170585
-1.13725
0.610037
-7.20334
-9.46263
-15.5793
-8.82139
-0.246853
1.21523
-9.85188
12.3559
4.85413
2.81498
1.30741
4.80957
2.42178
3.17364
-29.8906
3.44528
-10.8957
6.43681
1.55969
5.52282
2.40252
1.16975
-8.56875
-1.33845
-4.31396
3.02328
-18.7441
1.00222
1.36654
-17.2029
-26.8371
1.59013
2.28548
1.61136
-11.3882
2.99203
-31.617
2.88297
2.36205
3.50345
-4.8658
-27.2854
-29.3298
-23.4853
3.42771
-33.6949
-3.29368
0.863572
1.77457
-32.6456
-9.50063
0.818537
-0.426143
-30.087
2.63821
-0.325929
1.03161
0.466423
2.7728
-32.4393
1.4228
1.05788
-0.0637715
5.84985
-14.6122
0.59727
-6.73227
-32.2726
5.48964
3.21079
-27.9301
0.818334
0.462739
2.95428
-0.16616
2.20204
-12.676
0.548213
0.366188
-9.66749
3.51582
2.60024
-11.7474
1.81551
0.953369
2.65303
0.450327
-11.1726
-10.8113
1.37381
2.29585
2.02088
2.33208
1.86971
0.0693899
3.47541
7.75344
1.7784
1.84041
-0.165668
-12.4659
2.56833
-21.153
-11.9082
2.91984
2.80427
1.22811
1.267
1.76956
-6.99626
-10.5876
-26.1697
-5.43543
-0.231082
-11.0911
-8.8291
1.12325
-25.8244
-4.49491
-26.2827
-22.2258
-9.93368
4.14869
-2.72951
1.46043
-22.3647
1.23682
0.171627
2.67737
1.43306
5.02995
4.83031
-0.493106
-33.7472
-0.0598871
-2.10908
-0.0679549
-0.625845
0.680728
-8.48804
-4.08399
-11.2584
1.07449
15.0692
3.08863
-10.3627
-18.3451
-33.3363
3.0489
-11.3132
-10.4076
-10.9141
4.64084
2.84816
-2.55177
1.70549
4.73846
-0.180293
4.45947
2.52372
-3.07813
-9.77367
0.033139
3.11035
-6.31625
4.37765
2.34122
2.15746
7.33708
1.43379
1.18694
1.07702
0.0880846
0.321338
-28.8069
2.26222
4.55602
-33.1366
0.369511
2.35696
2.02039
4.37455
1.267
-33.5715
-32.862
-0.200668
-4.51563
1.60694
5.16485
0.269104
3.58626
-10.9038
-15.1795
0.986366
-0.843422
1.05581
-8.73911
-32.785
-5.54545
3.50528
-9.99733
-8.81279
2.33482
-0.310424
4.2721
-18.0712
0.96641
0.105603
3.41333
1.96965
1.98304
-30.7941
4.38831
-0.393867
-9.12862
3.25146
2.15759
1.91231
1.17368
1.62704
1.52285
1.28045
-10.28
2.08678
1.04779
1.17324
1.68062
0.104988
-12.2836
1.37594
-4.92831
1.01375
2.30435
-7.89606
3.23646
-11.4488
0.418661
-29.4262
-25.4434
0.848618
3.17939
2.15888
9.67301
1.90479
-10.2987
1.28891
-9.26752
1.68037
2.34609
-26.8068
4.98946
4.5062
3.7787
5.7891
-0.454619
-9.60848
2.733
0.946776
-14.1443
2.9761
1.2847
2.22017
-31.5312
-25.7477
3.40323
3.48627
-3.93332
2.62435
-1.01271
-10.6456
2.70702
-29.6999
-5.59311
1.91285
2.28652
-27.0032
-8.7885
3.23474
2.72143
1.50326
3.12019
-0.194422
1.03529
-28.6591
2.27573
8.84944
1.41725
1.24896
2.08773
1.30773
9.14555
1.2381
-15.0798
-10.7311
1.18463
-13.0357
-10.1762
1.32837
-22.2678
-0.290763
3.81101
-9.47877
-9.36565
-5.47763
-3.66237
0.662889
2.46003
2.93873
4.78015
2.61253
5.71669
1.38406
7.25039
2.8419
-0.552108
3.20818
0.691513
3.0434
1.26584
-30.42
-13.064
2.04008
-3.86306
-0.514117
-19.6278
1.76271
2.92936
-10.3213
-8.87817
3.6797
5.20187
-25.0987
3.4278
1.56072
0.754682
2.32188
-0.823392
-34.3533
-4.22463
5.56745
1.78728
3.57806
-10.4597
0.607934
3.42049
1.47394
-32.4172
2.92393
3.3033
3.34509
-33.4329
-10.9663
-10.8302
0.26917
-19.5769
-8.26997
1.14699
-9.44123
6.2498
10.3051
-17.8679
-30.6454
2.92396
3.21897
-9.01743
-3.31339
0.410258
-10.1628
-31.1614
2.14706
3.2024
3.17361
0.311505
-9.67592
-29.0689
-25.2864
-1.04066
-12.4715
-1.42977
-5.02663
-9.00954
0.841936
1.76862
1.54791
2.73631
0.145329
2.28995
-12.971
-12.6551
4.65509
-0.177702
0.828424
-10.4425
-0.113058
-32.0473
3.7366
-23.4944
-31.7069
-1.2035
3.39689
-2.25667
-33.4228
0.724751
-8.7738
-25.4646
1.25259
2.84905
-26.1363
-8.64172
2.66705
-8.73343
1.31089
-2.32411
2.3485
-7.77325
-3.1299
-0.260912
-0.420517
-12.7328
3.03723
-11.3578
-9.58555
-31.392
1.30369
-9.06167
-3.12951
-5.77972
1.45865
0.882255
0.15377
1.34284
2.82193
-8.91609
2.41658
1.32922
-8.66445
0.444159
-12.5255
-8.92889
-8.30548
1.36476
-8.7321
-32.6522
3.38355
-9.09299
-1.69635
1.61801
-0.100304
3.93582
-7.78505
1.93688
6.44804
2.39521
-0.312909
-9.71211
-11.4899
3.57146
-32.5355
1.25438
-33.0503
-21.7002
1.65884
0.327049
1.43663
-30.1801
2.04632
2.24962
2.75809
-0.264767
4.96359
3.49008
2.43303
1.40697
2.44894
2.16785
2.09259
1.62235
5.8593
0.315767
1.67884
-4.15305
1.23682
-6.86502
-28.0588
1.02124
0.881866
-27.9433
-9.91385
1.32249
3.76608
3.12466
2.07441
-29.1255
-7.28589
-8.74616
-0.536889
-0.594364
-6.02166
1.41895
-9.52537
0.624836
3.15167
-24.8257
2.91679
-9.94043
7.24484
2.05751
5.52139
-14.7503
-10.5775
1.86802
2.31811
1.92177
2.79896
-28.7155
1.38069
-4.13724
-10.5815
-5.11634
6.10101
1.12242
-0.474486
3.98184
-32.1983
-6.99579
2.91959
-9.25053
0.893137
-1.12132
1.94486
-9.45857
-0.975809
-10.8654
-32.591
-13.6772
2.53397
0.920496
-32.3653
1.33561
-4.42877
1.84934
-8.13535
-1.63317
1.32689
-9.97867
-11.912
-9.18652
3.54006
-15.0172
-19.493
3.0495
-8.92624
-5.78222
8.86212
1.7952
-30.6738
-0.464334
3.08714
-2.02625
-7.44131
-24.7712
0.0897978
3.08916
2.39148
-10.1604
2.72792
2.42464
-0.451081
2.94655
0.629023
-10.8101
3.50201
6.74196
-11.0849
-14.1488
0.0919777
1.26104
2.86854
-30.2434
3.49821
2.82738
-8.70448
3.5029
-0.441711
2.38043
2.39922
1.5332
0.315534
2.37686
2.21578
-10.3106
3.17566
2.70105
2.9449
-11.7519
-12.4832
-0.0272581
-11.4197
-27.2924
1.04042
5.45928
3.55041
3.31511
-3.68345
-8.69492
-30.1908
2.9388
1.13749
3.62616
3.12204
-3.1591
1.3039
2.7965
-14.9035
-11.2999
2.58737
-8.81796
-10.6373
0.546467
2.06734
-9.79535
1.20884
0.880333
-10.9348
-3.27508
1.73602
3.23573
-0.848525
4.73085
6.48807
3.35563
-0.314388
-0.622273
2.70805
2.88191
-32.7988
1.51605
3.81495
-21.2299
-4.4172
-2.0698
-0.00013454
1.14493
-25.7394
9.18213
-0.979938
1.31836
-33.3983
1.59701
1.4639
-9.2514
-9.46055
-1.55611
0.852206
-32.3846
-18.4612
2.30836
2.18171
1.44762
3.43582
-11.7008
4.43131
3.3581
2.81834
-23.3785
1.26727
2.60058
2.2494
-2.64721
1.51325
1.08104
-0.0992411
3.10532
-0.263348
3.19646
1.7767
-4.0611
-3.73508
-0.499987
-11.358
1.6891
-0.3247
3.27792
-0.545575
1.90917
-31.6483
-30.6301
2.2758
-31.7129
-5.29087
3.00285
3.64461
-9.80317
-11.1316
-12.6171
-8.90624
1.17483
-31.0368
-25.5336
2.00967
-10.6559
2.42636
1.25161
-8.74957
-9.47242
1.33334
-0.433896
1.51125
-4.04571
3.23091
0.390964
-11.1812
1.62162
3.31623
-0.310088
-6.72414
-32.7634
-8.58336
3.17216
4.25089
-11.1129
3.57305
3.63271
4.15573
-30.9491
1.89295
2.26023
-8.65958
1.6615
0.674576
4.56544
3.43697
-11.6595
2.55305
-13.6284
3.70993
-0.519377
3.27866
3.43147
2.6029
4.49804
3.43531
1.50308
-8.81782
-8.90802
2.07095
1.82884
-0.81878
-32.7142
3.16902
2.53418
1.97138
-7.64847
3.09944
0.973762
-0.774256
-8.80869
-10.329
-0.256368
3.29548
1.71847
-30.4221
1.24501
1.14484
-7.02704
-18.8654
-11.0388
2.08449
3.76057
2.50217
7.22986
-4.72515
3.20463
3.39633
-1.1086
-10.2401
-11.6062
1.83884
5.17609
1.1668
3.32151
1.5499
-10.6361
-33.4721
-9.98318
-9.04472
-0.368806
2.30955
-8.01385
4.95825
4.97829
-0.640593
6.01081
3.2486
1.19975
3.24553
3.29592
3.55891
3.43107
0.955521
3.89083
4.20959
1.17218
1.59459
-33.2053
1.73132
-9.6977
-0.10053
-7.49856
5.46476
1.34984
2.59645
-8.94205
-9.2727
3.32511
-9.88493
-12.336
2.44781
-20.3968
-8.90061
-1.00903
2.07447
-11.0145
3.03252
-0.207384
-9.40475
-25.1382
6.80272
-9.84928
2.99321
4.586
1.54797
-10.2268
3.15163
3.08282
-8.14672
0.319401
9.16959
-0.760906
2.63893
3.21261
3.00274
7.92637
-0.363905
0.47002
-22.0281
-1.50336
0.761014
1.65167
-30.9725
-10.1373
2.43572
1.11327
3.23839
-6.91436
0.280048
2.38534
-9.69051
3.00948
3.6532
-0.237464
3.04309
3.74755
1.36778
3.57003
1.22396
-2.45976
-17.687
3.177
-0.312378
0.0353088
-0.463276
1.61924
3.3618
-9.82649
-7.07554
1.04092
2.84271
1.74988
-10.7655
0.717346
-3.19051
3.51977
-13.6691
-9.36827
-0.199975
-8.89044
0.830884
3.08024
3.06197
4.791
6.33722
1.39598
3.14187
0.984564
-9.62
3.15591
-9.11295
1.41092
-0.0873836
-10.2757
3.88986
1.68133
2.97275
1.4683
0.172589
3.03435
-21.8554
-2.0784
-7.86402
2.01414
2.15436
-29.7318
0.499671
3.35572
1.78225
-9.37865
-14.665
5.66502
0.798848
-32.435
2.25973
-10.316
-33.3512
1.45361
1.32933
4.35062
-12.4846
-8.54542
2.34799
13.1491
-0.0871349
3.0026
-10.8532
-32.9415
2.3442
9.20902
-0.411778
-21.3341
-8.57275
-32.6309
1.8846
-2.69375
-12.2492
-10.2487
-2.94293
3.75192
-8.93859
-16.6347
1.70637
-6.18346
1.75356
3.49308
3.68108
3.43765
1.23966
1.31588
-11.6421
-10.8602
0.7271
-11.2848
5.20207
2.67546
0.268206
0.108303
2.13985
2.36189
2.52701
4.92724
1.73404
2.09288
2.04327
5.29089
0.96733
-14.5476
-19.8637
2.03308
3.15423
-12.2973
3.44648
-11.3288
1.75163
2.72431
1.39538
-9.88865
-21.5246
1.68213
-9.52115
-8.86505
-8.5074
2.53748
5.18767
2.04766
-13.9424
2.83879
3.64719
0.166119
-10.135
-12.3161
-1.2979
4.4033
3.03426
0.400293
-31.5574
-9.23995
-33.4618
-0.190158
-33.0035
3.18963
2.69454
-8.88838
2.26673
-6.85944
3.23361
-9.38437
-7.39131
-4.71767
-1.49318
2.45617
3.94387
2.56049
-0.133725
0.243215
2.68818
-8.94008
-12.6662
-2.9168
2.1971
1.77803
-8.82663
0.692174
-29.855
-0.0139306
2.01934
3.17445
0.580117
-9.12781
4.46259
3.36742
3.18274
4.67676
0.341417
0.444549
2.16033
2.24223
3.83234
2.02886
2.73225
-8.96433
3.21404
1.63194
1.24281
-26.301
6.75607
1.53127
1.70337
1.90032
-0.655437
4.47677
-30.5449
-11.7423
-8.90804
4.79983
1.92542
0.553799
0.988067
2.58339
-1.46736
1.02422
1.63038
-25.9491
3.1101
3.37451
1.45692
-7.23332
-11.6513
1.29281
1.65612
2.3575
1.22639
3.17041
-8.64958
2.81872
-13.834
2.71366
-12.0546
-0.656116
2.20483
-8.82763
-1.9107
3.31127
-30.4623
-9.60273
5.01454
0.356813
7.78268
-12.7975
3.12535
-9.52168
-0.615777
-11.4596
-9.65742
2.03674
-9.62448
-10.9647
-9.91849
-9.0582
-6.90554
2.87074
-8.62128
3.39159
6.31233
-1.96157
-9.24177
1.66885
8.51133
7.00965
-9.35829
0.813176
-30.5696
2.42027
-8.20221
-19.5208
3.61718
-20.2219
1.64782
-10.9094
-9.70616
-0.502769
1.08522
-10.0927
-9.58606
-11.6055
1.3602
2.10248
2.01231
3.57891
-4.1052
1.24453
-3.7337
2.25475
-12.3748
3.46902
2.10463
-6.92803
4.7398
-9.127
1.71711
3.91753
3.0763
2.69305
2.60082
4.13233
0.345756
-18.086
-11.9742
1.2862
-2.79345
0.444147
3.11081
2.48272
3.56582
-9.06432
-20.2409
1.3897
0.838363
4.04681
3.05861
-7.7569
-14.7422
6.24548
0.608981
2.78917
-11.7773
1.60289
7.73074
-9.42443
-5.21261
3.44418
1.27984
-9.97822
-0.918038
2.29907
1.8696
3.76388
-1.90927
-32.4314
-32.6193
-9.04214
-3.63284
2.58373
-9.08732
-7.82356
1.41527
2.91365
-20.9678
2.50025
-9.20288
-24.4049
-6.82554
2.14979
2.27185
2.06153
2.80368
3.13244
1.1337
-9.09243
-8.38069
-5.38518
3.25582
-2.72731
12.8216
2.06113
0.519391
-9.61609
1.37906
-5.67662
-9.11578
-9.45176
-0.227272
3.5876
-9.61522
1.05728
6.68897
-0.880249
-19.3273
-9.99761
-7.85045
2.41115
-11.7992
-9.16105
-2.38242
7.50481
-31.3919
0.813625
-21.3703
3.03453
3.10508
-12.3577
-9.53513
0.822157
1.50253
2.88803
0.811322
-11.3443
3.40346
2.36567
1.92872
2.94226
-11.5329
2.59726
1.93894
9.89607
0.37996
2.91877
-9.18905
2.62894
11.1139
4.26247
3.06862
-9.33157
-10.3367
1.457
-14.1525
-8.58283
-8.79637
-0.510377
-9.36194
-8.79339
0.173686
2.93549
8.52863
2.42345
3.2051
-4.49293
-10.4908
4.61371
1.72115
-5.13281
-32.8037
2.08943
-29.9993
1.99513
3.43118
-9.24145
1.67375
5.34081
3.3085
-9.47611
1.3377
-0.494591
5.7091
2.3571
3.38796
1.35436
1.74669
1.29523
-9.95734
-8.93972
-30.1777
-13.2562
9.71805
1.38892
0.418968
-0.580985
0.933443
2.36267
-12.6214
1.1647
1.0586
5.33599
7.90345
5.07912
12.2192
1.00383
-0.0989828
1.56563
-9.90848
2.72693
-11.7516
-9.58371
1.90082
1.86342
-10.841
3.07655
3.34393
1.36202
3.78684
1.82108
3.09771
-2.83359
1.22383
2.37356
4.63784
5.30279
-11.7325
-9.47122
3.13678
3.11267
3.06057
1.16226
1.9934
8.67883
1.62726
-9.30981
-2.47735
-9.57754
-30.3407
7.30196
-9.4194
-9.40488
-9.31669
-2.20238
-2.85343
-10.5446
7.80927
1.67404
-20.5392
5.43045
0.921153
8.97676
1.7641
2.99732
-11.4094
-9.47566
1.33923
-9.45172
-3.33291
1.76515
0.940358
2.43385
17.8426
0.122114
0.619397
-0.225049
-10.6482
14.8258
-9.42675
-5.7503
-9.30049
-9.5079
0.0883658
-9.46153
-9.58756
-9.42601
-9.56115
-4.45498
0.555805
-4.80798
-7.68657
-3.9793
-0.00967471
0.916313
-9.33751
)
;

boundaryField
{
    back
    {
        type            empty;
    }
    front
    {
        type            empty;
    }
    outlet
    {
        type            zeroGradient;
    }
    circle
    {
        type            zeroGradient;
    }
    walls
    {
        type            zeroGradient;
    }
    inlet
    {
        type            zeroGradient;
    }
}


// ************************************************************************* //
