/*--------------------------------*- C++ -*----------------------------------*\
  =========                 |
  \\      /  F ield         | OpenFOAM: The Open Source CFD Toolbox
   \\    /   O peration     | Website:  https://openfoam.org
    \\  /    A nd           | Version:  10
     \\/     M anipulation  |
\*---------------------------------------------------------------------------*/
FoamFile
{
    format      ascii;
    class       volScalarField;
    location    "1650";
    object      nut;
}
// * * * * * * * * * * * * * * * * * * * * * * * * * * * * * * * * * * * * * //

dimensions      [0 2 -1 0 0 0 0];

internalField   nonuniform List<scalar> 
10435
(
0.521241
0.453697
0.549935
0.504985
0.495493
0.545106
0.555355
0.648598
0.782897
0.556935
0.476661
0.533506
0.570374
0.755247
0.693858
0.577027
0.81947
0.585294
0.858338
0.519938
0.607858
0.541422
0.555573
0.751703
0.540189
1.25392
1.24379
0.556249
1.15475
0.569596
0.523847
0.481949
0.685701
1.142
0.653135
0.397101
0.604147
1.25846
1.19005
0.83123
0.575829
0.554026
0.812735
0.491657
0.562575
0.792621
0.559232
0.970329
0.807582
0.584879
0.634273
0.512169
1.15496
1.19144
1.20801
1.11906
0.633843
1.22559
0.969999
0.703223
1.17477
0.437587
1.19417
0.503671
0.555456
0.547425
1.03342
1.09662
0.61909
0.728586
1.19731
1.28265
0.703007
0.542205
0.639789
0.633834
0.691532
0.563873
0.722093
0.678941
0.611175
0.569764
1.11866
1.18573
0.6317
0.407631
0.443935
0.466299
0.490866
0.444698
0.47427
0.478684
0.560745
0.46562
0.450751
0.379378
0.488871
0.587515
0.903307
0.485929
0.537648
0.511114
0.449314
0.4586
0.518672
0.497085
0.558502
0.598213
0.659117
0.640899
0.571945
0.50522
0.586226
0.61013
0.481183
0.531568
0.491524
0.411629
0.458911
0.506185
0.499231
0.536452
0.42232
0.337743
0.495426
1.20836
0.498367
0.440055
0.488925
1.36202
0.371461
0.4915
0.606387
0.726474
1.28778
0.984472
0.368104
0.513183
0.448094
0.52644
0.522103
0.53504
1.08092
0.509263
0.551763
0.555401
0.34381
0.5162
0.779414
0.524327
1.03119
0.572924
0.480879
0.520592
0.527528
1.1302
0.497636
0.435509
0.540738
0.479811
0.53681
0.780691
0.475686
0.58002
0.597997
0.493095
0.702293
0.533156
0.604268
0.498418
0.53035
0.792963
1.14468
0.519882
0.550648
0.467222
0.418039
0.925296
0.564726
1.16376
0.466429
0.533484
0.52341
1.1735
0.540021
0.854025
0.677182
0.575782
0.499244
0.507338
0.51079
1.08425
1.34428
0.397594
0.50062
0.59573
0.72126
0.412359
0.935699
0.586662
0.542983
1.18846
0.561879
1.19442
0.553267
0.483873
0.46954
0.523263
1.16852
0.561155
0.992629
0.548785
0.504241
0.570568
1.20137
0.705722
0.567938
1.05885
1.26353
0.840076
1.16649
0.92093
1.09699
0.441098
1.21231
0.623704
1.21924
0.443436
0.515128
0.537052
1.00419
0.662394
1.2381
0.58018
1.35554
0.882465
0.658381
1.25673
0.649519
0.524459
0.486418
1.18586
1.00715
1.14882
0.479188
0.745445
0.373023
0.612127
0.957405
0.449549
1.05282
0.519332
0.570699
0.572874
0.591656
0.496081
0.905543
0.576898
1.06001
1.10941
0.565872
0.519518
1.22382
0.636265
0.544503
0.982215
0.482224
0.536312
1.10836
0.486174
0.558577
0.652935
0.611602
0.545869
1.29786
0.513802
1.3136
0.491775
0.582329
0.680343
0.561723
0.822624
0.554391
0.48511
0.498677
1.0308
0.506106
1.19673
1.17856
1.15453
0.388252
0.487563
1.15054
0.631893
1.20333
1.18661
0.627566
0.528973
0.489426
0.531643
1.02737
0.636994
0.552969
1.01875
0.486202
0.640349
0.847855
0.587206
0.536858
1.16975
0.55957
1.20937
0.425898
0.510011
0.739157
1.15178
1.14316
0.51862
1.06805
0.537566
0.525557
1.17598
0.485352
1.05025
0.711132
0.559356
1.34443
0.554097
1.04652
1.28537
0.752801
1.12267
1.16033
0.552119
0.544874
1.17949
1.11575
1.01075
1.13316
1.10733
1.36312
1.21438
1.14254
1.15146
1.11357
1.12215
1.1443
1.38129
1.01674
0.747111
1.14847
0.551177
1.2258
0.557382
0.742511
0.824
0.570687
0.541174
1.17426
1.16521
1.05195
1.23173
1.08954
1.06884
1.17027
1.36429
1.13824
0.557431
1.33278
0.77441
1.21947
1.37401
0.572855
0.849893
0.990962
1.26508
1.22734
1.30988
1.1739
1.28393
1.50092
1.2023
0.696604
1.11797
0.634545
0.770497
0.562462
0.56775
0.795939
0.553237
0.695202
0.44821
0.891483
1.16549
1.16659
0.551544
1.17724
0.573475
1.46267
1.16856
1.37043
1.1354
1.10366
0.562295
1.27488
0.663599
0.59491
0.943176
1.31586
1.39748
0.850747
1.4375
1.33036
1.15466
1.10094
1.06729
1.14822
0.551293
1.18754
1.29075
1.14926
1.10248
0.579032
0.894236
0.954094
0.868879
1.15598
6.12763
6.14908
6.14206
6.12764
6.12352
6.1495
6.23596
6.42846
6.80054
5.47601
5.49628
5.50337
5.50604
5.5176
5.55504
5.64276
5.81496
6.11671
4.83405
4.85223
4.86587
4.878
4.89809
4.93995
5.02297
5.17306
5.42184
4.21255
4.22832
4.24407
4.2603
4.2837
4.32509
4.39972
4.52745
4.7316
3.62569
3.639
3.65425
3.67109
3.69424
3.73198
3.79607
3.90169
4.06715
3.08804
3.09899
3.11237
3.12773
3.14845
3.18083
3.23356
3.31769
3.4466
2.61207
2.62099
2.63178
2.64456
2.66185
2.68831
2.73018
2.79495
2.89104
2.20663
2.2133
2.22103
2.23069
2.24427
2.26521
2.29783
2.347
2.41746
1.87505
1.87844
1.88267
1.8891
1.89924
1.91554
1.94091
1.97857
2.03147
1.61337
1.61269
1.61349
1.61705
1.62436
1.63701
1.65694
1.68625
1.72705
1.41173
1.40772
1.40604
1.40754
1.41279
1.42275
1.43863
1.46175
1.49341
1.25806
1.25345
1.25096
1.25146
1.25539
1.26341
1.27629
1.29484
1.31984
1.14364
1.14098
1.13912
1.1394
1.1425
1.14903
1.15957
1.17466
1.19475
1.06398
1.06348
1.06252
1.06273
1.06505
1.0702
1.0787
1.09097
1.10727
1.01483
1.01496
1.01415
1.01383
1.0151
1.01869
1.02515
1.03483
1.04794
0.990479
0.989454
0.987706
0.986207
0.985951
0.987683
0.991925
0.998973
1.00892
0.983925
0.981055
0.977638
0.974381
0.972161
0.9717
0.973512
0.977866
0.984754
0.989122
0.984698
0.979354
0.973969
0.969422
0.966454
0.965604
0.967176
0.971216
1.00236
0.996714
0.989385
0.981625
0.974444
0.968658
0.964867
0.963436
0.964496
1.02143
1.0147
1.00528
0.994893
0.984773
0.975846
0.968791
0.964049
0.961782
1.04516
1.03718
1.02535
1.012
0.998593
0.98617
0.975497
0.967128
0.961416
1.07314
1.06328
1.04844
1.03163
1.01453
0.998227
0.983526
0.971072
0.961401
1.10578
1.09253
1.07361
1.05273
1.0315
1.01095
0.99181
0.974733
0.960418
1.14459
1.12443
1.09987
1.07428
1.04858
1.02354
0.99964
0.977397
0.957626
1.19283
1.15756
1.12582
1.09529
1.06503
1.03553
1.00681
0.978907
0.952437
3.59779
3.68212
3.77116
3.8644
3.96156
4.06213
4.16571
4.27169
4.37969
4.48908
4.59941
4.71027
4.82106
4.93147
5.04085
5.14876
5.25467
5.35797
5.45807
5.55441
5.64623
5.73285
5.81351
5.88737
5.95365
6.01164
6.06145
6.10298
6.13596
6.16025
6.17674
6.18602
6.18871
6.18585
6.17865
6.16857
6.1572
6.14628
6.13771
6.13349
6.13565
6.14625
6.16699
6.19927
6.24397
6.30115
6.3698
6.44799
6.53211
6.61761
6.69868
6.76885
6.82186
6.85154
6.85334
6.82405
6.76271
6.66989
6.54957
3.5669
3.65215
3.7416
3.83497
3.93194
4.03215
4.13519
4.24063
4.34802
4.4569
4.56681
4.6773
4.78789
4.8981
5.00744
5.11539
5.2214
5.32489
5.42525
5.52184
5.61398
5.70099
5.78216
5.85677
5.92411
5.9835
6.03445
6.07674
6.11041
6.1358
6.15342
6.16383
6.16772
6.16598
6.15976
6.1504
6.13947
6.1287
6.11999
6.11536
6.11686
6.12649
6.14606
6.17705
6.22037
6.27617
6.34359
6.4206
6.50385
6.58875
6.66965
6.74025
6.79409
6.82511
6.82842
6.80068
6.74054
6.6485
6.52789
3.51582
3.59837
3.68521
3.77612
3.8708
3.96892
4.07008
4.17386
4.27985
4.38758
4.49662
4.60649
4.71672
4.82682
4.93628
5.04458
5.15112
5.25533
5.35657
5.45416
5.54742
5.63563
5.71805
5.79396
5.86264
5.92347
5.97601
6.02001
6.05545
6.08255
6.10173
6.11354
6.11869
6.11806
6.11274
6.10405
6.09349
6.08278
6.07379
6.06852
6.06905
6.07738
6.0954
6.12465
6.16614
6.22015
6.28598
6.36175
6.44433
6.52929
6.61111
6.68358
6.74026
6.7751
6.78309
6.76071
6.70638
6.62035
6.50572
3.43682
3.51623
3.60004
3.68804
3.77999
3.8756
3.97449
4.07629
4.1806
4.28699
4.39503
4.50424
4.61414
4.72425
4.83402
4.9429
5.0503
5.15559
5.2581
5.35712
5.45194
5.54181
5.62598
5.7037
5.77428
5.83712
5.89176
5.93792
5.97556
6.0048
6.02601
6.03969
6.04652
6.04737
6.04331
6.03561
6.02574
6.0154
6.00644
6.00087
6.00075
6.00817
6.02503
6.05298
6.09315
6.14596
6.21087
6.28619
6.36897
6.45496
6.53878
6.61429
6.67502
6.71485
6.72853
6.71235
6.66444
6.5848
6.47628
3.33486
3.41071
3.4911
3.57588
3.66486
3.75777
3.85429
3.95408
4.05675
4.1619
4.2691
4.37787
4.48773
4.59816
4.7086
4.81848
4.92715
5.03397
5.13822
5.23917
5.33605
5.42811
5.51456
5.59465
5.66769
5.7331
5.79042
5.83934
5.87978
5.91179
5.93567
5.95188
5.96105
5.96404
5.96187
5.95579
5.94727
5.93797
5.92975
5.92463
5.92472
5.93212
5.94886
5.97664
6.01674
6.06972
6.1352
6.21167
6.29632
6.38503
6.47249
6.55253
6.61862
6.66447
6.68464
6.67516
6.63389
6.56062
6.458
3.21288
3.28473
3.36137
3.44271
3.52858
3.61876
3.71295
3.81085
3.9121
4.01629
4.12299
4.23172
4.34198
4.45322
4.56486
4.67627
4.7868
4.89573
5.00232
5.10581
5.20539
5.30028
5.38968
5.47283
5.54903
5.61771
5.67839
5.73076
5.77469
5.81019
5.83751
5.85705
5.86944
5.87548
5.87617
5.87275
5.86665
5.85954
5.85329
5.84995
5.85166
5.86061
5.8789
5.90838
5.95046
6.00585
6.07434
6.15454
6.24375
6.33789
6.43161
6.51861
6.59217
6.64572
6.67355
6.67141
6.63694
6.56971
6.47228
3.07511
3.14257
3.21519
3.2929
3.37561
3.46312
3.55516
3.65145
3.75164
3.85533
3.96205
4.07133
4.18261
4.29533
4.40886
4.52254
4.63567
4.74748
4.85719
4.964
5.06708
5.16561
5.2588
5.34586
5.42608
5.49889
5.56383
5.62057
5.66892
5.7089
5.74071
5.76474
5.78157
5.79201
5.79703
5.79785
5.7959
5.79283
5.79056
5.79117
5.79687
5.80993
5.83258
5.86686
5.91434
5.9759
6.05146
6.13973
6.238
6.3421
6.44647
6.54449
6.629
6.69299
6.73032
6.7364
6.70864
6.64655
6.55271
2.92577
2.98838
3.05665
3.13061
3.21017
3.29518
3.3854
3.48054
3.58024
3.6841
3.79163
3.90227
4.01544
4.13051
4.24682
4.36367
4.48033
4.59598
4.7098
4.8209
4.92846
5.03164
5.12965
5.22171
5.30705
5.38514
5.45551
5.51785
5.57195
5.61781
5.65565
5.68583
5.70895
5.7258
5.73733
5.74485
5.74977
5.75367
5.7586
5.76666
5.78018
5.8016
5.83331
5.87763
5.93639
6.01061
6.10033
6.20417
6.31927
6.4412
6.56397
6.68026
6.78203
6.86138
6.91137
6.92687
6.90509
6.84568
6.75167
2.77172
2.82885
2.89242
2.96253
3.03912
3.122
3.21092
3.30544
3.40541
3.51052
3.61994
3.73306
3.84919
3.9676
4.08771
4.20871
4.32997
4.45067
4.56968
4.68619
4.79938
4.90839
5.01254
5.11101
5.20287
5.28774
5.36512
5.43478
5.4965
5.55037
5.59672
5.63583
5.66812
5.69449
5.71589
5.73414
5.75063
5.76622
5.78349
5.80475
5.83264
5.86975
5.91862
5.98234
6.06328
6.16237
6.27963
6.41248
6.55773
6.71147
6.86767
7.01746
7.15029
7.25607
7.32605
7.35323
7.33421
7.26952
7.16392
1.28483
1.24232
1.21028
1.18215
1.15567
1.13042
1.10703
1.08672
1.07123
1.06284
1.06439
1.07876
1.10856
1.15603
1.22338
1.31365
1.4296
1.57288
1.74396
1.94254
2.16817
2.42072
2.70068
3.00983
3.35195
1.22115
1.21431
1.19655
1.17451
1.15069
1.12655
1.10349
1.08313
1.06742
1.0587
1.05965
1.07308
1.10175
1.14838
1.21568
1.30636
1.42266
1.56602
1.73694
1.93519
2.16035
2.41228
2.69167
3.00061
3.34337
1.19967
1.19575
1.18265
1.16393
1.14201
1.11876
1.09594
1.07542
1.05929
1.04993
1.04998
1.06224
1.08967
1.13525
1.20188
1.29216
1.40805
1.55071
1.72042
1.91684
2.13942
2.38787
2.66268
2.96556
3.29986
1.1878
1.18246
1.17018
1.15262
1.13155
1.10869
1.08583
1.06494
1.04816
1.0379
1.03679
1.04768
1.07365
1.11781
1.18314
1.27215
1.3866
1.52735
1.69441
1.8872
2.10496
2.34719
2.61418
2.90733
3.22953
1.17799
1.1713
1.15879
1.14143
1.12052
1.09757
1.07434
1.05277
1.03506
1.02359
1.02105
1.03033
1.05456
1.09692
1.16039
1.24737
1.35942
1.49711
1.66015
1.84766
2.05863
2.29239
2.54903
2.82985
3.13753
1.16825
1.16074
1.14798
1.13055
1.10946
1.08611
1.06219
1.03966
1.0207
1.00776
1.00353
1.01095
1.03319
1.07343
1.13458
1.21892
1.32778
1.46146
1.61932
1.80016
2.00271
2.22608
2.47023
2.73633
3.02699
1.15782
1.15026
1.13767
1.12026
1.09889
1.07491
1.05003
1.02625
1.00579
0.991116
0.984963
0.99033
1.01038
1.04825
1.10678
1.18807
1.29322
1.42221
1.57407
1.74725
1.94014
2.1516
2.38139
2.6306
2.90195
1.14567
1.13977
1.12821
1.11108
1.08937
1.06456
1.03848
1.01321
0.991023
0.974408
0.966165
0.969335
0.987071
1.02246
1.07823
1.1563
1.25751
1.38153
1.52702
1.69204
1.8746
2.07317
2.28717
2.51758
2.76703
1.13254
1.13027
1.12057
1.10384
1.08161
1.05571
1.02817
1.00123
0.977213
0.958544
0.948134
0.949069
0.964479
0.997415
1.05051
1.12546
1.22288
1.34211
1.48143
1.6385
1.81091
1.99661
2.19432
2.40505
2.62995
0.573317
0.572555
0.394854
0.586111
1.05788
0.935888
4.04608
1.47622
0.377589
5.51122
0.266734
0.658708
1.17206
0.634851
4.18064
3.40323
0.312031
0.582407
7.79777
1.48534
3.13734
4.82742
0.302896
0.554596
0.694263
1.78557
0.750096
0.822286
0.501025
0.301021
5.20836
2.10834
0.528703
1.56495
0.296916
1.85588
1.85115
4.17462
1.76451
1.09536
0.400065
0.167117
3.59779
0.900599
0.798834
5.78097
0.288509
0.318995
0.45445
0.579333
0.281327
0.383352
3.12774
0.579245
3.95376
0.383581
0.640736
3.377
0.618904
0.34846
1.8964
0.406199
1.00407
4.25508
1.58102
1.0082
1.40939
0.257263
1.07116
0.52897
0.393638
5.23789
1.04671
1.65971
0.591413
3.2093
2.15975
0.34135
0.642011
0.570432
1.70835
2.00834
2.01033
0.249416
1.36008
1.73031
1.32445
0.347296
0.52333
0.944771
0.702182
1.08684
6.73696
0.66303
0.990138
0.269638
1.72612
0.266807
0.376525
0.350497
0.820908
0.408118
0.835827
5.516
0.626054
0.986012
0.313839
1.8996
0.1853
0.3042
4.50196
0.40825
0.33612
5.55051
3.25272
0.459323
0.453623
1.17234
2.20093
0.287405
0.0859775
0.423506
0.536521
0.674623
0.516716
3.37897
0.386949
1.80339
0.79229
0.319836
1.85216
1.71264
0.516828
1.76254
0.959412
1.24491
0.763218
0.771523
2.30374
1.38713
5.81212
1.62179
0.346877
0.106209
0.485225
3.62761
0.585225
2.57852
3.33592
0.29472
1.85924
1.20927
0.58644
4.46969
0.518598
0.249706
0.777984
1.18907
2.60637
2.18849
3.73605
0.384811
3.62046
0.271838
5.24865
0.260776
0.661148
0.702149
4.08054
0.75133
0.623387
4.47134
0.259224
0.254254
1.34302
0.978784
3.03369
0.515275
0.402739
5.7426
2.57723
2.00685
2.95832
3.09786
1.1045
0.812905
0.265073
0.182375
0.573754
3.00764
0.330183
0.349483
0.517393
1.5239
4.45217
0.565271
0.585813
4.72749
0.473871
0.533358
0.903192
4.83855
1.97198
2.97776
2.13255
3.46869
1.31408
0.817717
0.462315
1.31948
0.628683
0.572513
2.32374
2.09344
1.58872
0.382883
0.786639
1.25294
5.51255
0.947713
0.691942
0.197454
0.489542
0.426304
0.361188
0.433711
0.872317
0.315433
0.181235
1.04995
0.245583
1.95534
1.81124
1.03656
1.75974
4.71152
2.99015
0.748203
3.08595
4.65819
3.39075
1.7964
4.85766
1.0059
1.11224
1.69153
2.32991
0.890625
3.40629
3.81109
0.170975
1.00927
2.08853
0.467559
0.986945
0.689438
0.323837
2.27101
2.7093
7.62142
0.259433
0.817428
2.72769
0.527974
1.80207
0.642639
4.01908
0.579282
4.03754
0.743996
3.01154
0.515385
0.456819
1.12225
7.96382
0.57748
1.21213
0.355318
0.673606
0.349606
1.02986
1.76796
0.247891
5.77498
0.39874
2.4673
0.995747
0.476843
0.300774
0.327797
4.62775
3.77172
0.116214
0.301429
1.02891
0.391088
0.398538
1.16978
2.10521
0.376841
0.353671
3.88543
0.709489
3.01999
0.412776
4.70786
3.07452
1.75878
1.38156
2.18032
5.32273
6.25658
0.553323
0.771927
0.397666
1.33246
0.30185
2.02345
0.74029
1.08711
2.6183
3.05466
0.640837
5.26976
1.36371
0.683444
0.455753
1.97919
1.20027
3.31085
5.26948
4.41738
0.658744
5.3178
0.359991
1.76006
2.40227
2.16859
0.1153
0.25473
0.549984
0.68258
0.362294
6.31233
1.86615
0.758118
0.783785
1.01041
1.10913
0.272928
0.497577
6.59599
0.169609
2.77056
0.305613
0.333529
0.851185
0.862399
4.65412
0.276632
0.470286
0.288772
2.99094
0.437654
0.174583
1.16653
4.06418
0.314854
2.69284
0.580824
5.97736
4.40163
0.515023
0.422179
1.19044
0.524639
0.35236
6.07747
1.72798
4.66965
0.405757
4.17086
0.51847
0.890664
0.866032
0.956386
5.43023
1.50988
0.269097
0.32941
3.33934
3.58152
0.937333
0.513429
2.75788
6.6612
4.57471
0.531897
1.18002
0.501954
1.50204
3.72273
1.28689
0.588731
0.683989
0.11783
4.06204
0.925345
0.693264
3.35006
0.515003
2.64272
0.374628
2.24146
2.68727
0.178618
0.438664
0.27361
1.25563
1.09391
5.40823
1.8092
0.916098
0.837404
4.23493
0.342786
0.0913008
0.701591
2.12755
2.25398
2.9153
0.699979
0.95465
0.634408
4.49415
3.98336
4.56482
0.0929224
1.09627
0.226142
2.46006
4.64224
0.312072
0.758874
1.0366
0.481094
0.779112
0.488242
0.631456
0.644858
0.424377
3.57784
3.52197
0.383303
6.2765
0.53494
0.271196
1.94207
0.653038
2.03897
3.88225
1.12055
0.514984
2.271
0.348893
1.2613
0.667024
0.419607
2.57467
0.273992
0.919043
1.1057
0.289544
0.191634
0.7159
1.38673
0.980822
0.848322
2.67823
2.74255
1.77194
2.19825
0.134634
0.669547
0.248283
1.194
2.27443
5.21985
0.544989
5.57215
4.34955
3.57406
0.377843
0.517389
2.61971
0.63457
4.29335
2.60056
5.91701
0.577653
3.70887
4.5407
2.49969
0.946584
2.97897
1.76423
2.9122
3.03304
4.10496
2.13973
4.86993
1.92059
1.35068
0.989589
0.699695
0.314189
0.428081
0.430483
0.478027
2.86677
7.02998
0.32886
1.46974
0.563408
1.41568
5.52021
0.344266
0.433431
3.18476
4.71113
0.970245
5.64581
0.563067
0.440975
0.273761
0.695443
3.75041
0.40104
0.47163
3.68023
1.10009
0.304515
4.75
0.324699
0.202756
0.431898
3.02131
0.654763
2.6654
0.349834
2.02646
2.45073
0.803254
0.470024
0.43627
0.308805
0.502111
6.45417
1.47755
0.45355
1.93574
1.96164
3.81514
1.28307
0.297448
6.40652
2.82518
0.637124
2.21468
0.257083
0.540576
5.50017
3.59969
0.656568
0.899652
0.33847
0.28152
0.455004
0.694791
0.260349
1.47202
2.96023
4.7656
6.96132
1.50263
0.531501
4.72897
0.900087
0.823635
4.8075
0.935487
1.39341
4.20955
4.18683
6.25635
0.62437
1.45775
0.426938
1.12591
2.13694
0.362849
0.810138
0.202789
0.675054
1.84481
1.04829
2.40551
2.40919
0.448762
3.33882
3.82545
1.99315
1.71959
4.03905
0.937212
3.20223
0.926886
0.804959
0.443716
4.58027
1.22797
3.02287
6.46873
1.36625
0.679568
0.352328
0.288702
0.810207
0.539843
0.648743
0.696276
1.01244
0.432851
3.67625
0.28711
3.09448
0.856968
0.456018
1.12376
3.90182
2.75352
0.635582
0.991986
4.60532
0.968768
1.68294
0.589435
0.708191
0.354197
4.25419
2.83165
0.311218
5.845
0.153955
5.54124
2.68839
0.283055
7.71329
2.69892
2.9628
0.443834
0.549217
0.261215
0.0846837
1.08439
1.34225
0.432205
0.482683
1.00374
3.11137
0.673156
7.80293
1.24337
0.353491
0.16293
2.5505
2.09943
1.83337
5.94196
3.76523
0.44112
3.16252
0.589126
2.03686
3.77229
0.657199
5.95212
0.489008
0.338108
2.22733
4.06323
1.13279
0.274233
1.57711
6.39992
3.81968
1.48795
0.754892
2.47067
5.04538
0.615896
0.253805
1.13364
5.28567
5.53785
0.336831
4.1432
1.48156
0.325796
4.35378
0.553001
0.29513
7.99008
0.82035
1.20754
0.124795
3.42671
1.01071
3.39632
1.91263
1.36657
7.28962
2.63965
0.653243
3.72902
1.72018
1.64534
1.32522
2.08414
0.417812
7.62346
0.404832
3.86019
0.512649
2.70487
0.421203
0.297832
0.565995
1.03002
3.23595
0.120193
0.257906
3.36126
0.930873
0.578023
6.56508
2.426
0.742545
0.905604
1.62537
2.44611
0.282763
0.450682
2.2908
4.07567
4.21402
2.53963
0.421176
0.048343
3.63982
0.754446
0.161398
0.582426
0.687471
0.296536
4.31959
0.678491
4.33074
0.258829
0.141422
1.0437
0.944712
0.789773
2.04757
3.53577
0.308364
3.19325
0.874827
3.84652
3.28835
0.293148
1.07388
0.357737
4.24082
4.88103
0.486633
4.38957
1.46669
1.33107
6.81228
5.97277
2.90073
1.49746
0.184312
5.59111
0.276441
0.458192
2.84535
2.26787
2.79006
1.00563
3.58504
0.465766
2.1147
0.730253
6.20118
0.301801
0.309702
1.40541
0.756639
0.567747
0.392151
1.71386
1.63501
0.571353
0.980835
0.428578
0.506901
5.64152
1.70421
0.362706
0.536819
0.564275
5.06008
2.07509
0.37667
2.81142
2.0334
3.83934
1.15343
0.634926
2.88586
0.404379
0.34939
0.588189
7.72916
3.01533
0.512825
7.48578
3.02155
0.345848
2.86539
1.81555
0.417824
0.966658
5.18885
6.47823
5.68931
1.05017
3.02509
0.35294
1.5396
2.85265
3.27492
3.79704
1.42551
0.423154
0.283815
0.996704
4.28849
0.105958
0.620813
0.628894
0.244692
1.46176
1.79514
3.70372
0.0856952
3.62675
3.16063
0.561859
0.542293
2.57848
0.351695
0.338803
0.284445
7.34321
0.549715
3.32573
6.06594
3.95396
2.00296
0.620371
1.92044
2.49413
0.94632
2.61999
0.456459
0.289613
0.40307
0.56129
0.727077
3.00827
3.96107
0.536575
0.8998
6.77704
0.657582
0.324452
0.29577
1.08787
3.02093
0.588396
1.37667
0.858313
3.01961
0.411354
1.44691
0.356807
1.27823
0.504268
3.78169
3.05209
0.562288
0.0978992
0.667841
6.73265
0.379192
0.715707
0.419068
0.468987
5.18183
0.832105
2.78218
0.895513
0.578411
3.42018
3.09641
2.83236
2.65059
0.325893
2.88777
0.276851
0.197816
0.385247
5.90832
3.10025
7.22424
1.73283
1.33165
0.439602
0.452673
0.803481
2.969
1.9718
0.801803
4.5939
2.34643
0.947471
1.63103
0.458057
0.36633
0.253263
4.58714
3.26473
4.54831
1.87545
0.459382
1.15565
0.792295
3.16959
4.13273
0.650432
0.833715
1.9475
5.33109
0.62621
1.03958
3.17118
1.29607
0.54342
0.391943
1.47684
0.447949
3.71301
0.489841
2.74657
0.407699
0.48651
0.909351
0.681938
0.354271
3.58897
0.315617
1.28328
0.729267
0.462408
4.38033
0.271175
0.556524
3.97488
4.15032
0.465547
0.472285
2.85555
2.0309
0.273262
3.51572
0.377759
2.87945
0.28766
0.306895
0.449726
0.278288
2.70351
0.479412
1.36909
1.3254
1.18773
3.18247
4.27985
0.254247
6.81216
1.84554
2.18288
6.55692
0.438768
0.465724
3.80833
0.322809
4.08742
3.31194
4.10309
0.991303
0.283456
0.317096
6.31413
1.48665
0.276796
4.47436
0.661313
0.446175
0.300525
0.890156
1.85646
0.858107
3.23918
0.382073
5.08027
7.02129
1.01965
4.38487
1.40191
0.357367
0.332194
0.580562
2.64754
1.85876
4.63183
0.471245
0.93572
2.11849
3.36062
0.532022
0.285219
0.279386
2.30543
2.47461
0.944794
0.429328
5.15728
0.434649
0.839778
0.26745
0.522987
0.621965
1.00823
0.781786
6.02781
5.52968
0.153717
0.549371
7.85203
0.55891
1.80348
1.83365
1.31444
3.96762
3.00794
0.442158
1.52224
3.02526
1.25944
4.22443
0.479655
0.256248
2.83933
1.12431
5.40093
0.389647
0.563844
0.958747
0.351669
1.67394
7.1912
2.04686
2.3162
2.04787
4.63046
2.7603
1.22777
0.188897
0.626835
2.96858
0.476266
2.78886
7.29838
0.922242
2.87108
0.441491
0.421006
4.62919
6.96736
2.49196
1.62797
0.617121
0.507783
0.526641
0.17149
5.70536
0.525327
0.943831
0.585768
0.683638
0.265566
0.58246
0.391236
0.130228
1.96998
0.661159
5.89079
0.271591
2.56628
2.96897
3.43757
2.42294
6.12534
1.65438
3.14397
1.37509
0.308798
0.518307
0.446451
0.583876
0.936498
0.591998
2.20376
0.419564
2.88973
1.74391
0.251808
0.224351
0.908507
3.63655
2.31747
0.318139
0.491795
0.619064
0.944858
4.60059
0.672136
0.583538
0.271488
0.278259
0.293759
0.3147
0.270205
0.74905
1.12032
0.69484
0.263818
0.786347
3.04418
0.460192
6.07102
0.403757
1.58736
3.56114
0.42662
3.54286
0.960609
0.685064
2.78053
1.51421
0.902427
6.56021
0.746333
0.782689
0.479853
6.13146
0.455079
0.332777
3.19504
0.797733
0.551707
0.54669
0.466106
0.295534
2.02499
3.71297
0.529208
0.404597
1.5627
2.9088
4.13184
4.63008
2.12452
6.0239
3.54709
2.13191
1.30849
6.91715
4.61659
0.587081
1.79248
0.488373
0.176652
1.8553
1.92554
2.89905
0.915922
5.08746
0.288787
0.281829
6.02044
0.39525
0.633434
5.46099
3.01202
0.490632
0.86417
2.65449
0.414149
1.84353
3.77972
5.69262
4.46995
3.22942
2.83361
0.518289
5.75259
0.677692
0.569226
2.12721
0.11176
2.69619
0.520301
1.43348
0.545915
0.772239
1.23653
0.416235
0.357231
0.312914
0.419971
4.92338
0.370331
0.493998
7.67033
1.17499
4.12417
0.336074
1.99876
0.923944
3.83039
4.01275
0.518908
0.37495
0.411014
5.06109
1.44411
7.17629
0.426213
2.08964
0.628203
2.99606
1.67197
0.375175
1.45167
1.33334
3.17994
0.458539
0.378248
4.78261
0.786281
3.92925
0.963585
2.76777
4.44808
5.03296
2.96843
0.417521
6.6739
1.02279
0.642096
0.582518
1.00637
0.914509
0.411809
6.92337
3.19344
0.408798
6.18286
1.16921
3.25696
2.9913
3.70262
0.857159
0.333428
0.682392
2.93861
0.363767
1.82159
5.07828
0.980278
4.53151
2.97302
0.111927
3.05232
0.524196
2.12833
0.526096
0.492457
2.95259
1.2354
4.36761
0.609265
1.0412
5.86305
3.62962
0.340536
0.455031
4.98984
5.8328
0.588241
0.464449
0.895577
5.4015
1.13668
1.1042
0.343529
2.26148
0.86923
0.952091
0.498466
0.904921
0.88428
0.995744
1.41927
3.02332
0.416103
2.25426
0.938669
4.06279
0.448921
1.55437
2.55557
0.89888
0.917907
0.494811
0.27061
0.492148
0.499078
0.266866
5.07639
3.51654
1.58336
1.51955
0.479566
0.76789
0.829004
4.6233
4.93058
4.01824
0.422568
0.394728
6.74686
5.051
0.293971
5.18307
0.630182
0.461026
0.388611
0.358595
1.95505
0.469498
5.35983
1.38887
1.2121
0.477659
0.487637
0.507184
1.94037
0.635899
1.14815
2.25345
1.27336
1.95567
1.24619
0.460778
0.433285
7.40607
0.698105
2.64682
0.398101
3.07075
0.4456
0.580922
0.351097
5.48317
1.90777
1.83799
5.63484
5.85115
1.83632
7.46644
0.513011
0.483161
5.92991
0.897543
1.33277
0.435675
0.509593
0.315645
1.29396
0.697808
1.26411
0.913138
1.79793
0.60656
0.468247
0.986393
6.26436
0.719636
4.75199
1.02674
4.81131
1.15518
6.41484
1.38219
0.904905
2.8249
5.83475
0.443445
3.42637
3.86272
0.254973
0.687642
2.58517
0.446523
0.510553
3.40759
0.471245
6.62067
2.80973
5.3609
5.14634
2.30243
1.40028
0.412267
1.04079
4.60862
0.502462
0.508446
2.98682
5.42078
2.92777
5.18521
4.38835
0.175708
3.42567
0.498925
2.0626
7.11437
5.23239
0.553774
2.46296
0.449497
0.525664
0.191172
0.484352
5.03687
0.531615
0.438794
0.390834
7.89384
0.0458762
2.97743
0.779963
5.1024
0.557515
3.97655
0.311108
0.770885
1.09027
0.386718
6.5394
0.491239
1.03141
4.68892
3.15752
0.346193
5.25227
1.5809
6.25818
3.72708
5.43054
2.51218
0.489486
0.406853
4.74383
5.71846
0.423316
4.42469
4.70357
0.528323
0.826054
1.21937
1.31792
1.06706
6.2719
2.93774
1.12425
0.000654419
0.656102
5.68245
0.347779
2.78595
1.41641
0.92596
0.885084
2.77257
0.338367
1.72227
0.366272
0.196461
0.113372
2.86131
5.55278
4.76605
0.455347
3.53527
0.492467
0.465565
1.86504
5.58833
0.289283
0.970291
0.39228
0.820583
1.00164
0.492577
0.977126
2.88986
3.9743
1.23945
0.696517
5.48256
4.41773
0.643897
6.06175
0.58711
1.07411
0.488116
0.624489
0.444273
4.58387
2.00192
0.423207
7.03821
3.20747
0.355685
2.87114
1.04679
0.591696
3.47624
0.376384
1.40094
2.06493
0.350579
2.74553
0.368464
2.14465
0.611649
0.853318
0.481726
0.686811
0.4196
3.32721
3.00377
0.740148
0.408082
2.18716
0.786356
0.875283
4.04765
0.736351
2.73502
0.621232
5.96937
2.67011
0.356721
1.35003
0.988216
0.474371
0.627265
3.43536
0.343734
6.31396
0.262017
3.30795
2.58962
4.61314
0.621873
3.51057
5.09432
0.251162
0.989802
1.06368
0.749606
0.261221
0.52859
2.96013
2.82917
2.43946
1.23241
2.589
1.71421
4.88375
3.60178
4.65831
0.435568
0.677647
0.521517
4.60108
2.1038
0.326739
5.0871
0.306335
3.50604
0.29159
4.46118
0.609109
0.85721
0.261513
0.931646
2.54046
1.47684
0.899897
0.644232
4.5376
2.86846
0.724081
0.550962
2.86132
2.28058
0.58001
1.48415
1.4772
0.312507
0.776416
1.76084
3.70555
5.45738
0.41846
3.74062
0.505071
0.966085
0.713542
3.96251
3.10999
0.353529
0.424587
0.98129
3.32982
0.846675
3.09891
1.22614
0.681022
0.376166
3.14104
2.11511
2.91464
4.30967
0.634079
0.487108
0.665749
4.81611
2.13007
1.16257
0.428575
6.07352
4.50438
0.16876
0.735346
0.624153
1.44851
0.389004
1.97186
1.37527
0.424433
2.90718
0.817983
1.29646
3.10652
3.78795
0.459297
0.402641
0.427506
1.77427
5.55814
7.79791
0.344984
0.413982
0.607075
0.122393
3.63157
4.39758
3.32463
1.00025
0.401423
2.49455
0.297681
0.748056
1.09217
0.578777
5.89367
4.84507
0.968788
0.587598
2.36894
1.35263
0.947851
6.17951
1.86798
0.893216
3.2914
2.68567
3.05212
5.7904
5.93813
2.39651
0.210137
4.30717
2.41972
2.98098
1.30979
0.983422
0.364466
0.543572
1.46102
0.613942
0.953949
0.320326
1.49273
2.77384
0.221197
7.31156
0.117702
4.4606
6.28926
0.345888
5.00662
0.980974
0.326541
2.72709
3.57721
2.76457
3.42979
0.549684
0.527205
1.14579
0.417387
3.89298
3.01243
0.0394353
0.590485
1.13912
0.707714
3.13877
0.417722
0.950159
3.32611
0.266258
0.306646
0.889901
0.460032
0.344588
0.593599
0.383311
0.40119
0.512375
0.700816
2.21224
0.252105
0.54891
5.42984
0.448716
0.633815
4.51283
1.78294
2.52953
0.606615
4.7467
4.06265
1.05862
5.11765
0.399868
5.02075
0.582732
2.90324
7.02182
0.324243
2.78515
0.922867
0.910913
0.361642
5.93239
4.71687
0.414351
4.96946
0.449475
4.02222
3.32683
1.07107
1.68394
0.199354
5.03519
2.45271
1.20109
5.00353
0.930568
0.529069
1.23199
2.04186
0.731514
0.606774
0.394261
0.619141
0.704354
2.08405
0.646148
1.10375
1.06871
0.895498
0.547089
3.06318
3.44867
3.58533
3.62931
0.800383
2.71587
1.44738
0.593432
6.06499
5.89559
0.674784
0.712871
2.76699
3.4182
0.0460948
4.21334
6.29622
2.884
2.62057
2.60891
3.25765
0.915882
1.06306
4.72262
3.80473
0.412539
0.541808
0.415184
2.10089
0.0895516
1.07744
3.80689
1.49793
4.30025
0.350157
6.0695
0.255761
2.54987
0.246536
0.990418
1.34751
3.08443
3.09546
0.590733
2.77666
0.480967
0.258507
0.183822
0.644698
0.273797
3.6281
2.7634
0.611492
0.382939
4.75796
3.32757
3.09404
2.33858
1.07143
0.419738
0.267504
3.04698
3.16461
6.12633
3.58697
5.60641
0.45878
0.10464
0.21403
2.98326
2.63807
0.742594
1.02325
0.362725
0.931278
0.19467
4.88086
0.358685
2.2632
0.916366
0.717915
4.64362
0.38063
0.6283
2.99421
2.34769
0.394229
2.49176
0.682892
0.703704
3.2974
0.788735
0.923774
2.14821
1.86728
4.64927
0.861418
3.64992
0.498128
0.99314
2.07758
1.38072
6.67897
0.294028
0.649781
2.43767
1.43815
4.51922
1.59799
0.402772
4.87687
2.97841
6.41305
2.78619
0.36498
0.367736
0.514292
0.373753
0.568064
0.661742
0.481532
0.652673
2.80726
4.54306
1.18931
2.92336
1.04289
0.279283
4.79303
3.61961
0.461652
0.357266
0.602186
3.54552
0.819953
0.535631
0.389379
0.672337
0.605665
1.47867
6.20223
1.49745
4.02565
0.8496
0.0609179
3.26424
0.9835
0.899893
0.982316
4.32522
6.16124
2.88697
0.455071
0.823494
3.74096
1.68908
1.46136
1.82449
0.407327
2.6715
0.458271
3.01698
3.09711
4.92852
0.394416
0.835265
2.9121
3.36447
0.384139
0.883534
0.73954
2.40477
0.134412
0.250285
0.717143
0.571963
3.13252
6.05858
0.40269
4.00665
2.76236
0.269692
2.38362
3.76141
3.79082
0.677796
4.67277
6.7227
0.258283
7.4323
2.63117
3.19687
0.268697
3.3779
5.638
4.04332
1.28311
6.96388
2.639
0.74711
3.27701
5.88237
0.440591
4.50977
0.473821
3.81001
0.468738
2.87625
0.341966
0.50718
7.69216
0.585517
3.81553
3.01259
1.66504
0.644026
0.399921
0.736984
2.37941
0.275868
0.272112
3.15411
0.521724
1.16741
0.259431
0.633235
0.425823
1.17676
5.164
1.31728
1.2964
1.65235
1.48361
0.552786
3.66465
0.98449
0.336022
0.368849
2.78156
0.628863
0.649051
0.21711
1.93444
0.64751
0.659634
4.67863
0.857081
1.2578
4.2476
0.419202
3.67839
0.574099
1.1358
0.364064
0.463659
0.55223
0.562524
0.357864
1.48603
0.0918843
4.48987
0.262638
2.65827
0.400377
1.33478
1.16777
0.681912
7.18558
2.9166
4.41938
2.92161
3.18404
0.613837
0.319091
0.37018
0.924716
1.62765
0.25904
0.837135
1.06037
0.986065
6.37008
0.603052
0.489375
3.91257
5.95287
0.866353
0.567986
0.555088
0.67974
0.432874
2.4952
0.507259
0.501302
0.550424
0.544087
0.986169
7.03047
0.346289
0.38842
3.09501
2.24105
6.12802
0.56488
3.43353
0.348856
0.384577
1.14943
4.40446
3.80525
0.364758
1.58261
0.529607
0.508391
1.35668
0.588316
0.34633
3.31318
0.481033
3.1986
1.95542
1.77665
1.35627
0.378074
2.1083
1.27007
0.46212
5.1615
0.448688
2.16246
0.279157
1.76793
1.83982
0.494692
3.56497
0.516964
0.756962
0.515536
1.11737
4.29823
0.878071
0.660844
0.778857
3.17239
1.26471
0.638031
2.67007
1.00166
0.359099
2.67216
2.04021
0.588336
0.686215
0.512734
0.491311
6.17061
2.80455
5.8122
3.14547
3.86191
0.570983
0.568744
0.369091
0.476273
0.461497
2.39918
4.40948
1.28321
2.74648
3.04989
1.4725
4.62824
2.16672
1.7691
3.8875
1.83382
1.79367
6.56554
5.85681
0.620307
0.622553
0.438748
1.3395
1.84108
1.62044
0.69749
0.604738
0.446763
3.90471
0.35971
0.447825
0.355287
0.896675
0.372058
0.600191
0.540447
4.6971
4.10133
0.328148
0.550976
4.02401
7.64858
0.460793
2.975
1.63487
0.371513
0.867155
0.341693
0.622714
0.64342
0.979269
0.465352
0.503389
0.613452
0.573128
2.01438
0.276457
0.330307
3.47369
4.63755
0.382151
0.708347
2.08594
0.767246
0.544592
0.291648
0.34917
1.1685
0.933933
6.92404
0.84556
2.43733
0.460406
2.02315
1.38741
1.00253
0.316751
0.824354
0.640164
3.08386
2.06198
0.64106
3.95101
5.13525
0.676622
3.19479
1.06847
2.28186
0.637457
6.61006
3.08624
0.52859
0.412734
0.787558
2.35038
0.369677
6.91633
2.37808
1.0568
0.736003
0.14652
0.775177
4.69651
0.358601
0.426578
2.33399
1.27041
3.84946
4.53841
0.626783
0.407652
3.06621
0.815493
5.85434
6.50713
4.43298
1.06798
0.170095
0.718607
0.365362
0.593605
1.05664
3.10254
4.87255
0.325498
4.26528
1.2116
0.359039
0.360828
2.39976
4.5909
5.77531
0.666449
0.372383
0.116194
0.150289
2.80615
0.315724
1.93157
5.52192
3.11095
2.98694
0.0769445
0.592978
3.82539
4.00788
0.362788
0.362549
0.498888
1.96524
0.31148
0.298896
1.52856
0.462481
1.2938
0.889526
0.410311
1.00996
4.35169
0.696381
4.84927
0.0344281
5.3168
0.351716
1.23042
0.534081
0.456514
4.54174
0.345446
0.311206
0.123774
2.01215
0.331303
1.34048
0.94403
2.0356
2.67084
1.09469
0.703487
0.636938
2.77645
0.402901
0.725638
0.533227
0.315836
0.16894
3.85901
2.2317
0.259842
2.03094
0.453445
0.521086
7.55026
0.361062
0.359259
2.15197
0.959237
3.1164
0.925284
4.26586
4.57199
0.343167
0.628974
0.407057
5.67921
0.338236
2.2607
1.72055
0.488301
0.603555
0.390241
0.130288
0.646576
0.735106
3.33961
0.449191
0.354914
4.72681
4.64823
3.65442
0.527663
0.672227
0.376601
1.01384
0.582929
1.00846
0.462894
0.331133
4.47457
5.8963
4.18559
0.847823
0.330147
3.72253
4.51179
0.223906
0.329202
4.60942
7.8161
0.435894
0.292936
4.07559
0.442141
1.68647
0.4043
0.97697
4.60399
0.404472
0.644074
3.82031
3.12128
0.627051
2.6954
4.55862
4.57452
2.20666
0.818567
0.846784
0.444007
6.63723
1.57895
2.97637
0.358948
0.723482
0.912699
0.917541
0.325783
1.03634
0.629957
2.5193
1.06064
1.38967
3.45097
4.38866
1.8496
0.308002
3.79358
7.15963
0.331353
4.33479
1.08812
0.354488
0.695717
1.09679
2.57652
5.61918
4.55108
0.568985
4.20786
4.46489
0.493771
0.609156
0.930834
0.348938
4.4677
0.629674
0.328655
0.617952
0.596708
2.00742
0.432387
3.85148
1.19951
0.341628
0.575741
3.42586
0.522879
0.428362
0.55096
0.33264
1.63146
3.31637
4.49989
0.5364
3.38862
5.92137
0.440019
0.342052
7.16545
3.86207
0.577498
0.530634
0.195587
1.96535
0.560173
3.30222
0.377551
0.34314
0.38244
0.685463
0.420339
0.527891
0.485349
1.36562
6.79305
0.529911
0.587562
0.3395
0.316236
3.64173
0.272949
4.22748
0.363402
1.7216
0.561549
0.331984
4.94198
0.644572
1.65454
0.334814
0.553543
3.60423
0.376153
3.62111
0.320991
0.292202
1.6323
0.495353
0.437071
0.441438
0.508623
0.493303
7.60266
0.318031
0.459045
1.21052
0.91082
2.15409
0.627883
0.157056
3.56665
0.493064
0.293246
0.337804
5.4683
0.635821
0.910127
2.39858
1.74314
0.287143
2.24936
3.38377
0.149365
0.665076
0.768883
0.665737
1.66435
5.61041
0.62033
2.42151
0.321854
3.33244
4.38409
0.462282
2.45803
0.25953
3.20617
0.445264
0.542444
0.416268
0.28134
0.597847
2.66937
0.604794
5.16149
3.41868
0.767138
0.844974
0.529478
0.373214
0.33004
2.80036
0.265376
0.333496
0.340783
0.327923
3.86214
0.590085
0.316419
0.286251
0.647747
2.55103
0.364543
1.77142
0.541288
0.773112
2.80358
0.538263
0.0346355
3.60651
2.43819
0.673684
0.0210444
0.0428917
0.509497
0.335186
0.858666
0.575764
0.424968
0.562082
0.6284
0.359608
0.324674
4.42992
0.331519
2.16654
0.32509
2.46841
2.77666
0.302519
3.94763
4.07295
2.07967
1.83254
1.96689
2.62465
0.452144
0.690143
4.63774
0.536054
0.880579
0.290554
4.26474
4.2826
0.181246
4.16001
3.40501
3.83178
0.654692
0.0159887
0.0131072
0.324793
0.433897
0.470876
0.331124
0.632587
0.62677
0.816829
4.15025
0.407491
0.336353
1.53014
0.46071
4.37317
1.69779
1.51531
0.438634
0.381705
4.45317
1.53054
0.251263
0.828047
5.29171
6.22179
0.348791
0.494507
0.451006
0.300944
0.432372
3.75689
0.235209
3.52679
1.37933
0.467681
0.833905
3.77598
3.92497
0.395232
0.0220325
0.0140913
5.76644
0.484444
0.526848
0.631805
0.359408
2.75476
3.7016
0.533197
2.95711
4.43557
0.323189
0.275404
4.28768
1.71583
0.354808
0.343089
0.22687
4.56589
0.326487
0.315234
0.480836
2.79635
0.241769
0.476074
0.41258
0.331308
0.398564
0.61141
0.537478
0.913217
0.520249
1.31174
4.68057
4.39831
0.370178
1.70825
0.583509
2.45134
4.06383
0.306144
4.50302
2.47135
0.32031
3.50687
0.427332
3.84035
1.939
0.707302
0.31725
0.824113
1.15898
0.30353
0.318169
0.255081
0.477257
4.06973
0.299572
0.465518
0.321977
0.417156
0.692637
0.397103
0.670982
3.53236
1.28435
2.68299
0.285083
0.640237
0.303313
4.38555
4.61259
3.7241
0.30372
1.1141
0.434092
0.317989
3.28991
0.431317
0.438665
5.40694
4.59199
2.91289
0.659902
0.260525
0.354242
0.282379
0.45134
4.57596
4.56782
0.303875
3.24831
0.94417
0.661139
4.21722
0.620702
4.49509
2.30387
0.394934
3.55662
0.426896
0.347041
0.328277
0.701036
0.34074
3.90985
0.36363
3.48391
1.48195
5.07985
0.409139
4.48589
2.66114
2.54508
0.420823
3.0553
2.3727
0.552525
2.92889
3.22755
4.63621
0.481472
0.124643
0.668984
0.335793
0.244047
0.355736
0.326724
0.275581
0.277208
2.67257
0.526296
0.294998
3.04743
1.23937
0.598245
0.306307
0.482775
0.884436
0.858173
1.7723
0.45212
0.65727
0.198779
0.927536
4.49528
1.93119
0.555841
4.51832
0.513332
0.826928
0.548335
0.466876
0.438058
3.55876
2.44769
4.50087
0.460678
5.75966
4.63158
0.441056
1.14976
0.52217
0.218548
0.627446
0.324889
0.322393
4.50933
0.274252
4.88057
1.48679
3.31308
0.474503
2.88142
0.352923
2.47759
0.480252
3.89835
3.11731
1.14165
2.06851
3.08444
3.88129
0.270364
0.393176
5.29694
0.578987
2.41184
0.715209
0.996371
6.07227
0.275489
3.73774
0.581543
0.722126
1.81388
2.24417
1.18853
4.70434
0.326894
0.364707
0.714385
0.547623
0.675801
0.437779
0.29184
0.458048
0.60381
0.539932
5.01623
0.399
0.492889
0.269824
0.487298
4.58988
1.73994
3.5276
1.50099
0.172757
0.528438
0.932816
0.511475
2.26795
0.588153
0.749809
0.322804
0.557823
0.504333
3.64391
4.20993
0.467092
0.270524
0.31083
0.359213
0.544574
1.45569
0.501222
0.393628
3.04288
0.24155
4.42141
4.90501
0.481104
3.04512
0.545661
0.490684
0.405663
0.522061
0.638758
0.502258
0.471688
0.162464
3.03744
3.13261
0.509095
0.504359
0.630253
1.70662
0.295753
2.38815
0.294855
0.346523
2.94679
0.363367
1.70162
3.77378
0.690298
0.430253
0.83792
1.82272
1.66298
4.59673
1.059
3.10475
1.61121
0.1151
0.464272
0.338347
3.37324
1.53595
0.346712
0.415484
0.478312
0.683691
0.632007
3.95454
5.45294
1.75332
0.321016
0.783397
0.300852
2.91127
2.92934
2.44674
0.488185
0.359598
0.337299
5.62912
0.580129
1.60567
6.38959
0.560419
4.4384
0.432524
1.68318
3.00205
1.25907
0.485314
5.98247
0.44734
4.56913
0.259106
0.0807975
0.591012
0.502508
2.7712
0.333632
0.23711
1.46006
0.346395
0.455071
0.30824
0.502313
0.271294
0.246255
7.49713
1.92582
0.518343
4.66606
0.329661
0.503718
0.358785
0.497727
0.519974
0.700966
5.51168
0.127368
1.14055
0.552444
0.283673
1.19516
0.831475
0.174609
2.91297
0.322632
0.639459
1.03008
0.516941
1.3704
0.828517
0.255767
0.575153
0.704362
1.91689
1.8082
0.844314
0.463494
1.47394
0.475164
3.88145
0.474583
2.22657
4.71836
0.512943
0.508456
2.23443
0.286301
2.30012
0.261256
0.397486
0.507876
3.44851
3.97887
6.29984
0.183258
0.485156
0.35347
0.433376
4.48993
1.68319
0.39461
0.547916
0.515732
0.470213
0.0473073
0.0782159
2.87922
0.923353
0.330184
0.28769
0.649473
0.728198
0.518831
0.554823
2.38648
0.335649
1.03431
0.285692
0.491874
0.663021
0.29383
1.57168
0.296056
0.295783
7.97186
1.84406
0.620165
1.18997
0.308533
0.864041
5.08478
1.54956
2.82065
0.757634
0.355816
3.61813
0.275686
0.339017
3.67749
1.64168
0.495547
0.514538
0.591379
4.41163
1.88978
2.6822
0.604171
3.71089
0.465704
0.514964
0.887482
0.313965
0.0256633
0.510904
0.463343
0.329808
0.602172
3.2141
0.504642
0.452598
0.890236
0.989335
0.520473
0.0214603
0.486143
0.649623
0.66263
0.914195
2.06707
0.304777
1.60151
1.04858
0.3707
0.267561
0.46677
1.68533
1.66579
0.501473
0.487237
0.605141
1.20338
0.649676
1.48924
1.46785
0.882689
0.374581
0.497008
3.71839
6.73545
0.355967
2.32074
1.48014
0.398982
0.0102725
2.49333
0.506959
0.879821
0.397208
0.648979
4.1923
0.396506
0.119485
0.465392
0.623632
4.98875
0.315444
0.016612
0.329274
0.298508
1.15458
0.263832
0.336701
3.66796
0.497114
1.71925
4.67478
0.532035
0.664592
6.16076
0.549627
1.12567
0.497902
0.674884
0.630292
5.99809
0.097037
0.854847
0.656629
0.430303
0.708927
0.373581
0.463649
3.9614
0.520884
0.718022
5.80698
0.42321
0.617338
0.486871
0.622977
0.50338
0.818172
0.357158
0.3783
0.452581
4.2213
0.711366
0.338193
4.44368
0.16045
0.143029
0.344659
2.55831
0.287028
0.487234
0.453735
0.270446
0.327585
1.83966
1.20039
1.43012
0.399873
0.260218
0.407225
3.40769
0.278183
1.09858
0.480386
0.410495
2.92808
3.47351
1.45709
0.151743
0.601486
0.493995
0.869941
0.297061
1.3851
0.268248
1.79208
0.472043
0.663757
0.636271
0.334921
0.522255
1.11234
0.436399
0.415949
0.586013
0.432322
0.642249
0.465903
0.335957
1.43484
2.21134
0.653223
0.82639
1.20048
1.62191
2.58561
0.92494
0.500218
0.59388
0.61117
0.458753
0.510318
0.475202
0.535176
0.740582
0.504819
0.733466
0.505153
3.76867
3.20795
3.71111
0.487993
3.11995
0.541362
0.580687
0.538854
0.641612
3.24015
0.428775
1.48371
0.982734
4.67883
2.6118
2.3246
0.0645257
4.36137
0.240847
1.4864
0.465873
0.601705
0.651663
0.454579
0.44961
4.12629
0.423403
3.0676
0.542307
1.58228
0.302409
3.17763
0.621683
0.755362
0.42609
0.537509
1.10521
0.322733
1.99944
0.328765
1.71058
0.245115
0.868133
2.84047
0.473129
0.297298
3.4142
0.491034
0.584283
2.57862
3.37995
1.75922
0.40642
0.642044
4.16769
0.44259
4.01611
0.314281
3.14742
2.08605
0.473334
0.385058
0.579091
0.968119
0.632713
4.55755
0.525998
2.10893
4.41765
4.00064
1.92202
0.26901
2.02444
0.578602
2.06585
0.317058
1.73928
3.62926
2.44365
3.15524
0.528683
0.423743
0.706313
0.584429
3.18522
0.358936
0.653524
0.121536
1.51492
1.17517
4.2967
0.560069
0.256235
2.97678
2.16972
0.85413
1.82784
0.712119
0.335683
0.471279
0.552816
0.769504
3.03371
2.48737
4.1982
0.34808
0.272107
0.345611
0.576003
0.158098
3.18988
3.62466
0.343204
0.356236
4.09761
0.717247
3.76746
2.60752
1.49073
4.29405
4.34877
4.36783
0.501871
2.78681
3.57413
0.660491
6.42322
1.56809
1.41766
3.25241
0.438719
5.8269
0.586571
0.682365
0.806212
0.47857
0.257632
0.26537
0.747432
4.06535
0.533033
3.63019
1.94458
0.613634
0.477046
0.351492
0.934936
3.42866
3.947
0.686266
0.503311
0.513077
0.567995
1.50786
0.320997
0.646834
0.259573
2.55759
0.640836
0.345938
0.917309
1.16999
0.338876
0.467717
6.31418
1.25527
2.59987
1.71553
0.622445
0.57226
0.29814
0.329551
0.793888
0.456059
2.31058
0.288381
4.12
3.33897
0.468168
0.296878
6.62677
3.46225
0.136315
0.562279
0.750673
0.662515
4.1279
0.551784
0.659924
0.766333
4.65348
0.488937
0.384145
0.510461
6.10852
0.464084
0.728739
0.576413
0.634216
0.448397
0.613102
0.438582
0.816911
0.320389
0.493699
0.514464
0.389423
5.77628
1.68408
2.68707
0.138662
0.512956
0.558624
0.539546
0.0198049
0.246329
0.262053
1.18253
0.375477
0.545195
2.80904
4.42343
0.574127
0.360048
0.676829
0.96437
0.518679
0.373613
0.333165
0.571299
1.35874
0.454134
0.712742
0.024201
3.04834
4.27092
0.644534
1.09057
0.321738
0.734748
4.26711
3.56717
4.47874
0.670504
0.264854
1.37996
0.233767
0.605269
0.568813
0.662638
0.391778
0.325278
0.292535
0.395577
0.13319
0.46397
2.1656
0.514489
1.57359
0.247171
0.668962
0.41618
2.49877
0.299696
0.502731
0.63023
0.551881
1.85951
0.250439
1.69647
1.73714
4.95242
0.462168
2.50583
0.333556
2.72426
0.255092
0.575153
6.44407
0.407375
4.11985
3.12916
1.77657
2.18827
3.89378
0.498651
0.721371
0.651836
0.598283
1.59356
0.411163
0.585087
0.639961
0.761314
0.580346
1.08007
0.607646
0.232686
0.669934
0.370477
0.364775
0.255851
3.1621
1.89212
0.721415
0.575054
6.31952
4.12001
2.15075
0.6377
1.87661
0.770913
0.249924
0.367276
0.707102
0.490171
4.21091
0.572115
2.12269
2.43519
0.445773
0.404116
0.337226
0.0988742
0.0891743
0.265342
3.72525
0.588658
0.332204
1.69688
0.554144
0.182074
0.594989
0.811811
1.77677
3.85713
4.59519
3.34591
0.490537
1.34178
0.225224
0.258917
0.498277
0.354332
0.169871
0.886096
0.808134
1.59852
0.668686
0.326461
0.28853
0.335604
0.0712366
1.96395
0.753442
0.870217
0.374447
0.41724
3.4564
0.75594
0.310311
2.5294
1.26799
0.618559
3.04664
0.888925
0.56717
0.49918
1.96184
2.1654
0.015
0.0351848
0.848048
4.43963
3.17963
4.66078
4.15459
1.621
0.45594
0.749769
3.30531
0.896746
0.548721
0.834814
0.786657
3.26565
0.282775
0.351124
0.243062
0.288021
0.694519
0.369343
0.770236
0.469131
2.00709
0.320321
0.589903
1.01473
0.11068
0.299069
0.334257
0.590687
0.539831
0.695633
0.48704
0.999275
0.291542
0.555276
0.86133
0.369915
0.580038
0.0101749
0.498048
0.279789
0.573845
0.269731
4.68737
0.635697
0.498451
0.499578
3.24636
0.447807
5.60637
0.350969
5.45232
0.28963
0.312138
0.430705
0.746681
0.296266
0.698833
0.436966
0.192024
0.141735
3.43367
0.580969
0.765536
2.84333
0.263417
0.38732
0.128349
0.444942
0.000616976
0.746894
4.65526
5.33912
2.22232
4.35255
0.622633
1.55214
0.272019
0.635726
0.535578
0.0116395
0.0188116
0.69775
1.14368
1.51426
0.856642
0.799258
4.25361
0.300382
0.56042
0.761335
0.566236
0.367055
0.521299
0.541295
0.419597
0.369326
1.6664
1.76215
0.0601118
1.52057
0.897119
1.03941
0.946151
2.18561
0.477183
4.41345
0.565937
0.383081
0.34101
0.323706
0.296629
0.36842
0.496563
0.347403
0.603268
1.20615
0.260402
0.490474
0.498131
0.730462
0.668198
2.35201
0.664838
0.867672
1.32812
0.586175
0.441657
2.96818
0.379271
4.12097
0.635217
3.49251
0.906169
0.512658
5.9367
1.338
0.506646
2.36627
0.598646
0.57348
0.432538
0.254763
1.60513
0.459617
0.339216
0.681302
2.169
0.278787
0.70257
3.99091
0.917107
2.04223
0.511644
0.425242
0.895479
3.00793
0.167609
2.54009
0.373703
0.506928
0.514995
0.511214
3.96972
0.0123717
0.0123382
0.524036
2.2364
0.272625
4.19785
0.537484
0.407223
0.391785
0.786488
0.364334
4.14802
0.577147
0.472532
0.79666
0.555981
3.76695
0.510289
0.81666
0.598054
0.454164
0.371985
1.00154
0.916615
0.865395
0.785621
3.27733
5.97162
3.81456
0.309374
0.558255
0.571123
0.667705
0.807658
0.412222
0.375388
2.71743
0.714672
2.66574
0.49805
0.500184
0.386016
0.350943
0.484794
5.45893
0.613133
0.18794
0.427985
0.555787
0.525913
0.537892
3.71165
0.518247
1.66999
0.162867
0.547891
0.515463
0.370995
2.55809
0.329526
3.08182
0.215163
2.44198
1.51705
0.320154
0.848069
0.724582
0.57858
0.760451
5.60122
6.01321
5.79713
3.8856
0.471148
0.336299
0.499753
0.420376
0.448967
3.39071
0.536047
0.512088
5.10487
0.307929
2.42573
2.3784
0.515002
2.36847
3.29486
0.566197
0.780823
0.631024
0.966506
2.64344
5.23092
0.335691
0.458118
0.61292
4.56775
3.6279
0.372477
1.91439
0.620187
0.540794
3.43721
3.99773
0.559334
0.656623
0.501206
1.23829
0.628148
0.838382
0.634706
0.267074
0.674861
3.42152
0.456767
1.07103
1.12086
3.26455
0.768039
0.376928
0.535874
0.579189
0.248126
3.27091
2.17998
1.28493
2.53247
0.363804
0.566872
0.676883
2.18661
0.535015
0.785812
3.67317
5.19187
0.417169
2.14845
0.43891
0.672669
1.77159
0.522861
0.487268
0.29527
0.954338
4.59048
4.87436
0.178206
3.69584
0.739797
0.541751
0.780523
0.537053
2.77243
1.00461
2.96003
4.72493
0.379326
0.47211
0.563659
0.355182
4.86259
0.637062
0.653583
0.822109
0.351741
0.396278
0.442986
0.655239
0.627089
2.06385
2.92482
0.24745
2.72548
0.229853
0.620326
0.576225
1.04949
0.166026
0.296171
2.32083
2.28682
4.39049
0.520799
1.26822
4.77497
0.244099
0.714671
0.583701
0.36322
0.334978
0.349982
0.757921
0.0181704
0.898062
0.867174
0.781019
0.481973
0.431563
3.52498
0.57562
0.837273
0.313894
1.00053
0.251167
0.23515
0.77935
0.591362
0.519775
2.71474
0.288076
0.429327
0.561908
0.797935
0.289851
0.341884
1.71597
0.178169
0.652258
0.481346
4.44461
5.71231
4.49383
0.328555
0.27192
0.924978
1.4429
1.38956
0.349298
4.75529
5.69563
1.02995
5.87728
0.444398
0.327704
0.649553
0.514219
0.825855
0.431235
0.333645
0.557158
0.50597
0.476452
0.566301
0.890751
3.07024
0.554813
3.13102
0.377707
0.236122
2.09603
0.640779
0.946822
0.651126
1.57133
1.03909
0.602284
0.864503
2.9084
2.93018
3.26736
0.308684
0.675088
0.308369
1.07486
0.454134
1.08502
0.403716
0.523799
4.23922
0.621422
0.264345
0.594901
3.40548
0.276765
0.358275
0.552102
1.13401
2.39355
0.157294
0.470443
0.586823
0.936441
0.628673
0.646398
0.619711
0.254617
4.46488
2.98548
0.392517
0.647026
3.90353
4.15775
0.79653
1.13013
0.548352
0.877222
0.471873
0.35556
0.564717
0.325474
0.480443
0.224669
1.06046
0.648634
0.505085
0.231798
0.747229
0.600227
1.6935
0.778058
0.829327
0.859078
0.657434
4.94679
0.608904
4.11802
4.2148
0.303786
0.245183
4.70463
0.271161
1.25238
0.454617
0.421483
0.425075
0.491653
0.781604
4.92377
2.6302
0.59429
1.29848
1.59315
1.36327
1.08146
2.04624
0.393618
0.14653
1.19926
0.640041
0.992923
3.59865
0.417078
0.497366
2.42983
3.72531
0.474121
3.98358
0.32198
0.670157
0.586985
0.450194
1.27291
0.379698
0.290467
0.608403
4.36031
2.29283
0.48025
0.600709
0.441672
0.450439
0.430566
0.42121
1.21778
0.477619
0.501021
0.461655
0.668305
1.48299
3.94053
0.802388
0.161011
4.30033
0.717521
0.29044
0.468955
0.951537
3.42146
0.486663
0.357088
0.530426
0.833579
0.65393
3.27439
0.875113
0.825501
1.73957
0.776007
0.470473
5.70382
0.516438
0.503531
2.30584
4.3577
1.10607
1.03069
2.99149
2.56214
5.43501
6.06717
0.457058
0.43158
0.254615
0.227659
0.231955
4.72033
0.796056
0.544132
0.875128
0.569804
3.19463
4.61685
1.66461
0.550379
0.154165
0.159066
0.299699
5.03196
1.46081
0.146543
0.597755
0.224777
1.14126
0.599676
0.790848
0.31845
0.959234
2.54592
4.32482
0.847237
0.791129
0.311219
0.350974
0.816994
0.410448
0.657002
0.741167
0.398514
0.135487
2.12855
1.83776
2.98695
4.52627
0.489389
1.63104
0.330541
1.52845
0.320856
0.308206
1.44596
0.331239
0.344502
0.821126
1.19099
0.277532
1.34443
0.689331
0.748703
0.65862
3.24845
3.01544
0.371482
0.307472
1.2672
0.533211
6.36979
3.94936
1.64896
0.884557
0.422394
1.29945
0.256991
1.80685
0.342963
0.369777
2.31582
0.649589
0.553261
0.26887
4.72149
1.18699
0.547322
0.434315
1.45059
2.20924
0.350458
1.95997
0.49407
2.00049
4.00552
0.964023
1.07307
4.56873
0.476489
0.281273
0.414078
0.313717
0.656849
0.644311
0.582527
1.27964
0.770832
0.126431
0.685571
0.445158
4.65959
0.603847
0.571507
0.560556
0.54077
1.78129
0.673551
0.167998
0.214394
2.08108
2.11277
0.270947
0.52492
1.10619
0.325921
0.315096
0.633813
0.149753
1.45974
0.348174
0.525184
0.631983
0.637181
0.624869
0.267552
0.645643
2.36836
0.463985
1.31993
0.643229
0.411014
0.651093
0.261383
0.84217
4.52637
3.77531
0.36122
3.99687
0.346632
0.525225
0.290561
2.14107
0.870648
0.97718
0.400843
1.6142
0.584721
0.569714
0.366531
0.521795
0.371266
4.68425
0.62177
0.771553
0.59174
4.42766
5.38964
2.86786
0.92836
0.583842
0.276775
2.7044
0.634739
6.57106
0.594024
0.50566
4.07163
7.82411
0.649083
0.35152
0.113002
0.34154
0.381059
0.345071
0.326193
2.7297
0.408362
2.38651
0.660205
0.501496
0.338563
0.278371
0.205558
0.214091
0.824471
0.372985
2.97528
0.29119
0.636538
0.850722
0.181094
0.638954
0.614694
0.531924
0.840127
0.276471
0.544046
0.247371
1.5776
0.926517
0.421981
0.258
0.477596
0.372593
1.22554
0.311404
0.371929
1.15657
0.301652
1.3198
0.502058
0.33222
0.791969
2.87077
0.768847
5.78124
1.87775
0.377523
0.275082
0.36496
3.06183
0.773556
0.64238
2.00004
0.111977
0.132628
4.16159
0.50784
0.654091
0.234947
0.353726
0.640677
0.357304
1.49151
0.66609
0.402019
0.848647
0.646498
0.295878
0.831029
0.35689
2.16012
1.49348
1.02028
1.45805
0.675954
0.362346
3.79311
2.19448
0.258533
1.2673
0.277993
4.66633
0.204689
0.632912
1.11563
2.05409
0.671298
0.782377
0.501275
0.786824
0.666582
2.58935
0.159582
0.621276
0.625315
0.299109
4.22284
1.38557
0.569047
0.079951
5.55031
3.08809
0.373613
5.05416
1.46906
0.196738
1.09829
1.48105
0.26869
1.47934
1.09656
0.649709
1.33199
0.269168
0.628098
1.45796
4.38825
0.322333
3.66704
0.843977
0.720649
0.234392
0.346427
0.484793
0.266317
0.608124
0.529825
0.388339
0.807727
0.254578
4.82669
0.869318
0.589651
0.510066
0.640609
4.64209
0.306022
0.516342
4.69177
0.568221
0.187788
0.9077
0.414012
0.59436
0.391178
0.286945
1.83824
0.366471
0.194053
0.453368
0.37463
0.20442
0.490928
0.63161
3.14328
0.300965
0.635009
0.322248
0.487232
0.527281
0.492649
0.389313
0.366715
0.404819
0.349409
3.43034
0.567615
2.88784
0.529294
1.11662
3.84566
2.18111
0.996218
0.564594
0.338777
4.04942
1.87675
0.497954
1.29968
1.36987
1.59671
0.625383
0.295546
5.81588
2.75472
0.473742
5.19053
0.602037
0.469886
0.296811
3.28576
0.24022
2.92395
4.86549
0.187649
0.471293
0.768613
0.326479
2.19173
0.273395
0.479917
0.269982
3.71357
0.34487
0.342596
2.55636
0.219316
0.946075
3.74589
6.35468
0.583641
0.588778
0.980453
3.78866
0.332265
2.27818
0.360074
0.405983
4.41352
2.40763
0.36391
0.291886
0.31498
1.55569
0.846148
0.549947
1.57344
1.83818
0.892966
0.446689
0.327574
0.355548
0.228598
0.930016
0.206729
3.05256
0.611111
1.76252
0.190519
0.576056
3.70149
2.8989
1.68598
0.851487
0.414341
0.538581
2.3799
1.31272
5.40603
0.13247
0.317545
0.412418
0.26171
0.682048
0.470771
0.225025
0.539483
0.658853
4.10536
0.366496
1.7898
1.43691
0.296615
0.948374
0.315297
4.08117
0.287971
3.95599
0.529966
0.140795
0.92568
2.03531
0.506792
2.5866
0.611429
0.315179
0.841713
0.871378
3.94521
0.92051
0.640068
0.784026
5.84498
0.089588
0.346776
1.8443
0.366345
1.72251
0.373882
0.175734
0.332807
0.813879
3.25591
2.2734
0.685256
0.31192
0.612645
0.243135
0.298567
4.2918
0.352996
0.447636
0.57332
0.345402
0.855311
0.319506
0.637468
0.230169
0.588318
3.41168
0.572203
0.204471
0.493737
0.512795
0.641852
0.626039
0.674103
5.64116
0.323563
0.312044
0.55233
0.799969
0.604635
0.328312
0.374029
0.318098
0.636015
5.31111
1.01445
0.421134
1.49629
0.879067
0.609894
4.64343
0.288522
2.93615
0.04355
6.97683
0.281842
0.406586
0.564056
1.30889
0.272275
1.68192
0.565017
3.61867
0.665799
0.504424
0.290406
0.719716
0.261773
1.74525
0.496019
0.151484
4.76147
0.279808
0.111695
0.49278
0.364429
4.51352
0.637583
0.416106
0.325529
3.39535
4.71267
3.58419
0.900413
0.178762
0.633558
0.116107
0.344754
0.21399
1.80142
5.1583
0.620672
0.370512
3.76835
4.7728
0.277884
0.576636
3.93066
0.630543
2.77073
0.348681
3.61253
0.44928
6.03918
1.33094
0.358274
5.8456
2.5897
0.477782
0.252078
0.445329
3.34419
0.587837
0.271783
0.30673
0.628427
0.617297
0.340858
2.07046
0.303893
0.477033
0.425406
0.412271
1.07289
0.540297
0.316926
2.36413
0.669879
4.18113
0.624181
0.0896673
1.14984
0.41586
0.607784
5.67057
7.01887
2.14229
5.41885
0.488196
0.756025
3.58392
0.294232
4.6692
0.288396
4.45673
1.68112
0.384649
0.454593
1.72048
0.390171
0.813169
0.751873
0.973709
2.00887
0.871943
0.42153
1.8906
3.21406
0.285518
0.221416
0.979212
0.427442
0.317103
0.825357
0.333085
0.81127
0.629566
0.152636
0.502161
0.30393
2.00976
0.652368
0.214619
0.352151
0.80533
0.274239
3.90474
2.63072
0.381791
2.85663
0.466938
0.281671
4.81965
0.377224
0.631559
2.65122
0.825481
0.541882
0.505378
2.80988
1.59977
1.02158
3.04786
0.450489
0.129455
0.520774
0.198918
0.742808
0.185194
0.538858
1.66043
4.36191
1.60826
0.498493
0.987211
0.271332
0.100131
2.61032
1.9579
0.338979
0.923327
5.9754
0.481242
0.760403
1.33617
0.851494
5.09033
1.0822
1.44378
0.382346
0.223315
2.41502
0.135785
4.02816
1.94684
0.892757
0.500108
0.280999
0.58334
2.89535
0.62
0.388701
3.51375
0.523947
1.92067
0.677514
0.540382
0.848486
1.57117
0.963834
0.404633
0.528705
2.53752
0.28259
3.38906
1.06796
0.858493
3.57573
1.2084
0.446724
0.380023
0.588852
0.791218
1.77371
1.97597
0.536016
0.366474
0.700689
3.39768
0.279205
0.550361
0.311206
0.521585
6.09392
0.221646
0.551449
0.310532
2.55962
0.23412
2.76205
0.476886
0.808356
4.25723
4.41277
0.748087
2.33224
0.544793
0.917497
0.509157
1.55952
1.81366
2.63577
0.906238
0.253317
0.872901
0.523101
5.61317
1.14123
1.0493
0.589552
0.438096
0.449295
4.30034
0.44591
0.822431
0.243794
1.46501
0.836987
0.831473
1.8526
0.912802
0.640091
0.62946
0.407549
0.342582
0.355373
1.75035
0.255074
2.47395
5.97324
1.22717
0.400173
0.87244
0.397909
2.3087
0.507441
0.229756
0.256729
3.03114
0.215971
0.227726
1.35305
0.270215
0.260104
0.381434
0.489737
0.445139
5.87959
0.374356
0.111332
2.10893
0.533641
0.420824
0.240368
0.941442
0.526948
1.32523
0.540481
2.81863
1.23994
0.846924
0.84114
4.23894
0.534174
0.541428
0.269294
0.498556
1.56062
0.264641
0.35981
0.338014
2.96218
1.41416
0.400802
0.425011
0.501328
0.451458
1.2816
0.244425
0.273207
0.628328
1.95208
0.79115
4.33818
3.72381
1.35425
0.515995
0.735951
3.54622
3.33187
0.374695
0.0855515
0.592888
0.229442
0.631805
0.904871
3.12092
4.22489
0.748007
0.539891
0.561045
0.829546
0.496514
1.51799
2.19491
0.222992
1.89616
3.85297
0.988084
0.401939
4.53745
0.806123
3.46622
0.341163
0.427514
1.05284
0.385834
0.627069
0.548263
0.865776
0.660288
1.11117
0.447251
2.79113
0.619281
0.359094
3.86662
0.337056
0.30891
0.73012
0.525314
0.298918
0.21962
0.635594
0.430433
0.335746
0.367132
2.70018
0.296614
0.515641
0.557001
1.10035
1.61164
0.366728
0.384523
1.95968
0.562982
1.46598
4.26783
0.532508
2.16054
0.5098
0.358485
2.22071
3.17649
0.647568
0.989201
0.705502
0.434716
0.769025
0.490038
0.715907
0.52231
0.434751
0.420182
0.341037
0.357053
0.363438
3.13811
0.317236
0.272477
0.934043
0.432254
0.521882
0.532702
0.557098
0.238201
0.197241
1.54597
0.20116
0.445069
0.528232
0.248259
0.629452
0.553313
0.632046
0.442751
1.87368
2.47941
1.02879
2.12613
0.852716
2.97364
0.511757
1.03914
0.585429
0.368233
0.508793
1.9745
0.676144
1.09555
0.880519
0.304791
0.331762
0.98142
0.2796
0.220941
0.391783
1.11302
1.98157
1.0348
0.53769
0.291247
0.922916
0.345858
3.21243
1.09725
0.344584
0.914591
0.803799
1.81158
0.37078
1.20976
0.195523
3.12122
5.51564
2.11176
1.03304
1.60337
0.539869
0.39376
4.33241
2.2992
6.0631
2.45748
0.589906
0.409963
3.37222
3.23286
1.62672
2.95018
0.248411
0.26622
0.460714
2.82505
0.403953
0.52355
0.631906
1.77229
1.44997
0.811176
0.425502
4.47887
0.563326
1.81948
5.83283
0.783073
0.918227
2.26402
0.237126
0.510563
0.547412
0.52302
4.68988
0.43792
0.519994
2.90785
0.25703
4.54541
2.38609
0.99175
4.92661
5.60456
0.422832
2.58645
0.827241
1.77979
0.490615
0.958483
0.364275
0.163318
5.81656
0.143981
0.364807
0.567847
0.332599
0.572854
0.281419
0.56721
0.357097
4.71846
0.641074
3.83524
0.685243
0.50125
4.49853
0.524321
0.886114
1.9075
4.71727
4.45953
2.34339
0.361782
0.693117
0.532606
1.52806
2.58029
1.08131
0.272738
0.384911
0.434399
0.677892
0.317236
0.390525
0.131168
0.944014
0.355152
4.14289
0.100157
3.19876
0.511741
0.598198
0.440017
0.587518
0.555338
0.743461
0.631036
2.96413
0.325994
0.359763
0.350135
1.88469
1.23473
1.3396
0.612763
0.903517
0.58262
0.636519
0.278283
4.39555
1.04828
0.320371
3.29833
0.557874
0.781159
0.354431
0.65815
0.511077
2.804
0.586376
6.25471
1.0734
1.97282
0.279213
0.421545
0.372839
0.38482
0.37072
3.05649
3.53768
0.16089
0.862809
4.28784
0.840565
0.389982
2.35595
0.691135
0.636308
1.87118
0.854485
0.850486
0.198034
3.11609
0.470933
0.536513
0.386097
2.92712
0.60503
0.771687
0.384693
0.947535
0.404952
2.4088
0.206402
4.24439
0.292191
0.283353
1.00846
4.86832
2.51281
1.03235
7.098
1.74086
0.657077
0.375624
0.436968
0.34073
0.409991
0.756194
2.68902
4.13389
0.361287
1.13658
0.608189
2.52891
0.127171
1.76744
0.842549
1.38619
0.53264
1.74643
2.22505
0.584486
0.181481
5.92124
4.14304
0.450386
0.288427
1.31973
0.300447
5.70102
0.605546
2.24128
0.937608
1.31582
1.98232
0.263609
0.389088
1.89829
1.38329
2.37999
1.57782
0.322529
2.86131
0.322051
0.869814
4.55239
0.265108
0.332828
0.838952
6.13058
0.434436
0.376395
2.53146
0.248078
5.7852
0.40057
0.566176
0.335989
3.35261
3.00805
0.738426
1.00086
1.7299
0.175244
4.27862
2.10755
0.575722
3.8903
3.14794
5.96567
0.516378
3.04036
1.88894
0.544762
0.419637
2.33198
0.512918
0.865208
4.24565
1.66546
0.652296
3.51797
0.324359
0.456797
4.60925
0.217431
1.14199
0.234018
2.04594
0.516626
0.322724
2.92684
0.52312
0.386986
2.92694
0.151483
2.7884
4.58289
0.128421
0.42872
0.588937
0.450899
0.566882
0.722618
2.71356
0.871023
0.14618
1.07669
0.533603
0.922482
1.24584
0.45773
0.168194
4.78281
4.128
1.58592
0.212513
0.438214
0.391034
1.43963
4.66528
3.66978
0.613609
3.45065
0.389408
0.966408
0.512818
0.944409
5.64546
0.169604
0.639663
0.425522
0.26079
0.316171
1.12509
0.903746
0.324631
0.530298
0.818175
0.568563
0.391708
5.73477
0.533741
5.78167
1.3305
0.890449
0.139884
0.450911
4.14253
5.55201
0.29018
1.25931
0.585446
0.463583
0.254353
0.174258
0.294273
0.322918
0.310285
2.85899
0.60839
4.00307
0.288668
4.55541
2.86444
0.513232
0.797643
0.483404
2.98002
0.415652
1.93704
4.57583
0.589663
0.58118
0.534268
0.304105
0.389902
0.683104
0.940361
0.539592
0.684007
0.240104
0.305769
1.87175
0.982636
7.43121
0.278902
0.493689
0.967217
4.72282
1.32055
4.46418
0.515542
0.592533
0.412381
0.591754
0.406611
0.143549
2.69089
4.43574
0.304584
4.30197
3.4141
1.42898
0.194903
0.299546
4.32117
0.184856
0.329495
0.181887
5.85156
3.45365
0.370796
1.66838
0.631565
1.73245
2.27037
0.619049
0.631711
0.4177
2.61424
4.7029
0.244496
0.415946
0.29903
4.51522
0.551181
4.48041
0.515322
0.371539
0.12761
1.03489
2.17076
0.152295
1.57229
1.03578
0.382193
0.290095
1.641
4.33658
3.03677
4.02629
0.343806
4.49548
0.387543
1.01546
0.551627
0.280466
1.30613
4.01064
0.536912
2.41586
5.24242
3.88689
0.288348
0.383647
0.295852
2.66353
0.219453
0.375108
3.58178
0.186607
0.742369
1.04085
4.2697
1.79471
3.23484
0.120281
0.287439
4.63966
2.31837
7.4397
0.155474
3.07553
0.0498042
0.341608
0.446773
1.03569
0.535918
0.838593
0.382871
0.949073
0.373461
0.167382
0.30925
0.150596
0.981627
2.06871
0.514624
0.388705
0.284459
4.67438
0.777449
0.764255
0.39997
1.02387
5.76317
0.43357
0.724788
4.66647
0.513586
0.304672
1.319
7.05464
0.489057
3.80399
5.54885
1.87699
2.06977
0.632225
0.512758
3.88733
0.230117
0.296137
3.32435
0.317889
2.7937
0.616801
0.580559
0.731183
0.313649
0.427454
4.11219
4.71805
0.550864
0.123331
4.70597
1.41994
1.78922
0.558369
0.320119
0.515104
7.87432
0.314901
2.29741
0.701823
0.452707
0.491165
4.4665
3.32726
3.41299
1.43606
0.529615
0.559236
1.43993
3.68169
5.60148
0.341305
0.203593
0.361093
0.364571
3.64167
2.50202
0.532451
0.564182
1.19139
0.339406
0.533677
0.775701
0.624173
0.343349
0.401
0.905116
0.61131
0.282036
0.612188
0.368195
0.528629
0.796534
4.22853
0.274091
0.143246
1.39762
0.43263
0.153396
0.400732
4.37843
0.414056
7.67735
4.18763
5.00434
0.625487
3.99987
0.979923
1.93463
0.511043
0.517335
0.924149
5.21528
0.155078
0.802952
3.1531
0.397212
1.76507
1.51784
1.0952
1.10389
0.288991
2.32348
0.592287
1.92463
0.249303
0.881041
2.44054
4.88648
2.95313
0.375155
3.45754
0.474578
0.012468
2.44793
0.508677
4.49481
1.89403
0.370587
0.241125
0.47323
2.15873
2.21934
0.269895
0.960776
0.408196
0.363787
0.25614
3.47253
1.02762
0.509321
0.279783
1.81969
2.92823
0.332967
0.776903
0.757084
0.121054
0.567988
0.706327
1.08182
0.237699
2.65562
0.486048
1.23398
1.62828
0.488269
0.387967
6.4686
0.47425
4.35178
1.56612
0.377773
0.376586
7.24778
2.99022
2.90414
2.4304
0.882161
1.40989
0.201905
0.980944
0.358123
0.269586
0.982509
0.395342
0.456931
1.12697
4.53159
1.35483
0.949213
0.707327
0.343037
0.846198
4.23092
0.861844
2.44631
0.389422
0.552362
0.633167
3.38985
0.48118
1.76714
0.607548
2.2055
0.711611
3.62278
0.519582
1.53545
0.375018
0.294476
0.212963
2.77441
0.385337
7.54387
2.65756
0.155457
0.63884
5.8081
0.526514
0.592284
2.76726
0.133411
0.376684
2.54205
2.7783
0.486628
0.31711
1.33976
6.21693
3.17298
0.35392
1.40683
0.501983
1.11664
0.230632
2.20027
0.23015
0.879436
0.318052
0.383454
0.864713
1.65656
1.28597
0.589896
0.390694
0.345639
2.09569
0.299685
3.56597
0.348807
5.44821
5.62841
0.323237
0.216893
0.35464
3.77641
2.17946
0.98324
3.89863
1.46537
0.154865
0.345544
0.150219
0.935257
0.634908
2.49755
0.88447
1.52299
3.25769
1.2458
0.829314
0.385501
3.05836
2.88802
0.241154
2.34107
2.55849
0.27104
2.14371
0.315443
0.30521
2.08412
5.68916
0.708811
0.513305
0.528272
1.9104
3.07424
0.189411
0.25368
4.22264
6.60596
0.395521
0.939564
0.697372
4.48405
1.37005
0.410113
0.674308
1.06668
1.37928
7.53505
0.940996
4.64084
6.32432
0.581048
0.407974
2.08261
1.15086
1.32962
6.11721
3.11694
0.318705
1.56178
0.402499
0.439904
3.49881
0.402758
3.28188
0.50744
0.740036
2.34362
4.43255
1.29348
0.782123
0.222152
0.518208
0.552208
0.151627
0.547477
5.92124
0.468577
1.56188
0.440191
4.29086
0.537314
0.252274
0.329564
0.250416
1.29528
0.359084
1.12667
0.893088
0.924975
1.21392
5.85479
3.46492
0.621657
5.9511
0.359393
4.90567
3.37676
1.28012
3.45847
6.18255
0.527196
2.05233
0.414219
0.839717
0.0918896
0.28649
4.24404
0.280643
0.925655
1.71209
0.34811
4.25131
0.457213
0.782816
0.242221
5.73676
0.786994
0.373407
0.130861
0.551199
0.714849
0.340593
0.36921
0.346088
0.292205
0.319974
3.45339
0.130535
0.320544
0.323325
2.64623
0.533574
1.71847
4.36064
2.50331
1.26333
0.722611
0.271905
0.315533
0.372294
5.8779
0.508924
0.767825
2.41542
4.15049
0.175569
0.588109
0.454751
0.931665
5.91557
0.624364
0.486187
0.636009
3.81983
0.627122
0.631568
4.60481
0.444919
3.52085
5.75324
0.8526
2.57481
1.19875
0.647409
1.23796
1.5415
0.388021
0.478869
4.18803
1.47852
2.50652
0.670772
0.733179
2.39849
0.451995
0.195175
0.112802
3.90849
0.254094
2.63235
0.854251
1.03231
0.401076
4.58171
0.32432
0.99588
0.8143
0.417443
0.658854
2.93362
0.216118
0.689874
0.367996
0.854461
0.401067
0.500315
0.445707
0.206467
0.396473
0.244914
0.321331
0.294315
1.01968
3.45492
1.77598
2.46675
0.545056
1.15494
6.76833
0.646007
0.852325
0.962272
0.374201
0.282132
0.35119
0.467997
5.52706
7.02695
4.12466
0.40252
3.316
1.28406
0.697175
0.950323
0.777086
0.190799
0.537398
0.894213
2.08768
3.77784
0.665891
1.46782
2.01263
0.913984
0.584983
0.908945
0.448095
0.730654
0.470397
1.57838
0.238766
0.934852
0.505843
0.806995
0.541531
0.306935
4.72497
2.86315
2.14267
7.54802
3.99607
0.678328
0.744704
0.556769
2.11457
0.385268
0.619148
3.87379
0.297682
0.39168
3.40935
0.597728
1.06064
3.65238
0.539359
1.60117
0.385267
0.476724
4.2524
0.595896
0.27712
3.94891
0.686451
0.896625
0.406451
1.24701
4.83867
1.9094
0.239862
0.23421
0.900966
0.890098
0.626526
0.555062
0.907827
3.66617
1.86262
3.75009
1.36108
1.70433
4.68952
0.578842
3.53
0.511433
2.50362
2.39251
6.60855
3.5218
3.27031
0.683069
2.34589
1.04711
3.63059
2.45536
0.50179
0.353114
1.52954
0.473179
5.64607
0.892629
5.46438
0.418921
2.35718
2.95947
0.523294
1.50443
2.72376
4.31183
4.14447
0.791562
1.23726
4.58294
1.61417
1.95668
0.58479
4.59786
2.91454
3.0433
0.573649
0.76634
0.291416
0.149554
0.641845
0.934786
4.20944
0.412388
0.798062
4.27068
3.12603
1.76669
0.279508
3.37392
1.318
0.352867
4.45417
2.03148
0.750902
3.85846
3.0036
0.33143
0.548091
1.73314
2.60295
0.867962
0.498569
0.404066
1.6531
0.163769
2.18992
0.59352
1.45959
0.199723
6.77799
0.270414
0.42956
5.75752
1.92003
0.141336
0.195886
2.15904
1.43427
4.66089
1.1234
3.83814
0.861275
0.634312
0.505899
4.02974
1.11268
5.0606
4.04041
2.39448
5.03844
1.09536
1.12582
0.354513
0.536479
5.39604
0.1527
2.84263
0.159543
2.34413
0.128913
0.130719
1.40838
0.223114
0.343228
0.244773
0.969728
1.97106
0.384141
5.10734
4.53482
0.63678
1.94831
0.47991
2.38785
2.70223
0.560372
1.24211
0.225086
0.169694
0.574159
2.16537
0.164737
4.40663
2.47376
5.24933
0.255505
2.09587
0.850381
3.33565
1.29651
0.536459
0.713361
2.63761
2.53769
5.32033
0.563578
4.98067
0.101995
0.520428
5.33603
5.88093
0.133727
0.53942
0.440689
1.40609
1.91726
0.833074
0.915362
1.23029
0.420511
1.17997
0.39172
5.23771
0.488574
1.64786
0.165299
1.16712
2.76357
0.362448
0.159983
3.83516
2.31362
1.24206
0.636785
1.42963
1.97055
0.724516
1.77877
0.539611
4.05609
0.484606
0.637742
1.93081
0.165303
0.177078
1.6388
0.507151
5.14564
0.384739
4.72477
0.957798
0.850656
6.81226
0.511049
3.733
0.859223
5.0508
1.05724
0.509357
1.14436
3.12126
4.5796
4.89343
0.670172
0.461277
0.586085
0.249315
0.622619
3.08806
2.83536
0.432126
0.431956
0.697231
1.0602
0.384143
1.66674
0.382415
0.230237
5.62995
5.61036
4.65317
0.670179
1.53777
3.61976
3.32875
0.268654
0.934744
0.206555
3.87679
0.355454
3.58806
0.225229
1.08851
0.837311
2.30129
4.2556
1.37341
5.73487
3.71518
2.00849
0.650125
2.00378
0.848289
0.193153
0.578662
0.465582
0.874275
0.93417
2.14137
2.67608
2.68941
0.583159
0.611966
0.527019
1.22139
4.06763
3.42383
0.730886
1.23774
0.218046
0.14186
0.977104
0.352046
3.99551
0.95167
2.82691
0.891902
0.297593
2.22615
0.491555
1.55077
4.30045
6.03499
0.547341
2.53891
3.37662
0.29947
2.27403
2.81059
2.0471
0.571937
0.516674
0.64357
0.374725
0.303967
4.3945
6.07441
1.73387
0.816723
0.509417
0.512707
3.98547
5.62953
0.833888
0.573609
0.810112
0.820984
2.98989
0.274713
0.411172
0.778337
0.763782
0.181536
0.256303
0.857261
2.64532
1.49435
0.382825
2.86178
2.08405
1.72356
0.375221
0.578453
0.269079
2.29832
2.82365
1.82315
0.852706
0.375911
0.587391
0.599547
3.59576
3.50524
0.877536
4.86113
0.855574
3.70896
0.479818
0.318401
2.41704
0.559337
0.985994
0.392237
0.365002
0.256566
0.815367
2.1826
0.207093
3.88812
0.354181
7.3514
0.316601
0.311227
0.922391
3.28927
0.903789
0.199769
1.76001
3.28965
0.51702
5.97719
0.267838
0.338176
7.31697
0.47897
4.16743
0.881304
0.585757
5.14527
0.487221
0.574316
0.241305
0.624808
2.43183
3.92757
4.0557
0.159197
0.0864061
3.50423
3.27063
0.258094
0.785061
4.44433
0.751768
2.1536
0.394858
0.991221
3.81593
4.56864
1.1206
4.87873
3.32073
0.226645
1.07247
0.201461
0.901287
0.368756
0.557436
3.21712
0.60031
2.91851
3.68973
0.578211
0.0425027
0.574781
0.449674
0.366597
0.9544
0.271869
2.33737
4.98208
0.463097
0.205546
0.38761
1.64713
4.24296
5.42404
0.577187
4.8771
1.17091
0.384642
0.447586
0.532671
0.144665
5.71914
2.31581
7.49918
0.394116
4.079
4.66028
3.63069
1.9505
0.466059
3.61179
0.469776
2.46273
0.650473
0.686642
0.241596
0.614228
2.73996
0.369341
0.354947
1.85535
1.33814
4.17231
1.00077
1.01167
0.137875
0.127718
0.312859
0.516663
0.874238
4.13796
0.742424
4.34251
4.02707
1.71544
0.962085
3.08171
0.539283
0.310288
3.96823
5.32742
0.99064
0.195385
2.69619
0.220712
0.993197
0.400695
0.36284
2.02973
3.34765
0.207737
1.63005
6.54761
0.869645
0.137625
2.50529
0.634317
2.41511
0.821586
0.207509
0.60606
0.443535
2.04104
0.187002
0.839497
4.42713
3.29456
0.357565
0.395144
7.93228
0.904608
0.304125
1.42002
0.871302
0.480759
0.701586
1.65206
2.60143
1.79039
1.01725
0.715992
2.12772
0.414034
2.43093
5.56302
0.197261
1.8817
0.379613
0.372332
1.28814
0.412498
0.400521
2.31936
2.43011
1.05705
2.98053
1.40992
0.417585
0.885806
0.38164
5.9669
3.24175
1.76693
5.61576
0.418276
0.901497
1.23019
1.44645
6.29109
0.903894
0.474689
0.289841
0.486815
2.96786
0.471378
0.424863
3.43848
0.558018
6.00026
3.19181
0.579789
0.703839
1.1556
0.50452
6.81741
2.64107
3.21262
4.5041
0.765796
0.576736
2.68417
3.19266
0.114522
4.69008
5.27134
6.78868
0.30378
2.30604
2.70046
0.375771
0.628192
0.665224
4.24624
0.573609
0.21117
0.749563
0.119122
1.57363
0.687822
0.318467
0.342662
0.492632
6.43892
1.9305
6.18674
3.9263
0.5423
0.386192
2.1976
0.40324
0.13562
0.745711
1.75024
0.641765
0.306544
2.16588
0.254123
3.73302
2.08453
0.964374
1.63838
2.54456
0.476024
0.708044
5.9501
0.818679
0.00604415
0.580782
0.383556
0.76013
0.345672
5.92811
4.68132
3.2518
0.851828
3.15012
5.97118
6.42203
1.80799
5.72519
0.554929
0.507579
6.57092
0.913314
2.61941
4.98465
2.74007
0.499883
0.553725
2.32946
1.04579
1.38748
3.33833
0.514907
0.802422
0.371451
0.559475
1.72114
0.380625
0.263402
2.98913
7.35052
1.26908
3.64067
4.32394
0.897951
0.532319
0.701858
0.271683
0.534681
2.74414
1.39101
0.81773
0.325081
0.857446
0.449002
3.31734
1.04176
2.12306
4.04056
0.974431
4.12671
1.963
5.50837
4.84963
0.502192
1.85189
0.604728
5.56172
3.09602
2.11025
4.5238
6.21679
2.69732
1.62002
0.558356
1.99042
0.839764
0.337519
0.778709
1.2767
2.27758
3.96008
1.66339
0.37292
4.32445
0.516751
3.15755
0.0910543
1.06005
0.255057
0.56982
0.625587
0.915796
0.236535
0.933946
0.5855
0.412374
0.896395
1.9899
0.746662
1.33293
1.57263
1.96943
0.800019
0.206996
1.33173
1.02965
0.752336
2.54488
4.80654
1.76714
1.48105
6.18277
2.34901
0.292581
0.510378
0.481043
1.06318
2.61476
0.54892
0.432347
3.37671
2.14313
3.16859
3.26537
2.12093
5.04975
2.95685
6.84912
0.41886
0.85023
2.02967
0.858138
0.802514
0.343244
3.38527
2.0154
3.19306
0.576936
5.8754
6.31988
0.395986
7.16193
2.49937
3.66666
2.88152
1.85615
3.17098
1.69432
0.359189
1.53718
0.596712
2.12529
0.191368
2.55824
3.03654
0.980685
0.861441
0.558627
2.04436
0.556328
3.72954
1.72998
2.07357
1.92599
2.754
2.63381
2.61096
5.57979
4.44992
0.722219
0.750524
3.31019
2.78314
0.553991
0.407769
0.350626
0.552126
0.241651
6.17359
2.87512
1.62074
0.497391
2.75788
0.854797
1.86424
0.827576
0.509303
0.693081
0.268133
3.18958
5.66688
3.3898
0.800065
3.91166
1.21483
3.21727
0.259623
0.60265
6.8815
0.983883
3.40589
0.458151
0.816656
0.590346
0.569702
0.50721
0.304599
5.49133
0.327665
0.511341
3.31241
2.61646
0.792345
2.95678
1.35165
2.82672
1.01997
1.79838
0.319113
0.535508
0.628376
0.45205
0.872236
0.689993
6.21804
1.96077
0.730004
0.0046415
0.476916
1.03119
0.121399
0.399267
3.28118
0.439192
2.95263
3.46735
2.21284
3.12122
0.38381
0.194871
4.52351
0.569814
1.06775
0.444578
2.27202
0.380954
1.60054
0.0524779
1.66973
1.21323
0.751644
0.220563
4.39983
4.12881
2.18377
0.360556
1.1704
2.47714
0.443093
0.839647
1.95883
2.01071
0.388697
0.343545
0.510807
3.01881
3.02454
0.50866
0.385636
2.26695
0.825334
1.02025
3.79913
5.91032
2.95354
4.99162
0.923349
0.5264
1.49497
1.49248
6.26712
0.365504
0.85518
2.24122
4.4803
0.327122
1.25174
0.40705
2.35126
3.2924
3.14371
4.19601
0.960627
0.853508
3.50303
0.12496
0.586789
0.195549
0.840354
0.331555
0.120535
1.18321
0.375731
0.558624
6.16681
6.45348
0.908224
0.56673
0.158239
0.674193
0.597403
0.526494
0.419577
0.877806
1.86334
0.472958
3.47586
2.39145
0.120977
0.391174
0.164252
2.77141
0.366857
0.590248
4.76176
0.554946
0.883268
5.42303
2.35581
6.33569
0.979732
0.253593
6.32344
1.5916
1.49023
4.23442
0.501154
2.49797
4.61238
0.894436
0.354197
1.16923
4.64632
2.20181
0.440675
0.874615
3.72234
4.41361
2.35795
0.0539336
1.68812
0.194148
0.325245
0.358724
0.821179
0.817721
0.150307
0.421738
0.842975
0.965931
0.185653
0.816086
5.17518
5.77648
1.60902
1.37295
0.343882
0.587471
7.1861
2.24585
4.52818
0.870441
6.21097
0.865129
4.76585
0.774723
0.328168
3.01632
0.788489
0.298903
0.675048
6.6969
0.223783
2.19157
1.00651
1.6097
3.73207
1.4351
1.12434
0.943675
6.61127
0.327012
0.132092
0.832723
0.112188
1.80856
3.44598
0.502695
2.32964
0.198914
1.72989
0.328418
2.62698
0.634116
4.55778
6.6354
0.221444
2.78227
5.34911
0.509066
0.219434
5.26221
1.83188
0.334731
2.67584
4.43311
5.72585
3.70904
1.01862
1.39298
0.565947
6.45653
0.376448
0.88291
0.634342
3.50235
1.00152
0.57736
2.9391
1.547
0.826038
2.16951
0.306945
1.82314
0.509439
0.111835
1.30275
5.65072
1.40316
0.731042
0.529705
0.261122
0.301944
5.26851
1.23894
1.67435
0.348622
0.316804
1.1
0.955557
0.493602
2.50563
4.21443
3.89752
1.9237
4.15616
3.22874
0.539085
1.31459
0.478422
3.9572
1.1526
0.0826897
0.950785
0.466596
1.98787
0.627155
2.4682
0.865209
2.85685
0.861272
0.299743
0.769573
3.89023
3.68897
4.33205
4.04633
0.513875
4.10161
1.05635
0.935769
3.64271
2.38767
0.695978
4.09752
0.93444
0.551793
2.18157
0.557372
0.500814
0.151822
4.69236
0.383682
0.286311
4.72174
0.241079
0.476615
5.17914
6.36805
0.559984
3.27403
0.103214
0.369309
0.314697
0.449026
0.447401
0.892328
2.89671
0.477127
0.571462
0.253769
1.0295
3.66618
1.03063
2.62334
0.538994
3.91776
4.83751
0.738911
3.08864
0.500576
3.93299
2.47459
1.93293
4.06598
0.525128
6.87652
1.09412
5.2445
0.762459
0.3766
0.304436
1.44823
0.194538
0.692378
3.20817
0.830366
0.374896
0.633676
4.01393
2.67929
2.42127
3.28885
1.27479
1.15111
0.425444
5.08453
1.38747
5.49699
0.498238
0.730657
2.73753
1.86615
5.22296
2.53986
0.763419
0.368766
1.38609
4.37417
0.26954
3.79349
0.457293
5.78585
0.445592
0.66664
6.08646
0.279242
3.58327
0.289394
0.421037
1.41549
2.2005
2.06109
0.590727
0.871975
2.52093
0.674226
0.934873
0.551697
0.167015
0.458019
2.83779
6.08946
0.928857
6.12189
0.308813
2.17344
0.804108
0.357792
2.01956
1.83482
0.279931
2.81197
0.530958
0.640947
3.66984
0.593936
0.682023
2.368
2.75487
0.49257
0.286076
0.784585
1.19801
1.54724
0.922468
3.97065
3.73545
1.51265
0.742302
2.44307
2.58919
0.829149
1.37787
0.448198
2.17349
0.348069
4.62751
0.115464
0.540648
1.53098
0.762554
1.95218
2.21241
4.17029
0.282209
0.78198
3.55763
0.547662
6.88565
5.85731
0.406479
1.38071
2.30693
0.308387
3.23216
7.27451
2.52196
0.380243
1.50763
0.52561
0.334857
3.21901
5.81372
5.69321
2.52998
0.619594
0.339508
0.525014
0.4979
2.3476
0.43915
0.954649
1.07125
5.37039
0.528039
4.09284
0.390479
1.56737
5.47632
5.60489
0.397803
1.74265
0.206176
0.888352
0.700079
4.12657
0.550145
1.72802
0.487221
0.491957
0.898885
1.57953
0.272215
0.419851
0.53408
1.05946
1.99959
2.33703
2.59609
0.406211
3.15461
0.426855
6.44487
4.06468
2.14838
7.3829
0.596809
0.540218
1.83233
0.62425
0.65212
0.14625
0.536062
0.603493
0.553092
0.497742
2.19033
4.37384
0.242416
3.36208
6.63702
0.356635
0.312599
0.601987
0.449906
2.083
3.24719
2.64246
1.96651
6.29052
0.366067
0.558782
0.116121
0.935798
0.846201
5.61276
1.51518
0.463707
3.07729
0.920109
4.65829
2.45381
3.94181
6.40208
0.132668
1.79866
3.07735
2.06694
4.87307
0.650575
2.93602
1.11738
2.03364
0.833856
5.55206
0.542616
0.488627
4.83415
0.463463
2.62158
0.362853
4.85058
6.0878
1.08728
0.884724
0.644301
3.21621
1.0413
0.408168
0.50621
4.69935
7.45933
4.08627
0.367814
4.04677
0.284002
5.66853
6.71954
0.927624
3.11463
3.04395
6.02948
2.95025
0.884707
0.0695199
5.40617
0.350392
0.701841
6.84546
0.0858591
1.33878
0.546217
5.00987
1.02115
2.76321
1.81346
4.6908
5.94523
4.74674
0.53125
0.424694
0.582128
3.77644
3.58262
0.637481
0.479346
2.349
4.7732
1.2327
4.28512
0.578791
2.02552
1.17646
1.13076
4.69692
1.16717
0.311962
0.511075
2.58759
0.53876
0.554029
0.352631
4.20208
5.26036
2.24569
0.349614
0.352091
1.35052
1.00324
3.95077
1.09079
1.3597
0.559166
0.526084
0.859122
1.75597
0.91265
3.35869
0.435026
0.406476
5.12017
2.27949
5.02217
0.729594
4.65325
0.860912
0.57338
4.56889
0.409008
2.67814
2.30747
3.43254
1.70605
0.663273
1.03682
5.51885
3.84331
0.961341
3.28562
2.32303
4.35121
0.954177
0.500954
4.28461
1.34191
5.22661
0.545383
1.06127
1.42639
2.61966
0.516343
3.60817
0.290034
2.66189
1.09916
0.625514
0.445837
4.50112
0.58217
2.39479
0.468678
1.08639
0.436649
0.567788
7.22177
0.448287
0.501535
0.156061
5.32824
6.00513
1.95569
2.2729
5.277
0.361666
3.75039
0.271288
4.10753
6.03295
1.73913
0.409968
1.52592
0.311573
5.83756
4.32283
0.576419
2.58161
2.20372
3.35155
2.94214
0.0848069
0.318479
0.568897
0.690549
2.48703
0.274062
4.03753
0.282279
2.29553
2.93968
2.66038
3.68446
0.351753
2.12445
0.859016
1.48187
0.088463
1.31456
0.547361
1.16612
0.932514
2.21095
6.71114
0.94533
1.86766
0.657529
0.516198
1.38927
2.82005
0.567196
0.622777
5.70277
1.30277
0.62782
0.740135
2.60001
6.21967
5.91129
3.07509
0.50959
0.815827
0.681909
1.11868
5.47055
0.425222
0.818098
0.806924
0.582165
2.62916
1.39768
1.21727
3.37008
1.62366
4.24698
0.817772
0.280704
1.9566
0.14568
4.325
6.02659
5.3393
2.30871
0.48149
0.827843
6.71363
3.6029
0.123051
1.10669
0.389972
0.282802
2.60355
0.371148
0.998565
4.17212
1.65099
2.11336
3.34076
4.42631
0.365619
3.15729
4.1482
0.603179
0.408526
0.312292
0.991592
3.56615
4.00165
3.11946
2.87018
0.402456
4.24663
3.05252
0.601273
3.88532
2.1382
0.635789
4.02008
0.151015
0.581771
0.570362
0.722539
2.23585
1.08567
2.33233
0.765464
0.713203
0.88921
0.360704
3.86192
0.478782
1.49372
6.3632
0.0839207
0.269271
1.45229
2.22469
5.85141
0.309393
1.23863
0.561391
7.24817
6.15561
0.64209
2.28431
4.73142
0.589507
7.00599
5.31131
0.504874
0.568835
0.781592
0.588587
4.27769
5.43261
0.516464
3.13889
7.94243
0.109697
0.585758
1.90674
0.610441
0.644249
2.80415
6.24653
5.27515
2.93259
0.664624
0.513708
2.57884
5.68962
0.842278
2.0232
1.52858
0.628385
0.532929
6.00567
4.23269
0.655265
2.26372
0.369087
1.58613
1.55352
0.702486
3.18289
0.333749
2.86138
2.25531
0.523138
0.574685
0.328508
5.32256
1.07932
0.538308
1.64289
1.76584
0.768011
0.353672
3.84895
1.31937
2.92872
4.37296
0.919607
0.503042
1.50866
3.81971
4.28644
0.975848
0.287266
2.62187
0.706231
0.58593
6.62164
0.723199
3.10486
1.01775
0.807544
4.70925
0.408547
0.662706
0.957348
6.01001
0.563563
1.28186
0.567143
0.687556
2.40495
2.94526
1.46553
3.1658
4.73092
6.59051
0.154819
0.944862
0.297633
0.349761
0.752164
6.60945
3.30945
0.57671
5.35828
6.29317
5.58073
1.07877
0.484377
0.487417
0.59532
1.69892
4.03725
0.262568
5.01676
2.99223
2.86334
0.382381
0.508823
0.738626
5.41807
1.01655
0.273904
5.35291
2.35421
0.516775
6.02836
6.26317
3.40637
0.429056
0.246491
0.257811
2.7512
1.91973
0.933827
0.966824
3.00201
1.44292
7.36309
2.14464
0.945166
2.61264
0.413855
7.77354
1.49407
1.62161
0.532754
0.550166
1.01635
0.58625
0.276215
3.86197
0.659992
0.227491
0.526992
0.254372
0.663892
0.528873
0.561951
0.114375
0.179084
5.65165
5.28131
4.89998
1.10367
4.03593
3.40418
0.83388
5.22152
0.6385
0.544451
0.401491
2.14131
1.42342
3.55032
0.945406
0.82629
2.32364
3.18358
1.63924
1.75566
0.480942
4.10248
5.80653
2.99272
0.79169
2.69851
0.928586
2.62739
0.807902
2.54935
3.74155
5.81262
3.31415
0.211251
0.266684
0.942317
1.92901
1.00765
1.38964
1.15439
0.472027
1.61967
2.19047
0.275215
0.288289
0.946351
4.29194
0.402532
2.80128
0.440619
6.27216
7.85465
4.38315
2.47244
1.15415
0.363442
0.485298
1.57892
0.683233
0.25401
3.40709
3.85003
0.166963
0.496424
0.895752
0.502118
2.90657
3.46614
1.06554
0.955663
1.60864
1.41449
0.489644
0.949124
3.12227
2.6935
5.39403
0.753962
2.43619
4.72295
1.05982
0.598793
0.865723
0.842255
0.258306
1.11125
2.50871
1.73805
3.20287
1.63586
0.501043
1.02221
2.68304
2.08356
0.573063
0.436348
3.32046
0.506605
3.92711
3.33441
0.417286
5.58217
0.421205
2.37978
0.50042
5.40383
4.56042
0.876258
0.766825
1.01839
0.492967
0.498401
0.286197
4.67203
3.03812
0.0907605
0.494106
1.28441
4.36066
0.0842539
1.27402
0.784539
2.40719
1.62602
0.315471
4.07254
0.438334
0.442731
0.715261
0.382882
0.44917
0.365984
0.388871
0.230939
1.33067
0.770917
0.49851
1.18165
2.87795
1.05051
6.76501
0.565265
0.28621
4.61849
2.42655
0.63445
0.559845
0.559064
1.54374
1.55504
0.345506
2.01349
3.06887
0.0987652
0.837902
2.75633
2.4906
3.63306
1.12267
5.72915
0.707362
0.591424
0.282047
3.36207
0.0904117
5.52217
4.17885
1.45192
2.55445
6.48328
0.912382
1.45329
0.939945
2.7936
0.965605
3.01171
2.15815
1.54351
2.85778
0.452568
2.33538
7.45407
0.0894846
3.21181
2.51609
0.853433
0.318111
0.841992
0.842574
4.34496
0.132895
0.354267
0.661441
6.11247
3.69453
3.76188
4.60673
7.83772
5.9576
4.96322
4.70131
0.508422
0.162872
4.30545
3.30305
6.04307
2.90844
0.157514
0.527774
0.551532
0.539691
7.06013
1.69924
0.832061
0.293179
2.86533
0.555119
0.487031
0.478318
0.651449
0.630872
0.126317
0.519882
0.492024
1.03135
1.51878
1.38901
4.87223
1.84107
1.59464
0.132143
3.62795
5.13217
0.559086
1.94715
2.5284
0.574948
0.55724
0.318737
0.176785
1.45053
4.36844
0.93539
0.309875
0.526868
7.75742
0.557567
3.44771
0.839781
0.282116
0.50293
4.54798
3.73624
0.437708
0.336095
0.25987
0.517675
3.30849
0.426468
0.674189
1.0351
0.511442
0.367059
1.04399
6.75504
0.396027
1.36943
6.40581
6.67202
0.462762
2.21896
0.275782
1.79254
0.413683
1.02465
0.651792
4.78842
5.80989
1.55348
0.83317
5.54245
6.07208
0.497309
0.0425145
1.51976
0.695646
4.70327
0.486267
0.963885
0.336169
2.96545
0.613159
3.58957
0.173549
0.446626
3.45613
0.455471
2.41998
1.09212
1.04491
0.133789
3.37861
0.813076
0.292295
3.87735
1.27721
0.371578
0.208573
0.326227
0.580341
0.727117
3.47879
0.249452
3.2315
0.913297
0.399277
3.13462
3.7906
0.327456
0.849153
0.562427
5.1605
5.1188
0.505883
0.672089
4.21759
5.2178
1.90086
0.419808
5.80605
2.36847
3.83934
2.20407
1.06329
2.5326
3.54028
7.60403
0.956033
0.173308
1.98692
2.40478
0.142927
0.911594
0.537513
0.506261
1.39836
2.45171
2.91915
6.14736
6.10213
5.82258
1.55953
0.312675
7.30832
0.807703
7.1024
3.78051
0.479946
0.16609
6.59339
0.808458
1.00551
0.95836
0.586123
0.129311
0.595957
0.172182
0.101197
3.69277
0.637089
0.649875
0.397683
1.29788
0.782983
0.485207
0.810492
0.510907
3.33774
2.6597
0.148474
1.61565
3.92684
0.923278
5.74299
0.346496
0.332657
0.507965
0.321171
1.69722
2.13396
3.47914
0.859275
0.54809
3.99355
1.78619
0.900839
0.539017
2.88963
0.981532
2.00955
1.07247
0.32097
0.943845
0.40116
0.282378
0.498223
0.811092
0.513147
1.27819
0.236079
0.00286462
6.72824
0.281484
0.135696
5.75077
5.4163
1.97418
0.791092
5.71953
0.330739
3.10928
0.562197
0.522403
6.78366
1.15211
0.14721
1.13482
2.89398
0.803446
1.3223
1.52223
1.0362
5.33883
0.720252
0.101821
0.476692
0.281569
5.0989
0.149457
1.11117
2.36075
0.61737
5.60532
6.6001
2.47826
1.06599
0.85159
0.774472
0.323662
1.05252
0.853418
0.419721
0.534809
2.08401
3.40882
0.510911
0.956655
1.94591
4.70021
4.65099
1.71346
0.426244
5.73242
3.68109
0.152155
0.930276
0.711005
0.274132
0.411083
4.10229
6.01681
2.4185
1.66473
2.6971
0.278226
1.93388
0.253897
0.326729
0.79809
3.29795
0.525128
5.67315
5.69434
0.845694
7.92755
0.38629
0.682683
0.818388
0.371337
0.155749
1.89934
0.436523
5.2829
4.34895
1.61177
2.51463
2.11451
0.631886
0.51587
0.624076
4.62929
6.96562
0.399609
4.1634
0.471514
0.508461
0.426227
4.69269
0.528358
0.997208
2.72101
0.460988
1.03768
0.274973
0.262659
0.62664
0.689085
0.495525
3.62719
5.78725
0.519243
0.228826
0.514866
0.315603
0.578455
1.77491
0.713912
0.883129
0.642151
7.10682
0.779283
0.150473
5.37906
0.620146
7.66468
1.10186
0.721595
2.65057
1.68756
2.52893
0.0837904
2.52685
4.72811
5.36666
0.43732
1.79421
0.528072
0.935272
6.54369
0.444801
6.45594
0.142967
1.01872
1.3534
1.53229
0.168152
0.206302
0.418538
2.59065
2.0408
0.127944
0.510134
0.994089
0.794659
2.42495
0.420191
0.513018
4.39483
0.634231
5.87822
0.533013
4.68062
0.679313
0.523659
1.13176
2.27004
0.517899
0.595127
0.475161
0.551456
0.517522
3.52902
7.19825
4.43205
3.02136
6.10066
6.54655
4.66303
0.342931
0.331284
1.06535
0.587827
0.584376
2.11891
0.0547964
5.29777
2.347
0.719634
0.120362
3.25438
0.66877
0.28897
2.6491
0.356491
3.44717
0.75546
2.8105
3.29254
0.580904
2.05286
5.04989
2.40804
1.36089
3.02442
0.291632
1.8597
2.19693
2.06657
4.48865
0.493237
0.361884
0.500924
7.78344
1.09041
3.73174
0.329898
1.56122
3.84851
7.9199
0.956825
2.78642
0.236352
1.31251
2.56716
3.10032
1.09027
4.70657
0.982493
0.146949
0.466622
2.48901
4.00322
0.525512
3.20764
2.99803
0.128599
1.21364
0.962982
2.35574
0.401618
0.279762
0.617164
0.482061
4.95727
1.28632
0.650961
0.747579
2.87084
4.08329
3.48766
7.74105
2.60148
5.32969
3.38175
7.95388
0.581076
3.92309
1.74442
3.18906
1.90158
1.10737
1.33627
0.375252
0.338352
6.49047
0.983436
0.276132
4.28788
1.15113
0.448024
0.379003
0.284256
3.8925
5.91414
3.39951
1.08141
1.17786
0.127143
0.322987
0.5807
0.511505
1.07039
7.56211
0.150671
0.643874
2.93823
1.12859
1.90474
0.622517
2.4244
1.98415
0.411141
0.332869
0.451024
0.392979
0.293154
0.477638
0.522102
1.09225
0.70908
5.39588
4.74323
4.05666
1.09013
0.640331
1.21049
1.12893
1.77698
0.748091
4.64317
0.61373
0.364629
0.868607
2.32713
1.10006
5.19128
5.71465
6.40183
4.58489
3.38402
1.91987
0.660489
3.10712
0.65002
0.955209
0.290593
4.78299
1.89031
1.57375
4.06176
0.421982
3.58996
3.09303
0.971114
3.60945
7.66933
2.27561
4.13864
2.89639
1.05192
7.18323
2.21433
0.551257
0.414582
5.35193
0.106574
0.852801
0.620071
0.504964
0.498934
0.326155
1.26818
3.43141
0.111218
1.41731
0.118955
0.29127
0.504297
0.485847
3.24201
3.90751
2.28214
0.0531521
0.566285
0.456099
1.2415
0.947827
4.69835
0.734187
0.269844
0.36418
2.07776
0.415911
2.52155
0.445192
5.7859
0.826063
7.52507
1.29381
3.99208
0.50035
0.707322
0.916622
0.547035
0.952876
0.25058
0.582805
1.02065
0.574916
2.73583
0.920615
0.568632
1.6455
7.46229
2.02501
0.513317
0.989724
7.03263
4.47947
0.522868
0.932234
2.09134
2.75977
4.63405
2.52925
1.65976
4.25898
2.63952
1.83949
0.497396
0.843062
0.511257
0.515972
1.30084
0.522489
2.44982
0.2571
5.91964
0.135716
1.04454
1.52685
3.34376
5.76547
1.6211
2.84211
2.74222
0.970239
0.545391
0.480423
3.98955
0.365839
1.4633
1.34639
5.3013
2.6991
0.651231
4.36268
0.530295
1.78812
1.2236
0.841613
0.0977934
2.29162
7.12799
0.479113
2.23747
0.960208
1.02486
5.37061
0.996701
0.413646
1.58696
5.79524
0.572685
0.466127
0.491264
2.80118
7.76024
0.503644
4.21536
5.19437
2.22769
1.04063
0.924567
5.11597
3.24979
3.49683
2.11773
1.36452
1.57501
1.12125
1.18888
0.995974
0.483685
1.65806
0.403787
5.2629
2.54754
0.340448
0.50099
2.80284
4.47044
2.53993
5.98009
0.277969
4.14982
0.120381
1.5848
0.487907
1.48829
4.21193
0.645957
1.13847
7.47634
0.262688
0.85446
0.507791
2.03342
1.33804
0.492442
0.528437
0.913788
0.154907
0.278879
0.779381
5.97783
0.902379
2.37383
0.263712
2.71494
2.37544
0.540584
0.496909
1.22357
7.18281
2.00053
0.840586
2.38417
4.6885
1.19681
0.40266
0.537552
0.8921
2.86449
3.55446
0.86335
0.487871
3.22355
1.52014
3.19357
4.01619
0.489871
0.453169
4.0508
7.97626
0.667814
4.9504
0.575214
0.81354
7.9712
5.6285
1.22389
0.553178
0.904033
2.48841
1.57317
0.565096
0.418869
1.03725
0.5063
0.366144
0.428479
3.31414
7.86513
1.08041
1.52578
1.0671
0.263503
7.16425
3.93382
0.306094
1.53256
3.1486
2.69749
0.509803
3.3909
0.31301
2.8956
7.34343
1.4155
0.495029
0.632841
1.07787
7.88632
7.35048
4.98855
0.968627
2.97015
0.559835
0.406018
0.572044
3.32279
1.52343
7.7778
2.41233
0.687496
0.833272
0.896407
0.822106
0.418904
0.527188
0.890145
7.05177
7.83508
7.50105
7.933
0.429134
1.07172
3.05249
0.585626
3.50897
0.945424
0.568813
0.139385
0.101294
0.286584
1.02339
1.42556
2.95501
5.71422
2.70174
0.982796
0.520329
0.768672
3.97928
7.25255
7.84841
0.908531
0.575376
0.301784
1.13487
1.3526
1.59826
1.05926
7.56231
2.68259
0.511828
1.00866
0.316106
2.62335
7.65459
0.521201
0.516356
0.490352
0.941888
0.970164
1.38471
7.4985
2.62988
2.65658
6.84361
0.807261
7.8324
2.82626
4.4051
0.912281
0.564074
0.878562
0.526492
0.921204
2.76208
0.806323
2.56551
7.18017
0.938303
0.86808
1.09301
0.885092
7.70574
0.534234
0.875828
0.556569
0.570299
1.11897
0.55286
0.549333
0.541394
0.546077
0.899395
0.887398
0.879927
0.885785
0.877204
1.04647
0.708119
0.5081
)
;

boundaryField
{
    back
    {
        type            empty;
    }
    front
    {
        type            empty;
    }
    outlet
    {
        type            zeroGradient;
    }
    circle
    {
        type            fixedValue;
        value           uniform 0;
    }
    walls
    {
        type            fixedValue;
        value           uniform 0;
    }
    inlet
    {
        type            fixedValue;
        value           uniform 0;
    }
}


// ************************************************************************* //
