/*--------------------------------*- C++ -*----------------------------------*\
  =========                 |
  \\      /  F ield         | OpenFOAM: The Open Source CFD Toolbox
   \\    /   O peration     | Website:  https://openfoam.org
    \\  /    A nd           | Version:  10
     \\/     M anipulation  |
\*---------------------------------------------------------------------------*/
FoamFile
{
    format      ascii;
    class       volScalarField;
    location    "1650";
    object      p;
}
// * * * * * * * * * * * * * * * * * * * * * * * * * * * * * * * * * * * * * //

dimensions      [0 2 -2 0 0 0 0];

internalField   nonuniform List<scalar> 
10435
(
-0.000794858
-2.65028
-12.5833
-4.25445
-10.1063
-13.1603
-12.5587
-12.7349
-13.0112
-12.1208
-4.98014
-8.3955
-11.9948
2.47477
2.34229
-12.3531
2.52129
-11.9462
-13.052
-0.616976
-12.5642
-3.71005
-12.1673
-10.3062
-12.7542
2.39819
2.3559
-12.1427
1.82201
-12.8151
-11.9437
-6.10677
-12.9639
2.23044
-11.9835
0.301802
-11.8364
1.24069
2.82084
-11.6734
-13.605
-12.0108
2.90776
-2.4342
-11.7952
-11.4287
-12.8134
2.60773
-13.121
-3.62913
-12.649
-12.1085
2.39195
1.56359
3.09474
1.55335
-11.3237
2.04322
2.38329
-11.5628
2.53443
-1.58495
2.21891
-11.3705
-12.1063
-12.4035
2.32704
2.3074
-12.7493
-9.47034
2.18487
1.81713
3.28939
-12.2291
2.10053
2.9204
-8.20278
-12.5952
-13.2822
2.10462
-5.49986
0.533572
2.52241
1.92731
-6.45457
0.992271
0.397441
-2.85285
1.9541
-0.322827
-3.82906
-4.92487
-0.0115234
1.47207
-1.10237
1.06941
-5.89171
2.34086
2.71102
-7.49328
1.77789
-11.7905
1.00276
-1.94466
-12.1565
-3.32817
-0.602932
-4.50428
-7.53356
1.83274
-2.79366
-10.9417
1.0419
1.42348
-6.50368
-2.84433
-8.12355
0.31592
-3.35195
-7.31796
-8.42774
3.20051
-0.488648
2.49036
-7.9938
2.47773
-6.59628
3.07221
-9.26977
1.41577
2.91381
-6.72585
-12.4327
2.30594
1.96636
3.10289
1.35818
-5.10261
-2.32796
-2.03697
-1.29984
-11.883
2.46747
-10.6276
-4.55566
2.70457
2.09203
-12.1436
2.65656
-10.0314
2.50655
-11.3084
-0.161691
-10.6375
-12.4342
2.47872
-9.12849
-1.36708
-12.4448
-4.15215
-11.1361
2.45039
-5.57606
-7.26069
1.89117
-9.70899
-12.8055
-6.76022
-9.17824
-10.8027
-12.1052
2.60098
1.39018
2.4485
-9.72129
-2.8562
-0.599875
2.53953
-1.97384
2.22602
-3.78577
-12.5024
-9.50536
2.33891
-11.3233
3.02791
2.47815
-12.5534
-11.1478
-11.32
-8.69978
2.60542
2.31782
0.499406
-10.1371
-12.6535
2.88136
1.55028
2.63018
-12.1517
2.13215
2.83738
-12.113
2.20005
-12.3165
-7.69089
-4.48873
-5.9396
2.03672
-5.44929
2.86973
-12.5918
-9.53388
-8.11472
2.60572
2.58535
1.42856
2.68561
0.941505
2.53447
2.12311
2.32172
2.51833
2.36615
2.20466
-12.285
1.1773
1.98637
-11.8511
2.75469
2.51602
-12.4985
1.10255
-10.8816
1.46295
2.60619
-10.9743
1.62969
-10.0831
-12.1636
-1.62376
2.47923
2.67025
1.54797
-6.9203
-13.2016
1.76418
-12.8004
-0.196722
-1.64376
-0.449619
1.44661
-12.4905
-6.34607
-12.8058
-10.7168
-1.18157
-12.7236
2.44209
2.30861
-12.2986
-12.2919
1.94269
-8.21573
1.07087
2.77179
-0.864213
-12.0138
2.81989
-8.42948
-12.3886
-13.3967
-12.8884
-11.7999
0.737418
-7.92976
2.20249
-9.35759
-12.3428
-13.571
-12.7728
2.56616
-12.3623
1.95593
1.04276
2.95786
-11.3903
1.45169
2.01355
1.91945
2.41377
-5.46586
1.8806
-13.2576
1.74531
-1.37666
2.71874
0.567281
-8.33813
-12.413
2.49629
-9.29137
-12.23
-0.484445
-7.38188
2.46091
2.85994
-10.2947
-12.4587
2.06569
-1.2706
1.90547
-0.531649
-12.1181
-12.3165
-1.52192
2.73156
-11.2265
2.41203
-7.5627
-12.7845
1.40742
0.487147
2.76803
-13.5766
-12.4079
0.212046
-12.0704
2.52973
1.9885
-12.2415
1.95493
2.08182
-12.4714
-10.3651
2.12471
1.86956
1.05077
2.36164
1.2929
-0.41357
2.43618
2.72148
-0.40118
-1.19835
1.88503
2.20355
3.00237
2.87407
-13.4005
2.21315
-12.8447
-0.473642
-11.978
-14.1316
-14.5205
-11.912
-12.0285
1.56152
2.14543
1.13768
2.77862
1.3784
2.46774
1.65818
-0.773413
2.05057
-9.04731
2.25008
-13.3651
2.71462
-1.12336
-11.5405
-14.8997
2.8825
-2.00361
1.48698
1.86524
2.09992
2.12774
-3.14426
1.68493
-13.3183
2.31655
-12.9295
-14.294
-11.8308
-11.751
-14.5138
-12.0808
-12.19
2.72313
2.66532
1.89562
2.38656
-12.5355
1.95431
-12.4694
-1.48366
1.91239
-2.50312
2.55701
2.32713
-12.7545
1.2408
-13.0693
-9.86811
2.80587
2.05874
-0.29935
-12.4837
-0.447117
2.2522
1.98093
1.4248
2.58886
2.19005
-12.3455
-0.197365
1.61803
1.82541
2.68825
-12.754
2.88518
3.11976
-13.5481
2.35577
18.7962
9.6607
12.1968
9.98692
10.7045
9.93927
9.99206
9.75412
9.01569
16.1038
8.48168
10.4982
9.00805
9.44266
8.96826
8.98003
8.79755
8.65224
13.552
7.28021
9.10929
8.1586
8.43162
8.15032
8.13588
8.00535
7.84937
11.5653
6.48105
7.96478
7.36698
7.56484
7.41049
7.40357
7.3304
7.20946
9.77213
5.92238
7.02408
6.68426
6.83761
6.77148
6.78612
6.77044
6.6832
8.17983
5.54361
6.27263
6.12546
6.24723
6.24057
6.27399
6.29237
6.26398
6.88561
5.37606
5.70253
5.68685
5.78188
5.81527
5.86582
5.91311
5.93509
5.91273
5.31417
5.27648
5.34549
5.42009
5.47936
5.54197
5.60951
5.60152
5.18486
5.12692
4.92801
5.06873
5.13767
5.21473
5.28572
5.35835
5.40846
4.59952
4.77662
4.63332
4.83971
4.91587
5.00521
5.08295
5.16143
5.21842
4.17272
4.45216
4.4211
4.6603
4.74362
4.83749
4.9184
4.99844
5.08027
3.9952
4.30939
4.32152
4.53325
4.61124
4.69836
4.77384
4.84304
4.9563
3.96731
4.30929
4.30174
4.44474
4.50737
4.58201
4.65194
4.72565
4.80146
3.91628
4.34284
4.30307
4.37149
4.41596
4.47501
4.53621
4.60583
4.65479
3.86935
4.36576
4.2975
4.29799
4.32669
4.372
4.42715
4.49203
4.55404
3.82121
4.33206
4.26068
4.21071
4.22973
4.26462
4.31405
4.37137
4.44018
3.67783
4.16872
4.15625
4.09658
4.1179
4.14874
4.19462
4.24345
4.32816
3.49277
3.90881
3.99935
3.95955
3.99249
4.02638
4.07468
4.1278
4.21399
3.35729
3.66187
3.8291
3.81241
3.85668
3.89406
3.94175
3.99424
4.05409
3.25472
3.46259
3.66066
3.66364
3.71534
3.75587
3.8022
3.85289
3.90995
3.11587
3.29613
3.49289
3.51743
3.57244
3.61598
3.6625
3.71769
3.75994
2.89964
3.17406
3.32495
3.37433
3.42651
3.46944
3.5121
3.56569
3.53907
2.56126
3.15581
3.17772
3.25108
3.29519
3.33402
3.37256
3.41747
3.3712
2.15875
3.19258
2.97631
3.06547
3.10352
3.14395
3.19713
3.25076
3.18722
2.02547
3.49013
3.14465
3.22174
3.22322
3.18962
3.21657
3.26253
2.77999
13.2025
13.4668
13.9701
14.524
15.1265
15.7843
16.483
17.2216
17.9912
18.7781
19.5731
20.365
21.1352
21.8789
22.5842
23.235
23.8277
24.3515
24.7954
25.1556
25.4365
25.6921
25.9377
26.0199
25.7523
25.4272
25.4722
25.9404
26.5829
27.1194
27.6597
28.17
28.4018
28.4608
28.4473
28.3507
28.1733
27.9493
27.6836
27.4018
27.113
26.8261
26.5398
26.2602
25.9864
25.6989
25.3997
25.0823
24.7242
24.3346
23.9125
23.4632
23.0078
22.5516
22.0807
21.6208
21.1647
20.7181
20.4594
3.94128
3.72137
3.62755
3.52804
3.41755
3.29469
3.18324
3.09867
3.04237
3.01726
3.02574
3.0686
3.14539
3.25454
3.39448
3.56387
3.76182
3.99018
4.25388
4.56124
4.9257
5.36663
5.89682
6.52177
7.25939
7.87523
8.11809
8.00342
7.51926
6.93712
6.50915
6.2084
5.97953
5.80144
5.66647
5.55723
5.46367
5.38124
5.30646
5.23806
5.17536
5.11865
5.07021
5.03324
5.01241
5.01524
5.04921
5.12311
5.24962
5.41293
5.57693
5.76348
6.02139
6.35962
6.7595
7.18349
7.59093
8.00261
8.59036
7.81971
8.04339
8.24896
8.47285
8.70909
8.95803
9.21959
9.49314
9.7776
10.071
10.372
10.6783
10.9881
11.2984
11.6078
11.9148
12.2182
12.5181
12.816
13.1133
13.4126
13.7154
14.0178
14.3049
14.5601
14.7469
14.8758
14.9532
14.9606
14.9
14.8305
14.7595
14.6795
14.5967
14.515
14.435
14.357
14.2824
14.2122
14.1472
14.0888
14.0375
13.9945
13.96
13.9346
13.9185
13.9114
13.9116
13.9186
13.9286
13.9414
13.9477
13.9233
13.8706
13.8048
13.7251
13.6305
13.5425
13.4142
5.04714
5.00517
5.03385
5.0669
5.1082
5.1613
5.22714
5.30777
5.4049
5.52018
5.65532
5.81161
5.98949
6.1895
6.41098
6.65303
6.9142
7.19227
7.48531
7.79034
8.1042
8.42206
8.73701
9.03866
9.31257
9.53757
9.69707
9.78504
9.80359
9.76745
9.69796
9.60571
9.49645
9.37477
9.24335
9.10451
8.95997
8.8121
8.66439
8.52054
8.38518
8.26282
8.15883
8.07776
8.02452
8.00249
8.01405
8.06014
8.13948
8.24967
8.38458
8.54161
8.7242
8.91747
9.10765
9.29922
9.48821
9.68339
9.92446
6.17353
6.29686
6.43216
6.57856
6.73405
6.89796
7.06926
7.24745
7.43178
7.62134
7.81577
8.01462
8.21703
8.42315
8.63225
8.84415
9.05846
9.27417
9.49106
9.70798
9.92337
10.1346
10.3378
10.5284
10.6998
10.8465
10.9633
11.0489
11.1027
11.1275
11.1294
11.112
11.0797
11.0365
10.9846
10.9281
10.8692
10.8091
10.7528
10.7027
10.6616
10.6319
10.6161
10.6157
10.6321
10.6648
10.7133
10.7755
10.848
10.9272
11.0077
11.0862
11.1726
11.2478
11.2975
11.335
11.3622
11.3992
11.4129
5.19952
5.212
5.26738
5.33202
5.40676
5.49345
5.59273
5.705
5.83084
5.96996
6.12364
6.29155
6.47385
6.66996
6.87871
7.09866
7.32808
7.56216
7.80125
8.04221
8.28263
8.51709
8.74088
8.95121
9.13766
9.29984
9.43005
9.52994
9.59776
9.63454
9.6457
9.62945
9.59249
9.53978
9.46838
9.38858
9.29936
9.19636
9.0943
8.99417
8.90121
8.81979
8.75404
8.7081
8.68669
8.6881
8.716
8.76765
8.84225
8.93769
9.05083
9.17651
9.31009
9.44758
9.58568
9.72083
9.85012
9.99017
10.1419
5.40446
5.46625
5.5525
5.65029
5.75767
5.87515
6.00081
6.13617
6.28036
6.43074
6.58857
6.75245
6.92411
7.10175
7.28379
7.47039
7.66444
7.85275
8.04562
8.2365
8.42903
8.61389
8.78877
8.96107
9.106
9.24155
9.34879
9.44142
9.51246
9.55931
9.59504
9.60012
9.59049
9.57659
9.53562
9.5008
9.46125
9.39294
9.34475
9.29749
9.25875
9.23058
9.21463
9.21407
9.23888
9.27325
9.33279
9.40517
9.49291
9.59208
9.69812
9.80722
9.91328
10.0158
10.1106
10.1948
10.2699
10.3551
10.4276
5.14603
5.15139
5.18656
5.241
5.299
5.37974
5.46116
5.57616
5.69836
5.80069
5.94206
6.08481
6.24762
6.42792
6.61092
6.81613
7.03731
7.19639
7.38335
7.57618
7.78838
7.98071
8.15296
8.35589
8.48203
8.62849
8.71628
8.81089
8.88339
8.93009
8.9874
8.97849
8.96933
8.98255
8.90901
8.90723
8.92917
8.78284
8.70573
8.62734
8.56278
8.50778
8.46313
8.43407
8.49267
8.4995
8.59058
8.65164
8.70617
8.78985
8.90643
9.05436
9.18527
9.31906
9.46234
9.61285
9.75344
9.92583
10.0567
4.94437
5.01331
5.058
5.15566
5.24495
5.36378
5.44935
5.52159
5.65831
5.87103
5.92598
6.07019
6.26154
6.40091
6.60858
6.68724
6.91497
7.08484
7.28082
7.41177
7.60664
7.75412
7.89551
8.08981
8.17113
8.31339
8.37127
8.46424
8.58231
8.54042
8.70213
8.68917
8.62517
8.69025
8.60089
8.6649
8.55178
8.37484
8.48196
8.41908
8.38206
8.38649
8.32236
8.31576
8.34586
8.32165
8.36443
8.37432
8.53988
8.66662
8.755
8.84835
8.95951
9.12939
9.28574
9.39439
9.51451
9.37615
9.60032
-1.48138
-1.61341
-1.43899
-1.17011
-0.780797
-0.307185
0.127701
0.530642
0.92019
1.23466
1.51173
1.81731
2.08876
2.34536
2.73848
3.27663
3.85252
4.45984
5.15202
5.9608
6.89519
7.97438
9.25604
10.8659
12.296
2.6014
2.66381
2.59239
2.47095
2.37245
2.41193
2.55452
2.73806
2.91213
2.97743
2.89805
2.75303
2.61893
2.54289
2.59982
2.7721
2.91472
2.99033
3.10064
3.29847
3.55756
3.85054
4.16941
4.53554
4.75177
1.6977
1.72778
1.77605
1.82678
1.91115
2.05309
2.22299
2.39019
2.53197
2.60843
2.61945
2.59921
2.5769
2.5813
2.65743
2.81018
3.00331
3.23004
3.51491
3.87348
4.30802
4.82214
5.42308
6.11919
6.97054
2.03771
2.04279
2.09691
2.14443
2.20883
2.29659
2.39932
2.50179
2.59145
2.65284
2.68487
2.70099
2.71666
2.74661
2.80767
2.90432
3.02937
3.18326
3.37496
3.60938
3.88448
4.19284
4.52136
4.83977
5.1716
2.07644
2.07424
2.12755
2.17975
2.24895
2.3299
2.41924
2.50531
2.58191
2.64169
2.68445
2.71779
2.75143
2.79454
2.85822
2.94889
3.06872
3.22184
3.4147
3.65151
3.93601
4.27104
4.66249
5.10639
5.6826
2.15906
2.16418
2.21756
2.26507
2.32978
2.39842
2.47474
2.5463
2.61243
2.66857
2.71361
2.75285
2.79333
2.83958
2.89976
2.97976
3.08381
3.21659
3.38247
3.58274
3.8198
4.09219
4.39369
4.70728
5.0952
2.25634
2.22143
2.2816
2.32106
2.38363
2.44284
2.51365
2.57633
2.63716
2.69185
2.73665
2.77738
2.8213
2.86834
2.92654
3.00168
3.09847
3.22252
3.37805
3.56449
3.78853
4.04918
4.34941
4.68824
5.12807
2.34757
2.26153
2.34015
2.36988
2.43427
2.48479
2.55566
2.61007
2.6661
2.71985
2.76134
2.79976
2.84704
2.89388
2.94937
3.02016
3.1099
3.22417
3.36624
3.53347
3.74118
3.97727
4.27631
4.61191
5.00338
2.33567
2.28463
2.40489
2.41598
2.48131
2.50864
2.58564
2.62624
2.69454
2.74717
2.78981
2.82077
2.86355
2.90428
2.95802
3.02214
3.10353
3.20862
3.36387
3.52443
3.71056
3.94546
4.18949
4.3165
4.55135
-14.0687
-13.1468
-0.948288
7.42675
3.09227
3.01906
-2.39146
3.80276
-2.57491
7.90778
-12.2052
4.03392
-16.0932
2.28691
-7.40756
5.61643
-9.28576
7.29428
8.091
-17.3882
-17.4263
6.31279
-11.9414
6.32881
3.74379
5.06118
3.70613
2.51995
-11.8367
-10.9504
7.33012
6.07609
-14.066
-12.3662
-11.263
3.50918
-3.62782
-7.00519
-5.72132
6.71331
-12.7992
6.93471
5.77229
2.47466
4.06161
7.67792
-11.9162
-10.4692
-11.0562
-13.7008
-11.9099
-12.3893
-16.5191
7.48186
-2.27006
-2.31171
2.25641
-17.3946
2.87326
-9.66271
3.71398
-0.0734129
3.11229
5.66894
3.74024
2.5482
5.56852
6.09849
-14.6654
-12.6788
-2.88927
6.77838
3.22887
-15.9129
3.37314
-18.0355
-14.3588
-11.8561
2.62404
7.85331
-12.2949
3.90926
4.18527
-9.4539
3.28516
3.74668
3.15503
-12.0363
-14.1602
4.61562
5.17889
4.87354
8.0517
4.09237
3.11794
-12.0624
4.92278
-11.6219
6.77252
-9.76001
2.77634
-13.2891
2.76735
6.29909
2.94819
2.79023
-11.995
-13.1668
4.82062
-10.6048
5.51448
4.38253
-11.2244
6.29871
-16.9742
-10.9573
-13.303
6.99418
-15.693
4.51078
5.48391
4.30208
6.64015
3.87247
-13.9397
5.77997
-12.5717
-17.6366
2.26927
-10.7325
4.40631
-16.042
-12.1959
-9.62723
2.4044
3.18833
4.06158
2.8997
4.11304
-16.6769
5.42255
-4.32627
-10.286
5.54033
-11.4317
5.13114
6.07316
-15.2787
4.26461
-11.4642
0.693055
1.80031
5.74799
-7.86982
3.77705
-10.4219
3.13369
6.92764
-12.3676
7.78846
6.20852
-3.00054
4.78707
-11.6495
7.17349
-9.35098
2.20509
3.49986
6.55854
3.15703
2.29008
5.80985
5.78264
-9.61172
5.14586
2.5817
-12.7451
-12.0731
-10.4653
7.08119
-10.928
6.5394
-16.1103
-10.419
2.93173
7.77066
-9.68309
4.76848
-14.2423
4.80485
-10.3338
-10.4873
-5.83752
-3.17553
-7.68984
-14.0678
3.39526
6.22329
-11.102
-11.7157
-14.9721
6.23976
4.08723
4.54884
0.989473
7.40654
5.86362
2.83181
-11.584
6.96815
2.95488
4.21826
-10.915
0.876933
0.497438
-12.4779
3.01023
8.01232
8.4689
3.90717
2.73508
7.01291
3.88478
0.573817
8.78873
-13.1272
5.25046
-9.02192
4.80162
3.19057
-10.1614
3.66935
6.32445
4.47232
-5.11068
7.50952
-11.8573
2.56354
-10.6126
-7.07917
6.70474
3.57964
7.20822
2.56396
3.23333
3.5298
5.69499
2.85426
5.2593
7.37664
4.89214
2.65207
6.33295
-11.545
5.43217
3.30645
-11.0243
-13.9323
-12.3233
9.5604
5.2558
2.24138
4.35258
3.66246
-15.6885
3.97551
7.93435
5.33319
-3.00867
3.51418
-15.6011
-6.51103
6.52537
8.06521
8.52013
5.12475
5.78657
-4.27416
2.15721
-11.9983
2.70462
0.67406
6.72775
7.42641
-10.1676
4.55871
2.68678
8.42001
-12.414
-10.2414
-4.74377
4.97434
6.48981
-12.4195
-12.11
-12.6174
-11.9762
5.04801
7.59663
-10.7585
-11.3202
5.96917
7.65627
4.68796
-11.6305
7.58714
-17.792
5.66656
-16.9712
4.09575
6.23501
7.31683
-14.1581
2.39871
6.47405
-2.90381
-11.9066
6.39611
3.76553
-9.51606
-12.7004
4.91615
7.67289
7.33629
3.35916
4.00466
-13.5326
-13.0683
5.23605
-16.7694
6.9909
-7.81052
2.75103
7.65653
-12.4167
3.68725
3.93198
4.41083
4.79089
5.68937
4.23689
3.93342
-10.5871
6.65714
-15.6102
3.0382
2.94171
6.69294
3.32362
-10.5891
-0.749286
8.11745
5.88536
-12.41
-12.4434
8.79638
-8.49173
2.146
7.13318
-9.50332
-11.7413
-11.9535
7.85648
-13.361
7.09028
3.1992
5.79524
-12.3174
4.13731
-13.9729
7.73495
-8.20391
-11.8335
-8.02606
-14.9172
4.17613
4.29564
7.5637
7.90054
7.33559
-11.8729
4.96244
-13.7488
2.34472
2.41363
-10.5556
7.35151
-17.3355
-12.5059
-10.124
-0.357579
7.70766
3.6429
-12.0576
-10.6949
8.57307
7.30909
-13.8341
7.12069
-11.4766
3.71428
5.82766
3.19203
-13.6385
3.8312
7.83472
-3.44599
3.62442
0.667418
6.31297
-10.6563
4.00536
-10.5333
3.93426
4.90205
8.74253
-10.8755
-10.4063
7.74701
5.03885
6.80941
7.66283
4.54422
2.6977
6.87209
-11.5386
4.83797
7.2568
5.70727
6.06047
3.90985
3.28912
4.34586
2.6716
-3.36515
6.05651
5.09278
6.43393
6.62119
8.49078
7.72312
-7.12273
-12.6889
1.48201
-14.7924
3.96003
2.64791
-6.43237
2.91426
2.60118
-8.10271
6.53658
4.57024
-10.7604
7.7591
-12.7005
-9.25832
4.02513
5.21303
-16.0004
4.73749
2.14201
-10.7877
-11.2216
-11.58
3.36253
3.01933
0.731462
7.73143
-12.0534
2.66152
3.30523
-11.8183
8.58543
3.90562
-13.4506
4.26189
3.21051
-14.8436
-14.9879
0.381854
-6.54415
7.43886
3.94553
-10.0257
3.21957
3.92026
7.35983
-13.0117
6.29323
-9.03099
5.20642
4.19034
-11.9436
4.07797
2.94011
-8.3439
3.9682
8.01263
-13.9918
5.88983
-4.18436
4.2687
2.55537
-13.2902
-12.0964
5.10768
4.74926
-3.30506
5.24893
6.48762
-11.6139
5.28543
4.48755
7.81924
-12.3314
-11.9697
-10.6452
4.13379
0.00602958
7.79991
-10.5739
-17.3311
6.29029
-12.2405
7.61874
-11.699
-13.4624
7.32086
6.64598
2.68035
6.23807
4.12397
-4.3147
4.48682
1.11414
5.04775
-10.9043
-11.1541
4.99201
-10.3865
-10.6025
5.52542
-12.2274
5.88626
1.4886
4.69575
2.72403
3.99256
-4.73441
-5.20175
-6.88757
2.29705
-11.4803
-10.7853
-11.775
3.78849
7.64982
-15.3999
-12.124
5.337
-10.4161
4.92588
-14.061
-10.8379
8.23115
0.186839
2.79917
6.31192
4.51814
-14.2498
8.01934
-7.77062
3.03338
3.02957
-10.9933
-10.7146
-11.9153
2.69719
4.57891
-15.7276
-17.099
6.00343
7.77007
3.96235
-13.748
6.28422
3.02143
-5.08295
7.27265
3.01948
3.21469
5.68412
-9.20033
7.66147
2.78118
-12.913
-10.9962
3.09258
6.66908
-10.4975
2.56503
7.21016
7.50844
-17.1604
5.64344
4.23813
6.40856
8.61793
6.43074
6.25292
-5.57798
3.6378
6.4996
2.75663
-16.1945
8.1533
2.93109
2.21088
5.96279
3.44019
4.61913
7.41172
1.63776
3.54334
-9.89418
-9.62678
2.4949
-13.5592
3.26214
3.41338
3.25128
7.62082
5.30677
4.53502
-15.3105
4.97176
4.01089
1.87795
-10.3145
-0.0300689
2.38945
2.55606
5.97234
3.12219
7.76842
4.98386
1.35476
-10.0787
-8.96267
-12.3604
8.11804
7.80918
5.79054
7.88918
6.48556
-10.7384
10.4378
-17.6634
7.21585
-11.875
8.19058
-11.889
5.66787
3.32098
3.93833
-12.9562
-6.546
2.50088
-16.9618
3.49149
8.73539
3.38657
-11.2279
7.32053
4.76148
-9.24124
3.58677
7.72338
7.25741
6.62893
-15.6466
7.65655
4.32653
7.94196
2.3333
7.418
-11.2384
-12.3223
5.69651
-4.08463
7.69746
-12.2131
4.20424
7.75249
7.22961
4.84554
-5.0012
5.11841
6.66258
2.91133
6.28718
5.32614
6.74747
7.5556
-9.62871
-9.37358
0.87063
-11.0333
-5.70733
-13.1617
-11.37
9.17209
3.14708
3.36839
7.82978
4.83281
2.1863
5.41722
3.73795
-15.1097
7.15726
6.04649
3.10827
6.84251
5.42275
3.63361
0.997889
-12.5695
-12.7385
8.12034
-11.1623
-1.26484
-12.1774
-17.2885
-13.0516
-12.6217
4.50808
8.03797
5.18072
7.32199
6.77472
4.57186
-12.0956
-12.9676
6.97355
-12.9887
1.49113
8.14365
3.69264
4.1531
-9.41661
2.02038
3.79601
-1.91637
-8.80168
-14.935
-11.9938
7.84149
7.80677
3.31999
7.45801
-11.9045
0.323277
-12.1337
-8.41312
3.20376
-9.22813
4.69954
7.9493
2.80133
2.99646
2.92732
7.87961
5.23467
2.99628
4.65548
4.4735
5.93912
4.4545
4.55381
7.15279
-11.4269
-5.62168
6.27069
-0.147809
5.54366
-16.29
3.34552
8.9814
6.84244
-15.1011
0.686183
7.55466
5.27839
-11.0428
1.98114
-13.7761
4.44406
-14.6836
-12.8353
-10.5309
3.65387
-9.3392
1.9852
7.28935
-12.2236
6.72583
3.71194
4.39236
-14.4558
-1.15292
6.04069
3.24783
-13.4376
3.29292
1.08452
-9.99119
7.21472
6.31215
-4.12951
-12.2002
-13.8347
7.5181
7.95287
7.54095
-14.9195
-4.68807
6.80946
3.49338
2.98447
-12.8194
8.30296
3.61423
-13.3505
8.59704
4.36543
4.91511
8.10957
-14.2522
4.45386
-15.4981
7.08337
4.12628
-12.7087
6.53262
7.56367
7.63393
2.61556
-15.1458
-12.1123
7.8171
7.42502
4.32805
-8.35295
-16.2286
0.107244
4.61462
-13.246
-6.77198
4.92321
3.15719
2.88521
-10.2776
7.26647
-14.6728
5.48226
4.94028
-10.1224
5.10664
5.93056
2.80404
-15.9328
-11.1927
-9.86529
-10.0249
7.86819
-13.7258
-8.53841
7.12446
-2.46495
3.45353
2.92156
-16.2107
4.37434
3.97043
-16.9169
2.32073
8.53191
8.40386
-14.3081
2.07934
5.36491
-10.3833
-12.0037
-11.0438
7.26502
4.41874
-10.6176
-11.7318
-11.8338
-14.9677
-13.7524
1.62096
7.69879
-0.192597
-10.5436
6.11947
6.7503
1.75318
-9.24164
5.57331
-1.17261
-13.359
5.75363
2.97165
7.57819
-9.9807
-3.52929
-11.5209
-10.9576
7.63865
2.52446
0.308967
4.24573
-12.4122
-17.0876
7.61544
4.50042
4.34284
8.07892
-14.3048
-12.3011
4.51937
-10.9003
6.43974
-11.7436
7.61301
3.48869
3.87382
-5.00057
-12.0668
2.39519
-15.1882
5.29813
5.48684
-4.60271
5.81541
-8.4052
-9.94368
-10.6543
4.42101
6.78094
-3.97827
5.08349
6.31923
3.75798
-11.1799
5.34576
2.70774
-11.7424
-3.94988
3.00635
4.49639
5.77357
6.32554
2.98148
6.47291
-15.9877
7.44716
4.33106
-10.7022
-16.6495
-5.97031
4.86022
4.70431
-0.564842
8.32104
-11.1219
3.03835
2.88268
-11.1312
5.00659
4.10201
1.64507
3.41928
-11.5194
7.57246
7.18003
7.29856
-2.58772
-2.44362
-13.2998
3.90302
-13.5127
5.51174
5.55814
5.24504
-10.9697
-10.6104
6.20313
-10.0648
8.29128
-10.8347
4.67616
-11.3678
3.24993
3.50815
5.94265
-1.40295
-6.38118
4.56345
7.45495
-16.1721
7.86378
7.19155
4.01498
7.25207
4.65049
-10.951
5.71212
4.83455
-9.41062
2.66782
-10.0685
8.09941
6.18785
6.0428
8.78036
6.45817
2.93854
-13.2904
8.71555
2.24728
7.80471
4.15911
-0.224588
-10.7665
6.84843
7.61089
4.92634
6.33555
7.92886
6.46756
-10.5296
7.77672
-16.6883
5.19055
-4.9121
-11.6864
2.65551
-15.769
5.24046
-12.5373
-11.897
-10.2696
4.02176
4.34406
2.584
-11.8015
6.61373
1.39407
5.62715
3.83729
-11.4589
2.83509
6.61834
2.9026
8.03357
7.58991
8.77338
-12.2874
9.30198
-14.5292
7.07323
6.21357
7.41258
7.31899
-15.3087
8.33151
-15.9553
-12.406
3.29095
6.24543
-11.4103
-11.3584
7.87998
7.74015
6.94171
6.18344
7.7208
2.6765
-11.6344
4.68049
8.41948
-14.8493
3.92881
0.977478
-5.80145
7.16811
3.22599
7.49993
2.74772
-11.4752
2.86224
-13.872
6.88718
2.7162
6.25661
-13.5
-13.695
6.97879
8.40114
-13.0151
7.01855
2.96511
-10.45
-12.0085
8.57927
7.77092
8.33975
2.49047
-12.9596
3.67441
8.55577
-13.1438
-10.8321
7.9309
6.65605
3.36662
8.63217
4.59953
-15.7685
3.94464
-10.9908
4.08888
7.36078
3.50619
-15.3651
6.12964
-12.4857
-10.8643
-10.3737
-13.0905
-11.9501
7.67448
5.62327
-13.0449
-14.7817
4.17464
7.51527
4.5015
2.7342
6.51621
3.83218
4.39686
-8.72436
3.18464
2.62274
-5.531
2.8953
4.37702
5.1571
-10.324
8.0795
-12.6122
-11.8614
2.88985
6.52995
4.39311
6.15712
4.40633
-12.8669
2.3657
7.37371
4.16614
6.48229
-10.9167
-13.4225
5.69002
4.8534
3.20802
7.80239
3.26491
2.5543
7.90835
2.87305
1.87115
-11.7632
7.57442
5.28515
-6.63512
4.71917
3.62952
5.42188
3.34449
4.34527
6.94601
-15.6633
5.14091
5.6575
-11.0267
3.20615
-0.504061
-5.90537
7.41576
4.26229
7.31759
-8.50263
5.39273
-13.4785
7.81956
-5.31004
-13.755
-17.3042
-11.8453
8.52719
3.75144
-15.7159
-13.0005
2.83923
6.40625
8.50724
-12.146
7.32597
5.21977
8.24155
7.27455
-0.518159
8.36038
3.07421
7.82485
-11.712
-16.2992
7.155
8.10512
6.89989
6.60295
4.40605
-11.6998
7.93968
0.935807
-14.3023
-16.6489
7.49709
-13.0665
-11.6118
-16.6793
-12.3896
1.94738
-12.0555
-12.6738
-10.3734
7.90619
-10.9806
8.01673
-3.41539
8.34805
7.73484
-13.316
-9.01255
-11.4489
-11.7829
2.68083
6.24223
-2.23497
-12.9434
8.34947
-13.2051
6.50778
-16.7728
7.69497
-11.5697
0.899748
2.96485
4.60663
-17.107
4.26028
1.60896
-16.4336
7.09244
-11.102
4.76607
6.30209
-8.14851
-1.86656
4.73048
-15.5549
-7.34656
7.96439
-14.171
8.0946
7.58362
2.63914
3.20897
-13.2564
-13.1591
8.07579
-13.7764
6.76265
-16.41
8.16536
7.25171
6.15549
-17.1378
-0.835665
-10.7851
5.62445
-10.7419
3.65908
-14.2343
-12.8884
0.774033
6.84291
-12.0863
6.11953
5.19142
7.18125
-11.8163
-13.1562
3.76785
-13.9809
5.05371
4.62733
-2.81301
5.52831
4.19923
-13.7177
7.3797
7.52764
8.62732
4.31964
6.39343
8.19071
-13.8758
-12.059
4.47433
7.73286
4.96673
-12.7787
-11.7326
3.96639
2.17325
2.76871
-14.1981
2.12571
-0.879923
-14.1756
3.60708
-14.8311
-13.0231
3.82271
4.01034
7.70621
7.86872
3.40083
5.4524
2.90548
2.57533
-12.7157
5.98775
-13.5493
3.88857
-12.4867
6.79722
-10.0033
0.769551
-15.4948
-11.6566
2.96331
1.09621
5.88743
6.09707
5.73865
-11.2851
-10.8344
7.55602
7.56678
4.93559
6.42111
4.20442
4.89136
-13.1974
-10.7336
-15.7737
-13.4511
7.26431
3.43127
-12.3979
6.76065
-11.7798
7.47341
3.83298
2.95497
5.20185
3.95931
5.34539
3.79542
1.09474
-13.3169
-11.8615
8.35432
4.06341
-14.8399
-3.63406
4.4897
-11.4811
-12.9269
-10.3373
6.09843
-16.657
4.3064
7.41444
7.44231
3.62004
8.98941
-10.762
-12.4039
6.99354
2.68715
-16.4639
4.86548
-12.9393
-10.0146
5.41118
2.41987
6.59927
2.77316
-11.6999
3.28434
-11.7632
2.81797
7.17258
2.82421
7.42103
2.40459
7.08932
5.68355
7.42826
3.30891
4.78861
-13.9951
7.64197
-9.37321
5.02661
5.39224
6.83795
2.86063
4.52532
-6.03667
-12.7158
5.02644
-12.3773
8.11343
-12.7552
6.63147
6.89847
3.85983
3.3946
-11.2805
5.70865
5.67694
-3.72273
-9.7111
6.15645
7.81959
7.68279
6.52804
-3.54677
4.51806
4.87234
-14.3416
3.98338
7.97659
5.70901
-13.6318
5.26095
-12.0988
-12.196
8.63779
2.7657
6.51921
7.45876
-13.6852
5.80946
7.81776
6.59168
-15.6405
2.83177
6.73549
3.64417
-5.75801
-9.69164
2.92198
4.54191
-10.6131
7.65436
-1.06532
-11.822
5.9025
-0.550936
-11.8283
7.56589
-12.0418
7.50721
5.33051
7.33632
3.96352
-7.95554
-10.3939
6.31282
7.86555
-12.4589
5.91895
6.73478
7.76379
2.23313
-3.20722
3.52717
3.17695
8.06168
5.10118
3.33075
5.33607
2.85674
7.31749
-9.9693
-15.1097
3.24634
-12.8606
2.89275
-14.0358
-11.5993
-14.6833
-10.5507
8.75397
7.20309
-15.0146
6.92469
6.76801
-11.1132
5.1771
3.91999
-12.0841
-15.4598
6.39284
-10.1487
3.20453
-11.5934
2.98245
7.81106
-3.92469
2.61716
-13.8799
5.48215
7.77824
2.45923
5.39612
-7.67649
0.994372
6.48877
-12.6544
2.5524
-12.4625
2.80357
-13.6138
5.85069
7.37717
4.36364
8.10756
-16.2168
-9.93709
-14.9071
3.14003
-13.6137
-10.9159
8.48179
-16.5832
0.0606361
7.93767
-16.2325
-11.1894
5.84561
2.93424
3.05028
-13.4263
4.04669
8.25552
-11.4522
-14.6869
2.42857
-13.1661
-11.6684
4.19903
2.71085
-2.86361
2.85925
-15.7535
2.95811
7.46297
4.07163
-10.6529
3.27211
-0.941783
-12.3703
3.66504
-0.83832
-7.47153
7.451
-11.8899
7.29333
-16.5107
6.36273
4.07477
5.21759
7.56763
4.57857
4.96569
7.25869
2.9675
8.48828
-12.7887
-14.7754
4.5593
-16.9033
3.31174
4.19486
5.85231
6.478
5.32027
-6.59947
8.28776
-3.55044
-12.8858
-5.53401
-14.5339
8.57735
6.31805
-12.6469
6.86207
3.17555
5.62969
4.06069
4.53171
-10.4492
6.75367
7.47544
3.49391
2.76545
2.69064
-4.82244
-0.264668
-1.69075
-13.3671
4.50104
3.91693
4.65337
5.48525
3.49954
4.40311
2.77468
4.12374
6.66004
6.69799
8.27582
-1.97842
-12.8458
-11.8713
2.8692
7.05911
-1.20295
-10.3681
-11.2446
3.18528
4.57322
2.19368
7.56449
3.61297
2.86363
-10.7454
-0.593905
3.80536
4.92872
5.58624
3.01057
-12.3684
3.49508
6.11356
4.17421
5.23626
-11.5567
7.9511
-7.68818
8.75711
2.93768
3.11571
7.25187
-11.4078
0.714684
5.98714
-13.1744
-14.4302
1.65603
8.01259
5.34294
-10.6681
-13.793
-13.3603
4.37595
-16.5202
7.47988
9.33726
-10.3935
-11.1349
3.80998
4.61408
-1.54918
-4.05707
7.05243
3.34208
-11.1654
3.97894
8.74993
5.43472
6.78197
4.7831
8.10739
7.64733
7.29605
-12.9309
6.29864
3.44615
3.07158
7.17316
1.26499
2.93246
-16.3342
-0.606214
-0.354494
7.41275
6.92717
5.92277
8.60357
5.61378
3.99849
-14.908
7.22086
2.97022
8.38029
0.461336
5.07529
3.19033
7.45381
-12.6861
3.46325
-14.3065
5.98031
9.11325
6.94517
5.8868
7.61899
-11.6582
6.4288
3.08181
7.04265
6.71184
-10.7687
4.49789
7.32881
-13.5963
-13.4408
3.54401
-11.4786
7.61118
-13.0195
7.85128
-13.7699
8.02388
-2.80608
4.39623
-11.9687
2.58691
-10.084
-10.1816
-10.7222
1.98292
-13.4616
4.27357
3.38869
4.39165
-11.8192
7.23324
3.08855
-16.4007
-11.0338
-12.3446
7.2752
-13.5643
3.16326
5.71627
3.70849
0.353871
7.48912
-5.47973
6.2841
5.04465
7.59419
8.34668
6.62642
-14.1676
7.41124
8.01021
-11.1315
0.062963
3.27099
4.38191
-10.7526
6.75188
6.95845
-12.5289
6.88168
-4.34637
-3.0827
6.88006
2.74463
-17.3387
4.65128
6.58362
7.83096
3.66196
6.9114
4.91164
-13.1632
3.38552
-11.1635
2.37599
2.87379
-11.3216
0.752234
2.0739
7.27985
3.45939
5.05056
3.40092
-13.8353
-12.065
7.52894
5.93276
4.81851
-10.7181
2.90732
-0.978683
3.35841
2.88238
7.08248
7.7547
-2.00886
2.88151
-14.1003
-11.9273
7.61911
-9.07267
8.68023
-14.2291
0.362042
3.81184
6.32988
2.89862
6.27115
5.59912
-10.3105
-7.48588
-13.5379
-11.21
-16.4303
6.60469
3.44003
-4.15004
3.51287
-2.54584
-13.1029
7.39333
-10.7925
-14.9025
-9.99323
7.0743
3.33215
4.50636
6.98947
-13.3986
7.85729
-12.589
7.25408
8.55342
2.88935
-11.0802
-11.4346
4.78043
8.28361
8.55107
6.58949
5.88384
-0.340338
-15.4571
6.07749
4.11177
-11.9014
7.50114
-12.544
7.40045
4.79629
7.44174
-11.5284
6.81085
4.64208
7.50742
7.67811
2.54807
5.27953
-11.0874
2.67637
4.70814
5.88565
4.3369
-15.8806
3.99239
3.32078
-6.316
-11.6818
2.86106
-13.7037
7.39323
-10.859
-16.4423
6.89105
2.60313
5.64225
5.04942
3.13885
-14.5366
0.174642
6.75773
3.97339
-7.29384
-8.35743
-9.30693
-14.482
1.48937
7.83696
-11.9958
2.86269
3.98619
4.27364
6.99642
-15.5163
-13.0869
6.02067
-13.9539
6.81263
-15.2328
-3.53805
-10.8608
-13.4836
-10.7494
2.96174
2.60895
7.70571
2.88427
-16.6868
-5.19652
8.05049
-0.192715
3.20738
-11.8965
7.26839
-4.07949
-7.51016
-10.7564
2.86143
-11.7089
2.25813
-13.5236
-11.6807
7.81915
3.26578
5.83652
8.0951
5.07823
-4.71867
7.64678
5.2822
-12.5374
3.16896
1.95352
2.60433
6.00777
7.7913
-13.9297
-13.6869
2.31324
-11.0189
4.40635
6.9439
5.80787
-11.9534
-13.1757
-12.3428
5.32904
6.92238
6.46223
-11.1267
2.32068
-0.106144
4.82899
-13.1226
5.18335
2.4132
-16.1349
7.11461
8.50262
2.91992
3.5415
4.57471
8.3018
-5.22676
5.39862
7.11777
-12.3191
5.36241
-10.1062
-10.7015
2.5171
-5.96059
7.88487
-10.6533
8.03154
-10.5817
4.17095
6.83336
7.78369
7.87271
6.2206
1.61284
8.56491
-15.9353
5.55351
7.10209
5.8121
-13.4298
6.86412
6.95014
5.41198
-13.9051
4.73416
-10.2602
-10.4877
8.12536
7.66668
-2.09823
-13.2372
-15.4352
-1.72177
8.16816
2.9406
-13.4679
-12.0493
-11.1846
-10.0354
7.00534
5.96828
5.05204
2.61997
8.59992
7.56886
6.82425
3.28768
7.28479
-15.5226
6.16166
-14.3913
6.64381
4.88593
-7.13051
4.99201
-15.9202
2.7358
3.45734
4.4908
4.47959
8.27084
3.42235
-4.88544
1.22661
5.19774
-2.82545
-13.2309
-10.455
8.31587
1.20002
-10.9745
-13.5839
-12.7644
-13.2003
-10.112
7.86482
6.24012
5.62474
4.22984
-14.5038
-13.0167
3.19153
8.0992
2.69062
8.09709
-9.98677
5.21202
-14.6501
4.23293
3.26282
4.87402
-11.4157
5.132
-17.219
-11.5726
2.29369
2.46996
4.88069
7.79242
2.92748
3.99042
-3.96249
7.61497
7.47162
4.8455
7.38972
2.52226
-12.1188
-0.954463
-5.5442
-8.04812
-13.3897
-12.6268
2.73907
6.51505
-10.8633
8.47248
4.501
-16.6921
7.43966
7.2734
6.0413
-5.32131
-12.7833
5.78869
6.88521
6.63639
-13.1472
5.22362
-14.8487
-13.6619
-16.6896
-14.2755
-10.3805
-12.2619
-13.8591
-9.58614
-7.36127
-16.7977
-16.7391
-11.4721
-15.6104
4.84351
-13.8081
7.27325
-13.6193
4.74014
-12.1925
3.67863
5.90845
-11.7865
-9.60522
-11.6642
2.31605
-4.91525
4.97745
5.63175
8.0054
3.03236
2.9812
6.60652
3.93029
2.65958
0.40497
6.86793
4.45157
6.00028
5.29317
-13.4552
3.78901
-10.4219
-13.5501
7.17228
-0.987795
7.51705
-12.86
-10.3096
4.32679
-14.3298
-10.6223
-13.8053
-1.39415
6.08451
6.99299
7.87753
5.47855
6.71822
6.25835
6.06525
-16.1234
-16.0277
-10.4665
-16.4507
6.24712
7.32585
7.91763
7.23576
2.72855
7.47124
6.78751
1.16775
7.53521
2.433
5.19039
-13.743
-10.6558
-12.0616
7.54011
5.19328
3.2209
-11.2087
3.2844
-14.6222
6.04841
6.80393
-10.8285
-14.1436
-6.90937
8.75481
-3.44232
6.48244
5.22325
-12.5168
2.88021
-10.4839
2.858
2.89367
8.1598
-13.8543
-8.03212
-2.02744
-13.2087
-15.609
-10.0232
4.36985
6.17418
5.94911
-11.5923
3.11881
3.95472
3.14365
2.61351
-10.1929
-7.65046
3.20388
3.03314
7.54905
4.42719
-15.1454
-13.7537
-16.6388
7.56543
3.11768
-10.7607
1.81604
3.70768
-12.7465
-16.1919
3.06713
5.19122
7.83394
2.66399
7.28536
7.96891
-16.084
3.06532
7.38858
4.52642
-12.3479
-13.3097
2.86179
-15.6335
-12.9535
6.93643
4.8569
2.4256
6.86173
5.08156
2.32419
7.65305
5.40718
-13.2887
-13.3286
1.527
5.36024
6.70147
4.15179
8.19346
5.25268
3.09695
7.53002
7.92968
7.36449
3.15931
4.98921
3.00537
-11.2395
2.82197
5.88627
-16.4794
6.15117
4.3664
5.59108
3.21385
-10.9069
-12.2339
7.87051
-7.62556
5.70553
2.53546
-12.7019
6.8178
4.96859
-0.172438
-10.0635
-15.689
7.34067
4.77184
-13.831
6.20258
4.14068
-9.73697
-6.4552
-12.9089
-10.1499
-5.291
0.697253
4.43788
5.65694
-15.8618
-13.5306
8.11665
2.843
-12.6659
2.53156
-8.90353
2.57703
6.63256
7.01983
6.65833
-11.9961
5.4322
-13.4516
7.74091
-4.09757
-12.7824
-10.5622
5.16516
-15.6224
-10.153
7.9546
3.07033
3.86799
-14.826
4.85325
2.8876
3.04791
-14.3944
4.22731
7.9762
1.52648
-10.4028
4.78314
5.25925
3.87016
-11.8574
-14.4772
-12.703
-11.7297
7.4656
-7.81442
-12.9787
-15.9982
2.6376
6.97263
3.15155
5.69353
6.46496
-10.4807
3.42724
-13.0963
6.49288
-9.78517
-13.912
1.21085
-13.7103
-1.16403
-12.8905
8.73595
3.24477
3.04574
-2.49444
4.12525
-10.3713
-6.00255
-6.04066
7.00321
5.27044
2.47004
1.76235
4.86102
3.89601
3.07259
4.0076
-10.7138
-8.27328
7.00727
-8.58324
3.05338
-10.9573
-10.7061
-4.98589
8.7526
-11.1845
-6.76208
11.2967
-12.9614
-10.4294
-9.29163
-1.01127
-17.9331
8.2097
5.79493
-7.2158
-12.9449
3.22901
-5.96492
-13.0295
2.9783
7.47328
-7.66096
-6.28158
6.50628
8.18769
1.95306
-10.8271
7.92371
-15.8532
-14.1298
5.78807
2.54547
7.75954
2.8334
-9.47177
8.09104
3.08509
-13.5189
-13.7812
5.56542
4.71046
-5.13183
-15.7158
-10.8315
-10.2909
5.88189
-12.6701
-7.98966
8.15024
-10.6304
8.25599
5.83084
5.00321
7.56119
6.34447
4.35717
-5.21182
-7.91275
7.57449
2.80296
8.12615
-11.5036
-8.14779
3.88345
2.68425
3.53332
0.679104
7.55516
-11.115
-3.04192
4.20246
-10.8207
-14.3454
-7.35663
3.8719
-13.5308
3.7462
-11.0831
-15.8098
-11.2597
-5.63023
5.50139
-12.1878
7.20531
-13.549
-12.8234
7.43693
5.43301
4.1592
-13.8332
4.7187
5.88028
3.86424
4.67351
-13.0804
-10.7743
-12.7028
4.48243
8.08849
-12.405
-13.5838
3.30822
7.51069
0.812204
7.41396
-10.4144
4.92013
-6.53362
3.67678
6.13586
-12.2043
-15.4055
-14.2132
-11.2212
7.09603
3.18687
6.25986
-12.795
2.93904
-1.0147
-12.6209
5.05289
4.43524
-12.3363
3.66304
-12.9847
-12.1078
-12.2685
4.5727
-7.92219
8.36356
7.76564
6.4528
-11.9346
8.16639
-14.1025
3.92084
5.0054
-1.10531
-7.00378
-12.346
-10.3095
7.46666
5.13189
7.12403
-13.6078
-7.448
4.52204
0.819632
7.35097
8.69708
3.29624
8.15375
-2.40501
6.67453
7.25146
0.190469
3.97806
-12.4717
6.19815
-7.28595
0.472706
-15.3642
8.62831
-11.3894
-11.9503
-14.1405
-6.63615
-11.3524
2.91555
-12.7801
2.91196
6.30059
-9.53396
3.03672
1.90579
3.77265
-10.5945
-6.93599
4.37323
-10.2829
4.80693
-8.99785
-11.4479
-4.62709
2.85766
-11.803
-11.1574
2.78936
0.345638
-12.4145
-16.2189
-12.9879
8.04182
-0.194318
4.24818
7.37981
-3.0467
4.59817
5.36695
6.45982
5.78414
-12.9232
-11.6915
6.47729
3.61876
-12.2169
4.1627
2.72952
8.74971
-10.2874
-3.7537
-11.9387
3.89491
5.01065
-15.5409
0.303575
-10.1339
-5.36779
-9.78302
3.85005
-14.9638
-6.95899
-0.241906
-1.02736
2.35583
-6.83011
5.08794
6.27358
-12.6008
-3.1186
-8.35182
4.70496
-2.56074
-7.80399
-6.49498
2.56148
6.89705
5.4429
-12.7062
-13.5328
-13.6964
-11.4202
3.05493
3.08486
4.97231
-6.28377
-13.2214
-8.17596
3.4697
7.37228
-6.0551
-16.1724
-16.2541
-13.389
-12.9585
-8.29754
7.81625
-10.4844
3.10765
6.78272
7.18064
-12.3896
-13.1873
-9.18247
-12.6379
-9.74913
5.95231
-9.91571
-10.7345
-16.1364
-12.7837
1.72427
-1.25573
-3.33526
-4.6305
5.11027
7.27189
7.1839
-13.9988
-12.288
4.00574
-11.2551
5.24625
-2.89333
-12.4571
7.32717
-4.86053
-12.6165
-12.5777
-4.99074
-16.6618
-12.1406
-11.9366
7.59843
-7.13064
-10.624
-12.4356
-13.1327
-12.6895
-10.383
2.12154
-12.2794
4.46964
8.01636
4.37636
-12.8961
2.52637
-12.0318
-12.216
-6.4899
-8.45602
4.34314
-15.5004
3.76037
7.63241
-9.48314
-10.3026
-8.06407
0.568279
-12.5296
-1.13791
-10.8656
-2.05991
-14.6264
2.065
-12.7921
7.80736
7.32073
-10.9468
-10.966
-11.4422
-12.1456
-5.1108
-10.4497
-13.696
-10.3568
8.15419
4.15967
0.871803
1.44096
-1.10618
3.70693
0.0602242
-12.311
3.927
-12.3471
-8.3018
-5.89266
-10.3585
-12.257
3.17413
-3.41623
-12.3432
-0.854131
-11.5896
-12.2716
6.51672
-6.92743
6.89351
3.66787
-11.833
-11.866
-12.4779
-12.9651
-6.5299
-7.471
-10.4988
-11.3205
8.00417
0.669805
-8.99054
2.7117
6.69521
-13.4065
8.2665
-3.61854
8.40601
-6.52324
8.39303
3.98381
-12.0928
-9.84077
-11.3493
-1.13793
-15.8607
6.11858
4.40952
-4.22942
-0.213318
7.29613
4.22464
-0.518238
-0.269727
-14.1068
-11.8498
-12.2566
-6.90073
4.32501
8.6744
3.46392
-12.7619
4.62485
-8.70798
5.36744
-12.6236
-12.2425
0.105966
5.04796
4.51984
-0.456654
3.76431
-0.0740726
-12.1859
-12.6161
6.07008
6.86976
1.32614
-3.58534
3.14489
8.65049
8.17684
6.13356
-14.1669
4.1189
-6.01553
-4.12854
-9.14209
-13.0052
4.11611
-2.66674
4.85884
-0.208838
-8.14356
-8.94524
9.03278
-7.12957
-12.2675
6.36249
-2.60778
8.01594
2.84662
8.4658
-9.96089
-8.01368
6.23449
6.37994
-16.7916
4.80749
-10.2268
-12.3954
-11.2147
-12.8069
-2.52927
-10.1876
-8.45995
7.94862
6.01102
4.27301
5.59324
7.7211
-1.468
7.80366
3.5033
0.57291
2.46402
4.85208
7.8138
4.52943
-9.54445
5.39126
2.98452
-15.0718
3.88622
1.75404
-5.05937
-12.6279
-9.62887
2.31966
4.24457
3.71338
-8.47399
-12.1444
-11.9891
3.37159
1.00717
6.29269
-2.04497
-12.0707
4.52886
4.32155
-7.05251
-6.60697
-10.917
-4.89029
4.79117
3.9916
2.90191
8.27904
4.23319
4.14692
2.02708
2.39092
2.255
-4.45378
5.36436
-9.25654
-11.0973
-10.13
-11.1671
-6.01783
-13.0993
7.28257
-5.91674
-13.7829
-11.8579
-9.78185
-5.50694
6.54744
-13.8879
-15.4084
7.33001
4.45319
-11.4059
-3.24926
3.5572
-13.6259
-9.72876
4.89935
-12.5553
-12.2292
-7.6439
-9.35415
-2.75602
1.32743
-10.6797
0.601689
-12.0588
8.74252
-12.4943
-7.09185
3.5089
-10.2788
5.46529
-12.6546
8.08416
-14.328
-17.6857
-7.40141
2.56141
-13.2909
-15.4775
7.51698
-1.71881
-11.6293
-11.2691
-6.64111
-12.822
-1.12
-13.3675
2.4919
3.1708
-10.2365
7.32074
-15.0758
-11.1779
5.56379
-10.5911
7.73706
0.0450026
7.82805
8.3994
-4.83063
-11.7971
8.19597
5.22577
1.34069
8.64739
-14.1671
5.61127
7.64904
-14.121
-17.7517
1.48291
-10.783
6.53818
-13.3591
-7.5764
-11.2595
4.64551
3.48752
4.09674
-12.3279
-8.93554
-9.95827
-15.9175
-8.37308
0.592388
-11.8973
-6.82285
-9.9584
-10.4456
8.33415
1.19141
-13.3002
-5.81403
-11.5704
4.60928
-10.2878
-11.8403
-12.1458
-6.02622
6.57615
7.95238
1.4636
6.43516
-11.6778
5.15037
1.50956
5.09144
-8.02864
-11.3454
0.358993
2.70072
-11.9445
5.32984
6.6794
-11.5822
5.1436
2.91826
3.84099
3.66933
2.35544
-0.210639
-15.8863
-9.07004
-1.70511
-0.958387
-15.5161
-5.62332
-11.3419
-5.56107
-14.1279
-12.5353
7.91065
-12.0398
-12.8752
3.98674
-11.3813
-9.87358
7.96418
4.72148
3.38173
-9.26544
-0.203638
-4.25949
3.62404
-11.8297
-12.927
8.38438
4.3101
4.74732
7.71491
5.4247
7.56663
-12.0083
-11.1236
2.94919
1.99366
-13.6538
8.18914
-0.638857
4.47316
1.44545
-12.4155
-3.95587
1.5328
-12.7272
-15.9711
-11.6662
-9.9216
9.01646
1.00453
7.94817
1.736
4.50135
2.74094
6.61086
-15.5057
-17.4051
8.2017
-5.53671
-1.52397
-12.426
-10.4686
-3.42355
-16.431
8.10378
-4.69483
-13.574
6.09054
1.16267
7.65476
3.63002
-1.47276
-6.77364
8.14802
2.86873
-10.9682
7.55512
4.56879
-13.347
-12.4607
4.13807
4.70589
7.78619
-0.222043
2.12354
-15.1906
1.42095
6.70422
-11.3193
2.75503
3.15237
3.84181
-13.7137
-11.0235
1.35452
1.54124
-12.8436
-10.6924
-2.64252
1.33056
6.50108
-8.27275
-1.6799
-2.39837
3.18935
3.38269
1.37377
-16.3879
7.93715
4.88773
-13.9789
-10.8741
7.07829
-6.70807
-15.2786
1.3408
-1.32021
5.24461
7.72706
4.4625
3.01833
-0.508825
3.01335
6.23238
-13.1057
7.91904
-8.40721
3.26897
7.35502
-11.0977
7.11613
-12.6916
5.98055
1.53626
-10.9227
-10.749
5.66553
-5.65139
1.17362
-3.99004
-12.3277
2.56696
7.23172
6.73536
3.0645
-12.6394
3.01279
3.05618
7.92315
4.82822
2.44317
3.45655
4.59152
7.9017
-11.5165
8.38155
-10.163
-11.5624
2.9663
7.27894
-13.4157
3.17917
-0.881265
-3.35717
-9.52999
2.25096
8.14861
8.38999
4.50895
-9.4808
4.40105
-11.0152
7.21528
4.78552
4.97107
-12.7111
0.0783321
-10.5027
3.91931
-1.85173
7.69046
-10.7347
1.02762
-14.6343
7.31752
4.39955
-11.0795
-1.87916
-1.17307
-12.2238
1.73018
-2.89486
-0.516115
-0.510021
-11.7178
6.94318
4.87665
2.63913
-12.4257
2.8132
-10.8236
1.51366
-11.3581
5.67157
8.57622
2.53519
8.01276
-10.2964
-11.8245
1.81322
0.504411
-0.183368
7.87712
-0.131763
1.17554
-4.30869
-12.7773
-15.8711
-15.288
3.26321
3.22462
1.29863
5.55211
0.292718
7.67096
-7.05609
-1.5799
3.36827
4.04961
-10.5746
-0.155906
-12.8754
2.36591
-8.52012
3.62153
-13.6248
-1.00053
5.49249
7.41103
-11.0865
-2.49957
3.87634
5.61839
-12.8929
4.00531
-12.8642
0.503739
4.09113
8.14138
-4.90681
-14.628
-14.3011
4.64074
6.88952
-10.0666
-15.7153
0.59982
2.90237
2.63643
8.02972
-13.5727
-9.6459
7.1334
-12.2504
-12.9309
3.22712
4.48117
-0.799669
2.61781
2.35975
7.8412
6.3365
1.77662
-10.632
-14.2593
8.5295
-16.4841
-10.5958
2.7726
-1.49263
-13.4911
-12.5794
-2.95969
-4.22319
-0.26519
-12.7364
-0.803281
3.65542
0.56006
1.41294
5.10066
-0.231857
-9.21975
-12.6119
7.23685
-14.1576
-13.9828
-11.1949
-13.9645
2.6692
2.6571
-7.76295
8.1001
-15.3638
-4.24573
-9.73747
-16.7959
-10.7268
-15.3037
-14.2464
7.96954
8.53793
5.38601
-11.2375
0.363029
-12.138
4.6923
-1.06993
1.78961
6.30165
-7.32013
1.6772
3.29078
7.67833
-15.549
1.62136
5.89303
-13.7734
-11.6676
5.56899
-0.187826
2.83144
1.18109
2.02108
2.1436
-12.0343
6.1057
7.66501
7.73545
-0.560024
-2.6733
-10.8538
-12.1301
-12.0474
-14.3543
4.57412
4.60326
-5.90084
-11.0035
-12.6676
-2.19277
5.27185
-5.2807
4.4734
4.33603
-3.24526
6.73454
-3.92609
-7.27896
4.77008
-10.5027
3.80926
7.28609
-15.5109
-15.9505
-12.1901
-13.7344
9.25067
0.212419
2.46479
2.34638
-9.62073
-11.953
-10.8293
8.1078
5.2585
5.43984
-10.8315
1.07289
5.80616
-2.49404
4.39358
7.92164
-6.65682
-9.07566
3.07285
-13.6988
-11.3569
3.75075
3.37315
-12.1625
2.85678
-10.0007
-12.9773
2.95866
8.45977
3.19476
-13.9552
-12.7666
-7.30851
8.17055
4.25133
6.93483
6.09813
3.15723
-13.6391
-11.8683
-12.5357
2.15989
-12.2688
0.550492
-10.5553
-9.55365
-12.0791
7.20276
-10.175
7.47711
4.58737
5.08465
4.23628
2.99663
3.36387
-8.40416
5.65794
3.49802
2.68029
-4.69061
-12.0295
6.84133
-6.07162
7.11743
-1.78172
7.46374
4.12347
2.87979
4.36077
1.1423
-0.519084
2.14379
-8.05072
1.37329
0.0117904
5.08828
7.10464
-15.7946
-12.7485
5.68313
-0.731944
5.8546
5.99318
7.44516
-10.8253
-11.0567
1.6544
-10.9749
3.99823
-1.87163
6.38239
4.6794
-11.5943
2.10956
1.53908
4.29243
4.42772
-12.5283
6.50884
1.38071
-11.3935
2.36587
4.8771
-1.86404
-7.78981
2.68847
1.88744
-12.1946
3.12556
-9.00025
-1.1722
7.51454
2.1731
-9.98456
-16.3552
-9.6587
0.384571
-13.1701
3.39872
8.15829
-11.9782
-10.952
8.08046
5.51216
-5.0399
-0.552229
-11.3565
-15.4689
-10.2557
3.68212
8.4075
-13.0241
-11.1068
3.52567
3.16279
8.33616
-14.3575
-10.7861
-15.0874
4.45539
5.703
-10.648
6.66147
-11.9392
-12.442
-11.3892
6.94459
7.30948
-13.0196
-4.43332
-16.0888
7.94203
-13.9574
-10.2542
4.26289
2.76626
0.65574
-0.691922
1.22182
7.35479
-14.0892
2.50733
1.94556
6.60707
1.66563
2.58523
7.9538
1.83384
1.39071
-12.4487
-11.8304
-11.7058
-17.2349
2.07022
6.10407
7.08979
5.61807
0.126011
3.00146
3.69599
5.78395
7.03695
-11.7018
2.25269
0.638841
7.62851
-14.2275
6.68705
7.82765
0.190519
4.29074
-10.5428
4.68388
7.78624
-12.1819
-11.2748
3.62154
-7.83779
7.40387
1.61256
8.60004
3.47243
1.81305
7.40479
-7.09293
-7.42627
-3.54561
-5.53315
0.781099
7.64884
-10.0081
-6.76052
4.69798
4.71093
3.29853
1.2392
3.43456
3.5566
-12.7922
4.47361
-12.6271
5.24448
4.60389
2.15316
4.83024
-12.4308
7.16605
4.77137
2.24895
2.60887
7.32423
3.24492
3.16304
5.79945
2.66675
5.62931
4.23419
-14.7911
-16.763
4.79351
7.65764
8.14345
-3.40564
7.69121
-7.048
5.72866
-15.9482
4.22541
2.89249
7.75186
2.86678
2.24585
2.16775
2.99018
-11.0032
-11.3385
4.52205
7.95305
-12.3185
2.10756
-8.81162
2.19168
8.70719
-14.6293
7.60432
2.88946
1.76951
7.91033
-12.1619
-10.5457
2.7971
2.06829
2.1869
2.06431
1.37618
-12.3203
5.55588
2.46296
3.16552
4.21401
4.62658
-5.30833
6.39516
3.58139
-11.2356
-4.8439
2.31469
-12.0428
-1.5317
5.44246
6.88604
6.54211
-12.8718
6.15077
4.47553
-11.2919
8.07929
2.23806
-12.294
2.25606
-12.3085
4.53303
7.93662
-12.211
5.62087
2.80835
-12.5166
8.00074
4.67132
7.89932
4.5882
7.87528
2.24818
-6.96297
6.69443
-13.5947
5.45884
2.98468
1.4853
6.54777
3.00857
-12.3904
4.66714
7.8072
8.16723
7.47466
-16.4682
7.84685
1.57925
6.58633
-12.3019
-13.8848
2.26428
8.25084
4.26059
5.9339
0.87948
-13.2385
-6.06941
3.65108
-14.6744
5.8458
-5.88259
7.2203
1.88574
3.38895
4.73097
5.27965
6.96348
5.99787
8.2772
-9.84995
8.5148
-11.3062
-4.83251
3.74565
-10.941
3.50394
-10.4517
-10.4988
7.28533
4.0854
2.19233
3.62984
4.83651
2.48183
-9.9266
4.87824
-0.887638
3.99705
6.71336
-9.7172
5.06966
3.14123
7.40375
3.15202
3.42187
7.77932
-10.2563
-13.0071
-13.1463
3.36147
6.4316
8.27097
-10.9555
3.53879
1.31949
-12.6483
2.37974
5.97301
-11.9061
2.34032
-9.74555
2.6147
1.01629
8.08039
-12.6092
4.08531
-9.5697
8.76583
0.0506225
7.48617
-6.89411
6.97876
4.01229
-1.53014
4.71911
7.74589
2.1321
-15.6964
-12.3775
-10.4293
4.52554
-3.49198
8.19496
2.09975
-11.54
-9.26813
3.5686
6.95244
2.09136
2.52239
5.27336
2.74995
1.86498
2.88549
-13.5813
-10.842
3.49477
1.68374
-0.612239
1.36811
-0.815281
6.6936
-10.2391
-10.5177
7.07547
2.98226
2.34505
3.02492
-4.9846
-7.1894
-10.0112
2.20276
6.04871
6.63934
8.04843
-12.864
-11.8263
4.33497
7.07246
3.38054
8.48221
-12.4042
5.13233
-11.8632
4.58338
4.90026
6.7083
-15.0669
7.97762
7.7969
-11.0985
-9.82126
-15.0095
-12.6022
5.91353
8.02384
0.305796
-9.43008
4.31085
2.02064
2.10872
6.6809
2.13309
7.74569
7.19303
7.6469
5.35891
3.17047
-11.0186
6.31246
-5.75606
3.97192
5.22149
-12.4759
-2.84952
7.61721
4.38258
-10.5395
4.94113
3.26289
-8.46529
6.37415
4.64923
1.86177
0.578871
2.45053
7.48528
6.29112
-11.9555
-8.4686
2.82293
5.37422
-10.7167
-12.5666
5.02972
2.8563
7.75946
-11.2052
6.64641
5.56684
3.91778
-0.0848584
3.99707
4.08512
4.18399
3.6431
5.01518
2.93898
-0.764533
-6.20168
1.60981
7.88147
-11.4595
2.20741
-12.8098
7.55736
8.34363
4.90776
-16.7694
4.10685
1.21765
-12.6699
-11.5887
7.87952
2.43584
7.51816
3.97867
6.38691
-1.51289
7.05492
-0.346148
-10.9833
4.6085
2.29585
-15.0282
5.54549
8.31254
-11.2846
1.42672
-7.41021
6.3132
8.60009
5.16567
2.31011
7.44257
8.21641
-13.6279
7.57184
1.73563
4.92635
-5.69185
7.63922
-13.7448
7.31695
-12.2166
7.58143
3.15649
2.44443
3.10043
-12.21
7.6713
-13.4449
8.25851
3.07827
-0.273042
-13.9856
8.56609
-12.1861
6.59073
3.2408
6.34066
3.58924
5.66154
6.68738
0.552603
6.85844
-4.51469
8.14142
0.899718
7.45939
4.67772
2.28489
5.76548
-12.5225
-9.53596
5.04777
6.60165
5.3359
7.83644
2.42376
2.11325
-11.7516
-11.1928
-1.60285
7.15213
2.28855
8.41897
3.15019
-11.0126
4.81533
1.86692
7.95005
-11.6975
-1.60423
8.34488
-5.67926
6.87056
6.19241
5.13655
-12.1083
-15.0727
4.91836
2.60848
1.38164
6.3032
7.04601
-7.81806
-12.062
7.92392
-0.214601
6.47533
6.08664
8.25757
5.89536
7.48681
1.85642
7.0372
-13.2449
-11.7162
2.64985
7.8834
1.71826
7.42568
-11.832
3.67221
7.95674
6.25943
3.62142
3.06255
6.26265
-13.5814
-11.8962
-2.11999
7.62597
4.07558
2.71506
2.77992
2.39727
1.48365
2.09188
6.24634
1.72746
-15.7107
-7.41832
-0.421908
-12.553
7.16417
5.28336
1.27296
-12.326
3.69901
-12.0243
2.262
6.78894
2.96994
-11.4653
6.51658
5.10295
-11.4564
8.1922
8.31737
3.17618
7.68281
5.10641
8.21115
7.1389
6.69258
2.56246
2.76583
3.27417
-10.9373
6.273
-14.2807
7.99552
2.72868
-10.1619
5.73577
1.95656
8.11232
-0.480325
2.19425
-6.6506
7.36203
3.85188
8.48975
8.19188
4.7343
-12.7011
2.64638
2.83406
7.98538
1.9901
2.85433
1.03149
1.54067
1.82412
2.23033
2.58171
7.28461
2.69345
-2.32899
-2.94054
8.45113
8.51021
-8.06132
-12.6132
7.45202
8.37643
8.29054
-13.1006
-10.6095
1.14979
5.94327
7.59925
5.48734
1.82675
3.95456
5.74907
3.06741
3.63963
6.26056
4.61014
3.11408
2.75211
2.98724
-5.48649
5.14144
7.74064
-14.9491
-4.78644
-4.13743
-10.9225
-12.0202
3.78514
3.71733
6.59295
1.74085
-11.6706
-11.5122
3.33876
-3.9196
-13.092
-8.84228
2.75601
8.41617
1.28671
8.42995
5.06711
5.22445
3.39332
-12.0954
8.0552
3.51275
3.57453
-10.2572
2.22671
8.65422
-3.19929
8.04845
8.71438
-12.6501
2.75033
-6.0484
-13.9588
4.41475
4.10792
1.97843
2.66406
-3.08948
1.57955
2.70497
6.55549
2.00153
7.98429
7.04029
-0.103608
0.646251
7.79418
-8.71287
3.80639
2.97075
-14.0623
5.03081
7.16751
7.53034
8.33507
8.27708
8.46837
6.40836
8.40938
7.02749
1.85843
-1.0371
4.65916
4.09544
-6.79962
-4.23442
1.46074
4.57065
4.76155
8.61766
-12.4307
6.20456
3.32501
4.84581
5.35037
4.67034
3.08814
2.47439
0.926005
-11.3747
3.08235
7.81854
7.01736
7.0614
5.98407
6.26797
7.56615
1.81508
0.336668
2.62495
3.03989
8.61583
4.94106
7.8718
-16.8488
-12.3621
-7.65179
8.29629
-17.8465
-9.68314
-17.4756
-9.46446
-9.38845
-17.4099
8.10846
-9.78045
0.672242
3.18759
-9.20129
-17.2381
3.92803
2.08689
3.31732
-11.7252
6.29297
-11.6013
-11.3603
5.86876
3.78621
8.47566
-9.60266
-15.1128
2.66806
6.45452
-17.0338
-9.37558
-18.1926
-9.80753
-12.3782
-15.0558
-1.63819
5.18916
8.57056
5.54505
3.21519
-0.731749
-1.86446
-15.8867
-15.1915
-9.73882
-18.3767
2.47439
0.889776
-1.70951
-3.60017
1.96098
-7.38731
-12.1265
8.6502
-11.6468
6.47704
2.63652
2.87836
8.08873
3.27662
7.97434
5.04353
8.11396
-10.9742
-4.6998
3.59685
6.11018
1.70876
5.11292
-15.3399
3.65581
8.62334
8.59763
-16.9691
-15.1681
8.20696
-14.1219
3.93905
-9.46344
-9.5225
2.8163
8.67004
7.80469
-12.5074
-0.595715
2.92432
2.99548
3.17201
-8.93398
2.84247
0.27028
0.153903
3.32042
2.498
-2.69656
2.74038
7.88816
1.71387
-6.74015
-10.2778
-10.2438
-8.71191
-8.97677
-12.4386
7.70319
3.81138
1.86168
1.25659
-11.5117
-17.1206
2.82378
3.61234
7.726
-4.30351
-8.24421
-6.0663
2.38773
1.95627
3.43923
6.09637
6.99285
4.52112
2.19973
6.84929
-12.1804
5.1953
2.84973
7.81602
7.58471
3.89916
-9.71258
9.26658
2.54902
4.29386
6.51406
-10.9953
-9.28119
-6.10388
6.39972
-0.73352
-2.07366
0.0875093
2.25648
5.52585
-10.815
8.10035
8.4994
8.62154
1.03377
7.78971
-12.3347
-10.9102
2.97837
1.6821
5.02026
2.94824
3.46483
7.08757
1.67345
-12.6727
-14.0964
7.61923
-17.7015
2.95939
5.48214
8.58708
5.89909
-5.29447
1.38507
-11.3886
-3.96965
1.9554
4.48671
-17.1532
-4.09522
-12.3823
2.3504
-4.893
1.28916
6.45885
-18.2517
-6.6207
8.6554
-11.6436
-13.6605
1.94815
2.59819
-16.6065
4.88356
8.697
-8.19379
-8.02797
2.67812
4.60944
-9.48356
2.83202
-10.94
1.47938
4.78135
-5.79117
1.90705
3.07326
7.99532
1.71
-9.55472
-18.6338
0.387576
7.65195
-4.49953
2.51993
-12.6627
-9.1583
-7.30922
4.55793
0.641489
-12.4968
-8.11665
8.61846
2.94975
-4.29027
-18.552
2.52118
2.39557
-13.7177
3.20909
3.8829
-4.9693
8.67009
3.36155
3.01479
-9.5364
-9.32851
1.70854
-14.1369
5.77927
6.78449
-1.69909
-4.89762
5.78231
1.68247
8.54617
-13.443
1.50366
8.63939
7.95109
1.08933
2.77854
-0.596998
4.53351
2.83176
3.50714
-6.89967
-9.56264
7.0438
1.69915
2.71427
8.7217
-10.9931
7.4904
-11.3906
3.98098
-2.92104
7.09103
1.45755
8.02848
7.65436
5.87755
7.44436
-9.12245
2.86389
-7.12184
-12.8108
-5.6132
-6.62414
7.27334
5.13033
1.53275
-4.15487
7.40752
-10.9615
-12.4302
1.17095
7.17704
8.43229
-9.51808
-10.5132
8.26587
-13.9933
2.94748
-7.96227
-11.2163
2.96777
-12.3903
2.91635
7.30073
5.52062
-3.40326
8.47413
-12.0767
-6.62884
-2.36006
2.35366
-11.8763
5.71381
5.29512
-3.49914
0.536963
2.95847
4.14656
8.00196
-9.88653
7.86759
0.259312
7.7997
1.69042
7.90468
3.25476
7.51164
6.8095
-13.723
4.00509
6.20287
2.5317
-13.723
8.27315
-9.05615
8.33774
4.59314
7.15849
7.96585
3.83495
1.04125
7.29196
-13.389
-11.8334
-3.32752
7.42038
-11.328
7.33113
-12.8166
-0.211734
8.07217
-13.5168
-1.35785
7.13283
6.83178
-13.3205
1.59947
-3.96007
-8.09605
-18.77
-9.59829
-13.129
-10.309
-18.6824
-9.52484
-12.2116
7.46869
-17.4862
1.57703
-14.2915
1.17829
-14.647
0.245512
-11.293
6.06453
-5.2869
7.93724
1.79624
4.92265
7.66591
2.44944
0.0821883
8.62354
-14.2634
-1.45127
-0.957232
1.37705
2.99104
7.33414
0.18044
-15.7469
-17.0051
7.41025
8.74702
7.78121
7.38903
-12.2108
8.22241
-5.85086
8.66856
-0.708939
-0.183015
-9.42026
-11.5087
5.5325
3.33721
5.88655
4.38677
-9.52377
-4.76877
-12.1017
6.53169
-11.4407
8.71399
1.37661
-0.676321
-13.478
-12.3494
2.39014
-11.3972
-0.0715416
2.73641
-9.84746
-14.1317
2.77084
0.837819
8.12903
7.01052
-11.8654
-18.0282
-11.4371
-8.71965
-10.5102
8.65046
-9.62574
1.92854
-2.17939
0.309928
3.8125
-10.6123
3.90457
7.79901
-10.8269
-5.19707
-12.8151
5.35372
-13.1293
-7.36046
1.57525
7.64767
-0.577687
8.16554
8.2901
-1.19531
3.54606
8.35965
-13.6807
-9.962
2.31395
2.90556
-0.0177137
7.3753
-9.59747
-9.57984
4.98843
6.7704
2.94013
-9.54328
-12.7117
-9.56428
2.93351
5.99497
1.19998
6.53628
3.47332
2.95938
2.48128
-6.87668
-11.612
6.53896
4.59962
7.58458
-12.4523
8.43551
-14.1129
-5.1541
-9.66039
-3.22443
-13.2918
-3.28555
2.55197
7.60051
8.54861
2.0971
-9.58392
-18.1591
8.36188
8.65984
-7.20493
-12.0961
5.88601
5.34007
8.45626
-7.01717
2.34229
4.32278
-8.99169
-11.6447
-7.32411
-10.891
1.42128
8.674
8.07264
5.17362
-9.72664
8.66746
7.49377
5.83558
2.50846
-10.1565
-10.3585
-8.40098
-12.3768
5.89767
-3.99454
3.05087
5.22279
-9.82322
4.65325
4.70737
7.98684
0.512699
-12.0684
8.06672
4.14909
5.11455
-11.2885
4.30051
-0.798776
7.34262
-12.3918
-10.0638
3.14622
2.42344
-12.6862
0.977376
-11.6376
-8.37553
3.74345
3.87063
3.05893
4.0101
-12.3807
-1.09404
2.81106
-5.70435
2.39814
4.61831
1.00361
2.44216
2.47619
7.74519
7.63277
-8.69077
6.29406
-10.1624
7.78569
-11.5278
-10.8245
-8.43817
3.88166
-6.55174
1.05631
-13.3207
2.61959
-17.7914
6.83592
1.85134
1.57382
-14.0125
-18.2629
1.68245
6.21079
-11.2225
-11.8726
-11.7083
8.26921
1.06832
-13.225
3.89061
2.59718
-10.2745
7.89822
3.06585
8.66689
5.09786
-9.56422
3.95575
3.18875
8.16289
-9.74026
2.64892
7.85654
-2.86009
-2.04611
-10.2782
-19.0646
3.35198
-12.1462
-8.30428
7.08968
3.04128
-7.94076
8.21224
-13.4127
-12.7464
5.39402
3.4202
7.24744
-9.09482
5.87708
7.90757
4.18361
7.94128
-4.44901
7.68462
8.31236
-11.7178
5.87134
-17.569
-11.7389
7.89486
-12.4749
5.90389
6.49459
1.16088
-9.17426
1.20402
7.97669
2.39631
6.41317
-16.984
2.06277
6.1616
4.06749
6.41949
7.82397
6.83026
0.512586
8.70646
-9.70754
-14.2567
-9.55931
-2.31189
-11.9829
7.53204
5.64347
2.55514
-10.5011
-1.59494
-1.31227
-18.2168
3.87114
4.6512
2.2358
0.206618
2.08197
8.4076
-3.46496
-13.2032
8.33647
-11.9203
7.87288
2.11179
-11.6039
7.91645
4.24986
3.96259
2.85032
-0.534663
1.35361
3.66161
-13.9167
-12.3888
3.00412
-11.4073
-11.6443
-0.159627
7.93044
-4.77341
6.84089
8.6953
3.65508
-12.2
-12.8353
7.9053
-9.61618
4.66069
2.01033
-9.16571
-4.65174
-6.36692
0.0512209
-13.0861
7.36711
-7.30138
-16.2358
-14.6913
4.14653
1.25113
8.07679
3.13345
-0.78066
7.94176
0.77592
2.52542
-12.8186
3.4933
4.36658
-4.40535
2.17823
0.5407
4.97055
-12.0056
1.92856
0.0995511
-0.163213
2.97846
2.96521
2.46808
2.06166
-12.6432
-9.71452
6.969
4.52256
-9.98124
8.17117
1.834
7.88212
1.53641
5.18311
0.357431
-6.96323
4.88013
-10.6833
-0.845565
4.72731
7.75415
6.38294
7.94928
5.07744
-11.3049
3.33881
8.06154
8.03546
8.16076
7.89962
-18.347
-1.20217
-12.2712
8.73271
0.53095
7.80144
4.82041
-1.74656
-0.0525073
0.384747
1.95863
1.44521
7.15779
-1.1205
-13.2812
4.53257
7.99068
4.15581
-12.1065
-11.3699
-11.2059
-2.55877
3.12555
-13.2615
8.32881
-13.7614
5.47595
-16.9546
-9.10434
-12.3747
2.94086
3.81716
1.9013
7.61415
7.75098
-6.63459
-10.8688
2.77291
-10.714
7.18067
8.03394
6.07373
3.98971
8.03478
8.22378
3.74534
-11.4672
7.41627
0.733009
-1.51423
5.07425
2.09548
-11.7742
1.562
-10.5136
8.59474
-14.9274
7.33327
1.6805
-13.2342
-3.75936
7.50449
-4.20456
8.06214
8.02774
6.90567
-7.74889
8.1372
-13.2679
0.800509
3.98865
0.523592
-2.66044
6.92228
7.71668
-12.7013
5.23794
-9.67761
-11.4707
-0.109607
-4.32991
2.79702
4.80082
2.81129
-4.9033
-7.25278
4.39732
-18.8493
4.49024
-1.18188
-12.5462
1.38626
3.27209
8.46814
-1.84255
-14.5223
-13.8312
-0.491384
5.80335
8.47198
3.84291
-8.38471
-9.61581
-18.3941
-3.70566
3.06937
1.92304
-5.70388
8.38926
2.67408
-3.17148
7.65914
4.66716
-10.4371
-2.6402
-9.64934
-11.4542
4.54873
-11.9526
-8.69283
8.20008
2.78721
3.02501
-4.06249
-1.77873
1.04601
8.45817
4.64211
-7.37614
5.00068
-1.66669
3.76114
-11.052
3.01837
4.17584
3.1558
-12.6811
1.18045
-17.8831
7.80323
-0.979356
4.79861
4.23233
-2.12878
7.52726
6.70241
8.08903
-8.25565
7.41468
-0.943781
0.865495
0.408589
-11.4776
3.59511
-4.13987
8.53285
4.67375
-10.1535
8.15917
7.75922
7.46388
-2.09862
-11.6218
1.73427
-12.5973
-0.868382
7.04389
-12.1882
1.58634
7.46073
-0.536831
-3.08014
7.45531
5.64837
-0.713368
6.31453
6.96916
0.393127
5.85501
3.67698
2.797
-2.58607
6.74824
7.80726
-1.44982
8.07563
4.43674
-0.777655
-0.430795
1.46987
5.81964
-10.69
4.55977
2.51008
6.69924
8.41466
-11.5898
3.03657
7.87792
-9.98303
2.04764
-1.83645
-8.03046
-13.0566
3.65005
7.45529
-0.243457
6.91858
0.758531
4.61089
2.17524
0.299917
-4.68337
-5.07261
-11.5336
4.06129
-11.6066
8.27268
-7.23695
7.60821
2.65166
6.24838
8.70144
-4.23501
-13.7508
2.7606
-17.8969
-10.8788
3.82249
-4.34599
4.69636
7.6871
8.70331
1.89041
8.13615
-11.6291
5.74206
-12.6678
2.44356
-12.6903
-6.10863
2.90051
5.59681
3.69239
3.86747
-8.79624
4.26301
7.91997
-8.6901
-5.70338
-6.15466
-18.4935
-9.57907
-4.06831
-12.2435
1.00077
0.21991
7.91062
-12.2373
-11.1589
0.684958
3.76171
3.11892
-6.70264
7.86863
-0.463681
7.98466
5.52145
4.60396
-0.600795
-7.85324
8.01399
-12.4824
6.86359
4.71749
7.89494
3.37066
6.02802
-11.6058
-11.8833
8.37478
-9.46579
6.2956
1.3189
2.67029
2.33331
6.64848
8.18038
4.83074
-8.48179
2.597
-12.1223
-11.8141
8.28354
3.09319
-5.18726
3.04866
-9.45034
-16.1646
3.55134
7.13999
0.646811
-1.08629
-12.295
-9.96883
-11.7944
-12.386
8.43621
4.59116
-1.31646
4.5711
1.80727
-7.60121
8.08264
-12.9969
7.18177
-0.156412
3.80025
7.67196
-3.38175
2.88809
7.90845
-12.9767
3.97997
-11.7702
-13.0474
-0.322678
3.70114
-2.52069
-8.33135
2.91596
8.38719
-10.9974
6.48692
-4.60004
7.9354
-9.6543
1.00031
6.61571
4.22795
4.20963
8.44271
-0.966683
3.58608
8.23522
-11.4462
-6.17014
-0.848016
2.52368
6.91594
5.60627
-12.4693
-14.1608
2.64349
7.04171
7.87678
3.49642
4.68294
7.99347
-12.3264
6.54081
-14.5033
2.7894
6.80693
8.05106
-3.06991
8.06835
3.63983
7.87611
-10.121
6.21904
2.8298
0.949223
8.08122
3.23986
-16.9878
-11.7391
8.17474
-14.386
-0.897703
-1.95687
3.45417
8.33697
4.35541
6.12207
2.18548
7.62682
7.99567
-7.17336
3.27702
7.09405
8.3694
-11.9751
-2.60012
4.50522
8.06992
-12.8868
-13.7494
-11.1593
-0.940638
-18.9298
0.911654
2.99624
-0.287308
4.63747
-3.9178
-14.183
8.24891
-2.01416
4.73657
7.56303
2.76463
-3.02922
6.54252
-0.319913
-10.7471
-4.8458
-9.88113
2.25204
-4.06701
3.54025
3.7312
-4.74197
-10.1887
4.77788
6.81442
4.51761
-4.89488
7.87093
3.8206
-5.97554
-7.99457
4.42835
7.98522
8.39203
6.16092
8.74157
-12.8605
-4.63437
5.79892
6.57956
-13.538
8.11905
3.03185
6.78588
-2.50739
8.0061
7.88965
2.5393
3.16583
4.99636
-0.943359
7.98133
7.89681
-5.9624
5.21356
-1.05736
8.3136
4.09474
-12.883
1.20402
-6.42128
-1.7736
8.12908
4.92132
-13.1669
2.89075
-11.5244
2.53026
7.34585
8.67948
2.80651
-3.40747
4.50183
-8.81024
4.73823
2.5123
7.26236
8.04403
2.65802
-13.9654
-11.8789
7.72847
3.4654
7.15845
-5.73274
3.34959
7.88245
4.26886
-2.72485
7.81156
7.19542
7.83301
2.75618
7.8504
6.98022
8.71192
-9.57125
-11.7103
-9.44842
6.35734
2.79638
-2.46941
-9.35455
5.54435
-8.54116
-6.80994
2.70495
-7.36828
-14.2166
0.965055
-10.8648
-4.62316
2.83163
-14.285
-1.84368
7.37773
-10.5621
2.97326
3.42943
-12.8114
4.39074
4.58235
-10.0687
-14.6443
3.55182
8.1054
-12.1924
4.86819
2.67553
-4.89373
6.58764
-8.26767
-13.9362
3.3567
7.95526
7.88491
-10.2506
4.75693
4.52913
-3.65795
-10.4794
-2.95933
-10.7708
-17.2331
7.22403
8.5126
-2.09673
8.7225
4.45236
4.64912
8.81969
4.88074
4.43312
-0.664705
3.01895
-14.6737
-2.51754
-0.217199
3.05795
7.97154
-12.4361
-6.58607
8.58652
-13.2543
-10.8642
-7.38888
-13.366
-4.1459
-10.5911
4.73058
8.71688
2.53935
6.31956
8.71187
-17.1459
3.76381
-11.5323
-11.2426
7.39056
5.22181
-4.26132
-9.61766
8.0637
-3.99993
8.03405
3.64228
5.91125
7.56716
4.16527
5.26672
-2.27722
4.16761
6.40925
5.32228
-11.6285
4.29465
4.50973
-14.4085
4.59161
3.52662
6.24673
7.73114
0.571945
3.87449
-9.17651
5.86173
-4.15677
4.65345
-11.8283
-5.43829
4.50723
8.67331
7.7479
-13.5109
7.87332
-11.0943
8.01426
2.10953
7.79199
2.09916
-11.3557
2.4849
-12.1405
7.93368
8.37553
4.69753
2.94773
3.91491
-10.6982
-12.8663
-12.0709
-5.83894
0.393247
3.6895
-11.0652
3.98773
8.14474
-10.7495
0.825736
-4.79544
-7.02227
7.9707
-14.557
6.82216
4.32072
5.16754
7.57767
-14.987
-2.59902
3.263
-6.8689
-8.5865
7.81635
8.28184
-12.3871
-12.1083
-16.7234
2.51111
8.18626
-0.00918379
-12.0712
-12.601
-9.61291
-6.05509
3.58776
4.93713
-5.63188
-2.39039
7.96883
-13.6852
-11.4869
7.86886
6.9288
4.48276
-1.56705
2.81688
-7.54835
8.55743
-6.6372
-11.7121
-11.6071
7.7417
-3.53495
8.20827
3.55367
-10.6888
6.43552
8.4915
6.08243
-12.8068
7.46246
5.16026
4.08612
-3.07612
7.89881
0.0981527
-12.679
-12.4574
2.31106
3.00933
-11.3019
-13.0958
7.3467
2.95831
8.54146
2.69366
-11.9787
-2.31846
-4.16608
6.60259
7.82333
8.72951
7.59226
-12.8608
5.44055
8.60719
-2.74892
7.79934
7.07995
7.69301
5.46584
7.70258
5.8786
2.93565
3.58423
-14.1687
-13.668
2.97655
7.63228
5.99548
7.4628
-19.1597
-12.0934
3.71101
3.57309
3.10639
3.04212
-12.2875
4.60208
2.69214
-3.05861
4.5781
2.31552
7.37865
6.55077
-6.84407
-11.7401
-2.47457
4.16703
4.97172
7.56263
-9.62957
7.62784
-14.6178
-12.9226
-9.76979
3.89296
7.88786
-14.7944
5.57093
0.86845
4.39429
7.83461
4.57084
-11.7575
3.11075
-11.4563
5.20306
-2.54393
-3.66092
7.95225
0.258784
2.6904
4.64822
-13.9938
7.6198
6.02014
4.58671
-14.4038
-13.6586
6.9197
-2.61937
-12.1189
-12.8433
7.38776
-11.0934
-8.77585
-15.2164
-12.0468
-12.896
8.80279
5.92171
-12.1127
-14.7705
-4.295
1.14672
4.74792
0.120841
4.5379
8.57034
0.788751
-9.32817
-5.09327
3.11719
6.53527
-9.37827
3.07117
2.95254
3.62904
-2.83055
5.67392
3.16513
-14.1075
-12.6054
3.63772
3.13568
-10.7625
8.34511
5.33715
3.24905
7.65526
2.5236
-2.0341
-5.54955
-8.85101
-12.9933
4.90212
4.64799
-4.25499
-13.0995
8.70639
-12.3166
4.87435
-3.4989
5.98892
-11.8505
2.79105
6.63875
5.18898
-11.9519
-4.25257
-18.5701
-4.73256
8.07275
4.92727
7.05223
-0.888158
-13.0397
-17.1419
-11.5994
2.41731
7.79853
-2.05564
5.34976
2.30761
7.79636
-12.085
2.86959
5.43626
7.98643
2.60395
-13.1976
8.1708
0.771985
-9.67043
-11.9498
4.44421
7.36228
8.1901
-11.804
5.02758
-12.2704
5.52786
3.88459
4.1139
-7.10206
5.6569
4.59284
-10.112
7.9267
2.76782
3.23458
5.77612
2.21374
5.21599
4.79879
3.19549
2.12062
-10.4712
4.20007
-16.0734
4.54234
-14.273
-12.5438
6.27112
4.291
-11.5834
-9.92243
5.45598
6.50201
4.64886
-14.2548
-3.03859
6.88845
-13.2271
5.48914
-12.444
-3.27192
7.83579
-10.1592
6.98204
2.81892
6.99006
-7.35684
-12.1744
3.12219
5.20698
3.28932
8.73926
2.72879
-7.14519
7.10574
-14.4771
-9.83264
7.55956
-12.0218
-16.6936
7.73951
-12.533
-10.1164
6.37611
-10.9571
7.21385
-11.6701
-10.1386
-19.0204
-14.1965
-0.702289
7.14569
6.95201
0.225071
8.03775
7.39194
-11.138
-13.3701
5.59471
7.64519
7.46413
-10.803
6.91302
8.3942
7.47824
-12.949
7.36172
7.19135
-9.58475
-16.9247
-10.339
4.3209
2.94492
2.7421
-10.025
7.06292
-9.14499
6.6039
7.11844
8.08115
5.87456
-5.43962
3.19314
-11.2107
8.31605
-12.5605
-1.4856
8.24269
4.12205
5.08314
6.87995
7.63344
-12.5684
0.645809
7.8913
4.39634
7.23584
4.31463
-3.54754
5.49228
6.83159
3.11472
-12.972
4.74528
3.64768
2.67256
7.1006
-9.95444
-12.6685
-12.3936
5.27104
6.66415
8.73641
7.44345
8.47077
6.78922
-12.3385
7.74042
6.65483
6.92364
-11.51
3.18905
5.78171
7.88426
-11.2014
8.25205
8.31876
6.80759
-8.09928
6.80673
4.56579
-13.5963
7.86421
1.98154
7.02234
4.2219
-12.8091
3.34829
-2.53073
7.80975
6.00374
6.90244
-12.4967
4.80674
6.93324
1.905
-13.8546
-6.48232
3.60861
5.47546
-15.5949
-12.3274
-4.94723
7.45183
7.51614
7.70302
8.21188
1.35369
-16.1031
8.27702
4.59221
6.09513
5.38722
4.64305
-8.64751
2.90996
5.16247
4.40891
-4.39079
-8.59799
7.19277
2.52593
-11.0232
6.99234
-18.6891
4.58618
4.90401
-3.49695
2.26133
3.19273
7.9236
8.31547
6.29057
-8.80616
8.84039
-9.93085
-9.63436
-5.00887
-0.874913
7.5157
3.95393
4.32302
-12.3737
6.06299
3.31407
2.89886
5.94146
-12.049
5.21365
-12.5647
-12.8115
8.23969
7.90162
6.39462
7.90077
6.14945
7.18663
-0.64847
2.58909
7.28362
8.74406
-0.0171658
2.40357
3.75024
7.73929
2.81457
5.33345
4.83687
3.20145
-14.3034
3.72635
-12.7256
7.94484
7.0465
4.5376
8.18471
4.54731
-14.0219
3.00334
-13.122
-12.0213
7.46514
-3.13324
7.0514
8.70464
6.10607
2.28067
4.21615
-13.6968
0.374708
6.0534
2.40781
6.29445
5.71354
8.73952
-11.5851
2.71975
4.67202
6.35004
-13.718
6.66103
5.59544
-12.5912
-9.32432
6.03212
6.17544
-9.7358
8.14407
2.43576
1.31431
3.19001
7.61631
7.60621
5.27455
4.54205
3.91267
2.37624
3.48175
3.94963
2.50861
-9.02021
0.455833
5.88037
-17.0319
-11.2455
-6.19884
-14.1251
-0.650245
-8.08706
0.593291
-14.917
8.20726
6.11423
5.53206
7.84096
-13.5252
5.5783
5.67019
-3.7842
3.78582
-10.9087
-0.131221
-0.61633
5.92019
2.42717
8.1428
8.31448
-18.0402
-13.8216
-3.45365
-11.7007
-3.76794
-8.55249
-2.99926
2.74527
-0.109337
5.87568
7.13285
3.95797
6.96816
7.73893
-11.9966
-11.8585
5.67653
8.11588
4.43412
7.66214
8.07688
2.47786
-3.44272
-6.92165
3.33495
-8.48627
4.61518
3.66261
7.07909
4.82055
6.33007
-12.8415
-7.68275
-14.2369
5.07031
-10.2022
-13.9952
5.74395
4.04584
1.28123
-3.1054
3.47212
-12.0939
8.11431
-16.5094
5.49649
-17.0151
2.62811
0.0734148
5.38803
8.6731
7.76051
5.94667
8.11406
3.87203
4.56463
7.85294
6.18489
7.02261
-6.97499
7.06132
5.0379
0.874847
3.45769
4.22142
5.36819
-10.8059
5.69056
7.4187
-3.16258
6.81069
4.90426
3.18772
6.93641
-13.0883
8.18642
4.55688
4.16628
4.64154
-17.3344
5.97244
5.59242
-15.8669
4.6291
4.38415
7.27889
4.42204
1.17317
7.00266
6.31437
6.09639
3.32748
-8.08705
-11.1609
-14.1533
5.80062
-12.5085
-17.0437
-9.3487
6.09391
3.47366
-8.09823
5.33818
5.31735
-13.3803
7.18407
-11.2247
3.86005
1.53289
-4.85825
-10.3479
3.70377
4.85591
4.07605
6.69132
7.89604
1.82341
7.66863
7.68226
-1.78146
7.74375
8.22099
4.59904
6.93064
2.09545
-0.251318
6.09242
2.05329
2.82861
3.15655
8.59375
-5.87418
-5.88086
8.25301
-9.48439
5.25012
4.58198
3.1471
5.69162
2.96846
7.79756
4.98542
-14.924
8.0996
2.43586
5.09636
7.12424
1.10809
7.0573
5.72629
-9.76758
7.9277
2.9578
5.43985
7.85729
8.66284
5.69509
-8.23579
7.6724
-1.36188
-5.84524
2.06112
2.70055
7.64028
-8.77999
-10.6726
5.86672
8.24494
3.00819
-9.4515
6.15147
-13.3085
-7.08333
7.6263
7.92218
-12.8095
2.75771
-12.4817
2.807
-4.86845
-9.10205
8.14054
7.96072
0.939833
8.00652
-11.8366
7.66902
3.29364
5.14047
7.41367
7.53756
-6.92344
5.72867
8.00489
7.49191
4.95572
-12.2364
2.83448
8.61081
6.87141
-12.8207
5.19095
6.18574
-7.3126
1.42977
5.64249
6.26406
-16.1107
6.92514
6.84225
7.97519
2.99529
-14.3062
2.02027
7.81228
-14.105
2.97218
6.37144
5.66114
7.68376
6.24254
-7.44404
-14.2692
4.49293
3.67794
-7.36497
-9.6316
-18.741
2.78712
-17.0434
-9.50823
4.68039
-7.42885
7.65239
-9.33151
7.99279
-13.5786
1.07084
-11.6932
7.7871
8.07903
-8.1978
5.62053
7.516
8.22739
-14.7133
-1.67774
7.98986
4.47482
4.42774
0.342467
-13.997
5.71819
2.86642
5.70557
6.07456
-7.53808
7.13955
-8.1438
2.80162
-13.7918
-13.1121
-9.77571
6.89077
2.91395
-14.1554
2.11799
1.44916
4.24537
-12.405
-11.0705
-2.19628
5.77879
5.20638
-11.4284
2.28681
7.10939
-13.2287
-5.48994
4.43873
-14.0514
3.51419
8.14721
3.44175
8.04934
-9.96883
4.32883
6.74656
2.0671
-2.45192
-13.7635
2.62555
-2.12805
4.89312
5.64937
6.21024
1.27337
-8.5767
3.87778
4.45605
-5.71902
3.10044
2.57211
-10.15
-12.7613
4.75688
7.73385
5.10194
4.69729
4.81709
4.42894
7.67917
-11.6225
-11.4721
4.26229
-11.454
-4.95942
8.38476
-13.7697
-1.18312
5.14541
8.42483
8.01645
3.30196
7.95518
-7.44467
6.18786
2.73025
2.70765
6.69568
4.13019
-14.1038
8.56201
6.91214
-7.4217
6.96829
7.16705
4.52697
7.37746
5.0523
-12.1708
-12.0484
6.09414
-3.14729
6.61054
3.80961
7.91556
5.0941
-10.3665
7.67709
6.26555
8.24233
4.88688
4.62563
-6.60967
4.83594
1.01995
-9.11713
3.5538
4.65454
8.26879
-5.54342
4.71096
-13.5994
4.58144
-14.0955
-10.6158
6.37052
5.11266
7.57065
7.4187
6.00477
-12.5765
8.58235
-11.3855
3.58474
7.47645
7.34898
6.55098
6.96586
4.67403
-12.8337
1.73034
3.66751
7.84654
6.71666
-13.7394
9.01372
-12.1434
-2.08203
7.60481
-1.07478
-1.98267
-10.3711
7.45372
-13.0538
5.34405
3.25297
3.63186
7.8991
5.80928
-11.4808
-11.3884
5.41938
7.88711
-12.012
-9.32709
2.68351
6.06201
7.80648
4.81534
-11.7395
1.76244
1.3845
-9.33266
1.20474
7.71433
7.58769
8.03322
4.28561
-18.5549
-14.046
3.35599
5.69175
6.52159
-13.0107
4.92024
-14.0875
5.21509
2.61742
-13.5985
8.13417
7.86508
4.87281
4.55229
7.95003
8.91893
6.64319
4.84756
5.58903
7.18247
0.766334
7.28299
8.45391
3.2765
8.72932
-15.3494
4.5875
2.91972
5.97861
-10.4198
-11.357
-11.2803
9.57673
2.63053
-9.77136
3.3596
3.14747
-12.8767
2.18983
-1.47275
-13.2555
-10.9867
3.06559
8.02456
7.73632
-12.1238
-14.3699
7.1626
4.74959
-1.57434
2.37136
-13.5436
7.12233
5.76557
-7.45602
-14.6866
-14.7754
3.02452
4.15063
6.99394
7.77611
1.91393
-11.8555
6.98006
-12.0306
-15.4946
7.71818
5.69061
5.90736
3.26006
1.61363
7.07719
2.47047
8.24896
-11.6381
-13.5507
4.45971
5.72645
-10.2991
-18.3164
-14.2229
7.08311
-12.9413
7.32896
3.01644
7.97577
-11.5869
7.98112
-13.7886
-12.6074
5.8038
4.7363
6.74714
-16.3248
-12.9628
7.80437
-6.64034
7.50961
8.02549
-12.2238
7.45569
4.47379
-12.9084
2.80457
0.892644
-8.82678
7.20524
5.0945
2.01457
4.89831
7.95401
2.91544
4.68857
-9.43436
3.78786
7.50326
3.7167
6.88774
4.77676
6.69029
-12.0407
3.75566
6.8209
5.4249
1.85551
-14.9541
6.18392
7.79205
-13.7524
5.40953
-1.86156
4.40683
1.88628
3.49164
-14.4458
7.72938
5.81684
6.95639
1.96338
7.8946
-14.1528
4.14042
1.68125
-10.3613
7.00231
-6.65061
-16.8662
2.0983
5.43377
7.3872
7.00348
3.91372
6.72229
0.736693
3.77234
7.17297
2.54507
3.96839
7.65487
4.21675
-9.03879
-13.8499
-16.3959
-5.77443
7.95123
5.02739
4.18608
5.86688
-12.7908
1.92781
3.65894
-2.05485
-12.2328
6.1862
8.08878
-12.1224
-10.9027
6.40916
2.47362
-13.7924
3.02894
4.82676
5.55177
4.17834
-17.2381
2.89571
8.49166
2.85682
6.31952
7.92288
2.99092
7.52648
7.59323
2.74568
5.72578
-14.1381
7.79358
7.76762
-13.35
3.78401
7.15402
6.73466
-13.4822
-15.2075
6.00052
7.01111
-7.08955
7.27102
-12.8857
7.35916
2.69133
8.41246
4.25389
5.1015
0.777096
7.683
6.74219
5.85947
-8.76747
-4.36283
-18.8163
7.60892
2.54945
-10.1717
-14.0071
2.59952
2.4794
7.52456
-14.87
8.14595
4.11421
2.61845
3.67832
2.99897
6.25296
-15.2225
3.78177
4.71783
4.67932
-16.711
5.12243
7.24904
-17.9229
7.54625
-2.09295
7.53076
7.9672
-14.3846
3.60321
-10.4611
7.70496
0.231313
4.46009
-13.3758
-10.4042
-18.6111
1.05464
-13.1531
-1.26791
6.35638
6.62234
-6.15045
9.26241
8.24148
2.6653
-10.6884
2.5616
2.18566
-10.5107
-2.16627
3.70789
-5.95774
3.84318
6.98445
6.68761
-12.1058
9.84218
4.49399
5.30789
4.29956
3.64643
-5.66399
3.552
-12.8671
-10.4789
2.72629
-3.08575
8.75606
-9.54013
-13.6971
2.00402
2.64677
4.25156
3.74779
0.576757
6.40295
3.80423
3.81016
-16.8751
4.59257
0.161696
4.23652
7.00142
-3.35467
2.99354
4.56927
-16.6819
-18.1338
-12.9153
-11.6712
-10.4871
-14.1077
7.23178
6.77734
4.21003
7.60714
-2.54172
4.27747
7.12611
3.68771
3.12644
-5.17419
7.01969
-12.176
-2.23329
7.45794
-19.2075
2.83174
5.59896
-3.70683
-18.5747
-11.1101
8.00117
8.80193
2.45914
5.04945
-12.5667
-6.13449
5.42612
-14.2127
-12.0871
5.33405
8.33024
-12.4762
-9.94193
7.80068
-17.8775
4.10788
0.0542427
4.39041
4.66693
2.62515
4.63276
3.02866
-13.1193
3.04132
-10.3057
2.27679
2.97494
8.26896
7.01115
3.55939
7.88968
-5.74917
2.40745
6.17729
-10.5479
-18.4413
-10.4193
4.50462
-11.3591
0.621147
4.70121
-12.5524
4.55419
6.95057
-12.903
2.46508
-12.6164
3.9156
-3.88336
7.66364
5.60286
3.52312
4.8297
2.71403
8.40499
6.78001
5.29388
7.82705
7.85923
4.35022
-18.6526
6.14233
1.67787
3.71428
4.95955
4.397
4.2959
-12.5754
-13.6283
-13.8975
-13.9116
-4.62255
-5.93143
7.10526
2.54598
5.22171
7.06322
0.151213
8.51464
2.80283
-12.0347
-1.58435
7.83821
7.0922
6.07228
3.70276
7.48119
-3.6036
-7.86611
-4.07614
-13.2376
3.58199
-12.7371
7.40774
-9.39719
2.51968
3.73929
-11.1955
8.74856
-13.9641
7.99497
3.86824
5.49856
5.50482
-12.0473
-10.7059
-12.5832
7.00732
8.28037
3.81354
6.10526
4.55734
3.09683
4.06421
-12.2683
4.33123
4.01953
6.98733
-10.7195
4.98119
4.35487
7.89558
-12.6053
6.30216
-14.1118
-12.9469
7.1447
6.99481
1.37276
2.96771
7.96374
-9.13458
7.36693
2.69089
-9.87359
7.23145
-16.219
3.48635
5.71348
6.88011
-13.4196
7.6336
3.60933
5.66882
-0.481876
7.12018
0.80883
4.37325
2.58232
7.47072
5.95605
-14.3172
5.03665
5.66125
4.84336
-8.56184
-4.45852
3.97473
1.28371
8.69057
-11.1847
3.55486
2.43977
5.33858
3.44887
7.13041
6.98594
8.08119
-17.281
7.95339
8.06166
8.55468
6.78158
-3.94462
2.56628
7.03885
2.25079
7.40799
3.03143
8.58646
-18.7269
3.37608
-11.9766
4.11151
7.97606
5.74738
6.91623
-0.0820029
4.57776
-10.5738
6.68987
2.12465
3.652
7.69378
4.37296
7.84563
3.41579
5.03704
7.22889
5.62649
-3.83766
5.16114
7.96615
-17.1893
8.52979
6.29641
6.08776
-6.88557
8.40804
8.69841
-13.2476
7.93837
-12.495
5.75451
6.89125
3.64175
2.61758
4.84268
-8.58828
8.06695
5.02038
4.48956
4.45833
-12.7936
7.4007
4.29187
2.92175
3.08931
4.69671
1.9999
3.42008
4.38456
-1.91762
3.03654
7.33076
-10.0989
4.60842
-10.8589
4.70603
-1.44199
7.91229
5.64351
3.25523
-12.8072
-12.0423
6.83008
7.48895
-8.1618
-9.44359
-5.62251
4.66393
2.40727
3.70306
-2.64508
-16.2101
6.17008
7.53226
3.633
5.37004
-12.8366
8.24018
5.67635
4.22903
6.09517
3.14864
5.35877
3.53007
-12.7988
7.17864
3.07837
-17.9544
1.41364
4.56637
2.80714
-11.5304
5.32208
-1.77324
5.47624
6.00671
6.85461
8.43655
-9.57649
3.06525
2.69352
4.83841
3.99346
1.77375
6.08986
3.76544
-13.5571
3.74341
-13.5064
8.2634
6.2172
6.10733
8.45035
-11.4889
-5.93171
7.30607
-1.28469
7.76731
7.4092
1.165
5.0439
7.86848
-13.0155
-9.78872
-11.184
-7.83411
2.68146
4.50184
8.14471
6.4816
7.12194
3.01437
7.64745
2.57286
-18.7124
-13.1491
5.72969
-9.59201
8.18657
-15.8439
-13.0802
5.58682
6.43862
-15.1923
-7.79578
-12.7053
7.92761
2.49607
7.49886
3.26973
-11.4648
-11.4285
3.38627
5.25031
6.68257
4.67526
2.63711
7.98629
3.03479
5.8389
5.7187
6.71824
7.35159
3.24245
4.8312
-11.9944
7.36434
-8.7949
6.60487
7.55962
6.993
4.38505
6.83769
6.2625
-16.9838
8.21804
7.70206
-8.26919
5.66237
7.50966
6.27212
3.56522
7.61259
-10.3184
4.078
6.96585
6.39377
5.31206
-12.2627
-9.39836
-11.7898
6.97121
1.07739
2.63353
2.51596
0.578382
8.27015
2.50789
7.97824
6.51965
-10.3004
-18.6733
7.07432
2.91607
6.94209
-10.0125
-18.1315
-7.81639
-11.8135
3.72075
-15.3916
4.78747
7.10021
8.03316
3.23302
5.82184
3.33563
3.73437
6.67096
4.13738
-10.0966
4.45281
7.18877
3.20594
7.47377
2.74802
4.61148
5.21174
3.43192
2.86201
0.56964
-9.04991
6.14055
3.42424
8.17368
7.25631
-11.2026
-9.91736
5.66023
-14.0901
3.44088
3.28693
6.90554
0.763856
7.12958
-12.2734
1.73789
5.5476
-13.8648
7.7321
6.72045
-12.2682
-2.09671
-17.1106
-9.78779
7.01533
8.68536
-13.861
-12.295
-11.1556
4.10285
-10.1238
-11.2377
7.09992
6.238
6.26085
3.71228
-6.2353
0.297181
-12.3501
6.98596
-11.2995
2.93227
-3.49831
7.2899
4.65077
5.75399
-11.6751
3.46746
7.63663
8.18715
-7.68579
-17.4314
5.55999
6.14601
4.12209
6.24318
0.194907
-14.8472
-13.6282
-2.12312
2.86158
3.51275
4.01494
-13.3136
-12.5574
-0.592662
-3.79353
-9.58527
-13.5795
-13.3109
5.27249
-13.2516
7.07896
-7.80339
4.99574
8.71102
2.75493
7.92584
-10.4028
4.54689
3.35588
6.36404
-13.033
4.80435
-13.4773
-9.02836
4.04269
-8.34253
8.57348
-17.1351
8.08475
-12.9283
-10.0293
3.75271
-12.8682
-10.1625
-11.365
4.34336
-15.1766
6.72366
-10.6455
-13.8645
6.70832
-13.1608
3.0941
7.01917
5.74633
-13.2845
-11.3772
2.40547
5.83793
4.40009
6.76167
8.45258
7.91071
3.89361
4.50024
0.667699
6.91858
5.23556
7.84503
3.10212
5.74751
2.78775
8.10705
-13.3911
-8.7349
5.9695
-10.2609
-18.5356
-10.9402
6.10345
7.65158
-12.5865
5.26673
3.47674
7.51047
4.6715
-8.82343
-11.9207
-5.02576
7.25596
5.94059
-10.3649
5.72818
-12.1816
8.08245
7.44394
-10.3037
5.57473
-13.3959
8.19535
4.41239
-7.39373
4.61258
7.92799
4.10341
3.1397
7.79107
5.09025
8.05962
1.54071
7.33555
2.49841
4.46532
7.31471
-6.91421
7.77214
5.79127
-14.1302
7.64365
-13.3658
-10.8131
8.11382
6.36279
0.446764
7.06721
6.498
-9.54907
6.06103
8.26678
6.72511
5.6724
-0.20993
-6.52405
3.09218
-10.9765
-9.457
4.49777
8.20081
7.58191
-11.6802
6.84982
6.95011
-13.5739
-12.803
-11.0515
7.92711
-8.20222
5.66563
-0.932969
5.55503
-13.6944
1.26575
2.52385
7.98272
2.74939
-17.7769
8.16027
-10.4759
6.22793
5.20571
6.30514
6.08538
6.29413
2.43787
6.29446
5.38021
-8.42192
4.32702
-17.4397
-10.7981
3.84151
-0.0797266
-1.62384
6.8783
-2.30345
3.90127
6.71674
0.766667
7.43398
3.84226
-11.2316
-3.34928
3.33044
6.1079
-12.9618
3.15083
-16.2147
4.29674
-13.9539
-0.835106
3.45883
7.2816
2.53847
-0.741694
-7.25534
-3.47388
-13.6055
-18.3025
-10.3835
2.44591
4.35848
-12.5161
9.58507
2.60142
7.09752
4.56365
7.82509
6.88247
6.15293
-13.3353
7.84755
-12.0802
6.5616
4.54214
6.53325
6.95214
3.87057
-10.1456
1.57506
-10.5635
7.04057
-9.0212
3.93224
4.22826
-11.507
-12.3489
4.7104
6.02813
4.52927
-13.8991
6.10413
-15.5288
7.26232
5.53395
8.49453
-4.1528
-11.8334
-13.0297
-10.1183
8.44956
-17.9062
-1.86553
3.26367
5.18433
-16.6281
-12.0238
3.18021
2.38369
-13.4751
7.51839
2.42445
3.58244
3.42948
6.15803
-16.229
4.53283
4.02111
2.97346
8.79298
-11.7237
3.53649
-7.04564
-16.1921
8.89798
7.42494
-15.5311
-6.16092
2.94676
7.40347
2.52087
6.36321
-13.75
2.98075
2.89849
-13.9755
7.73688
6.61687
-11.4637
5.14815
3.39629
6.71415
2.94242
-12.4855
-18.0756
4.6236
5.54645
6.63896
6.34037
4.6905
-8.21316
8.15843
8.01548
4.88373
5.23622
2.5268
-13.4082
6.56561
-11.7467
-13.0158
6.2877
6.077
3.7038
3.94491
5.11681
-3.24348
-11.7876
-12.6454
-2.15264
2.52655
-12.4006
-9.76817
4.29334
-11.2144
-1.67576
-11.3077
-12.2051
-11.5828
7.41297
-0.00478877
4.20608
-9.74958
3.93358
3.16101
7.05675
4.63737
6.78618
8.0936
1.55556
-17.937
2.61339
0.758464
2.56979
2.42111
3.14524
-9.67798
-1.37055
-12.5077
3.41967
9.14394
7.70761
-12.3368
-14.2036
-17.3993
7.08758
-12.3636
-8.92554
-13.5
8.69445
7.56929
-1.0897
4.48364
7.78641
2.62092
7.97517
6.86263
-11.0315
-12.6031
2.65344
6.62326
-2.98898
7.59045
-2.81176
5.51492
8.73211
4.71719
4.23552
3.68516
2.90906
3.15234
-12.8263
7.05728
7.67433
-18.0241
2.98655
-2.14353
5.53987
7.71695
3.83875
-17.806
-17.074
2.69673
-12.3511
6.40953
6.92259
3.08125
7.69568
-12.0632
-11.3637
3.32942
0.322586
4.11914
-9.80233
-17.7246
-3.99065
8.14399
-13.0455
-9.85932
6.22571
2.40627
2.12362
-13.3417
3.47707
2.75072
8.43095
5.09365
5.34042
-16.5603
7.96603
2.34847
-10.7879
7.94171
5.69018
5.25089
4.27491
4.59424
4.5536
3.97541
-13.9105
7.16502
3.41871
3.98571
4.66328
2.71702
-6.12962
4.18442
-5.02607
3.93072
7.00855
-13.81
6.42077
-13.8486
3.12682
-12.9632
-13.4378
3.27799
5.76736
5.54106
8.14998
5.30001
-14.3573
4.45214
-10.5225
4.60341
7.36895
-12.5007
6.3412
7.64046
7.74929
8.63244
2.35158
-11.5341
0.727324
3.88379
-10.698
6.24602
4.47247
5.85048
-17.1151
-13.3925
8.42052
8.19743
-1.85091
6.48328
1.94091
-12.2132
6.32681
-13.2195
-12.2916
6.54393
7.15834
-18.2332
-10.415
8.02826
5.4451
4.50041
7.76057
2.48579
4.11711
-15.6617
5.28603
9.20406
4.00449
4.05958
5.78241
4.10296
8.92268
3.70573
-10.8944
-12.8718
4.18692
-12.5282
-14.1897
4.47703
-9.66965
2.41757
8.71098
-11.9958
-10.2756
-4.84608
-11.9928
3.53088
6.36256
7.38819
8.00678
6.48636
7.31724
-17.0122
6.71061
7.38537
1.59741
7.60708
3.62344
6.1531
4.40068
-13.7473
-10.588
5.36788
-2.26606
1.84005
-13.3043
4.80969
7.38737
-18.0275
-10.4239
7.5167
8.62534
-12.9692
8.20069
4.52131
3.44645
6.13663
1.93232
-18.7841
-2.09054
7.48346
5.12332
8.58988
-11.8095
3.39297
7.21009
4.53312
-16.2378
7.34771
8.21383
7.98313
-17.6052
-12.2286
-12.1735
2.78255
-8.71313
-12.7265
3.94408
-11.1785
7.62102
9.44591
-8.06489
-14.1435
7.3383
7.99796
-10.6081
-17.2595
2.99086
-11.2193
-18.3584
5.65632
7.9632
1.97284
2.79373
-11.6193
-12.9235
-11.7509
1.93781
-13.2739
1.47912
-17.5116
-10.5178
3.6576
4.86889
4.56899
6.79972
2.76224
5.93297
-6.25827
-12.2986
3.46295
2.42242
3.51125
-11.4222
2.60143
-16.0015
7.61726
-17.8424
-15.0575
-9.85035
8.02359
0.55835
-17.6152
3.54741
-10.3981
-18.0626
4.23504
7.3526
-12.2755
-10.2929
6.49227
-10.3632
4.14298
-10.4988
6.3719
-3.81404
-1.60808
1.90878
2.41642
-14.2205
1.13623
-12.5501
-4.60801
-16.9482
4.58745
-10.5454
-17.3436
-2.63716
4.75735
3.42013
2.73879
4.2216
7.15716
-9.88896
5.71664
4.11078
-10.2363
3.03625
-13.7153
-10.6237
-9.4798
4.19826
-9.62211
-16.5972
7.2193
-10.8158
-17.3622
4.63491
2.61836
8.01781
-13.7601
4.20912
7.35598
6.16747
2.74253
-12.3467
-13.6763
6.69266
-16.5322
4.41903
-17.1079
-17.847
4.99243
2.84111
4.36111
-13.7057
5.47196
5.40789
6.71004
1.37767
7.61958
8.52628
6.75615
4.69046
6.71087
5.31195
5.49801
4.52388
8.90888
2.84372
4.6418
-2.64156
4.10508
-14.4943
-12.3805
3.64254
3.3938
-12.0945
-11.7345
4.01303
8.12586
7.7833
5.40364
-12.8811
-5.94299
-9.71389
1.81596
1.87785
-3.15354
4.67739
-10.9115
3.57006
7.57841
-10.8519
6.30506
-5.06638
8.90708
6.89277
7.61722
-7.00848
-12.7884
5.22428
5.61723
5.10617
7.15863
-12.6343
4.58909
-12.1849
-12.8136
-13.1014
9.03188
3.61724
1.86251
8.72273
-17.1487
-13.818
1.49993
-10.9379
3.83065
-0.131725
5.39045
-11.3108
-9.41906
-10.999
-16.4942
-11.0942
6.04539
3.33556
-16.2482
4.58865
-2.58773
5.56382
-13.649
1.09022
4.11683
-13.0122
-14.2436
-10.1942
8.64614
-11.3134
-8.70356
6.10572
-9.9297
-12.4689
8.55549
4.64663
-19.0003
1.73353
6.88421
-10.3936
-3.60438
-10.9424
-7.92515
6.70228
5.07695
-12.2255
6.20319
1.65275
2.21939
7.40813
-7.3528
-11.9431
6.43507
7.81156
-12.3546
-11.5404
5.77236
6.76288
1.80754
-13.6259
8.44358
5.96927
-10.3019
8.1753
2.27454
5.68292
6.67265
5.18143
2.86974
6.80523
7.21891
-12.2579
7.89503
6.85902
7.39404
-5.96251
-14.0285
2.59798
-12.4659
-11.8493
4.10645
6.88444
8.63575
8.20894
-1.99853
-10.2342
-13.6961
5.7745
4.56293
8.71329
7.47448
-1.167
4.58023
7.32677
-12.8129
-12.4445
6.62863
-9.8527
-13.3608
2.18059
5.4979
-10.8011
4.09266
3.47282
-12.2264
-0.467784
4.76497
8.02158
2.08834
7.82622
9.16341
6.85704
-8.8928
2.20109
6.00136
6.60172
-16.8253
-6.08304
7.62635
-12.0641
-1.76465
0.516438
2.64514
3.90488
-11.2518
9.09741
1.81732
4.59298
-17.6289
4.57858
4.57063
-13.676
-11.7925
-10.1987
3.25361
-16.4232
-17.7788
6.91923
6.81888
5.98509
8.03213
-12.8242
8.47707
6.66427
7.80622
-10.1645
4.3691
6.67706
7.26205
-1.30973
4.58819
4.09516
2.71353
7.74084
2.51308
7.9468
5.14937
-2.34128
-4.046
2.20745
-12.5275
4.61231
2.32139
8.15369
2.00635
-3.54158
-18.5605
-14.2931
5.9945
-15.0534
-2.30489
7.54663
7.31506
-10.9593
-12.0678
-14.1917
-9.90734
3.60743
-14.4092
-11.6307
4.9618
-13.0802
5.63479
3.76809
-14.3558
-11.9602
4.43991
2.41034
4.10711
-2.19166
8.02493
2.90187
-12.3506
3.17214
8.20514
1.94338
-12.6483
-16.9059
-9.43909
7.88821
8.33513
-12.374
8.68298
7.24473
7.41777
-14.311
4.83918
6.31967
-9.71194
4.85367
3.54906
8.20355
8.04672
-11.7394
6.59276
-12.0241
7.82938
2.05965
7.99921
8.09465
5.44579
7.58155
8.19963
4.78645
-10.5002
-12.1147
6.52512
5.17945
2.06325
-16.5927
6.44118
6.79569
7.13705
-5.98174
7.76293
3.75272
2.06833
-9.81519
-11.5849
2.24395
8.17596
4.67099
-13.7042
4.18986
4.10965
-5.98322
-13.4548
-5.6808
5.41285
7.80188
1.45633
9.99663
-1.48519
7.9599
6.50115
0.485158
-11.3722
-12.5497
5.10646
8.8611
3.8747
5.60363
4.59399
-11.9263
-17.7414
-11.04
-10.0881
1.61634
5.78949
-13.2667
8.16115
8.1615
1.85014
8.27283
8.07561
3.57859
6.43763
-3.14755
8.68181
7.45896
-6.69409
7.15474
7.11662
3.62228
4.40696
-17.2602
4.71513
-11.7765
2.94128
-3.63339
8.45675
4.36975
6.69028
-10.5473
-10.7648
8.27521
-4.86073
-14.3267
5.3592
-18.3968
-10.5353
-16.2515
3.75507
-11.9894
7.5849
1.16807
-11.2308
-10.9895
9.609
-12.0193
7.50944
8.50685
4.46312
-13.2175
7.81663
6.35429
-6.96099
2.96191
8.62922
2.11061
6.74898
6.66004
7.51218
8.47408
2.39514
3.07044
-12.5969
1.41055
3.21564
4.98879
-14.528
-4.98852
6.83065
-6.42371
7.85772
-12.959
2.8186
7.2699
-11.4068
7.58609
8.71769
2.48096
7.6202
7.69363
4.58697
8.62454
4.05062
0.378456
-13.0819
7.89601
-8.96822
2.6531
1.7102
4.33755
8.32414
-12.208
-3.47274
4.08261
7.20775
3.91083
-5.64887
3.67303
-11.8553
8.05804
-17.4039
-11.1687
2.53237
-10.425
3.59849
0.818663
7.53509
7.83671
6.68901
4.41398
7.64154
6.5597
-5.09815
6.77413
-10.2082
4.67974
2.69848
-14.4785
7.72773
5.04108
6.4412
4.36108
2.80992
7.59652
-11.0269
-0.714517
-11.9467
5.02467
2.6386
-19.2153
3.0935
7.04991
4.93603
-13.6577
-17.963
8.58977
3.30501
-16.1915
5.64858
-11.3719
-17.5969
4.05538
3.87094
7.52793
-13.7878
-9.81842
-1.65359
9.68761
2.61639
7.48811
-11.812
-17.277
5.85643
9.32604
-16.4847
-11.9969
-9.48007
-16.5523
4.91428
-0.0610525
-11.0042
-5.01408
-1.39249
8.76842
-10.5525
-17.6666
4.88026
-12.7835
4.90951
7.81273
8.74303
8.06539
4.21115
4.08783
-12.78
-12.1922
3.61392
-12.7689
8.14233
6.75552
3.02255
2.70063
5.42499
6.60806
5.99119
8.10515
4.61099
6.45026
5.44474
8.18938
3.85856
-8.29579
-13.4969
5.28209
7.81879
-11.1078
8.03092
-12.6473
-6.28777
7.53667
4.44104
-12.3259
-9.41533
4.6636
-11.2918
-10.5698
-12.0967
6.98619
8.75496
5.21493
-12.5946
6.15176
8.7402
-8.00998
-12.9124
-13.7795
1.88582
8.04547
7.59595
3.36187
-16.6484
-8.41452
-17.7715
2.86221
-17.3157
7.83544
6.01718
-9.99133
0.696944
-12.0291
8.02732
-11.2565
-13.2981
-2.24973
-0.863841
6.73881
7.17251
5.79624
2.55876
3.23307
6.82671
-8.46974
-15.8104
-1.08489
5.67748
4.7957
-10.2095
3.38941
-13.3618
2.6585
5.96619
6.96861
6.60526
-4.54861
6.11775
8.01912
6.41386
7.63425
3.0049
2.90956
5.71993
5.71998
7.8856
5.45265
7.16447
-10.6355
7.71831
4.86389
4.26679
-11.6669
8.91044
4.48182
4.95086
5.13536
2.13354
8.59137
-13.9274
-13.8044
-10.5253
7.91132
5.35315
2.96224
3.52507
5.94876
-9.93104
-7.39329
4.56984
-12.0775
7.74986
7.99988
4.73291
-11.7542
-13.4132
4.37787
4.95107
6.28591
3.99503
7.88439
-13.6419
5.98008
-12.6678
5.64533
-5.95622
2.39902
5.82392
-10.2773
0.664287
8.20647
-13.965
-11.3459
8.40435
2.83539
8.54414
-10.7704
7.64811
-11.3957
2.43908
-13.6709
-12.3019
5.17799
-10.6345
-13.7986
-9.15161
-13.7184
-5.83539
5.43467
-14.1712
6.12426
8.69294
0.525657
-10.9446
-16.6847
8.81341
6.87501
-11.1967
-16.2629
-13.8617
6.13075
-4.46336
-11.7129
6.68865
-8.97816
4.618
-17.189
-11.872
1.84567
4.22607
-12.1831
-15.4731
-13.773
4.19576
5.61434
6.51401
8.6913
-2.76435
3.75587
-1.79964
6.4714
-15.2759
7.81455
5.21298
-6.28501
8.4267
-10.7088
4.73962
-2.92
7.70926
6.82467
6.6613
7.53196
2.93279
-8.06768
-14.2758
3.76701
-1.60073
2.95205
7.75149
6.36285
8.1119
-10.7965
-12.6433
4.27333
4.30862
7.31837
6.20819
-12.5284
-16.4667
9.34898
3.44644
1.17099
-13.4485
4.63919
8.36662
-11.3989
-2.16229
6.75359
4.04959
-10.2848
2.06272
6.08437
5.07675
6.52076
0.859449
-16.2509
-16.6887
-15.521
-1.52296
5.48167
-10.7506
-16.9668
4.20228
7.376
-12.732
-5.60497
-10.8604
-12.533
-3.21906
5.16271
6.69662
4.26485
5.99647
7.80307
3.7077
-10.6531
-17.3518
-2.25873
6.65932
-16.8158
9.97419
4.4355
2.91801
-11.9674
3.928
-16.6635
-10.6741
-11.2375
-16.098
8.68254
-12.3653
3.61693
7.80291
2.06237
-11.9167
-11.1802
-5.90908
6.13795
-14.3258
-10.4244
-16.1246
8.82279
-14.7462
3.05088
-12.7291
6.38665
7.74135
-13.5921
-10.7097
-15.1541
4.51044
7.29775
3.60054
-12.9996
7.75604
5.76145
5.30066
6.33611
-13.1014
1.40225
5.01815
9.55364
3.00363
6.20359
-13.581
5.32094
10.0538
7.53083
7.69527
-11.8858
-13.0799
4.23592
-14.1351
-13.8516
-10.3853
2.34924
-11.2556
-10.2718
-7.69962
7.531
9.0551
5.37541
7.85725
-16.4279
-11.7996
7.93311
5.01179
-10.8658
-16.9982
5.39885
-13.8111
-3.12719
7.93625
-10.2166
4.87058
7.9997
8.0532
-11.4529
3.72399
2.3118
8.41179
7.76264
6.57802
4.38138
4.92867
3.65393
-11.5676
-13.5327
-17.8442
-14.5414
9.00327
4.29365
3.04672
1.73294
3.56604
5.02998
-13.8329
4.15715
3.60005
7.89109
8.337
7.85397
10.6062
-6.81825
2.61647
4.81697
-12.8857
7.1877
-13.0378
-12.3837
5.30225
5.28467
-12.1068
7.68135
8.08167
4.51168
7.32385
4.645
7.7282
-11.2514
3.70052
6.24108
8.66473
7.85453
-13.8151
-12.9962
6.59745
7.72405
7.64707
3.65901
4.87239
8.73285
4.38198
-10.9217
-15.6236
-10.563
-13.9706
8.4394
-11.1748
-11.2617
-11.0775
-15.6303
-16.0624
-13.8535
8.24297
4.30515
-11.6003
7.813
3.46993
8.60721
4.8243
6.16523
-13.7672
-12.5323
3.61978
-11.5574
-15.9631
4.8579
3.33477
5.41047
10.2112
2.91614
3.23237
2.58936
-13.7401
10.3071
-12.2389
-11.7659
-10.169
-12.309
2.74284
-10.2558
-11.0667
-10.0982
-11.6377
-16.3458
-13.5853
-13.9554
-14.0281
-12.664
2.70354
3.39382
-11.2152
)
;

boundaryField
{
    back
    {
        type            empty;
    }
    front
    {
        type            empty;
    }
    outlet
    {
        type            zeroGradient;
    }
    circle
    {
        type            zeroGradient;
    }
    walls
    {
        type            zeroGradient;
    }
    inlet
    {
        type            zeroGradient;
    }
}


// ************************************************************************* //
