/*--------------------------------*- C++ -*----------------------------------*\
  =========                 |
  \\      /  F ield         | OpenFOAM: The Open Source CFD Toolbox
   \\    /   O peration     | Website:  https://openfoam.org
    \\  /    A nd           | Version:  10
     \\/     M anipulation  |
\*---------------------------------------------------------------------------*/
FoamFile
{
    format      ascii;
    class       volScalarField;
    location    "1400";
    object      k;
}
// * * * * * * * * * * * * * * * * * * * * * * * * * * * * * * * * * * * * * //

dimensions      [0 2 -2 0 0 0 0];

internalField   nonuniform List<scalar> 
10435
(
1.55334
1.82921
1.84537
2.04553
2.16292
2.11505
1.83738
1.92313
1.89747
1.9907
2.08388
2.13286
1.98381
1.00798
1.0502
1.92177
0.973587
2.13595
1.79675
1.66355
1.91992
2.01922
1.89802
1.94222
1.91603
0.612896
0.77893
1.87373
0.731356
2.07342
1.92795
2.16894
1.92506
0.741514
1.9886
1.33715
1.99529
0.793702
0.496643
1.8658
2.17383
1.84948
0.762435
1.8909
1.97694
1.9076
2.12072
0.743514
1.83869
1.91432
1.9398
1.96975
0.482291
0.675277
0.52532
0.686904
2.01898
0.812131
0.898906
1.99075
0.514522
1.66948
0.80456
2.01177
1.93601
1.86129
0.848532
0.848046
1.90746
1.95357
0.670025
0.712914
0.58992
1.85916
1.10328
0.76047
1.98282
1.84298
1.90615
1.09111
1.98299
1.38839
0.468304
0.681712
1.99377
1.28088
1.44705
1.88181
1.15498
1.56108
1.96607
2.03233
1.48767
1.23531
1.67572
1.1987
2.0743
1.0658
0.935819
2.09794
1.10451
2.25763
1.33606
1.78451
2.21534
1.97564
1.58846
1.95697
1.99876
1.14849
1.85121
2.29861
1.29694
1.21683
2.09558
1.95048
2.09732
1.39419
1.88579
2.12676
2.09607
0.65681
1.52115
0.865633
2.37688
0.564356
2.11119
0.70303
2.10279
0.796432
0.780696
2.3448
1.93985
1.04323
0.754241
0.431525
1.12112
2.09856
1.77795
1.86639
1.76949
1.9402
0.809672
2.02102
2.06869
0.938938
0.97801
2.03116
0.939791
2.07399
0.695727
2.01783
1.57532
2.03619
1.98265
0.651082
2.37113
1.65535
1.98628
2.13485
2.0173
1.00305
2.05166
2.11495
1.17152
2.0688
1.94159
2.14452
2.08549
2.02963
1.92649
0.529451
0.717103
0.993093
2.09502
1.96774
1.5006
0.874273
1.77532
0.771098
1.96877
2.12651
2.10334
0.539076
1.98351
0.674215
0.683165
1.86178
2.15178
1.98068
2.11206
0.458352
0.767012
1.31145
2.34228
1.88524
0.86274
1.17645
0.811964
1.95994
1.16969
0.769154
1.9164
0.799946
1.87145
2.13551
1.98174
2.13229
0.812594
2.0976
0.62869
1.86555
2.07109
2.12087
0.764359
0.971929
1.25068
0.519149
0.619931
0.968647
0.748044
0.917875
0.839777
0.946414
0.642884
1.96834
0.554073
1.09166
1.94329
0.794036
0.88065
1.96031
0.584901
2.04669
0.825982
0.942886
2.02717
0.650146
2.0352
1.90923
1.79477
0.59549
0.531202
0.690251
2.10822
1.91062
1.08343
1.88133
0.586804
1.76061
0.617016
1.25714
2.00721
2.10954
1.85984
2.0666
0.542716
1.84619
0.600324
0.751121
1.83576
1.93422
0.601518
2.04525
1.3415
0.905593
1.68755
1.90605
0.500537
2.12898
1.82901
1.8916
1.8725
1.8945
0.658768
2.12875
0.790958
2.21753
1.89894
1.89615
1.96768
0.854708
1.82665
1.04055
1.35442
0.477886
2.09966
0.523451
0.686943
0.756854
0.988603
2.26325
0.810744
1.88266
0.504298
0.660706
0.894297
1.44399
2.23165
1.88945
0.839932
2.05046
1.83095
0.630759
2.22139
1.01506
0.918575
2.0698
1.87247
0.688479
1.68678
0.731736
1.52902
2.0775
1.94029
0.658497
0.548348
1.98207
0.870065
2.14217
2.18286
0.770803
1.46278
0.448922
1.89227
1.91676
0.702314
1.844
0.875321
0.811852
1.94705
0.778371
0.686496
1.83402
2.06534
0.823536
0.656187
0.613528
0.706879
0.69513
0.732399
0.684855
0.502863
0.718505
0.692967
0.699313
0.83784
0.842579
0.440077
1.88193
0.690644
1.89851
0.764799
1.86743
1.87845
1.79156
1.99076
1.88129
0.686097
0.718362
0.632537
0.577421
0.681878
0.487587
0.749122
0.754198
0.819488
2.11431
0.73629
1.87161
0.550653
0.779938
2.04247
1.72027
0.477634
0.782569
0.798939
0.809617
0.714953
0.651439
0.917501
0.535227
1.90609
0.846247
1.89682
1.85978
1.90153
1.94594
1.83629
1.8499
1.97051
0.849172
0.600566
0.720061
0.670199
1.83772
0.702558
2.0488
0.885607
0.776239
0.794472
0.800161
0.56488
1.86602
0.804213
1.90611
2.08258
0.547079
0.686597
0.837921
1.75144
0.848226
0.713008
0.612583
0.684469
0.79255
0.733885
1.84948
0.668522
0.687179
0.735236
0.750599
2.16048
0.472842
0.440055
1.61412
0.711547
0.127452
0.125245
0.121216
0.116144
0.110453
0.104295
0.0978502
0.0913253
0.0849661
0.127138
0.12431
0.120044
0.11492
0.10926
0.103271
0.0971344
0.0910944
0.0854517
0.126487
0.123259
0.118813
0.113653
0.108077
0.102281
0.0964616
0.0908545
0.0857354
0.125813
0.122318
0.117717
0.112542
0.107065
0.101467
0.0959383
0.0906871
0.0859327
0.125383
0.121685
0.116943
0.111762
0.106379
0.100963
0.0956811
0.0907045
0.0861831
0.12544
0.121564
0.116683
0.111488
0.106181
0.100914
0.0958312
0.091065
0.0867193
0.126266
0.12219
0.117147
0.111913
0.106649
0.101493
0.096561
0.0919597
0.0877719
0.12826
0.12383
0.118571
0.113258
0.107996
0.102903
0.0980712
0.0935888
0.0895319
0.131786
0.126736
0.121206
0.11577
0.110468
0.105388
0.1006
0.0961737
0.0921716
0.136864
0.131092
0.125309
0.119729
0.11435
0.109232
0.10443
0.0999896
0.0959434
0.14318
0.137027
0.13113
0.125424
0.119944
0.114744
0.109872
0.10536
0.101215
0.150386
0.144725
0.138931
0.133142
0.127544
0.122222
0.117234
0.112609
0.108354
0.159152
0.154615
0.149019
0.143153
0.137402
0.13191
0.126757
0.121977
0.117595
0.171308
0.167306
0.161709
0.155665
0.149683
0.143949
0.138562
0.133572
0.129012
0.18762
0.183139
0.177157
0.170758
0.164427
0.158356
0.152652
0.147364
0.142503
0.207848
0.201992
0.195278
0.188347
0.181548
0.175047
0.168946
0.163302
0.15813
0.230594
0.223318
0.215771
0.208219
0.200872
0.193866
0.187304
0.181252
0.175759
0.254575
0.246517
0.238285
0.230127
0.222204
0.214654
0.20758
0.201058
0.195145
0.279662
0.271309
0.262589
0.253888
0.245403
0.237299
0.22969
0.222658
0.216257
0.30604
0.29769
0.288612
0.279421
0.270403
0.261762
0.253625
0.246085
0.239214
0.334055
0.325817
0.316392
0.306724
0.297203
0.288061
0.279427
0.271391
0.264029
0.364229
0.355925
0.346006
0.335814
0.325826
0.31625
0.30719
0.298717
0.290905
0.397387
0.388254
0.377483
0.36668
0.356283
0.346391
0.337035
0.328248
0.320127
0.434636
0.422873
0.410671
0.399198
0.388525
0.378518
0.369068
0.360135
0.351825
0.477251
0.459214
0.445148
0.43316
0.422492
0.412678
0.403429
0.394612
0.385542
0.22248
0.222488
0.223086
0.224272
0.226056
0.228433
0.231398
0.234928
0.239006
0.24359
0.24864
0.254105
0.259918
0.266012
0.272297
0.278686
0.285082
0.29138
0.297473
0.303253
0.308598
0.313378
0.31743
0.320503
0.322442
0.323226
0.322942
0.321544
0.318817
0.314893
0.309921
0.303942
0.296987
0.289181
0.280644
0.2715
0.261878
0.251909
0.241726
0.231463
0.221252
0.211222
0.20149
0.192162
0.183338
0.1751
0.16751
0.160621
0.154455
0.149022
0.144312
0.140295
0.136942
0.134206
0.132045
0.130416
0.12928
0.128602
0.128352
0.22212
0.22246
0.223343
0.224777
0.226761
0.229287
0.232344
0.235915
0.239981
0.244509
0.249461
0.254787
0.260429
0.266317
0.272374
0.278514
0.284644
0.290665
0.296475
0.301966
0.307028
0.311548
0.315401
0.318442
0.320511
0.321459
0.321194
0.319684
0.316966
0.313139
0.308287
0.30246
0.295714
0.288126
0.27979
0.270817
0.261328
0.251449
0.241315
0.231059
0.220816
0.210717
0.200887
0.191443
0.182489
0.174117
0.166398
0.159383
0.153101
0.14756
0.142746
0.138632
0.135177
0.132335
0.130059
0.128303
0.127024
0.126189
0.125758
0.218739
0.219139
0.220055
0.221498
0.22347
0.225968
0.228982
0.232497
0.236488
0.240926
0.24577
0.250974
0.256481
0.262225
0.268132
0.27412
0.2801
0.285977
0.291649
0.297013
0.301955
0.30636
0.310098
0.313032
0.315023
0.315954
0.315746
0.31436
0.311805
0.308138
0.30343
0.297745
0.291152
0.283729
0.275565
0.266765
0.25744
0.247713
0.23771
0.227564
0.217406
0.207367
0.197575
0.188147
0.179194
0.170809
0.163066
0.15602
0.149701
0.144119
0.139261
0.135099
0.131595
0.128702
0.126373
0.124562
0.123229
0.122339
0.121854
0.212002
0.212413
0.213329
0.214756
0.216695
0.219142
0.222087
0.225514
0.229401
0.233717
0.238425
0.24348
0.248828
0.254407
0.260147
0.265968
0.271785
0.277504
0.283026
0.288245
0.29305
0.297324
0.300943
0.303782
0.305719
0.306648
0.306492
0.305213
0.302812
0.299324
0.294806
0.289322
0.282943
0.275748
0.267825
0.259273
0.250198
0.240717
0.230952
0.221029
0.211079
0.20123
0.191607
0.182332
0.173514
0.165246
0.157606
0.150648
0.144406
0.138887
0.134081
0.129964
0.126496
0.123628
0.121316
0.119515
0.118184
0.117292
0.116801
0.202966
0.203389
0.204301
0.205706
0.207606
0.209997
0.212869
0.216207
0.219988
0.224183
0.228756
0.233664
0.238854
0.244267
0.249834
0.25548
0.26112
0.266664
0.272014
0.277065
0.281709
0.285832
0.289317
0.292049
0.293921
0.294839
0.294737
0.293574
0.291343
0.288065
0.28378
0.278546
0.272432
0.265514
0.257878
0.249622
0.240847
0.231666
0.222199
0.212569
0.202903
0.193328
0.183968
0.174941
0.166355
0.158303
0.150861
0.144084
0.138003
0.132629
0.127951
0.123942
0.120564
0.117772
0.11552
0.113764
0.112466
0.111591
0.111106
0.191681
0.192074
0.192943
0.194295
0.196131
0.198447
0.201233
0.204473
0.208145
0.212219
0.21666
0.221424
0.226461
0.231712
0.237111
0.242583
0.248045
0.253409
0.25858
0.263458
0.267937
0.271908
0.275264
0.277899
0.279714
0.280627
0.280577
0.279527
0.277463
0.274397
0.270361
0.265404
0.25959
0.252994
0.245697
0.237794
0.229381
0.220567
0.211469
0.202209
0.192909
0.183693
0.174682
0.165992
0.157728
0.14998
0.142822
0.136309
0.13047
0.125316
0.120835
0.117002
0.113779
0.111121
0.108984
0.107325
0.106104
0.105289
0.104846
0.178434
0.17877
0.179572
0.180848
0.182601
0.184826
0.187514
0.19065
0.194211
0.198167
0.202483
0.207113
0.212009
0.217111
0.222353
0.227664
0.232963
0.238161
0.243168
0.247885
0.252212
0.256046
0.259288
0.261841
0.263613
0.264531
0.264539
0.263604
0.261708
0.258855
0.255073
0.250404
0.244912
0.23867
0.231752
0.224249
0.216253
0.207866
0.199208
0.190392
0.181536
0.172759
0.164175
0.155899
0.148031
0.140661
0.133859
0.127678
0.122146
0.117273
0.113048
0.109444
0.106426
0.103949
0.101969
0.100444
0.0993348
0.0986099
0.0982353
0.163107
0.16332
0.163998
0.165151
0.166784
0.168896
0.171477
0.174512
0.177976
0.181836
0.186057
0.190587
0.195375
0.200359
0.205477
0.210664
0.215843
0.220922
0.225813
0.230414
0.234627
0.238352
0.241509
0.244014
0.245769
0.246716
0.246801
0.245998
0.244274
0.24163
0.238097
0.233714
0.228555
0.222695
0.216187
0.209127
0.201602
0.193701
0.185555
0.17726
0.168927
0.160664
0.152582
0.144789
0.13739
0.130464
0.124088
0.118306
0.113145
0.10861
0.104692
0.101366
0.0985976
0.0963461
0.094569
0.0932244
0.0922737
0.0916846
0.0914228
0.14548
0.145468
0.14594
0.146919
0.148419
0.150432
0.152936
0.155889
0.159297
0.163163
0.167386
0.171904
0.176649
0.181547
0.186573
0.191656
0.196769
0.201863
0.206762
0.21132
0.215455
0.219094
0.222196
0.224677
0.226459
0.227477
0.227691
0.227064
0.225532
0.223075
0.219767
0.215664
0.21084
0.205386
0.199347
0.192729
0.18566
0.178361
0.170851
0.163158
0.155428
0.147769
0.140268
0.133023
0.126126
0.119694
0.113793
0.108503
0.103817
0.0996877
0.0961016
0.0930616
0.0905553
0.0885473
0.0869922
0.0858577
0.0851082
0.0847067
0.0846191
0.696892
0.651834
0.61131
0.572512
0.53453
0.49716
0.46067
0.42548
0.392017
0.36067
0.332369
0.30799
0.287831
0.271579
0.258144
0.246977
0.238267
0.232036
0.227977
0.225527
0.224197
0.223565
0.223241
0.222836
0.221883
0.663621
0.637078
0.603986
0.568152
0.531219
0.494034
0.457313
0.42173
0.38791
0.35651
0.328227
0.303561
0.282716
0.265601
0.251869
0.241145
0.233128
0.227513
0.223944
0.221996
0.221225
0.221216
0.2216
0.222034
0.222164
0.657352
0.63033
0.598138
0.562881
0.525973
0.48846
0.451269
0.415236
0.381116
0.349595
0.321233
0.296402
0.275286
0.257889
0.244051
0.233491
0.225844
0.220689
0.21759
0.21611
0.21581
0.216274
0.217118
0.217997
0.2186
0.656759
0.626458
0.592744
0.556605
0.519034
0.48096
0.443293
0.406896
0.372545
0.340897
0.312449
0.287529
0.266314
0.248845
0.235018
0.224581
0.217151
0.212271
0.209464
0.208267
0.208233
0.208942
0.210009
0.211083
0.211834
0.657453
0.623977
0.588049
0.550322
0.511577
0.472632
0.434324
0.397471
0.362811
0.330959
0.302376
0.27737
0.256115
0.238654
0.224887
0.214558
0.207276
0.202564
0.199921
0.198866
0.198938
0.199719
0.200828
0.201936
0.202759
0.657732
0.62148
0.583237
0.54369
0.503559
0.46358
0.42451
0.387105
0.352053
0.319929
0.291175
0.266087
0.244828
0.227423
0.21375
0.203532
0.196358
0.191738
0.189157
0.188118
0.188161
0.18887
0.189876
0.190867
0.191571
0.657669
0.618681
0.578042
0.536575
0.494966
0.45386
0.413927
0.375869
0.340338
0.307879
0.278922
0.253758
0.232531
0.215227
0.201684
0.191591
0.18451
0.179937
0.177348
0.176238
0.176142
0.176646
0.17739
0.17808
0.178496
0.657392
0.615316
0.572169
0.528775
0.485687
0.443423
0.402562
0.36376
0.327669
0.294817
0.26563
0.240404
0.219264
0.202119
0.188758
0.17882
0.171836
0.167288
0.16465
0.163408
0.163087
0.163271
0.163586
0.163724
0.163546
0.656388
0.610966
0.565346
0.52013
0.475652
0.432247
0.390433
0.350779
0.31403
0.280733
0.251271
0.226005
0.205061
0.188158
0.175048
0.165322
0.158448
0.153916
0.151219
0.149832
0.149238
0.149048
0.14878
0.147978
0.146621
2.13163
2.09532
4.27515
4.03584
0.0998239
0.117245
1.30434
0.0596832
3.64008
0.0830978
2.70255
0.122313
0.683232
0.170198
1.37834
0.138388
2.91714
3.74345
0.0791892
0.971702
0.639908
0.13264
3.09607
0.235679
0.0498606
0.0803967
0.0491096
0.438729
2.34468
2.85265
0.0804129
0.0934402
3.80098
0.797497
2.82362
0.0889092
1.23797
1.38434
1.31161
0.128203
4.0249
0.0232153
0.109672
0.801518
0.316148
0.17457
3.49222
4.03741
2.68763
3.12922
3.30762
3.6985
0.61968
3.61563
1.26081
3.64814
0.157388
0.614166
0.0677651
3.50701
0.109488
4.58984
0.0987407
0.14594
0.0616372
0.734692
0.103894
0.445301
0.712318
2.97444
3.57727
0.15799
0.0699078
1.01373
0.0560873
0.629522
1.1104
4.00718
0.0544691
3.30356
0.757145
0.133924
0.071988
2.60196
0.0998778
0.112144
0.0671357
4.00052
3.82931
0.191781
0.237537
0.133084
0.0945695
0.12705
0.0775504
2.72853
0.0812362
2.86711
0.0495911
3.48555
0.251217
4.03926
0.275392
0.162749
0.0615277
0.339806
3.27012
0.746143
0.031703
2.86571
0.135295
0.0865461
3.40585
0.158989
0.61475
2.66527
3.65665
0.121793
0.626254
0.0585269
0.00787766
0.0880959
0.235932
0.0508681
3.87831
0.107064
3.72741
0.896804
0.0747551
4.03572
0.0693709
1.01765
2.98447
1.1975
0.509869
0.0666371
0.305051
0.187872
0.109304
0.975185
0.13394
1.25061
3.54353
0.0103694
2.47019
0.153969
4.18063
0.875108
0.136845
2.76763
0.566855
0.160724
4.23349
1.55154
0.065134
2.56569
0.0547417
0.120027
1.2187
0.0905212
0.108771
3.54948
0.118142
2.9911
0.10317
2.94389
0.179139
0.047822
0.171139
0.0577979
0.155717
0.152827
0.444195
2.74179
0.104414
0.379201
0.891261
2.68525
2.96219
0.13576
1.03918
0.0909747
0.619447
1.07205
0.667795
0.0531878
3.09719
0.028471
3.31169
0.126108
3.85925
3.51685
2.976
1.22228
1.45116
3.47226
0.054755
0.129558
2.57244
2.20407
0.946014
0.196325
0.127493
0.128596
0.423628
0.0913602
0.108884
0.273441
2.80523
0.112925
0.0608331
0.11773
1.0205
0.401826
0.658134
4.13289
0.0806185
0.0619608
0.197646
0.241367
0.235541
0.0267045
0.0678687
4.81826
0.679304
3.7377
0.179217
2.94085
0.0302055
0.0743638
2.44972
0.0910048
0.0891277
0.0612552
1.29554
0.0865762
1.28852
0.324633
1.10001
1.60748
0.0813287
0.108612
0.101823
0.59351
0.0677274
0.069599
0.0951607
0.385806
0.136702
0.0934891
0.0264636
0.402949
0.0899291
2.68593
0.0737727
0.047598
3.25687
1.12744
1.2385
0.0792065
0.398702
0.083346
0.106807
0.0610345
1.03736
0.051655
0.0924415
4.43169
1.30391
0.0477402
0.699738
2.97647
0.0554277
0.0590706
0.0809306
4.38519
0.11706
3.46464
0.168286
3.69991
0.793629
0.589941
0.404785
0.173589
2.97401
0.118907
0.357875
1.66487
3.41867
3.91497
1.57809
0.123981
0.0152304
3.5205
1.3919
4.13933
4.04259
0.119078
0.0920077
3.20444
3.60619
0.108928
0.1498
0.132948
3.96302
0.0968019
0.640926
0.0913366
0.972073
0.132078
0.160269
0.122387
3.56674
0.0685501
0.0533307
1.23891
3.76083
0.0916673
0.0502068
1.52662
1.22611
0.0975249
0.157563
0.0798334
0.0696724
0.051727
3.61352
0.763917
0.115422
0.622715
0.101728
1.43506
0.204696
0.0844426
3.95339
0.11725
0.0822818
0.0766713
0.00338434
0.404769
0.117593
0.12016
3.30189
0.118495
1.04149
0.0805037
0.134479
0.0723684
0.0640211
3.30565
2.25243
0.0949051
0.0347442
1.25059
3.57004
0.543038
1.75868
0.803764
0.101607
3.47833
2.84559
2.80908
0.0868582
3.69148
0.020467
0.0624967
0.16043
3.90998
0.102256
3.22143
0.144327
1.53614
2.36135
3.68257
0.682066
0.0527689
0.0634558
0.105353
0.0897868
0.085158
4.04238
0.144517
3.86239
0.851
0.826415
1.65211
0.104576
0.970699
2.59453
3.86445
0.974396
0.0917063
0.290118
3.57393
1.0176
0.0806809
0.0971466
3.75334
0.119487
2.37716
0.0597804
0.111555
0.0990767
2.75878
0.114659
0.000494072
1.32847
0.304085
1.01044
0.0812202
3.04039
0.103457
3.1929
0.106328
0.0895952
0.187098
2.74956
3.30991
0.105579
0.131471
0.106113
0.0913135
0.200926
0.304593
0.165729
3.82748
0.00256315
0.169895
0.0870929
0.0942314
0.124132
0.0480302
0.19668
0.0540882
1.52099
0.154859
0.135028
0.0113973
0.0733362
0.172472
0.0897175
1.60517
3.59965
0.902691
0.736713
5.498
0.358685
3.48705
0.0617403
0.0546202
3.65826
0.102904
0.116122
3.10754
0.120743
2.90857
3.32774
0.113016
0.243417
0.948097
0.126243
0.648558
2.98272
0.974805
3.73317
0.0584318
0.065546
4.84931
0.0886501
2.64099
0.366939
0.0582853
2.79925
0.175078
0.0510958
0.732078
0.180273
0.0525385
0.899835
0.832116
0.668158
1.29978
0.00622315
0.11962
2.5528
0.0882779
0.132576
0.174746
2.70232
0.140242
1.41647
0.126536
0.0616922
3.48781
0.098854
0.0825521
1.39217
0.117896
0.0960803
3.19546
0.110009
1.53754
0.105238
0.520879
0.862603
0.854066
0.125825
0.125246
1.33577
0.0931166
0.116006
0.813197
0.104018
0.170633
0.0502647
3.88927
3.99017
2.79827
0.0540072
0.729176
0.0959321
3.90959
0.974681
5.60945
0.79669
0.182362
3.78351
4.1267
0.0914578
0.167522
0.389343
0.146398
4.4823
3.62608
0.0606506
1.01602
0.112029
3.02822
2.6542
0.131482
1.50888
2.85678
0.127597
3.47763
0.042325
4.60302
0.0998356
0.208605
0.118102
3.39895
1.26964
1.29296
0.0740558
2.73575
2.7831
3.8604
0.0640992
0.1128
0.647504
2.94178
0.0893017
1.18356
0.113145
0.694036
2.79045
0.0808422
0.714867
0.0650995
0.0945719
0.443877
3.65515
0.19199
1.29885
0.0721289
0.0988822
3.39865
3.51035
2.99274
0.227904
0.459831
1.00392
0.614587
0.192376
0.0973724
0.0616072
3.72979
0.122734
0.117795
1.60857
0.185075
0.152857
0.119717
0.141701
1.46813
0.122204
0.0714398
0.744123
2.82573
0.0904565
0.0905641
3.31793
0.442225
0.0237961
0.168713
0.886076
0.0767857
0.120438
0.086015
1.35681
0.101717
0.111625
1.3008
0.0685121
0.166854
0.302681
0.633071
0.07887
0.131897
4.85669
0.157872
0.0554725
0.0964437
0.11032
0.216824
0.0985169
3.45453
3.79834
0.405962
3.62509
0.0741887
0.0474955
0.0546488
0.0411357
0.154689
0.0556629
0.672632
0.18824
0.069941
0.14704
1.33649
0.689572
0.209175
0.729902
0.124458
0.110326
0.0693853
0.261286
0.993976
3.43174
1.47325
1.26293
0.0406184
0.0829848
0.0305033
0.187901
0.084175
3.53413
0.080485
0.682284
0.0928012
3.07485
2.80082
2.63529
0.00782687
0.0558751
0.0591137
4.13296
3.49382
0.636199
0.615356
0.0933366
0.0829915
0.0953618
3.55039
0.0147912
0.0879439
1.22424
0.0851454
0.149106
0.0863454
0.0537253
0.630334
0.173343
0.075212
0.0919445
0.241323
0.104467
2.51631
3.63412
0.0945919
1.34644
0.108676
2.69413
0.0637665
0.11511
0.0944708
0.0738237
1.68049
0.113912
0.117397
0.0677708
0.406836
0.077349
0.177928
0.154903
3.68497
1.33952
0.535193
3.99297
1.43307
2.7569
2.82667
0.0803342
0.0545816
0.0562873
0.00104789
0.122571
0.790282
0.146239
0.0839162
0.658803
0.0901713
0.0839365
0.458187
0.0996422
0.0920043
0.0626618
0.53441
0.818454
4.13068
0.0828842
3.05603
1.24873
2.62791
0.693772
4.14213
3.38973
4.54309
0.0576898
0.133059
0.00865982
0.372308
0.110376
1.46182
2.48283
0.108029
1.20089
0.921619
0.0745359
0.0621404
0.102198
3.68172
4.58189
0.0788452
1.34983
1.50804
0.639129
3.27075
8.09437e-05
0.0920466
0.472173
0.0116493
2.32653
1.04503
2.93986
1.50307
0.0483616
1.51084
0.0491524
0.00310561
0.623092
0.14285
0.210652
0.0899175
0.108622
0.700219
0.133296
0.0585029
0.110571
0.120799
0.560802
0.126194
3.59162
1.40651
0.125352
2.07736
0.151849
0.99526
0.117162
0.0993816
0.14343
0.774043
0.614787
0.0135554
0.148762
3.34896
4.56135
1.10787
0.111352
0.894008
1.25152
1.40305
5.35091
1.19749
0.23529
0.124907
3.11818
0.0453434
0.0578864
0.270713
3.46701
4.03913
0.0895962
0.0901621
3.16465
0.0525331
4.40063
3.20541
0.142393
0.0885871
3.71882
2.45591
2.36618
0.100253
0.0866271
0.0375686
0.861811
1.24749
0.102787
0.0535256
0.0898068
1.0939
0.134179
0.48383
2.49857
0.0826499
0.0983548
5.74374
0.0846605
0.712549
0.0756942
0.748695
0.0992527
0.0707794
1.31461
0.152911
0.11073
0.0958869
0.4317
0.720661
3.97079
0.0667787
0.0922546
0.108579
1.31775
0.986012
4.54913
0.0504056
0.836512
1.41009
0.00127072
0.0524318
0.115644
2.46561
0.10704
1.07238
0.149096
0.00221095
1.19087
0.128946
5.84596
4.46188
0.845916
3.58687
3.64831
3.66343
0.085146
3.53536
1.26062
0.135905
1.26252
0.0862971
0.117507
0.975138
0.112668
0.229044
0.712961
4.99623
0.066416
0.0544511
3.54039
0.206234
0.13445
1.33118
2.57554
1.74848
0.101808
0.29991
3.99812
2.91049
1.33016
0.681767
3.01578
0.236344
0.0547515
0.813644
2.9126
0.102841
0.74361
0.179971
3.21489
0.154344
1.00856
2.28849
0.0101641
0.101493
0.103242
3.13046
1.56206
3.16031
2.58123
0.191273
0.487315
0.684311
0.246817
2.41892
0.609931
0.0875787
0.124805
0.113195
0.0401617
0.923428
2.74695
0.028863
3.12952
0.153525
1.30384
0.0914321
0.0829902
0.0575069
3.58662
3.11462
0.419395
0.723812
0.089373
0.0693708
1.5462
0.0858276
1.65023
1.24409
3.83553
0.0803282
0.439
1.56385
0.137396
0.17969
0.125099
3.88501
0.12276
0.225637
1.30581
1.35806
0.0662093
0.243404
0.0886723
0.15016
0.0754768
0.0750177
0.652409
0.0684751
0.3311
3.03551
0.984764
3.57466
0.117815
0.305235
0.840234
0.0546527
2.43862
0.104392
0.147654
3.56231
0.14702
0.451716
0.230958
0.0475181
2.75703
0.0875945
0.478907
0.0516227
1.28719
1.38313
3.67053
0.0663505
1.17686
0.091549
0.495433
0.140271
3.31062
1.10514
0.348132
2.87108
0.12146
3.3779
0.108113
2.6544
0.137629
0.0564808
0.11986
1.04652
1.41239
0.058258
0.101053
0.995938
0.0848526
0.107072
0.0679439
0.0475962
0.135154
4.01855
0.166667
0.117554
1.48455
0.427234
3.64958
0.0358893
0.119155
0.0862115
0.338724
0.185454
0.114672
4.13985
0.409756
0.788501
0.0870536
0.254129
0.922065
3.17864
0.0989988
0.0957391
0.150176
0.180489
0.0956224
0.750905
3.84787
3.70508
0.731105
0.0857441
1.5705
3.89496
0.359319
0.971483
0.14114
2.62141
2.72318
3.49763
0.104529
0.108877
0.298283
3.14955
0.194383
4.38277
0.181819
0.485592
2.92158
0.0560501
0.137955
0.15202
0.0858793
0.0807163
0.162458
2.51029
0.081263
3.55501
0.0993152
0.090734
0.067575
0.0849893
0.640524
0.109946
1.01031
0.92119
0.091357
0.162584
2.60474
2.56803
0.0865035
0.104631
0.154171
0.939687
3.13636
0.333194
3.64206
0.0772985
0.0872397
0.63807
0.099976
0.410316
1.54314
0.0906803
0.0637129
0.0148609
0.179074
1.03842
4.74353
1.15627
0.0892587
0.318177
0.0833846
3.9553
4.02082
0.102999
0.0861889
1.2148
0.102592
0.0767102
2.53029
2.46387
0.195993
0.0889854
0.0721955
0.576353
2.53983
0.103551
0.0692582
2.35818
3.10123
0.00211303
0.0884646
0.0849498
0.155203
0.512266
0.629062
0.107458
1.37191
0.110211
0.131102
0.0847183
0.646106
0.0839775
3.4547
2.91037
3.81833
2.30349
1.67672
4.86748
0.094173
3.75658
0.674487
0.0665403
0.335078
0.0400339
0.280746
0.101969
0.0953176
0.0618778
3.3845
0.0515798
0.402914
1.54122
0.150337
0.308056
0.490319
3.48119
0.0313831
3.6137
2.87983
0.145456
0.0760022
0.279308
0.37561
0.251385
1.16267
4.86751
0.135031
0.0677885
0.102867
1.13576
3.97501
0.149574
0.17144
0.0494277
0.0851789
0.123594
0.478132
0.0859206
0.17251
0.298242
2.83045
0.0985419
0.293163
3.17457
0.128237
0.336471
0.262322
4.54393
0.338687
0.541806
0.626114
0.116205
5.72313
2.98699
0.0900432
0.866455
1.3863
0.0986062
0.137288
0.139714
1.28015
0.0921535
0.703762
0.0977051
1.5401
3.00624
0.913611
2.75432
0.238347
0.119333
1.01409
1.13658
0.159634
0.165693
0.126902
2.73071
0.140288
0.310091
0.0806175
0.180942
0.804035
0.10064
0.0679582
0.084991
3.24164
0.978468
0.0831414
0.177769
0.0799241
0.0988622
0.118553
2.64868
0.166624
1.04269
3.43406
0.851848
0.00414312
1.18073
2.34986
0.981805
2.71474
0.264964
1.13393
3.67233
3.41491
0.0262299
2.90713
0.0975436
3.50664
1.88901
0.0847058
0.713625
1.33321
3.92207
0.916572
0.366036
0.107314
1.30122
3.19588
0.762933
3.7054
0.180744
0.979898
0.0916736
3.05407
0.43621
0.0609927
0.120864
0.954953
0.0753151
0.22594
0.963874
0.0938268
2.63314
0.0503005
0.113446
1.82648
1.28245
0.176667
0.63218
1.44772
0.187746
0.725974
1.06339
0.104437
0.458178
0.0697243
2.8315
0.913485
0.0544537
4.15518
0.0972357
0.646084
0.994524
0.126494
0.0798745
0.626967
0.940012
1.2733
0.0720829
3.84424
0.105356
0.708415
3.9761
0.530338
0.173108
1.60497
0.149564
0.099531
0.00808286
1.29209
3.29082
0.105122
3.72235
0.292233
0.121521
1.18725
0.131523
0.121301
0.771647
0.155477
0.0939983
0.573675
0.0913267
0.121421
0.164153
2.92881
3.09259
0.217749
0.0913909
0.0716047
0.803188
3.87472
0.0966701
0.0900305
0.341927
3.80821
0.100294
1.0987
0.767721
0.0580888
0.665497
3.7986
0.0917973
0.251696
0.0922958
1.34385
0.082812
0.0971626
0.18181
0.527043
3.20095
0.0487512
3.64023
0.073154
2.78974
0.112601
1.18829
0.577197
1.01235
2.77213
0.158195
0.715119
0.184198
0.156983
0.161212
2.97219
3.05112
0.102681
0.103302
0.560143
0.160747
0.125578
0.0537963
4.12977
3.41981
0.944926
3.74814
0.174045
0.0590573
0.854222
0.252302
2.6983
0.0473894
0.137907
0.0586228
0.122475
0.101404
0.109258
0.106231
0.498969
4.11667
3.09348
0.0886203
0.313681
0.828809
3.54134
0.10948
3.95653
2.52676
3.48921
0.141622
0.955895
0.0714711
0.173061
0.128368
0.134577
0.0793975
2.61933
3.92991
0.147174
0.376111
0.962808
0.32413
3.0393
4.05904
0.108162
0.0677719
0.115782
0.325427
0.907679
0.057809
2.90149
0.813955
0.107185
0.187957
0.172401
0.596219
0.181265
0.0783613
0.099546
0.0829435
0.194482
0.718968
0.161222
3.76611
0.145919
0.11969
0.360309
0.173397
0.0897372
3.57416
3.09791
0.123825
3.19063
0.0837321
1.18909
0.145919
0.184992
0.0904719
0.0620279
3.03775
0.138021
0.162645
3.70458
2.671
0.0821639
0.089758
0.0919805
0.16912
1.47596
0.0170952
0.109741
3.83969
0.107349
0.0842551
0.149607
3.41767
0.116753
3.17446
2.71539
0.081231
4.71343
0.160334
0.0476471
4.13945
0.944303
0.0814303
0.00223644
0.63273
0.178402
0.192993
0.0665587
1.36238
2.90517
0.124166
0.063154
3.06715
0.10933
2.19213
1.27095
0.120235
0.887883
3.88042
0.0798012
0.849527
0.101417
0.147812
0.175403
0.101193
3.39999
2.92858
0.11703
0.0869701
3.50341
0.126719
0.1821
0.181953
0.857229
1.22503
0.0569537
0.0885683
0.0870391
0.0957358
0.0549696
0.00153786
0.156751
0.172858
3.38214
0.64084
0.0971254
1.60229
0.17172
1.04322
3.92199
1.05372
3.29577
0.203161
0.00322954
0.661008
0.177761
0.109683
2.72912
0.138925
5.82912
3.02986
0.633535
0.135973
3.80339
0.0561045
3.33664
0.108675
0.107808
3.71425
0.434113
1.04436
0.123763
0.0981905
0.0632657
0.152646
1.4411
1.1416
0.107387
2.29733
0.524077
3.04439
0.0548878
4.09783
0.122229
0.0969126
0.362236
0.0937492
0.641823
3.40217
0.80188
0.0626092
2.72996
1.36916
0.768633
0.974917
0.728809
0.0306062
0.727884
3.38162
0.0866651
0.101454
0.100057
3.62425
0.132939
0.0563728
1.33155
0.746378
0.349005
4.08797
0.88347
0.282698
0.339266
1.30445
0.17799
0.775975
0.0856848
0.102183
0.097945
3.55406
0.130434
1.07563
3.13095
0.049753
1.02316
3.17112
0.104692
2.69232
0.0909549
0.754998
0.175491
0.0519827
0.150118
0.0873266
0.059341
0.158524
0.124497
0.12883
0.155085
2.86004
0.774134
0.121327
0.747574
0.0846012
0.110528
0.0893331
0.112061
0.145336
1.55525
0.0492921
1.6675
3.12657
1.52565
1.11852
0.509141
0.158054
3.44144
0.0987394
0.664809
0.123082
0.105203
0.226083
2.92307
0.145311
0.093073
0.0846343
0.287451
0.210922
1.50776
0.729819
1.35415
2.61872
0.104244
0.077435
3.92543
0.0983586
0.128462
0.0589059
0.221499
0.0689591
0.0805774
0.145611
0.0533718
1.16531
3.23233
1.56171
0.194044
0.0874293
0.984952
3.46625
2.92725
0.058748
0.116051
0.815131
0.0880233
0.0545257
0.177924
3.16483
0.872217
0.0848654
0.0967915
0.143137
0.0577477
3.10498
0.0910565
0.119781
0.125626
0.120877
3.00291
0.0946335
1.55643
0.170814
0.15088
0.0666742
0.0732976
3.27356
0.505385
0.0843499
3.82912
0.860399
0.727647
0.0637308
0.102769
1.27363
4.06761
4.06894
0.0894008
0.963431
0.0943091
0.0832302
3.38427
2.9295
0.0510435
0.00317448
1.11556
1.4868
0.0869697
0.0516669
3.10204
0.0964202
0.397782
0.208461
0.127747
4.14199
0.0919877
0.100127
0.131105
2.36999
0.0872431
0.0597304
0.0924224
0.12712
0.318878
0.159058
0.627696
0.866358
0.821257
0.124316
0.113156
0.084785
0.0761696
0.122172
0.106113
0.747642
0.112179
0.140285
0.699787
2.99988
0.07943
0.0537492
0.128465
3.62003
0.113451
0.988798
0.0442487
0.0881284
0.0134034
0.124543
0.0968008
3.82751
0.130736
0.0684717
0.616945
0.0878585
1.38252
0.115381
0.0909857
3.38349
3.386
0.0531094
3.06975
0.0918837
1.1012
2.06035e-05
2.95401
0.0771379
1.50625
0.101501
3.32842
0.625945
1.15978
3.09614
3.99905
0.149313
3.73044
0.0678951
0.0598779
0.0923512
3.31657
0.223746
0.0596427
0.845249
2.55855
2.57396
0.184585
3.97797
0.0661924
0.172087
0.0899782
0.603404
0.180447
1.64213
0.105926
0.139036
0.0888516
0.0564067
0.174574
2.87439
0.0885593
0.0878312
4.01378
0.715464
0.0516935
0.227755
3.39639
0.120349
0.106182
3.59273
0.187817
3.64028
1.29867
0.0966956
0.497651
0.94233
0.0291818
0.167641
0.0840393
0.0542556
0.181921
0.180182
3.22276
0.0595727
0.964989
0.339895
0.123185
3.24086
1.22043
0.179751
0.0958314
0.048105
0.0726091
0.0528238
1.08271
2.23415
0.0891143
0.107452
0.124693
1.16572
0.162818
0.940502
0.14034
0.106817
0.134476
0.152652
1.4588
0.160482
0.70163
1.18939
0.000296223
1.36695
0.117259
0.954979
0.630416
0.1074
0.102226
0.181357
0.0769352
0.15601
1.22736
3.59489
3.46354
2.99137
0.876469
0.00857717
0.0522369
1.30403
0.0637616
1.44901
4.01241
0.0929233
2.67418
0.964977
2.53578
0.134903
0.062961
0.108012
0.0864783
2.80374
0.08712
3.22741
0.340952
0.214286
0.0573391
3.22042
1.21455
0.122646
0.0756901
0.809904
0.154452
0.105773
0.844347
0.94313
0.0779178
0.0760896
2.92122
0.0918943
1.16103
0.130831
0.11516
0.178093
2.90613
0.0109429
0.0377777
0.0876145
0.0841255
0.326983
0.0735316
3.44214
0.409449
0.0323786
0.128085
0.0763819
0.892612
0.256028
0.0475097
1.5421
3.3377
0.139866
1.0137
0.0941069
3.00509
0.761143
0.189723
0.283251
0.106084
0.0651903
0.064305
0.642543
0.713952
0.0823029
0.287487
1.32487
3.30647
1.61967
1.10635
0.306846
0.103806
2.96914
0.160539
0.097544
0.0644476
0.184749
1.03139
4.15245
0.164689
0.920114
0.114215
0.802884
3.51106
3.30915
3.52266
3.2414
4.03366
0.241271
0.199679
0.13239
0.706819
1.50077
0.0739296
0.794321
0.059695
3.24111
0.104921
1.27484
3.56556
3.44944
0.125063
1.21701
0.479816
3.61705
3.38624
0.0488652
0.0550234
0.0859179
0.0890615
0.0783388
1.35463
0.130992
0.00639502
1.13199
0.0648327
0.167145
0.680776
0.162787
0.127975
1.0162
4.11639
0.491284
1.24217
0.0700563
0.107366
0.0902749
3.35003
1.19271
3.21285
0.0991556
0.0957867
0.163533
3.12378
0.5063
0.773525
0.10659
4.1235
0.0695869
0.0642247
0.619775
0.0116952
0.140964
0.137518
4.08433
0.10417
0.136068
3.51071
0.153054
0.0894603
2.81889
0.0948877
1.22194
1.238
0.057511
1.56316
0.0870537
2.78659
0.087739
1.08213
0.117231
0.0399249
0.0917934
0.0926374
0.104702
0.253451
0.0970421
0.777801
0.0684307
0.0933845
0.122913
3.8852
0.105277
0.247074
0.159991
4.02048
0.0933019
3.60833
2.46117
0.0803569
3.94473
1.19651
1.07333
1.04552
1.49035
0.0463751
0.118331
1.18489
3.04763
3.19608
1.16246
0.229076
0.0802306
0.418884
0.0538785
1.10621
0.0640431
0.176747
0.0851631
0.111326
1.03978
0.103034
3.60654
0.0808302
0.0675578
3.13302
0.0508879
0.75015
0.0542096
0.0761942
0.0388869
0.0759024
0.065971
0.0817241
1.61904
0.664374
0.0764864
1.41912
3.87135
1.40658
0.0663562
0.502735
3.40776
3.87645
2.8243
3.10806
3.37418
0.0660225
0.0123032
0.14501
0.486788
0.990869
3.85375
0.0891267
0.0679542
0.245033
0.0889157
1.13928
0.128348
0.830231
0.114094
0.058291
0.0485979
3.44213
0.0693174
0.958106
2.58854
0.530109
0.4534
0.167907
0.090121
0.0895083
0.0770251
1.31135
0.0980994
0.135077
0.274467
0.19812
0.270693
3.25102
0.917883
2.64799
3.27768
3.26553
2.78256
0.357357
0.0950279
3.6005
0.847511
0.130171
0.820524
0.100726
0.205042
0.104312
3.47037
3.83766
0.0794174
0.080266
0.0988709
4.06403
0.0834652
3.78695
3.58589
0.968564
3.02947
3.53296
1.19067
4.06031
1.19066
1.30819
0.947108
0.96763
3.37998
0.99453
0.109216
4.01438
0.0803292
3.90807
0.0817573
2.69217
0.138489
0.0910872
2.62392
1.215
2.41081
0.0696668
2.83601
0.126931
0.123164
0.0530399
0.0603576
0.103712
0.0997499
0.0571942
0.208423
0.637291
0.135885
0.0769722
0.0834144
0.0891167
2.57733
0.112329
2.68865
4.01556
0.126415
0.916221
0.101409
1.13203
1.38687
4.30761
3.4104
3.26206
4.06928
1.87193
0.0849113
0.102141
0.0617852
0.0939472
0.0967847
0.0851412
0.171897
0.896956
1.0087
1.26478
0.943182
0.0953097
0.108581
0.130856
0.194981
0.179744
1.24968
0.111805
0.387637
0.101611
0.296805
0.0613773
4.04689
1.30113
3.76578
0.227619
0.329721
0.0530392
3.40034
0.0541346
3.67208
0.149595
0.0801337
3.22219
3.62534
1.3636
0.084433
3.74148
0.0823427
0.0830224
3.82758
0.174493
3.64241
0.14285
0.13449
0.0638139
4.0775
2.58765
1.61392
2.28627
1.01578
3.47143
0.0727232
0.106534
0.154374
3.40567
0.0554932
0.0865615
0.0523793
2.80125
3.80757
3.23313
0.0596617
0.0774029
0.0966948
0.0568849
0.967442
4.11568
0.881623
0.100692
0.0929291
4.04301
0.325276
0.0880879
1.19129
0.925164
0.0539244
0.133257
0.0917853
0.246004
0.0920678
0.0574105
0.865621
0.0525321
0.10705
0.0988027
2.54665
4.15997
0.245244
0.915985
4.07628
0.0983167
0.0872881
0.603197
0.176327
0.0191404
0.396508
0.185751
0.78077
3.90277
1.17911
0.304026
0.116116
0.108493
0.12912
0.0551976
0.130852
0.0683733
0.152961
0.100247
0.098315
0.0834699
0.0271877
0.0601586
3.45993
0.127743
0.0776376
0.655037
0.151937
0.0690559
0.138926
0.0810817
3.46114
3.82872
0.0852174
1.5893
0.1278
0.0568865
3.96244
0.00430043
0.0171863
0.762529
4.05756
1.03098
0.172447
0.123919
0.98265
0.00913269
0.106807
1.24851
1.36603
4.00781
3.52106
2.47213
0.529741
0.0718319
0.561775
1.01403
3.80518
0.0684722
0.254239
3.63289
0.389589
1.49437
0.28069
0.108275
0.00122679
0.168759
3.84126
0.113702
3.31699
1.41832
1.52806
3.90409
4.03838
0.00148666
0.994679
3.22606
0.0631932
0.0870537
0.124029
0.932977
0.131159
0.164919
0.0534564
0.958782
0.0783631
0.0490736
4.28142
3.03974
0.0192121
0.123238
0.086889
2.65236
1.11606
4.08217
3.31536
0.0866635
3.3321
3.99916
0.922913
0.576463
0.0836666
0.0610755
0.126886
0.112027
3.60577
0.0483575
3.88416
0.13397
3.23603
1.15318
0.377493
4.03305
1.5383
3.86749
0.129583
0.0762912
0.0746789
1.14946
0.0786507
3.43837
1.63259
1.5458
0.0843443
5.35484
0.263539
1.0599
0.154296
0.0520205
0.132027
0.0753375
3.90029
1.51254
0.118083
1.3549
0.0937212
3.94481
1.19785
1.49191
0.23797
3.97518
1.52155
0.0799592
4.11186
3.82262
1.476
3.95823
0.926583
0.0517151
0.148322
1.52699
3.81256
0.0487295
1.34515
1.07297
0.0679048
0.0863854
1.52359
1.50622
0.0905033
0.059297
0.597749
2.72987
0.0986546
1.02192
0.889244
0.7811
0.318891
0.116302
0.215446
3.07999
0.0594418
0.0528424
1.19045
0.734138
0.102678
0.116929
1.44467
1.0269
4.00198
1.31799
0.093346
3.86226
1.40479
0.0646995
3.47076
0.0618984
0.129783
0.0922683
0.0796601
0.115177
0.0525243
1.39789
1.54268
0.208875
0.150584
0.0579597
3.60178
1.52991
0.0907179
0.785093
0.049085
1.29954
0.0959586
2.86458
1.25327
0.0594906
3.68441
3.34212
1.30621
0.074333
4.15896
0.0706926
3.89648
1.02629
1.34224
1.48036
5.52643
1.15978
0.145194
4.02612
3.89098
0.0926668
0.150423
3.90919
3.46495
0.0341922
0.088698
0.0525062
0.107063
4.07706
3.64086
3.77229
0.139362
0.0576113
2.61998
3.70115
0.0794298
0.100977
4.18812
5.0347
3.64811
0.0485762
1.32867
0.520689
0.170291
3.78656
1.05205
3.49438
3.93733
0.0829385
0.0742301
0.0975635
3.87829
4.34944
1.10125
3.85186
0.111006
0.0743209
3.11025
0.110523
3.93633
3.19297
3.28974
5.9579
3.37374
0.0817464
0.0281341
0.266703
0.802749
0.060252
1.13909
0.0990572
0.0208322
1.07676
3.41518
2.99392
3.6917
0.101397
0.0613825
0.142691
1.17712
1.33093
0.0614566
0.465108
0.0923764
0.153809
0.0749347
0.0535456
1.55164
0.101383
0.168244
1.28222
0.0928023
3.8367
0.104525
1.42768
1.78503
0.912378
0.305972
1.32569
3.01872
3.69157
3.58472
3.41353
0.0905013
1.21572
0.103777
0.14493
1.21477
0.074075
0.634416
0.0701175
3.3191
3.1672
0.101
3.08615
0.358902
3.23441
3.99796
1.32528
0.107472
3.27353
3.56664
0.0611268
0.630029
3.84816
0.994902
2.51482
0.0503179
0.78841
0.103204
0.000690013
1.21592
0.124314
0.0650199
0.0022422
0.00107597
3.32528
3.96171
0.0702054
0.0670642
3.36385
0.103603
0.0544498
0.674231
3.96844
1.4758
4.00085
0.0742661
0.655099
0.883959
0.68741
3.9893
1.35437
1.35534
0.101597
1.07992
1.30977
0.789489
3.99389
0.28721
1.59734
5.20833
0.0720878
3.10396
1.41915
1.38589
0.0229229
1.37981
1.29474
1.34678
0.236655
0.000588548
0.000535809
3.85019
4.15986
3.82108
3.96981
0.0536686
0.0539815
0.0645062
1.3888
4.15223
3.1313
0.0791036
0.235382
1.43628
1.00398
1.00125
3.81205
4.07912
1.55149
0.0911672
2.5797
0.114489
0.142302
0.103787
3.78604
3.9645
3.68838
3.28335
3.74395
0.155386
2.32023
1.38089
0.980082
4.05087
0.362046
1.19313
1.28781
3.49088
0.000583616
0.000460108
0.145354
3.9742
3.34752
0.107214
3.50761
0.0969423
1.21574
3.28006
0.0902521
1.46197
3.63293
2.8352
1.41513
0.965771
3.85516
3.92528
0.0191328
1.57221
3.95844
3.82898
4.03039
1.2285
2.36649
4.54214
3.51498
0.0697721
0.0559219
0.13148
3.41737
0.472771
2.44431
0.851535
1.57213
1.49456
0.0797369
1.04432
0.0513859
0.0929255
1.31541
4.03433
1.50874
0.55549
3.74957
1.05159
2.8511
1.2081
1.10183
0.241303
3.73259
0.12023
0.11694
3.93654
4.03807
2.48326
2.94549
1.36974
3.9259
3.94148
4.00776
0.0579976
0.130328
1.25439
1.08734
1.06177
0.0558611
0.708907
3.02716
0.103997
3.29263
1.51097
1.52695
1.40727
3.69116
0.0960138
3.66875
3.84395
0.96006
3.95772
4.06696
0.138471
1.51432
0.0937733
0.090789
2.5239
3.79399
2.99757
4.10572
1.50409
1.51554
3.99652
1.3339
0.054532
1.11953
1.4813
0.0531702
0.174305
1.17965
0.885464
1.24806
0.0894588
3.19125
0.0664796
0.114042
3.63228
1.44275
3.49317
1.03698
1.00381
0.150609
0.0859443
1.49031
0.762256
0.0869158
0.0830093
0.871942
0.794615
3.54926
1.27886
1.21632
1.54713
0.0981873
0.114816
0.083236
3.94155
0.0537498
3.35245
0.658604
2.74553
2.83731
0.682966
0.057331
0.0614595
0.85022
0.0556219
1.37927
3.7133
3.9692
0.0729926
0.154619
0.312178
3.7158
0.0672021
0.206725
0.0668379
0.117706
1.09241
0.0959273
1.48374
3.58055
1.81326
2.27867
0.0832008
3.75377
0.119387
0.766434
1.5452
3.65546
0.170133
1.55513
4.03209
0.0783563
3.71406
0.0178885
0.0555746
0.517679
3.07129
1.53091
0.493802
0.195086
0.980803
0.131846
3.69704
1.26443
3.66721
1.20681
2.12702
1.2595
1.26158
0.058892
0.0934866
0.13455
0.158258
0.022835
3.81019
0.0942622
0.0628306
0.55398
0.313022
0.0660381
0.0840662
0.0658133
1.24396
4.15318
0.0898484
1.07228
0.0811936
0.185262
1.61686
3.92557
3.50645
0.318223
0.106325
0.100677
3.66509
3.50372
3.98049
0.0605578
2.8398
0.145923
3.69871
3.81689
0.0645456
0.0953754
1.58275
1.33028
1.36991
1.31213
0.0211779
0.0534122
0.278441
0.0909828
0.122526
0.345976
0.995244
0.827224
4.13789
3.61443
0.142662
1.45346
2.61181
3.2717
3.99405
3.27687
3.23436
0.0721035
3.46327
4.14812
1.29822
2.4523
1.45385
0.176592
4.02975
0.697626
2.67184
0.0520173
3.13124
3.61745
0.0488142
3.52262
3.65353
0.0201756
1.24733
1.23492
2.77534
2.56679
1.67652
0.325955
3.83272
0.530438
3.53933
0.602376
1.25397
3.32962
0.0794246
1.41936
0.221035
3.54052
0.0530466
0.649694
0.937194
1.56237
0.526309
1.04181
1.03563
0.00161827
1.90097
3.87911
1.3445
1.35507
3.96943
3.86474
4.056
0.05828
0.0501604
1.29612
0.099789
1.0655
4.02356
0.194586
3.93542
0.0914834
0.762522
0.0818233
0.0861599
3.33142
3.96281
0.182692
3.69052
0.343324
0.114982
3.46485
0.148509
1.19397
0.671172
0.650957
0.332569
3.6801
0.12518
3.83657
1.5464
2.62239
0.00123399
0.0632811
5.09608
1.25346
3.12741
2.32009
1.0173
3.23162
4.23374
3.10394
2.57301
3.28044
2.39659
0.0875164
0.3735
3.7926
1.56243
3.99632
5.46338
3.38107
2.54187
2.37304
1.84184
0.13374
0.00278176
0.364722
2.79287
3.3234
0.116332
0.699216
0.0303395
1.2778
4.01966
1.19354
0.405998
2.30544
0.0804065
0.0675952
2.46734
3.43688
0.141518
0.102555
0.128218
0.931347
4.13581
1.00096
3.56409
1.23053
4.05567
0.971454
1.61966
2.41662
3.43925
1.14213
2.86531
0.081931
2.51728
3.78478
0.0818907
1.38373
1.28533
0.081814
0.0243433
4.96718
3.36105
4.04325
1.50004
0.087977
3.41673
2.89158
2.25286
0.0956355
0.000500364
0.000307863
0.100104
0.0584475
3.46002
3.58353
0.115243
0.280898
3.82148
2.97389
0.870793
0.0697792
0.402301
3.15861
2.32457
1.08473
3.24576
1.01623
3.62904
3.91041
0.0803898
0.44316
0.0463586
0.205574
0.0684826
0.236103
0.104823
1.021
0.613018
0.0557626
3.27381
1.10385
2.93736
3.68799
1.24856
0.988673
0.0438187
3.48771
2.80671
0.119346
0.34708
0.0842894
0.0501162
1.15495
3.53042
0.0449528
0.200247
4.02831
0.00022912
5.31463
4.1031
3.97324
0.11065
0.111134
1.97654
1.70499
0.10569
0.762891
4.34403
0.00113781
2.59033
0.0614851
0.0506694
0.270958
1.12813
3.94087
0.317848
0.367631
4.00192
3.11504
3.84498
0.302823
0.0863765
2.52176
3.97706
1.70796
0.120127
0.0478783
0.337913
0.99219
0.0531787
0.335636
3.99071
1.20327
0.0962961
3.25725
0.994646
0.366274
3.8174
0.000659905
0.0820985
0.0522331
0.127557
4.02322
0.0607845
0.171311
4.11965
0.00168969
3.58208
0.0491578
0.105591
4.02584
0.000814782
3.76983
0.560416
0.332772
2.9707
3.78702
0.151992
2.44303
0.406115
1.61795
3.18279
0.0616741
0.108265
2.73744
0.138781
3.13929
0.0707226
0.0545647
0.0798139
0.00141704
0.496858
0.0801513
0.0512865
0.0490779
3.46353
0.0735579
1.36419
3.23321
0.121765
0.169923
4.16019
0.0562753
4.07304
1.76501
2.50105
0.916505
0.0439014
0.101016
0.110563
1.40406
0.0547747
3.78617
0.0996447
0.0135821
0.0122027
4.01731
0.683453
3.67535
5.33817
3.89745
0.023617
3.95576
0.471673
0.693006
0.105827
0.0845244
2.81915
3.72488
1.0138
2.9613
0.22453
2.13087
3.98929
0.841988
1.15636
0.106825
0.0123657
0.0994172
3.86184
0.190293
3.8452
0.281729
3.04623
0.0910482
1.62023
0.0665972
0.0465725
3.7439
2.72867
0.166015
4.18906
4.17144
0.0458102
1.54296
1.14753
3.67608
3.77821
0.991533
1.01794
0.0482375
0.050606
0.429751
0.0943598
0.605868
0.121113
2.52044
1.64171
0.0490575
0.385318
3.27646
4.16129
2.38232
0.0700659
3.20284
0.0485995
3.93818
1.20044
0.104912
0.0885653
3.7249
1.11948
0.0790974
0.0629515
3.31247
0.111982
1.10123
4.17841
0.0631752
0.0707145
1.61526
0.660053
0.658699
0.000519256
0.103237
2.3542
1.01336
4.25851
0.0775616
0.0551187
1.37116
4.14042
1.38285
0.261029
1.26389
3.1295
0.123686
0.0713079
0.925716
0.0844457
0.374628
0.208147
2.51296
0.202628
4.00639
0.661582
0.528192
0.979735
2.39181
0.30319
0.98795
4.09085
3.13839
1.18444
2.31485
1.47471
1.22288
0.987714
0.104115
1.32655
1.14777
0.164815
4.07264
1.30354
3.46798
0.0883443
1.13312
3.88659
3.2015
2.75584
0.855884
0.0739428
1.57797
0.0440365
1.03632
1.45949
1.46755
0.905116
3.13834
1.05047
3.22474
0.0828202
0.477907
0.0865518
1.1759
0.607327
1.25388
5.0615
3.89094
1.03705
3.8967
1.29833
1.00399
0.0765762
0.00404056
1.01203
0.275321
0.11976
3.20804
2.49122
0.102213
0.775677
0.241025
0.361869
1.03915
0.904579
3.94132
5.48337
0.137131
0.0873468
0.843898
1.38265
3.60901
2.99011
3.93176
3.36078
0.0108571
0.101274
1.32565
3.68596
3.91263
1.34343
0.0654604
1.32963
0.114041
0.0665392
1.41804
0.181865
1.44433
3.32468
0.11883
1.16413
0.100589
0.106981
1.0254
0.988707
1.23923
4.0841
0.167649
1.38585
0.0670566
0.966415
3.59699
2.49227
2.99377
0.0502973
0.135844
0.0603742
1.42575
0.422604
0.0645033
3.87102
0.0787045
0.0546233
1.31473
1.29661
0.0555881
3.48303
2.48564
0.0754071
0.135217
3.91371
0.0578223
2.88714
1.18071
0.0555999
0.0587725
0.0712172
0.785632
3.95267
3.53125
0.117211
0.0614015
0.0894577
0.0952019
0.0566527
3.09208
3.64767
3.93523
0.963412
4.02142
0.532055
3.69506
1.41059
1.21715
1.5445
3.91975
0.106336
0.10838
0.0134903
0.12389
0.106105
0.0858607
1.34478
5.17546
0.0935653
0.233359
1.60203
2.86835
0.284621
3.35144
0.1302
3.93117
0.154234
3.67718
0.0627665
0.0933808
1.22303
1.60965
0.110764
2.99101
4.39856
4.14756
0.963995
0.141766
1.02675
1.22671
0.00400606
4.05072
5.28015
2.55285
0.000423139
2.39963
2.84329
0.249759
3.25907
0.0528593
1.05133
0.16589
3.43806
3.61599
0.214934
0.408582
0.104078
0.0784106
3.98566
5.13369
0.36365
2.81832
0.0751137
0.000730079
1.08021
1.38818
0.0666832
0.150213
3.95453
0.0524361
1.45405
1.08661
0.0889167
0.227292
3.07768
0.995655
2.2947
1.29672
2.96397
0.0834914
0.0442
4.00192
3.72355
0.0398318
0.00349921
3.60428
0.852254
3.37172
1.04625
2.40246
0.0954894
0.081715
1.23196
3.84606
4.83819
0.0510726
2.89511
1.08996
2.42975
1.05541
0.0722202
0.134135
2.61144
0.0881521
4.00073
1.30456
2.46388
0.216554
0.0971127
3.96619
1.36804
0.659632
0.0848605
1.14919
1.36685
0.0982403
0.249823
1.12569
1.45569
0.400178
0.043397
3.1421
0.223239
0.307633
3.59591
0.274821
0.0983993
0.0164135
1.09327
1.08181
3.90962
2.46044
1.33429
0.888086
0.291912
3.38253
0.118423
0.15669
0.698962
0.05526
0.0803724
0.0697861
0.435146
3.56906
0.305096
4.28204
0.0896188
3.29269
0.0922859
0.0877044
1.63188
0.0834479
3.73611
0.000169294
0.000146393
2.54853
1.43631
0.071351
3.07688
0.100789
4.0611
0.158349
0.0497612
0.37356
0.0982984
1.33991
1.57543
1.22044
3.5541
0.612306
0.0180837
2.88233
3.40244
0.787448
0.0159849
0.049979
0.737168
0.138352
0.0895319
3.75846
0.0673691
4.00648
0.00552743
0.0779184
0.123918
0.202955
3.78598
1.076
0.119267
1.00088
0.77357
0.0855001
0.121769
0.0544326
0.103229
0.335505
3.1485
1.99312
1.08483
0.623359
0.000418454
0.000102029
0.0547434
1.49349
0.0886928
1.60014
0.118764
1.01826
0.0855493
0.19958
0.0894628
0.216489
4.27136
0.101173
0.111532
1.33787
3.43198
0.0875638
0.0276116
3.18247
0.265137
3.46044
0.109111
1.57846
1.10655
0.031293
0.0916122
0.224128
0.000715909
3.14048
3.79203
0.127842
2.74023
0.277239
4.53649
0.477241
3.32048
2.86983
0.932468
0.625923
0.110716
0.000480239
3.54724
0.0469277
3.64956
3.06545
1.60571
0.199051
2.79355
3.97798
0.138225
1.34353
0.128493
3.98894
0.162535
0.0649556
3.99433
0.0412554
0.0956811
3.26035
0.107596
3.34567
0.0266884
0.00574392
1.12536
3.67494
0.244896
1.25281
0.0222298
0.95435
0.000306887
0.000701177
3.87252e-06
0.362096
1.57156
0.177579
1.16965
0.139742
0.0607288
0.252668
0.49105
0.0565008
2.67899
0.000143726
4.31632e-05
0.0506914
0.115073
0.995962
0.0532276
0.78791
0.177034
3.58794
3.32338
0.0853077
3.23756
0.0706034
2.2665
4.09985
3.9505
3.3431
0.134426
1.06778
0.00566001
1.34632
0.140557
0.163736
0.0500498
0.083641
0.0571799
0.106297
3.11513
0.0590624
3.60719
0.0771336
3.74301
3.35606
1.97562
3.57065
0.0675794
1.37236
2.91146
1.79937
0.0849392
0.333726
0.0913935
0.137013
0.0735454
1.78161
0.072263
1.55369
0.061129
0.0849329
3.60838
0.123126
0.0690585
0.0916127
0.074813
4.78353
0.0900024
1.34435
3.854
1.20531
0.481681
3.33393
0.0482718
2.46499
0.105711
4.38183
3.79022
0.0828267
0.0867929
3.17232
0.0831585
1.45349
0.896563
0.439218
2.12646
3.58654
0.284182
1.19619
0.168331
0.710908
0.0384298
3.30125
2.12905
5.00755
1.27365
6.55544e-05
4.85005e-05
4.44166
0.945899
2.60083
1.52111
0.125434
3.57712
0.0487676
0.140668
3.54537
1.48607
0.0509797
1.5938
0.439588
3.07252
0.111489
2.20733
0.463858
0.0784422
4.13531
3.68159
0.0506223
0.344471
1.05635
0.789273
0.943944
0.115443
1.41827
4.03716
2.93306
3.83509
0.0942773
0.0948011
3.5388
3.41014
1.15013
0.1239
0.0836824
1.9076
0.0428174
3.90921
3.78272
0.113214
0.17137
0.064306
0.257545
3.45358
2.88344
3.16245
4.95178
0.127693
2.18463
1.04774
0.00866068
2.73256
3.21575
3.20544
0.937227
3.6409
0.103244
0.0191323
0.634584
1.31833
0.660014
0.609915
0.318943
3.52938
0.377522
0.152552
0.138285
0.0994739
0.16415
0.572477
3.8401
1.94715
3.55766
0.062912
0.140909
3.10789
3.76742
0.0930393
0.0654763
1.10196
0.0887252
2.25384
1.24825
0.0816487
3.16616
0.346391
1.20095
0.676434
0.084904
0.16648
3.99098
3.62135
0.148642
0.145159
1.38113
3.89346
0.0850793
0.05637
2.6076
1.34278
0.0806889
5.00915
0.105141
4.17218
0.0583847
0.114017
0.27397
0.0836167
0.0461685
0.12925
1.00628
3.56353
0.303949
0.0587982
1.3308
0.392634
3.92264
2.4881
3.6286
0.0448864
0.617909
0.121686
0.462614
1.21415
3.7271
0.0447122
0.073603
0.0940554
0.0829057
0.0686332
1.12902
0.182458
3.99893
1.0518
0.0514033
0.107944
1.07124
2.28779
1.78882
3.7309
0.44692
1.5428
0.158336
0.244659
0.112324
0.0759332
2.58555
0.0623528
3.3984
0.0856439
0.249134
0.129907
1.62634
0.812291
3.95702
3.08839
3.76773
0.0908272
0.0665911
0.0829171
0.0641259
3.89943
0.238316
4.14633
0.0579887
0.0554698
0.806127
0.757161
0.0806872
1.24655
0.0392822
0.0498628
4.92044
0.0515085
0.0341609
0.546931
0.558978
0.0888886
1.44647
2.25866
0.573766
0.0830065
0.0494643
0.0945999
3.91942
3.89898
3.71882
0.0507121
0.0663309
0.00416398
0.0546025
0.538442
0.406685
3.83745
2.9082
1.07824
3.40143
0.0801384
0.488393
0.0824703
2.51338
0.0445962
0.926024
0.0452439
2.58123
1.00872
0.428044
3.57058
3.00771
0.0700428
0.0480105
3.96589
1.0599
0.0295181
0.0559689
4.39992
0.109471
0.167731
1.56068
3.99632
0.0211366
0.953578
0.0831238
0.106371
0.630903
0.14834
0.163121
0.180099
0.148172
3.76454
4.00657
0.0560247
2.13825
0.414746
0.0434105
3.9897
0.0524335
2.02589
1.67177
4.26249
0.087243
0.102253
3.18057
1.29255
4.01315
0.356362
0.110663
0.054859
0.268351
0.0948446
0.271594
0.118418
4.85049
0.317468
0.725251
1.28742
0.930393
3.3089
0.180541
0.349551
0.470067
3.27029
0.0525978
3.40141
2.44988
0.0833074
0.0675978
2.88334
4.14825
0.150479
3.25456
0.678609
0.0618901
0.0801434
0.0807487
0.0238182
1.58015
4.70546
0.1465
0.0840434
0.0565438
0.0613226
2.67596
0.112819
0.801927
0.881349
0.0563506
1.40491
0.175689
0.419304
0.0626024
3.36342
0.0880992
3.51686
0.706075
0.0795655
0.0712218
1.69401
0.0458819
0.888943
0.066745
4.64613
0.016914
0.332436
0.0779183
0.46466
0.81939
0.493411
0.587042
0.0667275
0.208459
0.083274
1.34625
1.38394
0.448516
0.330596
1.636
2.56471
0.108779
0.0678357
1.09713
4.08824
3.60907
0.794294
0.150154
0.0918242
5.988
0.17195
0.0623628
0.0835988
0.118563
0.0813784
0.0544338
0.00534803
0.147426
0.0551732
0.124934
1.31811
0.0537434
1.89627
0.993357
1.31561
3.69452
1.48343
3.98041
0.100719
0.0756806
1.37626
0.191773
3.44825
3.60008
0.0495342
1.43736
0.757491
3.51563
0.151696
1.28195
4.37028
1.17989
1.17689
0.0770362
5.0494
3.73952
1.47674
0.0885355
0.0606902
1.38893
0.0887468
0.19985
1.41596
0.0490136
0.382478
4.0221
0.280258
1.31322
4.02264
0.370358
4.83365
0.520471
0.0584003
1.18927
0.428789
0.307945
0.0972893
0.390987
1.57057
0.123287
2.49799
4.27552
0.0806138
1.47406
0.0538239
0.163671
0.775608
0.0935799
0.0809282
0.0817077
0.0523867
1.18397
0.358906
0.0415898
0.336276
0.0805397
0.403114
3.26031
0.0612446
0.0994538
1.3025
1.58869
0.251132
6.47257
0.0121396
0.0914391
3.53401
0.15301
0.107961
0.0107914
5.46693
0.0492909
0.146494
0.138007
0.803685
4.01378
0.1038
0.086662
0.17471
0.15293
0.0703937
0.049847
0.683733
0.430519
4.20878
0.0582663
0.0691657
0.920869
0.0101224
0.0810708
0.925048
1.19327
1.49267
0.0516944
0.944527
3.82178
0.96649
4.01306
4.06419
0.973835
0.571844
3.54895
0.81801
0.113869
3.57164
0.963024
0.124378
0.347121
0.0827166
1.30351
0.100485
3.50033
3.9347
0.113886
0.0539092
0.11366
1.27946
1.0442
0.380628
0.276805
0.95041
2.80259
0.878898
3.5687
3.76415
1.0181
1.41574
4.92376
0.360581
0.174458
0.0692761
3.55391
3.82883
0.995936
1.03837
3.47426
0.822907
6.28152
0.351401
1.3263
1.36822
0.128087
1.56221
3.00691
0.368936
3.11791
0.0483542
0.0617544
0.0563771
3.72172
0.0781542
0.0504325
0.0105033
0.0491768
2.70175
1.59742
0.0715755
4.88443
3.90382
2.59168
1.05493
0.094852
0.22431
0.285967
0.835972
1.05402
0.41687
3.69292
0.0550508
3.92809
4.06443
0.0550898
0.10999
0.0969973
4.0274
3.99996
0.0564386
0.055094
0.058895
3.17904
0.0565593
0.487769
5.9163
0.110683
0.0833606
3.65811
0.058498
0.432006
0.572255
1.48098
1.4285
3.35738
1.31635
3.521
3.43816
0.496784
0.0997653
0.22639
0.517573
3.23828
0.967641
0.107674
3.39751
0.0335847
3.41904
3.4455
1.61596
0.171038
0.205713
0.0500955
0.115453
0.158545
0.0921011
0.0970425
4.70787
2.70296
0.0973941
0.055567
0.0928523
4.42642
0.0551536
1.38633
0.0798612
0.0737877
0.778194
0.01395
3.73606
3.58547
3.19806
0.639459
0.655004
5.09474
0.689282
0.125318
1.99841
3.73369
0.444035
0.297077
0.0832523
0.747799
0.774361
1.26712
3.70912
0.0554652
0.442263
0.0317722
0.0557223
0.0678918
2.3996
0.542901
2.60716
3.66372
0.419559
0.95781
0.134793
1.18097
0.328576
1.69514
3.36393
0.395678
3.11611
3.42715
0.142833
0.0602286
0.957072
2.50455
3.64658
0.428814
1.26871
0.821544
0.118079
0.851226
3.40865
0.337035
3.60377
0.949215
0.359952
0.0740227
0.904479
0.0032367
0.0995519
1.35944
3.17297
0.0618244
0.0544614
3.42349
0.0557467
3.49185
0.287332
0.268087
3.50834
0.661234
0.0523708
0.0383383
0.476133
3.37091
0.765506
0.694939
0.116801
1.28928
0.0589625
4.01866
1.26811
1.297
0.0606942
0.652696
2.61454
1.61707
0.261988
0.0568759
1.36611
0.794125
0.0618236
0.402194
3.97596
0.0503606
0.110244
1.25858
0.160943
0.0645701
0.0604101
3.99592
1.43204
0.190543
3.26173
0.00805205
0.167993
0.8424
4.46631
0.143449
0.20737
0.274456
0.757558
0.264208
0.332077
0.0885591
0.542174
0.0584581
0.930734
0.0524581
0.0552707
0.118048
1.43339
3.014
0.0950892
0.503437
0.273506
0.269814
3.65134
1.73229
2.90848
0.0982312
3.527
0.887879
0.731814
0.409966
0.0895344
0.072789
4.40703
3.0551
0.0559131
1.58913
3.62993
3.29787
1.61046
3.1916
0.0351032
0.457353
3.56696
5.05915
3.17536
2.95351
0.298393
0.042746
0.286239
3.73148
3.66528
0.294849
3.97464
0.102036
1.27783
3.8534
0.0561426
3.47511
1.90824
2.32432
0.0593195
4.82035
0.0831349
3.26903
3.92263
1.03129
3.78109
1.25388
0.0612333
0.127605
1.28287
0.415251
0.165418
3.1538
0.607939
1.32096
0.0824419
2.21087
0.0626288
0.193596
0.0850762
0.0614954
0.518433
0.113263
0.748115
0.0560259
0.141794
0.115704
4.09735
0.461426
1.2399
0.361275
0.117365
0.079754
0.0145712
1.68593
0.828591
0.609824
0.741311
3.13713
3.78748
0.471352
1.29341
0.0386129
4.0017
0.56917
0.345206
0.873451
1.16779
0.112825
5.54328
2.48983
0.338653
1.22187
3.44143
0.73791
3.31585
4.09549
1.56819
0.712565
3.25789
3.42907
0.0331805
0.963697
0.550147
3.54786
0.43062
1.08563
0.876057
3.9142
0.643157
3.99857
0.362892
0.251323
0.0389304
0.0908231
0.130493
0.74714
0.0773187
3.19863
1.14184
0.742971
0.264169
0.129748
0.254856
4.01025
0.860296
0.955107
0.0862251
0.138715
0.556333
1.0373
2.57033
0.0549587
3.55479
0.276228
3.03224
1.18364
1.4743
3.71968
0.08873
0.0773785
0.0506099
0.208114
3.09801
1.37474
2.86759
0.0827469
2.25204
0.148681
0.528342
0.881532
3.91402
1.19696
0.153672
3.10629
0.973142
0.265892
1.44109
0.880874
0.0657964
0.839608
0.161052
0.00761024
3.61141
0.866159
3.51299
1.30521
3.17799
0.129695
3.76912
0.229371
0.936301
0.641979
0.114631
2.95953
0.0887148
0.403431
2.88092
1.4754
3.90777
0.0566878
2.35418
3.68258
0.485542
0.0301467
1.30891
0.363549
0.0577243
1.02879
0.051362
0.30665
3.71057
2.93984
0.129863
0.0566365
1.12052
0.163468
3.97327
4.06948
0.0572036
0.165957
0.0772176
3.87753
4.00132
4.04239
0.056096
0.138849
0.549657
1.13551
0.068695
0.148647
0.113733
1.60626
2.77665
0.0982896
0.000649248
0.0935723
2.64611
0.0687522
3.34936
1.35909
3.38217
1.18451
2.91305
1.1307
0.0584559
1.98521
0.0729445
0.160179
2.98721
0.9042
0.0622193
0.181498
1.65143
2.63842
0.0157098
0.276627
0.0758751
1.47433
0.112249
1.17051
3.28522
1.07461
1.63053
1.36721
0.498604
0.230522
0.0466934
0.0118347
3.54277
0.251207
0.0749574
0.116438
0.0967441
3.22063
1.40495
1.65731
2.60868
4.68846
1.29881
0.055789
0.128751
3.50068
0.112505
1.43479
0.132345
0.692075
3.76715
0.162601
0.0942477
1.71651
2.45222
0.0533082
0.967319
4.14383
2.57326
2.98583
0.0590106
0.131569
3.99198
0.378879
3.8553
3.50259
0.483355
1.14958
0.138599
4.73674
3.47778
0.942862
0.187457
1.42759
0.113648
0.00155639
0.577688
1.26125
0.159863
0.0826588
0.0804495
1.2658
0.134877
3.5711
0.13105
1.18383
2.79554
1.62065
0.578368
1.54045
0.499259
4.09895
1.58039
0.916944
0.901874
0.259282
0.881718
0.829262
0.809556
0.389573
1.14939
1.00171
1.28809
2.68879
0.342208
0.59174
4.15504
0.658855
0.389704
3.79687
0.114308
0.0571577
0.145482
2.00399
4.03514
0.0702792
0.0496169
0.312374
3.44955
0.352735
0.0215941
1.25733
1.06841
3.09118
0.654357
1.65295
2.6422
1.67457
0.280346
0.0571869
1.26905
0.0663229
2.76474
3.81925
0.0999173
0.077464
0.0653165
1.22091
1.4238
0.000979611
2.28645
0.0113105
1.63984
0.0118723
0.0773523
0.953611
0.117328
0.952931
3.69761
0.102915
2.68964
0.0022643
0.0865393
0.349471
3.63863
0.602736
0.139249
1.85975
0.181472
0.961551
0.685103
0.120097
0.0560971
0.105519
0.227911
0.0348065
0.516691
0.134954
1.42788
1.10827
1.73775
3.88476
3.20556
3.81605
0.101429
0.194697
3.03256
1.08955
3.90569
0.838129
0.110408
2.58926
0.879309
0.738309
0.105741
0.0567643
3.42512
1.21033
0.184041
1.26365
0.0574773
0.653759
1.24411
0.0944774
1.41859
0.946322
0.0915223
1.08289
0.29431
0.100207
3.61779
3.89879
0.0905686
1.32815
3.30205
3.65254
0.527725
3.31791
0.117373
0.243822
0.0529962
3.30736
0.832532
0.0160234
1.1788
1.71041
0.868833
1.52555
1.47438
1.79007
0.717505
3.04471
0.0607662
3.21772
1.00276
1.08113
0.088643
0.5715
0.272112
0.0606886
2.66767
0.186888
0.655134
0.421609
2.54241
1.38234
0.0946948
1.41459
1.5136
0.855263
0.0442028
0.904741
0.537678
0.933427
0.792664
0.202128
0.0560053
0.0959567
1.21695
4.01822
3.39794
0.0818568
0.0574703
1.13502
0.141055
0.158096
0.936662
0.513125
0.0536584
0.614717
2.70238
0.0430027
2.76425
0.916407
0.0449389
0.0167294
0.0824435
0.02128
0.0459073
3.2422
0.525336
0.167643
0.153772
0.0481778
0.000705594
0.780778
2.9292
3.41756
0.267096
0.787012
0.0436541
0.0742875
3.3481
0.697906
0.731702
0.744592
0.62596
0.100169
3.82333
2.38388
0.0513122
0.0419307
0.0654947
2.58783
3.55781
3.83738
1.12879
0.0901093
4.11508
0.0524687
3.95579
1.43151
0.941861
2.47371
2.58105
0.0574788
0.0691757
0.862248
0.0957117
0.0915633
1.39597
2.76906
0.222024
1.12881
0.0889122
0.037339
0.00713601
0.0942735
0.299003
0.0518817
0.302274
1.30947
0.096687
0.902649
3.60753
4.77529
0.776004
2.67979
0.222197
1.0902
0.077757
1.08465
0.0894321
0.30665
3.92737
1.55252
0.0561161
1.2716
0.0371554
0.0392959
0.0713226
3.5075
0.10732
2.35025
0.764508
0.11417
0.733863
3.78287
0.0894608
0.0482459
4.00758
0.135266
3.67747
3.93913
1.07267
3.21117
0.703119
0.0429743
0.173085
3.58409
3.10477
0.0810367
0.67106
0.0589757
2.55868
2.68681
0.433217
0.0683013
0.064891
4.61696
1.10867
3.11561
0.893725
0.118169
2.50989
0.0777759
3.09334
3.34506
0.752617
1.22341
0.0540389
0.145368
1.78862
1.21659
0.311569
3.79866
0.052187
2.29566
3.83488
3.69187
3.60479
3.65116
0.0507596
0.982876
2.9734
0.233676
0.199165
1.34532
2.95158
3.72723
3.82793
0.188781
0.0275374
1.35897
0.0374716
5.73007
0.0546659
2.41878
0.0598385
2.86932
0.0614685
3.52299
0.316761
0.707425
0.0573314
0.925416
0.0623307
0.103477
3.86118
0.061679
4.49966
0.0426334
2.76868
0.0777861
1.3215
0.618738
0.837926
3.85383
0.52748
1.40212
0.0683353
0.0489458
3.72744
0.0708826
0.0745799
0.120094
3.50765
2.75282
0.279936
3.78593
0.904789
0.07026
3.96987
0.380011
0.145606
0.868679
4.29921
0.0635818
0.0410243
0.872475
0.130188
0.086428
0.777655
0.0973651
0.0605719
1.0772
1.44689
0.0914897
0.0803196
0.986716
0.0458224
0.0518374
0.983205
0.912522
0.262652
0.102043
2.49449
0.0609927
5.50086
0.0955335
0.0637261
3.07312
0.0605009
0.071199
1.27724
0.835289
3.79825
1.47915
2.79527
0.101289
0.109135
1.03964
0.0676748
0.448358
0.0545626
4.48625
3.89406
3.09685
1.59811
2.93534
0.0888453
0.962433
0.219345
1.49032
0.0810984
0.338209
0.170318
0.196181
3.59278
1.15873
0.221283
0.892877
2.4346
0.258431
3.99847
0.0143382
0.168218
0.168318
0.98037
0.0463825
3.45423
4.6557
2.90905
3.56512
4.032
1.61583
0.058999
0.15181
0.107223
0.0561529
1.55999
0.10701
0.105647
1.27364
1.61214
1.46069
0.726048
3.28546
1.70182
3.01599
0.498746
0.595503
0.0962152
2.7046
3.81383
5.4317
0.105294
0.631748
3.47595
0.000568969
0.994325
0.0502568
0.117782
0.000678137
0.894402
3.04642
0.0455182
3.43584
4.22585
4.70139
0.0504184
0.0683113
0.101682
4.00836
3.67276
0.136999
1.25297
0.116755
0.394998
0.0845455
0.690762
4.50968
0.0498834
0.0470287
1.47063
0.663443
3.97693
1.2782
0.0542351
0.0642935
3.82394
0.0560514
2.97574
0.617361
0.525775
0.113962
0.69657
0.953522
2.62658
3.77985
3.5592
3.6385
0.0610291
0.115307
1.08209
0.00119796
0.284664
1.39861
0.0892808
3.99759
0.0857455
1.15629
0.095526
0.0732602
1.40917
0.164162
0.0111466
0.919835
0.0572338
2.36326
3.97444
0.772483
0.080452
1.39732
3.5296
0.192753
0.054982
0.945051
0.0375071
1.40031
0.260617
3.71605
0.625235
0.171211
0.0844898
0.0569858
0.0794381
0.942168
0.0859516
0.161116
2.98476
3.53852
5.01878
0.36006
0.0925767
0.120002
3.88807
0.701987
0.173779
0.0893601
0.00124882
0.0780358
0.217968
0.0713207
2.39739
0.0862891
1.0921
0.107133
0.0271764
0.146562
1.34786
0.0411009
0.5955
0.0895777
3.98717
0.154404
0.0773663
0.444515
0.0883855
0.14299
0.86477
2.68071
0.173168
1.09453
0.970757
1.04919
0.114276
0.165575
0.093126
0.325564
0.640438
0.0934711
0.0239848
3.37535
0.0494369
0.125065
0.055616
3.86506
1.12219
0.0453548
0.151156
4.11703
2.73956
3.88586
0.983801
0.640468
0.893162
0.147814
0.82557
0.0174676
1.40379
1.13901
0.0514929
1.26706
0.123096
0.108968
4.60164
1.16376
0.0953741
3.80293
3.86234
1.26921
2.85038
0.674065
1.39383
0.102665
0.0914133
1.29115
3.96815
0.0524285
0.190471
0.0327238
1.39274
0.0161523
0.0717202
3.20245
3.182
0.0938661
0.0426987
0.111256
0.100459
0.172793
1.21559
1.56991
0.0213837
0.27085
2.66334
0.0427619
3.36831
0.063435
1.10612
0.100108
0.00410225
0.466338
2.54608
0.176199
1.01125
0.178751
0.00695333
1.65837
0.133548
0.974711
0.267255
0.0578925
3.9382
0.427986
1.61591
1.16238
0.0469908
0.134167
4.11937
0.316491
3.45234
0.859189
0.102381
0.210109
0.169213
3.64857
0.0476788
3.05644
0.125401
0.524774
0.0381836
0.0433949
0.354114
2.8447
3.46189
0.18716
4.63633
0.105496
1.3753
0.0492699
0.00221819
0.0893749
1.40167
0.199273
0.319343
0.0615245
0.105596
0.0399903
0.0351882
0.197083
3.92394
3.28826
2.97088
0.0985981
0.0779948
1.33271
3.84065
0.128872
1.24744
3.17226
0.319515
3.45416
0.829996
1.36246
1.04448
1.58236
0.0904086
3.12402
3.04536
0.0333874
3.75384
0.101395
0.0496179
2.94466
0.053762
0.0441795
2.90286
1.0925
0.0503786
0.0881102
2.62196
0.0539894
0.302136
1.63563
0.0799926
1.48742
3.8405
0.0511333
0.196939
4.5333
3.78358
0.00786404
0.0880426
1.52704
2.86585
1.471
1.36423
0.974676
0.021298
0.0681629
1.47018
0.217545
0.0683325
0.0193062
0.16289
0.106723
0.0783007
0.900817
0.0585549
1.05123
1.1065
1.35087
0.0588435
0.037238
0.857771
1.60922
0.0873767
4.13986
2.82335
1.47963
3.06747
1.54763
2.83621
0.050122
0.126012
0.495562
0.0926956
0.185698
0.968262
0.0524956
3.82992
2.71723
0.0732777
0.171934
1.24955
1.45052
0.0351657
1.53001
0.0369228
0.0513621
0.0621657
0.307953
0.0602655
0.116436
3.24217
0.0839565
0.121428
0.139674
2.69732
0.05534
0.067621
0.672027
0.0347018
0.926041
0.0838763
0.0114047
0.941332
0.053637
1.42895
0.0913956
1.24806
0.00177748
2.67918
1.60977
0.119262
0.0822407
0.00683061
0.979996
4.21284e-05
3.78702
0.0395503
0.454017
0.0445718
0.540121
3.26974
0.815823
3.88178
0.00709518
0.152778
0.00907605
0.157361
0.0722416
3.15408
4.06244
2.67929
1.6222
0.915373
0.352854
3.87771
0.0546692
0.181252
3.87565
0.932376
1.58214
3.07605
0.0261483
0.670126
0.0830653
0.102718
0.127308
0.0972045
1.07501
1.1285
0.0646056
2.88844
1.30774
0.344079
0.197969
1.0979
3.89661
0.690542
0.188323
0.0477208
1.02773
3.75153
3.66416
1.35008
1.61034
0.0539879
0.00650713
1.60184
1.15025
0.0798107
2.9806
4.01114
0.172154
0.080309
0.0727662
1.00967
0.204472
3.58186
1.85607
1.45966
1.29582
1.28371
0.0652545
3.18505
0.109432
0.0932928
1.37565
0.125227
0.0625134
0.0408861
4.04564
0.268621
0.110136
0.0831735
3.29463
0.156062
0.811024
3.99054
2.93307
0.947431
0.0618458
3.73828
3.75294
0.0617694
0.0688942
0.0937226
0.176793
3.62913
2.93319
1.54045
0.178349
0.0219532
0.157048
0.104941
3.62195
0.0274022
0.938616
1.49514
0.0367644
0.0848291
0.0933446
0.125465
0.0490347
0.116801
0.176377
0.0791902
3.8966
3.59211
0.172006
0.0953169
0.0291977
0.0571226
0.62858
3.49224
0.0658292
0.104004
0.124878
0.154133
3.39071
0.0835814
0.147187
1.1846
0.054021
0.62118
0.0935911
0.182551
1.2954
3.52438
1.14702
0.0905143
9.80499e-05
0.0825607
2.73359
0.0939342
1.09793
4.04875
2.41989
0.0599897
0.0781497
1.07527
0.0487924
0.669053
0.0871847
0.0321327
0.0536882
1.2432
0.11816
2.41492
0.0479504
1.12073
1.20208
0.237606
0.956162
0.30976
0.00355696
3.14133
0.0527428
0.131396
0.0452891
1.0171
3.77246
0.0736661
1.15115
2.92556
3.79711
0.111434
2.53662
1.44759
1.01314
3.64414
3.98285
0.0793213
0.0849343
1.30133
1.0422
1.48367
0.461851
0.0398636
0.862413
0.0515527
0.0704291
0.704023
3.65914
3.59959
0.112987
0.165816
1.36245
0.12525
0.111076
0.776342
1.36383
0.157144
0.0713556
1.1184
3.66935
0.0625887
0.0611996
1.10591
0.0580721
0.0931631
0.0519888
0.0785847
0.0608982
1.13472
3.10822
1.33249
4.06491
0.373672
0.0391976
1.23343
4.06346
0.0799403
1.23412
0.0176954
1.75254
0.147553
3.00395
0.0897953
0.0962051
0.0158086
3.58556
1.2413
0.663495
3.63242
0.224985
0.105586
0.122704
0.945651
4.03285
0.972201
2.59998
0.5588
0.0165482
1.07083
0.0448584
0.658144
0.0275724
3.57922
0.212009
0.0862441
0.0860709
0.123452
4.08269
0.191415
0.510071
3.98246
1.14427
0.0783292
0.190055
0.203048
4.00188
0.0408399
3.91337
0.145095
0.0767042
0.0555069
1.33556
0.0847381
0.000740263
3.54661
0.00402311
0.239297
0.0644689
0.0866938
0.71385
0.0983778
0.126226
0.109002
0.51304
3.06131
0.112247
0.70523
0.0409933
1.11419
1.20973
0.00737449
0.0750336
3.98424
4.03175
0.0893886
0.120383
0.24975
3.80518
3.01466
0.0846549
0.892237
0.039195
2.4169
1.38034
0.0892229
2.98273
0.0670381
0.210265
0.193323
1.39886
3.4345
0.0505606
0.136646
0.106399
0.0858206
0.272214
1.57526
0.113352
3.26585
3.75186
0.0774708
1.18933
0.960725
0.126993
0.951407
4.0392
0.101984
3.85418
0.047317
1.26657
2.93711
0.61863
3.93445
1.15792
0.0869504
0.083237
0.771518
0.102319
0.0221067
3.07344
2.9592
0.0287597
0.0463066
0.148249
3.79131
0.0796129
0.0587291
0.0905752
2.59141
0.0274382
0.296668
2.63504
0.948518
3.3438
0.0603874
0.136818
0.252334
1.40259
0.145956
1.23933
0.0616462
0.14051
0.204216
0.143603
1.29885
0.128518
1.10676
0.0796272
2.32759
0.994339
0.0511751
0.0537657
0.00505452
0.0402966
0.093289
2.83292
0.750547
0.0697441
0.054091
0.099042
0.0525367
1.499
0.0466221
0.115513
0.0604773
4.08782
0.00658815
2.8549
0.278926
0.0421116
3.2184
4.02627
3.38156
0.0503655
0.0999121
0.130555
0.291222
0.0926343
0.093408
2.80462
0.0705651
0.188593
0.0903704
1.17065
0.0502542
0.373788
0.0265248
3.29362
0.158122
0.0543515
0.0638887
1.27744
0.102009
0.0139199
2.7322
0.0391928
0.139217
0.125291
0.0524039
3.31597
0.0681633
1.2193
0.149927
0.0650465
0.197732
3.38094
0.128863
0.111207
0.181542
1.14136
1.43876
0.0813082
0.113616
1.01778
3.60759
3.62445
0.095498
0.0699904
0.0913136
0.0916404
0.91304
0.833653
0.0491741
0.023491
0.0150762
0.147172
0.0529184
1.25432
0.150942
0.148338
0.0526582
1.52787
3.01019
0.0660643
0.387539
3.89448
0.0594336
0.648027
0.0329196
0.0606006
3.66015
0.556627
1.11362
0.0416639
0.0509853
0.0392505
3.63212
0.270629
4.01024
3.91861
1.45822
1.02936
0.0733728
0.0916279
0.052295
0.935105
0.101205
0.0714964
0.215755
0.149325
3.61951
0.370795
3.94802
3.56318
0.210103
0.0913932
0.179027
0.0353039
0.0834897
0.0723298
1.19771
0.449761
0.0587744
0.206702
2.88911
0.731531
0.0799005
0.0917061
0.19333
0.0987323
0.0817609
0.0553954
3.16135
0.0503272
3.46988
0.117939
0.0509918
0.070657
0.257712
0.221357
3.90808
0.0882399
3.17285
3.77887
0.202073
1.17325
0.0854768
0.0866487
0.173723
0.266494
0.0533499
2.6178
0.624546
0.0548258
0.186361
0.168874
0.348758
0.869711
1.0714
0.150734
0.139046
0.105552
3.46848
0.0833309
0.0548149
3.28476
1.39805
0.232306
0.0481596
1.4527
0.0979829
0.896797
1.27186
0.14108
0.205739
0.0747216
0.0452812
0.0388375
0.0522808
0.594769
0.071962
0.086857
0.854886
1.26383
0.63761
0.16382
0.966579
1.00004
1.57648
2.99264
1.07553
2.95583
0.556838
0.63074
0.0794315
0.155022
0.105331
0.136305
1.15508
0.13786
0.159018
1.19652
0.0583265
3.49625
0.817027
1.95276
0.155004
0.635676
0.212302
0.0529308
0.731067
0.780411
2.90287
0.956397
1.21026
1.51951
1.34623
0.278454
0.850507
0.12775
0.0779791
0.0695131
4.95534
0.0911797
0.925634
0.988738
0.24634
0.0962197
0.0681882
0.00742065
0.114709
0.621676
1.37538
3.55159
0.0482293
1.5146
0.118987
0.0668066
0.0364766
0.10517
0.111771
4.04121
1.55278
1.12575
0.22213
1.41401
0.804247
0.327198
0.0899914
0.291182
1.15467
0.0485568
2.84868
0.042964
0.978407
0.0319355
0.805394
0.118127
0.775096
0.0407451
0.0795816
0.298081
0.0570836
0.18134
0.0682592
0.00102864
0.0111582
0.0874674
0.0757224
1.58873
0.0696799
0.117697
0.729817
0.0722181
0.0526511
0.132099
1.44313
0.197881
0.096157
1.16959
0.108855
0.130844
0.0758913
0.0457223
3.56552
0.213696
0.0115264
0.100268
0.0110078
0.757796
0.0196747
0.0201484
0.98509
0.0479813
0.0560536
0.367582
0.189868
0.362333
0.046397
0.198481
0.132163
0.0481793
1.30009
3.79013
0.67069
0.099285
2.49062
0.91383
2.25275
0.033101
0.0520574
1.27967
0.030094
0.173985
1.15097
0.194514
2.47276
0.0963293
0.57715
1.28588
1.28432
2.56644
0.0598455
0.0901091
0.0945395
0.21417
3.50876
0.0949446
0.0020973
2.70182
0.0967054
0.155353
0.00116598
0.0550669
5.19327
0.852714
0.091385
0.137829
0.259511
0.133733
1.08053
1.42759
3.47065
0.21393
3.48404
0.0947402
0.000628321
0.132435
0.0848848
0.902601
0.00682238
0.132495
1.05975
0.0639929
0.218194
0.101028
0.0828182
0.921109
0.0809996
5.86097
1.41072
0.040821
0.0571654
0.0903333
0.00693965
0.0989551
0.0943454
2.69925
0.212148
4.26007
1.62442
0.107941
0.346864
0.0986544
2.92639
1.36435
0.170381
0.211142
0.154504
3.09207
0.124582
0.947796
1.58868
0.0956144
0.128919
3.44862
0.126631
2.39987
0.0698636
1.26779
1.22718
0.0434603
0.0377171
0.990636
0.091944
3.47472
0.0941703
0.573259
0.0431582
0.104212
0.0988872
1.61153
0.219573
0.0822082
0.0902144
0.112059
2.5825
0.249025
0.0969898
0.101601
4.0451
0.109298
0.0431207
1.5088
0.654459
0.0871082
0.110979
0.976753
0.10751
0.104609
0.0785778
0.0611288
1.12001
0.586907
0.011179
2.89382
5.88826
0.159062
0.158146
0.0771496
0.0982748
1.28772
3.14719
0.0538081
0.0562927
1.44957
1.4445
0.608607
0.227934
0.908407
2.16775
0.00779674
1.59018
0.259796
1.46552
0.0933067
0.768217
0.648192
3.70122
0.0782995
0.152034
1.35366
0.135523
0.134081
0.101247
1.01725
1.05604
0.0265226
0.0771289
0.114762
0.653403
2.765
0.259933
0.059798
0.30928
0.0504869
1.52742
0.11516
1.31774
0.225655
3.6561
3.4302
1.43683
0.079571
0.167833
3.37398
0.466292
0.701613
0.101959
2.67325
2.96804
1.33497
0.194099
0.0339865
2.61357
0.532031
0.0908794
0.691436
3.41939
0.0917091
0.670872
0.125759
0.0513903
0.0525508
0.0313691
1.15355
0.0912027
0.0972168
0.764517
3.81462
2.94301
0.162739
1.14177
0.130211
0.169693
0.145474
0.634043
1.28361
0.0614514
0.0672013
1.27858
3.10815
0.54309
3.00707
4.08805
0.0471621
0.0544839
0.0867225
0.0428267
0.116186
0.0776526
0.0898212
3.98291
3.92053
0.0562435
1.04454
1.51323
0.250131
0.6787
0.99514
6.27822
0.144841
0.028644
0.769704
0.0838605
3.47682
0.114776
0.299821
0.125579
0.110816
0.0541434
3.07435
0.104477
0.201094
1.28629
0.0813128
0.0972273
0.0129451
0.00403793
0.107225
1.00987
2.4887
0.182322
1.51712
0.180215
0.0947134
0.0347516
0.155122
1.39877
0.0953673
0.126864
0.19086
0.103422
0.0472572
1.50127
0.0382666
0.681038
3.21695
0.0542266
0.109345
0.0929268
1.28066
0.124686
2.9299
0.000611994
2.96946
2.67971
0.298535
0.164127
0.0260298
0.0830357
0.139392
3.30628
0.128465
3.31324
0.0655536
0.0944302
0.166737
6.09227
0.203884
0.118874
4.03012
5.58044
0.0568867
0.0038914
0.178213
1.17153
0.0794045
3.53312
1.3599
0.0949942
1.12351
1.05877
3.74685
0.0911541
3.47646
0.0947926
0.0769981
0.0487382
0.31333
0.232267
0.973525
3.34924
0.0528356
0.07777
0.910459
1.48274
0.352943
0.140697
0.00387063
0.00609308
3.92389
2.36374
0.586605
1.47138
0.883006
0.0944189
0.0931786
0.0711014
0.0577454
0.635372
3.53654
0.682117
0.114726
0.132306
1.0274
0.0358021
1.08731
0.0427092
0.472681
4.00175
0.0399322
0.0769951
0.103806
0.0279562
0.0794618
0.106758
0.157691
0.0071826
0.0968047
0.0555607
0.517065
0.148356
0.209597
0.0510606
1.30636
1.06571
0.0210551
0.141479
0.162957
1.13209
3.53647
3.19204
0.0798786
0.420478
4.03442
0.0743384
0.0575789
3.36828
0.14058
1.01346
0.758987
1.08387
0.111329
0.111333
0.0769218
3.20093
1.09983
0.107749
0.0382719
1.02148
1.04425
4.11031
0.0710379
0.0563821
3.5506
1.07876
1.06314
0.131529
0.109628
0.0764586
0.0375269
0.204287
3.51416
0.144479
1.01265
1.04523
0.159475
0.291181
0.160001
0.103899
0.214054
0.118982
0.605484
0.0481912
3.53218
3.91598
0.116716
0.275961
2.8075
0.606604
3.47193
0.137275
1.03913
0.0515496
0.0821004
0.0867865
3.61731
0.098379
1.09455
0.978351
0.140267
0.241504
0.0584195
0.614276
0.977723
0.00110979
1.59847
0.0819134
0.0793832
3.6261
0.0815732
0.0873973
4.0309
0.054671
1.08199
1.50451
5.41253
0.0400672
0.164582
0.00552066
0.0672893
0.127389
0.0491455
3.57986
6.12886
0.103052
0.0965614
0.122809
0.11924
0.0578682
3.5426
0.0821486
0.0498541
0.0193618
0.939684
0.646004
0.0648017
0.272513
1.15209
0.0472212
1.17632
0.0774873
0.181656
0.0980886
1.0426
0.0417405
0.206529
0.135146
0.477621
1.15162e-05
3.27652
0.0678068
0.944085
3.57296
0.13913
1.58047
0.632617
0.574834
0.102714
0.080196
0.112415
0.066729
0.158515
3.3509
0.0594535
0.107777
0.570191
0.0930305
0.206467
0.0958793
3.28465
3.32777
0.814231
1.47532
0.0823436
0.130612
0.0965477
0.182061
4.01197
3.27828
0.0746489
3.80093
2.63788
0.083312
0.0813616
0.983828
1.35936
0.165432
0.562546
3.53299
0.0652092
0.397905
6.06371
0.0901142
0.97102
0.202938
0.102614
0.194806
0.0565668
0.089519
0.146623
0.0789927
0.0910301
0.314983
0.154002
1.10562
0.148561
0.0930093
3.37665
0.0670837
0.0555322
0.11959
0.918278
1.09328
0.161768
0.119638
1.29141
0.102781
2.34202
0.0792004
0.350464
0.125335
0.0543013
0.109143
0.48706
0.0924061
0.0830501
0.0545842
1.52304
2.8191
0.608459
0.00194737
0.439919
2.73506
3.04749
0.20131
0.702856
0.391411
0.844312
3.92392
0.415111
0.247667
0.0946346
0.0972088
0.111746
1.01979
0.0710983
0.225342
0.0419004
0.961671
0.144432
0.0591675
0.701642
0.0938337
1.08604
0.068746
0.12424
1.14752
0.541273
3.14828
0.0426838
0.815209
0.0856882
3.25624
2.76309
0.607661
0.411134
1.00862
1.01098
0.0910623
0.123796
1.29366
0.0827082
0.145687
0.391191
1.12001
0.432943
0.451035
3.57986
1.11361
0.0764997
1.29986
0.369257
0.141681
0.108618
3.72742
0.0808129
0.13287
0.141306
0.0961336
0.0699503
1.29297
0.120439
4.05772
1.18364
0.0938082
1.15954
0.194199
1.19135
0.888691
0.123922
0.38921
0.112714
0.0753714
3.5644
0.0814331
0.064247
0.0732787
0.869873
0.0929118
0.617363
0.0857832
0.194839
1.5128
0.0989016
0.0571614
0.624462
0.668391
2.93859
3.97462
3.51803
3.46877
0.396127
0.117055
0.0974767
0.070487
2.34279
0.0916468
0.0629484
0.0679335
0.0573109
2.68586
0.0595728
2.85481
1.07636
0.182468
0.610752
0.186901
0.157039
1.28662
0.62443
2.72904
0.133535
0.0985789
0.630741
0.105127
3.36111
1.69062
0.247888
3.37754
2.77073
0.0500682
0.208035
3.99342
3.07882
0.090948
0.687579
0.0528012
0.773551
0.0652926
0.126658
0.378504
0.0762529
0.692071
2.50884
0.061976
2.6416
0.747336
0.1128
0.0805798
0.0968963
0.0480021
9.55039e-07
3.55553
0.541304
0.0174768
2.96025
0.608324
2.71815
0.0940983
1.3193
0.545784
0.0986979
3.98262
0.0245936
0.192318
2.83458
0.67722
3.60435
0.08563
3.45468
0.0690919
0.0013956
0.0647401
0.114636
0.282989
0.226377
0.187949
0.120773
0.087966
0.0315546
0.0621861
0.702048
0.0572034
0.621286
0.0720884
0.0834469
0.0902021
0.0608796
3.69923
0.833971
0.859651
3.84713
3.44749
1.28789
0.0632885
0.503007
0.143592
0.13408
0.778001
0.192736
0.241045
2.26529
1.04571
0.0657527
0.0949794
0.304639
0.049531
0.09474
1.5363
3.04044
1.31214
4.15301
0.0835843
1.06716
0.0899762
1.37169
0.722499
0.0504683
1.33617
0.119797
2.8007
0.0129115
0.0513957
0.0520595
0.0165569
1.00751
3.15244
2.61908
0.119736
0.107865
0.0513035
0.0623427
0.00398982
0.052954
0.101278
2.51413
0.0861829
0.053089
0.0977307
2.49816
0.133005
0.127314
0.000321113
4.05266
0.0296907
1.06473
4.08197
4.32273
0.0810642
3.19978
0.111465
0.209678
1.2289
0.11589
0.481881
2.7146
0.11473
0.984257
0.0878172
0.154402
0.0544509
0.74158
0.0921034
0.0493476
0.053592
0.932452
0.196693
0.472094
0.0969641
0.475982
0.0908589
0.15598
1.12952
0.000301241
0.0880627
0.0361674
3.02644
3.41627
0.0522012
0.706737
0.120168
2.87476
0.0485206
0.77243
0.0368806
0.0479701
0.114435
0.161487
0.0695065
0.968109
0.0304293
0.125879
0.0798949
0.089689
1.55457
0.433313
0.120612
0.725994
0.200813
0.0886218
0.513773
0.608487
0.0478031
3.74429
0.0521641
0.0906963
0.0451328
0.0932283
0.900792
0.0726842
1.41841
0.107227
0.604072
0.346135
0.0795888
0.395417
0.00218918
0.0481713
0.00646102
0.0787644
0.150757
2.49845
0.0910456
0.0126192
0.936769
0.0615685
0.0968111
0.219265
1.57578
0.103007
0.231947
0.799906
0.210592
2.88305
0.0446305
0.106198
0.0709561
0.838956
0.116579
1.45676
0.187419
0.138493
0.15447
0.067222
2.72392
0.109188
0.0573016
0.226188
0.0631634
0.143828
0.12011
0.0561849
0.112563
1.08147
0.0761919
0.0818649
2.88021
0.0781515
3.34683
0.00321416
1.04727
0.197859
0.102611
0.0488662
3.47792
2.59752
0.319951
0.210697
1.4457
1.26848
3.26238
0.0499878
0.512526
0.283774
2.31847
0.620194
0.113183
0.0921914
0.116972
0.1273
1.0075
0.0492573
0.108069
0.0888927
0.135352
0.125592
0.00812818
0.31283
3.39313
0.0817074
0.0656814
0.729573
0.558108
0.109054
0.271012
2.94428
0.209994
1.24396
0.113515
0.157217
0.174054
2.1981
1.43151
0.473458
0.456565
0.132457
0.0879774
1.02647
0.115516
0.275175
3.18591
0.111903
2.46854
0.0494148
0.0267608
0.143652
0.0560332
3.47061
1.62651
0.0274662
2.03153
0.209414
0.083142
3.64875
0.102281
0.000288267
4.07102
2.96319
2.74792
3.61776
0.425447
0.1134
0.141997
0.0604042
0.0318687
0.43258
0.0909423
0.395178
0.681385
2.30499
0.168901
1.67861
0.0847955
0.679171
3.2907
0.145531
0.0948132
1.07161
1.35487
2.77118
0.0901196
0.646199
0.203923
0.0489143
3.70879
2.96753
0.0700299
0.0383588
0.191801
0.100679
0.424079
0.0340102
0.0608081
0.119223
0.0989908
0.0919219
0.0904062
0.0741129
0.068113
4.06894
0.208065
1.38215
0.123939
0.0451486
0.17283
0.129574
0.0853416
0.135768
0.715449
0.0702074
0.0345945
1.39085
0.135966
0.026852
0.163941
0.446891
0.176171
2.67786
0.336564
0.125732
0.347404
0.136488
2.96678
3.74325
1.0157
0.0944351
0.37943
0.141844
0.509976
0.566622
0.0703426
0.667038
0.146878
0.0302218
2.60676
0.609552
0.129744
0.222841
0.126089
4.0581
0.619708
1.77712
3.71156
0.0895773
1.05231
0.0477822
0.0908546
2.46912
0.0677602
0.158949
0.0520227
0.104048
0.0924183
0.0945381
3.50682
0.406463
0.160937
0.0728833
0.100334
0.193953
0.125547
0.137255
0.0604868
0.205076
0.536545
1.21533
0.171058
0.0653188
0.0446518
0.0831935
3.66216
1.62226
0.0172018
3.71124
0.0659903
0.0480351
0.0959205
0.493477
0.0825843
2.83074
0.854163
0.154778
3.64423
0.0919718
0.160905
3.48097
1.11428
0.7767
4.0581
0.0851447
0.0909617
0.697105
3.98177
1.14439
0.387503
3.72879
1.04775
0.169944
0.130045
0.096686
0.0801806
3.19371
2.61679
3.01756
0.092643
2.84528
0.179664
1.30974
0.0820316
0.0531821
0.130173
3.93198
0.0741774
0.201553
0.202178
3.56804
0.921961
0.0426001
0.160279
0.122721
0.111158
3.2479
1.08312
3.83856
2.24754
0.194398
0.0613067
0.520049
4.08139
2.71604
0.980605
1.20842
1.18161
0.712635
4.12173
0.114493
4.04534
0.112987
1.34607
0.0878103
0.0803105
0.0898049
2.6287
1.12127
0.0546167
0.0752143
0.0249785
3.01898
0.27796
2.51619
3.32812
0.0745604
1.44164
0.115304
0.612497
0.103904
4.05257
4.06259
0.0840937
3.55152
1.1492
1.33382
0.109902
1.06131
0.116422
3.34502
2.90086
0.0138236
0.96916
0.0824079
0.111249
0.0982848
3.52739
1.02154
0.658605
0.132225
0.0819394
0.162796
0.0931898
0.00241923
0.0657521
0.119454
0.481875
0.0798374
0.235507
0.0881448
0.107029
0.0925663
0.250422
0.205637
3.10711
3.4239
0.13951
2.57485
0.612127
3.36604
0.176981
0.131352
0.959274
0.185856
0.0766139
0.0884986
0.145415
3.6788
2.7147
1.62076
0.0859603
0.112915
3.24985
0.11412
2.93604
0.198559
0.101444
1.702
0.133778
0.8614
0.079511
0.0942609
1.66971
0.00102338
0.203098
0.41743
0.0504917
0.0957551
0.00186559
0.0737845
2.93982
0.0967731
0.387719
0.126657
0.0775617
1.62114
0.148883
0.142502
3.60237
0.0395958
2.50236
1.34598
0.0909029
0.0635791
6.28269
0.0937222
0.166763
1.43389
0.183944
0.0871599
0.0878929
0.119965
0.892799
1.594
0.0977692
4.05647
2.8125
0.0866061
0.0475361
0.0472174
3.73666
0.104864
0.185664
0.694848
4.01485
3.53298
0.0630894
1.58382
0.113969
1.01987
0.0823654
3.25869
2.56023
0.468406
0.0750356
0.24615
0.616595
0.0458296
2.91692
0.130309
0.0917636
0.133244
0.193958
0.189831
0.88998
0.0617503
0.139952
3.64928
0.0868243
0.747923
1.13455
0.0637715
1.20505
1.10309
0.109492
1.21841
0.234039
0.0821167
0.479833
0.0926753
0.268389
3.57684
1.45833
0.0724206
0.132847
2.86786
0.105875
0.987882
0.0850834
3.66269
1.11666
0.592658
0.0919876
0.529331
1.43742
3.59777
1.55229
2.58359
0.615608
2.54002
0.486253
0.098944
2.58347
0.0795828
5.18157
0.0514371
0.00455213
0.203892
0.132284
0.0899786
1.17248
0.0988867
3.72871
0.0808403
0.0539105
0.0802845
0.133044
0.064972
2.89414
0.227972
3.01409
0.139716
1.41699
0.0869248
0.0843326
0.844065
1.06561
0.136121
0.00966966
0.0523949
3.29163
0.206169
0.828287
0.0329709
0.14866
0.114578
1.23339
1.2714
1.1412
1.41451
0.0599689
0.785616
1.25843
0.0727764
0.002545
0.956053
2.37118
0.102781
0.812508
1.16394
0.102678
0.717758
0.0754295
0.079452
0.2494
0.978212
0.130538
0.0937499
0.0597155
0.19362
1.03834
0.0755995
1.846
0.801162
0.119236
0.153068
0.685892
2.73341
0.157023
0.0549566
0.578134
0.121238
4.09835
0.123247
0.177537
2.9244
0.090321
0.0802489
1.2586
0.105794
0.0727668
0.108198
0.143928
3.09226
0.624952
0.00532618
0.154021
0.12865
0.120109
0.12684
3.466
0.0841254
0.0808727
0.135134
0.0151331
0.533132
4.04686
0.0448652
0.947032
4.10182
0.140244
0.179497
0.128176
0.0915584
0.146987
1.51962
3.66185
0.950264
1.39717
0.162468
3.558
4.06812
0.172047
1.32378
1.30855
1.31057
0.852437
3.17172
0.184328
0.826932
0.0521886
1.44559
0.0732006
0.063489
0.100187
0.00968535
5.35712
3.33765
0.988501
0.757467
0.50412
0.489739
0.365831
0.064262
0.0823519
3.31664
1.23611
3.54835
0.0996052
0.08226
0.0011122
2.56513
0.681931
0.784491
0.136113
3.79814
1.43739
3.04261
0.0913452
0.126829
1.34224
0.116141
0.19486
0.111585
0.094378
0.111082
3.49723
2.51936
0.348254
0.218261
1.44515
0.199203
2.70405
0.137776
0.0810206
0.00170309
0.113911
0.0742586
0.0694163
0.0504153
1.13824
0.111659
0.200788
0.653139
0.091572
2.59589
0.0979258
0.193357
0.306248
0.814639
0.975107
0.0737585
2.76703
0.111022
0.081615
0.0530326
0.0920866
3.68536
1.04853
0.0966883
1.05211
0.136406
3.75449
0.664304
1.21123
0.129344
2.67534
3.87615
0.129293
0.481789
6.85243
0.711213
0.0733111
0.289841
0.0585003
0.140658
0.0803484
0.674711
0.0921166
0.757
2.29829
0.0670941
0.112791
0.125681
0.191075
0.0522052
0.120581
0.353922
3.06309
0.103233
0.401453
0.104801
0.0632733
0.318161
1.59932
0.0563849
1.84417
0.244254
0.139926
2.83189
0.114267
3.335
0.0528268
1.19273
0.81106
0.0664083
0.0822526
0.137395
0.080159
0.0256664
0.831014
0.0669028
3.54665
0.0582607
0.10585
1.03674
5.17089
0.200421
0.0919017
0.20719
0.647523
2.54184
2.04115
0.0904152
1.16647
0.142669
0.0542695
0.137462
0.662246
0.819519
0.0566026
0.120183
1.28519
0.128332
0.137411
2.64463
0.165384
1.18595
3.61226
0.119919
0.120114
0.607979
2.78682
0.0224172
0.454222
0.112017
0.0732898
0.763488
0.211653
0.684809
0.0999143
0.0883456
0.1175
0.264385
0.0980224
0.0612443
0.0794831
0.0596744
1.09048
3.08793
0.100166
1.10509
2.95202
0.0554626
1.43975
0.249063
0.243728
2.29921
2.73275
1.79403
2.85639
0.0568547
0.0072565
0.015788
0.192152
0.123935
0.0819961
0.69759
0.081535
0.0896725
0.648124
0.0974328
0.0803834
0.245367
0.0876179
1.14711
1.24598
0.10834
1.24626
0.756159
0.709118
0.0998912
0.0744915
0.631322
2.42677
0.0916255
0.171459
0.836074
0.07461
0.124724
0.322469
0.0984515
0.175512
0.690296
1.17314
0.0809063
0.142463
0.141728
2.74366
0.326283
0.0975677
0.160537
0.978857
0.0661785
0.0468347
0.0743592
0.775032
2.97608
3.26722
0.28493
1.51037
4.00492
0.104505
2.80424
0.0795662
0.0792433
1.53507
1.16167
0.0675903
0.0339707
2.39545
0.63919
0.0827183
2.52564
0.611155
0.11347
0.00854734
2.08029
0.227148
2.51387
1.20998
1.09592
0.130501
1.06481
0.250221
0.650044
2.36638
0.294919
0.0983356
0.122542
0.116511
0.257523
0.096703
1.6303
1.0611
6.71162
0.573149
0.338118
2.72609
0.576184
0.803151
0.0977012
0.609668
1.03584
3.32553
0.0838226
0.638458
0.803922
0.0594268
2.74157
0.609165
0.0939271
0.0929673
1.03824
2.85083
0.188924
2.82976
0.0795032
3.46574
0.125405
1.57093
1.20082
0.914259
0.692564
3.92293
2.1614
3.28894
1.61904
0.666764
0.00067875
2.34133
0.662915
1.47558
0.0016261
0.0619155
0.284619
0.0801721
0.0768427
4.06016
0.12338
0.0567346
2.69827
0.06952
4.1239
2.66181
3.23754
0.0634907
2.28402
0.96996
0.158625
2.31674
0.678601
0.107764
0.56703
0.0999503
2.93715
0.45512
0.0812886
0.0965444
0.0543349
2.43055
3.33354
0.103133
0.995832
0.0783211
0.84368
0.609418
0.00478941
0.18259
0.120846
1.17893
0.110181
0.126765
0.151061
0.9744
4.29514
0.0855929
0.0956403
0.00102136
0.11712
0.131344
0.0832459
0.121034
0.107726
0.224064
0.0712383
1.29211
0.111281
0.787022
1.21387
0.0900335
0.0633014
1.26205
2.86054
0.113858
0.088139
0.000715179
0.143714
1.21341
1.61471
4.04177
0.556605
0.68849
1.44515
0.00442564
3.50799
0.08521
0.110651
1.34572
0.159797
1.58861
0.082602
0.146461
0.0842304
1.61795
2.93617
0.0275809
0.131764
0.123067
0.122423
1.22434
0.0105371
2.76763
3.0492
2.86577
0.0941235
0.0961608
0.744864
0.387554
0.67511
2.73029
1.98421
2.51849
0.0960632
1.27085
0.0167432
2.28768
3.43038
1.57738
0.984708
1.16674
0.137803
0.0955413
0.998792
0.00268554
1.18187
0.135828
2.53949
0.449629
0.0892939
2.60539
3.409
4.03891
0.0920399
1.06175
1.52605
0.151148
4.05614
2.39663
0.0826033
0.297828
0.606784
0.646899
0.33626
3.39701
1.56938
1.32517
3.63129
0.309573
0.415704
2.8558
0.147171
1.38439
0.253077
0.0628966
2.88529
3.71883
0.135095
0.0800169
3.60267
1.12479
0.110527
0.0997818
1.70632
1.16098
0.0857118
0.0920267
2.87376
0.079343
0.218415
0.161214
0.163355
0.0960801
0.202027
0.113126
0.133537
2.95827
8.08995e-05
0.0800587
0.0543269
1.5902
3.57382
0.305971
4.01451
1.2835
0.118038
0.0819251
0.118081
0.0467462
1.10972
2.62679
1.18545
0.130927
0.144489
0.112242
0.0905201
1.16308
0.000661673
0.0966518
0.758445
3.73427
0.0346978
3.92562
2.98969
0.991444
0.108072
2.47832
0.12208
0.340302
3.56431
0.872735
0.113359
0.0306783
0.12318
3.11697
0.203397
0.138482
3.1681
0.141788
0.148692
0.127425
0.922846
3.56443
0.160002
0.901887
1.21372
0.573999
0.558878
0.0877345
1.30569
0.0797667
0.204158
0.000667075
0.83273
0.082759
0.00560488
0.941238
2.26648
3.26774
0.12635
0.785866
0.609449
0.112449
0.122564
0.155217
0.0767203
3.76054
0.0906821
0.167653
0.0942317
1.42903
0.108724
0.0271222
0.104566
1.21062
0.162104
0.218666
0.120098
0.00392576
0.139374
0.00758953
0.00741982
1.18168
1.82989
0.204669
3.66851
0.0681096
0.41634
0.045134
0.907673
2.65145
0.614975
1.06385
0.00298586
1.03411
1.27444
0.0574847
0.174953
3.70483
4.00183
3.72398
4.00948
0.0931383
1.08571
1.12076
0.198568
3.00215
0.139625
0.0928827
0.982559
2.23216
0.128933
0.774792
0.119399
1.19276
0.0315624
0.171194
3.63466
0.605507
0.0463023
0.791588
3.73408
0.938939
2.37522
6.25363e-06
0.10171
2.6793
0.0985956
0.177672
0.193351
1.11292
0.218218
0.139917
3.82197
0.140332
0.0597786
2.31317
0.0980467
1.32852
0.024103
1.11112
0.0901356
0.44874
0.0667396
0.0717345
0.141828
0.194281
0.0797081
0.00287172
2.45927
2.68082
0.107519
0.0225185
0.602812
0.791583
0.218833
0.115259
0.102208
1.28839
0.0584987
0.35151
0.184707
3.97263
1.47267
0.607556
0.0488327
0.0538255
1.13574
0.127414
0.0906349
1.5416
0.697064
1.59066
0.158263
0.095239
1.41139
0.182921
1.16006
0.00552649
0.150378
1.00546
3.12542
3.73373
0.127192
0.138149
0.0868801
0.0936436
0.129442
3.07983
0.843056
2.56447
3.92208
0.809423
0.143342
3.713
0.187458
0.187915
0.586935
0.0808193
0.0407946
0.380819
0.170542
4.00959
0.0902584
0.0950951
3.59365
0.191489
0.0845667
0.119097
0.125521
0.814263
0.0563178
2.5042
0.057666
1.60015
0.0954763
0.0849634
0.108931
2.52287
2.2842
0.0512255
1.62493
3.77194
0.149492
0.611259
2.59372
0.724041
0.572324
2.80832
0.0504299
1.01449
2.37905
1.30665
0.175615
2.59572
0.0217284
2.19898
0.0540858
2.78968
0.0708019
0.193715
1.63983
0.103235
0.0794024
0.156881
0.0224285
0.182723
0.0510248
0.0840705
0.553019
0.0650539
0.806579
0.267538
0.116227
0.00171197
1.08444
1.63536
0.109421
3.58121
0.0736147
3.59954
0.214899
0.107175
2.91798
0.110195
0.148321
0.550883
0.0658961
0.0989323
0.0135431
0.105961
0.063227
0.597113
0.708793
0.00130648
2.84899
0.521112
0.839189
0.132429
0.0524405
2.54124
1.49691
0.118262
0.158434
0.448723
1.57648
0.098917
2.85063
0.0833515
0.618315
2.2443
0.15242
2.47937
0.0569435
2.44506
0.0903736
0.0909476
0.0808248
0.0977806
0.13217
0.105843
1.57135
0.302407
3.81542
0.138306
0.104372
3.05685
0.093622
0.000714032
0.18321
0.0805005
0.237437
0.00426257
1.07753
1.28084
2.73437
0.128032
0.890269
0.606824
0.0607908
0.0917877
0.12564
2.70822
0.62287
0.201949
0.114384
0.97075
0.13843
3.60932
0.869783
0.115211
0.116576
0.179686
3.77561
3.28629
2.3735
0.0817206
0.554228
0.0973548
3.99497
0.974646
0.114271
0.0803884
0.792323
0.868527
2.36279
0.957473
0.123734
0.845045
1.37567
1.62615
1.15187
0.149646
2.56231
0.61479
0.118001
3.56505
0.102106
0.089466
0.130377
0.0797019
0.221159
0.0783804
3.699
3.0794
0.0754308
3.44832
0.200545
0.0772741
0.0561193
0.260763
0.134971
0.102742
0.145186
0.0837359
0.129609
0.114497
0.105446
0.0794221
0.0833584
1.32223
0.719504
0.101084
0.0734001
1.416
0.0793346
3.67771
3.33141
0.104015
0.180417
2.65306
1.51481
0.0664521
2.78769
3.11958
2.75259
0.0976607
0.151844
0.128952
1.14343
0.12172
0.107646
3.06809
2.70124
3.74125
0.723548
0.0860612
0.00798474
0.0717296
0.688645
1.50199
0.859187
0.0573876
0.723143
0.0744679
0.288493
3.7688
1.64693
3.9234
0.0289771
2.48573
3.68554
1.15369
1.27622
0.112918
0.162447
0.146983
0.583603
0.0670299
0.0741345
1.50222
0.633994
1.19607
0.133726
0.0568854
3.27096
0.372395
1.18042
0.609556
0.124967
0.147565
0.113902
1.58463
0.0823226
0.0746981
0.205332
0.091106
0.0850844
0.159864
0.0503602
0.134212
0.0939369
0.0953393
0.0993796
2.83703
0.0905098
0.114727
0.199859
1.28771
0.0847776
0.0812997
0.146871
0.13091
0.452079
0.0928798
1.15895
3.41224
2.88047
0.185868
0.0121476
0.0777861
0.418471
0.259039
3.38324
3.06843
0.0661649
1.09163
0.00233089
0.0765385
0.0040513
2.78361
3.40999
0.104443
0.141452
0.105773
0.0767128
0.000118208
2.4914
0.272402
0.740271
0.157639
1.62785
0.0645029
0.0490697
3.26136
0.562831
0.0467285
1.10198
2.87173
0.168461
0.186108
0.086012
1.2403
0.0940756
2.44264
0.0615956
1.00543
2.31697
0.16111
2.53271
3.15024
1.58681
2.58202
1.28799
0.166545
2.67042
0.0954402
0.0874682
0.585937
2.26482
0.756107
0.0802135
0.0802064
2.22549
0.83711
1.13702
0.0996916
1.5542
0.886504
0.10054
1.49996
0.125452
0.628978
2.46452
0.674996
0.110882
2.79835
0.663699
3.83139
0.0806228
0.0481453
0.130841
0.104257
1.27701
0.0931108
1.06858
0.157936
0.64242
0.088709
0.133783
1.55557
2.7483
2.4647
0.142793
3.75204
0.0664012
0.0774237
0.117912
0.0924526
0.0925196
1.52957
3.77142
0.0979462
1.11618
0.123172
0.00116985
0.0932826
0.0935151
2.44535
0.788186
0.208084
0.152076
0.191022
0.142002
4.0258
0.641357
0.154135
0.0547779
1.79686
3.45685
0.133755
0.081078
2.32886
1.41866
0.200981
0.0752135
1.54539
0.117246
0.127903
0.143866
0.0828594
0.475527
0.972221
0.988564
0.694596
1.08463
0.147971
2.41589
0.635662
0.0583558
0.107844
0.785836
3.29921
2.30935
0.902825
1.53721
0.128829
0.128269
0.431165
0.149606
0.00224173
0.0700044
2.38416
0.644944
1.42345
0.204813
0.688152
0.0797357
0.452077
0.114537
2.45315
0.113081
0.657306
2.35797
2.21015
0.893609
0.0948508
2.72603
0.0482551
0.0817678
0.124695
0.827726
2.78756
1.28192
0.0958096
3.70118
2.33258
0.67161
0.0817162
1.07637
0.37148
0.79863
0.138663
0.0611089
4.14505
2.17926
1.01332
0.131275
0.0960877
0.318889
3.39293
0.0897366
0.0987529
0.138693
0.169922
3.49986
1.63383
0.139933
0.0797425
0.076959
0.193363
2.5187
0.200618
0.0796693
0.191339
0.0622524
2.28536
1.11084
0.0817197
0.658519
2.5324
2.86435
0.697833
2.29758
3.23931
3.60475
0.0888864
0.0820285
0.133332
0.0697184
0.711216
2.63999
0.0917526
0.164861
2.96465
0.981374
0.140296
1.11741
2.59498
0.08932
4.06261
0.134098
0.0888586
0.0659815
2.40395
0.388009
0.586325
0.0820614
0.0899439
0.198839
0.198822
0.135756
0.418306
3.19915
2.66232
0.618413
0.654324
0.082761
0.0796396
0.0757511
0.714583
0.336865
0.20609
4.12172
0.093857
0.317399
0.0810457
0.0816365
0.086563
0.0796836
3.59373
0.614857
0.137702
2.64249
0.0948273
1.20067
2.39908
0.019678
0.0113119
3.27404
0.0589592
0.0675021
0.133299
0.183515
0.132185
0.0573878
2.77277
0.383533
0.107472
0.0915753
0.0794609
1.40841
2.29131
0.328872
0.0612467
0.0649347
0.0624071
0.139982
0.0809334
0.133743
2.28159
0.742034
4.05612
1.12023
0.0844741
2.23997
2.25967
2.40139
0.817512
0.776204
0.668159
0.0806427
0.132791
0.912462
0.0814606
0.391915
0.0809069
0.132915
0.170703
1.21901
2.32032
0.350566
2.22264
0.86884
0.132277
0.428575
0.135822
0.0815799
0.367219
0.423771
0.718295
1.45853
0.0809695
2.18998
1.29576
2.17859
2.22574
0.620612
2.17242
2.1757
2.17821
2.19135
0.967047
1.06351
1.18362
1.11605
1.24263
0.741562
0.452023
2.32768
)
;

boundaryField
{
    back
    {
        type            empty;
    }
    front
    {
        type            empty;
    }
    outlet
    {
        type            zeroGradient;
    }
    circle
    {
        type            fixedValue;
        value           uniform 1e-12;
    }
    walls
    {
        type            fixedValue;
        value           uniform 1e-12;
    }
    inlet
    {
        type            fixedValue;
        value           uniform 1e-12;
    }
}


// ************************************************************************* //
