/*--------------------------------*- C++ -*----------------------------------*\
  =========                 |
  \\      /  F ield         | OpenFOAM: The Open Source CFD Toolbox
   \\    /   O peration     | Website:  https://openfoam.org
    \\  /    A nd           | Version:  10
     \\/     M anipulation  |
\*---------------------------------------------------------------------------*/
FoamFile
{
    format      ascii;
    class       volScalarField;
    location    "1400";
    object      nut;
}
// * * * * * * * * * * * * * * * * * * * * * * * * * * * * * * * * * * * * * //

dimensions      [0 2 -1 0 0 0 0];

internalField   nonuniform List<scalar> 
10435
(
0.646946
0.365671
0.52897
0.529999
0.430371
0.449309
0.562872
0.743743
0.904408
0.466925
0.393251
0.586622
0.481929
1.1342
1.05005
0.633892
1.2109
0.479911
0.989876
0.625027
0.685142
0.621948
0.58296
0.93992
0.472998
1.54675
1.54153
0.497437
1.42035
0.468149
0.512679
0.404878
0.789783
1.42295
0.765291
0.362748
0.69894
1.59025
1.44708
0.986618
0.468473
0.559203
1.1918
0.524471
0.620957
0.974223
0.457876
1.32732
0.919236
0.732166
0.728076
0.451687
1.40904
1.427
1.47368
1.36436
0.753884
1.55197
1.34899
0.841979
1.43984
0.354374
1.5049
0.45086
0.597013
0.508437
1.38339
1.448
0.70015
0.933137
1.42927
1.60311
1.08138
0.522112
0.957138
1.01179
0.899155
0.591275
0.828225
1.01823
0.801358
0.764617
1.37136
1.42638
0.836914
0.483679
0.516904
0.45143
0.708024
0.478838
0.453174
0.455452
0.730645
0.64076
0.459491
0.402107
0.477757
0.893485
1.29946
0.45297
0.800608
0.433236
0.572481
0.452477
0.43578
0.523795
0.711813
0.767887
0.864892
0.943357
0.713686
0.431503
0.813281
0.874091
0.438403
0.611848
0.469222
0.43073
0.400128
0.520633
0.489199
0.927213
0.403412
0.51402
0.422521
1.48837
0.501527
0.805768
0.438548
1.69638
0.657341
0.412905
0.687349
1.09742
1.61559
1.24979
0.336506
0.552165
0.395331
0.610445
0.61406
0.552357
1.40544
0.494801
0.646534
0.894161
0.395665
0.441858
1.16424
0.554592
1.37141
0.650639
0.562265
0.537764
0.452048
1.44669
0.425428
0.395354
0.456948
0.382442
0.573887
1.17339
0.416749
0.700968
0.871029
0.456043
0.813352
0.595043
0.73073
0.463541
0.469941
1.14225
1.41111
0.822044
0.623333
0.362559
0.351539
1.30698
0.704978
1.45047
0.379427
0.442973
0.55633
1.44827
0.573447
1.21465
1.05558
0.617597
0.429863
0.471623
0.525782
1.33817
1.67485
0.317948
0.429168
0.658221
1.10223
0.556746
1.30854
0.659887
0.788103
1.52279
0.487865
1.52987
0.498262
0.424067
0.407095
0.576507
1.48132
0.673728
1.32223
0.556306
0.497431
0.674158
1.49053
1.07466
0.799562
1.34304
1.55684
1.24109
1.44109
1.30844
1.43064
0.712137
1.51825
0.719735
1.49177
0.646815
0.484146
0.899102
1.37649
0.767689
1.52061
0.671605
1.68898
1.27555
0.796649
1.56196
0.798746
0.489468
0.52901
1.47928
1.30513
1.39298
0.41791
0.85478
0.475503
0.684099
1.16787
0.340755
1.2683
0.721878
0.479093
0.694011
0.645083
0.441157
1.09687
0.617438
1.3715
1.45017
0.591908
0.469025
1.51559
0.813342
0.735765
1.36026
0.539851
0.540319
1.37651
0.43043
0.567439
0.742686
0.680515
0.485531
1.6032
0.537546
1.64486
0.423765
0.637228
0.777422
0.476321
1.20691
0.545318
0.743278
0.656229
1.30436
0.435117
1.45871
1.42452
1.43766
0.583606
0.39997
1.46123
0.712488
1.46102
1.41453
0.990665
0.684035
0.418797
0.497155
1.39152
0.785247
0.526987
1.24702
0.41436
0.983098
1.23732
0.691399
0.502137
1.42
0.703213
1.5371
0.322625
0.435704
0.862734
1.38036
1.42499
0.512555
1.42473
0.600012
0.438377
1.46617
0.60141
1.3069
0.814252
0.486304
1.66402
0.512685
1.40423
1.61185
0.885551
1.42411
1.41326
0.538669
0.603337
1.50916
1.34565
1.22935
1.40207
1.36305
1.69019
1.53148
1.40685
1.41733
1.36669
1.452
1.47816
1.71402
1.27732
0.854108
1.40659
0.486111
1.51279
0.501141
0.848865
0.931131
0.484018
0.538364
1.41501
1.42933
1.27568
1.51351
1.3379
1.33882
1.45026
1.69431
1.48157
0.641497
1.65791
0.882342
1.49264
1.708
0.480667
0.955072
1.2728
1.56442
1.53746
1.62504
1.43245
1.58819
1.85796
1.47228
0.798814
1.45372
0.719864
0.876927
0.492645
0.487162
0.903144
0.50952
0.811854
0.776454
1.23219
1.42417
1.39995
0.521847
1.42716
0.480072
1.81308
1.45935
1.70363
1.4431
1.39713
0.590546
1.58919
0.758819
0.705909
1.25895
1.63019
1.73571
0.962688
1.78646
1.65106
1.45722
1.34784
1.41877
1.4194
0.512427
1.41919
1.60506
1.41894
1.39769
0.478706
1.20085
1.2318
0.972894
1.42084
8.73351
8.75185
8.7233
8.68555
8.66725
8.69913
8.82548
9.1138
9.6721
7.90343
7.92921
7.93405
7.93582
7.95663
8.02333
8.17301
8.45746
8.94321
7.03902
7.06848
7.09265
7.11964
7.16566
7.25304
7.41235
7.68409
8.11619
6.16003
6.19023
6.22402
6.26473
6.32412
6.42023
6.57812
6.83037
7.21477
5.29405
5.32282
5.35931
5.40483
5.46794
5.56296
5.71015
5.93608
6.27361
4.47235
4.4982
4.53264
4.57645
4.63598
4.72244
4.8517
5.04453
5.32723
3.72485
3.74701
3.77626
3.81393
3.86502
3.93828
4.0456
4.20192
4.42536
3.07641
3.09371
3.11559
3.14455
3.18471
3.2428
3.32749
3.44914
3.61893
2.54155
2.55161
2.56467
2.58394
2.61276
2.6561
2.72017
2.81231
2.94027
2.11992
2.12106
2.12527
2.13551
2.15418
2.18474
2.23153
2.29981
2.39571
1.79785
1.79144
1.78878
1.79208
1.80286
1.82339
1.85662
1.90618
1.97641
1.55585
1.54662
1.54067
1.53985
1.54534
1.55871
1.582
1.61772
1.66885
1.37782
1.37097
1.3651
1.36263
1.365
1.37358
1.38997
1.41596
1.45359
1.25528
1.25211
1.24767
1.2448
1.24532
1.25067
1.26225
1.2815
1.30988
1.18094
1.1795
1.17584
1.17257
1.17163
1.17451
1.18251
1.19685
1.21878
1.14514
1.14286
1.13863
1.13436
1.13184
1.13249
1.1375
1.14793
1.16474
1.13676
1.13245
1.12667
1.12081
1.11641
1.11479
1.11707
1.1242
1.13692
1.1461
1.14009
1.13244
1.12463
1.11809
1.11408
1.11368
1.11779
1.12717
1.16722
1.15995
1.15044
1.14048
1.13158
1.12499
1.1218
1.12291
1.12908
1.19663
1.18831
1.17686
1.16456
1.15305
1.14366
1.1375
1.13546
1.1383
1.23242
1.22289
1.20919
1.19419
1.17978
1.16732
1.15792
1.15253
1.152
1.27383
1.26234
1.24567
1.22748
1.20977
1.19391
1.18095
1.17185
1.16753
1.32117
1.30585
1.28497
1.2629
1.24149
1.22191
1.20505
1.19178
1.18312
1.37598
1.35258
1.32568
1.29904
1.27361
1.25011
1.22908
1.21116
1.19741
1.44188
1.40058
1.36593
1.33455
1.30504
1.27771
1.25247
1.22942
1.20907
3.7289
3.81048
3.89866
3.99303
4.0934
4.1993
4.31037
4.42599
4.54577
4.669
4.79517
4.92373
5.05395
5.18532
5.317
5.44829
5.57841
5.70647
5.83161
5.95297
6.06951
6.18025
6.28411
6.37987
6.46668
6.54411
6.61202
6.67013
6.71794
6.75611
6.78537
6.80638
6.82002
6.82767
6.831
6.83204
6.83315
6.83697
6.84653
6.86519
6.89657
6.94464
7.01316
7.10581
7.22578
7.37523
7.55472
7.76302
7.99573
8.24577
8.50273
8.75347
8.98353
9.17748
9.32177
9.40517
9.42093
9.36624
9.24582
3.69101
3.77338
3.86179
3.9561
4.05607
4.16138
4.27167
4.38652
4.50545
4.62795
4.75349
4.88146
5.01126
5.14222
5.27363
5.40474
5.53475
5.66281
5.78802
5.90949
6.02626
6.13737
6.24185
6.33872
6.42704
6.50601
6.5751
6.63412
6.68323
6.72288
6.75365
6.77618
6.79135
6.80038
6.80482
6.80656
6.80786
6.81131
6.81989
6.83692
6.86602
6.91104
6.9759
7.06439
7.17982
7.32457
7.49954
7.70351
7.93259
8.17977
8.43494
8.68521
8.91589
9.11181
9.2589
9.34584
9.36521
9.31396
9.19568
3.62569
3.70493
3.79028
3.88164
3.97882
4.08154
4.18948
4.30224
4.41935
4.54031
4.66459
4.79159
4.92068
5.0512
5.18242
5.31358
5.44386
5.57241
5.69831
5.82065
5.93844
6.0507
6.15646
6.25472
6.34458
6.42531
6.4964
6.55759
6.60892
6.6507
6.68343
6.70776
6.72457
6.73501
6.74054
6.74294
6.74436
6.7473
6.75464
6.76963
6.79585
6.83713
6.89743
6.98064
7.09022
7.2288
7.39757
7.59571
7.81976
8.06322
8.31641
8.56687
8.80012
9.00106
9.1555
9.25172
9.28182
9.24218
9.13578
3.52517
3.60079
3.68259
3.77051
3.86442
3.96408
4.06922
4.17945
4.29436
4.41347
4.53624
4.66209
4.79039
4.92045
5.05156
5.1829
5.31367
5.44297
5.56986
5.6934
5.81259
5.92642
6.03391
6.13408
6.22606
6.30911
6.3827
6.44654
6.50058
6.54503
6.58031
6.60703
6.62602
6.63838
6.64549
6.64905
6.65109
6.65404
6.6607
6.67423
6.69819
6.7364
6.79287
6.87158
6.97616
7.10946
7.27301
7.46637
7.68653
7.92748
8.18
8.43196
8.6691
8.8763
9.03919
9.14568
9.18732
9.15991
9.06584
3.39546
3.46699
3.54482
3.62896
3.71931
3.81568
3.91785
4.02547
4.13816
4.25545
4.3768
4.50165
4.62936
4.75923
4.8905
5.02237
5.15399
5.28443
5.41274
5.53792
5.65898
5.77488
5.88464
5.98728
6.08194
6.16791
6.24464
6.3118
6.36926
6.41714
6.45578
6.48572
6.50774
6.52288
6.53246
6.5381
6.54176
6.54579
6.55294
6.56635
6.58954
6.62635
6.68086
6.75714
6.85899
6.98947
7.15039
7.34167
7.56068
7.80178
8.05611
8.31176
8.55464
8.76959
8.94202
9.05945
9.11299
9.09791
9.01606
3.23957
3.30649
3.37996
3.46002
3.54662
3.63963
3.73883
3.84395
3.95458
4.0703
4.19057
4.31481
4.44236
4.57251
4.70449
4.83745
4.9705
5.1027
5.23306
5.36056
5.48417
5.60285
5.71561
5.82147
5.91959
6.00925
6.08989
6.16115
6.22285
6.27505
6.318
6.35222
6.37842
6.3976
6.411
6.42019
6.42708
6.43395
6.44352
6.45892
6.48365
6.52161
6.57695
6.65387
6.75633
6.88763
7.04985
7.24319
7.46533
7.71089
7.9712
8.23446
8.48648
8.71194
8.89593
9.02557
9.09154
9.08869
9.01853
3.06131
3.12312
3.19184
3.26756
3.3503
3.43994
3.53634
3.63921
3.74821
3.86287
3.98266
4.10697
4.23512
4.36636
4.49988
4.63481
4.77021
4.90511
5.03846
5.16923
5.29636
5.41881
5.53557
5.64568
5.74829
5.84269
5.92832
6.0048
6.07192
6.12967
6.17831
6.21829
6.25034
6.27538
6.29464
6.30964
6.32223
6.33466
6.34965
6.37029
6.40014
6.44314
6.50356
6.58578
6.69401
6.83176
7.00138
7.20329
7.43537
7.69234
7.96548
8.24276
8.50965
8.7503
8.94926
9.09318
9.17232
9.18128
9.12139
2.8634
2.91939
2.98282
3.05389
3.13268
3.21912
3.31309
3.41432
3.52244
3.63699
3.75739
3.88294
4.01289
4.14645
4.28276
4.42094
4.56003
4.69899
4.83673
4.97214
5.10414
5.23169
5.35383
5.46962
5.57816
5.6788
5.77097
5.85429
5.92853
5.99368
6.05003
6.09802
6.13839
6.17208
6.20024
6.22451
6.24668
6.26888
6.29391
6.32485
6.36535
6.41948
6.49168
6.5867
6.70907
6.86256
7.04976
7.2711
7.52447
7.80453
8.10226
8.40496
8.69701
8.96139
9.18149
9.34305
9.43588
9.45463
9.40104
2.64973
2.69862
2.75591
2.82199
2.89697
2.9808
3.07323
3.17379
3.28237
3.39871
3.5217
3.65046
3.78406
3.92161
4.0624
4.20547
4.35007
4.49516
4.63918
4.78101
4.91966
5.0541
5.18352
5.307
5.42351
5.53254
5.6335
5.72607
5.81003
5.8855
5.95295
6.01277
6.0655
6.11221
6.15406
6.19333
6.23179
6.27054
6.31297
6.36241
6.42281
6.49841
6.59375
6.71464
6.86645
7.05289
7.2767
7.53672
7.83048
8.15383
8.4984
8.84985
9.18917
9.49616
9.75134
9.9371
10.0417
10.0607
9.99832
1.52456
1.46617
1.42035
1.3795
1.34105
1.30462
1.27097
1.24156
1.21842
1.20417
1.20213
1.21564
1.24744
1.29944
1.37321
1.47111
1.59526
1.74647
1.92398
2.12616
2.3516
2.59964
2.87064
3.16663
3.49207
1.45001
1.43351
1.4043
1.37036
1.33478
1.29941
1.26595
1.23632
1.2128
1.19812
1.19537
1.2077
1.23802
1.28888
1.36251
1.46094
1.58558
1.73678
1.9138
2.11524
2.3398
2.58677
2.85675
3.15206
3.47769
1.42778
1.41359
1.38899
1.35825
1.32434
1.28954
1.25597
1.22584
1.2016
1.186
1.18206
1.1929
1.22161
1.27109
1.34385
1.44175
1.56578
1.71587
1.89102
2.08979
2.31074
2.55309
2.81727
3.10525
3.421
1.41806
1.40082
1.376
1.34566
1.31193
1.27693
1.24278
1.21179
1.18646
1.16955
1.16405
1.17311
1.19995
1.24761
1.31869
1.41491
1.53694
1.68431
1.8557
2.04943
2.2639
2.49823
2.75267
3.02895
3.33052
1.41135
1.39104
1.36464
1.33338
1.29887
1.26296
1.22772
1.19542
1.16858
1.14996
1.14254
1.14951
1.17413
1.2195
1.28815
1.38165
1.50036
1.64345
1.80924
1.99577
2.20123
2.42467
2.66628
2.92771
3.2123
1.40495
1.38219
1.35406
1.32144
1.28564
1.24836
1.21158
1.17756
1.14882
1.12811
1.11845
1.12303
1.14513
1.18777
1.25338
1.34331
1.45759
1.59503
1.75358
1.93098
2.12525
2.33533
2.56137
2.80501
3.06962
1.39794
1.3735
1.34401
1.31001
1.2727
1.23371
1.19502
1.15892
1.12793
1.10483
1.09265
1.09462
1.11395
1.15356
1.21569
1.30141
1.41041
1.54113
1.69116
1.8579
2.03919
2.23374
2.44165
2.66463
2.90626
1.38933
1.36482
1.33469
1.29951
1.26057
1.21961
1.1787
1.14019
1.10668
1.08096
1.0661
1.06533
1.08179
1.11822
1.17663
1.25777
1.36097
1.48428
1.62494
1.78
1.947
2.12437
2.31188
2.51112
2.72579
1.37982
1.35701
1.32699
1.2907
1.24994
1.20673
1.16332
1.1222
1.08603
1.05759
1.04003
1.03658
1.05024
1.08355
1.13828
1.21478
1.31203
1.42771
1.55869
1.70168
1.85396
2.01345
2.17908
2.35183
2.53413
0.476508
0.477371
0.405751
0.465086
1.07648
0.972195
4.21343
1.5446
0.381455
7.76862
0.250887
0.913611
3.07078
0.782035
5.07384
3.21782
0.297991
0.445427
10.7168
1.07125
3.67701
5.0543
0.283443
0.989495
0.817681
1.94525
0.874592
1.05601
0.430985
0.284518
8.01011
2.33098
0.473407
3.11053
0.279248
1.73205
3.26491
5.07539
3.07404
1.54021
0.371103
0.174853
3.83709
1.30332
1.12874
6.23471
0.270723
0.2938
0.406411
0.502085
0.264314
0.350379
5.18485
0.432469
4.16891
0.387107
0.779463
4.80171
0.614001
0.30758
1.79923
0.419232
1.02158
4.23315
1.64328
1.33303
1.8981
0.401568
2.55665
0.469017
0.386309
5.47081
1.03257
1.26159
0.783292
3.85317
1.83229
0.31444
0.870759
0.409709
3.48154
1.97157
2.07953
0.236279
1.34839
1.67827
1.29281
0.319654
0.470823
1.15911
1.09641
1.30404
7.98932
0.926697
0.980904
0.253543
1.89031
0.251111
0.427975
0.309171
0.894616
0.379061
0.922482
5.83401
0.631645
1.10082
0.293268
3.76974
0.237459
0.286778
4.60671
0.655802
0.312874
5.88646
5.17258
0.409906
0.420891
1.63623
5.08648
0.419464
0.0920609
0.669511
0.964155
0.790338
0.464828
3.62019
0.354769
1.40821
0.88146
0.294684
1.93506
1.31977
0.461262
2.8899
1.17734
1.22133
1.11292
0.813058
2.12176
0.973119
6.29345
2.93329
0.307076
0.114856
0.424276
3.48671
0.482412
2.4546
3.1432
0.278408
2.64198
1.29329
0.481705
4.73946
0.691812
0.235984
0.797395
1.68716
2.35645
2.93909
4.02982
0.380441
3.56301
0.255713
5.92646
0.246171
0.849684
0.848678
4.01697
0.750895
0.739003
4.49001
0.413441
0.240422
1.73007
1.11148
3.91439
0.45185
0.364041
6.19591
4.01934
2.22413
5.30754
4.31945
1.36596
0.927112
0.249867
0.238681
0.50195
2.78794
0.298497
0.308987
0.453697
2.81583
4.98985
0.498817
0.774274
4.95696
0.418889
0.448307
1.2935
4.93756
1.91922
2.76022
2.18361
4.74024
1.73564
0.905099
0.415945
1.87096
0.645683
0.852755
3.79335
2.11046
2.65258
0.355845
0.771755
1.51971
5.81392
1.15409
0.781466
0.206559
0.668068
0.442388
0.165201
0.402996
1.1957
0.301248
0.214471
1.03635
0.23233
1.816
2.01491
1.14596
3.08863
6.57593
2.8314
0.909251
4.36139
4.94176
5.3732
1.7193
5.48769
1.26119
1.09596
1.62549
2.54549
1.17373
3.22074
4.41341
0.188302
1.15167
3.08372
0.417065
1.11667
0.831294
0.302175
1.96504
2.48103
10.6007
0.537045
0.892266
2.52137
0.698457
1.42001
0.752199
5.11723
0.499462
4.14405
0.884325
3.5026
0.455589
0.525677
1.36432
10.5802
0.500937
1.58388
0.35505
0.856937
0.313767
1.36575
2.64751
0.461842
6.21836
0.359923
2.27813
1.1176
0.268699
0.281599
0.297637
4.82575
3.71743
0.117809
0.282227
1.25825
0.363329
0.368413
1.42949
2.86426
0.337278
0.315806
4.19302
1.08356
2.8122
0.377942
5.55327
3.48388
2.50465
0.967001
2.10239
5.57811
7.01101
0.493215
0.895717
0.458133
2.50494
0.282286
2.96614
0.855967
1.51326
2.37004
3.16462
1.00456
8.07366
1.32266
0.787013
0.422488
3.79025
1.47634
4.67791
6.00921
5.02336
0.728746
7.42593
0.330225
1.71724
2.31378
2.25443
0.130718
0.49748
0.836911
0.914875
0.320292
7.13931
1.49273
0.739858
0.80677
1.14331
1.09947
0.256909
0.36728
7.83035
0.177973
2.55867
0.285912
0.151091
1.16152
1.29324
5.2326
0.260099
0.423362
0.271094
3.56124
0.406493
0.178812
1.15933
3.98415
0.293187
2.50099
0.503137
6.55581
4.65596
0.44076
0.379914
3.11003
0.635839
0.520527
6.85515
2.32155
6.63791
0.374124
4.12886
0.464722
1.30252
1.29186
1.19383
6.10054
1.09646
0.253312
0.297848
3.20288
4.79798
1.16971
0.445519
4.12324
9.27381
5.34027
0.472123
1.68014
0.432674
1.55595
3.90857
1.28438
0.494992
0.902833
0.109356
4.59487
1.17132
1.17628
5.29674
0.451051
2.44373
0.334346
2.06622
2.78839
0.20255
0.394117
0.257621
1.76523
1.32556
6.02555
2.44683
1.15468
0.942777
4.18745
0.310122
0.10783
1.09383
3.17788
2.4866
2.6926
0.822825
1.15502
0.879719
4.64224
3.88701
4.69043
0.109406
1.23417
0.517422
3.26013
4.92541
0.29162
1.22395
2.27519
0.497852
0.957132
0.454318
0.657249
0.871966
0.381539
3.90432
3.44658
0.344133
7.07034
0.470969
0.255185
1.84526
1.07272
1.69607
3.84759
1.36898
0.451397
3.75967
0.313896
1.28083
0.641585
0.434881
3.3554
0.257877
1.18461
1.12199
0.271874
0.463877
0.824614
3.07229
1.1577
0.89412
2.60887
2.76507
2.7966
3.65491
0.133865
0.911091
0.234928
1.18404
2.17978
5.4202
0.457086
5.95829
4.87895
3.44219
0.541319
0.44667
2.43663
0.603595
4.88092
2.38828
7.07692
0.502203
3.98039
4.72176
2.29635
1.17586
3.94252
3.28172
2.69121
2.8147
4.53584
2.34688
5.24788
3.58267
1.74883
1.17055
0.797427
0.292782
0.390747
0.387716
0.600729
2.74827
8.31534
0.298547
1.05579
0.526677
2.83127
5.82438
0.310503
0.402507
4.41932
4.77058
1.10941
6.04012
0.512952
0.415187
0.418331
1.10275
3.89856
0.363318
0.419371
3.55419
1.50191
0.289828
5.00556
0.303035
0.220735
0.451458
2.93043
0.732112
2.44698
0.345771
3.46971
3.97013
0.902314
0.420416
0.392791
0.288141
0.674002
7.31413
4.07445
0.411652
2.82241
3.24271
3.98054
3.14528
0.281397
8.99428
2.82224
0.659475
2.44077
0.45744
0.485438
5.79494
4.88515
0.625514
0.913305
0.314799
0.264595
0.414021
0.774545
0.44262
1.05863
5.43901
4.84492
8.17564
1.58615
0.470086
5.02648
0.933186
1.29982
4.88976
0.997255
1.41977
4.19047
4.41864
6.99577
0.620564
3.14171
0.385023
1.12597
2.36589
0.321129
1.06759
0.208718
1.05923
1.45534
1.18674
2.23358
3.65061
0.238479
3.64944
4.08855
3.4085
1.6617
3.9628
1.03586
4.70473
1.26739
0.831192
0.463339
4.61754
1.28345
3.11593
7.43888
1.51308
0.866973
0.310487
0.270715
1.018
0.472753
0.826403
0.845942
1.05345
0.468038
3.54019
0.40094
4.14225
1.17748
0.641824
1.21393
4.16928
2.8146
0.79359
1.32212
4.8605
1.00013
1.94542
1.03252
1.1254
0.312144
4.51877
2.63223
0.339483
8.13438
0.159649
5.85332
4.13177
0.265964
10.7263
2.68668
3.30747
0.405887
0.368089
0.246026
0.102694
1.11938
1.43277
0.398223
0.445543
1.28306
5.32552
0.853081
10.0492
1.23978
0.314373
0.163476
2.6728
3.45708
1.71443
6.50497
5.48689
0.506836
4.85201
0.956065
2.13958
4.82614
0.843535
6.73368
0.428418
0.315025
2.44704
4.73747
1.59896
0.257827
1.66581
7.24366
4.37716
1.63067
1.14758
2.26825
5.43645
0.606512
0.469692
1.27437
5.50475
5.87602
0.300805
4.77676
2.36622
0.298581
5.02336
0.462353
0.277373
10.6826
0.844214
1.2482
0.117435
3.27508
1.35415
3.22528
1.78503
3.72645
9.00362
4.09433
1.05416
4.11176
2.43104
1.65552
2.23624
3.75348
0.385986
9.8258
0.367681
3.76132
0.44825
2.70403
0.391366
0.278987
0.51195
1.27399
3.03268
0.120186
0.534154
3.28356
1.06975
0.482292
7.55243
2.12663
1.2018
1.23196
1.65464
2.25006
0.265443
0.472327
2.21913
4.03804
4.40276
4.96177
0.387485
0.0621406
4.23892
1.1143
0.159091
0.481621
1.16821
0.27794
4.57679
0.800085
4.58254
0.320085
0.144607
1.30415
1.00214
0.842772
2.74074
3.7286
0.319018
2.98731
0.976868
4.13343
3.10866
0.304656
1.5361
0.319855
5.00225
5.18248
0.347367
4.38855
1.05617
1.35923
8.0836
6.53946
3.17047
2.51286
0.182379
5.96051
0.260038
0.480991
2.73829
2.09575
2.81207
1.2336
3.56952
0.484423
3.48724
1.04378
6.95624
0.282467
0.34661
1.46714
1.10881
0.498881
0.401781
1.90965
1.55229
0.499301
1.0428
0.447738
0.445859
6.04429
1.90049
0.364183
0.45825
0.461432
5.81482
2.71221
0.40117
2.882
3.49347
4.19992
1.23026
0.607832
2.80799
0.69967
0.764127
0.482862
9.96374
2.94763
0.518749
9.47336
3.9295
0.581171
3.07641
2.60192
0.610034
1.14479
5.41937
7.42789
6.85188
1.20272
3.7729
0.323967
1.77753
3.93853
3.18039
4.97099
1.01318
0.440041
0.355963
1.70523
5.08199
0.11245
0.798356
0.619761
0.231479
2.08416
1.41181
3.56165
0.0788778
4.57995
2.95063
0.531239
0.51663
2.46375
0.313293
0.301869
0.267073
9.29003
0.478382
4.71714
6.7197
4.25338
1.86196
0.612972
1.55415
2.28772
1.15152
2.55174
0.476138
0.461402
0.52755
0.493684
1.00077
2.80646
4.29788
0.46211
1.11864
7.89465
1.06597
0.297322
0.277351
1.39592
4.24937
0.499871
1.57554
0.97216
3.08256
0.37185
1.97363
0.231073
1.37499
0.448314
3.65512
3.88924
0.459218
0.110322
0.651959
7.79405
0.339349
1.13052
0.383939
0.415223
5.36533
1.11872
2.65509
1.1467
0.481175
4.73904
3.72735
2.61276
2.43198
0.35933
2.97214
0.260192
0.313877
0.346678
6.44864
2.974
8.83875
1.62985
1.41423
0.406429
0.414341
1.03427
3.38707
2.16293
0.917313
4.8425
3.56796
1.33393
2.62091
0.408896
0.606836
0.398262
4.75983
3.06795
4.5708
1.83426
0.411098
1.48745
0.852763
3.07123
4.6945
0.624545
1.13261
2.85262
5.61337
0.593592
1.17898
4.20635
1.44834
0.997869
0.35333
1.0648
0.407783
3.69261
0.953428
3.43306
0.517626
0.424147
0.930169
0.696368
0.328393
3.43139
0.715227
1.5229
0.872642
0.4148
6.12596
0.32749
0.619417
3.9652
4.13575
0.431258
0.64918
2.71342
2.23081
0.342088
3.34431
0.339898
4.27291
0.625077
0.291767
0.738959
0.261702
2.49203
0.425457
1.43062
1.38357
1.56983
3.99144
5.06718
0.388653
7.91202
1.46797
2.80006
7.59519
0.621952
0.514021
3.7003
0.296852
4.0175
3.15716
4.26213
1.14949
0.266204
0.349811
7.11119
1.66535
0.139631
4.49069
0.653294
0.410204
0.140353
1.29842
2.45254
1.13841
3.1076
0.343417
5.90521
8.27749
1.23507
4.37934
1.92851
0.235321
0.300241
0.431245
2.60589
2.03719
4.86118
0.420831
1.06171
1.79478
3.17559
0.460599
0.268125
0.262608
2.11977
2.26996
1.04253
0.393851
5.33451
0.455774
1.1889
0.533218
0.451611
0.86907
1.42466
0.811501
8.01764
8.41459
0.231426
0.46791
10.2904
0.49393
2.59137
2.03928
1.47067
5.82029
4.83123
0.72027
1.11505
4.00248
1.24657
4.17356
0.424199
0.241647
3.5022
1.57749
5.69479
0.232483
0.394382
1.07015
0.31448
1.82477
8.9434
4.76674
2.13108
2.17816
4.97447
3.09026
1.21387
0.187581
0.68278
4.23076
0.495465
2.63132
8.88022
1.02729
4.49239
0.410571
0.391532
5.15427
8.84805
2.20206
2.32298
0.584764
0.43839
0.451938
0.428455
7.41808
0.774663
1.21125
0.48677
0.875203
0.439187
0.475016
0.353387
0.131841
2.1877
0.833936
6.41339
0.356687
5.14163
2.78979
3.38754
2.22424
6.80615
1.56389
4.52465
1.54532
0.288714
0.451155
0.399584
0.475769
1.11817
0.491871
2.41877
0.38932
4.48118
1.82252
0.554864
0.379589
0.99731
3.98002
2.1391
0.473631
0.436459
0.794026
1.09599
4.88091
0.688266
1.02513
0.357674
0.261587
0.320249
0.293915
0.254187
0.76999
1.26548
1.08416
0.55016
1.11943
2.99704
0.480719
6.70327
0.589667
2.26203
4.27757
0.396841
3.3864
1.18808
0.77617
3.31164
1.53329
1.11889
8.5148
0.778632
1.20052
0.430494
7.16584
0.916422
0.324844
2.98827
1.12987
1.00488
0.517637
0.935183
0.282415
5.00216
3.7107
0.523696
0.366373
1.49427
3.47184
5.0132
5.33102
2.07801
6.63476
4.84226
2.33359
3.10979
8.08324
4.93762
0.501981
1.39815
0.4349
0.40371
1.79888
1.5613
2.79966
0.977365
5.25783
0.558388
0.264673
6.64128
0.840411
0.914712
5.74172
3.01167
0.767393
0.850399
3.2589
0.380092
1.46452
5.704
6.07993
6.94709
3.5516
2.61007
0.445734
6.17417
1.10871
0.49574
1.80426
0.109537
2.49458
0.443852
1.0204
0.472297
1.15127
1.80766
0.385423
0.31539
0.331471
0.380294
5.79065
0.36962
0.288195
9.69447
2.74168
4.85846
0.30626
3.5024
1.05543
4.14385
4.03546
0.467131
0.186474
0.380211
5.20944
1.0307
8.60733
0.389254
2.26927
0.626222
2.77765
1.26799
0.582741
1.5641
0.916041
3.55494
0.408373
0.441768
5.17158
1.06851
3.84889
1.17385
5.08457
5.05931
5.17315
4.02827
0.216162
7.74199
1.19407
0.825772
0.495148
1.53734
1.13304
0.382847
8.25216
4.05359
0.207499
6.87593
1.32216
4.03006
3.68948
3.9378
0.979778
0.301396
0.871177
4.17442
0.334351
2.54473
5.23623
1.20736
4.57617
3.15625
0.112466
2.91678
0.472542
1.97131
0.476503
0.956961
2.73145
2.38143
4.45894
0.883449
2.06741
6.35725
4.13246
0.161302
0.701406
5.34081
6.31715
0.49534
0.42394
1.14659
6.9046
1.26955
2.0777
0.312074
2.08386
0.940087
1.0676
0.457378
0.975586
1.76895
1.99254
1.467
4.43141
0.386066
2.08578
1.15676
5.24167
0.243659
1.48054
2.77302
0.963963
1.16357
0.449746
0.305931
0.452597
0.686522
0.251046
5.51699
4.61816
2.51293
1.11175
0.428779
0.797239
1.52273
4.66499
5.0708
3.93172
0.38422
0.3567
7.78495
5.67322
0.295953
5.39268
0.903567
0.534761
0.361144
0.317174
1.5936
0.434912
5.60784
1.40918
2.18298
0.897168
0.43281
0.558459
1.92999
0.641878
1.41157
2.07388
1.61526
1.8363
2.105
0.422414
0.396585
9.05
1.08469
2.58844
0.382425
2.90274
0.402711
0.484722
0.309905
5.83752
1.53792
1.94522
5.99363
6.35976
1.83347
10.54
0.443789
0.432376
6.46703
1.04049
0.91651
0.902458
0.457257
0.291108
1.66025
0.777253
1.76898
1.02234
3.23449
0.803828
0.423088
1.34701
7.04267
0.759672
4.81901
1.27766
4.89283
1.29944
7.42544
1.33784
1.16215
4.23517
6.31319
0.396572
3.25531
3.87871
0.551159
0.719629
2.72362
0.402881
0.459324
3.24421
0.431166
8.80664
2.64397
5.66458
5.31894
2.13789
1.38967
0.375158
1.3729
4.64648
0.483101
0.443526
4.68746
7.06525
4.07863
5.38109
4.49376
0.229987
3.38832
0.457673
1.92296
9.1877
5.48608
0.477664
2.26791
0.412559
0.459707
0.380192
0.502013
5.20176
0.585573
0.406936
0.23477
10.3398
0.0336822
4.99755
0.818717
5.26348
0.732397
4.96928
0.295966
0.786015
1.20417
0.347687
7.4873
0.363144
1.2855
5.00328
3.30677
0.314814
7.93387
2.98877
7.18461
3.58737
5.70311
2.31721
0.440349
0.36758
5.09503
7.61243
0.391636
4.58988
4.76075
0.887711
1.27124
2.31734
1.36261
1.06801
8.13875
3.06454
1.17343
0.0816041
0.678247
6.06475
0.322754
4.93659
1.38933
1.06606
0.944207
2.66988
0.308463
1.33397
0.325214
0.178382
0.114471
4.63969
5.87262
5.19294
0.408245
3.3663
0.506864
0.423615
4.72861
5.99247
0.271255
0.995168
0.357379
0.834601
1.41741
0.476808
1.14186
2.85208
3.9899
1.71656
0.811618
5.80641
4.93169
0.984017
6.7882
0.481418
1.27306
0.441656
0.876872
0.412406
4.85912
2.86536
0.891223
8.35243
4.39206
0.313362
3.07107
1.0427
0.493222
3.45286
0.179445
0.986658
3.05994
0.380264
2.79759
0.328915
3.21255
0.591622
0.863605
0.444207
0.950741
0.497765
3.27464
3.6805
0.961597
0.379279
3.75121
1.11945
0.997492
4.36769
0.770638
2.77449
0.590957
6.83021
2.49741
0.330331
1.4009
2.00999
0.432664
0.767918
3.3117
0.326851
7.15289
0.246825
3.80575
2.50161
4.64727
0.726164
3.35395
6.93374
0.404069
1.21778
1.5231
0.762973
0.549933
0.465477
3.37565
2.60525
2.24934
1.21234
2.37501
1.90531
5.302
3.44388
5.02879
0.550801
1.00569
0.46754
4.99395
1.76345
0.154025
5.27263
0.286504
3.86775
0.395446
4.69568
0.844143
1.14005
0.246617
1.34877
3.53623
1.41796
0.990965
0.733907
4.88112
2.78153
1.23931
0.459423
2.68113
2.23499
0.477406
1.99866
1.51196
0.451208
0.834859
1.86033
5.8426
5.79138
0.500723
4.01075
0.457858
1.14261
0.758235
5.65526
3.80574
0.312073
0.385212
0.990976
3.19009
1.28751
3.64088
1.30472
0.717329
0.335877
3.2143
1.97167
3.07086
4.31376
0.658692
0.442166
0.839823
5.15467
2.03693
1.44701
0.390521
7.32787
4.78563
0.186718
0.756489
0.810148
1.61801
0.352884
2.52078
1.54404
0.394425
3.09766
1.35037
1.58969
3.31328
4.10577
0.425163
0.373986
0.680488
1.38379
6.82886
10.0572
0.320357
0.37483
0.737877
0.137951
3.89434
4.47595
4.90054
1.07938
0.364765
2.3137
0.139496
1.13225
1.54923
0.490944
7.34911
5.54402
1.39968
0.481226
3.56295
1.36236
0.955848
6.89789
1.87027
0.949885
4.47181
3.50803
2.96808
6.29433
6.55236
3.6645
0.391857
4.50178
2.22134
3.47821
1.86395
1.04375
0.177239
0.427887
1.6183
0.807809
1.37878
0.299242
1.49039
2.70831
0.245254
8.97572
0.120623
4.67259
7.41847
0.313115
5.29087
0.969155
0.247471
4.07202
3.58902
2.54241
3.98418
0.472247
0.476007
1.23268
0.380859
5.12749
2.99949
0.0250811
0.50058
1.51535
1.13353
3.08613
0.384624
1.24623
4.53821
0.250881
0.285649
1.05975
0.426805
0.52959
0.781273
0.658306
0.36708
0.907523
0.691053
1.91804
0.238038
0.469723
5.69694
0.416891
0.825651
4.52361
1.67174
2.67197
0.983154
4.99475
4.41498
1.28707
6.82661
0.506543
5.16039
0.488189
3.31394
8.73917
0.298441
2.92032
0.98879
1.14744
0.320577
6.49649
5.18647
0.383095
5.09267
0.425032
4.42673
3.68563
1.25609
1.27928
0.300683
5.18652
3.05054
1.28769
5.13524
1.17962
0.474596
1.23998
3.50534
0.959546
0.606062
0.358629
0.905229
0.923195
2.94808
0.804677
1.23745
1.14076
1.12954
0.457926
3.52574
3.71369
3.46647
4.38399
0.837572
3.69142
1.50809
0.580428
6.6837
6.41424
1.06804
0.736424
4.34834
3.57543
0.0320362
4.78237
7.1622
2.92821
2.68906
2.39853
3.55474
0.984751
1.20642
4.80289
4.51477
0.37394
0.467197
0.377282
1.77143
0.0828654
1.16296
4.71552
1.47246
4.33012
0.322664
7.44615
0.241357
2.37698
0.233307
1.42663
1.33125
2.93155
4.62381
0.497009
3.49055
0.4395
0.569163
0.444962
0.75275
0.257629
3.93309
2.54421
0.884092
0.181369
4.8532
3.59783
2.98441
2.08404
1.21573
0.624931
0.251748
4.12586
3.18545
6.79516
3.54871
5.94987
0.415311
0.103775
0.344949
3.46851
3.18365
0.912958
1.1543
0.322577
1.08938
0.289708
5.16022
0.57073
1.98669
1.15411
0.855655
5.03953
0.343604
0.639553
3.06239
3.31153
0.355417
2.33475
1.09314
0.848315
3.54886
0.898075
0.915395
4.75774
2.93185
7.22105
1.14673
4.91563
0.449599
1.35644
1.7343
1.78319
7.78042
0.275539
0.676232
2.25205
1.54815
4.54206
1.19593
0.37412
4.98499
3.1738
7.2339
2.87217
0.365746
0.327245
0.46833
0.333962
0.495112
0.785869
0.845296
0.656123
2.92155
4.97689
1.55984
3.15487
1.04975
0.262404
5.30551
4.64442
0.409628
0.316145
0.604872
3.75998
1.12911
0.468047
0.354461
0.772247
0.804299
1.65349
7.8867
1.65292
4.84699
1.24474
0.0884507
3.38937
0.975105
1.11149
1.29386
4.2946
6.88362
2.87218
0.420638
1.15762
4.10325
1.80681
2.08287
2.01926
0.374032
2.45679
0.420716
3.18415
3.42974
5.05411
0.357317
1.14748
3.04874
3.34819
0.357401
1.003
0.88735
5.3126
0.136661
0.526537
0.729288
0.494696
3.0322
6.72036
0.374747
3.91425
3.11088
0.253627
2.59305
4.60881
4.25615
0.880803
5.01687
8.5471
0.243685
9.13446
4.08127
3.01203
0.293811
4.50638
7.04511
4.40775
1.58731
8.25341
2.58864
0.858751
3.68282
6.41961
0.409792
4.95307
0.882627
3.69624
0.433366
2.96622
0.30398
0.436082
10.2921
0.443735
3.93962
3.02679
1.26829
0.973709
0.469033
0.742352
2.08145
0.259253
0.256095
4.49276
0.927228
1.31942
0.494925
0.875228
0.211348
1.31736
5.34515
1.28612
1.84212
1.25468
2.05512
0.487387
5.7433
1.10529
0.323442
0.426042
2.87717
0.886268
0.828824
0.36292
2.0611
0.912249
0.834678
4.84401
1.58074
1.4033
4.28959
0.389404
3.71063
0.824224
1.98909
0.323731
0.430058
0.479177
0.493057
0.315499
1.77679
0.120815
4.53894
0.460224
2.52703
0.370215
1.30696
1.50347
0.789155
8.79409
4.33423
4.56128
3.17834
3.01491
0.812899
0.367571
0.331738
1.04607
1.21984
0.244248
1.19988
1.22297
1.18108
7.94996
0.575247
0.685619
4.68674
6.99732
1.26901
1.01709
0.936561
0.840853
0.39853
3.58567
0.427326
0.456099
0.469681
0.473251
1.10779
8.45109
0.308179
0.189112
2.88133
1.95702
7.06641
0.956564
3.73264
0.346625
0.353361
1.29757
6.79465
4.21115
0.339768
1.75108
0.475403
0.464539
0.942031
0.501418
0.306184
3.39282
0.440311
4.55777
3.27857
1.38455
0.941462
0.340793
1.78123
1.5967
0.428148
7.72513
0.417122
2.30098
0.262383
1.78761
2.04175
0.435791
4.69667
0.4438
0.857642
0.440395
1.34388
4.4699
1.072
0.649354
0.781883
3.47976
1.3547
0.731435
2.62304
1.43613
0.599429
4.15201
2.22951
0.484785
0.894283
0.445877
0.445669
6.84567
3.6392
6.67957
3.18511
4.01772
0.503775
0.493324
0.328352
0.436962
0.337403
3.66201
4.89616
1.51493
2.90338
3.36569
1.65085
4.66552
1.8577
1.38195
4.40528
1.44994
2.57816
7.49495
6.36088
1.0191
0.683411
0.239646
1.88907
2.13983
2.2972
0.89772
0.69774
0.415007
4.27297
0.325613
0.823955
0.789028
0.942238
0.333593
0.794989
0.484621
4.78998
6.44983
0.306305
0.487801
5.04524
9.67483
0.448656
4.64764
1.80378
0.33924
0.922791
0.304634
0.637954
0.64864
1.27945
0.429768
0.433866
0.857129
0.466873
1.66633
0.259933
0.533218
3.75821
4.69807
0.346097
0.720202
1.93798
0.807944
0.399996
0.273341
0.327816
1.17628
0.925146
8.11014
0.944388
2.21544
0.424585
1.67271
1.93505
1.01167
0.29247
1.30354
0.830865
3.0331
1.724
0.70737
3.8932
6.58658
0.790592
3.61453
1.28101
2.01385
0.744917
7.58627
3.05866
0.446801
0.382881
0.85979
2.10442
0.344714
8.13919
2.53092
1.3035
1.14188
0.145339
1.02338
4.75477
0.240158
0.396684
2.02585
1.719
3.92071
4.94112
0.903499
0.464022
2.85244
0.798669
6.33886
7.49925
5.06821
1.06174
0.172924
0.707792
0.326088
0.602996
1.19856
3.65781
5.00963
0.513495
4.27444
1.18956
0.318489
0.328076
3.0403
4.87264
6.26176
0.857729
0.342472
0.0932804
0.152693
3.13332
0.291346
1.5683
5.83227
2.899
3.09088
0.142583
0.83768
4.71093
5.02899
0.338201
0.334995
0.411643
2.5865
0.515227
0.29106
1.12186
0.429091
1.64112
0.967598
0.379092
1.14554
4.6427
0.846923
5.30848
0.037514
5.55628
0.319215
1.5603
0.479653
0.252533
4.76973
0.321848
0.288892
0.127617
1.66398
0.308806
1.60198
0.945068
1.95663
2.5775
1.3026
0.729207
0.744591
2.73503
0.615917
0.874875
0.512062
0.295542
0.211902
3.83958
2.08014
0.244906
1.67691
0.413698
0.447302
9.39366
0.336291
0.334629
1.8383
1.21969
4.77515
0.924027
4.36738
4.94285
0.30512
0.793995
0.377279
6.11718
0.315549
1.9456
2.09692
0.444325
0.844171
0.359688
0.241515
0.820075
0.711943
4.27629
0.656321
0.313079
4.98684
5.03033
5.46609
0.52213
0.837845
0.268759
1.21267
0.707699
1.06433
0.65976
0.300651
4.81371
6.4621
4.93861
0.851021
0.301085
4.38187
4.9232
0.144791
0.301393
5.04926
10.476
0.400488
0.274412
4.2314
0.451036
1.2794
0.465604
1.31365
5.01452
0.374229
0.789895
4.94312
3.21593
0.599572
3.0767
4.9368
5.04538
3.26355
1.08889
1.32669
0.398437
7.69725
1.17547
3.22883
0.235729
0.906154
1.31134
0.99421
0.305919
1.30453
0.780351
2.25911
2.3411
1.83158
3.34242
4.9437
1.47377
0.286855
4.01075
8.55444
0.308808
5.01194
1.39899
0.313361
0.959907
1.45442
2.74607
8.3983
4.88998
0.661275
4.95138
4.7453
0.867166
0.63855
1.19444
0.324119
4.77023
0.825858
0.286402
0.775801
0.844515
2.82208
0.391148
4.44234
1.30205
0.305558
0.498194
4.80102
0.709126
0.397056
0.728809
0.302047
1.23179
3.24685
5.00879
0.524414
3.5732
6.44779
0.408954
0.318961
8.55661
3.74424
0.479984
0.479199
0.283189
2.88419
0.692438
3.2442
0.351366
0.306071
0.350179
0.963851
0.486902
0.448182
0.447575
1.3209
7.8569
0.509203
0.502558
0.302619
0.359155
4.90335
0.516987
4.1831
0.329864
1.33032
0.489905
0.302641
7.59492
0.820229
2.33954
0.311797
0.51254
3.5558
0.344577
3.66638
0.537599
0.273945
1.59622
0.443768
0.401632
0.406933
0.517965
0.447669
9.97312
0.331527
0.901181
2.34922
1.19033
1.81896
0.843357
0.157033
3.60569
0.454658
0.274797
0.301974
6.26888
0.731174
1.32893
2.10988
2.94507
0.493583
2.27996
3.85866
0.214304
0.851939
1.0059
1.01356
2.38389
5.96097
0.928892
2.25143
0.299971
3.61859
5.0766
0.318059
2.25864
0.135329
3.10282
0.406055
0.480914
0.377129
0.264367
0.571591
2.44407
0.587067
5.4097
4.68075
0.74642
1.34235
0.708183
0.334291
0.322389
2.62986
0.250036
0.765499
0.318243
0.301446
4.79375
0.579237
0.29553
0.268734
0.711285
2.77735
0.332336
1.38357
0.451321
0.945718
3.2408
0.793587
0.0343365
4.4411
2.27506
0.776134
0.0339218
0.0176689
0.462467
0.306912
0.980862
0.750825
0.392169
0.808864
0.890204
0.163761
0.296098
4.66086
0.305752
2.14097
0.260577
2.28092
2.72531
0.281984
4.92082
4.45716
1.92636
1.45241
3.33981
3.30248
0.46158
0.896325
4.92606
0.522899
1.00683
0.2725
4.34746
4.95132
0.255123
4.17758
4.78634
4.96973
0.782816
0.0117543
0.0119698
0.302464
0.401404
0.436141
0.303159
0.782534
0.8053
0.926114
5.04446
0.377979
0.317242
1.45957
0.845169
5.05601
1.30241
1.10687
0.407868
0.355359
4.71584
2.07363
0.237445
0.848183
5.58728
7.0682
0.324808
0.444864
0.400509
0.281706
0.388112
3.62917
0.222622
3.51338
0.960624
0.424738
1.34866
3.71276
4.54324
0.373028
0.0329541
0.0135122
6.20963
0.445786
0.451731
0.863392
0.319913
2.9451
4.39804
0.455728
3.34928
4.90265
0.3016
0.258625
4.92021
1.31822
0.322628
0.313156
0.227822
4.8562
0.297651
0.293907
0.435662
2.60686
0.228719
0.496149
0.380798
0.56049
0.446678
0.903308
0.461966
1.12101
0.4409
2.4289
5.02184
4.71978
0.594594
1.31574
0.722924
3.38593
4.66534
0.284863
4.87212
2.48529
0.298805
3.67679
0.386091
4.03646
1.57152
1.00378
0.296083
1.19958
1.65048
0.283052
0.293334
0.240766
0.431183
4.91355
0.279788
0.431208
0.294913
0.509415
0.941324
0.28528
1.02177
3.51736
1.36379
3.00735
0.267497
0.861499
0.283825
4.66955
5.02614
3.78113
0.284126
1.12419
0.416905
0.296311
3.53201
0.391695
0.400893
5.74976
5.03802
3.23653
0.849561
0.245627
0.320628
0.265038
0.4135
5.05841
4.97749
0.28303
3.14861
1.13477
1.08481
4.44721
0.872185
4.50285
1.98196
0.186944
4.55815
0.677873
0.330628
0.487764
0.902331
0.317378
4.01963
0.324519
3.57818
1.07254
5.28385
0.665069
4.80657
3.21205
2.86806
0.644606
3.38834
3.29644
0.482442
2.75189
3.22796
5.01456
0.745166
0.271129
0.844
0.312816
0.35072
0.330383
0.254779
0.25907
0.26045
2.89983
0.608876
0.505636
3.28121
1.32577
0.844507
0.286384
0.43375
1.01168
1.26846
1.87185
0.437556
0.873055
0.165242
1.23604
4.80195
1.56817
0.783759
5.04248
0.482994
1.09178
0.450447
0.682843
0.43002
3.46756
3.24249
4.7978
0.406739
6.18665
4.98784
0.401788
1.30034
0.490642
0.230598
0.886889
0.146406
0.302795
4.83582
0.339586
4.98728
1.07435
3.11743
0.417401
2.70068
0.31631
2.19346
0.368772
4.52857
4.58521
1.34952
2.28423
2.87918
3.77219
0.275617
0.401158
6.54139
0.757793
2.55749
0.903821
1.11452
8.2447
0.469159
4.75936
0.487554
0.705681
1.4322
2.12976
1.34873
4.92506
0.30434
0.336698
0.956769
0.808838
0.856263
0.390887
0.273657
0.413385
0.794766
0.411082
5.21769
0.400933
0.436038
0.448564
0.736274
4.8772
2.9758
3.52969
2.68589
0.207479
0.657579
1.02341
0.78045
2.13278
1.02639
1.15485
0.338449
0.504311
0.480171
3.49068
4.47908
0.414621
0.254634
0.289411
0.341148
0.46397
1.62698
0.470089
0.365479
2.89596
0.228889
4.99582
5.01076
0.441935
3.68533
0.348127
0.581313
0.369705
0.486618
0.789354
0.459331
0.414678
0.173556
2.92662
3.07064
0.444165
0.43683
0.886421
1.92535
0.276833
2.46404
0.276343
0.159418
2.79701
0.339501
1.60579
3.84094
1.10061
0.398635
1.05726
4.40851
1.25512
4.91828
1.2624
3.23138
1.21
0.110955
0.345552
0.307161
3.32889
2.63915
0.322992
0.423831
0.435329
0.868131
0.780203
4.41841
6.32815
1.36452
0.296187
1.15769
0.280944
3.91093
2.90792
2.94034
0.748172
0.350381
0.309046
5.98229
0.459244
1.9683
7.26063
0.486754
4.46023
0.232162
3.99741
3.31719
1.78393
0.425381
6.54795
0.415904
4.90412
0.244322
0.118333
0.772588
0.512202
2.55479
0.31429
0.224401
1.03284
0.324494
0.474757
0.288813
0.42653
0.255352
0.232889
9.31178
2.07324
0.458883
4.9932
0.30321
0.513359
0.316726
0.435302
0.438882
0.986439
5.90133
0.130976
1.76435
0.383341
0.266376
1.47993
1.35272
0.173734
4.42846
0.297551
0.994132
1.17195
0.440213
1.52582
0.94437
0.241422
0.441382
0.716958
1.79732
1.79051
1.26167
0.477673
1.06416
0.41698
3.95095
0.482003
1.93205
4.96038
0.437373
0.47456
1.91649
0.268413
2.8438
0.246309
0.366684
0.711604
3.38479
4.65176
8.7409
0.25146
0.501628
0.328126
0.448765
4.74626
1.58899
0.360684
0.478546
0.31395
0.727366
0.0576344
0.0660649
3.0899
1.03439
0.307884
0.269989
0.640724
1.06822
0.461367
0.36957
3.45723
0.568258
1.71862
0.268066
0.391252
1.02596
0.275353
1.1674
0.277323
0.276775
10.6082
2.31905
0.725292
1.40584
0.529428
0.933314
5.6627
1.14409
5.52416
1.00911
0.341978
3.79682
0.258968
0.30309
4.53537
1.2395
0.618411
0.479614
0.494938
4.68421
1.97891
3.15033
0.751653
3.67434
0.419715
0.655815
0.953638
0.291248
0.0123724
0.516432
0.424303
0.306558
0.853738
3.07521
0.293077
0.316451
0.968056
2.02096
0.51213
0.0150968
0.42864
0.716312
0.744544
1.15796
1.71367
0.284041
1.88728
1.67872
0.344733
0.252079
0.463143
1.8447
1.85854
0.431547
0.486747
0.81864
1.24678
0.8086
1.91583
1.0569
1.04823
0.82357
0.452362
4.2449
7.90097
0.337116
2.052
1.99028
0.40814
0.0284064
2.92177
0.593671
0.917594
0.409069
0.636841
4.14398
0.368279
0.121909
0.410502
0.791214
5.52558
0.292484
0.0157522
0.307184
0.286777
1.70869
0.24864
0.303193
3.5258
0.41277
2.18385
4.81676
0.454319
0.762924
6.89419
0.376327
1.1935
0.450956
0.645895
0.809511
8.77148
0.124812
1.1194
0.835871
0.511488
0.832558
0.336265
0.700589
4.21829
0.447435
0.72199
6.27961
0.391336
0.819135
0.490716
0.846815
0.434373
1.24827
0.400353
0.634638
0.753288
4.61088
0.80511
0.304675
5.02477
0.186874
0.140706
0.318368
2.98556
0.269361
0.502764
0.456097
0.275931
0.298758
2.40034
2.98925
2.02606
0.650584
0.245315
0.407726
3.6567
0.261246
1.40445
0.372644
0.42483
3.36935
3.75314
2.06193
0.159233
0.604517
0.438839
0.929836
0.277928
1.71324
0.252555
2.56071
0.260212
0.721272
0.76556
0.3004
0.448697
1.2561
0.456925
0.432736
0.668746
0.306291
0.960786
0.446771
0.313377
1.02299
1.90796
0.799023
0.89552
1.94309
2.25311
2.59564
1.33359
0.425417
0.798629
0.785494
0.921007
0.441982
0.487006
0.445121
0.828474
0.456817
0.862874
0.45495
3.66496
3.43729
5.27961
0.428708
4.18015
0.733032
0.673813
0.460726
0.880493
3.39417
0.448639
1.58224
1.31039
4.85685
4.70228
4.64221
0.136232
4.81004
0.227909
1.06893
0.48395
0.572709
0.87757
0.237999
0.41479
4.48206
0.819368
2.95811
0.460914
1.59135
0.515218
3.51387
0.620152
1.01813
0.781532
0.359792
1.35004
0.295752
4.41263
0.167423
1.31408
0.231792
0.968347
3.8214
0.432949
0.278208
4.37195
0.394591
0.795206
2.31766
3.30796
1.6781
0.29575
0.954943
4.108
0.458135
4.83698
0.293664
4.608
1.7377
0.437958
0.34735
0.481834
1.34455
0.63624
4.83741
0.653709
1.77941
4.78303
4.12546
1.55046
0.253394
1.67681
0.495662
2.6316
0.159279
1.91896
4.08981
2.76279
3.0892
0.52129
0.431958
1.08935
0.465136
4.64599
0.290989
0.830407
0.119506
1.10714
1.58624
4.53361
0.476971
0.241779
3.2056
3.19224
0.924061
2.04813
1.09226
0.338287
0.422504
0.525764
1.14697
3.70409
3.4299
4.3028
0.310182
0.255937
0.315824
0.50047
0.183608
3.17866
4.8578
0.30709
0.331709
4.13216
0.822613
4.85397
2.39112
1.60717
4.47883
4.33997
4.6397
0.462075
2.56289
4.48547
0.866558
7.24958
1.16377
1.00264
3.24384
0.407584
6.32584
0.811799
0.755402
1.21878
0.41902
0.242904
0.250044
0.944005
4.02989
0.618711
3.60623
2.25655
0.711469
0.473745
0.579156
1.09605
4.79082
4.88631
0.699132
0.459716
0.439339
0.750018
1.55331
0.298869
0.75553
0.244999
2.31218
0.789791
0.483646
0.905089
2.31405
0.315622
0.416081
7.17308
1.36278
3.84982
2.43912
0.825806
0.498068
0.279173
0.306812
1.21028
0.413685
2.54404
0.270544
4.40478
3.40174
0.267484
0.277662
7.58158
3.46629
0.13356
0.853041
0.750672
0.833753
4.98262
0.523314
0.832058
0.832971
4.82364
0.43824
0.786966
0.472083
6.74611
0.467112
1.11164
0.46346
0.658954
0.71259
0.888551
0.316793
0.9089
0.306841
0.504406
0.505245
0.238139
6.22964
1.28885
2.46188
0.0981323
0.501626
0.522907
0.365373
0.0157846
0.232851
0.247025
1.52369
0.336394
0.666717
3.9522
4.41406
0.443764
0.322849
0.91792
1.63045
0.78552
0.621672
0.310064
0.517067
1.92112
0.40934
0.773907
0.0464687
4.07425
5.044
0.67444
1.20275
0.299782
0.7749
4.57425
3.48288
6.12646
0.906482
0.249654
0.948762
0.221373
0.867698
0.492561
0.83961
0.457556
0.300812
0.274171
0.462417
0.0931961
0.435002
3.3258
0.443047
1.15261
0.233735
0.862242
0.655089
2.1939
0.28006
0.512274
0.779309
0.366757
1.47839
0.236708
1.30199
1.86286
5.19926
0.4107
3.75001
0.307745
2.43111
0.240896
0.987872
7.5623
0.377986
4.81843
3.83573
2.32859
1.85725
4.09795
0.752492
0.812957
1.01678
0.839012
2.12794
0.447094
0.502434
0.774643
1.15728
0.442682
1.51741
0.613943
0.240751
1.01496
0.297311
0.333947
0.241376
3.01981
1.51225
1.04502
0.431276
7.08461
4.04862
3.02984
0.747025
1.75998
0.886285
0.388262
0.330222
0.956714
0.499667
5.76562
0.491473
3.11632
3.15991
0.305024
0.633516
0.302501
0.0505524
0.0671993
0.250003
3.73829
0.765785
0.316278
2.41457
0.502497
0.445912
0.765347
1.29845
2.50246
5.00052
4.89496
4.46686
0.464164
2.36693
0.225233
0.244387
0.462291
0.241047
0.218679
0.974445
1.4436
1.64055
0.851898
0.304537
0.473
0.310609
0.0790697
2.10077
0.871635
1.15563
0.341686
0.231157
3.33312
1.15689
0.428988
2.86664
1.31007
0.814398
3.29221
1.00647
0.416711
0.320952
1.60077
5.14276
0.0316162
0.00897098
1.0888
4.58807
3.9583
4.95273
4.35594
1.22004
0.679744
0.796143
3.87922
0.968022
0.511225
0.912449
0.796873
3.17175
0.265636
0.623585
0.257785
0.270159
0.969583
0.340829
0.859998
0.257969
1.65072
0.334458
0.566728
1.34433
0.111132
0.280003
0.300905
0.602717
0.397418
0.9609
0.502969
1.7655
0.27341
0.393943
1.27312
0.735089
0.840869
0.187626
0.47164
0.315525
0.464851
0.253899
4.90619
0.796718
0.443234
0.493678
3.05041
0.252402
6.04202
0.327205
5.74762
0.457049
0.290646
0.515312
0.814135
0.27753
0.77514
0.403444
0.283669
0.146557
3.74929
0.454805
0.840481
2.65659
0.28146
0.240783
0.127146
2.0529
0.00488593
1.01719
4.99027
5.57655
1.88089
4.38392
0.842373
1.66672
0.336096
0.698118
0.464871
0.0231094
0.0199259
0.912238
1.62609
1.10505
0.994825
1.31552
4.22303
0.281261
0.480722
0.825023
0.393179
0.561113
0.339938
0.506242
0.389993
0.348301
1.69003
1.37427
0.0742476
2.65599
1.31263
1.20464
1.04548
2.33557
0.553417
4.82276
0.41123
0.50653
0.302917
0.534534
0.277638
0.353566
0.321532
0.308456
0.782741
1.68296
0.245563
0.2911
0.712072
1.01857
0.840568
2.26122
0.700998
1.1088
1.46647
0.793936
0.606183
4.51179
0.348398
4.20994
0.818781
4.5575
0.89525
0.515995
7.55623
1.99246
0.450329
2.04034
1.01498
0.424578
0.535709
0.240655
1.56162
0.481972
0.316336
0.721726
3.24946
0.261943
0.751587
4.13123
1.31637
2.29899
0.312127
0.394025
1.1567
4.45517
0.19337
3.0832
0.398909
0.466951
0.322453
0.516027
4.03847
0.00953597
0.00763454
0.514811
1.94709
0.256742
4.35828
0.841548
0.390312
0.448979
0.943272
0.326394
4.33073
0.738473
0.274235
1.12847
0.424006
4.01567
0.346461
1.25614
0.572508
0.418338
0.343428
1.10483
1.47709
1.74153
1.33514
3.4321
6.57646
3.90579
0.287244
0.388946
0.4814
0.711323
0.807213
0.382458
0.347944
4.19467
0.826697
4.11695
0.304205
0.608832
0.35568
0.317053
0.781733
5.74563
0.798924
0.417068
0.395868
0.397059
0.450504
0.521745
3.61257
0.32944
1.27384
0.168972
0.367405
0.445206
0.329728
2.39976
0.307462
3.34241
0.226762
2.86413
2.40106
0.261684
1.29095
1.02269
0.434097
1.07671
5.96665
6.59893
6.75193
3.78757
0.881144
0.304111
0.309774
0.385135
0.618759
3.20709
0.45658
0.49048
6.4345
0.479124
3.89564
2.54391
0.348233
3.8362
5.15108
0.421744
1.21059
0.95767
1.28326
3.04144
5.44545
0.308851
0.405093
0.63756
4.6394
3.66724
0.341431
2.08967
0.867499
0.354993
3.42424
6.20348
0.520522
0.873524
0.501515
1.33438
0.877883
1.13589
0.820017
0.293275
0.6773
3.39715
0.416411
1.576
1.29576
3.18401
1.07414
0.346468
0.348822
0.418653
0.273188
5.02463
2.06051
2.07808
2.26307
0.336699
0.651751
0.721872
3.03972
0.735541
0.901445
3.72342
5.37868
0.432118
3.57996
0.516232
0.741181
1.3842
0.343789
0.281484
0.276457
1.65692
4.94693
4.99442
0.349651
3.76254
0.80812
0.359268
1.05815
0.482847
3.22236
1.39588
2.74605
4.96998
0.211952
0.436804
0.396507
0.330264
6.37642
0.82778
0.677386
0.809297
0.320724
0.760268
0.407782
0.904841
0.824708
3.19626
4.00405
0.450989
2.49859
0.252377
0.790573
0.511005
1.15145
0.175187
0.289943
2.64405
2.54191
4.83448
0.325267
2.23842
6.94303
0.313595
0.77483
0.470453
0.337735
0.299828
0.401955
0.867942
0.0676801
1.03243
1.16145
1.1372
0.427421
0.391392
3.87621
0.39981
0.922965
0.182995
0.995836
0.237148
0.268122
1.2187
0.698855
0.44459
3.8364
0.201086
0.392866
0.397651
0.916409
0.323697
0.313524
1.32307
0.188093
0.84255
0.497716
4.82083
6.11145
4.76477
0.304354
0.283342
1.8969
1.61744
1.89108
0.180683
4.86973
6.08836
1.24144
6.37555
0.41305
0.302244
0.832685
0.317635
1.34007
0.467984
0.306885
0.709782
0.306028
0.284629
0.505455
0.890254
3.34331
0.471624
3.02716
0.383382
0.487117
1.95743
0.854189
1.03966
0.686646
1.73157
1.10532
0.484585
1.36389
3.18606
4.4459
3.18751
0.288484
1.07211
0.6929
1.86747
0.417975
1.18352
0.370569
0.370594
6.61063
0.595958
0.248967
0.445939
3.24851
0.26024
0.189991
0.790366
1.11888
2.83306
0.155827
0.262832
0.494105
1.34733
0.632516
0.80898
0.813509
0.240274
4.8125
3.46818
0.201881
0.816973
4.05954
4.11215
1.21214
1.42452
0.462305
0.950898
0.428344
0.223085
0.753769
0.525139
0.274795
0.283185
1.71661
0.684436
0.512443
0.24271
1.10433
0.57713
2.3348
1.29575
1.31164
1.22423
0.706557
5.08427
0.596114
4.19957
4.37458
0.173896
0.222108
4.98911
0.255286
1.76914
0.679951
0.214956
0.390926
0.428734
1.38052
5.08197
3.57302
0.540497
1.36058
1.66299
1.52757
1.1258
1.91825
0.455923
0.163621
1.27719
0.846723
1.04109
4.81612
0.483096
0.296488
2.1986
4.79297
0.45759
4.07488
0.299617
0.872049
0.767486
0.257776
1.40538
0.343539
0.272367
0.786732
4.70112
4.06419
0.421284
0.637728
0.232849
0.47375
0.221503
0.250178
1.36272
0.495747
0.440184
0.254664
0.847683
1.48825
4.14042
0.872305
0.377429
4.54711
0.891764
0.150088
0.424571
1.04692
4.77245
0.44589
0.805491
0.520419
1.27424
0.784492
4.37503
1.48047
0.935585
2.49101
1.14694
0.265029
6.18851
0.386055
0.505644
2.80169
4.69114
1.20114
1.11044
3.74699
2.7456
7.94951
9.03737
0.630529
0.225093
0.23113
0.252013
0.272088
7.15376
1.23224
0.456368
0.980884
0.802742
4.64977
4.76033
1.68792
0.546303
0.186189
0.34529
0.280704
5.21398
1.45047
0.159382
0.513301
0.321179
1.21684
0.659354
1.4626
0.295072
0.98236
3.24241
4.30159
1.25686
0.909215
0.355373
0.216373
1.30295
0.425793
0.79499
0.718407
0.193993
0.135342
2.66118
1.4525
2.88997
4.96862
0.675175
1.22121
0.297918
1.11511
0.293731
0.28629
1.03145
0.194535
0.304897
1.59174
1.22516
0.260666
0.92902
0.922849
1.09044
0.830554
3.18525
3.2973
0.334191
0.286556
1.70156
0.680409
7.29126
4.74033
1.25064
1.03385
0.852268
0.88433
0.243052
1.40908
0.303842
0.336257
2.04162
1.00973
0.521286
0.191632
4.78062
1.16449
0.47765
0.434874
1.0391
1.90293
0.308877
1.585
0.509089
1.96108
3.93128
1.73626
1.14007
4.87565
0.431914
0.165168
0.378269
0.356408
0.740218
0.795255
0.420936
1.24633
0.916933
0.120742
0.88087
0.398716
4.85459
0.782163
0.514063
0.492384
0.371687
1.39659
0.863028
0.338047
0.259542
1.74232
1.78259
0.242015
0.475938
1.20064
0.296028
0.290407
0.858212
0.36018
2.0173
0.321753
0.502329
0.85463
0.785657
0.826673
0.252149
0.800042
2.26762
0.480191
1.33634
0.659446
0.40239
0.769047
0.30815
1.37659
5.06886
3.82787
0.319468
4.95184
0.306127
0.452045
0.264199
1.9762
1.21799
1.76877
0.365988
1.20675
0.577712
0.444731
0.388986
0.47751
0.342769
4.96156
0.748934
1.06139
0.767337
4.74595
5.67037
2.91884
0.997448
0.499139
0.260107
2.90716
0.851814
7.93126
0.461982
0.649917
4.36972
10.829
0.670306
0.245416
0.111994
0.306636
0.349668
0.332292
0.252376
2.58838
0.419699
3.04067
0.756688
0.317713
0.303783
0.25395
0.316303
0.413996
1.54447
0.202546
2.82798
0.273028
0.818223
1.42109
0.182692
0.822208
0.795863
0.346208
1.33772
0.260265
0.479924
0.370434
1.16567
0.976031
0.24798
0.184525
0.289052
0.35302
1.89946
0.291219
0.363556
1.22337
0.514939
0.904344
0.40775
0.309939
1.07077
4.34871
1.32268
6.31594
1.48874
0.351198
0.145697
0.328109
3.32149
1.18095
0.65645
1.64576
0.110135
0.30597
5.0288
0.461022
0.729606
0.376602
0.311498
0.834964
0.317127
1.76656
1.07227
0.370667
1.30499
0.721982
0.318815
1.33896
0.314371
1.83828
2.62269
1.4575
2.64927
0.829661
0.334216
4.83833
3.63162
0.441881
2.33534
0.261722
4.94078
0.251719
0.849978
2.00768
1.70062
0.777563
1.02218
0.454629
0.856507
0.889302
4.10001
0.398682
0.808747
0.84042
0.279357
4.5419
1.44593
0.487138
0.0874091
5.87593
2.93305
0.378264
5.27704
1.51695
0.306425
2.27523
1.69158
0.159692
1.98911
1.98812
0.762596
2.61405
0.457604
0.866377
1.47209
5.0833
0.305422
4.13794
1.39893
0.838195
0.179466
0.309456
0.283145
0.250831
0.827516
0.482175
0.222538
1.38229
0.295993
6.4554
0.994682
0.476824
0.456473
0.830582
4.94252
0.28629
0.471847
4.97776
0.407593
0.187881
1.57454
0.389433
0.495298
0.354302
0.269151
1.83106
0.398244
0.370021
0.402723
0.34511
0.440285
0.450262
0.612452
4.61181
0.281129
0.838511
0.300928
0.318343
0.337648
0.573066
0.3977
0.5971
0.370529
0.350725
3.2843
0.480899
2.71633
0.615712
1.38881
4.59279
2.10963
1.0728
0.422933
0.204661
4.55456
2.41588
0.357644
1.48651
1.44686
2.11129
0.820909
0.274056
6.3986
4.17038
0.616799
5.45915
0.63323
0.430694
0.211399
4.67125
0.282492
2.70473
7.49517
0.196177
0.294683
1.37666
0.240244
4.04917
0.257138
0.470589
0.31801
3.91636
0.368723
0.319074
2.43115
0.401155
1.49534
3.75369
7.30956
0.516353
0.485858
1.55167
3.6708
0.327472
2.00151
0.317592
0.375527
4.63104
2.19341
0.321768
0.273736
0.330079
1.14335
1.41253
0.491485
2.1983
1.45703
1.81337
0.40233
0.25551
0.3587
0.412586
1.33154
0.22071
4.02213
0.67557
2.91477
0.369609
0.491875
3.81632
2.74858
1.69762
0.885905
0.799762
0.503211
2.15389
0.897336
7.36022
0.296863
0.2331
0.223414
0.246439
0.924874
0.435706
0.213383
0.436209
1.07929
4.28087
0.339058
1.97719
1.3807
0.337743
1.15115
0.305032
4.01261
0.270162
6.21428
0.447345
0.343706
1.67067
3.29099
0.454406
2.35112
0.706629
0.29493
1.69113
0.952332
4.07743
1.44278
0.664079
1.4714
6.3883
0.0873087
0.322516
1.45126
0.328184
2.83034
0.333024
0.41798
0.298878
1.15862
3.10305
2.9142
0.890506
0.294266
0.8096
0.358539
0.286206
4.28833
0.328826
0.519658
0.467651
0.342917
1.44487
0.332863
0.996977
0.344359
0.82477
3.75831
0.739532
0.381499
0.454101
0.453087
0.735997
0.860093
1.13502
6.0088
0.295042
0.288436
0.637343
1.20702
0.574017
0.29707
0.347982
0.29232
0.843479
5.62565
1.86756
0.240036
1.44438
0.928461
0.644736
4.71868
0.275414
3.22487
1.26002
8.29147
0.265433
0.620766
0.48543
2.322
0.256106
3.06007
0.489036
3.48326
0.817984
0.30629
0.485356
0.908989
0.247012
1.34204
0.720161
0.364197
4.9215
0.2647
0.105907
0.951773
0.582481
5.06006
0.694444
0.251127
0.317721
4.18379
4.8305
3.61695
1.58652
0.290393
0.786027
0.116527
0.30493
0.208314
2.03107
5.57357
0.635998
0.329503
3.85185
5.00646
0.261997
0.507277
3.83547
0.830283
2.56911
0.307608
3.62023
0.270175
6.75182
2.45119
0.332816
6.37628
2.4275
0.293603
0.237923
0.555199
3.36501
0.464301
0.25583
0.295669
0.832663
0.692009
0.313836
2.01947
0.283716
0.421457
0.86182
0.252121
1.13862
0.520102
0.296008
3.57373
0.716957
4.14309
0.674103
0.147175
2.10203
0.263961
0.70226
8.53125
10.1185
3.52439
5.77872
0.425683
1.12376
3.92803
0.279873
4.92364
0.322895
4.49084
2.41181
0.35704
0.289248
1.31606
0.227259
1.20763
1.23927
1.67591
1.64477
1.44818
0.244525
3.25639
3.14801
0.27026
0.332249
1.84149
0.394468
0.271848
1.00593
0.299861
1.17619
0.836002
0.386068
0.319941
0.283132
2.03022
0.768519
0.453421
0.310211
0.961173
0.282103
4.38458
3.90753
0.342011
2.9821
0.293936
0.265628
5.02161
0.770184
0.841206
4.17271
1.1191
0.45644
0.447456
3.02979
1.51975
1.14333
4.50567
0.265763
0.130167
0.347538
0.200648
1.14803
0.181638
0.797969
2.9318
4.64949
1.19787
0.43652
1.38966
0.255315
0.0533088
3.94287
1.95922
0.301704
1.72617
6.63623
0.315836
1.16843
0.920824
1.29409
5.46697
1.17819
2.00357
0.739671
0.240931
2.30666
0.335109
4.22476
1.57745
1.17648
0.490098
0.263942
0.442565
3.13005
0.721631
0.349508
3.97053
0.498732
1.53892
0.893721
0.372898
1.27649
2.7465
1.02963
0.577589
0.477234
2.27303
0.596564
3.42742
1.2487
1.27752
3.76276
1.66238
0.270977
0.241428
0.567265
1.53967
1.8017
1.83997
0.483229
0.340572
0.681972
3.37991
0.262453
0.48247
0.222489
0.472495
6.72706
0.176782
0.710158
0.290289
4.05523
0.237651
4.25072
0.294798
1.26044
4.44584
4.59406
1.07136
3.11058
0.461658
1.02589
0.465241
1.15321
1.42993
2.54003
1.6559
0.56652
0.870392
0.404845
5.95817
2.17156
1.19651
0.486643
0.269591
0.719447
4.80994
0.285214
1.61494
0.262252
2.63655
1.26534
1.66372
3.04303
0.985814
0.749151
0.650701
0.263695
0.317709
0.312964
1.95021
0.461144
3.95374
6.61889
1.2961
0.209818
1.51498
0.4597
2.83468
0.437161
0.251755
0.242236
3.59455
0.286418
0.227144
1.52113
0.283786
0.281966
0.343549
0.91488
0.776568
6.45687
0.420285
0.110059
1.77121
0.429563
0.388534
0.157038
1.89688
0.591899
1.46851
0.466584
2.67459
2.3767
1.29747
1.44576
4.72849
0.495682
0.447728
0.458748
0.589046
1.6646
0.249049
0.321447
0.305692
4.15858
1.37403
0.372538
0.568053
0.456668
0.268686
0.868321
0.232046
0.257187
0.853437
1.94758
1.26012
5.09049
4.43148
2.28423
0.448776
0.798548
4.14427
4.80394
0.429435
0.120479
0.806738
0.515927
0.854125
1.16467
2.99307
4.85186
1.36893
0.484016
0.517618
1.2957
0.438738
1.55726
3.62462
0.41449
1.52481
5.37626
1.50242
0.372271
4.65285
0.901771
4.62972
0.382954
0.500021
1.18514
0.354321
0.938026
0.45118
1.69504
0.895073
2.18883
0.440703
4.10387
0.697837
0.330618
3.77301
0.300825
0.287754
1.35236
0.465202
0.458827
0.258761
0.679156
0.398319
0.320726
0.602865
2.68288
0.510532
0.39692
0.477812
1.84501
1.55471
0.559981
0.393298
1.59396
0.477311
2.77179
4.52265
0.338067
2.06672
0.459776
0.315952
1.92107
4.4306
0.691166
1.12473
1.01569
0.223919
0.902484
0.479572
0.803717
0.346377
0.391282
0.411
0.302822
0.320343
0.442836
4.07772
0.304281
0.596006
1.01161
0.268754
0.445263
0.491627
0.489998
0.538837
0.299918
2.58277
0.208057
0.460792
0.681127
0.234563
0.843626
0.398346
0.832711
0.410246
1.85533
2.30763
1.17997
3.40877
0.96
2.8263
0.494081
1.16295
0.490191
0.419476
0.445779
2.2297
1.12354
2.06926
1.77228
0.284552
0.70664
1.73801
0.447114
0.333412
0.35867
1.4591
2.29942
1.48018
0.479146
0.274265
1.38106
0.322317
3.10307
1.2309
0.316292
1.51774
1.19857
3.10466
0.37437
1.35679
0.210118
2.97051
5.92019
2.35062
2.08008
2.23944
0.71288
0.252069
4.44378
3.38512
8.73423
3.6897
0.741149
0.502872
3.45817
3.24643
1.70366
3.19917
0.234774
0.460409
0.478244
3.11845
0.605991
0.450563
0.841488
2.11974
2.23649
1.27457
0.425311
4.90993
0.484544
1.7181
6.47707
1.52437
1.03709
2.18184
0.394365
0.512465
0.496719
0.458355
4.93377
0.397789
0.738612
4.11818
0.577395
5.03814
2.76303
1.10712
5.04241
5.94818
0.397625
2.35782
0.887351
1.37995
0.426919
1.15576
0.367761
0.212702
6.32912
0.309774
0.264039
0.734162
0.309903
0.510226
0.264175
0.464355
0.329826
4.99466
0.705347
3.71366
0.885525
0.651836
4.77198
0.79886
1.26164
3.15094
4.97797
5.06251
2.09674
0.319431
1.02902
0.454738
2.32618
2.45179
1.49962
0.256482
0.354406
0.450037
0.883822
0.622291
0.360089
0.125458
1.93476
0.390079
4.36441
0.384277
3.15853
0.460063
0.728934
0.407102
0.473126
0.518291
0.864024
0.8146
3.2254
0.30062
0.323782
0.639216
3.10105
1.6729
1.98315
0.60369
1.27077
0.495538
0.845001
0.31711
4.76733
1.32717
0.297778
3.2776
0.777945
0.765584
0.354894
0.670623
0.455092
5.40244
0.999389
6.96694
2.10087
3.32667
0.262813
0.380679
0.336553
0.351283
0.551614
2.85456
3.3973
0.117127
1.31541
5.07094
1.1803
0.360723
2.6431
1.21371
0.84069
2.14904
1.49798
0.899349
0.197891
3.7283
0.621102
0.454833
0.356549
2.77951
0.789442
1.33068
0.352815
1.0263
0.560352
3.89577
0.225467
4.85411
0.630692
0.265929
1.9272
4.96686
2.43264
1.13174
10.0097
3.1043
0.841269
0.690383
0.397986
0.337504
0.422348
0.962453
2.9851
4.29111
0.329945
2.77325
0.67814
2.82344
0.124626
1.66626
1.14206
1.76196
0.453436
1.94538
1.91508
0.578909
0.192715
6.53668
4.34061
0.53877
0.345117
1.78876
0.280469
6.10341
0.58711
2.18142
1.29946
1.38768
1.61976
0.248267
0.714592
1.52521
2.69221
3.73285
1.56271
0.631328
2.80615
0.708716
1.25464
5.70838
0.284635
0.328138
0.931308
6.91196
0.616414
0.34799
3.92307
0.427271
6.22972
0.371313
0.471668
0.305022
3.20415
3.30506
1.29339
1.06822
2.98857
0.24171
4.67462
1.76117
0.787956
3.78349
2.94032
6.64123
0.515549
4.25571
2.73646
0.4931
0.380774
3.84261
0.451221
1.27511
4.73144
1.60124
0.845173
4.70067
0.295774
0.529508
4.65597
0.347622
2.01208
0.236111
2.09344
0.467408
0.314236
2.90978
0.612102
0.655865
3.19795
0.269857
2.60255
4.72578
0.127314
0.849188
0.491213
0.551218
0.445854
0.8245
4.00942
1.23449
0.143063
1.24233
0.375064
1.19245
2.49261
0.799471
0.164628
5.0313
4.12325
2.95386
0.48887
0.588009
0.361208
2.12055
4.9315
3.54451
0.785178
3.27134
0.36178
1.07196
0.442439
1.33201
6.44223
0.282245
0.677333
0.407767
0.44393
0.305501
1.34354
1.15549
0.346978
0.640449
0.969083
0.476085
0.357752
6.16821
0.518889
6.50134
2.3243
0.996095
0.139041
0.691521
4.08911
5.87149
0.643515
1.45394
0.58245
0.513793
0.272096
0.236913
0.275409
0.301349
0.298256
3.13596
0.591781
3.92191
0.270566
4.73849
4.37417
0.465681
0.925825
0.43816
3.37363
0.283404
3.2873
4.67111
0.570545
0.494612
0.443089
0.319174
0.3577
0.669125
1.05101
0.457694
0.77716
0.402407
0.292987
1.49481
1.09281
9.27929
0.262666
0.571562
1.07031
4.86293
1.48306
4.8543
0.468429
0.776885
0.759106
0.475089
0.369816
0.162169
2.75416
4.45227
0.291999
4.28111
3.36361
1.01448
0.198632
0.484376
4.32096
0.241556
0.56488
0.251543
6.36144
3.49907
0.622714
3.00186
0.846195
1.34833
3.70689
0.923895
0.842494
0.474437
4.05058
4.99122
0.457947
0.384593
0.28409
5.00436
0.466897
4.5349
0.450405
0.438735
0.294292
1.22555
2.39758
0.31862
1.16183
1.13621
0.352678
0.274405
1.84176
4.3122
4.4212
4.19082
0.386275
4.60901
0.44438
1.12111
0.641635
0.612781
1.40601
4.20056
0.460489
2.30702
5.63445
3.78427
0.27224
0.508043
0.509975
4.58482
0.350286
0.244305
5.61326
0.182308
1.36916
1.13711
4.63576
2.57308
4.50728
0.136845
0.271257
4.81601
2.1598
9.74938
0.150091
3.28359
0.0835317
0.307867
0.520154
1.20267
0.598511
1.22821
0.345716
1.32872
0.346209
0.168185
0.606539
0.179222
1.05236
2.04053
0.446872
0.360783
0.268044
4.88781
1.49205
1.11517
0.366373
1.11877
6.22314
0.391607
1.2764
4.91677
0.461333
0.327706
3.47845
9.28187
0.766454
3.73648
6.60161
1.50376
3.53225
0.823143
0.449311
4.95952
0.473074
0.617751
3.57267
0.29608
2.88183
0.730996
0.764423
1.35581
0.292885
0.396632
4.57012
4.99582
0.719534
0.111127
4.97019
2.70072
2.28467
0.471031
0.296271
0.863705
10.4656
0.537633
3.62967
0.756679
0.403971
0.283785
5.07573
3.30503
3.44316
1.64263
0.460912
0.85748
1.40082
3.75399
6.05014
0.516849
0.222201
0.333896
0.733902
3.74926
2.44447
0.46749
0.908414
2.36098
0.31538
0.454676
1.20383
0.83257
0.308357
0.370152
1.01306
0.58905
0.51257
0.679808
0.332192
0.435526
1.30115
4.19685
0.280924
0.26459
1.97141
0.401373
0.157445
0.194055
4.39582
0.449623
9.77866
5.13848
5.32553
0.700562
4.16855
1.05888
1.81842
0.464172
0.470982
0.991863
6.34976
0.156242
0.89741
3.6552
0.364131
1.74864
1.48756
1.14735
1.18385
0.271123
2.44969
0.636322
3.37477
0.426556
1.23304
3.46539
4.98694
4.46391
0.338881
4.25376
0.711411
0.0031484
2.81246
0.445683
5.55978
1.5191
0.342714
0.228423
0.635305
2.60797
1.91059
0.301117
1.86681
0.673394
0.388722
0.439833
3.58613
1.0705
0.438852
0.308375
3.25261
4.27764
0.676771
1.50176
0.894811
0.132466
0.482463
0.789165
1.45631
0.397303
2.50993
0.4482
1.38125
3.0038
0.439095
0.356577
7.31081
0.418179
4.74483
1.16949
0.34337
0.347166
10.2233
4.6506
2.68568
2.18717
1.49246
2.17366
0.261825
2.00885
0.446368
0.452533
1.9372
0.360695
0.425208
1.16291
4.54776
2.05534
0.994016
0.703225
0.249092
1.51315
4.1818
0.847786
2.1881
0.35683
0.726233
0.837034
4.36646
0.692185
2.49137
0.796503
2.54692
0.893435
4.07823
0.461272
2.46635
0.347326
0.675787
0.3391
4.2264
0.357183
10.2716
2.41414
0.175885
0.894802
6.26754
0.452098
0.574677
3.04823
0.135272
0.341324
4.04477
2.8292
0.465715
0.65709
1.71328
6.91089
3.61756
0.3298
0.991893
0.440157
1.32276
0.230563
3.62019
0.245876
1.25762
0.332318
0.34905
0.927779
1.83343
1.73026
0.617387
0.362676
0.676474
2.5379
0.279808
4.06196
0.583235
5.7218
5.9907
0.299496
0.225253
0.324008
3.64438
2.10496
1.07958
5.01397
1.63432
0.384368
0.305856
0.15016
1.02091
0.827834
3.80425
1.28121
2.04473
3.05909
1.26712
1.22219
0.346156
2.86814
3.11226
0.399442
2.05529
2.30112
0.116557
2.21427
0.293211
0.28417
3.06808
6.18581
1.09441
0.467655
0.4459
2.12641
3.76383
0.199159
0.239136
4.51249
8.24261
0.356464
1.05824
0.758584
4.51542
2.26687
0.377687
0.748813
1.31546
1.37857
9.40501
1.03206
4.96254
7.06986
0.501312
0.370736
2.38203
1.57426
0.914378
6.87432
3.98349
0.292975
2.2011
0.36847
0.486021
3.59643
0.363407
4.01275
0.46037
1.37368
2.61949
6.51428
2.47721
1.12457
0.225145
0.449422
0.465956
0.158329
0.605105
6.52347
0.415131
1.74179
0.63818
5.76135
0.451401
0.259878
0.701576
0.237176
0.880535
0.316641
1.2341
0.938818
1.00891
1.71818
6.33981
4.74414
0.715257
6.49309
0.698096
5.08405
4.69844
1.33241
4.2892
9.17557
0.440743
3.43011
0.489601
0.934389
0.0729515
0.312734
5.27986
0.263429
1.84238
2.02413
0.458977
4.78347
0.55915
1.29945
0.265176
6.27925
0.779645
0.346375
0.153509
0.399808
0.842556
0.371149
0.327841
0.320678
0.274016
0.362866
3.79555
0.245701
0.681931
0.559617
2.92924
0.467381
1.96983
4.3661
2.78515
1.85266
0.792645
0.57491
0.332642
0.332793
6.4179
0.716396
0.871539
3.90342
4.57305
0.218801
0.488609
0.506501
1.06753
6.45571
0.720156
0.444784
0.820999
4.28379
0.980504
0.732016
4.66238
0.411065
3.36508
6.34624
1.10248
2.34852
1.99845
0.829826
1.58728
1.13549
0.354574
0.45612
4.86876
1.65829
3.38488
0.974425
1.21426
2.18411
0.591051
0.287064
0.108877
3.7997
0.346162
4.14753
0.899449
1.2254
0.501709
4.89813
0.308901
1.11657
0.999674
0.379781
0.747091
3.14293
0.345484
0.787843
0.37092
1.19339
0.251218
0.568775
0.597144
0.225642
0.36148
0.144841
0.294211
0.275452
1.73923
3.35817
2.01106
2.30539
0.640932
1.85439
7.94701
0.828055
0.913971
1.31692
0.338827
0.636192
0.321761
0.432689
5.84197
8.46784
4.08289
0.441555
5.20953
1.4355
1.22585
1.13087
0.869986
0.204525
0.420517
1.28599
1.96804
4.7427
0.720051
1.96393
2.16763
0.940406
0.501902
1.02171
0.414653
1.07732
0.527701
1.70765
0.549872
1.15007
0.461142
0.800545
0.48172
0.286774
4.80994
4.19532
2.38991
9.4713
3.93031
0.900616
0.839458
0.462195
2.8524
0.447194
0.742425
3.78685
0.663085
0.186119
4.05833
0.637412
1.24222
3.96372
0.484889
1.78641
0.446028
0.436937
4.70196
1.03592
0.313826
4.06612
1.00064
1.30363
0.273866
1.31795
4.95034
2.17862
0.255897
0.388894
1.00022
1.20892
0.806524
0.760398
1.31163
4.83834
2.78954
3.64245
0.945854
2.94762
5.0183
0.488302
3.39968
0.455991
2.40784
5.06447
9.63087
3.38056
3.48662
1.03649
2.05098
1.35928
3.50424
3.93306
0.662623
0.312473
2.78812
0.341291
6.02488
1.23901
5.75453
0.516256
2.11869
3.89577
0.437842
2.62364
4.16172
4.54257
4.41069
0.886775
2.44654
4.79016
1.80144
1.99994
0.503423
6.04646
4.07365
4.14916
1.02132
1.09764
0.526563
0.146892
0.963386
1.23699
4.57915
0.376338
0.913166
4.48255
2.92338
1.73231
0.2988
3.39943
1.81056
0.327778
4.71728
1.67275
1.12127
3.97857
3.64743
0.727284
0.762635
1.79922
4.00974
0.992297
0.444764
0.479013
1.2506
0.170104
1.88503
0.617931
2.67654
0.208251
9.84692
0.594868
0.500016
6.20498
1.93848
0.0709564
0.19276
3.22371
1.60165
4.96899
1.25846
3.87099
1.65652
0.814529
0.613236
4.00385
1.47688
5.21324
4.6107
3.86142
5.52062
1.29828
1.10777
0.394339
0.466013
5.66179
0.175376
2.68716
0.196789
2.10252
0.121399
0.134203
0.994314
0.363976
0.4685
0.512296
1.15401
2.0084
0.426671
5.27291
4.67563
0.800066
3.24529
0.42422
4.55285
2.94105
0.473753
0.840203
0.213361
0.177212
0.751409
3.56756
0.166798
4.39682
2.21405
5.45442
0.241222
1.93637
1.45752
4.64248
1.88828
0.373964
0.810997
2.52176
2.79858
5.56126
0.463003
6.09516
0.100192
0.413647
6.38325
6.44611
0.181598
0.611043
0.457353
2.67517
2.79051
0.980976
0.998516
1.29219
0.208668
2.00798
0.363091
5.45355
0.426597
2.27934
19.0692
1.22839
4.28199
0.249156
0.155049
3.74602
2.03138
1.54641
0.777142
1.87885
2.19937
1.23243
1.98371
0.525559
4.29595
0.554511
0.703453
2.79901
0.16009
0.389745
2.28778
0.442163
5.33446
0.392883
4.98695
1.02723
0.983872
7.90954
0.454705
3.84472
1.22362
5.21498
1.13408
0.453816
1.55024
3.5096
4.85921
5.91254
1.01315
0.425956
0.602118
0.235257
0.618748
4.48579
4.3395
0.525599
0.486887
1.15119
1.46209
0.34907
2.2852
0.781306
0.240032
6.35806
6.5692
4.93371
1.09112
2.01775
5.04113
3.21959
0.252911
1.02135
0.427397
4.25619
0.329207
3.67465
0.250073
1.70772
1.47292
3.46928
4.58972
0.956182
6.39264
4.03979
2.4937
0.897251
1.6421
1.26265
0.189153
0.485359
0.48136
1.27178
1.26338
2.49237
2.93179
4.21934
0.497872
0.701483
0.690284
1.95498
4.26386
4.55083
0.799261
0.838785
0.206578
0.167016
1.463
0.713562
4.12023
1.32617
4.09024
1.67987
0.278567
2.6242
0.817555
2.55322
4.33792
6.73011
0.834994
2.34256
3.94562
0.323992
2.3248
2.58959
2.89946
0.476635
0.970027
0.706995
0.806675
0.347891
4.65763
6.71297
2.87561
0.877833
0.465532
0.466046
4.14578
8.4876
0.87992
0.502231
1.17643
1.38166
2.86053
0.258291
0.372821
1.38214
1.15371
0.181516
0.24171
1.15948
3.86247
3.54505
0.360195
2.87126
4.3843
1.71405
0.41657
0.760784
0.287942
3.74761
2.79333
2.62981
1.29366
0.380576
0.500608
0.669312
4.15446
3.34137
1.22409
5.01805
1.54128
4.89219
0.646082
0.554723
3.9416
0.423948
1.21692
0.353215
0.339905
0.301729
0.918671
2.35325
0.305117
3.98138
0.610454
8.99811
0.294757
0.290131
1.02081
4.18076
1.50467
0.474444
4.01353
3.73761
0.524374
6.57733
0.287526
0.259369
9.41827
0.4308
4.45118
0.97876
0.603567
5.6178
0.614987
0.486341
0.479783
1.03254
3.93165
6.04273
4.58445
0.185635
0.0822624
3.63169
3.94657
0.24319
1.18028
4.5047
1.1616
1.98747
0.435303
1.23787
3.93182
5.48036
1.53722
4.98135
3.44698
0.377676
1.72227
0.231842
1.73318
0.327204
0.729491
3.09346
0.88979
4.40637
3.60299
0.49638
8.15528
0.483985
0.402126
0.780799
1.22037
0.278713
2.64702
5.20391
0.426042
0.461015
0.351761
1.61145
5.05499
5.70321
0.539989
4.99382
1.42115
0.355836
0.46218
0.699941
0.141911
6.12264
2.00714
10.4016
0.360869
4.02326
5.65972
3.53069
3.38223
0.412224
4.26348
0.433286
2.66601
0.824402
0.824194
0.528904
1.0516
4.09334
0.329616
0.408073
2.32754
2.34458
4.37391
1.12117
1.37947
0.133571
0.138327
0.291336
0.364908
1.57002
4.33643
1.25749
5.23402
4.82018
2.08266
1.06389
3.48087
0.485159
0.293865
4.19512
5.67475
1.34342
0.212015
2.53452
0.230081
1.17868
0.371477
0.413606
2.47733
3.4148
0.320102
2.10226
7.60777
1.2733
0.140258
2.72496
0.710817
2.32299
1.22321
0.500401
0.790771
0.231571
1.69541
0.271447
0.877599
4.41969
4.46791
0.318506
0.359131
10.8495
1.07723
0.283401
1.36695
0.880947
0.441142
0.845242
3.0427
4.167
3.01004
1.05168
1.05204
2.53193
0.379364
2.17302
6.17629
0.269033
3.29564
0.255565
0.346026
1.4393
0.479326
0.365695
2.03512
2.18132
1.11534
2.78986
1.5746
0.451798
1.18546
0.346436
6.58286
4.07624
1.38067
5.97671
0.861808
1.2664
1.24371
1.52622
7.02818
1.2174
0.62587
0.271892
0.448314
2.75281
0.92736
0.382532
4.97361
0.4957
6.57215
3.41721
0.644228
0.68019
1.56886
0.439176
8.17404
2.45449
3.81889
4.57912
1.11594
0.66037
5.49564
3.65095
0.10862
4.99168
7.63632
9.7408
0.284262
2.62678
2.72328
0.347321
0.873668
1.03896
4.45838
0.519989
0.216354
0.953778
0.114274
1.85932
0.690656
0.379541
0.303847
0.506564
7.34033
1.79806
6.85727
3.98087
0.623257
0.351949
2.07036
0.455887
0.139006
1.18911
4.3959
0.742722
0.647841
1.82479
0.278306
3.64315
2.19989
1.19866
1.56916
2.34159
0.52193
1.11822
6.4895
1.23875
0.00575206
0.50302
0.569015
1.1953
0.306744
6.45531
5.00908
4.12056
1.22704
3.34222
8.95364
7.22758
1.86828
6.13487
0.455658
0.672315
7.47745
1.19354
2.4706
5.12777
2.59516
0.445526
0.492333
2.08312
1.74966
1.83712
3.1461
0.757896
1.18529
0.342711
0.443949
1.63253
0.387188
0.247999
4.60982
9.80814
2.04806
3.7096
4.29316
1.18345
0.480783
0.679088
0.613225
0.52213
2.6785
0.976026
0.870247
0.574458
0.915298
0.520723
4.15141
1.11197
2.41401
5.42831
1.08114
4.05721
1.59882
5.85045
6.14009
0.457634
1.8498
0.679989
6.03174
3.55375
1.77515
4.54115
6.90099
4.23083
2.32036
0.457485
2.23889
0.979107
0.614095
0.873941
1.60371
2.36444
4.88003
1.85353
0.431813
4.55573
0.435011
5.5141
0.08124
1.21508
0.240905
0.481609
0.725791
1.27756
0.428167
1.56735
0.438828
0.866937
0.973568
1.84582
0.739525
1.85735
1.17242
1.92165
1.1313
0.318283
0.916427
1.28346
0.844178
2.41602
5.99356
3.19161
1.66586
6.95891
2.05703
0.599053
0.447442
0.525672
2.15097
2.66419
0.488197
0.388537
5.1944
2.1126
3.44036
3.83001
2.34573
5.39093
4.46426
9.14207
0.726614
1.01948
3.37792
1.05988
1.12243
0.304464
4.16378
1.91429
4.6283
1.01546
6.37363
7.09487
0.364595
10.2465
2.36219
3.51733
2.78096
1.79771
4.59424
1.67452
0.332925
2.4455
0.58761
3.59717
0.173813
4.0559
3.42251
1.07063
1.02458
0.834356
1.95634
0.473111
5.9079
1.75419
2.02247
1.55077
2.89297
2.55438
2.56054
5.91038
4.53483
0.71236
0.846747
4.34811
2.8429
0.483454
0.37411
0.310307
0.492409
0.44415
6.83994
2.75451
1.83256
0.384604
2.6697
0.960478
1.8414
0.835507
0.427154
0.782776
0.252261
4.07479
6.04017
4.38288
0.844712
3.80537
2.25913
3.83382
0.244786
0.934112
8.13757
1.26748
3.49318
0.422487
1.21845
1.03458
0.500914
0.448808
0.343661
5.78931
0.304491
0.451268
4.30459
2.5368
0.887441
2.88368
1.46966
2.61214
1.15025
1.94
0.577094
0.448365
0.834718
0.403135
1.28962
0.684315
9.2431
2.83274
0.868393
0.00538992
0.445249
1.24973
0.121834
0.360145
5.37214
0.393771
2.97643
3.49019
2.63477
3.1345
0.355914
0.294097
4.55894
0.489211
1.34639
0.412404
2.12826
0.368029
1.81966
0.0250029
1.6452
1.49063
0.864308
0.518093
4.40924
4.26343
2.87083
0.38672
1.2826
2.30264
0.515678
1.38105
1.89295
2.17485
0.663838
0.498381
0.447436
3.72153
3.48514
0.464058
0.366016
3.76783
0.930194
1.2184
3.67207
6.43109
2.81794
5.12291
1.00537
0.445226
2.84962
1.74104
7.4984
0.77898
0.974665
3.21141
4.54513
0.312851
2.29362
0.37798
2.23199
3.58056
4.51138
4.68512
1.30287
0.965029
3.52718
0.272358
0.489315
0.20366
0.944767
0.379273
0.12632
1.8073
0.335109
0.476577
6.82411
7.28225
1.01412
0.658647
0.126583
0.712051
0.82658
0.453577
0.656754
0.972977
2.69004
0.416096
3.30122
2.25048
0.118023
0.362589
0.171437
2.65506
0.340908
0.467794
7.40959
0.440326
0.908801
5.69533
3.81701
7.091
1.17404
0.239818
7.23931
1.18493
1.43252
4.18807
0.570546
4.19478
5.95992
1.01437
0.408376
2.36417
4.709
2.3576
0.721498
1.10399
5.0902
4.41058
2.07289
0.0343635
1.87215
0.233139
0.308199
0.356381
0.919376
1.43312
0.367943
0.381252
0.970326
1.32523
0.189739
0.947581
5.61089
6.21197
1.96146
0.957729
0.375447
0.908533
9.95061
2.4922
4.61953
1.06596
7.04066
1.28826
4.85631
0.764817
0.150415
5.60533
0.918025
0.279655
0.773689
8.20655
0.245674
3.20383
2.06576
1.74581
3.77627
2.01603
1.35117
1.19019
9.47523
0.752755
0.12901
0.956519
0.0965506
2.0225
3.28989
0.403909
2.51616
0.206015
1.32997
0.489186
2.8874
1.06462
4.83985
7.82941
0.150885
4.07828
5.5962
0.453033
0.240153
5.84202
1.76101
0.290493
2.45556
4.89112
6.1469
3.57036
1.18313
1.51649
0.483695
7.47681
0.514325
0.9527
0.834505
3.33211
1.07842
0.761431
2.7318
2.91379
0.811621
2.44301
0.293344
1.97228
0.44012
0.119059
2.56846
6.02266
1.86491
0.829313
0.456829
0.245937
0.663894
5.49024
1.94508
2.71023
0.340147
0.387127
1.28548
1.16781
0.384552
5.3249
4.52373
4.74031
1.84421
4.20833
3.62179
0.728048
1.71964
0.708392
3.88956
1.20543
0.0973882
1.17975
0.429929
2.22341
0.818602
2.29321
1.51408
2.65285
0.944489
0.281063
1.13755
3.87551
3.71765
4.30633
3.98551
0.311985
4.33715
1.23069
1.12466
3.50394
2.23939
1.08867
4.35278
1.16405
0.488446
2.02808
0.459189
0.676794
0.1534
4.80714
0.521377
0.268768
4.98799
0.248924
0.350999
5.37396
8.63954
0.476705
3.38164
0.0952209
0.342279
0.297189
0.403292
0.397925
1.07254
2.68294
0.791895
0.659554
0.266875
1.18544
4.48
1.16739
2.54657
0.445378
3.83384
5.13277
1.04901
3.82813
0.455397
3.8304
2.72608
1.56833
5.05233
0.460769
8.41677
1.35002
5.45329
0.858266
0.342897
0.28547
1.39719
0.197748
1.10653
3.23818
1.04133
0.41882
0.625769
4.11515
2.90844
2.68095
4.64636
1.24072
1.2775
0.389934
5.25323
2.18334
5.92631
0.546228
1.13317
2.54388
2.07619
5.52754
2.41109
1.05626
0.391142
2.21851
4.43329
0.276979
3.68832
0.904241
6.26069
0.398476
1.06928
6.6993
0.612586
3.42324
0.271298
0.379844
2.34236
3.18843
2.02883
0.632957
1.13333
2.45146
0.950847
1.26439
0.885195
0.178538
0.407202
5.62656
6.70939
1.00999
6.75603
0.286949
5.24357
1.12526
0.322433
1.87224
1.45685
0.327763
4.06622
0.33694
0.827955
3.54461
0.781769
0.881923
2.61815
2.62679
0.428528
0.653037
1.1878
1.17256
2.16847
0.996078
3.96892
3.60477
1.52371
0.792181
2.41264
4.09307
1.22001
1.34819
0.55595
2.4384
0.311316
4.89023
0.119292
0.48235
1.48957
0.881186
2.83128
2.44442
6.24651
0.264905
1.26517
3.41617
0.48811
8.29363
6.36146
0.374132
2.66841
2.04882
0.286624
4.86565
8.7664
4.39516
0.352874
2.40991
0.97761
0.299907
4.24834
6.31469
6.14769
2.78104
0.802003
0.331056
0.39501
0.448349
3.42533
0.396869
1.03067
1.98096
8.18016
0.610438
4.09713
0.359277
1.49523
5.76426
5.95262
0.363339
1.34213
0.220917
1.26734
0.920716
4.44328
0.449814
1.31773
0.448936
0.373045
0.966807
1.59339
0.377255
0.390333
0.452276
2.17268
3.46228
3.79587
4.32053
0.377659
2.97351
0.396889
7.33263
5.03516
2.32747
10.04
0.582764
0.352675
3.05273
0.713652
0.831073
0.15127
0.474544
1.03892
0.457526
0.43991
2.21962
4.81153
0.493048
4.98434
7.77168
0.331255
0.289177
0.792784
0.416842
3.44838
3.1525
2.4271
1.60794
7.0162
0.325483
0.469261
0.119586
1.30277
0.8383
6.17267
2.06714
0.428633
4.21424
1.25529
4.83815
2.51307
3.84694
7.74535
0.132862
1.83689
2.86783
2.44915
7.54899
1.07441
3.7061
1.14472
2.23954
0.906927
5.87529
0.480775
0.431016
5.01229
0.410752
5.55978
0.321673
4.94164
6.79788
1.64941
1.17923
0.824305
3.94705
1.21661
0.370284
0.446556
4.90317
9.31105
4.38044
0.326597
4.31628
0.266529
6.05415
7.73095
1.18278
2.90676
3.65403
8.96068
3.01372
1.29533
0.186779
5.66786
0.785497
0.768733
8.04391
0.0396963
1.72852
0.417497
5.96405
1.15508
2.55505
2.03195
4.95972
6.52055
4.88281
0.480208
0.457518
0.477301
3.93656
4.50918
0.735739
0.494633
3.38562
4.84956
1.81379
4.27164
0.85743
2.25001
1.49982
2.29389
5.00521
1.17609
0.288953
0.450044
2.67513
0.713586
0.611365
0.317661
4.59255
5.46794
4.30678
0.325398
0.312351
1.5752
1.47699
4.19308
2.22328
1.51894
0.494403
0.385142
1.09242
2.18708
0.992595
4.3913
0.535192
0.366881
5.43095
2.47389
5.29168
1.13906
4.70719
1.28229
0.664701
4.66528
0.371043
2.66176
2.0465
4.45217
1.74705
1.10215
2.09146
6.0864
4.21099
1.145
5.10154
2.2631
5.55964
1.16215
0.435317
4.26649
1.29996
5.54711
0.460263
1.08871
1.01427
2.62962
0.470337
3.48853
0.554533
3.82733
1.29517
0.933153
0.398027
4.56238
0.479176
5.42711
0.41392
1.26118
0.72179
0.4803
10.3148
0.465747
0.560904
0.146728
5.56341
6.57449
2.86149
1.9482
6.16123
0.3269
5.94637
0.370942
6.48282
6.62017
1.79668
0.36995
1.58038
0.291872
6.31967
4.79249
0.7778
2.55535
3.82299
3.75127
2.75299
0.109705
0.411974
0.499586
1.10831
2.32082
0.28815
3.95322
0.539276
3.79664
2.77261
2.46236
3.70715
0.515096
1.79306
1.61439
1.42223
0.073429
0.899005
0.462209
1.18373
1.31948
1.87196
7.70953
1.2938
1.76918
0.835667
0.959219
0.975693
2.61961
0.786167
0.845552
6.11196
2.05445
0.808135
1.02249
2.51328
7.07443
6.4735
3.98183
0.437017
0.854535
0.761119
1.33483
5.9094
0.395325
0.842296
0.849859
0.489477
3.49478
1.56476
1.71318
3.55279
1.54853
4.60511
0.852168
0.263608
4.99661
0.160461
4.30182
6.60747
5.75791
2.18267
0.427255
1.15708
9.78385
3.44846
0.12722
1.30226
0.361365
0.316535
4.024
0.34489
1.40073
4.13619
1.66062
1.95399
3.17192
4.45083
0.329929
3.84781
4.10027
0.684668
0.376808
0.28853
1.15183
3.6342
3.96463
2.99094
4.02563
0.366858
4.22949
2.9211
0.700584
3.97595
2.13832
0.833654
4.44763
0.185047
0.514597
0.406083
1.13777
1.94357
1.27109
2.3092
0.966286
0.830116
0.883577
0.318401
3.81086
0.441488
1.45778
9.34733
0.0850385
0.253439
3.56393
1.93131
6.34411
0.288948
1.86749
0.490582
8.83173
6.90176
1.00613
2.12192
4.80689
0.59982
8.55133
5.80969
0.437034
0.478961
0.94655
1.00852
4.28106
5.70221
0.418552
2.94248
10.6172
0.105716
0.853743
1.81537
0.590407
0.760758
2.66221
6.96926
5.4913
3.14967
0.641937
0.405382
2.80868
6.08571
1.1439
1.66418
1.11676
0.627752
0.452545
6.66056
6.41142
0.703359
3.08658
0.334166
2.66337
1.4991
1.24871
2.98145
0.299492
3.00374
3.74858
0.83407
0.486495
0.29722
5.68311
1.25365
0.549603
3.62262
1.67979
0.880347
0.498134
3.7359
1.47236
3.17651
5.67023
1.29941
0.430897
1.82617
4.03545
4.41194
1.13921
0.374972
2.41327
1.08771
0.497761
7.56643
1.09381
2.98589
1.13129
0.930761
5.00566
0.545463
0.924337
1.15156
6.65216
0.472179
1.76985
0.49922
0.724574
2.10911
3.9308
1.42507
4.99777
4.89096
9.66235
0.15528
1.62503
0.533286
0.310133
0.849414
7.53426
3.7679
0.514503
5.60154
7.73456
5.91938
1.34063
0.425886
0.33914
0.799739
2.77493
3.96293
0.467966
5.25848
3.32095
4.02794
0.534688
0.808263
1.31027
5.80621
1.1249
0.257945
5.60925
2.04569
0.449696
6.62699
7.08087
5.06773
0.386039
0.26281
0.413813
2.53269
2.24774
1.30686
1.13809
3.41443
1.90943
9.32263
2.01724
1.16153
2.86029
0.577455
10.8107
1.52141
2.68996
0.474073
0.791155
1.33055
0.493974
0.484054
3.94826
0.837998
0.157559
0.446659
0.240237
0.938616
0.45212
0.738283
0.122552
0.178914
6.01965
5.66399
7.19308
2.78354
6.36746
4.03506
1.40469
6.18612
0.820857
0.990497
0.671265
1.79764
2.1779
3.69907
1.80515
1.32131
4.26444
3.25405
1.83565
4.70028
0.41996
5.41796
6.288
3.85791
1.09709
2.4921
1.17747
2.86724
1.04376
2.42029
4.09963
8.36991
3.13058
0.47653
0.250921
1.18304
2.74553
1.18169
0.975987
1.28995
0.609325
2.03908
1.88216
0.258653
0.270481
1.04085
4.52182
0.370476
2.61042
0.397228
9.14008
10.8226
4.62981
2.20896
1.29025
0.407623
0.422096
4.36269
0.65772
0.239734
4.55966
4.04822
0.172468
0.337696
0.968521
0.437367
2.76634
4.0379
1.1414
1.23984
1.65939
3.95633
0.424118
1.17282
3.17505
2.48112
5.8497
0.841653
2.66873
4.95531
1.46192
0.572218
1.19848
1.14988
0.243456
1.32897
2.35936
2.43292
5.42605
1.23935
0.438462
1.39412
2.57081
1.7413
0.753113
0.391765
5.26678
0.744057
4.65034
3.92807
0.376245
5.9125
0.379572
2.34052
0.43377
5.80394
4.65812
1.69626
1.21786
1.32069
0.45266
0.348911
0.268595
4.85397
3.47569
3.41547
0.426446
3.55343
4.40782
0.092577
1.26641
0.886596
2.45255
1.81611
0.290946
4.13625
0.581057
0.396494
0.69059
0.355894
0.401182
0.324093
0.55976
0.218745
0.907131
1.16938
0.428469
3.15762
2.68096
1.27904
8.04479
0.475429
0.628087
6.93248
2.66349
0.870744
0.471626
0.495269
2.18139
1.14761
0.603541
1.65626
5.54505
0.0764665
0.888596
2.53477
2.22644
3.85532
1.41351
6.1479
1.14883
0.458959
0.500244
3.74131
0.0783349
6.00034
4.20368
1.61558
2.35741
7.54903
0.988962
1.58821
1.75468
2.57813
1.84673
2.91153
1.99799
1.52334
2.66613
0.408928
2.15595
9.15422
0.0824701
3.03486
2.23874
1.33233
0.292431
1.31899
1.31974
4.50474
0.145064
0.31404
0.843185
6.80088
3.80723
3.64395
4.72947
10.2613
6.55775
7.05136
4.97891
0.453787
0.162008
4.37247
3.11792
6.63964
2.76109
0.189664
0.450753
0.484861
0.456585
8.55015
1.61292
1.31303
0.142292
3.02512
0.464551
0.330397
0.420749
0.852068
0.970808
0.12985
0.441681
0.430339
1.34937
1.10808
2.13817
5.07274
1.72436
1.18998
0.130396
4.30688
5.41326
0.461944
2.34788
2.39162
0.484398
0.494739
0.293176
0.3814
2.3649
4.61894
1.3179
0.287841
0.442095
10.3685
1.00875
4.83748
1.36189
0.622532
0.435895
4.63202
3.90116
0.391079
0.729215
0.530208
0.458391
3.14115
0.277584
0.901796
1.15722
0.451123
0.332452
1.44385
9.50145
0.363501
2.12446
7.19885
7.70145
0.303976
1.88834
0.479234
2.57027
0.373226
1.38686
0.846772
4.87661
6.26931
2.11604
0.887789
6.06289
6.76158
0.446489
0.0404683
1.69542
0.775525
5.00686
0.447298
1.06633
0.31019
2.79822
0.879443
5.53636
0.408014
0.560763
4.12001
0.405668
2.13355
1.40279
1.22774
0.324616
4.31746
1.56719
66.0221
4.36193
2.69605
0.337652
0.225623
0.296309
0.499244
1.13886
3.69044
0.235722
3.03665
1.17654
0.366876
2.99266
3.90071
0.361202
0.963039
0.388134
5.34455
5.38246
0.453163
0.807599
4.17658
5.56572
1.52689
0.382141
6.26008
3.88961
3.85656
2.72547
1.28412
2.41219
3.61421
10.6844
1.24883
4.60961
1.62088
2.49957
0.122618
1.30558
0.45282
0.441755
1.43747
2.26942
5.61092
6.82937
6.72465
6.28626
1.99796
0.291927
8.86999
1.21383
8.50481
3.83549
0.773657
0.177251
7.73012
1.53176
1.17043
1.14812
0.603562
0.128115
0.651695
0.174588
0.0964278
4.25057
0.872894
0.843422
0.365839
1.42512
1.06929
0.617869
1.24675
0.417707
4.1995
2.4938
0.0658031
1.21572
3.86538
1.03696
6.16089
0.310646
0.308232
0.464351
0.293983
1.60601
1.80469
3.89194
1.16145
0.481504
3.91754
1.67672
1.23325
0.452982
2.67683
1.33385
1.91933
2.09191
0.354313
1.01498
0.369365
0.45323
0.646855
1.30676
0.451026
0.866171
0.223964
0.00390611
7.91445
0.264807
0.315438
6.1779
5.67789
1.60814
1.13486
6.15536
0.298075
2.92452
0.738238
0.326319
7.88836
1.55183
0.155467
1.58629
3.79693
1.18374
1.65409
1.9089
1.30954
5.57296
1.01946
0.11683
0.417836
0.264729
5.6147
0.149165
1.34217
2.12935
1.04786
6.11821
7.55474
4.01162
1.21246
1.15535
1.02502
0.295134
1.33105
1.25807
0.505207
0.616271
1.73111
3.23215
0.737045
1.53865
4.0666
4.98838
4.70627
2.36415
0.281356
6.15097
3.56194
0.155045
1.32352
1.26602
0.257821
0.380583
4.13342
6.67582
2.28172
2.31944
2.50903
0.261411
1.55622
0.239606
0.296703
1.30029
3.1169
0.461484
6.05183
6.08766
1.29906
10.6911
0.449574
1.07484
1.21742
0.374769
0.345594
2.6352
0.392465
5.49786
6.31156
1.60356
2.34178
1.78383
0.721242
0.446208
0.855402
4.75293
8.42893
0.640001
4.50193
0.415677
0.433976
0.536833
4.89536
0.47652
1.27974
5.58647
0.409259
2.40158
0.417729
0.24735
0.696233
1.11359
0.428471
3.74955
6.2725
0.451572
0.231604
0.315239
0.422999
0.492012
2.07431
1.12829
1.33282
0.624612
10.1697
0.972292
0.159292
5.62782
0.688628
10.0653
1.31007
0.700458
4.09225
1.71425
2.3224
0.0362518
2.30323
4.96303
5.90119
0.395535
2.19982
0.459658
1.01671
7.4219
0.403543
7.27824
0.236927
1.24594
1.52194
2.13537
0.217231
0.438748
0.589832
2.47403
4.08021
0.12712
0.450924
1.20957
1.27784
2.29993
0.546093
0.445586
4.43306
0.89183
6.40835
0.967732
4.97732
0.871494
0.450921
1.52813
5.3162
0.439001
0.658065
0.417265
0.724245
0.376517
4.38108
8.95266
6.95623
3.16019
6.79336
7.43182
4.94179
0.734212
0.298467
1.26051
0.585701
0.495674
2.92686
0.0111897
5.51802
2.42804
0.799738
0.11967
4.32629
1.11197
0.271955
2.46283
0.257271
4.71148
0.744707
3.99701
3.09943
0.48176
5.10369
5.20341
2.2165
0.946122
2.83793
0.273388
1.47044
2.0501
1.95339
4.49975
0.45363
0.319599
0.382918
10.5578
1.30198
4.15109
0.305493
1.15109
3.97692
10.7844
1.81621
4.05856
0.224105
0.894569
2.37759
3.05504
1.40646
4.91886
1.95158
0.219868
0.412899
5.46801
4.1268
0.455906
3.36593
3.86507
0.267493
1.61456
1.14379
2.34083
0.370311
0.26278
0.797298
0.442948
5.08713
1.44172
0.666152
0.840269
2.68434
4.48129
3.31837
10.0527
2.43051
5.79132
3.54546
10.8283
0.77468
4.9966
3.71174
3.32979
2.27614
1.45381
1.75909
0.340914
0.333475
7.38209
1.14853
0.259667
4.50892
1.27336
0.403375
0.338898
0.266983
4.34733
6.48875
3.21785
1.43961
1.62454
0.298624
0.312228
0.490015
0.466803
1.36717
9.63089
0.148028
0.825511
3.22418
1.70291
1.52317
0.858701
2.22199
2.35222
0.849675
0.29895
0.302734
0.362161
0.320012
0.419302
0.457344
2.1593
1.24236
5.88734
4.81661
3.9783
1.31725
0.829133
1.35611
1.66552
4.65111
1.38251
4.80397
0.702747
0.322873
1.16428
2.01505
1.33724
5.54963
6.13297
7.2985
4.68465
5.34761
2.33097
1.08255
4.37829
0.621782
1.0235
0.328866
4.98387
2.60143
2.15802
4.51924
0.380525
4.33926
2.89808
1.1415
3.74724
9.83553
2.38842
4.08032
2.68963
1.21523
8.62596
1.88428
0.491506
0.374317
5.59002
0.114644
0.841569
1.03522
0.956262
0.43465
0.315113
1.39022
3.88768
0.11083
1.83595
0.132607
0.273874
0.459639
0.769062
3.05523
4.24297
2.31426
0.0504735
0.465321
0.901156
2.70906
1.25936
4.91544
0.868597
0.303149
0.322196
2.69159
0.498949
2.29066
0.402839
6.23166
0.875098
9.70554
1.89013
4.66183
0.433857
0.8559
1.22451
0.460419
1.23604
0.236739
0.502888
1.4421
0.473586
4.27098
1.22571
0.471566
2.30851
9.39897
2.74091
0.436626
2.07489
9.72509
7.02353
0.441747
1.59535
1.73889
3.01105
4.92314
3.99908
2.37083
4.48517
2.44447
4.81916
0.432533
1.33596
0.79865
0.455565
3.55275
0.471493
2.44087
0.286015
6.44861
0.324375
1.96858
1.47066
4.01732
6.19559
4.33116
3.65188
2.56756
1.53002
0.359934
0.420771
3.90331
0.368929
1.66189
1.50573
5.72841
3.81622
0.627581
4.60507
0.477004
1.68638
2.41651
0.870285
0.0957756
2.52893
8.59021
0.419207
3.94954
1.14906
1.20578
5.61512
1.37737
0.37996
4.32045
6.24298
0.754207
0.314606
0.450177
2.61784
10.6744
0.432211
4.19944
5.38621
2.23249
1.34912
1.01499
5.44053
3.07169
5.34661
2.41411
0.949325
1.1678
2.83974
2.37303
1.29628
0.421564
4.5158
0.552429
5.80445
4.10789
0.336833
0.429892
4.07101
4.51912
2.37671
6.53912
0.599957
4.08936
0.118643
1.52134
0.423523
4.14414
4.18123
1.06584
2.95678
10.5717
0.50657
0.878862
0.439108
1.91612
3.72233
0.425809
0.445156
1.40977
0.351311
0.262012
0.911683
8.41984
1.01149
3.9702
0.24839
4.24228
2.5966
0.483165
0.427978
3.32486
9.59286
1.64672
1.15172
4.02296
4.82781
1.3595
0.37419
0.450512
1.19168
2.66215
3.96333
1.1546
0.446973
4.10394
2.08356
2.99857
3.94313
0.449599
0.298264
3.99078
10.8289
0.638181
5.07182
0.472236
1.15532
10.7334
5.9827
1.38212
0.463353
1.11871
2.51111
4.00758
0.46563
0.37817
1.33517
0.432953
0.324337
0.385349
3.97321
10.4143
1.36805
1.88793
2.5715
0.248147
8.83419
3.84184
0.287171
1.12195
2.96126
2.52268
0.409029
4.1107
0.289393
2.70217
9.22232
1.73085
0.428954
1.04716
1.30985
10.3281
8.93314
5.12395
1.14765
2.77664
0.99381
0.371038
0.474249
4.19843
4.00701
10.3075
2.42545
0.659746
1.33887
1.17041
1.15074
0.389437
0.758023
1.16376
9.58192
10.5563
9.58762
10.6648
0.38695
1.32001
2.86063
0.489907
3.94033
1.14272
0.476074
0.141235
0.111527
0.268938
1.15219
1.76377
2.75256
6.11813
2.52565
1.1127
0.449442
1.11789
4.30782
8.72462
10.6378
1.0343
0.477483
0.663292
1.27639
1.52736
1.59491
1.26014
10.5839
2.51724
0.436101
2.20325
0.291766
2.4203
9.96185
0.441076
0.438474
0.425703
1.68079
1.91991
3.6102
10.5533
2.4688
4.04577
9.31835
1.13728
10.7089
2.63563
4.39264
1.07974
0.47132
1.16589
0.444127
1.4812
2.57719
1.13978
2.43006
10.2153
1.19543
1.17172
1.37891
0.996532
10.6714
0.448491
1.01452
0.46366
0.473486
1.35567
0.460975
0.458477
0.453007
0.456431
1.25848
1.13917
1.0579
1.09865
1.03246
1.35829
1.08721
0.435068
)
;

boundaryField
{
    back
    {
        type            empty;
    }
    front
    {
        type            empty;
    }
    outlet
    {
        type            zeroGradient;
    }
    circle
    {
        type            fixedValue;
        value           uniform 0;
    }
    walls
    {
        type            fixedValue;
        value           uniform 0;
    }
    inlet
    {
        type            fixedValue;
        value           uniform 0;
    }
}


// ************************************************************************* //
