/*--------------------------------*- C++ -*----------------------------------*\
  =========                 |
  \\      /  F ield         | OpenFOAM: The Open Source CFD Toolbox
   \\    /   O peration     | Website:  https://openfoam.org
    \\  /    A nd           | Version:  10
     \\/     M anipulation  |
\*---------------------------------------------------------------------------*/
FoamFile
{
    format      ascii;
    class       volScalarField;
    location    "750";
    object      k;
}
// * * * * * * * * * * * * * * * * * * * * * * * * * * * * * * * * * * * * * //

dimensions      [0 2 -2 0 0 0 0];

internalField   nonuniform List<scalar> 
10435
(
0.900251
1.00338
0.930867
1.20431
1.5247
1.56999
0.887197
0.857153
0.822507
1.33178
1.15786
1.37459
1.06414
0.689696
0.706667
0.955759
0.674455
1.28264
0.806527
0.947554
0.892734
1.17157
0.998415
1.1349
1.23514
0.378732
0.504978
0.949396
0.450207
1.32349
1.24741
1.23921
0.843324
0.441608
0.988087
0.812281
1.0523
0.533593
0.288152
0.917037
1.44612
0.917435
0.562026
1.0847
1.11226
1.03841
1.5126
0.536746
0.769582
1.13686
0.888949
1.44618
0.280403
0.389395
0.30963
0.417661
1.10412
0.546774
0.595641
1.02461
0.305014
0.934426
0.531891
1.49749
1.05695
0.992922
0.544824
0.591801
0.863958
1.20766
0.385926
0.464865
0.419899
1.01092
0.728662
0.555944
1.25401
0.872112
0.817292
0.694751
1.2365
0.813529
0.273045
0.393181
1.26835
0.809974
0.883056
1.1022
0.757813
0.933359
1.16656
1.23658
0.856028
0.792469
0.986389
0.75878
1.29353
0.720864
0.624713
1.37928
0.738312
1.62255
0.835498
1.04246
1.64594
1.14464
0.902995
1.19155
1.28324
0.716935
1.07598
1.5726
0.775866
0.743928
1.33442
1.11307
1.41049
0.860611
1.10106
1.36879
1.41977
0.469181
0.914492
0.591778
1.31129
0.343421
1.3385
0.501044
1.46647
0.523673
0.546487
1.21613
0.92514
0.675586
0.499645
0.255714
0.686477
1.25842
1.03485
1.05424
0.998756
1.16779
0.508085
1.41437
1.22536
0.659913
0.635777
1.53119
0.671101
1.37932
0.488294
1.16762
0.927264
1.36119
1.4489
0.434076
1.40616
0.972608
1.40183
1.03031
1.2785
0.658299
1.24817
1.3246
0.753372
1.46649
0.860527
1.33494
1.30309
1.46835
1.30773
0.363322
0.45746
0.682894
1.33345
0.94765
0.870579
0.633977
1.01447
0.484002
1.07782
1.61172
1.38719
0.32651
1.22627
0.489191
0.49715
0.873414
1.56191
1.42796
1.40486
0.268579
0.502064
0.742639
1.49738
0.868211
0.628466
0.764042
0.59289
1.0048
0.762827
0.525174
0.997736
0.546625
0.970641
1.37236
1.17241
1.30284
0.534638
1.2697
0.434488
0.959594
1.43324
1.33751
0.49483
0.684537
0.782119
0.325217
0.382389
0.642185
0.455997
0.65127
0.549374
0.653457
0.413533
0.954402
0.331975
0.727656
1.34054
0.573206
0.625985
0.90322
0.355577
1.22093
0.54507
0.657596
1.1676
0.412714
1.22541
1.25005
1.02891
0.37502
0.343445
0.412199
1.31387
0.820697
0.710543
0.84914
0.362936
0.872801
0.366071
0.797472
1.13802
1.30305
0.855785
1.51453
0.328155
0.860571
0.399134
0.523249
0.866887
1.34257
0.374145
1.29196
0.816655
0.628374
0.976515
1.11749
0.302038
1.4239
0.87554
0.832671
0.846618
1.14284
0.411971
1.38519
0.525138
1.46669
0.907507
0.82389
1.17637
0.626652
0.884305
0.70657
0.836455
0.291892
1.57556
0.309269
0.395636
0.460529
0.668693
1.12094
0.524592
0.838822
0.293048
0.381287
0.641817
0.856408
1.39481
1.17136
0.601528
1.26546
0.894096
0.397752
1.31889
0.701346
0.658989
1.26297
1.09181
0.39469
0.9563
0.492109
0.804595
1.5669
0.876949
0.385197
0.33931
1.34838
0.601703
1.35791
1.64549
0.497247
0.880281
0.264241
0.8121
1.03685
0.444757
0.91002
0.590636
0.54045
0.932454
0.478116
0.390728
0.897117
1.31247
0.558756
0.389062
0.374767
0.406435
0.440222
0.469129
0.450904
0.299446
0.457327
0.439929
0.477622
0.568001
0.55072
0.260132
0.798023
0.392771
1.0685
0.489888
0.935472
0.798005
0.742839
1.03569
1.05241
0.402307
0.422278
0.381456
0.350726
0.426628
0.29564
0.480704
0.487984
0.569401
1.34151
0.47721
0.787805
0.329373
0.509
1.06746
0.711772
0.296565
0.505654
0.527529
0.527704
0.421995
0.408626
0.596029
0.318869
0.823948
0.567143
0.843599
0.782578
0.969985
1.00935
0.766758
0.919012
0.927946
0.602309
0.420849
0.433766
0.39141
0.903647
0.413725
1.09184
0.579633
0.49652
0.521471
0.506002
0.360243
0.909181
0.528626
0.835259
1.29145
0.366384
0.435351
0.551773
0.734889
0.557859
0.456892
0.395437
0.422577
0.562562
0.464617
0.928969
0.38724
0.440422
0.460337
0.445733
1.17285
0.302997
0.26625
0.674185
0.413488
0.0826764
0.0802865
0.077188
0.0736582
0.0699533
0.0659072
0.0615052
0.0566396
0.0512334
0.0838809
0.0811758
0.0777527
0.0740245
0.0701453
0.0660481
0.0616852
0.0570347
0.0521377
0.0847532
0.0816979
0.0779833
0.074067
0.0700522
0.0658959
0.0615639
0.0570721
0.0525212
0.0854211
0.0820081
0.0780217
0.0739331
0.0697977
0.0655834
0.0612703
0.0568891
0.0525399
0.0859767
0.0822456
0.0780038
0.0737495
0.0694978
0.0652228
0.0609123
0.0565978
0.0523524
0.0865333
0.0825455
0.0780579
0.0736343
0.0692605
0.0649157
0.0605915
0.0563169
0.0521541
0.0872717
0.0830425
0.0783005
0.0736938
0.0691854
0.0647587
0.0604071
0.0561619
0.0520888
0.0884828
0.0838609
0.0788306
0.0740198
0.0693627
0.0648401
0.0604468
0.0562192
0.0522303
0.0903116
0.0850733
0.0797257
0.0746942
0.0698767
0.0652431
0.0607891
0.0565519
0.0526064
0.0925958
0.0866819
0.0810463
0.0757965
0.0708131
0.066054
0.0615167
0.0572355
0.0532745
0.0950045
0.0886485
0.0828472
0.0774131
0.0722686
0.0673721
0.0627295
0.058375
0.054366
0.0971753
0.0909676
0.0852089
0.0796552
0.074364
0.0693226
0.0645561
0.0601063
0.0560394
0.0987143
0.0938026
0.0883035
0.0826935
0.077265
0.0720672
0.0671547
0.0625824
0.0584324
0.101753
0.0978094
0.0924905
0.0867953
0.0812005
0.0758141
0.0707176
0.0659808
0.0617005
0.107637
0.103693
0.0982114
0.09229
0.0864474
0.0808096
0.0754681
0.0704991
0.0659938
0.116939
0.111882
0.105807
0.0994719
0.0932713
0.0873004
0.0816421
0.0763747
0.0715875
0.129099
0.12228
0.11536
0.108493
0.10185
0.0954756
0.0894329
0.0838023
0.0786869
0.142161
0.134243
0.126665
0.119318
0.112235
0.105437
0.0989717
0.0929168
0.0873836
0.155332
0.147255
0.139445
0.131822
0.124405
0.117237
0.110368
0.103871
0.0978512
0.168858
0.161299
0.153627
0.145958
0.138371
0.130954
0.123763
0.116874
0.110397
0.183528
0.176758
0.169403
0.161845
0.154256
0.146746
0.139369
0.132182
0.125293
0.200259
0.194159
0.187087
0.179704
0.172264
0.164848
0.157479
0.150174
0.143021
0.220064
0.213992
0.206968
0.19976
0.192619
0.185522
0.178427
0.171282
0.164161
0.243973
0.236524
0.229138
0.222116
0.215464
0.20897
0.202489
0.195867
0.189154
0.272518
0.261456
0.253463
0.246794
0.240917
0.235361
0.229903
0.224288
0.217847
0.125674
0.125491
0.126133
0.12761
0.129927
0.133067
0.137004
0.141691
0.147081
0.153103
0.159686
0.166747
0.174188
0.181917
0.189817
0.197773
0.205656
0.213329
0.22065
0.227479
0.233665
0.239045
0.243389
0.246284
0.247697
0.247892
0.246937
0.244716
0.241167
0.236626
0.231211
0.224957
0.217914
0.210231
0.20205
0.193512
0.18476
0.175931
0.167159
0.158566
0.150252
0.142293
0.13472
0.127546
0.120798
0.114515
0.108738
0.103514
0.0988796
0.0948655
0.0914771
0.0886949
0.0864825
0.0847858
0.0835522
0.0827279
0.082269
0.0821376
0.0823031
0.128701
0.128834
0.129754
0.131478
0.134009
0.137332
0.141418
0.146223
0.15169
0.157742
0.164285
0.171203
0.178351
0.185651
0.193018
0.200359
0.207569
0.214538
0.221151
0.227288
0.232828
0.237641
0.241581
0.244463
0.246118
0.246451
0.245445
0.243156
0.239725
0.235308
0.23
0.223867
0.216986
0.209455
0.201391
0.19292
0.184171
0.175274
0.166352
0.15752
0.148878
0.140508
0.132477
0.124846
0.117687
0.11108
0.105097
0.0998102
0.0952441
0.091379
0.0881675
0.0855572
0.0834917
0.0819128
0.0807661
0.0799979
0.0795595
0.0794143
0.0795273
0.129879
0.130259
0.131343
0.133136
0.135632
0.138811
0.142645
0.147094
0.152109
0.157637
0.16361
0.169954
0.176583
0.183404
0.190324
0.197243
0.204057
0.21066
0.216938
0.222775
0.228045
0.232616
0.236339
0.239059
0.240648
0.241026
0.240166
0.238092
0.234886
0.23066
0.225515
0.219538
0.212817
0.205449
0.197543
0.189213
0.180578
0.171756
0.162862
0.154005
0.145285
0.136798
0.128637
0.120896
0.113672
0.107059
0.101134
0.0959473
0.0915108
0.0877981
0.0847567
0.0823132
0.0803919
0.0789257
0.0778526
0.0771202
0.0766858
0.0765177
0.0765853
0.126514
0.126899
0.127958
0.129691
0.132085
0.135118
0.138753
0.14295
0.147661
0.15283
0.158399
0.164301
0.170466
0.176817
0.183273
0.189746
0.196142
0.202362
0.208296
0.213829
0.218838
0.223193
0.226758
0.229398
0.230997
0.231473
0.230786
0.228947
0.226011
0.222059
0.217183
0.211475
0.205029
0.197943
0.190321
0.182272
0.173904
0.165328
0.156654
0.147987
0.139434
0.131099
0.123091
0.115517
0.108484
0.102083
0.096387
0.0914321
0.087219
0.0837136
0.0808603
0.0785837
0.0768021
0.0754397
0.0744339
0.0737362
0.0733092
0.0731263
0.0731632
0.120348
0.120707
0.121708
0.123349
0.125617
0.128487
0.131925
0.135887
0.140325
0.145187
0.150414
0.155948
0.161724
0.167674
0.173725
0.179797
0.185806
0.191656
0.197246
0.202467
0.207202
0.211328
0.214721
0.217262
0.218847
0.219402
0.218882
0.217285
0.214642
0.211012
0.206472
0.201106
0.195009
0.18828
0.181019
0.173331
0.165323
0.1571
0.148771
0.140443
0.132227
0.124233
0.116574
0.10936
0.102691
0.0966533
0.0913027
0.0866644
0.0827287
0.0794565
0.0767882
0.074653
0.0729784
0.0716972
0.0707512
0.0700933
0.0696871
0.0695068
0.0695284
0.111659
0.111912
0.11278
0.114263
0.116348
0.119011
0.122217
0.125924
0.130085
0.134647
0.139555
0.144752
0.150178
0.155768
0.161454
0.167162
0.172813
0.178317
0.183581
0.188504
0.192977
0.196886
0.200119
0.202568
0.204139
0.204762
0.204394
0.203023
0.200668
0.197373
0.193201
0.188231
0.182553
0.176265
0.169465
0.162256
0.15474
0.147019
0.139202
0.131395
0.123706
0.116241
0.109107
0.102407
0.0962318
0.0906528
0.0857167
0.0814395
0.0778076
0.074782
0.0723062
0.0703157
0.0687451
0.0675395
0.0666489
0.0660304
0.0656481
0.065478
0.0654985
0.100969
0.101091
0.101794
0.103081
0.104941
0.107353
0.110286
0.113701
0.117553
0.121792
0.126366
0.131221
0.136298
0.141537
0.146874
0.152238
0.157554
0.162737
0.1677
0.172345
0.176572
0.180277
0.183358
0.185718
0.187269
0.187948
0.187715
0.186556
0.18448
0.181519
0.177733
0.173192
0.167988
0.16222
0.155979
0.149369
0.142484
0.135423
0.128293
0.121192
0.114213
0.107452
0.100999
0.0949417
0.0893569
0.0843018
0.079815
0.0759096
0.072575
0.0697801
0.0674791
0.0656183
0.0641437
0.0630049
0.0621584
0.0615679
0.0612049
0.0610477
0.0610756
0.0880006
0.0879235
0.0883933
0.0894179
0.0909926
0.0931012
0.0957165
0.0988039
0.102321
0.106221
0.110457
0.114972
0.11971
0.124613
0.129621
0.134674
0.139703
0.144617
0.149333
0.153749
0.157769
0.161294
0.164245
0.16654
0.168084
0.16883
0.168738
0.167798
0.166001
0.163376
0.159985
0.155898
0.151225
0.146064
0.140486
0.1346
0.128497
0.122261
0.116004
0.109792
0.1037
0.0977994
0.0921588
0.0868472
0.0819268
0.0774371
0.0734186
0.0698806
0.0668212
0.0642237
0.0620602
0.060295
0.058888
0.0578013
0.0569996
0.0564511
0.0561292
0.0560137
0.0560831
0.0720548
0.0716683
0.0718043
0.0724886
0.0737275
0.0755054
0.0777892
0.0805258
0.0837159
0.0873546
0.0913236
0.0955681
0.100016
0.1046
0.109307
0.114075
0.118899
0.123729
0.128359
0.132637
0.136492
0.13986
0.142711
0.144964
0.146553
0.147419
0.14753
0.146865
0.145375
0.143065
0.140062
0.136456
0.132377
0.127924
0.123159
0.118086
0.112836
0.107657
0.102502
0.0973476
0.0922971
0.0873956
0.0826751
0.0781713
0.073923
0.0700015
0.0664363
0.0632724
0.0604952
0.0580567
0.0559555
0.0542046
0.0528031
0.0517305
0.0509521
0.0504484
0.0501963
0.0501721
0.0503501
0.397628
0.367757
0.341566
0.31727
0.294166
0.272067
0.250994
0.231071
0.212367
0.194916
0.179604
0.167179
0.157749
0.150851
0.145259
0.140366
0.136195
0.132819
0.130437
0.129202
0.128927
0.129095
0.129169
0.128597
0.126727
0.377578
0.358071
0.335922
0.313122
0.290475
0.268403
0.247212
0.227121
0.208337
0.191184
0.176125
0.163457
0.153191
0.145094
0.138768
0.1339
0.130311
0.127891
0.126567
0.12625
0.126773
0.127844
0.129072
0.129949
0.129751
0.373304
0.352889
0.33075
0.307915
0.285065
0.262704
0.241224
0.220931
0.202128
0.185139
0.170232
0.157533
0.147024
0.13858
0.132029
0.127208
0.123965
0.122144
0.121576
0.122071
0.123414
0.125317
0.1274
0.129184
0.130068
0.371814
0.348747
0.325207
0.301535
0.278135
0.255397
0.233678
0.2133
0.194563
0.177733
0.162985
0.150378
0.13988
0.131415
0.124891
0.120209
0.117243
0.115832
0.115759
0.11679
0.118659
0.121042
0.123528
0.125615
0.126668
0.37058
0.3449
0.319542
0.294643
0.270447
0.247225
0.225257
0.204815
0.186148
0.169461
0.15487
0.142403
0.132024
0.123674
0.117283
0.112773
0.110025
0.108881
0.109099
0.110418
0.112524
0.11505
0.117559
0.119566
0.12055
0.368566
0.340537
0.313308
0.287075
0.262012
0.238285
0.216075
0.195579
0.176986
0.160439
0.14602
0.133734
0.123541
0.115379
0.109178
0.104852
0.102275
0.101284
0.101627
0.103018
0.105119
0.107537
0.109828
0.111524
0.112139
0.366051
0.335585
0.306378
0.27876
0.252829
0.228616
0.20618
0.18564
0.167121
0.15072
0.13649
0.124425
0.11447
0.106545
0.100563
0.0964167
0.0939661
0.0930359
0.0933665
0.0946603
0.0965581
0.0986568
0.100512
0.101697
0.101784
0.363449
0.329896
0.298512
0.269528
0.242808
0.218181
0.19556
0.174988
0.156551
0.140304
0.126282
0.114472
0.104811
0.0971676
0.0914276
0.0874562
0.0850886
0.084136
0.0843414
0.0853948
0.0869188
0.0885072
0.0897093
0.0901137
0.0893545
0.360132
0.322945
0.289353
0.259181
0.231867
0.206964
0.184242
0.163636
0.145268
0.129187
0.115372
0.103854
0.0945744
0.0872608
0.0817846
0.0779853
0.075651
0.0745913
0.074573
0.075278
0.0762745
0.0771829
0.0774736
0.0765896
0.0742914
1.12223
1.09422
3.23604
0.262909
0.037324
0.0445614
0.914389
0.019687
3.56874
0.0441265
2.98659
0.032539
0.392904
0.0253981
1.14805
0.0589998
5.13609
0.244547
0.043818
0.626705
0.233559
0.0615577
3.24321
0.104916
0.017554
0.0228796
0.0176661
0.162165
1.18825
3.96558
0.0462655
0.0285402
2.95495
0.511772
3.60004
0.0309839
0.978884
1.15645
1.07709
0.0561437
3.20868
0.00430919
0.0420907
0.437205
0.160172
0.0992839
3.90813
4.01163
1.47119
1.99995
3.71525
2.47618
0.29804
0.229193
0.869432
3.33079
0.0226475
0.261396
0.0179451
2.00078
0.0444083
3.09195
0.0362948
0.0648756
0.0200594
0.408789
0.0467941
0.208755
0.41007
1.79177
3.16425
0.079722
0.0248062
0.665614
0.0181623
0.232005
0.79402
3.80161
0.0132632
0.21234
0.47012
0.0645786
0.0224509
3.00138
0.0388626
0.0471233
0.0237117
3.68556
2.94583
0.0797921
0.107029
0.0575356
0.0544645
0.0341611
0.0272483
2.99841
0.0228644
3.21775
0.0105848
1.92397
0.093463
3.2036
0.104043
0.0854814
0.0181127
0.149143
3.28991
0.452026
0.0193224
4.05115
0.0590964
0.0261591
3.46004
0.0833439
0.287241
1.46306
2.5127
0.0536772
0.340021
0.0178487
0.000717999
0.0251221
0.103738
0.0173657
3.03428
0.0397174
2.54301
0.460544
0.0130567
4.01061
0.0215086
0.665314
1.80462
0.923613
0.228656
0.0237104
0.152019
0.0662998
0.0405617
0.650612
0.0735133
0.986919
2.16178
0.0012974
1.311
0.0746956
0.291358
0.407423
0.0578541
3.89745
0.24416
0.0252334
0.286694
1.40727
0.0186934
2.9306
0.0194344
0.0532377
1.06826
0.0343443
0.0433335
3.4004
0.0448071
3.34929
0.052405
3.41794
0.027591
0.017791
0.0901286
0.0198623
0.022771
0.0708442
0.216908
3.16816
0.0506507
0.162347
0.494589
1.52734
1.48652
0.0737349
0.732763
0.0269871
0.309373
0.741525
0.365005
0.012419
3.60662
0.019764
2.26504
0.0491635
3.28922
2.05767
0.88174
0.944643
1.23244
2.51308
0.0180104
0.0593619
1.39351
1.01988
0.498
0.113181
0.0590923
0.0518449
0.133679
0.0440138
0.0481293
0.101214
1.62297
0.0509074
0.017866
0.0339319
0.721625
0.12181
0.327014
3.62392
0.0263587
0.0134677
0.114977
0.107464
0.0680519
0.0047288
0.0188001
2.51327
0.0805989
2.59782
0.0741583
5.11119
0.0177121
0.0263632
2.79222
0.0314543
0.0259928
0.0171144
1.05512
0.0453409
1.12455
0.103293
0.783363
1.4622
0.0450417
0.0442575
0.0478017
0.289601
0.0241688
0.0232376
0.0297785
0.221004
0.0572619
0.0340201
0.015995
0.176402
0.0436702
1.5107
0.0192694
0.0178057
3.46672
0.816112
1.09226
0.0441768
0.210327
0.0135344
0.0356984
0.0183461
0.689576
0.0170768
0.0419596
0.325939
0.900964
0.0178057
0.277075
0.944878
0.01302
0.0128098
0.044644
0.332252
0.0504016
4.68365
0.0249904
2.67175
0.477976
0.265591
0.182319
0.0977057
1.45274
0.0471555
0.157074
0.128848
3.58013
3.48208
1.30653
0.0486083
0.00296996
3.73417
0.783045
3.56759
3.42148
0.0541106
0.036138
1.55234
2.34599
0.0444533
0.0566479
0.0562067
3.48104
0.0443216
0.226588
0.04589
0.649331
0.0625218
0.081996
0.0704074
2.58657
0.0128204
0.0123634
0.950442
4.12275
0.0441262
0.0175534
1.09061
1.03065
0.0332507
0.058297
0.0451149
0.0245241
0.0169866
2.44949
0.464545
0.0539794
0.266269
0.0516332
1.21506
0.0548751
0.0447294
3.36191
0.0509662
0.0260537
0.023844
0.00772874
0.206414
0.0349386
0.0312495
1.53132
0.0677852
0.689291
0.0258862
0.047136
0.0189107
0.0229458
3.82857
0.592807
0.0544265
0.0081452
1.06303
3.74799
0.0735192
1.20299
0.421911
0.045709
4.06226
1.67272
3.22532
0.0269716
2.53086
0.00351514
0.0224303
0.0781486
4.13032
0.0335093
2.16485
0.0809335
1.39355
1.22104
3.91695
0.394127
0.0165795
0.017779
0.0611096
0.0309963
0.0444625
3.40198
0.0634462
3.06123
0.489131
0.449194
0.990955
0.0551352
0.619977
2.92608
3.30368
0.503229
0.0432494
0.139425
3.11955
0.693509
0.043674
0.0429386
3.01882
0.0523978
1.23341
0.019966
0.0428304
0.0382081
1.69604
0.029591
0.000238014
1.00962
0.14956
0.580034
0.0442544
1.56291
0.0341987
1.48906
0.038946
0.0291532
0.0421587
1.45801
3.82957
0.0410631
0.0562971
0.0559918
0.0330923
0.0839015
0.115197
0.0827738
3.14468
0.00481153
0.0686464
0.0465104
0.029149
0.0478544
0.0178777
0.0827031
0.0136323
1.2007
0.0727609
0.0594324
0.0025601
0.0190845
0.0472937
0.0341239
1.47159
3.69483
0.48875
0.426754
1.30639
0.121611
1.47801
0.0173844
0.0129576
3.82639
0.0387885
0.0433181
1.48218
0.0691027
1.72858
3.8959
0.0469507
0.111667
0.519856
0.0503745
0.350101
1.45537
0.669989
2.79139
0.0209511
0.0204658
2.80186
0.0325327
2.97155
0.20251
0.0211822
3.25183
0.046384
0.017327
0.452268
0.0764034
0.0193069
0.438536
0.365416
0.332384
1.07733
0.00144101
0.0313296
2.92739
0.0323831
0.062534
0.0917848
1.78293
0.0739961
1.18434
0.0490857
0.0174926
2.9644
0.0320729
0.0233095
1.15353
0.0446548
0.0528826
2.0881
0.0435121
1.23684
0.0358591
0.234057
0.471083
0.561372
0.0495203
0.048222
1.0039
0.0283447
0.0569321
0.514726
0.0496029
0.0718475
0.0119215
4.11451
3.47158
1.46428
0.0167122
0.313719
0.054848
3.46747
0.634726
0.463273
0.511271
0.100659
2.98883
3.29466
0.0438863
0.0837571
0.165933
0.0773587
0.393423
2.32153
0.019001
0.578566
0.0427965
1.58067
1.48147
0.0526084
1.05472
4.494
0.0592198
3.35776
0.00992678
2.09808
0.0338652
0.0546062
0.0442177
4.90687
1.02864
1.06901
0.0130338
1.56687
1.493
4.15498
0.0185166
0.0657627
0.366589
1.74036
0.0475553
0.918286
0.043873
0.41265
4.16979
0.043638
0.314571
0.0164424
0.0293107
0.23939
2.68362
0.109266
1.0555
0.0216301
0.0350389
3.55308
4.03765
1.79581
0.0668009
0.252521
0.653961
0.308458
0.10915
0.0561559
0.0196278
3.05386
0.0577397
0.0439497
1.16898
0.100921
0.0633341
0.0515843
0.0616802
1.27752
0.070668
0.0169983
0.46345
1.47853
0.0331854
0.0268083
1.5776
0.156981
0.00417488
0.0666257
0.441687
0.0206942
0.0494198
0.0430696
0.115673
0.0368591
0.0448669
1.07251
0.0227364
0.0854918
0.126644
0.283983
0.0203267
0.0470596
1.90551
0.0751792
0.019947
0.0327508
0.0631219
0.0424341
0.0253987
1.82085
4.36447
0.146159
3.01039
0.0199116
0.0178265
0.0201315
0.0090794
0.0749756
0.0172647
0.292762
0.0782011
0.0188384
0.0221402
1.06657
0.301803
0.037491
0.399307
0.0566012
0.0416272
0.0159637
0.12429
0.564047
1.76172
1.27553
1.09204
0.0104483
0.044297
0.00694759
0.105783
0.0428773
4.05722
0.0459031
0.226201
0.0289451
1.85158
0.182404
2.94003
0.00201108
0.0204752
0.0189521
3.35571
1.68127
0.322137
0.300007
0.0241466
0.0456215
0.0360476
2.17273
0.00249197
0.0281112
0.973741
0.029202
0.0835651
0.0442142
0.0121839
0.291478
0.0650085
0.0230654
0.0404236
0.048385
0.0595738
1.36692
3.40218
0.0292856
1.05671
0.0412582
2.98199
0.0199619
0.066587
0.0343474
0.0202819
1.17717
0.0424235
0.0592638
0.0182688
0.192374
0.0205679
0.0947723
0.0807161
2.70468
1.07882
0.228071
3.80919
1.19843
1.86604
3.51995
0.0442281
0.0196357
0.0203648
0.000513592
0.0460733
0.466859
0.0680423
0.0281175
0.377084
0.0507865
0.0460076
0.293111
0.0370404
0.0468114
0.0207948
0.228602
0.511689
3.41078
0.0452874
1.64721
0.78924
1.47828
0.235592
3.36483
3.57972
0.384446
0.0124569
0.0546263
0.00116375
0.168189
0.0398317
0.700051
1.46337
0.0620517
1.0234
0.504116
0.0183278
0.0205537
0.0343995
4.28149
1.64433
0.0249582
0.924956
1.3888
0.337282
1.96661
3.28507e-05
0.0322305
0.307809
0.0026736
1.37789
0.608159
3.24981
1.3267
0.0177598
1.34325
0.0165122
0.00224789
0.315923
0.058402
0.0759959
0.0327515
0.0405641
0.409395
0.0551717
0.0163616
0.0449117
0.0442426
0.273984
0.0542999
2.27789
1.16763
0.0602068
0.553545
0.0698603
0.664746
0.049493
0.0566372
0.0802386
0.325788
0.291325
0.00341967
0.0779175
3.85002
1.47163
0.72872
0.0426008
0.434494
0.678268
1.28022
1.53025
0.940052
0.0465478
0.0712833
3.23356
0.00924722
0.0196843
0.127069
2.55157
3.18706
0.0262557
0.0328271
2.00803
0.0195343
2.1082
1.81192
0.0756001
0.0257746
4.67567
1.34227
1.68781
0.048818
0.0289024
0.00815497
0.40054
0.997313
0.0401179
0.0194099
0.0250105
0.704887
0.0383062
0.310859
1.63261
0.0451753
0.0333955
0.872651
0.0465107
0.319112
0.0264226
0.297824
0.0458962
0.0187975
0.671836
0.0760935
0.0634281
0.0517358
0.19695
0.314564
3.50024
0.0151143
0.0423666
0.0385517
1.07577
0.657658
2.43561
0.0161082
0.487347
1.18601
0.00145843
0.0175089
0.030999
2.82031
0.0481684
0.780603
0.0683303
0.00296032
0.879625
0.051014
0.512253
0.504726
0.37357
2.29945
2.57486
4.23724
0.0468141
2.90402
1.00806
0.0769811
0.884214
0.0286923
0.0307381
0.57021
0.041183
0.100114
0.24555
1.65135
0.0133233
0.0103623
2.68006
0.0364473
0.0580208
1.05863
1.44398
1.03431
0.0585349
0.150174
3.82839
3.30135
0.80532
0.313312
1.98128
0.0500434
0.0126752
0.39701
1.48305
0.0465066
0.214267
0.0303317
1.64543
0.0734945
0.637314
1.64222
0.00215484
0.0296691
0.0597817
1.44474
1.06825
1.84448
1.38736
0.106918
0.182421
0.281882
0.109742
1.41506
0.251808
0.0284306
0.0491278
0.0402581
0.0101554
0.471343
3.01248
0.0257465
1.55057
0.0859213
1.13117
0.0515528
0.0287336
0.0190751
2.54769
1.9055
0.14807
0.292163
0.0263242
0.0179651
1.26819
0.0469437
1.18134
0.96397
3.67361
0.0257373
0.188351
1.2756
0.0590351
0.096222
0.0571754
3.61881
0.0520311
0.0812088
1.10656
1.05773
0.0202955
0.107991
0.0451243
0.0760609
0.0215451
0.0202209
0.273841
0.0163058
0.176592
1.48473
0.648818
2.58088
0.044957
0.156813
0.462737
0.0101123
1.27485
0.0376902
0.0445558
3.54629
0.0669626
0.27834
0.0484902
0.0179036
1.57494
0.0455179
0.18186
0.0111885
0.854436
0.971475
2.55528
0.0185531
0.849088
0.0273835
0.233854
0.0602623
1.7473
0.804064
0.168165
4.52506
0.0341556
3.87451
0.0364868
1.49283
0.0636638
0.0197713
0.0515077
0.675857
1.18592
0.0197712
0.0587057
0.611727
0.0270659
0.0612167
0.0185289
0.00996701
0.0554481
3.96516
0.0848739
0.0427973
1.36228
0.18598
4.22804
0.0100364
0.0685887
0.0247024
0.0598356
0.103357
0.0331857
3.31298
0.0647235
0.418502
0.0288081
0.114579
0.460026
1.58354
0.048387
0.05524
0.0621441
0.0983141
0.0340576
0.227419
3.26076
0.225278
0.263066
0.024671
1.30259
3.53574
0.148997
0.54998
0.0623978
1.47755
3.24648
4.05184
0.0370246
0.038512
0.12618
1.88114
0.110053
1.91718
0.0762771
0.295495
1.60973
0.0148544
0.0596598
0.0539656
0.0463145
0.0469327
0.0367801
1.40242
0.0443128
2.65784
0.0463413
0.0268909
0.0159308
0.0437206
0.308731
0.0293262
0.679195
0.537027
0.0340174
0.079545
1.44145
2.88326
0.0282213
0.037863
0.0790158
0.2424
0.198271
0.141257
2.4701
0.0217376
0.0484601
0.353207
0.0339846
0.12819
1.29563
0.0270808
0.022746
0.00347401
0.0435425
0.705053
1.23172
0.815457
0.0502048
0.130604
0.0465727
2.97047
3.12272
0.0463815
0.0473707
1.04505
0.0464138
0.0213985
1.4558
1.3415
0.0525765
0.0480476
0.016426
0.268209
1.55118
0.0266011
0.013825
1.58102
1.5833
0.00139143
0.0255628
0.0221553
0.0865064
0.270408
0.330804
0.0362437
1.24585
0.0400006
0.0746199
0.0299627
0.289069
0.0238019
3.51262
1.46506
3.76354
1.51211
0.896605
0.307662
0.0290039
2.60649
0.330413
0.0208338
0.133052
0.0281987
0.114639
0.0384026
0.0313763
0.0178406
2.06137
0.0175534
0.169612
1.26764
0.0442737
0.157744
0.242244
4.03895
0.0100054
3.67376
3.19903
0.0493689
0.0204143
0.134358
0.184105
0.113781
0.814407
1.52578
0.0765393
0.0183596
0.0475709
0.784915
3.02105
0.0704014
0.0701329
0.0178641
0.025289
0.0549939
0.202113
0.0468111
0.0586661
0.0733897
1.66361
0.0558229
0.147509
5.49397
0.0501734
0.177176
0.125008
0.485212
0.183738
0.19721
0.343497
0.044075
0.698934
1.5506
0.0330248
0.478945
1.1508
0.043889
0.0674188
0.0787826
1.02899
0.0279116
0.423168
0.0569566
1.27995
1.89096
0.486815
1.59028
0.067348
0.0524711
0.633623
0.775478
0.0657837
0.0838556
0.0323943
3.08438
0.0791895
0.159367
0.0198447
0.0988215
0.382502
0.0264205
0.0232985
0.0263172
1.90316
0.583136
0.0427675
0.0989583
0.0435965
0.0343041
0.0433933
1.52253
0.0910533
0.597489
2.60955
0.383839
0.00115543
0.874441
1.20939
0.653035
1.56015
0.0594268
0.752073
2.44037
1.7422
0.00803467
1.55491
0.046481
3.86559
0.136216
0.0467421
0.425932
1.07446
3.51376
0.617441
0.150671
0.0431265
0.878786
2.01916
0.116757
2.48569
0.0965246
0.648526
0.0522163
1.77285
0.142734
0.018382
0.0445342
0.565881
0.019819
0.0452967
0.623686
0.0302597
1.41466
0.014085
0.0548159
1.23081
0.833704
0.0729278
0.323382
1.23128
0.103262
0.34276
0.142347
0.0599094
0.204672
0.01903
1.71254
0.531227
0.011845
3.43862
0.0552338
0.257664
0.129556
0.0727239
0.0222457
0.237098
0.55765
0.972613
0.0191786
3.24823
0.0269331
0.339241
3.38243
0.216542
0.0897475
0.932369
0.0685813
0.0338756
0.00129769
1.10311
2.12642
0.0391766
2.7359
0.147006
0.0453077
0.880042
0.0560486
0.0338143
0.45691
0.085699
0.0326903
0.0866121
0.0250505
0.0602519
0.0918028
1.92991
1.90167
0.0927472
0.0487455
0.0185665
0.491858
3.29041
0.0324383
0.0140152
0.143774
2.80018
0.0148963
0.735767
0.441366
0.0199438
0.309754
2.68539
0.0299321
0.113337
0.0432613
0.156453
0.0294679
0.031427
0.0753061
0.232274
2.02065
0.0114366
2.54831
0.0194279
3.09545
0.0570999
0.886101
0.259468
0.668977
1.60726
0.0553581
0.355478
0.100797
0.0763097
0.0793111
1.66248
1.54958
0.0601227
0.0505795
0.261168
0.0810579
0.034612
0.0138968
3.59857
1.77475
0.520538
2.66737
0.0922124
0.0206757
0.545696
0.110823
1.5389
0.0101742
0.0678733
0.018275
0.0534402
0.0353888
0.0503352
0.0415112
0.202207
3.26135
1.84008
0.0495861
0.160226
0.357368
3.21577
0.0376503
3.54928
1.51771
1.94904
0.0736067
0.540987
0.0216883
0.0943414
0.0716627
0.0648548
0.0449625
1.46112
3.3961
0.0817828
0.15208
0.62708
0.171913
1.86179
4.10009
0.0492086
0.0129728
0.0516938
0.132411
0.614318
0.018246
1.72573
0.486745
0.0634906
0.0605705
0.0882838
0.293132
0.0969491
0.0210913
0.0580123
0.0299811
0.0804465
0.362429
0.0891921
3.78545
0.0673294
0.0465021
0.158163
0.0523864
0.0287598
2.7912
1.92036
0.0466472
1.99795
0.045213
0.878076
0.0741682
0.100715
0.0291336
0.0217262
1.67932
0.0575046
0.0793234
0.934391
1.3344
0.0440866
0.0480316
0.0433614
0.0871378
1.12135
0.0230723
0.0399128
2.84584
0.0414911
0.0459281
0.0746609
2.80597
0.0451142
1.95521
1.55295
0.0168423
1.09104
0.0795351
0.0104019
3.30263
0.254463
0.0445617
3.79506e-05
0.310483
0.0636032
0.108601
0.0190572
1.1233
4.80984
0.042395
0.0173504
1.4593
0.0630861
0.641779
0.714917
0.0566182
0.46812
3.28018
0.043605
0.560226
0.0589612
0.0668204
0.0939622
0.0335083
1.86505
1.46073
0.0561043
0.0467786
2.22276
0.0544479
0.0981904
0.0666005
0.465597
0.922135
0.0201272
0.0320701
0.0473988
0.0320879
0.020134
0.00108327
0.0440069
0.0948163
3.99309
0.325799
0.0373085
0.769401
0.0695487
0.628486
3.4921
0.746953
1.58408
0.0443086
0.000768422
0.327995
0.0971409
0.0523888
1.52595
0.0588076
1.208
1.84507
0.352393
0.0724392
4.36699
0.0204843
1.89543
0.0376635
0.0380581
1.10026
0.188107
0.628649
0.0492348
0.0344138
0.0127896
0.0789085
1.21667
0.662439
0.0624955
1.40538
0.247886
1.86881
0.0144101
3.21248
0.0558402
0.0449599
0.203658
0.0540237
0.273528
1.68268
0.346944
0.0224615
1.7322
1.21877
0.0975016
0.650338
0.380645
0.00889666
0.267321
1.78297
0.0453331
0.0264997
0.034758
2.51476
0.0355673
0.00986566
1.13829
0.332562
0.10156
3.31108
0.572063
0.135008
0.133782
0.941983
0.0594111
0.309969
0.0235228
0.0578559
0.0317239
3.6623
0.0585076
0.729266
1.94509
0.0175971
0.551796
4.88062
0.0618794
3.01104
0.0293403
0.281131
0.0916082
0.0167221
0.0714285
0.0462375
0.0210192
0.0648223
0.052526
0.0431791
0.0420345
1.68567
0.337471
0.0458295
0.26647
0.0307772
0.0387302
0.0260137
0.055005
0.0650177
1.34406
0.00962043
1.10814
1.94505
1.28627
0.824896
0.078736
0.0783585
3.53148
0.0352783
0.421421
0.054325
0.0270816
0.0974698
3.36478
0.062428
0.0420492
0.0305778
0.116085
0.0519438
1.23943
0.3172
0.908505
1.80662
0.0345505
0.0245342
0.311437
0.0470947
0.0582642
0.0174294
0.078029
0.0210885
0.0436648
0.0750803
0.00966273
0.7619
2.05476
0.819409
0.0615585
0.04496
0.602477
1.87678
1.61604
0.0212217
0.0421963
0.427849
0.0274405
0.0192588
0.0526144
1.44961
0.447329
0.0274596
0.0324091
0.0630831
0.017925
1.92716
0.0234905
0.0578948
0.0568681
0.0523015
1.72719
0.052462
1.4016
0.0363609
0.0503298
0.0174942
0.01806
1.78239
0.193438
0.0238634
2.74514
0.406184
0.341971
0.0139294
0.0360077
0.973096
3.14892
3.3033
0.027638
0.566338
0.0504295
0.0459087
3.83975
1.54111
0.0174958
0.0145236
0.704341
1.12789
0.0440398
0.0192542
1.67471
0.0312174
0.0636539
0.0904737
0.0560656
0.323459
0.0502188
0.0467238
0.0541912
1.50083
0.0431923
0.0210995
0.0328391
0.0726108
0.0822042
0.0641872
0.260485
0.495008
0.385828
0.0696871
0.065478
0.0445269
0.0154722
0.0518873
0.0370682
0.319881
0.0494379
0.0583005
0.105637
0.412117
0.0214982
0.0176505
0.0517227
3.59926
0.047841
0.55142
0.010388
0.0492762
0.00290914
0.0545196
0.0550621
3.11487
0.0632771
0.0241159
0.199091
0.04373
1.2225
0.0412128
0.0302688
2.80721
2.24227
0.019091
1.74537
0.043676
0.714033
8.71512e-06
1.8799
0.0199787
1.02112
0.0351897
2.01249
0.303203
0.855604
3.58527
4.32841
0.0220229
2.63052
0.0185724
0.0185869
0.0348902
1.92201
0.0917028
0.019759
0.373528
2.89822
1.45481
0.101665
3.00655
0.0179071
0.0883442
0.0320058
0.24585
0.0701659
1.4687
0.0437929
0.0581743
0.0470575
0.0102238
0.0908036
1.94203
0.0262097
0.0488361
3.93588
0.326358
0.0192767
0.0985275
1.74625
0.0690958
0.049449
2.31349
0.10335
2.10978
0.947748
0.0329481
0.231831
0.54388
0.0226393
0.0850474
0.0257836
0.0189573
0.0975343
0.0737247
2.04874
0.0214019
0.668251
0.0943268
0.0305835
1.77961
0.714386
0.0281032
0.0432016
0.0177189
0.018749
0.01951
0.541793
1.10525
0.0272361
0.0406669
0.0480774
0.831133
0.0593866
0.577102
0.066451
0.0258008
0.0762362
0.0846647
0.949577
0.0515105
0.357588
0.846021
0.000146704
1.1159
0.0671624
0.508433
0.260573
0.0364964
0.0368788
0.0766393
0.0211441
0.0741696
0.918239
3.86784
2.91834
1.64178
0.416864
0.000914852
0.0192097
1.02058
0.0219343
1.06467
3.68748
0.0512559
3.04008
0.522134
2.91384
0.0578191
0.0222194
0.0372009
0.0435574
1.74066
0.0296418
2.03953
0.140951
0.0600878
0.0162588
3.68262
0.883917
0.0475948
0.0179244
0.0913914
0.0732706
0.0392412
0.400539
0.498333
0.021546
0.0196353
3.28777
0.0413486
0.80766
0.0746034
0.0431557
0.0979988
1.71389
0.00238449
0.0237647
0.0263802
0.0248868
0.101679
0.0190526
1.86568
0.17137
0.0220105
0.0610073
0.0205541
0.433025
0.115625
0.017914
1.32582
1.81159
0.0366454
0.585505
0.0431022
1.45158
0.282133
0.0802435
0.0805638
0.0390045
0.0163812
0.0226009
0.353819
0.371944
0.0485314
0.137263
1.09261
1.58452
1.13206
0.798576
0.0826826
0.0593282
3.1975
0.0440033
0.0319463
0.0192681
0.102139
0.704608
3.5227
0.081774
0.472693
0.066916
0.339847
4.1123
1.63113
2.41353
1.58001
0.356385
0.0600181
0.0739228
0.0374156
0.254395
1.25768
0.0184056
0.394911
0.0215883
3.6327
0.0492392
0.988777
2.83723
1.85216
0.0302417
0.887576
0.16997
3.05127
1.94302
0.0117484
0.0179275
0.0244203
0.0487908
0.0213048
1.08899
0.0499898
0.00285473
0.758444
0.0229974
0.0263086
0.35364
0.0794378
0.072905
0.588575
3.23151
0.173074
0.926749
0.0208291
0.0489213
0.0264812
1.99211
0.906081
2.004
0.0338194
0.0315266
0.0811658
1.64332
0.189236
0.371481
0.0382331
3.62486
0.0177243
0.0127253
0.330605
0.00212496
0.0364228
0.0443374
0.347079
0.036021
0.0771594
3.48618
0.0708362
0.0262928
3.11028
0.0298491
0.917789
0.923066
0.0126514
1.33592
0.0478655
3.1869
0.0489414
0.785313
0.0417843
0.00768629
0.041799
0.0499489
0.0428262
0.058
0.0552129
0.305418
0.0178729
0.030337
0.0698115
2.84895
0.0469488
0.105604
0.0797863
3.07169
0.0310955
2.42199
1.50463
0.0438505
0.239359
0.777795
0.67088
0.724501
0.935814
0.00936667
0.0386072
0.964554
3.37876
3.66213
0.870484
0.0965171
0.0223076
0.221724
0.0128913
0.102035
0.0148856
0.0932264
0.0310604
0.047947
0.714846
0.046849
2.81307
0.0430826
0.0173009
5.23372
0.0132103
0.290371
0.0138866
0.0209052
0.0286104
0.0227151
0.0147711
0.0216232
1.38085
0.316237
0.020153
1.03014
2.82698
1.26966
0.0147634
0.204334
1.79574
2.84984
1.65374
1.92766
1.6303
0.0146981
0.00310974
0.0651766
0.282857
0.555657
2.81227
0.032965
0.015643
0.0679166
0.0499176
0.849266
0.0549664
0.379546
0.0403014
0.018187
0.0137701
1.91162
0.0176077
0.577884
2.89439
0.196085
0.207827
0.0697953
0.0498336
0.0233248
0.01987
1.01682
0.054514
0.0532532
0.133559
0.0779715
0.0679295
1.98823
0.561652
0.981974
1.36356
2.63145
1.61531
0.154794
0.053838
2.38436
0.107056
0.0526259
0.342742
0.0576621
0.0831438
0.0390356
5.19393
2.82264
0.0217771
0.0430931
0.0368328
3.71149
0.0231277
2.89599
2.49569
0.643555
1.96741
2.11298
0.85089
3.14866
0.909538
1.08176
0.539935
0.645055
1.85743
0.586001
0.0524469
3.05901
0.0432739
2.88997
0.0248524
3.0649
0.0676719
0.0269976
1.4715
0.92557
1.2819
0.0128313
0.8738
0.0564038
0.051921
0.0117713
0.0193433
0.034539
0.0347819
0.0187274
0.0491631
0.257391
0.0588225
0.027553
0.0448089
0.0264379
1.68452
0.0289127
1.39665
3.16638
0.0728112
0.543793
0.0560946
0.760991
1.15806
0.356838
2.63687
1.55288
3.15329
0.75815
0.0437644
0.0437718
0.0136078
0.0307061
0.0321664
0.0242465
0.0879683
0.441947
0.642551
0.964608
0.528092
0.0449692
0.0634025
0.0726271
0.0802939
0.0422613
0.18541
0.0504561
0.119801
0.0443478
0.0746282
0.0153069
3.11809
1.01466
2.78352
0.0883658
0.174299
0.0195608
1.84748
0.0179117
2.72905
0.0695029
0.0439484
3.7462
2.77658
1.1333
0.0464716
1.66881
0.0433332
0.0230978
2.86832
0.0693467
2.54862
0.0364954
0.0370526
0.0141629
3.16031
1.22907
0.980806
1.58543
0.627868
4.05308
0.0202013
0.0405436
0.0725698
1.92613
0.0190635
0.0283377
0.0189254
0.340169
4.34277
4.70305
0.0215457
0.0268237
0.0563829
0.0163787
0.528667
3.22508
0.42662
0.0386885
0.0335799
4.14875
0.0876805
0.0228607
0.861264
0.485398
0.0176512
0.0548731
0.0481595
0.0661736
0.0292242
0.0126168
0.397853
0.0175051
0.0621107
0.0339444
1.66579
3.46392
0.0875013
0.46137
3.68702
0.0562472
0.0271712
0.301196
0.0742422
0.00878836
0.126213
0.102144
0.261786
2.88197
0.962982
0.0820975
0.0447624
0.0495132
0.0358755
0.00978513
0.0535268
0.0230504
0.0836597
0.0589019
0.041711
0.0299148
0.0127193
0.0200463
1.92138
0.0291959
0.0212995
0.246044
0.0723758
0.0191621
0.0599911
0.0292526
1.89491
2.96198
0.0273767
1.46017
0.0709333
0.0127799
3.24908
0.00139049
0.0117995
0.374952
4.14147
0.662234
0.0925927
0.0466683
0.545296
0.00199261
0.0280333
0.958339
1.13544
3.64702
3.94427
1.01388
0.211769
0.0209822
0.24141
0.683175
2.74076
0.0158133
0.102408
2.36238
0.171151
1.30103
0.0768617
0.0521664
0.00132023
0.0878567
3.09987
0.050179
2.16033
0.170661
1.23687
3.69376
4.27848
0.000743142
0.59371
3.91155
0.0138668
0.0305714
0.0558771
0.478912
0.0584813
0.0518927
0.0174347
0.511969
0.0202108
0.0114398
0.558911
3.86687
0.0185015
0.048498
0.0278477
2.97497
0.835439
3.31493
2.5696
0.0481557
4.55353
3.68369
0.477963
0.271971
0.0425668
0.0217034
0.0529146
0.0520056
2.40931
0.0176764
2.86668
0.0725334
4.24652
0.888387
0.116441
3.15686
0.9109
2.87331
0.0277575
0.0197622
0.0237961
0.80913
0.0200483
1.79004
1.46367
1.32222
0.0431465
0.686299
0.0627494
0.528976
0.0643933
0.0172834
0.0542966
0.0195509
3.44451
1.31502
0.0678564
1.10743
0.0320652
3.61155
0.872716
1.23545
0.047259
3.74808
1.3075
0.0436073
3.33261
4.3442
1.34389
1.75993
0.518865
0.0095348
0.0616476
1.31964
2.71417
0.0175741
1.1086
0.669618
0.0199561
0.0244341
1.32163
1.28313
0.0440331
0.0128308
0.236374
1.46987
0.0578438
0.691441
0.441443
0.251258
0.0922146
0.0420017
0.0926248
4.38649
0.0128233
0.0173749
0.933123
0.43017
0.0476403
0.043298
1.19348
0.664547
4.31585
1.03907
0.0529517
3.83022
1.17621
0.0144174
1.90428
0.0135752
0.0549001
0.0295022
0.0438172
0.0533365
0.0157931
1.14925
1.37987
0.0802535
0.0355261
0.0124565
3.41235
1.34874
0.0232115
0.434194
0.0177042
0.758634
0.0420282
1.57921
0.911192
0.0181237
2.69443
2.49047
1.07276
0.0197048
3.38315
0.0194719
3.42748
0.692334
1.18858
1.24488
0.619069
0.800244
0.080354
3.09423
3.72594
0.0528659
0.0688062
0.321987
2.35725
0.0215315
0.0443447
0.0174021
0.0381767
3.61543
2.53775
2.65876
0.0379626
0.00987241
1.63794
2.62273
0.0284555
0.059291
0.577662
0.329795
2.57452
0.0131332
1.09662
0.325372
0.0878432
2.80805
0.73052
2.74694
3.58006
0.0494568
0.019474
0.0453744
3.80255
0.435785
0.645163
2.9062
0.0411915
0.0221337
3.25992
0.0460142
3.27748
1.94618
2.04585
0.986148
1.64611
0.0445493
0.00722331
0.122369
0.505491
0.0130805
0.874195
0.025107
0.0111382
0.63516
1.45434
3.17947
2.72946
0.0532297
0.0153224
0.0601475
0.925612
1.0987
0.026059
0.155789
0.0303713
0.0322936
0.0195152
0.0114319
1.01113
0.0471786
0.0904196
0.74897
0.0297911
3.92937
0.0386658
1.20778
0.555471
0.454324
0.0549184
1.17965
1.80042
2.90271
3.70878
3.88526
0.0230492
0.969881
0.0263901
0.0712616
0.934584
0.0241165
0.263711
0.019272
1.71475
5.65562
0.0331489
3.57763
0.197946
4.40464
3.874
1.05568
0.0252951
3.30699
4.0585
0.0157223
0.26834
2.98502
0.618683
1.75254
0.0114045
0.40283
0.0282904
6.16365e-05
0.887126
0.0529394
0.0165223
8.49984e-05
0.00070748
2.15615
3.66698
0.0185061
0.0192676
2.0746
0.0274369
0.0138289
0.0802217
3.66951
1.1605
3.91856
0.0235488
0.267374
0.418367
0.291066
4.38776
1.10689
1.0937
0.0370935
0.778156
1.08446
0.417106
1.57116
0.06832
1.44512
0.602078
0.0194394
3.26945
1.04067
1.14882
0.0209034
0.974918
1.05662
1.11446
0.0561121
0.000896713
0.000105174
3.90145
3.36446
2.77416
3.71738
0.017235
0.0172676
0.0162872
1.15878
3.4925
4.80623
0.027859
0.094633
1.20897
0.643686
0.667017
2.72559
3.57733
1.42833
0.0311404
2.94059
0.0403656
0.0715825
0.0607455
3.47373
3.23023
3.58749
3.37447
3.88611
0.0749142
2.66386
1.2419
0.631136
3.2993
0.105721
0.737209
0.963348
3.492
0.000847425
7.01431e-05
0.0780893
3.01255
2.70373
0.0275657
2.02639
0.0319855
0.872349
2.59845
0.0272788
1.20175
3.57332
3.09352
1.15939
0.577351
3.10818
3.46221
0.00463962
1.41535
3.64985
4.01843
3.24425
0.974855
2.69264
1.16632
2.20319
0.0277436
0.0100613
0.0375033
2.86349
0.201471
1.64045
0.553884
1.36097
1.29426
0.0216338
0.716293
0.0175684
0.0406016
1.04204
4.35975
1.30554
0.208538
3.81012
0.626006
1.52566
0.80272
0.816286
0.0476919
3.82909
0.0423669
0.0492019
4.32179
4.12735
2.78114
1.77467
1.11665
4.37221
2.95031
3.8392
0.0101345
0.034366
0.628936
0.646781
0.611912
0.0191416
0.332061
3.23899
0.0265297
3.35784
1.32795
1.29892
1.24977
3.98764
0.0358057
2.29544
3.99755
0.54246
3.55106
3.36932
0.0713568
1.30376
0.0295602
0.0236397
2.80654
2.9264
3.22957
3.29905
1.28734
1.30906
4.37743
1.20912
0.0121563
0.655911
1.3012
0.0131201
0.0906674
0.985531
0.0919673
0.947869
0.0215134
4.83311
0.0128506
0.0293044
3.38524
1.2983
1.9951
0.602534
0.669152
0.0735163
0.0294555
1.20763
0.387163
0.0244054
0.0213376
0.46852
0.434644
2.87826
1.13229
0.896914
1.34121
0.0297942
0.0241806
0.0214404
3.88605
0.0192482
4.43044
0.257062
3.0258
3.08823
0.307329
0.0143266
0.0268587
0.442311
0.0188321
0.79871
3.98272
3.3402
0.0198571
0.0657177
0.0802516
1.87564
0.0177723
0.0422559
0.0152539
0.0536431
0.837662
0.0241933
1.25738
0.781033
1.18992
1.6824
0.0209387
2.05208
0.0451255
0.403268
1.37299
3.40223
0.093977
1.35565
3.40086
0.0215588
0.645151
0.0084173
0.0143498
0.0713337
4.24935
1.34146
0.215744
0.111485
0.640432
0.0530117
3.43744
1.0675
2.53361
1.02825
0.83489
0.96141
1.01643
0.0130184
0.0284514
0.0574311
0.0770571
0.00600848
3.02168
0.049199
0.0188389
0.213015
0.0868184
0.0171029
0.0451026
0.0225823
0.959735
0.31107
0.0280743
0.762001
0.0256681
0.0321926
1.38751
3.98085
4.08906
0.0798581
0.0297636
0.0257273
3.66378
3.87299
3.46855
0.0186515
0.392636
0.0700586
2.86616
3.41234
0.0214452
0.0259358
1.43356
1.09921
1.1964
1.0574
0.0180957
0.0171591
0.117283
0.0228671
0.0529271
0.188548
0.601777
0.516455
0.400108
0.93116
0.062009
1.24348
1.42111
3.81107
4.26157
4.52755
2.56703
0.017518
1.07858
3.57134
1.14755
2.827
1.21437
0.0923411
3.09256
0.286436
0.175986
0.0155164
1.73585
0.644754
0.0177072
2.40171
3.3361
0.0147127
0.975452
0.937274
1.10681
1.34259
1.05151
0.0884392
4.31801
0.195534
3.88597
0.0805788
1.01057
4.53262
0.0272394
1.27325
0.0983307
2.28807
0.0114838
0.368256
0.538843
1.37866
0.247663
0.625263
0.709827
0.000474576
0.813401
3.34542
1.16725
1.11162
3.78971
2.35382
3.2225
0.0126585
0.0175172
1.00912
0.0520873
0.75622
4.06692
0.0833198
4.36022
0.0394445
0.348164
0.0229291
0.0209012
4.38107
3.64955
0.102126
0.293118
0.0992102
0.0659136
2.77326
0.0674574
0.170593
0.390953
0.227258
0.0970243
3.35513
0.0714069
2.77299
1.35659
2.9421
0.00916343
0.0189734
0.930383
1.09865
4.68804
2.65505
0.654342
4.65798
1.45896
3.33526
1.11687
3.81758
2.71937
0.0488076
0.109868
3.18248
1.32427
3.85191
0.960416
1.66386
1.39822
1.65523
1.23559
0.0707042
0.00197861
0.115006
0.246337
3.7079
0.052386
0.31629
0.0101083
1.045
4.04182
0.696963
0.181998
1.143
0.0216815
0.0172154
2.758
0.288767
0.044684
0.0391051
0.0596633
0.57286
1.34327
0.668663
2.974
0.806456
1.21007
0.543535
1.4033
1.59263
0.910082
0.861321
3.11616
0.0238025
2.80223
2.65808
0.0206901
1.26113
1.00123
0.0439484
0.0206354
1.13571
4.30907
1.88568
1.2043
0.0314741
2.01073
1.71097
0.152268
0.0283252
0.00330217
7.58785e-05
0.0339078
0.0134592
3.34073
4.06632
0.0324644
0.0629137
3.14467
0.187119
0.513806
0.0285498
0.136061
3.40567
0.92124
0.628519
3.41847
0.682882
4.00994
4.40761
0.0440612
0.153905
0.0113297
0.0390715
0.0258163
0.092734
0.0518797
0.688422
0.313831
0.011921
4.5866
0.68206
3.20922
2.7134
0.934933
0.625923
0.00985797
0.770537
1.79186
0.0530311
0.0961648
0.023979
0.0176673
0.7028
2.35553
0.00981614
0.0821046
4.22292
8.18023e-05
0.850169
3.25822
3.99125
0.0295233
0.0392775
0.142546
0.649456
0.0153721
0.435018
0.665039
0.000298327
1.43515
0.0153251
0.0177371
0.125408
0.893547
4.30599
0.085864
0.116124
3.56327
3.59363
1.44926
0.0770499
0.0246381
1.29345
1.06464
1.03561
0.0502805
0.0176828
0.0979337
0.660972
0.0121328
0.180409
3.0836
0.874001
0.0559986
4.64715
0.572787
0.113815
2.78694
0.000475725
0.022322
0.0152761
0.0481781
2.93095
0.0191502
0.089309
3.52255
0.000941047
3.03043
0.0175517
0.0515078
4.204
0.000578314
3.70501
0.231555
0.0974661
3.40867
3.05243
0.0718862
1.07871
0.133384
1.36747
2.36486
0.013423
0.0637173
0.232325
0.0608607
1.96091
0.0216719
0.017066
0.0436488
0.00161539
0.19801
0.0216041
0.0150346
0.0117259
1.97183
0.0165901
1.1082
2.33717
0.0388873
0.0961644
3.42001
0.0177676
1.04304
1.10284
1.40048
0.535082
0.00982497
0.0249358
0.0381104
1.16252
0.015913
3.04176
0.0424795
0.0162745
0.00958553
3.80761
0.317292
4.21631
1.16715
1.61472
0.00589383
3.64205
0.173156
0.407133
0.0453028
0.0283179
3.21359
2.64088
0.595712
3.21789
0.0463486
0.894639
2.47786
0.449391
0.795189
0.0487885
0.0130585
0.0181647
3.37823
0.0761778
4.31389
0.0703461
3.47341
0.0474984
0.123805
0.0136571
0.0111223
2.91028
1.54093
0.0266631
1.81039
2.3928
0.0112168
0.691412
0.676804
1.6785
3.62323
0.655308
0.615324
0.0176357
0.0188346
0.15464
0.0459377
0.240681
0.04559
1.18326
0.969565
0.0176031
0.223597
2.25852
1.17293
1.72112
0.0128623
1.29203
0.0176538
3.13497
0.735429
0.0376894
0.0451013
3.40616
0.782768
0.0204393
0.016177
2.6911
0.0291425
0.711608
1.99901
0.0195054
0.0167887
1.37226
0.345603
0.359184
0.00548086
0.0441608
2.6858
0.657813
1.28964
0.0204424
0.0126693
0.115186
3.28784
1.13301
0.109892
1.01033
2.34504
0.0554082
0.022975
0.517867
0.0161687
0.108872
0.0749009
0.24545
0.0381338
3.83583
0.373804
0.0944121
0.601131
2.71113
0.118458
0.626922
3.20823
3.24608
0.856682
0.981051
0.849386
1.04608
0.531529
0.041167
0.679994
0.686329
0.0822048
1.69917
1.0351
3.45386
0.0444426
0.878123
2.87623
1.65167
1.86395
0.531935
0.015803
1.4446
0.0101465
0.653672
1.17273
1.35818
0.464324
3.615
0.687119
2.38516
0.0250227
0.0851199
0.0246312
0.829513
0.255977
0.973214
0.6599
2.14966
0.621921
0.275869
1.06764
0.572196
0.0205841
0.00150732
0.672192
0.068433
0.0515221
2.52647
2.77987
0.0354057
0.422991
0.0934699
0.105552
0.636044
0.568149
3.46889
0.506191
0.0511797
0.0289054
0.480958
0.999664
2.40151
3.34236
3.45506
2.46457
0.0206483
0.0353356
1.08667
2.69129
3.57047
0.933582
0.016526
1.07856
0.041256
0.019594
1.06554
0.100274
1.12614
1.20456
0.0438973
0.839005
0.0257562
0.0637624
0.692158
0.641114
0.935399
3.19611
0.0957012
0.80118
0.0131396
0.604443
3.13925
2.77127
3.42965
0.011034
0.0571063
0.0151335
1.30455
0.138127
0.0168966
1.26194
0.0224511
0.0124758
1.08234
1.03102
0.018828
2.34578
1.55828
0.0201618
0.0633677
4.04713
0.0159046
3.33547
0.896688
0.0165031
0.0112058
0.0246418
0.487843
3.85567
2.57967
0.0670388
0.0183334
0.0442442
0.0447049
0.0175949
1.92336
4.00966
3.95285
0.588504
3.40318
0.201713
4.22819
1.17609
0.893052
0.200399
4.40142
0.062438
0.0393865
0.00672939
0.0365527
0.0345916
0.0220794
1.09738
0.489856
0.023909
0.0805527
1.34204
1.70012
0.125444
0.889627
0.0743989
1.42439
0.0601576
0.313861
0.0170989
0.0302788
0.722676
0.744421
0.0157519
5.46348
0.928729
0.721401
0.276335
0.0765967
0.685694
1.00091
0.00141358
0.73932
0.452931
0.259226
6.26454e-05
2.71137
3.23491
0.0568536
1.63568
0.0170019
0.708924
0.082337
0.299662
2.33518
0.0379279
0.138146
0.0305167
0.029534
3.9679
0.385831
0.113699
1.61567
0.0131792
0.00108768
0.732549
1.15684
0.0152546
0.0227957
4.09304
0.0187369
1.23826
0.622979
0.0461205
0.0414015
3.57764
0.639252
2.639
0.75382
1.79065
0.0221103
0.00944407
4.05225
4.21099
0.00968601
0.000366495
1.89726
0.501417
2.64795
0.68922
2.73303
0.0247027
0.0188397
1.05442
4.27383
0.892086
0.0175072
0.180934
0.804981
2.74674
0.741021
0.0212773
0.0636645
1.39916
0.0435697
3.89948
1.13548
2.76404
0.0920236
0.0559499
3.03966
1.09371
0.259352
0.0265857
0.89938
1.1165
0.0275088
0.0773529
0.652359
0.849027
0.132278
0.00892387
2.12405
0.047365
0.0757558
0.255783
0.0682791
0.017475
0.00680394
0.662529
0.621333
3.17484
2.74463
1.2027
0.441518
0.066202
0.264359
0.0691035
0.0740281
0.350194
0.0171144
0.0267258
0.0186148
0.177665
2.18653
0.0724267
0.971941
0.0458748
2.53552
0.0446137
0.0308118
0.597911
0.0220415
2.88126
0.00459418
0.000117939
2.83676
1.3215
0.0198674
5.08333
0.045064
0.40909
0.0401052
0.0176715
0.109141
0.0423238
1.10655
1.40839
0.919942
1.28065
0.290641
0.00465095
3.33376
1.25077
0.283525
0.0188624
0.0188071
0.367244
0.0664262
0.0234529
3.73288
0.0206342
3.94111
0.00224579
0.0231836
0.0171374
0.0847445
2.72873
0.200691
0.0445151
0.620073
0.514816
0.0235888
0.0519619
0.0175549
0.0363744
0.133805
0.274397
0.306104
0.766612
0.338735
0.000918468
4.26996e-05
0.0117351
1.16038
0.0319303
1.43497
0.0492765
0.679285
0.0216478
0.0678334
0.0291571
0.0896796
0.451934
0.0148732
0.0378861
1.21225
3.8963
0.036648
0.011103
3.41004
0.0549018
4.33662
0.0155109
0.121266
0.813085
0.00700409
0.0222679
0.0460383
0.000347263
3.23734
3.07127
0.0283214
0.355688
0.0594068
1.0206
0.183275
3.57402
0.273027
0.586894
0.434661
0.03042
0.00424571
1.10209
0.0103213
0.322735
3.48782
1.36314
0.0333611
1.62447
0.904695
0.0601213
0.215723
0.0696854
3.75607
0.0847053
0.0194921
4.24642
0.00978713
0.0143352
3.40887
0.0153511
2.08993
0.0274535
0.00389861
0.749254
0.281334
0.0842421
1.03797
0.00838159
0.287256
0.000152565
0.0135269
7.5751e-07
0.100377
1.3752
0.0948378
0.956713
0.0609296
0.0160992
0.0554106
0.205098
0.0174933
1.52764
0.00362047
2.31518e-05
0.0108604
0.0470233
0.658937
0.0123854
0.39085
0.0954319
3.87671
2.67566
0.0136373
0.19746
0.018867
0.258953
0.488461
2.98105
4.3312
0.0639458
0.767257
0.00144221
1.1012
0.058194
0.0259708
0.0187786
0.025373
0.0140813
0.046887
0.261614
0.0108587
2.41751
0.0166871
4.17794
4.15628
0.31777
2.26373
0.0195428
0.962824
3.35647
0.200491
0.0212587
0.0839597
0.0233987
0.066409
0.0137198
1.11836
0.0193597
0.903511
0.0177528
0.0428406
4.04658
0.049956
0.0183346
0.0402819
0.0257301
0.776402
0.0490697
1.00633
3.26049
1.01046
0.316211
0.251274
0.00944031
2.77648
0.0426947
1.39074
3.59245
0.0137629
0.0437629
3.53597
0.0136268
1.29947
0.563742
0.145776
0.153036
2.336
0.134549
0.925531
0.0367212
0.344403
0.00808379
1.02525
0.215837
0.819283
0.856467
0.00226586
2.91318e-05
0.63798
0.506353
2.92134
1.41298
0.038455
2.97734
0.00951305
0.0197727
2.13113
1.34458
0.0177227
0.215541
0.138865
0.337971
0.044149
0.345224
0.150877
0.0198234
3.27338
3.65288
0.0187306
0.10096
0.691279
0.398983
0.519433
0.0670294
1.25042
4.29974
0.220521
0.339825
0.0145358
0.0317648
3.2381
4.37417
0.871832
0.0170806
0.0432673
0.230455
0.0102269
2.99995
2.92963
0.0366691
0.0910912
0.0191303
0.0759546
2.17865
0.285059
2.2283
0.574676
0.0503956
0.230622
0.728407
0.00561354
0.192404
2.17126
1.41234
0.485119
3.49918
0.0366815
0.00915891
0.27981
1.03657
0.294218
0.245575
0.076864
0.242246
0.104698
0.0800057
0.0778009
0.0545494
0.0839188
0.396726
3.22624
0.244984
3.2167
0.0180268
0.0618483
2.23775
0.774659
0.0481996
0.0187945
0.817983
0.0275891
0.330344
1.00928
0.042905
0.297323
0.0935092
0.698592
0.345583
0.0236506
0.0855091
3.78921
3.25731
0.036084
0.0657077
1.19651
3.05492
0.0246591
0.0147779
0.179723
1.13815
0.0428366
0.435665
0.0269013
0.858542
0.0184421
0.0301872
0.128022
0.0220329
0.0124789
0.0384907
0.55677
2.36677
0.0823629
0.0132393
1.16393
0.11377
3.09634
0.18993
0.219393
0.0140166
0.282451
0.0528739
0.176597
1.02458
3.42086
0.0110895
0.0134622
0.0404954
0.0209781
0.0181004
0.691233
0.0984232
2.27389
0.763797
0.0147248
0.0155046
0.767743
0.271965
0.13839
4.1797
0.161347
1.3459
0.0768901
0.0667253
0.0421906
0.0131422
0.20381
0.0137388
2.27139
0.0246084
0.0564343
0.0533817
1.42411
0.170648
2.97428
0.209774
3.41097
0.0472456
0.0182231
0.0142969
0.021949
3.28264
0.0901972
3.32768
0.0124743
0.0171784
0.456538
0.374392
0.017077
1.08062
0.00774266
0.0175513
0.353587
0.0186341
0.00783641
0.209301
0.222383
0.0256373
1.17135
0.164298
0.259352
0.0434483
0.0176175
0.0142828
0.288447
3.4874
2.82294
0.0126692
0.0169423
0.00219276
0.0126437
0.221993
0.118636
3.49336
1.62964
0.672277
0.21316
0.0133177
0.104508
0.029171
2.83906
0.0159469
0.523909
0.0110897
1.57237
0.659736
0.104534
2.98215
0.234466
0.0188122
0.0116837
3.62171
0.749139
0.0147063
0.013246
1.0782
0.0492928
0.0912912
1.43044
4.0095
0.00724188
0.599496
0.0232558
0.0476169
0.11636
0.0690548
0.0877322
0.0305218
0.0812544
2.65706
3.96481
0.0135371
0.173916
0.130931
0.00909789
3.80446
0.0177231
0.160966
0.245005
0.372276
0.0300949
0.0361357
2.49166
1.07536
3.84025
0.136861
0.0438145
0.013866
0.119597
0.014846
0.0636143
0.0171621
0.306613
0.0858303
0.282487
1.05799
0.478409
3.32006
0.0740793
0.184914
0.180378
2.05135
0.0185002
2.03445
0.360103
0.0493823
0.0196122
3.26642
0.257439
0.073076
3.69609
0.12889
0.0134412
0.028774
0.0217455
0.00855262
0.134679
0.30434
0.0629746
0.0156407
0.014618
0.0185655
3.04954
0.0513901
0.369397
0.142251
0.0142285
1.19023
0.094765
0.126303
0.0136658
0.424858
0.0138777
2.11041
0.185505
0.0206758
0.0150632
0.146219
0.0179348
0.536306
0.0148288
0.833566
0.00730183
0.0837803
0.0193902
0.172205
0.420106
0.170671
0.23998
0.0140094
0.12669
0.0175826
0.94823
1.01453
0.0938264
0.0836241
1.51932
2.95222
0.0440151
0.0148525
0.119336
3.37182
3.18812
0.411731
0.0716455
0.039131
0.450016
0.0279648
0.0200282
0.023344
0.0478622
0.0263259
0.0130938
0.0164222
0.0678424
0.0142244
0.0499484
1.07245
0.0133172
0.172209
0.565945
1.05434
1.47899
1.37391
4.10365
0.0258839
0.0203751
0.230581
0.0340116
1.97763
4.04875
0.0175948
1.13322
0.439711
2.74954
0.0335507
0.121451
1.55958
0.112201
0.279375
0.0203072
1.26953
3.34184
0.144291
0.0231754
0.0208656
1.15253
0.0138683
0.0519895
1.07885
0.0110302
0.0694789
3.34193
0.123808
1.07759
3.08693
0.209042
0.62368
0.183595
0.0139394
0.875735
0.144837
0.114759
0.0456511
0.110803
0.157297
0.0685925
0.497543
0.827782
0.0223819
1.26378
0.0183457
0.073833
0.366488
0.0299371
0.0433336
0.0483774
0.0107251
0.130611
0.0937136
0.00879463
0.0939999
0.0430165
0.119666
0.460807
0.0161955
0.0253622
1.07215
1.30956
0.0528569
0.834544
0.0164696
0.0188738
3.79452
0.0745204
0.0441084
0.013545
0.365518
0.0198582
0.0660973
0.0221349
0.430043
4.14339
0.0382092
0.0292562
0.0921226
0.0643321
0.0189707
0.0114117
0.170721
0.136873
2.61443
0.0135968
0.0224084
0.100342
0.0101228
0.0233437
0.500028
0.870607
1.28171
0.01071
0.555617
3.15812
0.609693
3.82373
4.31959
0.639179
0.128943
2.18657
0.453527
0.0463343
4.1885
0.643934
0.0324052
0.0896643
0.0215151
1.07553
0.0348112
2.03514
4.25938
0.0498954
0.017649
0.0651151
0.998394
0.721676
0.152418
0.126573
0.626044
3.24637
0.434579
2.27071
2.69247
0.608852
0.884191
0.468345
0.0837058
0.0903097
0.0247188
0.425201
2.00846
0.654843
0.648678
1.87794
0.351227
1.55301
0.0968434
0.889141
1.02662
0.018666
1.38811
1.83177
0.0755341
1.77618
0.0105712
0.0141082
0.0158109
0.227155
0.0280314
0.0117804
0.00684308
0.0107053
1.43382
1.34023
0.0200331
0.372034
0.375205
0.284461
0.727774
0.0246082
0.0588456
0.0745271
0.364591
0.684528
0.11652
2.68907
0.0181365
3.50373
4.10515
0.0146663
0.0241914
0.0360282
3.78638
0.615326
0.0156106
0.0167967
0.0178754
3.71883
0.0154239
0.165664
2.65225
0.0453035
0.0146869
2.69925
0.0147162
0.141941
0.225333
1.2655
1.31648
1.63932
1.06054
2.06283
2.88695
0.155972
0.035303
0.0459667
0.210835
1.82303
0.595645
0.0240244
0.318536
0.0081898
0.678128
4.39474
1.46179
0.0263366
0.0368904
0.0176551
0.0521634
0.0815449
0.0306798
0.0146678
0.315236
2.99865
0.0320288
0.0150712
0.0525193
0.271998
0.0174913
1.1395
0.0450528
0.0144476
0.296706
0.0018608
2.86153
4.1603
4.94099
0.224711
0.262856
3.67172
0.332064
0.0174134
0.271757
2.86996
0.129081
0.084236
0.0175267
0.386605
0.156218
1.04221
4.20906
0.0165132
0.149678
0.0119411
0.0161751
0.0196293
0.216609
0.201929
3.09171
2.93328
0.153662
0.586456
0.0534788
0.268483
0.0748143
0.258638
4.15377
0.133349
3.38623
3.91044
0.0212967
0.0281314
0.636915
0.888497
3.47027
0.141102
1.02136
0.428422
0.0669957
0.391672
4.27752
0.0629762
2.28148
0.51067
0.0980627
0.0148855
0.459204
0.00511038
0.0209824
1.11924
1.11545
0.0145065
0.0216274
1.72696
0.0150099
1.97971
0.0719583
0.127252
3.70138
0.28498
0.0176494
0.011412
0.163219
1.60265
0.279965
0.361076
0.0450516
1.02558
0.012837
3.53047
0.995697
1.07411
0.0232194
0.325064
3.19518
1.49001
0.0661585
0.0160214
1.06316
0.313406
0.0131571
0.132571
3.09112
0.0186466
0.0283799
1.01203
0.039713
0.0191087
0.016368
4.43049
1.20498
0.0329414
2.54379
0.00164036
0.089564
0.386903
4.80424
0.0691528
0.0380371
0.0748588
0.456109
0.0612812
0.0679276
0.02864
0.233157
0.0151258
0.595006
0.0265073
0.0147859
0.0508182
1.21339
4.7598
0.0334401
0.183589
0.0835161
0.0599144
2.55207
0.185698
3.28803
0.0248002
0.56726
0.200726
0.353355
0.129048
0.0468699
0.0196924
0.275332
1.20873
0.0154139
1.41805
3.84034
0.795208
1.43778
0.22393
0.00971468
0.165171
2.99706
0.322209
1.67707
3.14766
0.0721769
0.00857967
0.0846927
3.658
3.77478
0.0947748
3.02108
0.0278515
1.03958
4.2639
0.0162551
3.37225
0.347746
0.202062
0.0148739
4.25372
0.0188447
1.8837
5.75729
0.548073
0.347835
1.12374
0.0157072
0.0538715
0.971913
0.128278
0.0733831
0.307352
0.142292
1.04634
0.0246429
0.506375
0.0141086
0.0341285
0.0263099
0.0184276
0.170037
0.0646177
0.392611
0.0172585
0.0700309
0.0188455
3.20885
0.116376
0.978698
0.105
0.0419976
0.0439251
0.00804355
0.317739
0.443372
0.185035
0.431684
3.5485
1.27606
0.168655
1.00291
0.00774913
3.87561
0.211143
0.116291
0.487732
0.724969
0.0649197
0.384868
1.55378
0.0993583
0.754457
6.29641
0.252918
1.50411
3.43395
1.45963
0.234219
1.43104
3.75241
0.0068802
0.599942
0.214332
2.54508
0.151769
0.800783
0.520335
3.629
0.236229
5.19093
0.12783
0.0569242
0.0145525
0.0378871
0.0195654
0.405439
0.0155781
2.3981
0.715128
0.31915
0.0595324
0.048134
0.103748
0.497137
0.389616
0.632789
0.0459418
0.0314262
0.156219
0.185586
2.85327
0.0117108
1.89553
0.0663426
0.474026
0.707348
1.32154
3.47945
0.0256661
0.0274004
0.0119334
0.0885403
6.13043
0.955546
3.13651
0.0484108
1.0858
0.0348158
0.215339
0.536123
3.16836
1.0554
0.0234112
3.58864
0.606248
0.104595
1.27553
0.47891
0.0160692
0.463732
0.0933402
0.00208599
3.3796
0.413796
2.04939
1.0575
1.41142
0.0304033
2.98933
0.0463714
0.459295
0.294076
0.0294852
4.21294
0.0226367
0.141131
5.51982
1.12684
3.60819
0.0138852
1.64037
6.18072
0.175965
0.00705464
0.788682
0.116716
0.0123624
0.619676
0.0177332
0.0947062
2.6486
1.28807
0.0182483
0.0153795
0.666313
0.0873483
3.6685
4.22162
0.0144653
0.0704056
0.020763
3.33691
3.52576
3.97052
0.0158779
0.0702894
0.236716
0.23035
0.0237061
0.058439
0.0179544
1.32612
5.02504
0.0330116
0.00444362
0.053909
3.3666
0.0148845
2.67399
1.08937
3.9654
0.902774
1.73988
0.650309
0.0130412
0.186418
0.0152804
0.0232783
3.47552
0.477364
0.0134164
0.045425
1.43664
4.07549
0.00322038
0.135157
0.0166572
1.26094
0.0163918
0.302119
6.37213
0.706231
1.38683
1.16763
0.191644
0.0585721
0.010731
0.00463366
2.16445
0.0591305
0.0182303
0.0598999
0.0162275
1.47494
1.2239
1.49528
3.5476
0.342684
0.853558
0.0169168
0.0537808
1.97258
0.0418708
0.29271
0.0764087
0.359768
3.40251
0.0935773
0.0302238
0.283052
2.75409
0.0162775
0.52645
0.25887
2.94794
5.8721
0.017637
0.0191378
3.74693
0.110179
4.22139
2.54935
0.313571
0.315781
0.0596607
0.539419
3.43138
0.595148
0.053131
1.04362
0.0168915
0.0109837
0.261913
0.405258
0.0255101
0.0493973
0.0467357
1.03035
0.070039
3.06873
0.0470386
0.838289
4.98826
1.48467
0.312925
1.22902
0.19695
3.51897
0.37273
0.499585
0.215442
0.0584094
0.471419
0.474945
0.332999
0.122776
0.244006
0.711136
1.04237
4.23507
0.10522
0.268455
3.39549
0.313563
0.144395
3.08849
0.0385027
0.017095
0.0346099
0.283755
4.38479
0.0222832
0.0175968
0.104988
1.80212
0.126294
0.00667682
0.90245
0.739045
1.40141
0.217805
0.332033
3.67126
1.48685
0.119623
0.01677
1.03674
0.0150385
1.79966
3.30149
0.0336099
0.0268401
0.0155349
0.959458
0.258108
0.000474279
0.306326
0.00534762
1.14369
0.00348139
0.0181739
0.660226
0.051992
0.572978
3.32569
0.0345342
2.96748
0.000708512
0.043119
0.0961328
2.53564
0.273464
0.0803777
0.368409
0.077706
0.641706
0.306801
0.0608468
0.0178332
0.0477986
0.0829201
0.00652228
0.182434
0.0307892
1.21905
0.847305
1.14866
0.917906
3.55831
0.236178
0.0347582
0.0394184
1.40637
0.694038
0.621959
0.372223
0.0284188
0.295668
0.503498
0.400357
0.0155123
0.0115645
0.592006
0.999219
0.0547393
0.969254
0.0129062
0.2842
0.92921
0.031276
0.304046
0.31472
0.0217543
0.697554
0.0716157
0.0370055
2.60521
3.45795
0.0276714
1.10687
3.74082
0.408525
0.142311
0.705629
0.0687155
0.0538566
0.0177819
3.30588
0.490662
0.00599761
0.909234
0.294179
0.470323
1.41454
1.14289
1.23221
0.360845
2.20262
0.0140855
0.999006
0.662259
0.789393
0.028516
0.246214
0.0940716
0.0213685
0.53205
0.105604
0.326545
0.196512
1.61854
0.332624
0.0313604
1.13516
0.399499
0.489551
0.0129205
0.608443
0.194654
0.566405
0.448152
0.0861079
0.0168762
0.0156776
0.441859
3.8738
1.66519
0.0218983
0.0328474
0.858731
0.0810177
0.02453
0.156196
0.197639
0.0130396
0.268884
1.08661
0.0148956
3.16584
0.52559
0.019048
0.00488866
0.0230942
0.00759829
0.0115082
1.67589
0.355055
0.0548661
0.0889274
0.00979025
0.000309517
0.297061
0.519388
2.11786
0.055308
0.43994
0.0107125
0.0197579
0.493531
0.288708
0.396031
0.357525
0.272329
0.0408889
0.522786
1.73644
0.0269488
0.0105016
0.0199278
2.87575
2.1709
3.20809
0.805592
0.0334498
3.42083
0.0103733
3.02095
0.270281
0.612623
2.85483
3.0351
0.0158139
0.0221277
0.455601
0.0402185
0.0336651
1.13133
1.41119
0.0727838
0.76756
0.0448065
0.0097352
0.00160859
0.0236747
0.104326
0.0109907
0.148012
1.18028
0.0389484
0.510727
0.473434
0.417028
0.382393
1.52184
0.0436832
0.808206
0.016101
0.777702
0.0453923
0.0831782
2.97541
1.23938
0.0128449
0.99651
0.00979959
0.0100169
0.0182047
4.27309
0.0313787
1.72192
0.411074
0.0296352
0.396845
1.84743
0.0444838
0.0114293
3.53715
0.0556762
2.67843
4.24294
0.663809
0.697945
0.469499
0.0170037
0.0443376
2.76434
5.08044
0.0236036
0.218582
0.0286065
0.580386
1.54768
0.15636
0.0230837
0.013592
3.80351
0.833345
2.38025
0.556703
0.0509337
0.162163
0.0246601
1.09808
1.55399
0.266583
0.935402
0.0178508
0.0215252
1.2091
0.107758
0.104574
1.09892
0.012033
0.295487
3.79859
2.47601
2.4057
2.46023
0.0152824
0.605001
5.4917
0.0766072
0.0875555
0.352213
0.759552
0.527783
0.382749
0.0542912
0.0227736
1.11169
0.0130001
3.26962
0.0177656
2.72522
0.0165314
0.306549
0.0179577
2.29713
0.0816076
0.232749
0.0130743
0.582346
0.0161412
0.0348763
0.769536
0.0142961
0.297549
0.00963
1.16273
0.0193974
0.83951
0.294749
0.482504
4.20793
0.347906
1.064
0.0134545
0.0209539
3.88897
0.0169192
0.0180458
0.0479824
0.495842
3.60835
0.0695912
3.50622
0.450444
0.0174951
3.60489
0.119852
0.0578277
0.526985
4.35007
0.0146745
0.00941649
0.413936
0.0693615
0.024137
0.435847
0.0451698
0.0183538
0.380755
1.08418
0.0446346
0.04351
0.643566
0.0103945
0.0156367
0.549193
0.475842
0.058933
0.0354095
2.83484
0.0242136
1.71245
0.0307359
0.0134882
1.94322
0.0169415
0.0167545
0.965547
0.435606
2.21221
1.26469
1.63891
0.0388541
0.0620812
0.65508
0.0168326
0.144631
0.022669
0.757238
0.433512
0.7582
1.35693
1.68771
0.0221759
0.607802
0.0688857
1.27869
0.0213712
0.153091
0.0867354
0.114537
2.76293
0.840881
0.0833789
0.45708
1.27894
0.119853
4.97614
0.0187936
0.0977013
0.0399668
0.487453
0.0100755
3.35802
0.359864
3.13635
0.339723
3.65702
1.42166
0.0167749
0.0703816
0.0275722
0.0176599
1.42073
0.0319087
0.0346947
1.03088
1.3952
1.23739
0.24344
1.46417
1.14524
1.98932
0.200109
0.228426
0.031243
2.97955
3.55819
2.83675
0.0270662
0.430975
4.08222
0.000259062
0.641896
0.0107964
0.049112
0.00603801
0.452938
1.03149
0.010799
2.19019
0.270908
0.443506
0.0119844
0.0196417
0.0353418
3.98665
2.50456
0.0378675
1.00152
0.05109
0.132357
0.0171978
0.33505
0.309816
0.0106167
0.0142066
1.25557
0.350699
4.10935
1.00616
0.0114626
0.0216321
5.44958
0.0184426
1.20338
0.31594
0.357953
0.0676012
0.362082
0.617513
3.15356
3.91454
2.1618
2.33267
0.0125459
0.0403221
0.598281
0.0154249
0.0706472
1.17187
0.0250249
3.19925
0.0235828
0.714693
0.0243115
0.0174467
1.02609
0.0636316
0.00494317
0.502624
0.0174709
1.24363
3.16863
0.342408
0.021201
0.975542
4.28472
0.0858059
0.0109827
0.62753
0.00744869
1.1309
0.0930828
4.31541
0.297771
0.0873395
0.0269377
0.0174322
0.0440489
0.607957
0.0227059
0.0489138
1.74033
5.74065
3.34613
0.112948
0.0283536
0.0490454
3.14415
0.410635
0.036031
0.0259548
0.000656957
0.0262833
0.0929614
0.0171577
1.2762
0.0244938
0.745567
0.0232541
0.00496735
0.0846673
0.976301
0.0100084
0.34136
0.0285178
4.4131
0.0820711
0.0185094
0.14259
0.0252477
0.0666936
0.405244
2.98415
0.0549568
0.826717
0.638956
0.723017
0.048617
0.0486544
0.0309329
0.159856
0.280748
0.0449386
0.00895598
6.04255
0.018617
0.0721261
0.0114571
3.41555
0.814313
0.0277445
0.0812237
3.49009
1.8971
3.38258
0.503254
0.219993
0.492019
0.0631747
0.483503
0.020724
1.09582
0.895283
0.0108458
0.804796
0.0458319
0.0629525
0.717955
0.852015
0.0453547
0.440068
3.74682
1.03081
1.2921
0.304093
1.09852
0.0404984
0.0236619
1.02757
3.66496
0.0141891
0.108085
0.0259301
1.09393
0.00567676
0.0225447
0.827747
6.02415
0.0315091
0.0107182
0.0287952
0.0345038
0.0403876
0.942056
1.27639
0.00451157
0.121022
1.64764
0.00969797
0.327563
0.0155562
0.786004
0.0312099
0.00236782
0.221688
0.328907
0.0718588
0.679754
0.0610361
0.003459
1.49878
0.0558579
0.645124
0.085391
0.0172438
3.04471
0.152236
1.47751
0.691435
0.0103603
0.0546092
3.51814
0.136903
2.85517
0.524781
0.0554851
0.051761
0.0443888
2.51405
0.0275404
5.95804
0.0584972
0.227269
0.00753805
0.010523
0.129663
1.98073
2.05599
0.110337
0.578809
0.059047
1.10974
0.0185934
0.00124664
0.0236597
0.993607
0.117003
0.135079
0.0137734
0.0216423
0.0100334
0.00661456
0.0462099
4.43166
3.37819
5.74512
0.0330455
0.0181142
0.897554
4.41054
0.0567497
1.00249
0.913238
0.11325
1.89031
0.389798
0.587852
0.757505
1.31762
0.0206051
2.24952
0.556036
0.00672047
3.76519
0.0303885
0.0185474
1.96171
0.0160208
0.025376
5.464
0.806766
0.0184825
0.0493743
3.27615
0.0141876
0.135582
1.39891
0.0218939
1.27686
2.87616
0.0176885
0.068017
0.279656
3.86948
0.0137298
0.0287127
1.18555
5.03404
1.09292
1.23121
0.644589
0.00376739
0.0140259
1.08868
0.0521094
0.0298612
0.0209065
0.0920475
0.0385977
0.0303342
0.563267
0.0166296
0.749677
0.799975
0.798648
0.017001
0.00995483
0.512431
1.42409
0.0188704
3.43355
4.84075
1.26635
2.28159
1.2481
1.37165
0.0145099
0.0280103
0.226768
0.0281388
0.0454233
0.603968
0.018227
3.48862
4.2398
0.0177073
0.0889
0.984118
1.27534
0.00968714
1.20284
0.00979527
0.0183701
0.0161522
0.120833
0.0186636
0.04699
0.542226
0.0265304
0.062941
0.0589423
3.96928
0.0165774
0.0247696
0.348901
0.0243279
0.333538
0.049224
0.0035785
0.545629
0.0180277
1.19809
0.0445168
0.972013
0.0102232
3.64381
1.40642
0.0492598
0.0447673
0.00253011
0.545762
1.4502e-05
3.02245
0.0101828
0.203413
0.0107051
0.199133
1.731
0.472917
3.41231
0.00410038
0.0428861
0.0162354
0.0679583
0.022991
1.93404
3.49643
3.51328
1.44347
0.535329
0.19237
3.5546
0.0177436
0.10637
3.7304
0.525775
1.32903
0.95161
0.00852083
0.388566
0.04501
0.032302
0.0506526
0.051538
0.757641
0.83209
0.018845
1.00197
1.05442
0.126323
0.0615357
0.70766
4.07695
0.239619
0.0341277
0.0101826
0.622866
3.92245
2.45881
1.08714
1.404
0.0178543
0.00755852
1.37336
0.84863
0.0225151
2.15882
4.12267
0.0605189
0.0437528
0.0241219
0.676308
0.0625008
2.90159
0.133555
1.24098
1.04043
1.00428
0.0147685
0.64365
0.0311857
0.0351449
1.16535
0.0683716
0.0127356
0.00950455
3.64431
0.106862
0.0410776
0.0265552
0.587066
0.0541315
0.471341
3.89859
1.86277
0.551662
0.0165853
2.85388
2.57969
0.0144014
0.0191835
0.0211218
0.0384202
2.3322
0.60914
1.10581
0.0972208
0.00642805
0.0359767
0.0434292
2.40539
0.00637242
0.0952083
1.12887
0.00925597
0.0470465
0.0405915
0.0615992
0.0113941
0.0467772
0.079037
0.025939
2.95529
2.51906
0.0726249
0.0488083
0.00681943
0.0130505
0.224054
2.11912
0.0215577
0.0415907
0.0517858
0.0701508
3.73526
0.0260131
0.0289418
0.907369
0.0244599
0.273862
0.0438805
0.0981188
1.06662
2.0933
0.792734
0.0233951
0.000155777
0.0220515
1.2732
0.0438758
0.820117
3.52701
2.78042
0.0179076
0.0206187
0.713161
0.0110049
0.3333
0.0313644
0.00845474
0.0252458
0.930487
0.0468204
1.28153
0.0110508
0.822326
0.914614
0.0839341
0.57409
0.101322
0.013257
2.3997
0.0120135
0.0558822
0.0249371
0.592956
2.7254
0.0187772
0.858409
1.75614
2.70686
0.0657399
1.35108
1.22315
0.681618
2.34816
3.2675
0.0443167
0.0491621
1.15711
0.640107
1.10233
0.175215
0.0190769
0.514756
0.0156285
0.0144035
0.365739
4.10357
2.12143
0.0451783
0.0822223
1.04169
0.049106
0.0346341
0.335146
0.982658
0.074179
0.0242749
0.773464
2.39803
0.0186065
0.0176404
0.763331
0.012283
0.050518
0.0176895
0.0199186
0.0127505
0.745488
0.819521
1.06355
3.52385
0.2054
0.0233378
0.968251
3.41416
0.0438544
1.07758
0.0155632
1.12142
0.0796718
1.84248
0.0200001
0.0311216
0.00524996
2.2184
0.985886
0.218292
1.2858
0.0761736
0.0532993
0.0713032
0.544835
3.78912
0.646245
1.45251
0.280385
0.00512986
0.754923
0.0096763
0.299032
0.00740715
2.21188
0.0839504
0.0243764
0.0258593
0.0218761
3.41604
0.0614176
0.193212
4.41584
0.783952
0.0245036
0.106897
0.122423
4.06803
0.0122468
3.29284
0.0638714
0.0243156
0.0173641
1.0979
0.0237148
0.0118153
2.17908
0.00252697
0.106395
0.0186184
0.0493354
0.345739
0.051617
0.0481361
0.0438269
0.180302
1.41575
0.0385877
0.261255
0.0259106
0.777051
0.986687
0.000989433
0.0234457
4.18489
4.36956
0.0497567
0.067269
0.11448
2.82049
0.653749
0.0232837
0.478928
0.0087607
2.75432
1.03943
0.0494999
1.40823
0.0164519
0.0630519
0.112749
1.13176
2.09889
0.0178674
0.0568067
0.0428784
0.0474582
0.117584
1.38807
0.0672894
2.34261
3.96507
0.0192645
0.750355
0.636139
0.073033
0.561238
3.97401
0.0469677
3.65196
0.00982315
0.96732
1.4101
0.229182
3.02149
0.745922
0.0243297
0.0432612
0.433811
0.0312369
0.00450813
1.80202
2.10323
0.00642115
0.0106147
0.0851673
3.59423
0.0210383
0.0123128
0.0459345
1.72241
0.00541967
0.123962
3.04503
0.620775
1.56304
0.0176709
0.0532803
0.107432
1.00876
0.0795955
0.969809
0.0152272
0.0781731
0.0684082
0.067495
1.05166
0.0564923
0.753139
0.0452374
1.68667
0.663667
0.00947254
0.0169036
0.00186596
0.00780956
0.0421153
3.07076
0.404714
0.0160826
0.0163397
0.0402975
0.0160186
1.06703
0.0102945
0.0652568
0.0207454
3.621
0.0136552
0.316767
0.0834995
0.00837596
1.4372
3.84885
3.66497
0.0117951
0.0359672
0.0283813
0.117308
0.0213433
0.0289207
1.63122
0.016425
0.108303
0.0266429
0.794388
0.0182806
0.189912
0.00780343
1.65755
0.0897969
0.0114097
0.0155498
1.04971
0.0415475
0.0212716
1.78943
0.0100628
0.0201287
0.0709766
0.0162496
2.13036
0.0195176
0.85028
0.0533746
0.0171661
0.116841
2.14281
0.0503171
0.062792
0.0298882
0.80604
1.14587
0.0218181
0.0496701
0.67854
2.27094
1.48139
0.0383546
0.0165906
0.0373945
0.0247109
0.497499
0.357411
0.0098496
0.0226524
0.00373555
0.0654637
0.0180901
1.01628
0.0580841
0.0628405
0.0159503
1.25944
5.17711
0.015872
0.140467
3.64837
0.0138732
0.219017
0.0244209
0.0153311
4.08887
0.222008
0.354615
0.0105746
0.0102431
0.00853279
4.15703
0.0528962
3.82895
4.42496
1.12543
0.565026
0.0175625
0.0292326
0.0159831
0.590396
0.0576898
0.0198652
0.083976
0.062593
2.29463
0.199231
3.4507
2.39926
0.128384
0.0520286
0.0992995
0.00942109
0.048244
0.0179754
0.754317
0.193642
0.013468
0.0471521
0.446115
0.366072
0.0255944
0.038529
0.0538201
0.0479724
0.024161
0.0201768
2.17841
0.0180189
2.24521
0.038811
0.0109307
0.0203002
0.0852855
0.0952538
2.95308
0.0292966
1.99494
4.0745
0.120906
0.874392
0.0235055
0.0482705
0.0943724
0.0565307
0.0164971
1.81917
0.28469
0.0134219
0.0320707
0.0899467
0.180015
0.0905464
0.691423
0.0320887
0.0628843
0.0409594
2.37817
0.0230615
0.0132845
2.09183
1.15465
0.104655
0.011086
1.31834
0.0278019
0.552441
0.537262
0.064411
0.124298
0.0180472
0.00998044
0.0260077
0.0176173
0.262578
0.020239
0.0218049
0.502198
0.997361
0.303697
0.0852928
0.646612
0.707318
1.35722
2.11659
0.598536
1.07224
0.204661
0.337964
0.0448827
0.0773027
0.0380162
0.0477564
0.872373
0.057007
0.0808846
0.921038
0.0179815
1.99171
0.477491
0.666108
0.0818583
0.289837
0.130291
0.00978385
0.24818
0.385636
0.707049
0.656789
0.93437
1.41037
0.988018
0.0992088
0.511167
0.0568787
0.0200216
0.021948
0.328907
0.0465733
0.559712
0.627741
0.113948
0.0278706
0.0328845
0.00235646
0.0352182
0.295645
1.04904
3.62438
0.0182707
1.39076
0.0427526
0.0219265
0.00698994
0.0376215
0.0497547
3.79995
1.43907
0.87927
0.0971328
1.22265
0.384735
0.165512
0.0224677
0.0706701
0.857348
0.0181792
1.67821
0.00947382
0.607145
0.00727024
0.325103
0.0204478
0.436695
0.0088776
0.0454031
0.112252
0.0143185
0.105504
0.0217824
0.0157903
0.00429709
0.0434536
0.0192654
1.40649
0.0171461
0.0453812
0.378017
0.0202877
0.0163552
0.0545515
0.959718
0.113843
0.036929
0.883678
0.0543002
0.0594934
0.0271144
0.0093011
3.02251
0.131528
0.0217216
0.0330899
0.0183686
0.273879
0.00456541
0.0041664
0.642409
0.0228951
0.0167236
0.154779
0.0803116
0.102586
0.00951896
0.114429
0.0577429
0.0176213
1.06996
3.50665
0.364577
0.0330209
1.40578
0.590339
2.61873
0.00767138
0.0177443
1.04992
0.0070049
0.0907331
0.839231
0.110344
2.77792
0.0334988
0.237193
1.03051
0.917424
0.317224
0.0153556
0.0289309
0.0296078
0.131934
0.349574
0.0472429
0.000815143
0.619844
0.0498576
0.0892902
0.0118915
0.0123461
2.2045
0.514298
0.0439225
0.0195121
0.10778
0.0593128
0.100175
1.1351
3.92385
0.131719
2.698
0.050133
0.00589912
0.0575598
0.0482841
0.386367
0.00271343
0.0538074
0.676626
0.014035
0.043726
0.0515474
0.0220838
0.508256
0.0213483
0.621121
1.18146
0.010478
0.0172988
0.0492064
0.00318854
0.0214676
0.0453137
1.21998
0.12991
3.63017
1.43379
0.015744
0.133369
0.0579732
1.14445
1.12916
0.0718002
0.129187
0.0690607
1.35832
0.0537915
0.517261
1.47078
0.0463346
0.0432806
2.24481
0.0263044
2.76972
0.0173151
1.01209
0.974488
0.00949902
0.0100036
0.558957
0.0282757
2.04087
0.0352255
0.392427
0.0105725
0.0567399
0.0528503
1.48606
0.0977712
0.0239994
0.0450715
0.0403523
2.88697
0.109514
0.0212163
0.0394359
3.74259
0.0403699
0.00977507
1.16909
0.298588
0.0485934
0.048491
0.630563
0.0601338
0.040699
0.0214169
0.0161665
0.863605
0.230843
0.00402268
2.00511
1.73231
0.0678463
0.0653768
0.0193125
0.0324137
1.06193
2.23578
0.0154449
0.0179581
1.14821
1.24866
0.240918
0.0735043
0.585784
2.51326
0.0161034
1.1878
0.0994772
1.34902
0.0281455
0.400308
0.308556
4.09664
0.0201646
0.0491658
1.1015
0.0578983
0.0770676
0.0274598
0.596795
0.666707
0.00880984
0.0242951
0.0404865
0.312235
1.90303
0.122184
0.0164539
0.15607
0.0118704
1.36555
0.0675128
1.07707
0.0839282
2.59863
2.2799
1.24951
0.0445131
0.063887
2.38695
0.152416
0.325557
0.0343922
2.98009
1.58039
0.924709
0.0836379
0.00846724
2.94457
0.213114
0.0447839
0.4131
3.95046
0.0305279
0.378337
0.0575145
0.0101725
0.0177798
0.0109511
0.885012
0.0301723
0.04595
0.378646
3.79095
1.82096
0.0304608
0.763471
0.051212
0.0708754
0.0681291
0.288218
1.02629
0.0181212
0.0304251
1.04544
0.326883
0.252591
1.4156
3.74383
0.0157674
0.0125925
0.0261762
0.0210944
0.0450825
0.0317749
0.0503891
4.16959
4.19254
0.0169117
0.67592
1.13279
0.0765077
0.39607
0.5938
0.957762
0.081722
0.0101426
0.361932
0.0457997
2.10342
0.0491708
0.118616
0.0251819
0.0566419
0.0168831
2.2602
0.0238687
0.0845319
1.06173
0.042576
0.0375402
0.0228451
0.000685797
0.0392371
0.614553
2.77209
0.0780965
1.16875
0.0769545
0.0320854
0.00949701
0.0631557
1.19344
0.043217
0.0549551
0.106822
0.0367455
0.0236853
1.16726
0.0169066
0.339072
1.4058
0.0178721
0.0385243
0.0245722
1.03973
0.0486123
1.77591
0.00377599
2.11913
1.43181
0.139143
0.0666553
0.00583678
0.0220461
0.0662184
2.09878
0.0308203
1.8313
0.0219545
0.0395123
0.0873351
0.504007
0.121773
0.0560895
3.31957
2.2262
0.0180275
0.00193629
0.0998704
0.935912
0.044041
2.16483
0.934392
0.0444969
0.655744
0.743449
3.57253
0.0321872
2.29081
0.0300772
0.0202692
0.0176206
0.114238
0.10516
0.638042
1.72731
0.0124924
0.0209804
0.60384
1.32033
0.158914
0.0594738
0.00178497
0.0109687
4.16748
0.381328
0.253086
1.29856
0.476493
0.0411124
0.0373098
0.0168215
0.0169565
0.222542
2.48913
0.368839
0.0465456
0.0678702
0.575064
0.0154999
0.699675
0.00965694
0.210025
3.14584
0.0096675
0.0201083
0.0369238
0.0242665
0.0221709
0.0610641
0.0673696
0.0108408
0.0310927
0.0124131
0.182
0.0603259
0.060864
0.0176496
0.109862
0.714366
0.0224224
0.053001
0.0795339
0.815279
2.1172
1.72919
0.0446427
0.173599
4.3824
0.0261749
0.0205677
2.18045
0.0194976
0.689664
0.417235
0.797631
0.0429058
0.0349552
0.0195877
1.8571
0.738649
0.0587072
0.020063
0.698463
0.449708
3.70187
0.0173772
0.0139861
4.03407
0.709962
0.67403
0.0550733
0.037121
0.0197181
0.00915197
0.0378109
2.09423
0.0821862
0.631409
0.70967
0.084374
0.142731
0.0673839
0.0407308
0.0408642
0.0696211
0.274822
0.0098497
3.95491
2.93088
0.0413698
0.13348
1.40908
0.260884
2.45257
0.0770841
0.62401
0.0112538
0.0252555
0.0256539
3.19848
0.0563289
0.714042
0.570344
0.0621004
0.107931
0.013744
0.319181
0.558218
0.000533863
1.40952
0.0434643
0.0442295
3.88127
0.0213065
0.0285394
3.41051
0.0143927
0.623457
1.36312
0.399788
0.0108233
0.0243353
0.00793982
0.0151644
0.0388851
0.0148594
2.30973
1.31415
0.0610151
0.0349403
0.0713967
0.046695
0.0136638
2.15489
0.026109
0.0106212
0.00444869
0.522905
0.365945
0.0169753
0.101485
0.934707
0.0103391
0.712969
0.0236736
0.030761
0.0375738
0.635083
0.00994178
0.0904954
0.075424
0.157592
5.64312e-06
2.30673
0.0183345
0.535725
2.27931
0.0771278
1.37791
0.246644
0.227636
0.036061
0.0463047
0.0665094
0.0210971
0.084924
0.379197
0.018131
0.0636319
0.256224
0.0298245
0.124049
0.031151
1.75445
2.19786
0.3349
1.14547
0.0237092
0.0517458
0.0253456
0.0777174
3.40394
0.349087
0.0250761
3.51893
2.92418
0.0426053
0.044227
0.650079
1.13363
0.0820674
0.246776
2.46355
0.0208931
0.22166
0.66274
0.0294447
0.647766
0.0757799
0.0246494
0.0766596
0.0137995
0.033705
0.0637537
0.0199488
0.0452453
0.14026
0.0713882
0.854019
0.0770002
0.0470465
2.20943
0.021662
0.0124102
0.0656198
0.488456
0.762724
0.0784901
0.0701163
1.06584
0.0475382
1.69798
0.0200763
0.132834
0.033036
0.0164414
0.0536233
0.169689
0.0386311
0.0227708
0.0133532
1.40446
0.808927
0.298409
0.000754319
0.204879
3.14145
2.25659
0.0433085
0.350384
0.150889
0.466629
0.237332
0.249801
0.100784
0.0333095
0.0312236
0.0501425
0.685738
0.0228097
0.0977092
0.0220234
0.633467
0.0591749
0.0135973
0.231606
0.0464554
0.777944
0.0160873
0.0710959
0.851608
0.351165
1.74713
0.00988505
0.47272
0.0277266
2.09361
1.40962
0.276467
0.12568
0.58547
0.618911
0.0270995
0.0615946
1.06195
0.0446614
0.0436735
0.150936
0.843872
0.170335
0.147708
2.3092
0.750016
0.0245666
1.06388
0.208942
0.0777168
0.0646729
2.52403
0.0470416
0.0611389
0.0605959
0.0318983
0.0227436
1.05164
0.0533587
3.72861
0.880391
0.0188156
0.873488
0.0419127
0.931051
0.450269
0.0177864
0.152429
0.0325348
0.024085
0.37966
0.0462589
0.0209322
0.0233356
0.414369
0.0304241
0.242158
0.0276551
0.112788
1.16777
0.0310674
0.0157084
0.249496
0.221918
1.75444
3.43684
2.06748
2.42636
0.16164
0.0689085
0.0322721
0.0165477
0.756898
0.0299308
0.0148759
0.0219777
0.0202837
0.917401
0.0138292
3.18292
0.716026
0.102581
0.236203
0.0683526
0.0754893
0.992887
0.227167
3.0856
0.0437218
0.0560944
0.314573
0.0377497
2.14622
1.20984
0.115171
2.36515
1.60133
0.0114581
0.125775
4.04676
1.50655
0.0382277
0.224969
0.0169128
0.35077
0.0188063
0.051072
0.173572
0.0221061
0.474971
1.72095
0.0168917
1.37826
0.371015
0.0343517
0.0469767
0.0459314
0.0177025
3.51989e-07
1.68555
0.254553
0.00430258
1.41816
0.288855
1.39972
0.0317037
1.07107
0.216258
0.0340332
3.43715
0.0239634
0.111106
1.68084
0.366147
2.40878
0.0272285
3.68585
0.0160012
0.000464951
0.0215601
0.0557192
0.0923654
0.068729
0.107091
0.049133
0.0307383
0.00861626
0.0178376
0.228575
0.0142779
0.260144
0.023175
0.0245723
0.0339061
0.0174565
3.26215
0.418947
0.425271
2.8677
3.72367
1.05924
0.0150857
0.22983
0.0623823
0.0745175
0.347208
0.108437
0.103557
1.09727
0.725603
0.0147403
0.0534189
0.146298
0.0179362
0.0446709
1.20233
5.27208
1.02774
3.47843
0.02639
0.664857
0.0448218
1.11876
0.382898
0.0177963
1.10434
0.0261202
1.8447
0.006899
0.0175846
0.0121978
0.00308541
0.644708
1.39858
1.50088
0.0700856
0.0642791
0.0178506
0.0161737
0.0181148
0.018183
0.0257643
1.38744
0.0230953
0.0172937
0.046209
1.28972
0.0534782
0.0564732
0.000122176
3.46764
0.00623665
0.661348
3.69902
0.265894
0.0469733
0.364203
0.0404649
0.127126
0.982973
0.0683089
0.214062
3.13062
0.0659227
0.626571
0.0321133
0.0716422
0.0122017
0.410943
0.0463256
0.0181186
0.0128589
0.59335
0.11516
0.162498
0.0331913
0.194503
0.0448551
0.0733115
0.807877
0.000400404
0.0252849
0.0178943
4.8654
4.39088
0.017286
0.338647
0.0269989
1.51614
0.0179869
0.432129
0.00819916
0.0180565
0.0590346
0.0876835
0.0160929
0.647172
0.00904663
0.0394837
0.0438043
0.0261916
1.23761
0.173553
0.0693489
0.348094
0.11901
0.0288661
0.0737637
0.305356
0.0181243
4.14364
0.0166534
0.0509157
0.0105373
0.0451371
0.554081
0.0206788
1.28939
0.0487547
0.313874
0.184097
0.0438822
0.229352
0.00116219
0.0182379
0.00433316
0.0200709
0.0729689
0.833968
0.0281432
0.00645117
0.52927
0.0122194
0.0313177
0.0971686
1.43438
0.0591321
0.0473731
0.435354
0.127907
1.70999
0.0102778
0.054579
0.0231921
0.478631
0.0427977
1.23563
0.109639
0.0579747
0.068273
0.0190796
1.5901
0.0626545
0.0168901
0.0913453
0.0176379
0.0641379
0.0173211
0.0181125
0.0386802
0.769155
0.0254383
0.0213775
4.94967
0.0225589
2.49394
0.0110447
0.721519
0.11743
0.0470294
0.0181402
2.96034
2.88545
0.139735
0.127964
1.13875
1.00042
4.80828
0.0153594
0.249752
0.136386
0.807446
0.327931
0.0491639
0.0369289
0.0502876
0.0522562
0.590722
0.0103139
0.0481231
0.0225362
0.0561678
0.0530621
0.00176827
0.157414
2.19208
0.0214249
0.0174308
0.250968
0.228278
0.0367289
0.105362
3.35678
0.0904042
0.803426
0.0426353
0.0742442
0.0941095
0.14858
1.21535
0.216353
0.196013
0.0531823
0.0279009
0.594556
0.0483981
0.128696
2.01035
0.0439913
1.76545
0.0102307
0.00604807
0.0655322
0.0108332
3.91053
1.44972
0.00522748
0.721054
0.126618
0.0446983
0.366933
0.0360371
0.000119746
3.62304
4.42008
1.52223
3.31271
0.174231
0.039248
0.0439297
0.014942
0.00599851
0.192409
0.0348547
0.180643
0.220971
1.70574
0.0893842
1.56166
0.0221907
0.277572
2.11469
0.0638945
0.0297186
0.741053
1.11866
1.60116
0.0506968
0.34269
0.120361
0.0182914
2.50278
3.51508
0.0243835
0.0086974
0.0819215
0.0351252
0.159168
0.00955643
0.0186778
0.0473545
0.0327392
0.0277178
0.0447897
0.0264247
0.0179985
3.39236
0.125389
1.09401
0.0667459
0.00995299
0.0719008
0.0549918
0.023774
0.0678358
0.242736
0.0163677
0.00810749
1.11245
0.0586132
0.00575645
0.0848564
0.280191
0.102307
1.38858
0.179663
0.0723218
0.161961
0.0563669
3.14765
3.95847
0.700565
0.0453604
0.110128
0.0267018
0.210292
0.211336
0.0162449
0.328698
0.0488561
0.00568877
1.36192
0.312617
0.0741152
0.0980365
0.0726481
4.30644
0.336125
1.23115
2.63829
0.0302282
0.714548
0.0149139
0.044786
0.160678
0.0190806
0.0802904
0.0177552
0.0267871
0.0280389
0.0307653
2.86075
0.233704
0.0668436
0.026033
0.0410036
0.0834915
0.0502518
0.0569533
0.0206167
0.0686274
0.195053
0.962883
0.072895
0.0229242
0.00944584
0.02211
2.56615
1.51192
0.00361233
2.82712
0.0225794
0.0181453
0.0457453
0.177114
0.0428477
3.07449
0.446116
0.0765617
2.72361
0.0523954
0.090085
2.13994
0.802971
0.292901
4.30909
0.0431111
0.0513832
0.374731
3.46089
0.834967
0.225281
2.85374
0.692191
0.0982204
0.0711349
0.0310895
0.0213306
5.14308
0.457038
1.84169
0.045084
1.59076
0.0791655
0.991914
0.0485876
0.0148068
0.0535452
3.42988
0.0255725
0.118696
0.12089
4.13834
0.504722
0.00954444
0.0678809
0.0318151
0.0474837
0.402848
0.745753
2.82352
0.723162
0.0809403
0.0205968
0.289728
3.24217
1.68699
0.638138
0.940925
0.920729
0.380354
3.40433
0.0401624
3.15212
0.0650963
1.10492
0.0263765
0.0438853
0.0189523
0.171299
0.840227
0.0152729
0.0204987
0.0049151
1.83425
0.135181
1.78789
1.99227
0.0235189
1.21493
0.0273185
0.270711
0.0593627
3.77784
4.20899
0.0217137
2.34878
0.879219
1.19716
0.0379157
0.71502
0.0687044
1.67942
2.05665
0.00256219
0.524344
0.0277546
0.0615277
0.0458545
2.34461
0.670123
0.317221
0.0591601
0.0260948
0.0816942
0.0523516
0.00154061
0.0210773
0.0431493
0.17385
0.0447041
0.107204
0.0314062
0.0416862
0.0278572
0.0947033
0.123768
1.9234
2.28776
0.0644825
1.34472
0.320689
1.68577
0.0926502
0.0750329
0.584543
0.0764602
0.0210083
0.0308968
0.0643691
4.07723
1.55193
1.3924
0.0475354
0.0478501
1.50448
0.047681
3.14361
0.118891
0.059998
1.07407
0.0562915
0.439362
0.0446127
0.0317287
1.2093
0.0094071
0.119862
0.249866
0.0181434
0.0556847
0.000370458
0.0184446
0.369736
0.0472146
0.173945
0.0516556
0.0194538
1.46885
0.0838066
0.0652593
2.57083
0.00904328
1.68776
1.08781
0.0368593
0.0162753
2.09137
0.0449778
0.0831593
1.07986
0.103426
0.0220324
0.0251657
0.0512635
0.551717
1.39404
0.0369928
4.24711
1.25425
0.0278998
0.0100159
0.0106167
2.76926
0.0441253
0.101609
0.38986
3.81439
2.12192
0.0140246
1.17758
0.0463678
0.680838
0.0226283
2.10638
0.400652
0.186353
0.0191747
0.102807
0.242406
0.0093533
1.41969
0.0645258
0.0282316
0.0642489
0.0838922
0.106985
0.524001
0.0157526
0.0623337
4.06277
0.0282474
0.263032
0.805956
0.0206692
0.730304
0.763704
0.0594708
0.837689
0.105367
0.0425883
0.161731
0.0444962
0.125504
3.11445
1.07093
0.0256221
0.0667862
1.90886
0.0405078
0.657917
0.0275297
2.62408
0.643353
0.391211
0.0447276
0.255897
0.870798
3.14757
1.24144
1.73539
0.328583
1.32152
0.231765
0.0341479
1.49717
0.0454059
1.95513
0.0110603
0.0177547
0.120449
0.0746464
0.043759
0.972293
0.0501049
2.6509
0.0452093
0.0173469
0.044735
0.0752744
0.0207293
1.40859
0.0456306
3.78794
0.0763158
1.18156
0.0219636
0.0271491
0.529519
0.667439
0.0604931
0.00247278
0.0160967
2.18597
0.0902563
0.351983
0.00634656
0.0665628
0.0279335
0.976744
1.13999
0.797384
1.29159
0.012003
0.302337
0.887008
0.0253331
0.000973862
0.625742
1.27207
0.0396943
0.462455
0.953633
0.0606767
0.373624
0.0247297
0.0213908
0.113111
0.649404
0.055256
0.0234773
0.015978
0.11523
0.698747
0.0207652
1.24808
0.326344
0.0687738
0.0866343
0.295064
1.01531
0.0582086
0.0123116
0.29268
0.0653658
3.25801
0.0438672
0.0654796
2.00974
0.0358365
0.0218233
0.850767
0.0383535
0.0247505
0.0467592
0.0528964
3.37741
0.343671
0.0157146
0.0714482
0.0731947
0.0634378
0.0567466
2.31993
0.0224072
0.047343
0.0551777
0.00477806
0.261369
3.32199
0.00927166
0.616223
3.68778
0.0602259
0.099264
0.0591171
0.0306234
0.0695297
1.17171
2.43212
0.544281
0.984433
0.028166
2.24667
4.22071
0.0750895
1.06663
0.874353
1.17645
0.478025
1.75562
0.104361
0.383901
0.0163792
1.32582
0.0231799
0.01796
0.0392094
0.0181955
0.370978
0.204451
0.567164
0.271614
0.23848
0.168114
0.119235
0.0127189
0.0282185
1.52727
0.786895
2.39846
0.0388166
0.0489462
0.000431479
2.88928
0.40362
0.300826
0.0748212
4.06619
1.10484
1.86015
0.0514369
0.0724174
0.818053
0.0466697
0.112252
0.0207371
0.0538614
0.0584214
2.92606
1.45514
0.11882
0.0943315
1.05388
0.115891
0.710247
0.0606402
0.045
0.0084131
0.0317072
0.0241279
0.0189752
0.0175579
0.782658
0.0663482
0.11699
0.222467
0.026701
0.668315
0.0318907
0.114099
0.15158
0.338818
0.623011
0.0162422
1.68306
0.0646046
0.0426825
0.0178808
0.0374239
2.47058
0.749382
0.036932
0.62709
0.0586181
2.94608
0.224748
0.944802
0.0394359
1.57976
3.33243
0.0666577
0.226137
1.21859
0.429238
0.0243433
0.0978044
0.0113392
0.0597465
0.0216769
0.239143
0.0452885
0.399911
1.11429
0.015074
0.0444587
0.0525698
0.0834685
0.016476
0.0470075
0.19424
2.09348
0.0613114
0.238532
0.0360772
0.016967
0.11508
1.39087
0.0168409
1.2069
0.110559
0.0794985
1.97736
0.0507566
2.26429
0.0183517
0.991653
0.419808
0.0229992
0.0459957
0.0622519
0.0463958
0.00640984
0.464349
0.0319065
2.16477
0.0155865
0.0627159
0.632535
0.368648
0.1168
0.0510449
0.125916
0.341066
1.38548
0.473885
0.0228071
0.881956
0.0614795
0.0299841
0.0657716
0.235888
0.443906
0.0111996
0.0349531
0.857974
0.067495
0.0200812
2.95391
0.085719
0.993171
3.16307
0.0695205
0.0686704
0.2687
1.42235
0.00907195
0.234315
0.0387799
0.0175392
0.411854
0.0934976
0.258766
0.0501049
0.0500793
0.0493149
0.121922
0.0320841
0.0175438
0.0447604
0.0202992
0.794231
1.90191
0.026076
0.622562
1.98756
0.0294484
1.31226
0.0531046
0.050834
1.14855
3.14361
1.17453
1.68061
0.0180984
0.00128952
0.00315935
0.111463
0.0642812
0.0431932
0.399248
0.0469122
0.0302896
0.284433
0.0491239
0.0215827
0.111743
0.0321735
0.921311
0.922681
0.0400878
0.899335
0.360673
0.396597
0.0347011
0.0182546
0.350798
1.236
0.0448158
0.0981108
0.435081
0.0181052
0.050328
0.164224
0.0323528
0.0276465
0.223507
0.781069
0.0434777
0.0643978
0.0354048
3.03826
0.167583
0.0442969
0.0685843
0.646719
0.0156613
0.00961607
0.0188254
0.290158
3.2799
3.54274
0.122439
1.35954
3.4115
0.0345151
1.5497
0.0439568
0.0441054
1.41016
0.864448
0.0161996
0.00958976
1.21053
0.358547
0.024877
2.84081
0.244211
0.0446808
0.0054206
0.387524
0.0933687
1.37464
0.910526
0.719269
0.01903
0.570382
0.0538984
0.368157
1.18627
0.143678
0.0338668
0.0481718
0.0623172
0.0858704
0.0308788
1.42994
0.626842
0.630298
0.237911
0.177753
3.08929
0.288726
0.325042
0.0407312
0.29482
0.711351
2.17043
0.0232092
0.253362
0.324493
0.0184252
1.41726
0.283347
0.0242041
0.0356929
0.643924
1.40591
0.107081
1.41479
0.0252522
2.78712
0.0662514
1.26948
0.835525
0.503595
0.372012
2.9468
0.438648
3.6049
1.40307
0.246906
0.00592238
1.16356
0.377838
1.10428
0.00647846
0.0220665
0.0997955
0.0254646
0.0194107
4.10091
0.0496984
0.0170552
1.40195
0.0220973
3.60169
1.3941
1.41719
0.01774
2.63527
0.622008
0.0647832
1.13664
0.388027
0.0360475
0.273826
0.0571598
2.09684
0.275007
0.0428933
0.0307872
0.0139256
1.35111
2.22172
0.0474356
0.651559
0.0326079
0.376277
0.302821
0.00479188
0.0700579
0.0459376
0.906357
0.0422399
0.0533091
0.0805037
0.545092
0.262322
0.0187322
0.0322604
0.00781659
0.063991
0.0546767
0.0229383
0.0482375
0.0619483
0.0951456
0.019733
0.944227
0.0381339
0.444577
0.907131
0.0295737
0.0215769
1.12412
1.65326
0.0439362
0.0491986
0.000346826
0.0669506
1.04355
1.18462
3.97015
0.20817
0.305226
1.09534
0.0134001
2.02794
0.0225884
0.0650514
1.09571
0.0801407
1.30552
0.0458414
0.083015
0.0442475
1.44954
1.76328
0.00723635
0.0557245
0.045704
0.0706744
0.942345
0.0194771
1.62214
1.86123
1.86558
0.0533664
0.036099
0.352101
0.0652718
0.23332
1.85853
0.414852
1.34566
0.0246124
0.750018
0.00433257
1.1192
2.47567
1.05199
0.640192
0.832041
0.0641403
0.0349043
0.649873
0.0151692
0.82568
0.0666363
1.7974
0.155189
0.0283799
1.53583
2.34473
3.982
0.0196275
0.746517
1.37478
0.0641784
4.292
1.68703
0.0466679
0.150365
0.253026
0.27558
0.149218
2.56955
1.27122
1.05363
3.51826
0.141869
0.226053
1.67903
0.070098
0.466754
0.0505121
0.0146764
1.05821
2.57226
0.0580025
0.0436785
2.27756
0.787814
0.0657647
0.0588228
0.422421
0.943204
0.0168223
0.0442519
1.41511
0.0208384
0.038597
0.078532
0.0899564
0.0487524
0.0769292
0.0620059
0.076048
1.78619
3.96421e-05
0.0214008
0.0122069
1.37107
2.45142
0.133472
3.92709
1.14435
0.0323591
0.0424858
0.0268614
0.00943303
0.734828
1.38115
0.948065
0.054534
0.0629484
0.0245857
0.0367098
0.779402
0.00961603
0.0357818
0.47322
2.5874
0.00653139
3.50195
1.83446
0.57689
0.0402468
2.80388
0.0449288
0.179107
2.22717
0.417189
0.0433145
0.00931979
0.0173506
0.191563
0.119813
0.0675438
1.41763
0.0197993
0.066789
0.0646834
0.491733
3.39822
0.0872591
0.580804
0.776764
0.238909
0.269475
0.0278984
1.03365
0.0454129
0.0382183
0.00919965
0.362759
0.0261496
0.0233245
0.501184
1.12539
2.08541
0.0561475
0.305373
0.309309
0.0663831
0.0710583
0.084317
0.020296
3.95059
0.05099
0.0714402
0.053348
1.31162
0.0351996
0.00489984
0.059932
0.823018
0.0704474
0.0951651
0.0226272
0.00156219
0.0231674
0.00463137
0.00275207
0.812785
1.16395
0.0342763
2.39931
0.0186461
0.130865
0.0096163
0.51794
0.798542
0.232722
0.663274
0.000284616
0.705494
0.828444
0.0132309
0.0976091
2.71205
3.96404
2.69729
3.82225
0.0342748
0.743336
0.745918
0.0826689
1.81146
0.0591282
0.033646
0.511351
1.08001
0.0529242
0.440068
0.0519517
0.865984
0.00953229
0.0736672
2.34359
0.387165
0.00970581
0.390949
3.24978
0.6076
2.74797
2.30484e-06
0.0579981
2.99772
0.0209259
0.100502
0.109824
0.859933
0.0939275
0.0753018
3.1595
0.0639449
0.0183878
0.157397
0.057529
0.869957
0.00410743
0.691214
0.0360049
0.141289
0.0150391
0.0173498
0.0581036
0.110348
0.0199317
0.00809619
1.26051
3.15473
0.0539147
0.00699592
0.308641
0.309809
0.096315
0.0638566
0.0606217
1.06126
0.0133321
0.189462
0.0300906
3.66775
0.901247
0.248491
0.00937271
0.0146104
0.904899
0.0489623
0.0227628
1.16986
0.40577
1.36158
0.0756513
0.0370157
0.506645
0.104988
0.689158
0.00379905
0.0641312
0.58912
3.52608
2.54837
0.051833
0.0788024
0.0274808
0.0487525
0.0552829
3.40091
0.377909
2.89365
3.49294
0.406422
0.0655907
3.14751
0.107369
0.108468
0.227894
0.0451332
0.00959836
0.218852
0.0727768
4.19868
0.0190324
0.0390342
3.18816
0.107348
0.0438409
0.0521727
0.0533032
0.336703
0.0149594
1.37249
0.0156059
1.33074
0.0544044
0.0238925
0.0465166
1.31733
1.0966
0.00976425
1.41768
2.82676
0.060936
0.31702
1.36226
0.41374
0.348475
3.1679
0.0113401
0.574345
1.22239
1.02814
0.102729
1.45271
0.00467254
0.149783
0.0164987
1.66901
0.0164779
0.083592
1.20256
0.0287806
0.0449915
0.0228766
0.00410053
0.0995407
0.0113449
0.04746
0.270835
0.0211247
0.456409
0.0606527
0.0438592
0.00220726
0.703288
1.44828
0.05788
2.97858
0.0182131
3.09936
0.0957066
0.0637054
1.69067
0.0654661
0.0331079
0.260062
0.0152308
0.0390871
0.0202103
0.0237837
0.0178323
0.228293
0.411829
0.000705135
1.18105
0.238808
0.432314
0.0613132
0.0101231
1.40424
1.13352
0.0317264
0.089382
0.282668
1.33658
0.0255516
1.58468
0.0234373
0.332984
1.04401
0.0270828
1.28068
0.018065
0.430556
0.0349062
0.0516962
0.0463074
0.0331985
0.0751155
0.0630071
1.31882
0.13477
3.13998
0.0603911
0.0208376
2.13089
0.0390088
0.000248289
0.0994559
0.0253704
0.0738247
0.0013462
0.734244
0.799896
3.43479
0.0543372
0.41875
0.246628
0.0205406
0.0443698
0.0475786
1.81939
0.340516
0.118462
0.0435263
0.63868
0.0624695
4.04789
0.417563
0.0467484
0.0490988
0.0965771
2.74302
1.47713
0.676694
0.0463192
0.269775
0.0352852
3.99755
0.61624
0.0441897
0.0450417
0.443901
0.506852
2.72692
0.61741
0.0508322
0.410542
0.85238
1.41314
0.807718
0.0329473
1.34676
0.325546
0.0468579
3.08231
0.0358155
0.0344801
0.0288293
0.0215662
0.0976722
0.02488
2.46147
3.37714
0.0206456
2.27234
0.117286
0.0205478
0.0182743
0.08531
0.059776
0.0416404
0.0658261
0.0466762
0.0565814
0.0605987
0.0380839
0.0438744
0.021385
1.07537
0.433966
0.0352259
0.0178127
0.91684
0.0216501
2.42999
5.50897
0.0618412
0.0779617
3.01517
1.38118
0.0178046
1.56386
1.40662
3.15054
0.0364979
0.0863849
0.0501513
0.680168
0.0533628
0.0232218
5.68828
1.61727
2.7272
0.410989
0.0481843
0.00234885
0.0200697
0.252549
1.15076
0.400655
0.0153856
0.243486
0.0182287
0.138435
2.98922
0.514436
3.45769
0.00951144
1.30417
3.17848
0.825161
0.831039
0.0603902
0.0793631
0.0650391
0.290511
0.0187324
0.0191062
1.13476
0.353537
0.783193
0.0595682
0.0148051
1.49725
0.208475
0.978127
0.312433
0.0635651
0.0785979
0.065194
1.30673
0.0468258
0.0186898
0.0891524
0.0444226
0.0244392
0.0680862
0.0116761
0.0615375
0.0371775
0.0476866
0.0389069
1.44552
0.03322
0.0399941
0.0869358
0.996689
0.0472244
0.0252838
0.0650563
0.0550039
0.204999
0.052512
0.932677
2.32297
1.44913
0.102187
0.00323605
0.0262415
0.254768
0.120328
2.41269
5.5316
0.018363
0.706101
0.00100271
0.0200728
0.0110547
3.42341
2.2526
0.0333093
0.0639153
0.0426324
0.0242404
4.75103e-05
1.75401
0.12768
0.454403
0.0646205
1.43715
0.0126883
0.0114187
1.46196
0.234047
0.00931879
0.734722
1.64273
0.0934469
0.0702874
0.0486381
0.871073
0.0361012
1.30091
0.0126473
0.528109
1.21129
0.0654927
2.87423
2.06533
1.15043
1.7703
1.05701
0.0681517
1.85168
0.0448326
0.0490773
0.254799
1.06934
0.428757
0.0437176
0.0451963
1.02416
0.460704
0.908036
0.0334688
1.29181
0.55149
0.0468424
1.33916
0.0517441
0.348165
1.32244
0.293668
0.034477
1.62582
0.380025
2.9059
0.0257087
0.0109691
0.0732024
0.0224884
0.953361
0.034883
0.688677
0.0850477
0.362426
0.0327721
0.0595695
1.18038
0.173817
1.28886
0.0614996
4.35364
0.0151813
0.0204247
0.0620373
0.0438722
0.0263894
1.39593
2.84331
0.036792
0.794859
0.0447099
0.000503285
0.0285322
0.0528452
1.25584
0.471731
0.0893249
0.065042
0.107221
0.0603313
3.41357
0.360886
0.083093
0.0179541
0.480199
2.29632
0.0590007
0.0461589
1.16692
1.01586
0.117115
0.0237966
1.0036
0.0167514
0.0636294
0.0667241
0.0425391
0.167613
0.635376
0.63631
0.399289
0.756951
0.060606
1.23432
0.35506
0.0171081
0.0557356
0.446048
5.27601
1.13073
0.544836
1.20605
0.0564681
0.0726599
0.252056
0.0673599
0.00103925
0.0238354
1.20702
0.363822
1.02046
0.0882934
0.393862
0.0455156
0.258715
0.0411197
1.31937
0.046352
0.373921
1.18477
1.01346
0.48045
0.0201937
3.04049
0.0177856
0.043785
0.0176818
0.500693
3.13565
1.04677
0.0302341
2.79679
1.15972
0.38389
0.0442856
0.741605
0.208057
0.471283
0.0625053
0.0138571
3.47622
0.987254
0.516592
0.0556709
0.0334347
0.161334
2.21447
0.034829
0.0456517
0.0611539
0.0893802
2.34958
0.453246
0.0596621
0.04418
0.0229619
0.10922
1.73454
0.0846589
0.0436844
0.110119
0.01419
1.19404
0.555682
0.0261319
0.379726
1.7803
1.46665
0.380196
1.11786
1.43543
3.54122
0.0300153
0.0456957
0.0552751
0.0162768
0.407388
2.9275
0.0520575
0.0841961
3.62267
0.632203
0.063519
0.750638
0.752735
0.031459
4.20904
0.0585783
0.05022
0.0146621
1.25119
0.22569
0.290824
0.0452886
0.0504939
0.115158
0.0852947
0.0598387
0.254241
1.80838
1.83156
0.235802
0.375141
0.0464943
0.0253285
0.0231398
0.325933
0.176108
0.0870271
3.33301
0.0237597
0.159919
0.0439126
0.0459688
0.0487977
0.0435692
3.37028
0.312442
0.0613874
1.60835
0.0323586
0.611653
1.35193
0.00530449
0.00384047
3.57783
0.0135227
0.0152916
0.057172
0.104744
0.0582126
0.0131732
1.49673
0.220814
0.0442277
0.0517254
0.0435646
0.650013
1.27841
0.150819
0.0140322
0.0148715
0.0209723
0.0600825
0.0465897
0.060124
1.0977
0.422863
4.10353
0.760399
0.0474978
1.04491
1.06691
1.23865
0.453985
0.437788
0.388422
0.0464484
0.0596687
0.570454
0.0440059
0.228469
0.0457562
0.0578384
0.0872216
0.59372
1.26488
0.188243
1.02926
0.472416
0.0577141
0.264108
0.063636
0.0477589
0.202057
0.257875
0.410944
0.63874
0.0462802
0.997133
0.590015
1.04478
1.16604
0.325305
1.01986
1.01058
0.995769
1.02871
0.503849
0.530529
0.561672
0.545962
0.576185
0.425867
0.287623
1.17088
)
;

boundaryField
{
    back
    {
        type            empty;
    }
    front
    {
        type            empty;
    }
    outlet
    {
        type            zeroGradient;
    }
    circle
    {
        type            fixedValue;
        value           uniform 1e-12;
    }
    walls
    {
        type            fixedValue;
        value           uniform 1e-12;
    }
    inlet
    {
        type            fixedValue;
        value           uniform 1e-12;
    }
}


// ************************************************************************* //
