/*--------------------------------*- C++ -*----------------------------------*\
  =========                 |
  \\      /  F ield         | OpenFOAM: The Open Source CFD Toolbox
   \\    /   O peration     | Website:  https://openfoam.org
    \\  /    A nd           | Version:  10
     \\/     M anipulation  |
\*---------------------------------------------------------------------------*/
FoamFile
{
    format      ascii;
    class       cellSet;
    location    "constant/polyMesh/sets";
    object      twoInternalFacesCells;
}
// * * * * * * * * * * * * * * * * * * * * * * * * * * * * * * * * * * * * * //


298
(
88065 
63490 
86028 
86029 
88081 
88082 
86079 
49215 
86080 
49222 
49225 
34895 
34896 
30808 
34905 
30809 
86115 
86116 
65638 
49262 
88175 
49264 
86146 
86147 
49286 
49290 
86201 
86202 
86205 
86206 
86233 
86234 
102619 
88286 
86251 
86252 
82158 
102651 
82175 
82177 
88343 
100655 
57655 
61754 
90428 
98621 
35149 
35150 
86362 
67952 
67953 
98680 
88442 
86399 
82334 
82336 
41392 
41393 
88541 
88542 
86495 
86496 
86508 
70128 
86513 
86514 
96762 
86523 
86524 
86536 
86537 
82443 
82444 
96791 
96792 
86553 
39467 
37423 
76358 
37447 
92748 
98894 
98895 
37455 
86608 
86609 
103000 
100971 
33396 
66166 
98990 
98991 
27318 
27319 
88783 
86736 
86737 
86738 
86739 
88800 
88801 
103139 
101097 
90858 
66287 
86788 
86789 
37655 
37656 
43802 
43803 
88866 
88867 
88868 
92966 
88883 
88884 
86876 
86879 
86883 
86884 
27492 
35687 
35688 
86889 
86890 
86892 
86899 
86901 
86902 
41863 
41864 
86924 
103312 
86948 
86949 
86950 
97200 
86961 
86973 
86974 
76743 
86986 
91088 
33775 
87038 
87048 
87056 
87077 
87093 
87110 
87124 
93271 
87137 
27752 
87147 
87153 
87162 
44161 
87170 
89229 
87184 
87185 
42129 
87194 
87198 
87201 
48294 
48295 
42162 
42180 
42182 
33994 
91340 
44251 
44252 
34020 
34021 
44286 
81157 
89355 
42258 
72983 
66871 
44344 
42303 
40273 
27992 
42336 
103786 
101751 
42369 
48518 
36232 
42377 
38281 
36233 
87446 
71065 
42400 
42402 
42403 
89515 
34241 
34242 
42448 
42449 
36310 
34295 
81425 
48660 
48668 
85537 
85554 
85555 
34358 
34360 
85565 
85566 
85578 
85579 
81485 
89682 
89687 
97885 
85599 
85600 
87649 
81508 
85607 
85608 
48749 
85614 
85615 
71288 
48761 
85639 
85640 
97931 
85656 
85657 
48806 
38576 
85686 
38584 
87739 
48830 
44735 
48835 
85707 
85708 
85718 
85719 
85728 
85729 
87782 
48885 
48892 
48893 
48898 
32517 
32518 
73488 
48914 
48915 
85783 
85784 
87848 
104269 
32597 
32598 
85847 
85848 
87913 
87923 
87924 
85878 
85879 
98170 
98171 
49020 
98189 
98190 
85903 
85904 
98207 
104357 
85942 
85943 
79800 
100284 
87997 
49096 
34764 
34768 
85981 
85982 
30718 
)

// ************************************************************************* //
