/*--------------------------------*- C++ -*----------------------------------*\
  =========                 |
  \\      /  F ield         | OpenFOAM: The Open Source CFD Toolbox
   \\    /   O peration     | Website:  https://openfoam.org
    \\  /    A nd           | Version:  10
     \\/     M anipulation  |
\*---------------------------------------------------------------------------*/
FoamFile
{
    format      ascii;
    class       volScalarField;
    location    "1550";
    object      nut;
}
// * * * * * * * * * * * * * * * * * * * * * * * * * * * * * * * * * * * * * //

dimensions      [0 2 -1 0 0 0 0];

internalField   nonuniform List<scalar> 
10435
(
0.540974
0.414817
0.530921
0.499662
0.466764
0.504504
0.548573
0.680094
0.82622
0.517145
0.442421
0.540211
0.530954
0.875076
0.800196
0.586973
0.949856
0.542097
0.904338
0.534103
0.628912
0.552256
0.554216
0.813702
0.506442
1.37242
1.36296
0.524545
1.26225
0.526841
0.511671
0.45203
0.722131
1.25652
0.691993
0.363284
0.629965
1.39096
1.29515
0.885133
0.532431
0.546669
0.950259
0.486305
0.571785
0.855549
0.516726
1.10773
0.848094
0.616867
0.664121
0.483775
1.25896
1.28752
1.31635
1.21834
0.670564
1.3559
1.11095
0.745158
1.28296
0.397341
1.31857
0.478171
0.56006
0.521373
1.16945
1.23421
0.642754
0.794314
1.29175
1.41139
0.843339
0.525006
0.727951
0.760548
0.756178
0.565911
0.759775
0.774031
0.661203
0.610388
1.22221
1.2841
0.688147
0.402766
0.443408
0.446694
0.538119
0.435178
0.453393
0.460698
0.59389
0.499181
0.435445
0.35887
0.472556
0.672274
1.04361
0.465428
0.604014
0.478147
0.464908
0.440302
0.48315
0.490997
0.587357
0.639123
0.717871
0.719773
0.600872
0.47424
0.637355
0.674269
0.4581
0.541259
0.474345
0.395071
0.428025
0.49879
0.484673
0.666525
0.396698
0.362568
0.466042
1.32215
0.486512
0.550606
0.46409
1.4958
0.440105
0.462486
0.628156
0.83779
1.41911
1.09285
0.330179
0.513497
0.416855
0.536067
0.533092
0.531207
1.21015
0.491708
0.5699
0.656305
0.328473
0.483643
0.907216
0.521591
1.1649
0.589535
0.485749
0.514595
0.491629
1.25711
0.469115
0.405625
0.502438
0.442443
0.536884
0.905588
0.448099
0.606683
0.66691
0.471069
0.741689
0.54038
0.636615
0.477033
0.498107
0.926913
1.25159
0.602686
0.564971
0.426026
0.378795
1.06503
0.591976
1.2796
0.429981
0.496307
0.521631
1.28539
0.53976
0.99097
0.80999
0.581915
0.469118
0.486643
0.504601
1.18833
1.47673
0.351458
0.471297
0.61045
0.848845
0.432074
1.07538
0.602777
0.60148
1.32161
0.526154
1.32791
0.523118
0.456757
0.438053
0.527546
1.2938
0.586343
1.12267
0.541725
0.491616
0.594542
1.31726
0.82173
0.621809
1.17414
1.38214
0.97491
1.27803
1.06049
1.22918
0.510026
1.33574
0.653253
1.33002
0.483279
0.496268
0.652903
1.14507
0.698991
1.35265
0.603616
1.48884
1.01975
0.70139
1.37991
0.694802
0.500971
0.482478
1.30471
1.12701
1.24794
0.452719
0.784149
0.370423
0.632087
1.04228
0.404539
1.14014
0.562881
0.530574
0.60112
0.603325
0.469251
0.982902
0.584133
1.18483
1.24408
0.56722
0.492558
1.34201
0.686855
0.584837
1.12332
0.481221
0.527069
1.21782
0.460438
0.552259
0.682356
0.630471
0.513825
1.42103
0.510114
1.44611
0.463417
0.592531
0.713742
0.523246
0.957629
0.540497
0.549115
0.527132
1.14218
0.474092
1.30349
1.27931
1.26958
0.422727
0.454958
1.27522
0.656583
1.30863
1.27926
0.742668
0.557814
0.461196
0.507858
1.16726
0.680319
0.532633
1.11062
0.456318
0.742246
0.982818
0.615529
0.513609
1.27245
0.586569
1.34046
0.378715
0.477599
0.782253
1.24455
1.25773
0.503953
1.20661
0.546945
0.489326
1.29254
0.501105
1.15541
0.747638
0.523909
1.47307
0.528238
1.1849
1.41588
0.796235
1.24446
1.2643
0.536324
0.552945
1.31076
1.209
1.09904
1.24348
1.2101
1.49452
1.3418
1.25051
1.25811
1.21529
1.25352
1.27682
1.51429
1.12337
0.785504
1.25462
0.517771
1.34075
0.526639
0.780235
0.861137
0.531601
0.528954
1.27224
1.2732
1.1425
1.34608
1.18956
1.17898
1.28268
1.49666
1.27394
0.576502
1.46327
0.812433
1.33058
1.50778
0.53263
0.883784
1.10519
1.38483
1.35144
1.4359
1.27945
1.40671
1.64366
1.31229
0.732381
1.25096
0.661003
0.807868
0.527696
0.530128
0.833586
0.526523
0.73616
0.544513
1.0236
1.27058
1.26144
0.529861
1.27912
0.533054
1.60272
1.28561
1.50374
1.25923
1.22242
0.563688
1.4006
0.696026
0.626863
1.06832
1.44243
1.53266
0.888592
1.57702
1.45928
1.27679
1.2006
1.20451
1.25735
0.526467
1.2817
1.41728
1.25805
1.22226
0.537724
1.01623
1.06688
0.898419
1.26449
6.94575
6.967
6.95408
6.93383
6.92743
6.95873
7.06341
7.29539
7.74161
6.22943
6.25204
6.25929
6.26308
6.2796
6.32941
6.44166
6.65723
7.02976
5.51073
5.5328
5.5504
5.56826
5.59812
5.65682
5.76783
5.96254
6.27895
4.80351
4.82389
4.84564
4.87018
4.90592
4.9662
5.06976
5.24109
5.50886
4.12633
4.14436
4.1663
4.19232
4.22845
4.28505
4.37679
4.52284
4.74647
3.49904
3.5144
3.53416
3.55827
3.5911
3.64059
3.71795
3.83732
4.01633
2.93934
2.95205
2.96824
2.9884
3.01592
3.05678
3.11909
3.2127
3.34909
2.46066
2.47026
2.48194
2.49713
2.51852
2.55063
2.59914
2.67064
2.77188
2.06922
2.07428
2.0808
2.09074
2.10622
2.13049
2.1675
2.22171
2.29753
1.76158
1.76111
1.76257
1.76779
1.77822
1.79608
1.82403
1.86513
1.92267
1.52631
1.52127
1.51896
1.52069
1.52735
1.54034
1.56143
1.59264
1.63615
1.3488
1.34254
1.33871
1.33853
1.34273
1.35227
1.36835
1.3923
1.42559
1.21797
1.2138
1.21046
1.20966
1.21237
1.21947
1.23191
1.25062
1.27658
1.12799
1.12644
1.12416
1.12321
1.12485
1.13006
1.13967
1.15447
1.17511
1.07361
1.07304
1.07113
1.06972
1.07021
1.07362
1.08077
1.09233
1.10888
1.04793
1.04636
1.04366
1.04116
1.04016
1.04163
1.04637
1.05496
1.06783
1.0428
1.03938
1.0351
1.03095
1.02804
1.02734
1.0296
1.03535
1.04489
1.05114
1.04617
1.04003
1.03384
1.02871
1.02558
1.02519
1.02812
1.03469
1.06862
1.06242
1.05437
1.04592
1.03828
1.03244
1.02919
1.02912
1.03264
1.0926
1.08535
1.07527
1.06432
1.05388
1.04503
1.03863
1.03531
1.03549
1.12172
1.11322
1.10081
1.087
1.07341
1.06122
1.05133
1.04447
1.04119
1.15546
1.14504
1.12962
1.11245
1.09531
1.07941
1.06564
1.05478
1.04755
1.19423
1.18022
1.16066
1.13946
1.11834
1.09836
1.08031
1.06494
1.05309
1.23955
1.21815
1.19277
1.16689
1.14145
1.11715
1.0945
1.07407
1.05678
1.29485
1.2572
1.22439
1.19364
1.16377
1.1352
1.10788
1.08188
1.05778
3.66306
3.74672
3.83567
3.92942
4.02772
4.13006
4.23609
4.34519
4.45698
4.5708
4.68623
4.80279
4.91986
5.03707
5.15372
5.26928
5.38314
5.49461
5.60299
5.70763
5.80765
5.90228
5.99065
6.07175
6.14482
6.2092
6.26492
6.3118
6.34949
6.37814
6.39858
6.41141
6.41732
6.4175
6.4133
6.40639
6.39864
6.39209
6.38902
6.39192
6.40334
6.42598
6.46218
6.51406
6.58318
6.67019
6.77444
6.89405
7.02498
7.1617
7.29681
7.42168
7.5275
7.60535
7.64808
7.65024
7.60935
7.52519
7.40215
3.62935
3.71388
3.80316
3.89696
3.99499
4.09689
4.20229
4.31076
4.42186
4.53511
4.65005
4.76618
4.88299
4.99995
5.1165
5.23204
5.34596
5.45757
5.56617
5.67102
5.77136
5.8664
5.95532
6.03734
6.11163
6.17747
6.23435
6.28206
6.32067
6.35056
6.37226
6.38635
6.39359
6.395
6.39184
6.38567
6.3783
6.37175
6.36832
6.37046
6.38075
6.4018
6.43611
6.48587
6.55269
6.63736
6.73942
6.85694
6.9862
7.12167
7.25615
7.38118
7.4878
7.56724
7.61191
7.61628
7.57739
7.49487
7.37234
3.57259
3.65424
3.74072
3.83187
3.92742
4.02706
4.13041
4.23708
4.34663
4.45862
4.57257
4.68798
4.80434
4.92111
5.03771
5.15354
5.26793
5.38022
5.48967
5.59552
5.69698
5.79323
5.88345
5.96682
6.04255
6.10996
6.1686
6.21821
6.25877
6.29053
6.31395
6.3296
6.33826
6.3409
6.33874
6.33327
6.32622
6.3196
6.31561
6.31671
6.32545
6.34448
6.37632
6.42326
6.48704
6.56858
6.66765
6.78255
6.90983
7.04424
7.17881
7.30529
7.41477
7.4985
7.54879
7.55986
7.52842
7.45376
7.33912
3.48506
3.56335
3.64659
3.73462
3.82723
3.92415
4.02504
4.12954
4.23726
4.34775
4.46055
4.57517
4.69109
4.80775
4.92456
5.04089
5.15607
5.26937
5.38005
5.4873
5.59031
5.68824
5.78025
5.86551
5.94325
6.01282
6.07374
6.12571
6.16867
6.2028
6.22846
6.24619
6.25674
6.26105
6.2603
6.25591
6.24958
6.24325
6.2391
6.23956
6.24719
6.26465
6.29453
6.33919
6.40052
6.47962
6.57648
6.68964
6.81593
6.95038
7.08627
7.21548
7.32918
7.4185
7.47557
7.49429
7.47104
7.40473
7.29826
3.37208
3.44657
3.52616
3.61074
3.70015
3.79416
3.89247
3.99476
4.10065
4.20973
4.32154
4.43557
4.55131
4.66818
4.78555
4.90278
5.01916
5.13393
5.24631
5.35546
5.46053
5.56067
5.65502
5.74274
5.82307
5.89538
5.95919
6.01416
6.06018
6.09736
6.12597
6.14651
6.15968
6.16639
6.16777
6.16521
6.16036
6.15513
6.1517
6.15246
6.16002
6.17706
6.20625
6.25006
6.31052
6.3889
6.48539
6.59878
6.72615
6.8627
7.00189
7.13568
7.25515
7.35135
7.41618
7.44322
7.4285
7.37061
7.27213
3.23663
3.30685
3.38243
3.4633
3.54936
3.6404
3.73617
3.83637
3.94066
4.04861
4.15976
4.27362
4.38964
4.50721
4.6257
4.7444
4.86257
4.97942
5.09413
5.20582
5.31363
5.41665
5.51405
5.60495
5.68861
5.76441
5.83183
5.89053
5.94037
5.98137
6.01378
6.03804
6.05481
6.06496
6.06958
6.07004
6.06794
6.06516
6.06389
6.06655
6.07574
6.09424
6.1248
6.17001
6.23208
6.31245
6.41154
6.52832
6.66004
6.80203
6.94777
7.08914
7.21707
7.32232
7.39647
7.43277
7.42692
7.37724
7.28612
3.0828
3.14832
3.21956
3.29652
3.37914
3.46726
3.56066
3.65907
3.76213
3.86943
3.98051
4.09484
4.21183
4.33085
4.45121
4.57217
4.69296
4.81274
4.93063
5.04573
5.15714
5.26395
5.36529
5.46031
5.54824
5.62847
5.70047
5.76391
5.81859
5.86452
5.9019
5.93115
5.95291
5.96802
5.97755
5.98284
5.98546
5.98729
5.99053
5.99762
6.01122
6.03419
6.06942
6.11969
6.1874
6.2742
6.38071
6.50603
6.64749
6.80041
6.95806
7.11204
7.25283
7.37068
7.45666
7.50361
7.5069
7.46471
7.37939
2.91432
2.97456
3.04107
3.11392
3.19309
3.27846
3.36984
3.46696
3.56946
3.67692
3.78882
3.90458
4.02354
4.14502
4.26829
4.39259
4.5171
4.64092
4.76313
4.88277
4.99891
5.11064
5.21711
5.31746
5.41089
5.49682
5.57474
5.6443
5.70529
5.7577
5.80177
5.8379
5.86671
5.88907
5.906
5.91892
5.92939
5.9392
5.95065
5.96621
5.98867
6.021
6.06631
6.1277
6.20785
6.30864
6.43083
6.57351
6.7339
6.90712
7.08606
7.26155
7.4231
7.55991
7.66207
7.72173
7.73393
7.69693
7.61352
2.73707
2.79117
2.8524
2.92094
2.99682
3.07989
3.16992
3.26646
3.36937
3.47838
3.59255
3.71118
3.83348
3.95868
4.08614
4.215
4.34457
4.47396
4.60189
4.72742
4.84967
4.96773
5.08085
5.18817
5.28873
5.3821
5.46774
5.5454
5.61483
5.67615
5.72971
5.77585
5.81502
5.84818
5.87635
5.90154
5.92526
5.94847
5.97406
6.00471
6.04351
6.09365
6.15834
6.24159
6.34676
6.47564
6.62907
6.80484
6.99982
7.20987
7.42801
7.64343
7.84273
8.01255
8.1407
8.2169
8.23527
8.19492
8.10065
1.38242
1.33355
1.29595
1.26264
1.23121
1.20127
1.1735
1.1492
1.13025
1.11904
1.11862
1.13205
1.16204
1.21078
1.28032
1.37354
1.49296
1.63998
1.81459
2.01598
2.24329
2.49611
2.77481
3.08119
3.41924
1.31444
1.30377
1.28139
1.25449
1.22581
1.19696
1.16945
1.14503
1.12577
1.11418
1.11311
1.1255
1.15424
1.20204
1.2715
1.36515
1.48498
1.63205
1.8064
2.00732
2.234
2.48602
2.76395
3.06992
3.40841
1.29287
1.28487
1.26714
1.24351
1.21663
1.18852
1.1611
1.13636
1.11655
1.1042
1.10209
1.11318
1.14053
1.18714
1.25584
1.34904
1.46839
1.61461
1.78752
1.98629
2.21
2.4581
2.73095
3.0303
3.3597
1.28213
1.27207
1.25474
1.23197
1.20566
1.17769
1.15001
1.12468
1.10402
1.09058
1.08712
1.09667
1.12238
1.1674
1.23465
1.32642
1.44411
1.58814
1.75798
1.9526
2.17086
2.41203
2.67628
2.96505
3.28144
1.27385
1.26178
1.2437
1.22068
1.19414
1.16575
1.13738
1.11111
1.08925
1.07437
1.06926
1.07698
1.10074
1.14376
1.20891
1.29839
1.41335
1.55386
1.71911
1.90772
2.11833
2.35006
2.60294
2.87831
3.17909
1.26572
1.25223
1.23334
1.20974
1.18258
1.15339
1.12396
1.0964
1.07301
1.05637
1.04932
1.05494
1.07647
1.11711
1.17967
1.26615
1.37747
1.51337
1.67267
1.85368
2.05479
2.27493
2.51404
2.77341
3.05588
1.25691
1.24277
1.22349
1.19937
1.17144
1.14117
1.11039
1.08121
1.05598
1.0373
1.02805
1.03136
1.05044
1.08845
1.14806
1.23107
1.33811
1.46859
1.62096
1.79318
1.98333
2.19012
2.41331
2.65421
2.91575
1.24641
1.23332
1.21444
1.19005
1.16126
1.12969
1.09727
1.06619
1.03888
1.01794
1.00632
1.00717
1.02369
1.05894
1.11543
1.19474
1.29718
1.42182
1.56673
1.72947
1.90777
2.09997
2.3055
2.52551
2.76299
1.23493
1.2248
1.20713
1.18255
1.15272
1.11958
1.08525
1.05209
1.02255
0.999232
0.985166
0.98355
0.997541
1.03008
1.08355
1.15922
1.25714
1.376
1.51347
1.66672
1.83312
2.01044
2.19742
2.395
2.60477
0.53258
0.531896
0.397265
0.549904
1.06406
0.94843
4.14451
1.50828
0.377335
6.31346
0.260449
0.75399
1.56487
0.691033
4.54514
3.34235
0.306204
0.539091
8.80281
1.32354
3.35997
4.92566
0.295224
0.713208
0.744211
1.8736
0.796901
0.917471
0.472219
0.294218
6.1092
2.2281
0.507751
1.96222
0.289843
1.81478
2.30426
4.54323
2.16706
1.27291
0.388559
0.168936
3.71463
1.04629
0.935617
5.94723
0.281408
0.309168
0.435522
0.550141
0.274535
0.370282
3.90121
0.531918
4.07326
0.3816
0.693665
3.93281
0.620618
0.332894
1.86735
0.409463
1.00925
4.25425
1.61169
1.13674
1.5809
0.256709
1.347
0.506004
0.386468
5.33033
1.03785
1.50592
0.652291
3.47099
2.0371
0.330844
0.724843
0.516665
2.19801
2.00267
2.05003
0.244211
1.35837
1.71721
1.31169
0.336369
0.503395
1.03591
0.862722
1.16719
7.22756
0.761635
0.983415
0.263252
1.81693
0.260558
0.402699
0.334769
0.854898
0.396547
0.875441
5.63752
0.629656
1.03518
0.305725
2.45353
0.197414
0.296983
4.55174
0.503798
0.326921
5.67866
3.98431
0.439811
0.440793
1.35518
3.12767
0.332136
0.0968516
0.521245
0.691276
0.726316
0.497029
3.49825
0.374146
1.6536
0.852393
0.30988
1.89783
1.56146
0.495471
2.07757
1.05093
1.23426
0.907867
0.791071
2.24407
1.22385
5.99715
2.02977
0.331712
0.113605
0.460581
3.58355
0.556346
2.54311
3.27249
0.28832
2.17395
1.26667
0.556552
4.56719
0.591031
0.244275
0.778652
1.38392
2.51371
2.47955
3.87833
0.379638
3.60855
0.265418
5.542
0.254951
0.733026
0.748513
4.06439
0.745475
0.667643
4.48536
0.263532
0.248756
1.46387
1.03664
3.38369
0.490371
0.387717
5.91763
3.06331
2.1245
3.81964
3.55336
1.21252
0.879751
0.258994
0.196395
0.54665
2.93452
0.317912
0.334073
0.494823
1.92547
4.67252
0.540192
0.646405
4.82848
0.451864
0.497757
0.958503
4.88104
1.96024
2.90604
2.18844
3.946
1.4661
0.857804
0.444113
1.53145
0.637427
0.674943
2.79187
2.13611
1.98033
0.372375
0.777328
1.37637
5.62681
1.03488
0.732107
0.200946
0.568285
0.430769
0.274744
0.42151
1.01052
0.309513
0.18986
1.04176
0.240362
1.9089
1.92263
1.10035
2.17262
5.38702
2.93178
0.816379
3.55639
4.76431
4.00073
1.77425
5.13423
1.11137
1.10302
1.66942
2.44435
1.00567
3.34515
4.07501
0.174295
1.07093
2.41806
0.447642
1.0604
0.730375
0.315261
2.15719
2.62482
8.64214
0.310581
0.870259
2.65784
0.595918
1.6559
0.695808
4.45327
0.559966
4.11101
0.788386
3.21922
0.493639
0.494189
1.23742
8.86648
0.559348
1.35339
0.352832
0.744368
0.335837
1.16211
2.11143
0.277573
5.93789
0.3837
2.40616
1.04816
0.396836
0.293187
0.316091
4.71912
3.76049
0.126425
0.293832
1.08528
0.38027
0.386901
1.2581
2.39748
0.361487
0.339101
4.03328
0.854606
2.95226
0.399507
5.06356
3.2465
1.98692
1.21804
2.16022
5.42277
6.53039
0.530631
0.847237
0.429318
1.6881
0.294026
2.34186
0.788805
1.20868
2.52659
3.11515
0.780952
6.18054
1.3481
0.735563
0.442761
2.52822
1.29079
3.84516
5.58658
4.66716
0.690583
6.07521
0.348282
1.75069
2.37676
2.21747
0.127675
0.291544
0.653715
0.770177
0.346184
6.60887
1.72393
0.747655
0.792807
1.08564
1.10197
0.266468
0.450928
7.08346
0.170883
2.69263
0.297823
0.248344
0.948155
1.01261
4.91143
0.269994
0.451893
0.281755
3.23492
0.425316
0.175942
1.16072
4.04159
0.30613
2.62811
0.55144
6.18747
4.49279
0.4846
0.405673
1.59489
0.579042
0.422531
6.39797
1.96125
5.37112
0.393591
4.16246
0.498088
1.0368
1.01458
1.02859
5.71894
1.34867
0.262838
0.317173
3.3189
4.04533
1.03469
0.487226
3.24012
7.58268
4.9012
0.509246
1.37545
0.473635
1.52639
3.81434
1.28775
0.552598
0.766099
0.107245
4.30489
1.02803
0.822912
3.9536
0.487391
2.57543
0.359053
2.18389
2.74456
0.13293
0.421223
0.267116
1.45451
1.18077
5.67583
2.05798
1.01834
0.884964
4.22422
0.330192
0.101439
0.85284
2.4411
2.378
2.84126
0.734964
1.03926
0.714366
4.57192
3.9547
4.62277
0.100389
1.17477
0.338069
2.77176
4.74733
0.304003
0.899473
1.2559
0.488859
0.854028
0.470917
0.645323
0.731898
0.407546
3.7376
3.50298
0.368124
6.56192
0.510413
0.264777
1.91355
0.819738
1.91126
3.87858
1.22362
0.487527
2.74295
0.335443
1.26599
0.654118
0.423821
2.882
0.267611
1.02797
1.10745
0.282522
0.289164
0.766423
1.78701
1.05356
0.857704
2.66489
2.76701
2.15991
2.66259
0.134109
0.760628
0.242995
1.19019
2.2485
5.29907
0.508793
5.72281
4.56521
3.53218
0.449232
0.489832
2.55808
0.621246
4.5336
2.5306
6.38531
0.549168
3.8404
4.63002
2.43123
1.04207
3.35733
2.18387
2.83911
2.96013
4.30791
2.25118
5.03894
2.411
1.47715
1.06347
0.757788
0.305577
0.414053
0.413794
0.53622
2.85605
7.49917
0.317082
1.30776
0.559551
1.75095
5.63568
0.331286
0.421234
3.64387
4.73951
1.03101
5.79656
0.55437
0.426827
0.32074
0.808179
3.8251
0.386338
0.450952
3.64045
1.2137
0.29845
4.86238
0.316147
0.208128
0.437221
2.99664
0.689168
2.59302
0.346943
2.49244
2.95363
0.869095
0.450509
0.419265
0.30051
0.576054
6.76956
2.13636
0.437151
2.1986
2.33457
3.89713
1.70085
0.290946
7.31686
2.86188
0.651909
2.33562
0.273725
0.519715
5.61219
4.08896
0.642056
0.902713
0.329137
0.274708
0.438973
0.731241
0.270926
1.30972
3.86562
4.80099
7.40896
1.54545
0.508227
4.86114
0.911363
0.961767
4.84394
0.958336
1.40656
4.21019
4.27301
6.52675
0.628109
1.87314
0.4106
1.12526
2.25959
0.346829
0.912945
0.206146
0.822537
1.69786
1.12654
2.35082
2.80801
0.365641
3.4928
3.95195
2.4393
1.70061
4.01817
0.980103
3.78359
1.06491
0.814776
0.449771
4.6009
1.24559
3.07608
6.81403
1.44854
0.747548
0.336401
0.281475
0.896211
0.514343
0.704561
0.740659
1.02169
0.457064
3.63384
0.32495
3.51044
0.994136
0.540039
1.18159
4.0106
2.8158
0.697654
1.1218
4.7197
0.979404
1.80847
0.759337
0.826329
0.33818
4.35396
2.75824
0.328394
6.66396
0.153805
5.65933
3.14933
0.276181
8.72493
2.70812
3.13086
0.428943
0.485498
0.255189
0.0949918
1.09238
1.38832
0.418792
0.46391
1.11757
3.93828
0.736845
8.59542
1.2431
0.338489
0.16413
2.6175
2.50721
1.79352
6.14599
4.36965
0.476078
3.80897
0.728937
2.09384
4.18829
0.730577
6.27728
0.46465
0.329051
2.34495
4.35853
1.31556
0.267742
1.62412
6.70655
4.06785
1.56839
0.867676
2.40403
5.21743
0.615106
0.285769
1.21341
5.37141
5.66747
0.323008
4.40238
1.81702
0.315287
4.63936
0.516205
0.28803
8.91957
0.822483
1.21922
0.118715
3.37736
1.14473
3.34157
1.8697
1.93077
7.8905
3.07764
0.805776
3.91217
1.93478
1.65254
1.66057
2.60169
0.405343
8.41961
0.3903
3.8505
0.487189
2.71898
0.409421
0.290369
0.556382
1.14489
3.16865
0.12032
0.319605
3.34175
0.96632
0.540157
6.92016
2.31438
0.878137
1.03898
1.64073
2.38004
0.2758
0.457845
2.27133
4.08783
4.27972
3.37822
0.407828
0.0571028
3.90128
0.894096
0.161619
0.541839
0.814428
0.289171
4.4143
0.713612
4.42253
0.276509
0.143157
1.15136
0.965727
0.81456
2.31798
3.63153
0.270198
3.12525
0.934302
3.98441
3.2284
0.252329
1.25608
0.343107
4.56291
5.01241
0.435622
4.39624
1.30573
1.34422
7.26104
6.17964
3.02375
1.87131
0.18544
5.73277
0.269835
0.466755
2.81241
2.21212
2.81386
1.05309
3.57758
0.472998
2.52641
0.849372
6.472
0.294176
0.326852
1.43092
0.904109
0.541742
0.393698
1.82144
1.60837
0.544149
0.99683
0.433285
0.480262
5.79668
1.81204
0.361715
0.505266
0.523055
5.38349
2.32762
0.394511
2.8551
2.50966
4.01275
1.17827
0.623585
2.86508
0.523442
0.47163
0.546748
8.53032
3.00019
0.52039
8.21543
3.38577
0.431556
2.96492
2.107
0.50415
1.00499
5.28136
6.81792
6.15897
1.11547
3.33063
0.341513
1.65593
3.26029
3.24862
4.25472
1.26334
0.427516
0.307742
1.11141
4.61783
0.0300434
0.676142
0.626563
0.23949
1.69848
1.64802
3.65858
0.0615324
4.00453
3.09068
0.559992
0.541366
2.54712
0.336969
0.324674
0.277473
8.06389
0.522544
3.83715
6.3015
4.10747
1.95551
0.618902
1.78215
2.42575
1.03319
2.60765
0.463315
0.367405
0.459736
0.535744
0.832799
2.94297
4.09868
0.507188
0.970027
7.18155
0.822177
0.313969
0.288462
1.16137
3.49987
0.554634
1.47777
0.925621
3.08293
0.396009
1.63261
0.285329
1.34124
0.47928
3.74237
3.4054
0.52051
0.112608
0.661225
7.12016
0.363789
0.828464
0.405197
0.447543
5.25462
0.944851
2.76833
1.0024
0.539581
3.93667
3.36213
2.76001
2.57734
0.3454
2.93632
0.270255
0.209483
0.370247
6.10439
3.05398
7.79304
1.69825
1.3697
0.423541
0.437669
0.897308
3.14919
2.07552
0.866734
4.70841
2.71052
1.0649
1.90365
0.439607
0.457327
0.253821
4.67048
3.20025
4.56312
1.86746
0.441285
1.28432
0.820654
3.13412
4.38534
0.637931
0.961212
2.22428
5.44259
0.612211
1.11771
3.58293
1.3822
0.715172
0.376982
1.31558
0.429503
3.71616
0.658645
3.04437
0.458985
0.461204
0.915464
0.690284
0.34395
3.53837
0.425807
1.39711
0.772058
0.443688
5.0144
0.236862
0.595911
4.00086
4.17062
0.452187
0.551723
2.80679
2.13916
0.247126
3.45971
0.362934
3.37153
0.376809
0.300236
0.566186
0.271613
2.63196
0.458008
1.39469
1.3463
1.33628
3.52702
4.60849
0.294403
7.21754
1.70191
2.43031
6.926
0.522031
0.49587
3.77527
0.312539
4.06874
3.26144
4.15808
1.05984
0.276527
0.336326
6.60274
1.58582
0.197041
4.48706
0.658939
0.431743
0.217588
1.03692
2.09242
0.977049
3.2213
0.367021
5.42969
7.48909
1.10689
4.38963
1.60845
0.287236
0.319833
0.532393
2.64612
1.95643
4.73598
0.452278
0.991229
1.9987
3.3004
0.504025
0.278414
0.272654
2.2437
2.40628
0.986866
0.415338
5.22781
0.440411
0.987523
0.307232
0.492939
0.689006
1.17682
0.794435
6.76478
6.4617
0.131819
0.517035
8.71449
0.534384
2.09369
1.94587
1.40199
4.6123
3.69329
0.555808
1.3632
3.40672
1.25556
4.21242
0.457513
0.250454
3.11177
1.30255
5.51551
0.316314
0.505993
1.00727
0.337359
1.75764
7.84953
2.89258
2.25404
2.1331
4.78039
2.92202
1.22022
0.190299
0.652129
3.43214
0.485312
2.73444
7.88857
0.968669
3.35962
0.4293
0.409339
4.86584
7.67271
2.38406
1.88963
0.603649
0.479223
0.496596
0.250372
6.35526
0.627846
1.05249
0.547016
0.753769
0.344918
0.539503
0.376479
0.131025
2.08762
0.719547
6.08104
0.249238
3.45827
2.9091
3.41789
2.35712
6.37147
1.62427
3.6804
1.46983
0.300878
0.489379
0.428636
0.540592
0.993824
0.564586
2.31909
0.407509
3.48793
1.78633
0.335972
0.248785
0.947432
3.80358
2.25729
0.377321
0.467317
0.672649
1.01075
4.72772
0.681418
0.755769
0.251128
0.271569
0.310084
0.306527
0.263842
0.758582
1.20192
0.855078
0.325921
0.92719
3.03393
0.467714
6.3011
0.48677
1.83604
3.85343
0.414831
3.49308
1.05702
0.71038
3.0084
1.52578
0.992773
7.29016
0.761972
0.938106
0.460539
6.55222
0.613409
0.328267
3.12601
0.933721
0.720134
0.544852
0.631397
0.243964
2.9402
3.7237
0.534211
0.389728
1.54087
3.1638
4.49755
4.93329
2.1158
6.24539
4.0373
2.24015
1.71787
7.35607
4.75884
0.554761
1.64267
0.467374
0.224326
1.84152
1.7877
2.86848
0.938898
5.15651
0.40095
0.275021
6.24453
0.537067
0.747243
5.56834
3.04973
0.603186
0.854097
2.90467
0.400657
1.69949
4.42847
5.83668
5.27054
3.38906
2.75869
0.487823
5.90871
0.791969
0.541354
2.00967
0.109663
2.62372
0.488936
1.27121
0.517356
0.915409
1.36325
0.403948
0.34125
0.327498
0.40451
5.28785
0.367207
0.416239
8.39442
1.4966
4.42367
0.324483
2.44445
0.981876
3.98185
4.05166
0.499174
0.290208
0.398727
5.12144
1.28191
7.71341
0.411689
2.19391
0.627433
2.92264
1.51657
0.46231
1.52313
1.16789
3.35974
0.438695
0.408662
4.9585
0.874701
3.92616
1.0522
3.59984
4.70165
5.09027
3.38549
0.333906
7.05773
1.0965
0.697743
0.54901
1.09252
1.02044
0.400389
7.39399
3.53948
0.324523
6.43636
1.25468
3.56804
3.29604
3.80168
0.926058
0.321036
0.751233
3.4166
0.352121
2.11536
5.14235
1.04765
4.55565
3.0671
0.111855
3.00293
0.504596
2.07728
0.507274
0.658696
2.87846
1.5833
4.41311
0.710765
1.22072
6.04422
3.85723
0.255896
0.554202
5.14311
6.00971
0.552553
0.448658
1.00325
5.98321
1.21281
1.28446
0.331254
2.20173
0.92027
1.00271
0.482715
0.954017
1.13791
1.16145
1.43742
3.56556
0.404114
2.19743
1.03082
4.52365
0.367444
1.52959
2.6689
0.924085
1.01878
0.477497
0.285706
0.476959
0.581275
0.260587
5.27197
3.94337
1.93612
1.3601
0.459628
0.781067
1.04194
4.64508
4.98954
3.99338
0.407558
0.379939
7.13299
5.32379
0.250607
5.26678
0.731761
0.500035
0.377524
0.342729
1.81934
0.456027
5.45599
1.39556
1.4092
0.624566
0.465974
0.540225
1.94402
0.637099
1.24335
2.19359
1.38675
1.91835
1.56237
0.445613
0.418844
8.00876
0.8563
2.63862
0.388802
3.01519
0.429402
0.543185
0.335442
5.6225
1.76819
1.89695
5.76945
6.0492
1.84216
8.50604
0.48415
0.464028
6.12649
0.960249
1.16778
0.597927
0.489512
0.305788
1.4177
0.74844
1.45962
0.961621
2.19603
0.667722
0.450581
1.12459
6.5776
0.739584
4.78302
1.13085
4.8475
1.23693
6.82089
1.36701
1.01572
3.35575
6.01005
0.42521
3.37143
3.88032
0.327223
0.704122
2.65957
0.427451
0.490922
3.35379
0.455692
7.42121
2.75133
5.48114
5.21531
2.24707
1.39554
0.397726
1.17775
4.62923
0.494408
0.481797
3.5119
6.04663
3.35582
5.26317
4.45248
0.17436
3.42278
0.483114
2.01814
7.88026
5.33394
0.524585
2.39942
0.435021
0.499898
0.275867
0.494108
5.10446
0.566697
0.426282
0.317193
8.75286
0.0327948
3.72841
0.797705
5.16716
0.626507
4.38214
0.30438
0.77648
1.15657
0.371606
6.88249
0.444824
1.08666
4.82982
3.25544
0.333927
6.14344
1.94107
6.63479
3.68264
5.53526
2.44631
0.466785
0.391618
4.90188
6.4231
0.41071
4.50136
4.73093
0.664343
0.973767
1.54963
1.3329
1.0659
6.97371
3.00604
1.13759
0.0622843
0.668137
5.82503
0.337893
3.56438
1.40939
0.967807
0.907887
2.74288
0.326731
1.57262
0.350441
0.139034
0.116046
3.52124
5.67383
4.96009
0.43682
3.47997
0.500236
0.449198
2.70879
5.74733
0.282043
0.973703
0.37846
0.824391
1.16548
0.484511
1.04839
2.88656
3.99106
1.42731
0.761877
5.60778
4.6271
0.729902
6.36076
0.544699
1.15863
0.470138
0.696183
0.431746
4.70782
2.32087
0.581503
7.53743
3.67424
0.339561
2.96671
1.04098
0.55365
3.46677
0.290858
1.2378
2.45288
0.370779
2.78153
0.353129
2.46781
0.604359
0.85513
0.467252
0.786291
0.459027
3.30839
3.28276
0.829258
0.396665
2.68128
0.92553
0.929639
4.20794
0.753282
2.76644
0.608759
6.32594
2.61241
0.346298
1.37167
1.2909
0.45819
0.680202
3.41967
0.336377
6.65223
0.255985
3.53136
2.56969
4.63213
0.675032
3.46092
5.77229
0.298463
1.08489
1.24439
0.755146
0.376838
0.504303
3.14009
2.75463
2.37826
1.22492
2.5172
1.81959
5.07199
3.55087
4.80968
0.488888
0.764981
0.500903
4.7717
1.97567
0.242597
5.16249
0.298522
3.68118
0.276391
4.56806
0.701655
0.978416
0.255556
1.09928
2.91373
1.45728
0.940247
0.683149
4.69327
2.8708
0.862173
0.513921
2.80103
2.27168
0.55134
1.64741
1.49412
0.363773
0.804106
1.81524
4.37944
5.58816
0.459208
3.88471
0.487016
1.01651
0.73562
4.56852
3.41453
0.337736
0.409203
0.97961
3.28519
0.996982
3.33488
1.25432
0.699402
0.360604
3.20842
2.06701
2.99626
4.31907
0.643493
0.469748
0.726265
4.96662
2.10407
1.26675
0.413643
6.57448
4.60741
0.126176
0.745575
0.676161
1.54276
0.374753
2.20921
1.46949
0.412484
2.9989
0.98914
1.42773
3.21097
3.9206
0.446072
0.391277
0.523139
1.62518
6.06465
8.58874
0.335262
0.398749
0.662557
0.117129
3.77351
4.45008
3.8726
1.02238
0.387053
2.43357
0.214612
0.906752
1.27376
0.556112
6.46294
5.14767
1.13865
0.545262
2.75989
1.35488
0.948576
6.43891
1.90376
0.914565
3.75691
3.02976
3.05506
5.9913
6.18985
2.78372
0.292931
4.39799
2.35338
3.19215
1.52364
1.00554
0.279541
0.506023
1.54955
0.673314
1.12103
0.311896
1.49621
2.76043
0.229078
7.93343
0.116111
4.5574
6.74322
0.333097
5.12747
0.972302
0.260381
3.18557
3.58068
2.68993
3.67385
0.519844
0.507816
1.17535
0.403031
4.36874
3.01773
0.0187013
0.556231
1.29249
0.822285
3.1299
0.404582
1.06827
3.7844
0.2601
0.298222
0.967332
0.447022
0.420545
0.65527
0.468864
0.387676
0.65573
0.692611
2.1069
0.246526
0.517721
5.53232
0.436222
0.689601
4.52332
1.74641
2.623
0.749192
4.84367
4.23071
1.14831
5.75839
0.450267
5.07814
0.546047
3.09311
7.67205
0.314055
2.87684
0.939295
1.01192
0.345848
6.15669
4.93032
0.401881
5.02066
0.435368
4.21625
3.50097
1.15
1.52855
0.227111
5.09718
2.6976
1.23438
5.05786
1.03737
0.508386
1.23219
2.47721
0.822526
0.608234
0.380199
0.687952
0.789633
2.40676
0.695769
1.18017
1.08945
0.929786
0.510126
3.27213
3.57903
3.54854
3.93586
0.816124
3.11125
1.47332
0.589239
6.29155
6.08506
0.776664
0.72506
3.35188
3.48934
0.0429854
4.44592
6.60401
2.91584
2.68549
2.53791
3.40582
0.942271
1.14317
4.75943
4.09462
0.396929
0.513125
0.400357
1.98013
0.0896185
1.10363
4.18708
1.4888
4.33547
0.339238
6.6126
0.250027
2.49295
0.2413
1.16363
1.34026
3.03476
3.61785
0.55473
3.06505
0.464955
0.344611
0.261069
0.688251
0.267297
3.75793
2.69114
0.722524
0.296897
4.80055
3.46157
3.08614
2.24825
1.15222
0.510814
0.261223
3.45744
3.18185
6.36946
3.58319
5.73557
0.441762
0.100855
0.252274
3.19878
2.86848
0.813957
1.09767
0.347237
0.999978
0.221121
5.00188
0.444452
2.16452
1.01692
0.757605
4.80809
0.366085
0.635283
3.03453
2.70619
0.379203
2.44392
0.840874
0.764823
3.42229
0.850811
0.915616
2.98216
2.27025
5.457
0.981158
4.1371
0.475654
1.1019
1.94826
1.55473
7.07211
0.286729
0.663633
2.37499
1.49926
4.53424
1.44172
0.391459
4.92327
3.07152
6.71647
2.83631
0.363684
0.352078
0.496833
0.358313
0.550233
0.714026
0.617114
0.656143
2.86748
4.73315
1.34191
3.05328
1.04078
0.272551
5.02375
4.03848
0.439984
0.341519
0.60495
3.63864
0.939659
0.509917
0.375549
0.730784
0.666221
1.57613
6.84648
1.5848
4.37387
1.00451
0.0993414
3.32449
0.975774
0.992335
1.10616
4.32059
6.42081
2.89361
0.44177
0.950604
3.89296
1.75411
1.69676
1.93143
0.394113
2.59361
0.443613
3.10332
3.26113
4.98143
0.379898
0.956172
3.00473
3.37052
0.373474
0.951328
0.823234
3.37672
0.134896
0.363192
0.723363
0.552784
3.10397
6.29624
0.390338
3.97935
2.93026
0.263316
2.49401
4.10242
3.98448
0.768311
4.81744
7.41144
0.252458
8.05871
3.1206
3.13494
0.279654
3.81066
6.19027
4.21702
1.41998
7.42652
2.63423
0.809512
3.46822
6.09513
0.428408
4.71386
0.617956
3.77566
0.455033
2.9284
0.327454
0.477783
8.61101
0.540793
3.89963
3.0297
1.51154
0.726108
0.435567
0.738928
2.26844
0.26926
0.26567
3.64353
0.668268
1.25264
0.292906
0.720113
0.338082
1.25723
5.23626
1.30661
1.50757
1.4984
1.68889
0.528039
4.32755
1.05396
0.329396
0.397986
2.83527
0.706776
0.710849
0.23801
2.00395
0.757152
0.718277
4.75191
1.08465
1.34054
4.2893
0.407325
3.6884
0.677363
1.44223
0.348496
0.450529
0.52419
0.536235
0.341708
1.61844
0.110169
4.51628
0.27641
2.61795
0.388337
1.32594
1.30985
0.728483
7.79289
3.41595
4.48601
3.03971
3.12804
0.67537
0.341411
0.3552
0.993917
1.47021
0.253175
0.97291
1.12993
1.06655
6.9805
0.592198
0.576206
4.24544
6.37926
1.02431
0.738623
0.697243
0.745963
0.419316
2.92272
0.478566
0.480433
0.518917
0.516786
1.03881
7.53307
0.331779
0.303191
3.02426
2.14039
6.51214
0.710136
3.58124
0.346579
0.372169
1.23294
5.18571
3.99746
0.354819
1.67678
0.509071
0.491677
1.19273
0.555278
0.33103
3.35299
0.4652
3.69529
2.35779
1.62713
1.19228
0.363454
1.9868
1.3735
0.448899
6.02376
0.436258
2.23769
0.272495
1.78151
1.95023
0.471322
4.00269
0.48725
0.821857
0.48922
1.19747
4.37907
0.975563
0.653315
0.778419
3.32588
1.30843
0.678006
2.68894
1.17505
0.444986
3.12303
2.14244
0.547832
0.764075
0.48484
0.473854
6.41938
3.15442
6.17357
3.17124
3.92221
0.556226
0.540049
0.353356
0.460912
0.41429
2.79069
4.63188
1.39601
2.82909
3.20734
1.57141
4.6484
2.0543
1.62083
4.10141
1.68816
2.06407
6.90723
6.05125
0.770736
0.649705
0.357605
1.54965
1.98619
1.8775
0.777916
0.656172
0.434333
4.05667
0.346366
0.583422
0.486006
0.906259
0.357061
0.660135
0.519311
4.73946
4.84705
0.319524
0.527102
4.4357
8.37999
0.450904
3.49874
1.72888
0.358764
0.889063
0.327565
0.631362
0.647756
1.10781
0.451643
0.476849
0.67089
0.530124
1.88364
0.269823
0.409356
3.61362
4.66715
0.367921
0.707469
2.03613
0.775296
0.495785
0.28432
0.340265
1.16793
0.926972
7.37531
0.903217
2.36017
0.446627
1.89334
1.60064
1.00413
0.307227
1.0013
0.713299
3.0712
1.93677
0.663774
3.93743
5.69774
0.725662
3.39043
1.1739
2.18713
0.673542
6.96617
3.08782
0.494318
0.401051
0.82132
2.26406
0.359891
7.35872
2.45992
1.15955
0.89455
0.14239
0.874148
4.72428
0.289565
0.414707
2.21896
1.45763
3.89043
4.72427
0.730038
0.437982
2.99573
0.804284
6.03284
6.90275
4.71166
1.06371
0.169841
0.709647
0.350139
0.598945
1.13644
3.33279
4.93108
0.39856
4.27716
1.20277
0.34346
0.347967
2.65807
4.69409
5.96704
0.750916
0.360504
0.113503
0.147154
2.97228
0.306074
1.79401
5.63996
3.03983
3.04236
0.0619382
0.688616
4.18061
4.42081
0.353024
0.351772
0.467219
2.22761
0.387375
0.251721
1.36974
0.449415
1.44119
0.923565
0.39785
1.06854
4.46176
0.759399
5.05684
0.0468844
5.4103
0.339
1.34736
0.513488
0.376094
4.65044
0.336018
0.302467
0.114473
1.88158
0.322413
1.46294
0.941728
2.01444
2.64714
1.16853
0.716923
0.675102
2.77351
0.493791
0.804624
0.532667
0.307843
0.180708
3.86183
2.18095
0.253911
1.89698
0.437973
0.49154
8.21209
0.350944
0.349621
2.03715
1.06585
3.66136
0.91947
4.31668
4.74242
0.328658
0.679913
0.39517
5.85053
0.329138
2.14294
1.89203
0.471261
0.658333
0.378076
0.138533
0.700076
0.722418
3.72896
0.541104
0.338964
4.82762
4.80914
4.27214
0.532671
0.739637
0.320131
1.09386
0.640255
1.02891
0.551063
0.319319
4.60561
6.12464
4.49314
0.846498
0.318822
3.99316
4.69517
0.154902
0.318363
4.79247
8.7506
0.422206
0.285541
4.12972
0.440857
1.53036
0.436466
1.11811
4.77059
0.392393
0.687438
4.26813
3.17086
0.615009
2.8731
4.70825
4.77498
2.56523
0.936157
1.01316
0.426122
7.0557
1.422
3.09247
0.28909
0.79876
1.06952
0.948098
0.317684
1.1581
0.679198
2.42339
1.29418
1.53527
3.41862
4.63179
1.70641
0.299542
3.88278
7.66781
0.322353
4.6133
1.22188
0.338789
0.806939
1.24131
2.66583
6.54874
4.70619
0.618693
4.52501
4.568
0.631119
0.623179
1.05002
0.339215
4.5816
0.706115
0.280632
0.670635
0.65281
2.31428
0.416263
4.11857
1.25681
0.327844
0.546264
3.93922
0.602833
0.416078
0.62372
0.320774
1.47662
3.29036
4.72041
0.539856
3.47191
6.11522
0.427803
0.332791
7.6828
3.82552
0.550634
0.511155
0.218949
2.2514
0.619588
3.29098
0.367147
0.329034
0.369628
0.789748
0.455133
0.494419
0.470775
1.34973
7.19311
0.528687
0.565913
0.325404
0.336542
4.129
0.306756
4.21803
0.350237
1.57084
0.53434
0.320602
5.78011
0.69839
1.89205
0.325619
0.54767
3.61882
0.363646
3.65221
0.402893
0.28504
1.6244
0.475797
0.423113
0.427863
0.516649
0.471761
8.45355
0.329992
0.610817
1.44392
1.03325
2.02809
0.713352
0.154075
3.6181
0.474243
0.28597
0.324074
5.80738
0.688906
1.07618
2.2914
2.0997
0.356573
2.29805
3.59988
0.127893
0.720011
0.87686
0.755961
1.92891
5.74253
0.69346
2.36434
0.313188
3.4745
4.6716
0.40727
2.3911
0.182706
3.16776
0.429893
0.519152
0.400458
0.274527
0.587827
2.5869
0.598518
5.26241
3.89424
0.755123
1.01452
0.604678
0.358056
0.32594
2.7437
0.25924
0.459075
0.331714
0.31746
4.24955
0.586797
0.308182
0.279222
0.677728
2.67694
0.351868
1.62302
0.504324
0.861561
3.01117
0.63656
0.0346294
3.96226
2.38706
0.730707
0.00908361
0.0394732
0.491583
0.324211
0.926987
0.643221
0.411979
0.658999
0.707309
0.27304
0.313529
4.54454
0.321494
2.16507
0.266248
2.40681
2.79373
0.294342
4.34765
4.229
2.02953
1.68702
2.39311
2.91822
0.451576
0.772159
4.74546
0.539149
0.95094
0.283441
4.32314
4.5568
0.201723
4.19364
3.91802
4.28317
0.708068
0.0195443
0.0248718
0.315984
0.421087
0.457353
0.320261
0.682935
0.684559
0.879194
4.51916
0.395929
0.328335
1.50597
0.597893
4.66205
1.54558
1.3558
0.426435
0.371524
4.54726
1.74442
0.245788
0.83445
5.41044
6.56669
0.339321
0.475698
0.431694
0.293369
0.415371
3.7173
0.230271
3.52057
1.21377
0.451444
1.02058
3.78235
4.20144
0.384834
0.027238
0.013846
5.93361
0.469537
0.497171
0.721912
0.344178
2.85331
4.00832
0.502506
3.14143
4.64377
0.314677
0.268744
4.56286
1.5633
0.342193
0.331385
0.230582
4.67334
0.315237
0.306845
0.463714
2.72771
0.236637
0.48541
0.399887
0.408954
0.425349
0.719759
0.508207
1.00066
0.486918
1.55635
4.81938
4.5218
0.461232
1.55694
0.640665
2.80454
4.31028
0.297532
4.6479
2.51434
0.311829
3.61224
0.411241
3.9536
1.79919
0.819174
0.308887
0.971649
1.35105
0.295335
0.308286
0.249416
0.459295
4.42481
0.291738
0.452151
0.311386
0.462227
0.786344
0.343329
0.765475
3.56161
1.31662
2.84718
0.278105
0.726689
0.295681
4.49175
4.78926
3.74373
0.295891
1.11749
0.422613
0.309495
3.42467
0.416374
0.424183
5.54387
4.77556
3.07323
0.731286
0.254624
0.341102
0.275495
0.43661
4.7789
4.73246
0.295646
3.21076
1.04118
0.76941
4.3017
0.703098
4.50451
2.1833
0.307006
3.96797
0.531032
0.339711
0.401194
0.775123
0.33154
3.94788
0.348503
3.55867
1.32149
5.16325
0.49938
4.63476
2.90941
2.7023
0.516186
3.22503
2.74505
0.525869
2.86354
3.23446
4.78899
0.578759
0.162051
0.725211
0.326578
0.27319
0.345595
0.265988
0.269035
0.270555
2.79961
0.571142
0.364432
3.17863
1.27667
0.653404
0.298378
0.464138
0.955449
1.02183
1.84324
0.441348
0.715799
0.139072
1.0569
4.63538
1.79306
0.649885
4.74272
0.502676
0.91156
0.508728
0.560997
0.429649
3.53318
2.77845
4.61178
0.439663
5.91735
4.77298
0.42616
1.23392
0.513468
0.227567
0.701083
0.240476
0.314376
4.63438
0.246307
4.92583
1.32555
3.24807
0.452532
2.81531
0.338816
2.37193
0.4373
4.15704
3.64076
1.24586
2.18496
3.01751
3.84833
0.277488
0.393414
5.79348
0.64323
2.50592
0.792274
1.06469
6.86293
0.342267
4.14086
0.556549
0.713567
1.66765
2.20757
1.27189
4.79785
0.317874
0.353734
0.809432
0.646308
0.740482
0.419558
0.284583
0.441217
0.665175
0.496943
5.09981
0.395198
0.471345
0.329775
0.586389
4.69595
2.1111
3.52803
1.85935
0.181073
0.589334
0.971515
0.621109
2.22673
0.758672
0.872258
0.289635
0.546972
0.494274
3.59437
4.31276
0.446253
0.264156
0.302242
0.35122
0.512872
1.55039
0.48693
0.382643
2.98866
0.23655
4.67008
4.95005
0.465943
3.30993
0.474185
0.536345
0.391505
0.511485
0.69003
0.485912
0.44956
0.163412
2.99913
3.11395
0.48478
0.47728
0.693858
1.82067
0.288219
2.45509
0.287468
0.261152
2.89306
0.353447
1.66918
3.7966
0.85498
0.417707
0.942813
2.57802
1.50616
4.72007
1.14535
3.16802
1.45538
0.117752
0.418143
0.326275
3.35696
1.86182
0.337161
0.413966
0.461836
0.768967
0.676995
4.14571
5.82012
1.60373
0.311238
0.939255
0.292942
3.29452
2.9585
2.65699
0.594623
0.353885
0.326336
5.76145
0.543318
1.76998
6.70246
0.532355
4.45401
0.350442
2.32667
3.13821
1.47199
0.462258
6.20106
0.434932
4.69853
0.253235
0.0796061
0.654069
0.510645
2.69126
0.325535
0.23214
1.29169
0.337363
0.460419
0.300547
0.474494
0.264904
0.240998
8.14247
2.01608
0.4958
4.80599
0.319177
0.511538
0.34272
0.472724
0.485875
0.783932
5.66731
0.129318
1.38182
0.494298
0.276775
1.2929
1.00282
0.174279
3.43901
0.312463
0.726966
1.09103
0.48516
1.45839
0.893959
0.250092
0.531843
0.711258
1.87903
1.80847
0.984903
0.466643
1.31328
0.451836
3.9421
0.475548
2.11913
4.81828
0.481255
0.494673
2.11557
0.279233
2.5247
0.255339
0.385198
0.59667
3.42379
4.25406
7.16909
0.201811
0.493892
0.34341
0.434954
4.61257
1.65227
0.381129
0.521372
0.440949
0.567719
0.0279174
0.0875936
2.98694
0.989901
0.321399
0.280592
0.647029
0.855193
0.49705
0.489604
2.80568
0.411827
1.28735
0.278696
0.455358
0.758907
0.286509
1.41439
0.288573
0.288171
8.88826
2.05322
0.6795
1.29305
0.386682
0.894503
5.33989
1.3914
3.78669
0.868932
0.349447
3.72639
0.269046
0.325272
4.04093
1.48631
0.556029
0.502031
0.554276
4.53661
1.95803
2.88786
0.658725
3.72933
0.444873
0.582713
0.914102
0.305117
0.021791
0.518234
0.448153
0.320529
0.698579
3.16992
0.424332
0.398985
0.939498
1.15984
0.52353
0.0208551
0.4632
0.681407
0.686676
1.01694
1.93335
0.296442
1.73809
1.287
0.360621
0.261313
0.460913
1.77731
1.77191
0.474228
0.486116
0.654834
1.22083
0.697208
1.67405
1.30679
0.970132
0.515608
0.479808
3.93727
7.19243
0.347793
2.22377
1.69399
0.398622
0.0431017
2.68311
0.551912
0.893197
0.399428
0.641834
4.18149
0.38536
0.121047
0.44325
0.674177
5.22796
0.306626
0.0142003
0.320406
0.249652
1.37411
0.25773
0.323768
3.62313
0.466221
1.92219
4.74061
0.500675
0.71577
6.4587
0.489796
1.15141
0.47985
0.66056
0.690119
6.94209
0.130734
0.960946
0.718854
0.468931
0.777685
0.358951
0.561953
4.06426
0.490907
0.719969
5.97966
0.410911
0.679395
0.488185
0.678461
0.475556
0.959363
0.381155
0.485463
0.551596
4.37747
0.765039
0.325244
4.70227
0.168062
0.137992
0.334407
2.75984
0.27996
0.495367
0.449859
0.277512
0.316372
2.07882
1.57884
1.65911
0.490958
0.254258
0.403195
3.54503
0.271456
1.23102
0.439765
0.412753
3.13815
3.59513
1.68373
0.153051
0.604541
0.473139
0.894138
0.289433
1.53282
0.261952
2.02106
0.389757
0.699459
0.705436
0.321639
0.49135
1.18814
0.440876
0.419682
0.63536
0.37933
0.723406
0.45342
0.327036
1.27287
2.09961
0.696361
0.843593
1.48072
1.81984
2.62729
1.08548
0.472393
0.639471
0.664725
0.623028
0.481918
0.478871
0.497925
0.797686
0.483146
0.779976
0.486083
3.758
3.32266
4.27634
0.465333
3.54721
0.623044
0.631737
0.508229
0.73321
3.31294
0.433313
1.53692
1.11831
4.7574
3.35121
3.09761
0.0625747
4.56875
0.235793
1.32247
0.471712
0.590833
0.738306
0.368298
0.436063
4.2692
0.560198
3.02929
0.509782
1.59077
0.380008
3.34901
0.625673
0.858572
0.557601
0.47536
1.21616
0.312233
2.74377
0.24552
1.55828
0.239868
0.913274
3.23917
0.457478
0.289812
3.81083
0.455716
0.629362
2.48192
3.38645
1.73511
0.354014
0.722151
4.15256
0.444615
4.34854
0.306215
3.66032
1.95452
0.459594
0.370304
0.541011
1.10943
0.640672
4.65945
0.590201
1.98597
4.58696
4.04309
1.78257
0.262712
1.8936
0.546866
2.29451
0.234283
1.83856
3.82265
2.60383
3.1343
0.533257
0.422141
0.81543
0.548292
3.71434
0.310233
0.710877
0.120487
1.35544
1.34689
4.40659
0.527681
0.250514
3.0928
2.56888
0.885385
1.94415
0.821686
0.301251
0.452991
0.551894
0.916909
3.31165
2.86805
4.26747
0.333584
0.265673
0.333982
0.547368
0.152491
3.19828
4.10559
0.329322
0.346524
4.13978
0.776318
4.20502
2.53538
1.55571
4.39402
4.35242
4.50129
0.483507
2.71204
3.93688
0.740033
6.74823
1.41056
1.25411
3.25478
0.426462
6.00819
0.635427
0.728297
0.940078
0.455152
0.251803
0.259215
0.843377
4.06024
0.579716
3.61961
2.09633
0.667431
0.472646
0.440926
1.02123
3.94173
4.32326
0.68645
0.486753
0.482259
0.642193
1.52886
0.312216
0.690974
0.25376
2.46772
0.694141
0.408654
0.908334
1.3964
0.329525
0.445625
6.62029
1.31587
3.03175
1.96014
0.685377
0.544201
0.29056
0.320406
0.927014
0.440116
2.43737
0.28125
4.23179
3.37086
0.389934
0.289196
6.98134
3.47654
0.128047
0.66812
0.749502
0.719525
4.4747
0.550342
0.720449
0.797811
4.73118
0.469195
0.517141
0.495078
6.3435
0.461271
0.877178
0.543159
0.648521
0.542628
0.679117
0.388199
0.866832
0.313941
0.501073
0.515298
0.316657
5.94817
1.53159
2.60444
0.093106
0.512153
0.554941
0.478107
0.0174078
0.241014
0.256041
1.32988
0.360261
0.60399
3.25782
4.42657
0.53292
0.345641
0.768192
1.20594
0.617375
0.456642
0.323919
0.561293
1.58724
0.436561
0.75541
0.0101179
3.46395
4.58811
0.663994
1.15499
0.312905
0.742746
4.38604
3.56699
5.0886
0.760247
0.258777
1.20901
0.228895
0.665641
0.539808
0.723202
0.425901
0.315933
0.285185
0.431122
0.106413
0.44801
2.60584
0.485907
1.40899
0.241886
0.741597
0.516032
2.38511
0.291839
0.511589
0.676007
0.486606
1.71361
0.245028
1.5441
1.80659
5.0573
0.441755
2.92491
0.323538
2.61535
0.24948
0.727579
6.89112
0.395675
4.42311
3.41762
1.99683
2.06396
3.97488
0.597222
0.762951
0.744817
0.652267
1.81836
0.434465
0.553725
0.694843
0.907761
0.536344
1.25785
0.612226
0.240938
0.763472
0.321986
0.352623
0.250122
3.10915
1.74936
0.842547
0.527848
6.60181
4.10043
2.50374
0.678673
1.83743
0.835296
0.24689
0.352864
0.804059
0.495833
4.78788
0.541222
2.46563
2.72192
0.389816
0.500311
0.32392
0.111265
0.104992
0.259267
3.72784
0.656715
0.325134
1.96722
0.543388
0.280412
0.650361
0.987144
2.05202
4.30843
4.70774
3.79385
0.476751
1.70879
0.228715
0.253123
0.481137
0.28753
0.183247
0.90964
1.00221
1.61897
0.734509
0.317794
0.353554
0.325933
0.0861457
2.03878
0.806848
0.993027
0.361497
0.336558
3.41812
0.879003
0.306724
2.69084
1.28563
0.679555
3.17056
0.94127
0.516285
0.432457
1.82491
3.11162
0.0104263
0.0104101
0.959183
4.5198
3.49571
4.77139
4.24991
1.46561
0.550736
0.772259
3.55457
0.92587
0.543473
0.882841
0.789424
3.23023
0.2759
0.428977
0.253663
0.280933
0.7987
0.358078
0.816378
0.387024
1.87213
0.332163
0.581574
1.15315
0.108103
0.291572
0.321406
0.597
0.491478
0.796872
0.496143
1.26934
0.284348
0.499007
1.00238
0.469008
0.678557
0.0109847
0.48548
0.295028
0.541829
0.263383
4.78233
0.69821
0.476896
0.498261
3.1824
0.36871
5.78125
0.341277
5.56602
0.348252
0.303542
0.474568
0.786144
0.288847
0.735381
0.423749
0.199354
0.144681
3.57059
0.541534
0.800581
2.7752
0.276377
0.315724
0.125278
0.53374
0.00281324
0.852128
4.78741
5.43137
2.09386
4.37292
0.680621
1.62588
0.242353
0.66061
0.507989
0.011455
0.0172769
0.797372
1.33236
1.3545
0.933434
0.961794
4.24935
0.29277
0.529708
0.804205
0.507059
0.44948
0.455656
0.535617
0.407855
0.360258
1.68074
1.61296
0.0845319
1.85865
1.0611
1.12037
0.974747
2.26658
0.518223
4.60366
0.513806
0.440348
0.326444
0.415136
0.289037
0.361402
0.431039
0.332597
0.666933
1.33062
0.254478
0.414897
0.590825
0.840654
0.727218
2.3278
0.691851
0.945059
1.40697
0.63118
0.517245
3.48068
0.367253
4.16765
0.688961
3.90748
0.897997
0.520295
6.55922
1.51257
0.485298
2.24421
0.753871
0.524544
0.481555
0.249195
1.5941
0.467294
0.330047
0.709358
2.50674
0.272079
0.73587
4.04037
1.06077
2.17498
0.437695
0.412822
1.00525
3.51906
0.126664
2.7839
0.391614
0.489703
0.444106
0.518792
4.02866
0.01235
0.0144425
0.527652
2.13151
0.266281
4.25309
0.645423
0.397325
0.422099
0.85481
0.349613
4.21228
0.634386
0.395629
0.922394
0.513086
3.88696
0.450897
0.974079
0.589543
0.440131
0.360705
1.03353
1.12532
1.11608
0.953505
3.37736
6.21608
3.84696
0.300655
0.500197
0.546668
0.692084
0.805107
0.398644
0.364183
3.21705
0.763543
3.12071
0.425559
0.556417
0.373962
0.337725
0.58687
5.56882
0.674659
0.236134
0.415245
0.500839
0.495038
0.540232
3.68239
0.449563
1.51672
0.167154
0.484308
0.486263
0.355108
2.50767
0.320678
3.21311
0.223774
2.64029
1.7605
0.264451
1.00508
0.837597
0.531706
0.880419
5.74057
6.22798
6.19168
3.85703
0.60793
0.323816
0.429351
0.404844
0.526605
3.33083
0.503869
0.505404
5.62807
0.371429
2.89815
2.46651
0.454791
2.83355
3.88487
0.518468
0.937593
0.710765
1.0916
2.82576
5.31576
0.325038
0.43709
0.625273
4.60276
3.64226
0.360197
2.01002
0.687025
0.474538
3.43325
4.71387
0.554531
0.740439
0.503958
1.28931
0.723212
0.963736
0.704823
0.278884
0.677426
3.44768
0.437713
1.2712
1.2134
3.23486
0.885167
0.364813
0.468715
0.526112
0.257362
3.94405
2.1443
1.58422
2.43258
0.353173
0.616632
0.709351
2.50924
0.621259
0.850183
3.72829
5.26598
0.41864
2.58179
0.476721
0.704208
1.62268
0.457079
0.409001
0.28775
1.20332
4.7305
4.92573
0.192885
3.73568
0.786943
0.476959
0.898275
0.516555
2.97349
1.16398
2.88991
4.82396
0.297397
0.458409
0.506712
0.345446
5.44072
0.69311
0.671578
0.812028
0.339575
0.525544
0.429029
0.762142
0.690047
2.49314
3.34625
0.338858
2.64169
0.237727
0.671844
0.56202
1.08436
0.166541
0.246809
2.48144
2.41968
4.59153
0.449133
1.61578
5.53031
0.261434
0.749521
0.550494
0.353226
0.321452
0.376477
0.819559
0.0864785
0.973862
0.983207
0.913685
0.461306
0.415845
3.70221
0.515433
0.89757
0.233551
0.996106
0.245613
0.244258
0.916737
0.650686
0.488207
3.15562
0.213806
0.412982
0.506145
0.863783
0.306476
0.330797
1.56439
0.179907
0.728776
0.489272
4.61937
5.86087
4.59145
0.319068
0.282484
1.21241
1.53992
1.57207
0.265715
4.80597
5.84245
1.12673
6.06133
0.432006
0.317603
0.720685
0.441675
1.00808
0.455855
0.323103
0.616953
0.431476
0.403945
0.553613
0.887612
3.20803
0.522164
3.09392
0.378271
0.290328
2.05236
0.713773
0.985083
0.67069
1.66193
1.08886
0.567775
1.0513
3.03368
3.45956
3.27122
0.300675
0.827181
0.41097
1.36018
0.439997
1.12284
0.390555
0.469882
4.9748
0.610699
0.258198
0.547244
3.35623
0.270139
0.274877
0.651823
1.12681
2.58528
0.155586
0.390202
0.562378
1.1028
0.635428
0.705189
0.680861
0.24891
4.62557
3.19143
0.308498
0.709559
3.96278
4.14816
0.947213
1.26031
0.522405
0.931243
0.451334
0.279627
0.643264
0.412938
0.401756
0.238611
1.17543
0.671103
0.513307
0.240934
0.879615
0.593216
1.95729
0.936425
0.998548
0.995905
0.687958
5.0031
0.607467
4.17946
4.30648
0.22377
0.182131
4.80785
0.264916
1.45359
0.548701
0.337314
0.411951
0.467208
0.960243
4.99045
2.99
0.584001
1.34987
1.62875
1.4555
1.09801
2.00363
0.425904
0.14542
1.22928
0.708835
1.01034
4.07552
0.451813
0.421877
2.34841
4.15742
0.463076
4.014
0.313081
0.747015
0.658349
0.373319
1.3483
0.365433
0.283221
0.662857
4.52176
2.8801
0.456127
0.617536
0.358583
0.457844
0.34642
0.347028
1.30013
0.485895
0.477854
0.380917
0.731213
1.48504
4.01857
0.849888
0.210809
4.42557
0.80536
0.209706
0.452228
0.991271
3.93298
0.470818
0.493669
0.534673
0.990999
0.7104
3.7157
1.08837
0.87503
2.0038
0.912992
0.391017
5.89992
0.471083
0.507967
2.51466
4.48714
1.14729
1.06052
3.29932
2.65831
6.29851
7.03248
0.531655
0.348245
0.19177
0.235974
0.1857
5.53145
0.953273
0.517088
0.936561
0.664058
3.72492
4.68613
1.70715
0.554962
0.164484
0.237928
0.292162
5.10687
1.46091
0.150541
0.575578
0.249802
1.16998
0.623208
0.988385
0.309305
0.966446
2.82499
4.32308
1.00954
0.856882
0.331777
0.272318
0.98918
0.413868
0.717362
0.728079
0.312994
0.135711
2.347
1.69183
2.95577
4.70505
0.569651
1.473
0.317899
1.36755
0.31025
0.299566
1.28344
0.250791
0.3294
1.04781
1.20484
0.270758
1.18009
0.777406
0.876195
0.715356
3.22673
3.15812
0.356885
0.299088
1.43217
0.596167
6.69695
4.27006
1.49462
0.949771
0.566088
1.1346
0.251446
1.65638
0.32803
0.356581
2.21628
0.739454
0.550665
0.195645
4.7496
1.17643
0.527603
0.429293
1.28891
2.09606
0.334632
1.821
0.500755
2.02174
4.00354
1.18635
1.1227
4.68457
0.459149
0.203034
0.399969
0.333722
0.698119
0.698598
0.529078
1.267
0.849461
0.116885
0.779137
0.426913
4.74724
0.669774
0.560224
0.543667
0.480205
1.63372
0.74342
0.181932
0.170465
1.95718
1.98938
0.207358
0.506326
1.15257
0.314272
0.30506
0.702019
0.232149
1.6772
0.337911
0.52152
0.694838
0.69036
0.687323
0.26139
0.700574
2.36633
0.469089
1.32854
0.656785
0.403333
0.699017
0.220328
1.02295
4.75393
3.79197
0.345213
4.37971
0.331203
0.496677
0.230012
2.08644
1.00904
1.24931
0.38705
1.45664
0.583131
0.531101
0.383602
0.507293
0.359917
4.78938
0.670884
0.885223
0.648003
4.5744
5.49885
2.90274
0.980028
0.562714
0.270171
2.8093
0.699894
7.10474
0.55364
0.571337
4.1903
8.83954
0.666826
0.286562
0.11903
0.328101
0.368816
0.338622
0.263423
2.7105
0.411348
2.66798
0.699419
0.432023
0.325241
0.21688
0.187388
0.304021
1.04192
0.290339
2.92213
0.283922
0.697158
1.05008
0.181625
0.69949
0.677309
0.465293
1.01225
0.270064
0.519744
0.23451
1.41795
0.944419
0.347119
0.185955
0.405775
0.363697
1.48598
0.303384
0.366221
1.20751
0.366087
1.15509
0.46838
0.323346
0.901401
3.40232
0.933796
6.00012
1.73192
0.366561
0.196108
0.350633
3.18009
0.922308
0.656059
1.86815
0.110455
0.19628
4.51395
0.487458
0.690377
0.276768
0.337649
0.703427
0.341873
1.62226
0.829853
0.388748
1.00771
0.670348
0.31067
1.00825
0.340677
2.0449
1.89723
1.19196
1.81909
0.750823
0.351189
4.20531
2.64812
0.319172
1.63882
0.271537
4.76911
0.160817
0.695193
1.37608
1.92501
0.728501
0.878759
0.483437
0.804211
0.751626
3.11481
0.238133
0.682526
0.68306
0.291176
4.3479
1.43771
0.537509
0.105396
5.67392
3.06161
0.37405
5.14633
1.51793
0.176202
1.31864
1.58831
0.191845
1.68153
1.40843
0.695593
1.74922
0.326792
0.696318
1.46723
4.67846
0.315485
3.88328
1.03409
0.772113
0.166204
0.332242
0.407918
0.260129
0.696131
0.515865
0.309877
0.987142
0.211142
5.4386
0.939508
0.557165
0.486809
0.701782
4.75619
0.298221
0.500101
4.80159
0.514212
0.188038
1.1404
0.401814
0.56709
0.376708
0.279922
1.871
0.386188
0.206355
0.434154
0.363164
0.251886
0.475246
0.624361
3.6693
0.293051
0.698351
0.313805
0.42367
0.45847
0.536
0.391496
0.464594
0.391238
0.348481
3.40506
0.543903
2.82432
0.576182
1.22107
4.16957
2.19044
1.02483
0.518476
0.258715
4.25657
2.09404
0.447379
1.39733
1.4275
1.80213
0.686515
0.23785
6.0579
3.28055
0.540559
5.29986
0.614889
0.454645
0.222398
3.79344
0.196202
2.85005
5.72194
0.194039
0.402512
0.946032
0.257298
2.79166
0.266892
0.472839
0.230246
3.79829
0.36081
0.333203
2.54437
0.234667
1.02838
3.78255
6.69205
0.568478
0.548244
1.19709
3.77186
0.32939
2.18196
0.343832
0.394262
4.48972
2.33684
0.347746
0.284657
0.326735
1.39555
1.03691
0.527873
1.82883
1.69223
1.16645
0.429732
0.265523
0.355513
0.246857
1.08949
0.210696
3.42913
0.636082
2.18639
0.271711
0.543696
3.78302
2.8752
1.72375
0.863823
0.548951
0.532003
2.30268
1.14793
6.12285
0.166879
0.244936
0.330493
0.25566
0.788904
0.452719
0.165259
0.506258
0.764894
4.16755
0.355693
1.893
1.41715
0.316036
1.03427
0.310453
4.0801
0.280927
4.65211
0.495606
0.197502
1.1775
2.49776
0.486925
2.49933
0.648302
0.30711
1.08516
0.907613
3.99235
0.996518
0.655953
0.982917
6.04078
0.0885076
0.337287
1.69627
0.351509
2.04048
0.358137
0.271113
0.319709
0.948534
3.22911
2.54889
0.762018
0.304596
0.691105
0.227917
0.292791
4.31151
0.343379
0.48602
0.530976
0.343197
1.05756
0.331161
0.725336
0.213771
0.688991
3.58732
0.630358
0.219769
0.478507
0.487139
0.678756
0.68996
0.793015
5.77951
0.312428
0.302722
0.59881
0.961636
0.592659
0.316153
0.363767
0.307959
0.69907
5.43803
1.30608
0.345385
1.47773
0.897487
0.624251
4.68896
0.282887
3.08255
0.0513312
7.48121
0.275302
0.497076
0.533896
1.60773
0.265791
2.12305
0.536065
3.59643
0.737987
0.430531
0.377223
0.795628
0.255883
1.5916
0.589727
0.202499
4.832
0.273626
0.122522
0.655122
0.457487
4.74079
0.661498
0.343813
0.321546
3.71359
4.77118
3.59679
1.1346
0.163315
0.711208
0.112141
0.329574
0.156186
1.91876
5.3399
0.629538
0.354707
3.7986
4.86363
0.271523
0.561008
3.92102
0.694802
2.70579
0.333045
3.62784
0.376313
6.29274
1.72033
0.34835
6.03733
2.53583
0.40563
0.246483
0.495466
3.38953
0.550834
0.265492
0.3022
0.691578
0.646166
0.330243
2.0872
0.295824
0.453539
0.57113
0.341365
1.09745
0.54158
0.30858
2.82384
0.692727
4.18975
0.644722
0.0864986
1.482
0.35071
0.64477
6.59022
8.04854
2.56445
5.56366
0.463625
0.899909
3.73052
0.287997
4.76587
0.253952
4.48877
1.97466
0.373764
0.389164
1.56591
0.314463
0.964176
0.896858
1.084
1.87489
1.07908
0.347187
2.27593
3.19184
0.279407
0.20261
1.26618
0.414667
0.264597
0.901942
0.320267
0.955034
0.693751
0.233581
0.433105
0.295574
2.02636
0.687
0.265743
0.336189
0.872604
0.283047
4.12942
3.11446
0.366434
2.91881
0.39928
0.275212
4.90201
0.509401
0.695386
3.15867
0.947924
0.506536
0.483422
2.92263
1.57237
1.09332
3.56401
0.376505
0.12876
0.4582
0.203253
0.856678
0.186077
0.644741
1.99181
4.49455
1.44964
0.474785
1.14629
0.26497
0.0480805
3.05198
1.99387
0.324701
1.18559
6.21111
0.418628
0.923023
1.17173
1.00681
5.2541
1.13371
1.64924
0.51181
0.229937
2.40921
0.196097
4.10243
1.80626
0.981844
0.496609
0.274207
0.538867
3.01497
0.661837
0.373555
3.73169
0.518697
1.77835
0.759361
0.481277
0.993908
1.9911
1.01286
0.479415
0.512939
2.43965
0.404109
3.40904
1.16234
1.00896
3.65649
1.38811
0.374857
0.311274
0.581414
0.998683
1.8183
1.93191
0.516039
0.356376
0.69155
3.39257
0.272495
0.531899
0.237684
0.505219
6.34305
0.156412
0.612091
0.302547
3.08429
0.240196
3.26722
0.405882
0.955077
4.32277
4.50758
0.843989
2.65551
0.51143
0.982723
0.490681
1.40142
1.66651
2.60836
1.15364
0.353394
0.866387
0.482939
5.74262
1.48974
1.11191
0.549276
0.3686
0.543307
4.52936
0.381507
1.05326
0.251769
1.74504
0.991004
1.07066
2.29049
0.941531
0.682823
0.641317
0.344667
0.332788
0.339218
1.85922
0.298642
2.95224
6.20395
1.27984
0.316747
1.08975
0.430238
2.54393
0.481667
0.236589
0.250955
3.28737
0.233026
0.231349
1.44663
0.281633
0.270592
0.366605
0.639116
0.573677
6.08682
0.399727
0.109122
1.98676
0.499685
0.407996
0.168355
1.23602
0.567086
1.40667
0.518102
2.79805
1.62326
1.00196
1.03739
4.46296
0.525287
0.503673
0.324524
0.547764
1.61745
0.258461
0.344983
0.325486
3.42876
1.40167
0.389566
0.488446
0.484169
0.377047
1.11731
0.239539
0.266867
0.689845
1.95741
0.939738
4.65864
4.02341
1.624
0.487389
0.765785
3.79377
3.85724
0.404979
0.0616634
0.680188
0.308551
0.730996
1.01334
3.07331
4.49997
0.922476
0.524656
0.554579
0.985686
0.473719
1.56409
2.63126
0.309718
1.75463
4.41119
1.18749
0.390112
4.59952
0.864803
3.92762
0.364767
0.466837
1.12868
0.373299
0.750688
0.509064
1.11712
0.749871
1.4641
0.439364
3.25045
0.667536
0.347795
3.83905
0.323151
0.30041
0.897367
0.505679
0.304404
0.228992
0.656318
0.415067
0.328553
0.459849
2.70704
0.35768
0.474724
0.526237
1.37501
1.59222
0.450171
0.386652
1.82066
0.529367
1.90474
4.38623
0.462033
2.13143
0.48847
0.342248
2.11486
3.66175
0.660991
1.05862
0.794201
0.350081
0.827389
0.484113
0.769986
0.45812
0.418204
0.411391
0.326426
0.342856
0.397223
3.50732
0.311378
0.3852
0.96408
0.364151
0.496018
0.522262
0.54011
0.350532
0.224126
1.84542
0.203766
0.449855
0.592193
0.242851
0.687587
0.500867
0.693026
0.429944
1.90179
2.42557
1.11206
2.59854
0.914617
2.92614
0.507124
1.11194
0.560125
0.395913
0.484385
2.1023
0.790865
1.42575
1.1467
0.296723
0.432881
1.20024
0.356207
0.251409
0.378957
1.25689
2.12821
1.20969
0.520906
0.284434
1.10088
0.336522
3.20416
1.17441
0.33352
1.13447
0.958151
2.27351
0.370519
1.29276
0.199827
3.0954
5.67885
2.23757
1.36519
1.81951
0.606498
0.327973
4.40085
2.67628
6.98551
2.92554
0.665312
0.451405
3.44414
3.27568
1.68775
3.0767
0.243021
0.331815
0.467041
2.97377
0.490073
0.492839
0.690084
1.92537
1.65825
0.962198
0.420188
4.65183
0.533043
1.78792
6.10293
0.988568
0.9868
2.26913
0.285613
0.517227
0.535873
0.501335
4.79494
0.422195
0.612873
3.3576
0.372341
4.74858
2.55771
1.04055
4.97551
5.73341
0.409651
2.50359
0.854422
1.62799
0.464748
1.04132
0.364166
0.17557
6.00208
0.167224
0.307963
0.646826
0.32367
0.559464
0.274581
0.536939
0.346392
4.82799
0.669629
3.79743
0.759742
0.568581
4.59737
0.623943
1.03456
2.27235
4.82468
4.7154
2.25945
0.345564
0.785102
0.500474
1.83866
2.56579
1.24715
0.266288
0.373058
0.439073
0.755717
0.381033
0.377987
0.125228
1.23678
0.376004
4.24741
0.102423
3.21949
0.49084
0.666691
0.427037
0.554336
0.551048
0.811643
0.692605
3.0969
0.31607
0.345776
0.46782
2.2373
1.40421
1.59454
0.612899
1.04144
0.560554
0.732206
0.294427
4.54191
1.16244
0.31135
3.29427
0.652433
0.7701
0.353167
0.659577
0.487141
3.73334
0.736063
6.53207
1.41073
2.45621
0.272695
0.405835
0.358635
0.371575
0.44931
2.98831
3.51428
0.156346
1.03547
4.61031
0.976484
0.378364
2.49956
0.826984
0.716283
2.0039
1.03698
0.869685
0.201427
3.37036
0.540363
0.503238
0.374355
2.90338
0.677217
0.926184
0.372144
0.97772
0.473145
2.90032
0.212764
4.51242
0.40762
0.276349
1.31251
4.91088
2.49124
1.08878
8.1006
2.21287
0.724998
0.50008
0.421678
0.338298
0.413057
0.840506
2.83858
4.20994
0.348957
1.46363
0.637822
2.6769
0.124915
1.73328
0.970971
1.54353
0.500495
1.8555
2.10985
0.583514
0.185217
6.14142
4.25193
0.496741
0.259855
1.50612
0.292461
5.85232
0.601487
2.25491
1.08241
1.34463
1.84763
0.257523
0.515698
1.75596
1.80877
2.87688
1.57734
0.44488
2.85113
0.433771
1.01197
5.0129
0.2785
0.33004
0.863469
6.40794
0.512136
0.365325
3.04061
0.287769
5.95108
0.388923
0.528919
0.32399
3.32716
3.13622
0.895918
1.02576
2.17958
0.188194
4.46424
1.97687
0.668984
3.87729
3.07817
6.24549
0.522784
3.51327
2.18596
0.5323
0.40477
2.83749
0.486682
1.01338
4.467
1.64698
0.726196
3.98491
0.3132
0.494356
4.63292
0.236977
1.39635
0.239344
2.07545
0.498694
0.318557
2.93267
0.572703
0.498168
3.06498
0.146824
2.72146
4.65402
0.129636
0.571064
0.550994
0.501403
0.529328
0.780523
3.20364
1.01521
0.145497
1.14701
0.478362
1.03839
1.6384
0.588393
0.16839
4.87878
4.13517
2.04478
0.290204
0.507489
0.379157
1.70988
4.76608
3.65061
0.696583
3.3914
0.37843
1.0116
0.485095
1.08756
5.98149
0.154808
0.65804
0.413837
0.305928
0.311166
1.19857
1.0064
0.338995
0.588444
0.883724
0.532253
0.378199
5.89392
0.536613
6.08493
1.62301
0.920055
0.139293
0.550319
4.1464
5.67252
0.398904
1.35949
0.585613
0.495729
0.262941
0.140104
0.286695
0.314396
0.305047
3.00048
0.605394
3.99807
0.281391
4.63831
3.38293
0.494704
0.8543
0.462001
3.15169
0.359036
2.3225
4.62694
0.583761
0.547947
0.504811
0.315267
0.377482
0.677007
0.97342
0.506153
0.736957
0.288016
0.299887
1.72772
1.01863
8.07859
0.272429
0.535278
1.01039
4.78766
1.41149
4.61857
0.497459
0.650258
0.543038
0.55782
0.392387
0.151349
2.73096
4.46235
0.299213
4.31651
3.39444
1.2662
0.197844
0.382141
4.34339
0.147485
0.399541
0.197944
6.03676
3.48544
0.452134
2.13036
0.692729
1.58457
2.77964
0.691081
0.693567
0.450451
3.12269
4.81539
0.338659
0.403628
0.292611
4.7153
0.51755
4.51879
0.487418
0.402139
0.168585
1.11631
2.2925
0.172445
1.41305
1.07706
0.37051
0.283461
1.74727
4.33436
3.55331
4.08583
0.36824
4.55877
0.419297
1.054
0.600615
0.384611
1.36039
4.1021
0.512853
2.38231
5.40996
3.85577
0.281841
0.436563
0.371675
3.35268
0.254259
0.308357
4.20093
0.187394
0.915936
1.08569
4.41489
2.04158
3.72557
0.122166
0.280964
4.71425
2.26842
8.27527
0.15465
3.17278
0.0863282
0.328572
0.48713
1.10754
0.575609
0.981958
0.368271
1.09095
0.362847
0.169959
0.42907
0.156363
1.00789
2.06526
0.485931
0.377801
0.277901
4.75951
0.979179
0.906164
0.386995
1.07318
5.93116
0.417692
0.877924
4.77651
0.493592
0.320853
1.81953
7.86868
0.587148
3.78718
5.98003
1.73465
2.57059
0.692543
0.489519
4.31095
0.280068
0.417275
3.43511
0.309231
2.84298
0.662575
0.665789
0.900147
0.305463
0.415199
4.29902
4.83019
0.61257
0.126416
4.81696
1.82103
1.99078
0.523466
0.311052
0.648486
8.78568
0.39698
2.78748
0.728276
0.432173
0.412418
4.72293
3.32186
3.42878
1.54131
0.507552
0.678382
1.42836
3.70936
5.78379
0.418661
0.208894
0.350356
0.491233
3.69923
2.48954
0.512358
0.697188
1.57307
0.329916
0.50094
0.909396
0.680182
0.329863
0.388696
0.96991
0.603408
0.38215
0.641273
0.354145
0.498253
0.939292
4.22397
0.282311
0.143789
1.61925
0.420242
0.150781
0.314589
4.40631
0.438331
8.41346
4.57537
5.14274
0.672164
4.08207
1.00965
1.89592
0.493149
0.499716
0.94975
5.6742
0.157033
0.86094
3.35977
0.384019
1.76268
1.5109
1.11486
1.13402
0.28187
2.39243
0.611104
2.40272
0.30646
1.01451
2.81826
4.92951
3.48757
0.360901
3.79981
0.57341
0.0102181
2.61666
0.483125
4.92443
1.75094
0.359537
0.236115
0.546602
2.35003
2.1048
0.284458
1.2521
0.496163
0.382089
0.31553
3.52369
1.04318
0.480703
0.293521
2.29566
3.43497
0.454983
0.979778
0.816815
0.119237
0.534686
0.758079
1.23384
0.286097
2.6089
0.471441
1.31806
2.07044
0.469167
0.375475
6.78342
0.451726
4.50797
1.41179
0.364237
0.364909
8.26638
3.48838
2.82327
2.34332
1.05696
1.70571
0.216282
1.29568
0.394966
0.352475
1.28775
0.381969
0.440247
1.14079
4.5441
1.5444
0.965179
0.70552
0.282329
1.03441
4.21949
0.851973
2.35211
0.376482
0.619214
0.693592
3.77336
0.570526
1.97972
0.664967
2.36306
0.804073
3.83997
0.499291
1.79544
0.363992
0.39076
0.249653
3.29951
0.374153
8.50024
2.56743
0.160195
0.703894
5.97981
0.495359
0.587283
2.91097
0.132028
0.362793
3.06625
2.81168
0.47494
0.440608
1.45347
6.47493
3.38576
0.344215
1.24357
0.477408
1.20336
0.234654
2.70497
0.23701
1.01999
0.330496
0.369879
0.891429
1.75489
1.46366
0.601521
0.37964
0.472308
2.29712
0.291753
3.77385
0.438163
5.55287
5.76355
0.313922
0.220866
0.342645
3.73453
2.15806
1.03699
4.33999
1.56009
0.15519
0.330405
0.1508
0.969785
0.694233
2.88483
1.02945
1.6777
3.1912
1.2554
0.97348
0.370296
2.99437
2.99164
0.281754
2.23567
2.46345
0.0106772
2.18486
0.306612
0.296691
2.37333
5.89278
0.867851
0.495905
0.501163
2.0266
3.35715
0.191915
0.247948
4.36733
7.23403
0.380415
1.00859
0.726429
4.50232
1.62845
0.397199
0.695236
1.16531
1.38205
8.21872
0.979142
4.76556
6.61145
0.550741
0.393748
2.2253
1.24359
1.16508
6.38647
3.46167
0.308591
1.79295
0.389397
0.468135
3.54234
0.387525
3.57567
0.489428
0.91034
2.48366
5.15259
1.69215
0.917931
0.226147
0.489102
0.517492
0.149573
0.584596
6.13712
0.448229
1.66176
0.52456
4.84541
0.501646
0.258779
0.452172
0.245168
1.13053
0.342874
1.18853
0.909694
0.959906
1.34907
6.03526
3.94718
0.67364
6.15156
0.485965
4.98132
3.88117
1.30161
3.79204
7.17604
0.490964
2.54379
0.45211
0.892753
0.0842686
0.299096
4.66099
0.273803
1.20985
1.85358
0.392214
4.49151
0.504663
0.927186
0.252534
5.96219
0.778644
0.362875
0.138205
0.500332
0.769966
0.358106
0.353286
0.336257
0.284979
0.341514
3.62066
0.139361
0.440212
0.424607
2.79084
0.508003
1.84093
4.36961
2.64687
1.39854
0.740545
0.339229
0.329387
0.356945
6.07311
0.597913
0.827603
2.89532
4.34831
0.175187
0.549539
0.487617
0.999322
6.12641
0.676223
0.470263
0.697049
4.03924
0.764017
0.686788
4.63249
0.431612
3.46991
6.00265
0.956512
2.49317
1.43099
0.713607
1.36424
1.38302
0.374772
0.465516
4.48217
1.57584
2.8438
0.79244
0.872333
2.32643
0.514523
0.213506
0.127506
3.87509
0.278845
3.13447
0.871446
1.10768
0.444821
4.72438
0.317565
1.06679
0.892449
0.403117
0.710273
3.02816
0.247874
0.745043
0.367607
0.983714
0.333321
0.541562
0.512362
0.212746
0.382893
0.170958
0.310703
0.286743
1.22845
3.45046
1.89439
2.41292
0.594871
1.29042
7.18798
0.704519
0.879084
1.11041
0.360335
0.366597
0.339684
0.454355
5.64592
7.57823
4.11666
0.428025
3.88974
1.37023
0.834998
1.0278
0.833745
0.140756
0.498772
1.03807
2.04841
4.16471
0.691557
1.6225
2.09692
0.917308
0.553426
0.951029
0.434961
0.867079
0.503962
1.65066
0.339027
1.02641
0.488598
0.801609
0.518876
0.298847
4.76249
3.36484
2.27136
8.22537
3.97944
0.764932
0.798323
0.519186
2.41991
0.417213
0.667853
3.84955
0.392949
0.304918
3.6766
0.615332
1.12573
3.80434
0.518784
1.70371
0.416803
0.461345
4.43417
0.761448
0.292687
3.98921
0.8117
1.04066
0.34856
1.27491
4.88575
2.04015
0.247028
0.270039
0.94794
1.01407
0.689827
0.64209
1.05296
4.11939
2.22364
3.71842
1.19704
2.03308
4.82522
0.543782
3.51075
0.489373
2.50281
3.28939
7.62406
3.47814
3.3784
0.820947
2.23638
1.17543
3.5922
2.97465
0.571255
0.337603
1.96577
0.423229
5.78938
1.02474
5.57464
0.465395
2.27647
3.33126
0.494187
1.77662
3.24572
4.39329
4.28132
0.835036
1.63145
4.67608
1.71688
1.98322
0.564572
5.1518
3.35107
3.4644
0.740924
0.898298
0.351263
0.149275
0.768965
1.05436
4.38634
0.397594
0.830113
4.34503
3.05774
1.75708
0.290144
3.39748
1.5048
0.343008
4.54868
1.89557
0.9049
3.90268
3.27028
0.445345
0.638711
1.79136
3.11632
0.905962
0.477653
0.442586
1.49783
0.162672
2.08085
0.603888
1.88147
0.202326
7.80548
0.371797
0.466744
5.92144
1.93477
0.138464
0.197559
2.49799
1.52804
4.77977
1.20149
3.86296
1.10481
0.696804
0.558169
4.02881
1.21023
5.12233
4.29425
2.91151
5.25378
1.16609
1.11701
0.375427
0.509544
5.49777
0.149794
2.79182
0.164258
2.26192
0.137086
0.126142
1.24516
0.264911
0.39297
0.30348
1.04656
2.02063
0.407791
5.17368
4.59968
0.685562
2.33876
0.45874
3.12114
2.82576
0.526042
1.08228
0.220487
0.172159
0.633277
2.59889
0.162816
4.40969
2.37856
5.32978
0.249861
2.04278
1.05111
3.83611
1.44569
0.480011
0.76884
2.60211
2.67347
5.41335
0.533795
5.43141
0.100151
0.48432
5.76521
6.08426
0.13037
0.580867
0.445818
1.83283
2.2054
0.90097
0.950785
1.25479
0.333769
1.42071
0.379556
5.32187
0.463328
1.83424
0.20564
1.19081
3.2173
0.300474
0.15924
3.80945
2.21025
1.37624
0.693302
1.56474
2.09122
0.867922
1.88949
0.542228
4.14921
0.525297
0.664451
2.18616
0.164802
0.267478
1.846
0.481832
5.22023
0.386253
4.82868
1.00706
0.909494
7.23413
0.487905
3.77697
1.01187
5.11663
1.08598
0.484861
1.30597
3.29011
4.68185
5.31093
0.804543
0.447515
0.593782
0.243736
0.626023
3.60789
3.3496
0.479299
0.464344
0.821455
1.22025
0.370251
1.90708
0.502103
0.234804
5.93914
6.00757
4.75751
0.836463
1.73092
4.14326
3.29638
0.262418
0.970109
0.30273
4.05799
0.345219
3.63686
0.233513
1.26943
1.0396
2.6467
4.4125
1.20844
6.01332
3.87309
2.20946
0.715855
1.86657
0.998205
0.194345
0.542369
0.471521
1.03635
1.07359
2.30084
2.80859
3.20767
0.550545
0.661531
0.592229
1.43194
4.14064
3.86786
0.763157
1.07913
0.213547
0.144178
1.12174
0.477204
4.03801
1.10083
3.30547
1.14269
0.29
2.40185
0.618869
1.83711
4.32386
6.28274
0.663114
2.47144
3.63664
0.316
2.30656
2.73609
2.38891
0.534456
0.678866
0.672458
0.508795
0.324513
4.49037
6.32915
2.06569
0.844771
0.492676
0.495012
4.04432
6.5735
0.852528
0.546649
0.946349
1.00016
2.94957
0.268219
0.396227
0.944827
0.923905
0.181164
0.250504
0.97539
3.07617
2.01651
0.372583
2.87879
2.80983
1.72628
0.398767
0.637783
0.281842
2.74943
2.8237
2.11064
1.00545
0.375997
0.554323
0.628292
3.85207
3.45133
1.0241
4.9283
1.07457
4.16713
0.55408
0.385534
2.92855
0.515515
1.08253
0.377148
0.355191
0.270312
0.877605
2.27423
0.232821
3.93821
0.431339
7.93909
0.307797
0.302716
0.97944
3.64311
1.07793
0.277262
2.40426
3.50407
0.525203
6.19354
0.281191
0.28076
8.08895
0.456913
4.30053
0.925049
0.594027
5.35452
0.548436
0.540165
0.344452
0.778289
2.92023
4.62285
4.29441
0.159862
0.0851284
3.57107
3.54799
0.252192
0.946214
4.48759
0.913887
2.09788
0.42062
1.09452
3.85948
4.9466
1.28734
4.92251
3.38772
0.272827
1.26121
0.208401
1.1633
0.352774
0.618941
3.17904
0.716745
3.45257
3.66553
0.547014
0.0937924
0.539451
0.430957
0.498162
1.06761
0.279236
2.48744
5.07527
0.448675
0.310922
0.373454
1.6358
4.58363
5.53167
0.57334
4.92597
1.25289
0.373221
0.452263
0.597591
0.143519
5.86863
2.20059
8.50136
0.380877
4.08342
5.06929
3.62322
2.44394
0.445468
3.89096
0.455648
2.56938
0.705603
0.735496
0.321915
0.781276
3.22132
0.353955
0.382179
2.04999
1.56158
4.24466
1.05199
1.16347
0.135852
0.13512
0.304195
0.462781
1.10144
4.20991
0.891802
4.71162
4.35922
1.87386
1.02134
3.24914
0.518826
0.26516
4.07664
5.46959
1.04899
0.199194
2.64159
0.224893
1.07265
0.389081
0.390474
2.21852
3.38905
0.227362
1.82183
6.92293
1.03321
0.140693
2.62035
0.681187
2.41586
0.979074
0.308278
0.66255
0.359054
1.91096
0.200435
0.853809
4.43099
3.74001
0.342519
0.380987
8.92422
0.978899
0.295791
1.40098
0.868916
0.465491
0.760096
2.11776
3.16148
2.12351
1.02942
0.848764
2.30383
0.40032
2.33708
5.82627
0.214839
2.37022
0.318676
0.362004
1.37412
0.447543
0.386499
2.21496
2.34045
1.07873
2.91635
1.50253
0.44129
1.00844
0.367734
6.18793
3.57572
1.61869
5.75234
0.56318
1.05399
1.23657
1.50617
6.56552
1.0265
0.542636
0.282669
0.471969
2.89523
0.629017
0.408397
4.03555
0.534509
6.21141
3.29481
0.620464
0.691995
1.32098
0.479333
7.29249
2.57624
3.46434
4.54127
0.913105
0.623613
3.66862
3.38828
0.108523
4.808
6.09311
7.79521
0.296037
2.45895
2.72287
0.364526
0.699966
0.763564
4.3213
0.563834
0.213585
0.832586
0.119248
1.70544
0.690232
0.343142
0.327822
0.49985
6.79879
1.88725
6.43829
3.95974
0.586965
0.372622
2.15595
0.431334
0.131122
0.878389
2.50303
0.697304
0.420988
2.03746
0.265258
3.72867
2.14808
1.06729
1.61755
2.47397
0.506584
0.872373
6.15253
0.970545
0.00467056
0.55132
0.465009
0.892884
0.330862
6.12461
4.81226
3.60012
0.99133
3.24746
6.94791
6.7259
1.84115
5.87822
0.524782
0.577198
6.91052
1.02554
2.5708
5.04297
2.69326
0.475437
0.530548
2.24452
1.25071
1.56849
3.27436
0.613232
0.96061
0.360054
0.523381
1.69119
0.381579
0.257297
3.51251
8.23182
1.43555
3.66795
4.31927
1.01161
0.512815
0.689042
0.345601
0.537183
2.72933
1.2275
0.84124
0.430933
0.88143
0.487292
3.65394
1.06788
2.26394
4.56534
1.01948
4.10778
1.82458
5.64091
5.35747
0.48519
1.85679
0.649927
5.75773
3.29196
1.98449
4.53686
6.47638
3.22033
1.88045
0.51783
2.11664
0.900985
0.451888
0.833707
1.37849
2.34816
4.33462
1.76824
0.403118
4.40607
0.488547
4.03646
0.0877391
1.12609
0.249428
0.535303
0.667415
1.05243
0.255254
1.02864
0.5387
0.565023
0.929518
1.94221
0.742083
1.53273
1.41686
1.9568
0.940553
0.237787
1.16717
1.13374
0.807985
2.50816
5.2801
2.24238
1.57981
6.45948
2.24076
0.355436
0.483051
0.510852
1.40743
2.64854
0.526006
0.415253
4.0757
2.16785
3.2907
3.52338
2.24184
5.19694
3.49361
7.68273
0.541263
0.922854
2.42456
0.942715
0.924928
0.328419
3.72146
1.98267
3.72187
0.744431
6.06166
6.62728
0.383485
8.18712
2.45832
3.61841
2.85275
1.83817
3.69753
1.69305
0.348999
1.77224
0.595299
2.62741
0.135407
3.04742
3.20499
1.0353
0.931928
0.659521
2.01667
0.532582
4.40079
1.74469
2.06067
1.78569
2.82821
2.63958
2.60192
5.70417
4.50318
0.716998
0.805868
3.72218
2.82025
0.527105
0.394764
0.335271
0.529598
0.268212
6.43257
2.83821
1.72975
0.45652
2.7339
0.917639
1.86047
0.824444
0.480217
0.746035
0.261828
3.56008
5.80606
3.78302
0.820082
3.87958
1.525
3.46773
0.253708
0.732471
7.32933
1.0988
3.45571
0.444235
0.935717
0.75899
0.543745
0.484425
0.323877
5.60434
0.3185
0.485067
3.70089
2.5991
0.843696
2.9646
1.41862
2.75654
1.07534
1.87646
0.36529
0.499518
0.685111
0.432747
1.02134
0.687948
7.20975
2.27733
0.77591
0.00241281
0.460022
1.12338
0.134024
0.384127
4.07424
0.421403
2.97586
3.47855
2.40872
3.13997
0.372943
0.206579
4.54319
0.538928
1.1819
0.43192
2.22434
0.373291
1.71147
0.0335507
1.66271
1.30128
0.801839
0.319092
4.41015
4.19502
2.4543
0.37939
1.23504
2.42222
0.481598
1.01987
1.93898
2.09983
0.475218
0.406324
0.486643
3.30695
3.22194
0.491559
0.376163
2.75787
0.887116
1.10463
3.75899
6.10766
2.93512
5.04571
0.956978
0.492683
1.93497
1.61192
6.75855
0.493836
0.898184
2.59673
4.52394
0.320268
1.56093
0.395675
2.31327
3.41982
3.63562
4.39515
1.09327
0.898288
3.51392
0.157748
0.549023
0.2023
0.887341
0.355504
0.116451
1.30956
0.360073
0.526524
6.41892
6.7757
0.952562
0.616853
0.151662
0.683412
0.689069
0.497382
0.517618
0.927905
2.16237
0.450031
3.41817
2.34857
0.116508
0.380001
0.168555
2.73571
0.356799
0.553858
5.59989
0.518767
0.891438
5.52708
2.81653
6.62001
1.06257
0.248119
6.64769
1.43392
1.4716
4.22403
0.540057
3.09023
5.13528
0.934522
0.381737
1.54605
4.67581
2.29818
0.535003
0.969167
4.23385
4.4193
2.25269
0.112557
1.79005
0.203477
0.318062
0.35513
0.870598
1.00959
0.232365
0.405968
0.883888
1.10335
0.185936
0.855576
5.36649
5.93769
1.7615
1.20909
0.36457
0.714008
8.15291
2.37547
4.58066
0.952919
6.50535
1.01556
4.80531
0.768133
0.243496
3.96395
0.825633
0.291221
0.727073
7.2811
0.232328
2.54843
1.33035
1.68572
3.74608
1.65231
1.21916
1.04559
7.59411
0.44963
0.129809
0.868523
0.109614
1.92198
3.39687
0.467547
2.4286
0.205452
1.57692
0.400647
2.76218
0.799127
4.6608
7.05484
0.153353
3.2662
5.44431
0.487394
0.227411
5.51632
1.80908
0.287156
2.60247
4.61783
5.88092
3.66453
1.08115
1.46305
0.534127
6.81691
0.435176
0.912428
0.691525
3.44717
1.05293
0.63874
2.86896
1.98997
0.816456
2.30609
0.300609
1.90517
0.481233
0.106566
1.70205
5.78919
1.55851
0.757594
0.501505
0.255105
0.412205
5.35477
1.43951
1.96357
0.344064
0.343937
1.17845
1.04449
0.45411
3.46667
4.35949
4.24524
1.90168
4.18699
3.39868
0.623035
1.45728
0.575115
3.93962
1.17304
0.104836
1.0462
0.452356
2.11062
0.680559
2.41314
1.08024
2.78782
0.898868
0.292324
0.923382
3.91551
3.7128
4.32925
4.03138
0.438962
4.19169
1.13104
1.01636
3.59812
2.33865
0.805928
4.21785
1.03102
0.527845
2.13268
0.518052
0.57818
0.156564
4.74406
0.445506
0.279292
4.82548
0.247078
0.429686
5.25587
7.19115
0.536736
3.33305
0.0928909
0.358778
0.307402
0.431054
0.427638
0.969429
2.82438
0.601423
0.620052
0.261515
1.09675
4.00116
1.08895
2.60699
0.500985
3.8945
4.94647
0.8636
3.39057
0.483297
3.90185
2.60649
1.79449
4.46336
0.500137
7.46834
1.20019
5.32621
0.788059
0.363301
0.296863
1.42972
0.195275
0.852707
3.23389
0.917854
0.401356
0.62939
4.06661
2.79786
2.55654
3.7842
1.26137
1.22397
0.411826
5.15197
1.6094
5.67431
0.529862
0.887153
2.67567
1.98002
5.34797
2.50333
0.883854
0.38574
1.62029
4.40599
0.276913
3.76258
0.615603
5.95887
0.427068
0.828102
6.31844
0.367807
3.53097
0.282259
0.405178
1.63208
2.55624
2.08488
0.608533
0.977314
2.53075
0.787596
1.06293
0.681631
0.172705
0.437875
3.83425
6.31976
0.961153
6.35961
0.300114
3.14893
0.902619
0.344024
1.97014
1.69044
0.297781
3.2611
0.460592
0.69861
3.63171
0.652525
0.756746
2.49948
2.71477
0.466999
0.374329
0.942707
1.18686
1.78631
0.950975
3.98018
3.69388
1.51734
0.76652
2.46844
3.08276
0.989291
1.36618
0.501487
2.30772
0.333945
4.72114
0.114288
0.51861
1.51644
0.795544
2.26563
2.33775
4.87527
0.275341
0.93215
3.5137
0.525192
7.42973
6.0409
0.393559
1.78546
2.21772
0.299688
3.78454
7.82395
3.17796
0.369688
1.73486
0.693015
0.321412
3.61804
5.99547
5.87282
2.66127
0.688759
0.334631
0.480423
0.478765
2.73017
0.422596
0.983408
1.33722
6.26924
0.571748
4.10406
0.378506
1.54237
5.58588
5.73509
0.384223
1.58978
0.211696
1.04534
0.782567
4.27636
0.519135
1.5692
0.472459
0.448832
0.925657
1.58659
0.257715
0.408152
0.499802
1.39903
2.48177
2.79398
3.21114
0.394896
3.09406
0.414998
6.76572
4.45518
2.24456
8.32088
0.593644
0.47322
2.17172
0.673903
0.710543
0.152775
0.512564
0.773551
0.514913
0.472351
2.21263
4.5496
0.349038
3.99014
7.03801
0.346816
0.30335
0.678179
0.436953
2.48914
3.21172
2.56991
1.83082
6.56637
0.350388
0.522875
0.11785
0.989972
0.839716
5.85139
1.69733
0.450088
3.50793
1.04947
4.73844
2.49125
3.91416
6.93193
0.132906
1.82064
3.00671
2.24617
5.73559
0.817764
3.24555
1.12776
2.14524
0.867271
5.67382
0.519145
0.463845
4.91094
0.442464
3.63758
0.347001
4.89028
6.34132
1.18974
1.01136
0.707726
3.51694
1.1063
0.393493
0.482822
4.786
8.14219
4.22531
0.351928
4.1743
0.277081
5.8116
7.1079
1.00682
3.04646
3.29782
7.00665
2.99061
1.00872
0.0642577
5.50654
0.483974
0.71923
7.31037
0.0880246
1.49978
0.503786
5.40546
1.07856
2.69562
1.92807
4.79329
6.15303
4.80675
0.511915
0.447819
0.54079
3.84087
3.954
0.691749
0.484753
2.72467
4.80782
1.39294
4.28724
0.691524
2.14592
1.29857
1.49787
4.81958
1.17083
0.303015
0.485795
2.63853
0.61841
0.591679
0.339034
4.38596
5.34181
2.92269
0.339993
0.336906
1.46134
1.14472
4.06636
1.43646
1.44955
0.534721
0.477284
0.954765
1.93571
0.946175
3.76783
0.484029
0.391137
5.2509
2.38278
5.13595
0.893115
4.67951
1.00574
0.623363
4.61434
0.394173
2.68353
2.21745
3.83076
1.72805
0.774289
1.35238
5.76332
4.0252
1.03835
3.87052
2.33663
4.82607
1.04155
0.475437
4.3005
1.32606
5.35904
0.510476
1.07106
1.26427
2.636
0.498837
3.59258
0.334255
3.08333
1.18218
0.69912
0.426252
4.54199
0.541743
3.40318
0.446747
1.16061
0.531562
0.533494
8.26198
0.453905
0.537211
0.151179
5.41927
6.21858
2.24831
2.1512
5.64798
0.348077
4.43154
0.301687
4.85496
6.25121
1.76992
0.394459
1.5776
0.303693
6.01957
4.51276
0.660369
2.58252
2.72169
3.52316
2.88194
0.10219
0.353432
0.542761
0.855542
2.43483
0.283279
4.01314
0.391277
2.80432
2.8778
2.5901
3.69065
0.424142
2.00478
1.07293
1.46072
0.0864804
1.14968
0.512817
1.17327
1.07554
2.08345
7.09018
1.07913
1.83506
0.717828
0.674175
1.22613
2.7556
0.658035
0.681642
5.85378
1.46917
0.693101
0.825465
2.58041
6.52233
6.11417
3.43953
0.483172
0.831499
0.731197
1.20945
5.65415
0.413383
0.826562
0.825565
0.546292
2.9648
1.49123
1.33483
3.46208
1.59785
4.41568
0.831109
0.273912
2.87266
0.144508
4.32324
6.24638
5.51741
2.27114
0.457865
0.960272
7.72669
3.55256
0.123934
1.18931
0.378604
0.297342
3.09504
0.360975
1.16236
4.16616
1.66018
2.0598
3.28717
4.45584
0.351686
3.44011
4.15445
0.63591
0.395864
0.302943
1.05535
3.59498
4.01556
3.07169
3.30882
0.388421
4.2475
3.03552
0.653352
3.91567
2.14729
0.69356
4.22041
0.153549
0.566863
0.515191
0.84308
2.13291
1.16454
2.36039
0.84824
0.78124
0.883695
0.344514
3.87221
0.464475
1.48428
7.33734
0.0788007
0.263039
1.97807
2.12081
6.03869
0.301218
1.41401
0.534532
7.81016
6.4222
0.731113
2.23266
4.76546
0.594709
7.54484
5.52927
0.478167
0.533373
0.851813
0.744547
4.3025
5.53577
0.482765
3.07529
8.85864
0.0979563
0.685483
1.87692
0.604073
0.680112
2.75644
6.53207
5.35947
3.03058
0.65456
0.47621
2.69873
5.83628
0.968001
1.89122
1.3682
0.634132
0.499082
6.27405
4.96241
0.669319
2.57891
0.355404
1.85881
1.53749
0.847456
3.11705
0.320551
2.93079
2.76331
0.646197
0.540449
0.316344
5.4715
1.15357
0.546528
2.18134
1.73718
0.818284
0.418753
3.81392
1.40611
3.04017
4.87641
1.0606
0.472998
1.64919
3.9241
4.34734
1.04271
0.316746
2.55361
0.858706
0.552247
6.98775
0.869039
3.06873
1.08388
0.862317
4.82903
0.469793
0.735102
1.03903
6.24025
0.527015
1.46938
0.541533
0.695858
2.29477
3.33256
1.45076
3.72284
4.80147
7.60769
0.15277
1.04788
0.359047
0.334665
0.808016
6.95979
3.50443
0.563956
5.45219
6.85759
5.70778
1.18702
0.460906
0.432787
0.678813
1.99012
4.01669
0.309334
5.11809
3.13463
3.30712
0.449725
0.628355
0.892287
5.57729
1.07781
0.267549
5.45267
2.23899
0.491046
6.26349
6.55506
4.04946
0.412291
0.258045
0.258767
2.67743
2.06864
1.07367
1.03805
3.17849
1.58452
8.03935
2.10574
1.03628
2.74163
0.48823
8.80196
1.50501
1.89767
0.510376
0.646878
1.07358
0.550761
0.327058
3.89097
0.730941
0.158411
0.493822
0.248751
0.738388
0.496733
0.62342
0.0413557
0.180538
5.78885
5.44287
5.68999
1.42776
4.75897
3.67391
1.01965
5.62139
0.705594
0.70668
0.489057
2.01181
1.61762
3.62631
1.19367
0.989126
2.97339
3.22688
1.74439
2.59081
0.456076
4.60682
5.98196
3.33848
0.916089
2.63146
1.03195
2.75222
0.904988
2.51245
3.92046
6.69979
3.25485
0.317352
0.260431
1.04229
2.23359
1.07653
1.22643
1.23292
0.535721
1.79393
2.08058
0.268636
0.281216
0.986352
4.37416
0.390309
2.73699
0.42362
7.24631
8.86914
4.47078
2.37559
1.23298
0.389551
0.459427
2.31748
0.670982
0.248352
3.86116
3.94629
0.17127
0.438079
0.926057
0.476114
2.85776
3.70403
1.11772
1.00108
1.65996
2.03772
0.462761
1.0427
3.1579
2.62396
5.58933
0.794307
2.55884
4.81693
1.13446
0.59838
0.993396
0.968654
0.252384
1.2028
2.46364
2.00334
4.03844
1.48216
0.474378
1.17179
2.67539
1.95892
0.636009
0.418911
4.06394
0.604513
4.23412
3.58109
0.401356
5.70654
0.405027
2.37407
0.473803
5.56984
4.61385
1.10973
0.905548
1.1401
0.477462
0.444101
0.279192
4.74933
3.22342
0.114989
0.466236
1.79793
4.40131
0.073234
1.26909
0.830798
2.43805
1.72955
0.305669
4.10888
0.50448
0.424582
0.701714
0.372446
0.430268
0.349893
0.464643
0.226145
1.16248
0.926432
0.469516
1.59391
2.81143
1.14651
7.21475
0.529639
0.361808
5.39923
2.55154
0.709763
0.524509
0.535015
1.77698
1.39651
0.421225
1.88157
3.98273
0.10539
0.859005
2.68292
2.39325
3.74173
1.23542
5.8866
0.831161
0.55086
0.377584
3.5439
0.0875508
5.72421
4.19799
1.54404
2.4906
6.85867
0.943436
1.52966
1.17438
2.72071
1.10556
2.97862
2.10416
1.53684
2.78692
0.435483
2.27727
8.07095
0.0832819
3.15558
2.41303
0.9935
0.308051
1.00859
1.00547
4.43311
0.131057
0.338874
0.727004
6.39129
3.73994
3.72615
4.66811
8.67406
6.17343
5.70536
4.80788
0.487364
0.161366
4.34126
3.24118
6.27414
2.85645
0.155677
0.495677
0.526245
0.505549
7.58448
1.67225
0.993174
0.211551
2.9422
0.518441
0.428802
0.455156
0.729686
0.71311
0.124529
0.487427
0.46633
1.12401
1.35862
1.57092
4.95809
1.80331
1.43766
0.126343
3.9286
5.2487
0.520327
2.13144
2.48425
0.539584
0.533681
0.308745
0.265975
1.66966
4.45859
1.09328
0.301133
0.491474
8.64432
0.730226
3.99061
1.01433
0.377974
0.475668
4.59619
3.80378
0.419252
0.457425
0.304059
0.494739
3.25563
0.365728
0.762025
1.10718
0.48851
0.353494
1.20654
7.71241
0.383071
1.54758
6.71149
7.07532
0.401345
2.09485
0.369219
2.04392
0.397991
1.17147
0.727036
4.82771
5.97877
1.7228
0.857008
5.76468
6.3187
0.477654
0.0328705
1.61774
0.745627
4.8283
0.4713
1.00737
0.326148
2.90361
0.712497
4.22658
0.269446
0.500787
3.75139
0.435773
2.31364
1.21674
1.11347
0.200129
3.75092
1.02306
0.356922
4.09933
1.58757
0.358228
0.214479
0.314556
0.549527
0.84785
3.58351
0.244024
3.16609
1.02196
0.386368
3.1127
3.84845
0.348268
0.906788
0.502489
5.23342
5.22771
0.482264
0.725848
4.20935
5.3639
1.76002
0.403912
5.97353
2.87082
3.87876
2.43615
1.15638
2.4949
3.57236
8.64032
1.07933
0.19543
1.85149
2.45872
0.143052
0.967716
0.502477
0.478817
1.41622
2.3934
3.89207
6.42001
6.34054
5.9939
1.73921
0.304515
7.87102
0.970087
7.60518
3.7981
0.58113
0.171062
6.99375
1.00952
1.07006
1.03824
0.59405
0.128676
0.618259
0.175033
0.0970934
3.94848
0.698492
0.723919
0.385004
1.37083
0.89452
0.548825
0.952279
0.478299
3.68126
2.60384
0.0116666
1.46037
3.93175
0.990977
5.89741
0.332708
0.323082
0.491313
0.31051
1.6681
2.01073
3.65477
0.989203
0.522745
3.97247
1.75065
0.947809
0.503234
2.82016
1.11747
1.98402
1.37468
0.341095
0.970596
0.388474
0.287926
0.567469
0.971016
0.48952
1.1144
0.231309
0.00239609
7.14816
0.27487
0.203815
5.90815
5.51671
1.83508
0.936641
5.88663
0.318092
3.05035
0.625908
0.450625
7.21237
1.24968
0.153755
1.2276
3.24636
0.943667
1.46541
1.68469
1.14841
5.42957
0.841219
0.107496
0.452829
0.274873
5.3281
0.148098
1.20786
2.28233
0.780331
5.82159
6.97403
2.99135
1.14772
0.975816
0.874816
0.312518
1.1269
1.00073
0.461754
0.578552
1.95063
3.35016
0.605657
1.1264
2.58854
4.82108
4.6783
1.96474
0.367641
5.88678
3.66473
0.154488
1.09153
0.860381
0.267613
0.398909
4.12468
6.25255
2.37399
1.85926
2.63733
0.271541
1.79318
0.248225
0.315045
0.956832
3.23976
0.500943
5.81405
5.84016
1.00586
8.869
0.419872
0.836766
0.980279
0.371009
0.235757
2.18044
0.418204
5.36688
5.03725
1.61415
2.46008
1.9945
0.68187
0.487938
0.686094
4.68986
7.47816
0.496052
4.3237
0.449072
0.477364
0.477644
4.77648
0.508654
1.11563
3.72769
0.44044
1.28063
0.27006
0.256555
0.671105
0.804722
0.468123
3.67857
5.96363
0.492451
0.233121
0.441089
0.355446
0.545224
1.91312
0.877331
1.01675
0.635458
8.1413
0.859847
0.15423
5.47514
0.663767
8.48465
1.18979
0.708928
3.17047
1.73089
2.46101
0.0949663
2.44716
4.82162
5.59981
0.419168
1.96603
0.501923
0.967279
6.87924
0.428634
6.76947
0.132968
1.11412
1.44532
1.76546
0.172195
0.306223
0.49646
2.58119
2.67553
0.127008
0.486151
1.08498
0.947977
2.38822
0.477285
0.486092
4.43071
0.731038
6.07033
0.692789
4.80754
0.750208
0.493102
1.29125
3.25865
0.484883
0.620835
0.451756
0.614282
0.468052
3.87476
7.80694
5.22582
3.09483
6.34909
6.88865
4.78488
0.467103
0.318592
1.13734
0.588401
0.550363
2.42645
0.083244
5.38376
2.39417
0.756641
0.119047
3.66722
0.781168
0.282183
2.58987
0.297698
3.94298
0.746018
3.24375
3.22792
0.542112
2.99557
5.11192
2.34554
1.19688
2.96506
0.284334
1.71324
2.15082
2.03265
4.49935
0.478012
0.345685
0.458983
8.72107
1.17978
3.92913
0.320398
1.40191
3.91395
8.89241
1.09196
3.25628
0.231529
1.14654
2.50633
3.1193
1.16894
4.79452
1.26676
0.127381
0.445173
3.49717
4.06556
0.498785
3.28921
3.34055
0.149967
1.37612
1.03872
2.36009
0.389142
0.273013
0.683613
0.467018
5.01084
1.37408
0.653965
0.789907
2.81175
4.27125
3.43302
8.53884
2.54797
5.52984
3.46513
8.94175
0.66054
4.34827
2.29963
3.2629
2.06487
1.1981
1.50774
0.361749
0.334903
6.84266
1.05044
0.269607
4.36591
1.22185
0.430502
0.363526
0.277397
4.10338
6.12101
3.33912
1.15365
1.35404
0.183258
0.318046
0.545625
0.494461
1.19067
8.27963
0.150124
0.704093
3.06543
1.29414
1.76193
0.685534
2.3583
2.14656
0.554187
0.319779
0.393336
0.380936
0.310007
0.454073
0.497447
1.41123
0.849509
5.60861
4.77697
4.03448
1.18552
0.696858
1.2936
1.28273
2.60004
0.919318
4.71527
0.663268
0.34858
0.988939
2.2105
1.19919
5.34333
5.87296
6.72259
4.63767
3.98221
2.09511
0.823047
3.57347
0.637538
0.980607
0.308782
4.87048
2.1637
1.75159
4.27367
0.405859
3.90216
3.02735
1.04168
3.66809
8.4214
2.338
4.12395
2.82937
1.12196
7.70395
2.09044
0.528717
0.398952
5.44418
0.113367
0.844639
0.778877
0.664779
0.472235
0.320281
1.3383
3.62472
0.108966
1.58858
0.121279
0.284329
0.487295
0.584785
3.18181
4.06896
2.30629
0.0412983
0.526079
0.607422
1.55507
1.08011
4.78574
0.8127
0.284855
0.348061
2.33995
0.457383
2.43866
0.428604
5.94989
0.847046
8.27365
1.43959
4.28098
0.473388
0.787013
0.961196
0.511609
1.07347
0.245098
0.552565
1.14549
0.534917
3.26827
1.05095
0.530095
1.86528
8.13638
2.32122
0.481217
1.17013
7.97969
5.28609
0.488861
1.0318
1.95815
2.88928
4.76245
3.03583
1.9176
4.34042
2.57681
2.70814
0.471166
1.01021
0.612948
0.492508
1.81686
0.503122
2.45742
0.269882
6.12184
0.206036
1.31454
1.50964
3.64199
5.92536
2.35512
3.16333
2.68765
1.13416
0.479628
0.456265
3.9645
0.36551
1.56613
1.43637
5.48502
3.11051
0.641118
4.44884
0.510105
1.75599
1.5899
0.85157
0.0928369
2.41778
7.64835
0.454769
2.7947
1.03962
1.09518
5.46505
1.15337
0.400725
2.31568
5.96155
0.633268
0.408394
0.475565
2.74333
8.74056
0.474181
4.23363
5.27006
2.23954
1.12874
0.977836
5.25347
3.19298
4.10941
2.26613
1.20035
1.41688
1.45934
1.55295
1.12193
0.458349
2.44097
0.470486
5.50095
3.09736
0.336773
0.471499
3.26913
4.50782
2.48917
6.19365
0.343754
4.13426
0.117357
1.56281
0.461553
2.16481
4.22412
0.806083
1.50252
8.51679
0.295133
0.862384
0.480031
1.99766
1.89733
0.465082
0.493531
0.985555
0.237056
0.272185
0.823382
6.84046
0.960457
2.90997
0.257612
3.24666
2.49257
0.518891
0.468483
1.67811
8.05127
1.86683
0.966795
2.93794
4.75074
1.28532
0.391434
0.501047
0.934525
2.79927
3.74774
0.984122
0.472169
3.57422
1.70957
3.13031
3.99668
0.474479
0.392632
4.03581
8.95351
0.653794
5.00095
0.534486
0.958523
8.92859
5.76102
1.31095
0.516365
0.936755
2.50959
2.219
0.525472
0.403049
1.15778
0.475751
0.350078
0.411122
3.59241
8.73921
1.19574
1.68047
1.34493
0.257417
7.74641
3.90737
0.298514
1.37264
3.08854
2.63697
0.474491
3.69052
0.303696
2.83381
7.9949
1.55459
0.468096
0.79344
1.17516
8.7332
7.92477
5.04411
1.04325
2.9082
0.723319
0.392181
0.533353
3.67209
2.16886
8.64125
2.42907
0.673716
1.00099
1.00947
0.96249
0.407229
0.623554
1.00376
7.95462
8.75861
8.2207
8.88446
0.411761
1.17507
2.99097
0.548431
3.71028
0.980883
0.531619
0.137479
0.111505
0.279565
1.09803
1.57174
2.88959
5.86369
2.64657
1.0576
0.490369
0.908268
4.13672
7.79087
8.81881
0.937412
0.535771
0.40635
1.21522
1.44649
1.59859
1.13519
8.57237
2.63145
0.480224
1.21295
0.306477
2.55141
8.44637
0.487695
0.483815
0.463971
1.05484
1.12287
1.92187
8.51945
2.58022
3.14799
7.72954
0.939646
8.80373
2.76562
4.40715
0.941489
0.526439
0.996425
0.491994
1.00328
2.70363
0.938626
2.52529
8.18707
1.04402
0.989846
1.20965
0.911248
8.70087
0.498283
0.901006
0.517647
0.530501
1.2177
0.514216
0.511101
0.504328
0.508534
0.950227
0.923519
0.907985
0.917339
0.903436
1.17157
0.854333
0.477966
)
;

boundaryField
{
    back
    {
        type            empty;
    }
    front
    {
        type            empty;
    }
    outlet
    {
        type            zeroGradient;
    }
    circle
    {
        type            fixedValue;
        value           uniform 0;
    }
    walls
    {
        type            fixedValue;
        value           uniform 0;
    }
    inlet
    {
        type            fixedValue;
        value           uniform 0;
    }
}


// ************************************************************************* //
