/*--------------------------------*- C++ -*----------------------------------*\
  =========                 |
  \\      /  F ield         | OpenFOAM: The Open Source CFD Toolbox
   \\    /   O peration     | Website:  https://openfoam.org
    \\  /    A nd           | Version:  10
     \\/     M anipulation  |
\*---------------------------------------------------------------------------*/
FoamFile
{
    format      ascii;
    class       volScalarField;
    location    "1550";
    object      p;
}
// * * * * * * * * * * * * * * * * * * * * * * * * * * * * * * * * * * * * * //

dimensions      [0 2 -2 0 0 0 0];

internalField   nonuniform List<scalar> 
10435
(
2.14447e-05
-2.21823
-12.6327
-3.90308
-9.76955
-13.0975
-12.6353
-12.755
-12.9307
-12.1598
-4.44882
-8.15665
-12.0698
2.07529
1.97653
-12.3499
2.09411
-12.0153
-12.983
-0.544951
-12.7087
-3.48808
-12.2511
-10.2406
-12.6876
1.86211
1.80836
-12.2515
1.2533
-12.7894
-11.7661
-5.56982
-13.0303
1.71608
-11.9144
0.436597
-11.7755
0.635209
2.30226
-11.553
-13.5419
-12.2513
2.4629
-2.14824
-11.6994
-11.3893
-12.81
2.11532
-13.0432
-3.51881
-12.6828
-11.9847
1.87082
1.00277
2.59534
0.971518
-11.2511
1.47864
1.89308
-11.4855
2.01407
-1.23259
1.66586
-11.2052
-12.0775
-12.4773
1.81581
1.78686
-12.8774
-9.46146
1.66348
1.26195
2.83272
-12.2759
1.7675
2.51967
-8.15047
-12.7439
-13.3137
1.7565
-5.41176
0.416681
2.01208
1.3945
-6.39126
0.965253
0.429518
-2.47199
1.69915
-0.180488
-3.40566
-4.45059
-0.0637275
1.30092
-0.86774
1.07719
-5.48341
2.01288
2.2586
-7.04417
1.4963
-11.5311
0.928491
-1.62979
-11.9816
-2.99802
-0.596312
-4.4066
-7.54049
1.53056
-2.68366
-10.6219
0.857014
1.17961
-5.98439
-2.634
-7.72122
0.407769
-2.89853
-6.96925
-8.07487
2.74875
-0.279954
2.24422
-7.46419
1.94646
-6.20276
2.65282
-8.84581
0.840936
2.55387
-6.16913
-12.4215
1.92431
1.41305
2.68506
1.40073
-4.77175
-1.93862
-1.85795
-1.1677
-11.7636
1.98635
-10.3411
-4.34691
2.33189
1.98916
-12.0131
2.23813
-9.92442
2.01187
-11.2308
-0.0927819
-10.4472
-12.3776
1.97317
-8.65811
-1.06121
-12.4209
-3.62013
-10.996
2.03785
-5.07317
-7.12564
1.61185
-9.40784
-12.8164
-6.49222
-9.06614
-10.5765
-12.1163
2.17398
0.77392
2.12507
-9.57805
-2.37729
-0.345882
2.08007
-1.88746
1.69655
-3.29346
-12.4662
-9.23523
1.82437
-11.3711
2.5634
2.0983
-12.6836
-10.8138
-11.1621
-8.41699
2.11162
1.787
0.672897
-9.73482
-12.7971
2.45278
1.40588
2.16271
-12.1388
1.82542
2.32626
-12.1988
1.6719
-12.4029
-7.22311
-3.9901
-5.62901
1.47751
-5.26301
2.3737
-12.5657
-9.27593
-7.93513
2.05493
2.19151
1.21049
2.21396
0.341762
2.09317
1.5823
1.86508
2.01999
2.06991
1.67402
-12.2895
0.591496
1.7283
-11.7467
2.36759
2.02987
-12.5002
0.517567
-10.7972
0.856857
2.14665
-10.9561
1.0558
-10.0193
-12.1069
-1.39647
1.96513
2.21009
0.985283
-6.40578
-13.1949
1.63508
-12.9385
-0.947633
-1.24475
-1.20132
1.25069
-12.5411
-6.18653
-12.9987
-10.3655
-2.02096
-12.9485
1.9431
1.7852
-12.6145
-12.2239
1.40125
-8.12704
0.916292
2.29998
-0.711105
-12.0241
2.30675
-7.98572
-12.5947
-13.7433
-13.2204
-11.9015
0.108391
-7.65069
1.67236
-8.92314
-12.5091
-13.8248
-12.7863
2.13944
-12.5258
1.66568
0.924053
2.44779
-11.2203
0.867213
1.48745
1.37433
2.15151
-4.90537
1.31592
-13.5655
1.16317
-2.17936
2.32467
0.488863
-7.84732
-12.3368
2.00337
-9.22181
-12.3968
-1.28203
-6.84825
2.09614
2.42939
-10.1979
-12.4022
1.54479
-1.21577
1.36682
-0.237121
-11.8745
-12.2334
-2.40098
2.25155
-11.0888
1.90447
-7.32333
-12.6556
0.783228
0.45968
2.29144
-13.6922
-12.457
-0.463739
-12.2381
2.03255
1.41603
-12.2243
1.40759
1.56745
-12.5527
-10.2212
1.57451
1.36569
0.409918
1.87516
0.624475
-1.12815
1.90984
2.19968
-1.1223
-1.96819
1.37495
1.66608
2.52185
2.40228
-13.4175
1.71081
-12.7944
-1.21542
-12.1303
-14.3103
-14.5208
-12.0348
-12.0819
0.998799
1.62581
0.520054
2.25967
0.766428
1.98286
1.03249
-1.50667
1.5038
-8.85593
1.7203
-13.3517
2.19316
-1.88711
-11.6468
-14.8881
2.38502
-2.88077
0.868036
1.2859
1.57217
1.58362
-4.14074
1.12005
-13.4829
1.796
-13.0943
-14.3497
-11.9819
-11.8926
-14.5684
-12.2358
-12.1325
2.36647
2.19355
1.34661
1.90935
-12.611
1.41758
-12.5153
-2.32789
1.34208
-3.36104
2.05548
1.80913
-12.701
0.593114
-13.2194
-9.80827
2.33665
1.53385
-1.03995
-12.2938
-1.18754
1.72778
1.45016
0.829467
2.08731
1.62773
-12.4462
-0.887947
1.05479
1.24688
2.20559
-12.733
2.42329
2.65268
-13.3506
1.85638
19.8109
9.54783
12.4798
9.99591
10.7764
9.92153
9.95839
9.67047
8.81531
16.821
8.22319
10.554
8.89384
9.37276
8.84202
8.84034
8.61645
8.43497
13.9509
6.89125
9.0003
7.93403
8.24188
7.92259
7.89549
7.73188
7.53694
11.6859
5.98842
7.69718
7.03492
7.26028
7.08479
7.06919
6.97324
6.8236
9.62978
5.3648
6.63278
6.2631
6.43684
6.35992
6.3693
6.33968
6.23136
7.8023
4.95993
5.79097
5.6375
5.77201
5.76038
5.79028
5.79955
5.75949
6.32579
4.81288
5.16472
5.15545
5.25496
5.2859
5.33327
5.37411
5.38872
5.23337
4.78837
4.70859
4.78955
4.86156
4.91912
4.97832
5.04108
5.02333
4.43926
4.61566
4.34325
4.50042
4.56292
4.63841
4.7055
4.77349
4.81812
3.83037
4.25987
4.04126
4.26739
4.33592
4.42366
4.497
4.57061
4.62146
3.39921
3.92182
3.82906
4.08981
4.16578
4.25787
4.33406
4.40903
4.48569
3.22642
3.77357
3.7353
3.96857
4.03977
4.12485
4.19545
4.25947
4.37003
3.2261
3.78095
3.72847
3.88866
3.94435
4.01618
4.08054
4.14806
4.21768
3.20651
3.82542
3.74356
3.82452
3.862
3.91796
3.97404
4.03866
4.08302
3.17669
3.8576
3.74994
3.75938
3.78116
3.823
3.87287
3.93219
3.98837
3.14821
3.83374
3.72404
3.67974
3.69206
3.72348
3.76813
3.82046
3.88499
3.02709
3.67793
3.62927
3.57221
3.5873
3.61494
3.65677
3.70141
3.7849
2.85394
3.41592
3.47674
3.43963
3.46759
3.49876
3.54329
3.59183
3.67438
2.72652
3.16045
3.30781
3.29549
3.33665
3.37239
3.41727
3.46609
3.52316
2.63558
2.95478
3.1402
3.14928
3.19985
3.24023
3.28532
3.33433
3.39109
2.50834
2.787
2.97369
3.00557
3.06103
3.10559
3.15157
3.20554
3.2451
2.30255
2.66958
2.80814
2.86537
2.91948
2.9651
3.00891
3.06409
3.03418
1.97043
2.65385
2.66221
2.74444
2.79199
2.83511
2.87596
2.92491
2.87467
1.56968
2.68674
2.45912
2.55989
2.60427
2.65185
2.70965
2.77233
2.704
1.44188
2.99042
2.63194
2.71861
2.72635
2.69954
2.72861
2.78554
2.26821
13.0607
13.3003
13.7851
14.3325
14.9326
15.5927
16.2986
17.0492
17.8357
18.6436
19.4633
20.2825
21.0819
21.8553
22.5898
23.2678
23.8846
24.4285
24.888
25.2592
25.5522
25.8432
26.1002
26.1076
25.8102
25.5559
25.7009
26.2356
26.8647
27.4152
28.002
28.5132
28.7327
28.7778
28.7455
28.6291
28.4332
28.1956
27.9228
27.6439
27.3702
27.1131
26.8722
26.6547
26.4595
26.2646
26.0698
25.8645
25.6201
25.3401
25.0155
24.6437
24.2494
23.8346
23.3808
22.9225
22.4523
21.9783
21.6909
3.44519
3.19272
3.06618
2.94187
2.81456
2.66851
2.5287
2.4191
2.34019
2.29502
2.28641
2.31543
2.38195
2.48458
2.62203
2.79313
2.99731
3.23681
3.51723
3.84764
4.24241
4.72305
5.29632
5.97538
6.72815
7.30023
7.49051
7.29535
6.76452
6.18659
5.76598
5.4698
5.24459
5.06957
4.93636
4.82853
4.73676
4.65714
4.58645
4.52333
4.46667
4.41608
4.3732
4.34059
4.32262
4.3269
4.3615
4.43547
4.55908
4.74598
4.9637
5.18244
5.47118
5.87331
6.33428
6.81004
7.275
7.74853
8.40263
7.44938
7.66043
7.85029
8.06216
8.28787
8.52762
8.78197
9.05039
9.33178
9.62419
9.92627
10.2357
10.5505
10.8679
11.1859
11.5032
11.8183
12.1313
12.4434
12.756
13.0713
13.3902
13.7062
14.0014
14.2574
14.4438
14.5714
14.6409
14.6323
14.5683
14.4984
14.4267
14.3462
14.2628
14.1808
14.1012
14.0253
13.9549
13.8917
13.8373
13.7934
13.7608
13.7413
13.7352
13.7433
13.766
13.8029
13.8518
13.9115
13.9779
14.0495
14.1014
14.1243
14.1281
14.1126
14.0751
14.0134
13.9531
13.8357
4.57438
4.51256
4.52178
4.53805
4.56416
4.60344
4.65687
4.72663
4.81448
4.92217
5.05151
5.20389
5.37988
5.58006
5.80384
6.05031
6.31799
6.60451
6.90776
7.22443
7.55088
7.88156
8.20839
8.51955
8.7986
9.02396
9.18015
9.26206
9.27392
9.23318
9.1598
9.06372
8.95048
8.82445
8.68824
8.54422
8.39427
8.24097
8.08814
7.93984
7.80124
7.67739
7.5745
7.49795
7.45372
7.44612
7.47846
7.55226
7.66652
7.81875
7.99987
8.211
8.45097
8.69145
8.92748
9.16735
9.3969
9.6283
9.90756
5.74034
5.85085
5.97179
6.10649
6.25168
6.40667
6.57042
6.74245
6.922
7.10813
7.30046
7.49853
7.70144
7.9093
8.12131
8.3372
8.55652
8.77808
9.00153
9.22548
9.4481
9.66634
9.87588
10.0717
10.2468
10.3956
10.5131
10.598
10.6502
10.6732
10.6733
10.6539
10.6194
10.574
10.5199
10.4615
10.4012
10.3404
10.2847
10.2369
10.2002
10.178
10.1732
10.188
10.2247
10.2832
10.3633
10.463
10.5784
10.7048
10.8333
10.9764
11.124
11.2392
11.3293
11.4055
11.4636
11.5271
11.5562
4.73416
4.73132
4.77125
4.82277
4.88574
4.96201
5.05228
5.15696
5.27665
5.41105
5.56146
5.72755
5.90946
6.10656
6.3176
6.54106
6.7751
7.01468
7.26006
7.50787
7.75541
7.99687
8.22718
8.44319
8.634
8.79923
8.93105
9.03136
9.09857
9.13396
9.14309
9.12401
9.08359
9.02691
8.95087
8.86621
8.77187
8.66344
8.55648
8.45229
8.35675
8.27486
8.21159
8.17189
8.16144
8.17903
8.22911
8.30902
8.41791
8.55312
8.7103
8.88306
9.06592
9.25082
9.43368
9.60969
9.77466
9.94658
10.1275
4.95438
5.0031
5.07592
5.1625
5.25992
5.36871
5.48694
5.61614
5.75538
5.90197
6.05723
6.21969
6.39104
6.56938
6.75303
6.94206
7.13935
7.33131
7.52846
7.724
7.92146
8.11112
8.29053
8.46702
8.61507
8.75317
8.86189
8.95532
9.02637
9.07242
9.10694
9.10973
9.09728
9.08044
9.03558
8.99739
8.95451
8.88206
8.83136
8.78264
8.74422
8.71871
8.70844
8.71736
8.75661
8.81
8.89455
8.99727
9.12076
9.26031
9.41016
9.56495
9.71629
9.86383
9.99991
10.1187
10.2225
10.3323
10.4244
4.68735
4.67948
4.70124
4.74437
4.79229
4.86423
4.93801
5.04689
5.16431
5.26258
5.40151
5.54308
5.70597
5.88738
6.07225
6.28028
6.50502
6.66666
6.85758
7.05511
7.27263
7.46974
7.64642
7.85405
7.98249
8.13155
8.22011
8.31547
8.38783
8.43345
8.48968
8.47721
8.46414
8.47418
8.39405
8.38887
8.40817
8.25227
8.16926
8.08559
8.01747
7.9607
7.91685
7.89216
7.96284
7.98227
8.09522
8.18018
8.26282
8.38066
8.53689
8.72861
8.90211
9.07786
9.26199
9.45083
9.62425
9.82892
9.98509
4.50025
4.55986
4.59431
4.68261
4.76323
4.87451
4.95459
5.02242
5.1537
5.36233
5.41425
5.55692
5.74844
5.88708
6.09665
6.1739
6.40369
6.57514
6.77345
6.90654
7.10454
7.25367
7.39825
7.59537
7.67691
7.82065
7.87799
7.97094
8.08962
8.04319
8.20637
8.18896
8.11798
8.18043
8.08232
8.14466
8.02152
7.8321
7.93979
7.87077
7.83048
7.83392
7.76836
7.76513
7.80504
7.78985
7.84996
7.87949
8.07681
8.23606
8.35912
8.4895
8.63886
8.85205
9.04756
9.19097
9.33935
9.18744
9.45045
-2.27722
-2.38424
-2.17091
-1.8563
-1.41489
-0.894874
-0.427888
0.00137351
0.419229
0.75989
1.05759
1.37738
1.65749
1.91799
2.31649
2.87104
3.46816
4.09573
4.80927
5.6412
6.6004
7.70662
9.0213
10.6733
12.1418
2.11554
2.18412
2.10693
1.97772
1.88537
1.94166
2.10078
2.29686
2.48146
2.5501
2.46215
2.30806
2.17057
2.09288
2.15388
2.33922
2.49731
2.57545
2.6807
2.88029
3.14584
3.44491
3.76553
4.12437
4.31744
1.15335
1.19059
1.24862
1.31067
1.41132
1.57201
1.75844
1.93879
2.09078
2.17305
2.18438
2.1623
2.13823
2.14133
2.21873
2.37717
2.57849
2.81182
3.10248
3.46818
3.91048
4.43193
5.03909
5.73897
6.59763
1.51931
1.53113
1.59386
1.65072
1.72652
1.82656
1.94063
2.05251
2.14939
2.21537
2.24931
2.26611
2.28232
2.31307
2.37596
2.4759
2.60501
2.7623
2.95658
3.19301
3.46887
3.7755
4.09884
4.40703
4.72763
1.56158
1.56605
1.62941
1.69169
1.77194
1.86384
1.96323
2.05769
2.14085
2.20522
2.25071
2.28562
2.32036
2.36446
2.42957
2.52239
2.64492
2.80067
2.99576
3.23411
3.51898
3.85213
4.23971
4.67987
5.25472
1.65102
1.6639
1.7276
1.78466
1.85946
1.93764
2.02272
2.10165
2.1736
2.23408
2.28197
2.32307
2.36487
2.41219
2.47356
2.55503
2.66076
2.79507
2.96191
3.16201
3.39734
3.66428
3.96134
4.26837
4.64828
1.75669
1.72678
1.79791
1.84628
1.91846
1.98627
2.0652
2.13465
2.20087
2.25973
2.30731
2.34987
2.39512
2.44311
2.50229
2.57854
2.67654
2.8017
2.95787
3.14395
3.36677
3.6226
3.91627
4.25086
4.69049
1.85706
1.77181
1.86238
1.9001
1.97383
2.03228
2.11098
2.17172
2.23263
2.29038
2.33438
2.3744
2.42304
2.47075
2.5271
2.5988
2.68949
2.80457
2.94696
3.11363
3.31978
3.5537
3.84581
4.17296
4.55944
1.84506
1.79669
1.93286
1.95075
2.02498
2.05882
2.14337
2.18993
2.26365
2.32012
2.36533
2.39741
2.44068
2.48174
2.53648
2.60121
2.68332
2.78915
2.94532
3.10545
3.28947
3.52081
3.76201
3.88655
4.11585
-13.9166
-13.1042
-0.429703
7.00883
2.6843
2.60773
-2.62074
3.35578
-2.05446
7.36212
-12.3582
3.52294
-15.6953
1.89668
-7.50276
5.08336
-9.15111
6.90257
7.61161
-16.9239
-17.3558
5.70772
-12.0807
5.53509
3.29413
4.49227
3.25588
2.09536
-11.827
-10.9742
6.88456
5.38318
-14.3181
-12.0606
-11.3259
3.07819
-3.86769
-7.15859
-5.92921
5.95686
-13.0273
6.15791
5.13631
2.02271
3.50555
7.11267
-12.0288
-10.4739
-11.0268
-13.8435
-12.0208
-12.5149
-16.4483
7.04334
-2.47801
-1.77925
1.86998
-17.3044
2.45687
-9.62344
3.29467
0.470044
2.70257
5.13406
3.2951
2.07689
4.91258
5.48476
-14.1457
-12.7529
-2.38912
6.21122
2.81573
-15.6423
2.91341
-17.9799
-14.2408
-12.0031
2.19878
7.34938
-12.0568
3.4907
3.71393
-9.39772
2.87341
3.33091
2.75771
-12.1853
-14.4148
4.02747
4.51455
4.23855
7.38394
3.5791
2.70782
-12.218
4.36038
-11.7321
6.01626
-9.7308
2.36363
-13.5136
2.34984
5.7157
2.53019
2.36516
-12.1299
-13.0137
4.25829
-10.5999
4.96274
3.85973
-11.2827
5.69484
-16.928
-10.9325
-13.4684
6.24672
-15.4661
4.00694
4.86879
3.77663
5.81823
3.4184
-14.1773
5.14403
-12.7098
-17.3152
1.85202
-10.747
3.91204
-15.776
-12.2753
-9.55647
1.9499
2.78433
3.51432
2.48785
3.66416
-16.2471
4.73356
-4.59993
-10.2667
4.91975
-11.4229
4.60573
5.8388
-15.3244
3.75314
-11.5181
0.323065
1.4029
5.54499
-7.87715
3.29556
-10.4254
2.71691
6.15164
-12.2859
6.97215
5.51979
-2.49668
4.26823
-11.7617
6.38185
-9.2889
1.81773
3.05667
6.03958
2.73266
1.89785
5.26772
5.16175
-9.56164
4.51708
2.1439
-12.9553
-12.1021
-10.4139
6.44596
-10.8977
5.83122
-16.0223
-10.5506
2.48065
6.90306
-9.63615
4.20693
-14.4212
4.297
-10.3125
-10.4627
-5.32116
-3.45565
-7.83679
-14.2974
2.93381
5.60744
-11.0888
-11.7444
-14.6079
5.71177
3.66864
4.05224
0.623588
6.6584
5.21185
2.41594
-11.5893
6.19201
2.53226
3.69521
-10.8778
0.500199
0.142017
-12.7194
2.60617
7.12985
7.96525
3.39034
2.32625
6.23092
3.39832
1.04425
8.01426
-13.2941
4.57749
-8.87231
4.24399
2.77792
-10.1539
3.23997
5.61412
3.97502
-5.32139
6.84528
-11.8326
2.14643
-10.7548
-7.20929
6.14985
3.16396
6.42738
2.11911
2.81694
3.10173
5.07028
2.44331
4.74367
6.55285
4.32414
2.21199
5.658
-11.5317
4.82574
2.86807
-11.0905
-13.8337
-12.2521
9.28017
4.64635
1.83169
3.88378
3.18724
-15.4663
3.5188
7.16934
5.19158
-3.27063
3.07323
-15.6861
-5.99549
5.7881
7.17513
8.07225
5.01997
5.10386
-3.77842
1.77569
-12.0465
2.22024
0.322918
6.00808
6.8452
-10.1122
4.0976
2.25625
7.75814
-12.5969
-10.2266
-4.94162
4.45806
5.73803
-12.5977
-11.9025
-12.8586
-12.1642
4.43983
6.78119
-10.7228
-11.3584
5.27845
6.78173
4.1887
-11.7346
6.81596
-17.709
5.03786
-16.5184
3.68211
5.67693
6.66588
-14.3921
1.99417
5.74712
-3.1812
-12.0172
5.71275
3.31714
-9.48184
-12.6486
4.35601
6.78729
6.87363
2.95462
3.54502
-13.6731
-12.8871
4.6333
-16.7159
6.18953
-7.94084
2.34181
7.06553
-12.5683
3.27368
3.4818
3.90743
4.2149
5.07314
3.71073
3.42417
-10.5459
5.97207
-15.4094
2.63243
2.53244
5.94665
2.90335
-10.5985
-0.417181
7.46193
5.22011
-12.3761
-12.6243
8.01507
-8.5356
1.69725
6.35087
-9.45056
-11.7585
-12.0795
7.02415
-13.5129
6.30056
2.78634
5.27731
-12.4474
3.67165
-14.1484
7.13101
-8.24099
-11.8489
-7.84945
-14.4274
3.71241
3.80762
6.80754
7.0503
6.72484
-12.0486
4.42684
-13.9807
1.89643
1.9822
-10.4556
6.57278
-16.8905
-12.6726
-10.0926
-0.65334
6.95986
3.13786
-12.0803
-10.7923
8.10344
6.50627
-14.0477
6.31848
-11.4896
3.27028
5.22953
2.78515
-13.7046
3.32802
6.96031
-3.62775
3.11601
0.400749
5.69856
-10.3519
3.53824
-10.4872
3.48267
4.36635
7.94646
-10.8184
-10.4177
6.90207
4.42488
6.03788
6.81951
3.96776
2.27873
6.34753
-11.6035
4.26638
6.40689
5.07874
5.36964
3.42742
2.84957
3.72747
2.24142
-3.52807
5.526
4.50624
5.68751
5.87353
7.5558
6.8985
-7.17387
-12.8781
1.13561
-14.3259
4.20835
2.23043
-6.00488
2.48914
2.17536
-7.89875
5.80013
4.0623
-10.6975
7.13405
-12.7703
-9.1933
3.60326
4.53113
-15.8452
4.2177
1.63724
-10.4683
-11.1387
-11.6432
2.94634
2.60855
1.24874
6.90753
-12.2121
2.22266
2.88895
-11.938
7.66174
3.45049
-13.0972
3.70584
2.789
-14.9352
-15.0694
0.0302167
-6.67132
6.61149
3.43534
-10.0041
2.80651
3.48963
6.823
-12.9745
5.66014
-9.2015
4.68761
3.70766
-11.9413
3.60609
2.53543
-8.49112
3.50438
7.30719
-14.1415
5.23252
-4.37114
3.80245
2.11288
-13.5038
-11.8459
4.59855
4.25114
-3.46476
4.63703
5.78337
-11.4975
4.66433
3.89511
6.94775
-12.4692
-12.0673
-10.5903
3.67062
-0.33921
7.21188
-10.5698
-16.8778
6.11152
-11.9107
7.08367
-11.7549
-13.7179
6.54319
6.13594
2.24917
5.60555
4.14562
-3.86968
3.97643
0.832095
4.464
-10.8686
-11.1508
4.48317
-10.4064
-10.576
4.8956
-12.3865
5.2232
1.93739
4.1871
2.31711
3.53373
-4.25684
-5.41478
-7.00304
1.88229
-11.4817
-10.7454
-11.8864
3.30872
7.00061
-15.0213
-12.1351
4.70825
-10.3443
4.32775
-13.6498
-10.8786
7.74224
-0.153698
2.37921
5.6164
4.05399
-14.4811
7.50607
-7.89224
2.62124
2.62104
-11.0258
-10.7364
-11.9447
2.28621
4.09186
-15.3877
-17.0378
5.47663
7.13415
3.50918
-13.9469
5.62755
2.6121
-5.18637
6.75056
2.6022
2.80469
5.16323
-9.30025
7.00975
2.36554
-12.5245
-10.9326
2.68846
5.92496
-10.4741
2.15175
6.40704
6.64218
-16.8706
5.01032
3.79855
5.759
7.91034
5.70162
5.58539
-5.76701
3.2013
5.96598
2.32987
-16.2165
7.25985
2.52397
2.63499
5.43928
3.0145
4.07528
6.78193
1.24803
3.05701
-9.84974
-9.5749
2.07159
-13.7359
2.79771
2.97139
2.83483
6.77287
4.77679
4.03281
-15.3888
4.31647
3.52
1.48142
-10.4718
-0.373278
1.9938
2.08883
5.3457
2.71027
6.9093
4.33252
1.04773
-10.0356
-9.0749
-12.3319
7.20783
7.21342
5.14056
7.3648
5.8451
-10.7675
10.3393
-17.5193
6.42073
-11.9083
7.60987
-12.0084
5.02593
2.90095
3.48334
-13.1733
-6.13222
2.03694
-16.9171
3.0091
8.31637
2.97421
-11.2461
6.50656
4.22489
-9.2549
3.16119
7.11685
6.60062
5.88806
-15.6294
6.76844
3.83543
7.16521
1.93496
6.67289
-11.2495
-12.4833
5.02869
-4.26085
6.84732
-12.3786
3.72575
7.10183
6.41997
4.30499
-5.10799
4.65963
5.96361
2.49175
5.56693
4.72396
6.22098
7.00843
-9.58566
-9.56638
0.506845
-11.0632
-5.8634
-13.1868
-11.4409
8.81629
2.73077
2.95049
6.95549
4.32901
1.67837
4.89282
3.29852
-14.722
6.54894
5.45127
2.62542
6.08365
4.76846
3.19427
0.633268
-12.4389
-12.9618
7.57933
-11.1365
-1.52428
-12.1976
-17.2041
-13.3143
-12.8028
4.47241
7.14294
4.66349
6.5074
5.99359
4.06683
-11.8196
-12.9884
6.29543
-12.8843
1.16867
7.24625
3.25329
3.68675
-9.35898
2.40878
3.34589
-2.15689
-8.80099
-14.8218
-12.0448
6.96396
6.98616
2.83991
6.62804
-11.975
0.0879219
-12.2578
-8.48445
2.77184
-9.37164
4.17017
7.05891
2.35285
2.5791
2.51341
7.04287
4.65399
2.77059
4.13819
3.97526
5.26971
3.96076
4.15564
6.34629
-11.4704
-5.72334
5.62138
0.122253
5.01377
-15.9241
2.93363
8.47813
6.19139
-15.2256
0.331272
6.71397
4.61783
-11.0838
2.32931
-13.9115
4.0058
-14.8093
-12.559
-10.5268
3.96617
-9.31929
1.60583
6.63276
-12.371
5.96973
3.26738
3.80413
-14.6664
-0.632984
5.35996
2.83532
-13.5776
2.87321
1.52762
-9.72731
6.60438
5.60623
-3.61647
-12.2205
-13.8125
6.74178
7.10898
6.69936
-15.0528
-4.92439
6.06737
3.06493
2.57731
-12.902
7.3798
3.13091
-13.4003
8.11493
3.86691
4.98543
7.53477
-14.3351
3.92355
-15.5768
6.31241
3.63406
-12.3983
5.95692
6.91284
6.89873
2.1705
-15.2931
-12.2579
6.94949
6.64724
3.81212
-8.42325
-15.8461
0.573057
4.09633
-12.7197
-6.86975
4.3468
2.71142
2.48136
-10.262
6.47593
-14.4513
4.95068
4.35327
-10.3153
4.58582
5.80023
2.96706
-15.9996
-11.2128
-9.82492
-10.0038
7.27795
-13.9069
-8.63971
6.47266
-2.68396
3.03662
2.51507
-16.0112
3.91389
3.40636
-16.8319
2.67458
7.60886
7.48189
-14.5382
1.69952
4.86422
-10.564
-12.0459
-11.0301
6.60526
3.84087
-10.6351
-11.8406
-11.6812
-15.0367
-13.9078
1.24283
6.8354
-0.516606
-10.4886
5.43204
6.27614
1.35854
-8.93147
5.04953
-1.42754
-13.3516
5.10573
2.5647
6.91675
-9.94043
-3.65283
-11.5519
-10.9343
7.12059
2.10705
-0.0283418
3.69079
-12.4648
-16.961
6.78817
4.00925
3.87285
7.17192
-14.4729
-12.4687
3.96305
-10.8507
5.78405
-11.7392
7.04532
3.06788
3.42105
-4.57622
-12.1066
1.96576
-15.2711
4.69497
4.87356
-4.78933
5.20913
-8.47896
-9.91111
-10.6428
3.89156
6.0949
-4.14346
4.57056
5.79774
3.33971
-11.2055
4.686
2.29354
-11.766
-4.0926
2.59659
3.91046
5.13905
5.74062
2.57155
5.74847
-16.0113
6.62041
3.73969
-10.6414
-16.257
-5.59142
4.33459
4.0903
-0.860973
7.40204
-11.1193
2.62788
2.47387
-11.1712
4.47523
3.6042
1.26114
2.97984
-11.5131
6.92267
6.5357
6.48465
-2.86472
-2.68974
-13.477
3.41952
-13.5973
4.88721
5.03935
4.72104
-10.9914
-10.6017
5.42464
-10.0163
7.36841
-10.8775
4.18324
-11.3734
2.83256
3.08028
5.25838
-1.61163
-6.53848
4.04582
6.79179
-15.9512
7.01799
6.53673
3.52772
6.44206
4.13573
-10.9841
5.18628
4.31877
-9.47532
2.23091
-10.0405
7.19228
5.45438
5.36701
7.99664
5.9348
2.53011
-13.5274
7.9627
1.80206
6.95298
3.60363
-0.529446
-10.7387
6.03541
6.95514
4.31357
5.81808
7.07683
6.02453
-10.529
7.27557
-16.6574
4.60258
-5.10788
-11.7459
2.22576
-15.6617
4.71037
-12.5639
-12.0341
-10.2658
3.57172
3.88367
2.15573
-11.8383
6.06911
1.82293
4.93772
3.42634
-11.2631
2.3991
5.85365
2.49197
7.43439
7.1643
7.95132
-12.3164
8.94019
-14.7492
6.32382
5.52116
6.58256
6.68716
-15.2793
7.41451
-15.6227
-12.5993
2.88086
5.73534
-11.4087
-11.4428
7.04212
6.87881
6.36423
5.78632
7.23166
2.24625
-11.6718
4.15366
7.84677
-14.6506
3.48075
0.607507
-5.96628
6.36728
2.82492
6.66497
2.34072
-11.5256
3.15531
-13.967
6.16197
2.28952
5.68275
-13.7243
-13.9129
6.1977
7.83976
-12.913
6.22606
2.55579
-10.0737
-12.0365
7.66781
7.10573
7.42839
2.04012
-13.008
3.1815
7.63675
-13.1826
-10.8013
7.04272
5.9129
2.89382
8.08284
4.16639
-15.699
3.45886
-10.9943
3.62467
6.71927
3.08691
-15.355
5.44129
-12.6732
-10.6276
-10.3199
-13.0919
-11.8103
7.25686
4.96531
-13.2094
-14.8138
3.69979
6.66498
3.94929
2.3109
5.76954
3.37995
3.9027
-8.41852
2.73884
2.18804
-5.76432
2.48816
3.78815
4.64804
-10.3153
7.17379
-12.805
-11.9925
2.4788
5.79928
3.81614
5.43798
3.81671
-12.9842
2.69582
6.73155
3.675
5.73415
-11.108
-13.6466
5.1685
4.24262
2.77042
6.958
2.85313
2.11718
7.2911
2.46115
1.49487
-11.788
6.83624
4.58467
-6.28908
4.21177
3.15767
4.72529
3.44045
3.76103
6.37253
-15.4187
4.60727
5.65976
-10.974
2.78858
-0.799901
-6.06549
6.61643
3.84649
6.6758
-8.55401
4.79002
-12.9917
7.16454
-5.4889
-13.872
-16.9935
-11.8589
7.64628
3.33113
-15.5364
-13.0842
2.42563
5.85689
7.57858
-12.3015
6.69523
4.52953
7.32814
6.72635
-0.860947
7.43628
2.66895
6.98293
-11.7655
-16.0744
6.54556
7.56718
6.34625
5.85479
3.9171
-11.4459
7.3879
0.695569
-14.5177
-16.5045
6.66277
-13.0666
-11.647
-16.2688
-12.4442
1.57036
-11.8548
-12.8162
-10.3494
7.02171
-10.9453
7.25396
-2.90209
7.71998
7.14291
-12.8036
-9.15316
-11.5155
-11.6073
2.25178
5.52723
-2.48261
-13.0458
7.69421
-13.3324
5.96775
-16.3543
7.06968
-11.5796
0.528187
2.54656
4.10986
-16.7633
3.75626
1.22594
-16.0043
6.30648
-11.0613
4.23341
5.57592
-8.17649
-2.13811
4.14669
-15.5135
-7.50124
7.45232
-14.2671
7.49424
6.93406
2.19574
2.74949
-13.3424
-12.6626
7.18199
-14.017
6.08991
-16.4458
7.55533
6.5887
5.46723
-17.0826
-1.11323
-10.9376
4.99356
-10.7521
3.16831
-14.3271
-13.0507
0.424563
6.30441
-11.9962
5.57925
4.6025
6.38143
-11.8084
-13.2843
3.32762
-14.2254
4.38513
4.12703
-3.13021
4.97144
3.67788
-13.1935
6.77349
6.71619
7.90401
3.79997
5.72326
7.63769
-14.0037
-12.1129
3.8857
7.03644
4.4116
-12.2762
-11.8148
3.51452
1.76188
2.34085
-14.4284
1.71755
-1.15462
-13.6703
3.16883
-14.8734
-13.1972
3.37295
3.51141
6.97111
7.31608
2.98553
4.84094
2.48466
2.13473
-12.8019
5.31208
-13.7385
3.39812
-12.6312
6.07698
-10.113
0.410014
-15.1797
-11.6701
2.55167
0.74669
5.36001
5.53931
5.20536
-11.2727
-10.787
6.88912
6.77439
4.50454
5.86292
3.68598
4.34009
-13.4339
-10.7166
-15.5968
-13.649
6.71888
3.00995
-11.9842
5.9408
-11.7895
6.64121
3.41526
2.53813
4.58193
3.50844
4.74251
3.37363
0.733421
-13.5496
-11.8812
7.76136
3.51921
-14.8962
-3.15914
3.98508
-11.5524
-12.9548
-10.3088
5.46057
-16.4555
3.81179
6.85909
6.79494
3.20109
8.69987
-10.4186
-12.5275
6.35608
2.26044
-16.0321
4.24467
-13.0048
-9.97995
4.78675
2.00412
5.8515
2.34933
-11.509
2.82601
-11.7961
2.3752
6.44126
2.41266
6.91012
1.92987
6.5717
5.05322
6.69093
2.90028
4.17658
-14.0587
7.05085
-9.28458
4.50379
4.86781
6.04199
2.4507
3.98991
-5.68471
-12.7977
4.50426
-12.4479
7.57949
-12.7791
6.02909
6.37573
3.40862
2.97816
-11.2675
5.01832
5.13949
-3.26111
-9.31235
5.54902
7.17039
6.95174
5.97561
-3.77451
3.95802
4.35554
-14.5727
3.54709
7.41807
5.10481
-13.7863
4.78983
-12.1526
-12.2391
7.73379
3.01854
5.97227
6.62324
-13.9424
5.45399
7.2761
5.855
-15.6311
2.42168
6.21691
3.16512
-5.84584
-9.57911
2.5114
4.03352
-10.5417
6.99798
-0.70549
-11.5214
5.21898
-0.857551
-11.9226
7.07677
-11.7731
6.76423
4.80581
6.7924
3.50389
-7.60218
-10.3332
5.61509
7.2474
-12.561
5.31862
6.22603
6.86709
1.82923
-3.53178
3.09646
2.77011
7.47536
4.55213
2.90845
4.7139
2.44841
6.75469
-9.91278
-15.0515
2.83314
-12.6839
2.47774
-14.1363
-11.6768
-14.447
-10.5291
7.96258
6.40105
-15.0507
6.36005
6.01977
-11.0993
4.66009
4.13141
-12.1209
-15.1997
5.74629
-10.1201
2.79127
-11.6343
2.57244
6.94085
-3.46074
2.17562
-14.0164
4.95947
6.91411
2.04344
4.79097
-7.80655
0.774162
5.68671
-12.6899
2.09759
-12.5133
2.36965
-13.8734
5.20053
6.61106
3.79325
7.47729
-16.2676
-9.894
-15.0223
2.73713
-13.7029
-10.9334
7.80259
-16.1592
-0.275677
7.05093
-16.2294
-11.1992
5.21506
2.5257
2.64152
-13.5994
3.53734
7.339
-11.4867
-14.824
2.01662
-13.4078
-11.621
3.63834
2.28679
-3.05151
2.45081
-15.8117
2.55158
6.70954
3.6063
-10.666
2.85885
-1.22766
-12.4278
3.21199
-1.14606
-7.16898
6.71443
-12.0067
6.46371
-16.484
5.83377
3.60965
4.69387
6.92961
4.05197
4.35923
6.43192
2.55838
7.55469
-12.8473
-14.908
4.06515
-16.7936
2.90412
3.71998
5.19402
5.74319
4.79912
-6.75486
7.37223
-3.61404
-12.9763
-5.70053
-14.4025
7.87189
5.7571
-12.834
6.09211
2.90033
4.9934
3.54912
3.95314
-10.4603
5.95229
6.7034
3.07444
2.34353
2.2828
-4.9818
-0.633326
-1.84632
-13.3617
4.01984
3.46275
4.58693
4.84788
3.0852
3.91046
2.35887
3.64123
6.0911
6.09114
7.3566
-2.20435
-12.9439
-11.7075
2.45874
6.36085
-1.44467
-10.3445
-11.2213
2.77442
4.07199
1.79748
6.73641
3.17766
2.45511
-10.669
-0.903179
3.36711
4.37277
5.05709
2.58182
-12.4371
3.01223
5.4356
3.74336
4.60238
-11.5533
7.28492
-7.75774
7.94144
2.52842
2.66226
6.44311
-11.4225
0.345584
5.31683
-13.3617
-14.5857
1.28462
7.12676
4.72939
-10.8407
-14.0509
-13.5872
3.85027
-16.2521
6.74009
8.95299
-10.3674
-11.0793
3.35251
4.04927
-1.79653
-4.32216
6.37502
2.91756
-11.1524
3.51915
7.97754
4.73516
5.99425
4.72781
7.43829
6.86362
6.46491
-12.9632
5.62567
3.02214
2.66425
6.50498
0.891376
2.51491
-16.299
-0.906733
-0.693493
6.75465
6.19395
5.29079
7.6852
5.00064
3.53862
-15.0409
6.42838
2.55469
7.72309
0.731578
4.50072
2.74057
6.60654
-12.88
3.05433
-14.4165
5.3052
8.60366
6.16138
5.2764
6.90426
-11.7345
5.80777
2.68053
6.50519
6.02787
-10.8075
4.00824
6.51512
-13.7138
-13.5911
3.1111
-11.4768
6.83124
-13.1524
6.97247
-13.8968
7.13372
-2.93737
3.90061
-12.0324
2.13848
-10.246
-10.1752
-10.7427
1.59536
-13.6417
3.77789
2.92465
3.85705
-11.8585
6.36309
2.67248
-16.2857
-11.0833
-12.3815
6.73642
-13.8049
2.70596
5.18079
3.25944
0.00897193
6.61415
-6.19205
5.53482
4.43946
6.91925
7.42807
6.09764
-14.2772
6.59017
7.39919
-11.1778
-0.265723
2.84772
3.81735
-10.7414
6.03953
6.18899
-12.6441
6.36889
-3.90597
-3.28693
6.10228
2.30617
-16.9873
4.08994
6.04338
6.98431
3.22143
6.38063
4.31447
-13.2756
2.96101
-11.0552
1.96603
2.46663
-11.3359
0.56335
1.68911
6.49626
3.01161
4.48178
2.97555
-13.4663
-12.0883
6.70792
5.27268
4.31131
-10.9422
2.49294
-1.27033
2.9427
2.47463
6.42252
7.15187
-2.14748
2.47153
-14.1508
-12.1008
6.7697
-9.21709
8.13695
-14.3771
0.0164335
3.35135
5.61309
2.4818
5.56856
5.04162
-10.5232
-7.21684
-13.6443
-11.1866
-16.283
5.86232
3.01071
-4.32911
3.08468
-2.76369
-13.2639
6.64426
-10.8342
-14.9479
-9.96604
6.26178
2.91909
4.01278
6.32398
-13.4965
7.02142
-12.6683
6.40864
7.64353
2.45841
-11.1392
-11.6398
4.29509
7.37322
7.85275
6.04101
5.21566
-0.680107
-15.4219
5.39678
3.61315
-12.0104
6.71677
-12.6877
6.74989
4.29051
6.89404
-11.5509
6.04718
4.0865
6.67656
6.83352
2.13291
4.68908
-11.095
2.24404
4.14945
5.25237
3.82756
-15.8089
3.40244
2.88457
-6.43878
-11.691
2.45432
-13.8663
6.61561
-10.773
-16.3922
6.06602
2.19128
4.98881
4.4828
2.73041
-14.3386
-0.175334
6.28125
3.41898
-7.35573
-7.9901
-9.3554
-14.3502
1.11885
7.24394
-12.1446
2.45558
3.52395
3.78987
6.47816
-15.2263
-13.3239
5.47981
-14.1252
6.10568
-15.3349
-3.03543
-10.8531
-13.6667
-10.7223
3.07449
2.20123
6.80231
2.47823
-16.6942
-5.31596
7.16646
-0.509245
2.79687
-12.0148
6.49778
-4.21865
-7.2194
-10.7475
2.45624
-11.8982
1.83169
-13.6735
-11.7202
6.9444
2.81076
5.18384
7.47133
4.51536
-4.88529
6.78157
4.66754
-12.7171
2.75892
1.5686
2.14711
5.48661
7.17628
-14.0676
-13.9463
1.90255
-11.2224
3.9082
6.17509
5.16177
-12.0079
-13.1781
-12.4034
4.72852
6.1466
5.91313
-11.1006
1.89538
-0.418938
4.31406
-13.3539
4.60044
1.99512
-16.0017
6.32206
7.5701
2.50945
3.59941
4.09445
7.72657
-4.81159
4.87499
6.31407
-12.4711
4.75359
-10.2575
-10.8922
2.09397
-6.10095
7.26581
-10.6801
7.42478
-10.6155
3.70344
6.07171
7.01876
7.19831
5.45856
1.23653
8.03108
-15.9637
4.92867
6.27816
5.06297
-13.6359
6.11151
6.09733
4.88633
-14.1601
4.21889
-10.2343
-10.1368
7.64256
7.2041
-2.34622
-13.3834
-15.1703
-1.78335
7.25615
2.53077
-13.3767
-12.1872
-11.2395
-10.0699
6.15583
5.30184
4.48414
2.19414
7.90067
6.72839
6.29168
2.87676
6.47162
-15.2482
5.46903
-14.6145
6.04239
4.33576
-6.79153
4.4295
-15.9812
2.30688
2.98036
3.93412
3.97215
7.36261
2.94693
-5.07618
0.882802
4.62041
-3.05755
-13.4205
-10.483
7.40285
0.834384
-10.9784
-13.8057
-12.8268
-13.3228
-10.0742
6.98648
5.53104
5.08448
3.78942
-14.5825
-13.1883
2.78518
7.2073
2.27957
7.4978
-10.0635
4.65551
-14.8104
3.73453
2.80473
4.32469
-11.437
4.55826
-16.8503
-11.674
1.88425
2.01552
4.29976
7.14007
2.51974
3.49266
-4.09755
6.88603
6.61757
4.18184
6.5068
2.11471
-12.174
-1.24651
-5.02455
-7.65317
-13.4758
-12.6819
2.30279
5.81027
-10.8712
7.79329
3.9931
-16.5757
6.69683
6.41122
5.33954
-4.8954
-12.9358
5.14294
6.30189
5.85879
-13.3728
4.62999
-15.0705
-13.8522
-16.2497
-14.399
-10.3275
-12.4191
-14.116
-9.68969
-7.45223
-16.5213
-16.291
-11.4896
-15.4991
4.24247
-14.0568
6.71866
-13.8378
4.21093
-12.351
3.261
5.24412
-11.7996
-9.76865
-11.6884
1.89717
-4.38264
4.39553
5.04309
7.11206
2.61762
2.57191
5.8659
3.47299
2.25355
0.062596
6.07615
3.91886
5.37977
4.70239
-13.5195
3.28769
-10.0823
-13.7824
6.50182
-1.26964
6.77079
-13.0213
-10.4231
4.33227
-14.5303
-10.6008
-14.0646
-1.03065
5.44766
6.21548
6.99912
4.89498
5.95898
5.56025
5.5445
-16.0226
-15.7849
-10.6795
-16.2098
5.55198
6.64304
7.27497
6.38621
2.32309
6.97147
6.02938
0.799294
6.73333
2.02693
4.60749
-13.9917
-10.8626
-12.16
6.64313
4.52417
2.80213
-11.2357
2.82953
-14.8409
5.51567
6.247
-10.8283
-14.3834
-6.99516
8.28482
-2.98967
5.8738
4.64102
-12.6516
2.46313
-10.4769
2.45228
2.48825
7.25979
-14.1174
-7.53073
-2.05899
-13.2245
-15.462
-9.99077
3.85999
5.49131
5.4347
-11.6309
2.69697
3.49878
2.7249
2.7032
-10.1795
-7.39517
2.79919
2.63232
6.86854
3.9358
-15.1521
-14.016
-16.4652
6.70871
2.70854
-10.7769
1.44181
3.21769
-12.8721
-16.0552
2.63654
4.66585
7.15055
2.25488
6.46884
7.08303
-16.0186
2.63124
6.72188
4.02337
-12.1897
-13.5617
2.4459
-15.6094
-13.1783
6.24873
4.31022
1.95783
6.04272
4.48865
1.9053
7.13284
5.05171
-13.4958
-13.2259
1.15126
4.805
5.96085
3.63777
7.27893
4.72579
2.68704
6.92402
7.22791
6.56782
2.7511
4.41183
2.60209
-11.2609
2.4157
5.22727
-16.4773
5.60288
3.86492
5.06216
2.8097
-10.9125
-12.3504
7.02583
-7.1069
5.00372
2.11329
-12.8694
6.05728
4.38899
-0.483821
-10.0614
-15.5092
6.79023
4.26354
-13.9948
5.46749
3.62757
-9.92892
-6.60831
-13.127
-10.0971
-4.74977
0.334398
3.92336
5.17561
-15.5413
-13.7329
7.22694
2.42533
-12.7854
2.09018
-9.04638
2.16674
5.87026
6.23834
6.11333
-12.0943
4.80341
-13.5825
7.20792
-4.2789
-12.9925
-10.5768
4.57513
-15.4829
-10.1242
7.07245
2.66073
3.44952
-14.9148
4.24719
2.47787
2.61251
-14.5191
3.72178
7.08572
1.77906
-10.4006
4.21471
4.7348
3.41955
-11.9651
-14.3222
-12.8939
-11.656
6.84818
-7.55767
-13.194
-15.8874
2.19374
6.34045
2.74195
5.12649
5.74938
-10.4654
2.97916
-13.2831
5.83354
-9.68701
-13.8087
0.835546
-13.9509
-1.21845
-13.0582
7.88971
2.78231
2.63763
-2.71688
3.62243
-10.3405
-6.37572
-6.2038
6.35675
5.2944
2.06472
1.77382
4.26564
3.43741
2.65809
3.51218
-10.7301
-8.41511
6.30338
-8.74994
2.64319
-10.9904
-10.8866
-5.15103
7.96645
-11.2343
-6.93187
11.1274
-13.163
-10.4293
-9.33713
-0.543552
-17.4916
7.29347
5.10646
-7.37362
-13.1136
2.78817
-6.10901
-13.1962
2.56662
6.6485
-7.80354
-6.45436
5.81712
7.28298
1.56664
-10.7865
7.26434
-15.5484
-14.323
5.38717
2.13373
6.88787
2.41366
-9.36415
7.19783
2.64465
-13.4836
-13.2493
4.93873
4.20124
-5.29686
-15.51
-10.8629
-10.424
5.10925
-12.8685
-8.15434
7.25617
-10.6177
7.34606
5.1487
4.44159
7.04375
5.65599
3.8746
-5.37024
-7.98
6.68347
2.3979
7.22742
-11.6013
-8.2573
3.38377
2.50724
3.08213
0.532919
6.7594
-11.0911
-3.24078
3.72712
-10.8284
-14.5461
-7.47411
3.37934
-13.7795
3.25917
-11.1102
-15.5259
-11.2687
-5.79438
5.46565
-12.3783
6.57602
-13.7845
-13.0311
6.74679
4.91157
4.15243
-13.997
4.16181
5.23588
3.40389
4.17518
-13.3034
-10.7765
-12.8299
3.98323
7.18379
-12.2458
-13.7814
2.90268
6.82725
1.11309
7.05748
-10.38
4.36219
-6.66175
3.25176
5.60923
-12.3166
-15.1599
-14.424
-11.2657
6.65954
2.72587
5.57913
-12.9996
3.08175
-1.29793
-12.77
4.51821
3.91376
-12.512
3.2471
-13.1594
-12.1455
-12.335
4.68742
-7.54467
7.86728
6.90055
5.66375
-11.4867
7.26725
-13.9695
3.41634
4.42231
-1.38333
-6.58783
-12.5
-10.2853
6.70997
4.55576
6.30774
-13.5317
-7.58859
3.98243
0.453955
6.53371
7.85999
2.83165
7.25078
-2.46932
5.92305
6.69571
0.0610171
3.51597
-12.6527
5.50027
-7.40523
0.692487
-15.3736
7.90501
-11.3777
-11.9653
-14.3698
-6.3441
-11.4205
2.50846
-12.7517
2.50605
5.71603
-9.59338
2.62853
1.5194
3.28777
-10.6197
-6.60006
3.88321
-10.2737
4.20485
-8.86517
-11.5134
-4.74607
2.45265
-11.9258
-11.2108
2.36557
0.00802368
-12.5436
-15.9723
-12.9439
7.14912
-0.505152
3.73033
6.55745
-3.24904
4.16132
4.76358
5.73528
5.1289
-13.0525
-11.7735
5.75338
3.13995
-12.2893
3.64739
2.29985
7.98995
-10.2686
-3.93344
-12.0532
3.43773
4.64744
-15.5606
-0.0231944
-10.1207
-5.52126
-9.94928
3.41423
-14.755
-7.12676
-0.555507
-0.58685
1.95205
-6.89526
5.07865
5.57138
-12.7795
-3.36063
-8.48554
4.13956
-2.81414
-7.86533
-6.56709
2.15593
6.1322
4.80129
-12.8969
-13.7874
-13.9101
-11.4817
2.61508
2.64166
4.41581
-6.37429
-13.4627
-7.96348
3.05458
6.49167
-6.1564
-15.902
-15.9066
-13.5741
-13.1807
-8.19976
6.96128
-10.4977
2.68971
6.18565
6.42071
-12.5701
-13.3814
-9.01483
-12.8199
-9.60814
5.41734
-9.8851
-10.7492
-15.7443
-12.9672
1.34935
-1.52305
-3.48263
-4.18254
4.51658
6.46097
6.56089
-14.2517
-12.2716
3.49687
-11.2754
4.66678
-3.05857
-12.452
6.52211
-4.98875
-12.8107
-12.7476
-5.10386
-16.3682
-12.2524
-12.0347
6.75319
-7.15116
-10.6256
-12.594
-13.3365
-12.692
-10.3835
2.44077
-12.3768
3.9344
7.11642
3.87414
-12.9713
2.08675
-11.8376
-11.837
-6.62772
-8.58009
3.82784
-15.2471
3.30296
6.84576
-9.62816
-10.2883
-8.20764
0.212314
-12.7207
-1.40677
-10.8324
-2.29762
-14.4444
1.68184
-12.9808
6.92683
6.49817
-10.9823
-10.9976
-11.5293
-12.1801
-5.21194
-10.4512
-13.9331
-10.3435
7.24877
3.65274
0.985164
1.16393
-1.38554
3.2661
-0.267608
-12.4837
3.42119
-12.5253
-8.40314
-6.02306
-10.4005
-12.4003
2.76565
-2.95203
-12.509
-1.14215
-11.6653
-12.4314
5.89415
-7.05616
6.11214
3.17628
-11.948
-11.9602
-12.6512
-13.1661
-6.65901
-7.6068
-10.4996
-11.3056
7.11654
0.459588
-9.07501
2.28543
6.15822
-13.2873
7.6915
-3.81044
7.4833
-6.18673
7.47729
3.48188
-12.243
-9.88731
-11.3742
-1.40899
-15.5255
5.53891
3.88071
-4.39852
-0.525714
6.48722
3.71321
-0.818755
-0.592641
-14.3013
-11.8072
-12.3825
-7.03163
3.80119
7.79515
2.98854
-12.9551
4.09967
-8.53997
4.96246
-12.7955
-12.4104
-0.222271
4.48012
3.97906
-0.752254
3.32028
-0.186311
-12.3356
-12.7703
5.39043
6.06693
0.953702
-3.11856
2.69233
7.88671
7.27934
5.46304
-13.9809
3.60833
-6.14261
-3.64955
-9.17685
-12.9837
3.6111
-2.18888
4.34797
-0.526724
-8.27103
-8.77391
8.52139
-7.27377
-12.4017
5.65147
-2.16087
7.11711
2.41484
7.82217
-9.8837
-8.14595
5.64734
5.84246
-16.3908
4.29477
-10.1386
-12.3876
-11.2745
-12.7165
-2.09882
-10.3631
-8.49936
7.06579
5.34442
3.76515
5.06144
6.86007
-0.937051
7.08847
3.03118
0.223688
2.05356
4.31158
7.25619
4.00127
-9.65495
5.27011
2.57728
-14.8553
3.43138
1.36302
-5.22302
-12.7998
-9.54387
1.91733
3.72437
3.22101
-8.27025
-12.2748
-12.0954
2.90675
1.21929
5.71772
-1.53194
-12.1452
4.00704
3.80281
-7.08362
-6.73222
-10.9561
-5.14288
4.22427
3.52777
2.48158
7.36745
3.80306
3.58593
1.65972
2.24942
2.4351
-3.97924
4.83828
-9.38501
-11.0807
-10.1064
-11.2173
-5.63979
-13.1409
6.46702
-5.45528
-14.0215
-11.8417
-9.73793
-5.624
6.00851
-14.1497
-15.4921
6.95625
3.95954
-11.4032
-2.78976
3.10681
-13.7934
-9.58865
4.32809
-12.6223
-12.3162
-7.16005
-8.90814
-2.79679
0.955636
-10.699
0.245235
-12.1966
7.98331
-12.5169
-6.7973
3.09005
-10.3244
4.77606
-12.7683
7.18561
-14.0784
-17.28
-7.51951
2.10522
-13.4698
-15.1939
6.67906
-1.35073
-11.6879
-11.3012
-6.82147
-13.0328
-0.613647
-13.5842
2.06894
2.72977
-10.4171
6.54212
-14.8403
-11.2284
4.88192
-10.606
6.9525
-0.271448
6.97902
7.48846
-4.38267
-11.8915
7.67063
5.09366
0.96954
8.06469
-14.3632
5.0851
7.12546
-13.854
-17.6503
1.11473
-10.7257
5.83872
-13.5641
-7.69678
-11.3446
4.0791
3.01568
4.25518
-12.2729
-8.75945
-9.91825
-15.5512
-8.15637
1.00563
-11.999
-6.26994
-9.9348
-10.4501
7.80131
0.822042
-13.4752
-5.99816
-11.6483
4.74697
-10.2634
-11.8446
-11.946
-6.06444
5.93624
7.06163
1.09778
6.12374
-11.795
4.53946
1.11479
4.50345
-8.08836
-11.4078
0.165522
2.25933
-11.9563
4.73582
5.93403
-11.6739
5.00786
2.51052
3.41182
3.2511
1.92624
0.21208
-15.5442
-8.85771
-1.94911
-0.531964
-15.44
-5.84149
-11.0725
-5.07841
-14.0207
-12.6988
7.05789
-12.1654
-13.0279
3.48658
-11.3801
-10.0732
7.45709
4.15707
3.60244
-9.13255
0.263717
-4.43367
3.20875
-11.8857
-12.9964
7.75991
3.7882
4.17667
6.8551
4.8214
6.72021
-12.1356
-11.1835
2.54174
1.61023
-13.8483
7.61878
-0.954727
3.93648
1.07978
-12.5866
-3.45084
1.25627
-12.9107
-15.6556
-11.7814
-9.88947
8.67403
0.63418
7.06259
1.35679
3.9652
2.32297
5.80771
-15.2033
-17.3108
7.29911
-5.11789
-1.77354
-12.5898
-10.4576
-3.57155
-16.1264
7.20137
-4.21519
-13.6819
5.44779
0.781914
6.8152
3.1767
-1.74804
-6.40958
7.24507
2.449
-11.003
6.71262
4.66112
-13.5663
-12.6224
3.6232
4.19918
7.3269
0.0444118
1.72306
-14.7378
1.70048
5.95562
-11.3309
2.32955
2.72053
3.33929
-13.5282
-11.0703
0.974901
1.17088
-13.0493
-10.7147
-2.18204
0.949097
5.77319
-7.78654
-1.24841
-2.37217
2.77764
2.93617
0.997888
-16.0111
7.05096
4.24753
-14.2307
-11.0907
6.31013
-6.36408
-15.2422
0.973107
-0.804295
4.64958
6.8834
3.96764
2.60303
0.023068
2.59802
5.70194
-13.3305
7.03215
-8.16599
2.82273
6.6016
-11.1449
6.32386
-12.8934
5.47898
1.16371
-10.9608
-10.7625
5.15136
-5.1142
0.803772
-4.17879
-12.2807
2.14886
6.51719
6.38007
2.64918
-12.7154
2.60337
2.61252
7.50336
4.2516
2.01206
2.97944
4.08122
7.01794
-11.5558
7.46217
-10.3161
-11.4539
2.55807
6.68576
-13.655
2.72756
-0.480603
-3.33427
-9.09942
1.82459
7.23724
7.46674
4.00207
-9.65888
3.91277
-11.0398
6.4242
4.21431
4.39183
-12.8748
-0.249408
-10.5089
4.12622
-1.38793
6.83443
-10.747
0.661975
-14.169
6.50638
3.87242
-11.1321
-1.37419
-1.43665
-12.3876
1.35426
-2.44668
-0.00612532
-0.802434
-11.9153
6.20128
4.29806
2.23341
-12.5383
2.39704
-10.8555
1.13378
-11.4276
5.06622
7.89346
2.11937
7.12137
-10.2706
-11.5697
1.42219
0.940002
0.314725
6.999
0.105279
0.925344
-3.85342
-12.9773
-15.5202
-15.2156
2.8226
2.80175
0.935946
4.90505
-0.0596632
6.80833
-6.54252
-1.55784
2.91823
3.50452
-10.4097
0.23224
-12.8139
1.95601
-8.1243
3.1732
-13.8508
-1.25806
4.86895
6.73196
-11.0793
-2.71106
3.38238
4.98791
-12.9333
3.49387
-13.0574
0.969918
3.61936
7.24024
-5.10733
-14.6133
-14.201
4.07474
6.12178
-10.0452
-15.3781
0.974933
2.49536
2.21622
7.52107
-13.8264
-9.79707
6.27403
-12.3006
-12.9293
2.81111
3.95672
-1.07536
2.21041
1.95204
6.92797
6.02809
1.39547
-10.63
-14.0833
7.82882
-16.1979
-10.6138
2.35282
-1.759
-13.7399
-12.7525
-3.13702
-3.72956
-0.305026
-12.6669
-1.10232
3.23788
0.708027
1.15574
4.571
0.20781
-9.40091
-12.7966
6.55874
-14.0071
-14.2085
-11.172
-14.064
2.19698
2.24484
-7.61657
7.20071
-15.2467
-4.39314
-9.84219
-16.5822
-10.7559
-15.1601
-14.4254
7.11663
7.83948
4.78656
-11.4627
0.0228107
-12.216
4.75069
-0.588498
1.44784
6.04939
-7.39599
1.66663
2.82241
6.82215
-15.2326
1.24968
5.26853
-13.8833
-11.7689
4.95456
-0.516104
2.41572
0.802614
1.67312
2.0131
-12.131
5.99877
6.79166
6.88318
-0.866243
-2.8765
-10.8746
-12.259
-12.1585
-14.5575
4.01166
4.09143
-5.99785
-11.0245
-12.8701
-2.41763
4.68022
-5.38435
3.9943
3.8436
-3.43844
6.21354
-4.10592
-6.84377
4.27186
-10.6568
3.31025
6.58542
-15.2128
-15.5866
-12.309
-13.9817
8.7347
0.122597
2.05123
1.9263
-9.46377
-12.0791
-10.8717
7.21052
4.73488
4.82608
-10.8483
0.704936
5.15422
-2.05096
3.87441
7.03964
-6.73909
-9.19015
2.65512
-13.8481
-11.0749
3.26243
2.95573
-12.3141
2.42458
-9.97789
-12.9352
2.52082
7.53908
2.77442
-13.524
-12.9678
-6.99295
7.58047
3.76921
6.24643
5.41425
2.70539
-13.7619
-11.9933
-12.7165
1.75713
-12.4036
0.194948
-10.569
-9.68775
-12.2308
6.75179
-10.1588
6.80262
4.06697
4.48845
3.71676
2.58809
2.89362
-8.51669
5.58436
3.01746
2.26848
-4.88709
-12.0605
6.00342
-5.58856
6.45268
-1.34121
6.5989
4.10723
2.45557
3.83638
0.942023
-0.242197
1.7479
-7.82223
1.67285
0.359193
4.78079
6.48421
-15.5315
-12.7233
5.03851
-0.347996
5.72202
5.72934
6.61478
-10.8606
-11.1154
1.27506
-10.9611
3.53766
-2.11309
5.85065
4.59583
-11.6514
1.72562
1.17155
3.77218
3.89633
-12.6992
6.31245
1.00816
-11.3907
1.95788
4.29264
-2.12048
-7.91022
2.27174
1.50211
-12.332
2.70453
-9.12744
-1.46656
6.82992
1.78461
-9.95068
-15.9349
-9.60774
0.232481
-13.2674
2.92389
7.24765
-12.0897
-10.9968
7.17876
4.87198
-4.61383
-0.871547
-11.2739
-15.158
-10.2406
3.19006
7.49025
-12.9131
-11.1582
3.72078
2.72048
7.71883
-14.1426
-10.8083
-14.8353
3.94644
5.09471
-10.6215
5.986
-12.0636
-12.3052
-11.4637
6.1041
6.57076
-13.2259
-4.54991
-16.0946
7.08482
-13.8305
-10.3904
3.74285
2.35378
0.436137
-0.763288
0.852737
6.53596
-14.2583
2.10353
1.56567
6.30024
1.29003
2.18325
7.06341
1.52331
1.41704
-12.5958
-11.939
-11.6392
-16.9733
1.68396
5.85723
6.39996
5.09096
-0.210786
2.56665
3.26147
5.13537
6.3462
-11.7589
1.85285
0.995663
6.94679
-14.4078
5.9914
6.98783
0.409046
3.77594
-10.5378
4.11533
6.91677
-12.3195
-11.3392
3.14097
-7.57368
6.62538
1.83967
7.67683
3.01801
1.43622
6.60182
-7.24765
-7.53321
-3.71041
-5.0759
0.424134
6.79656
-9.98085
-6.32429
4.37947
4.14193
2.87372
0.899735
3.01832
3.07209
-12.9918
3.95658
-12.7888
4.62832
4.07951
1.76406
4.22505
-12.5617
6.69552
4.26232
1.86072
2.34451
6.5061
2.83288
2.71384
5.1532
2.24201
5.43066
4.12021
-14.6236
-16.6035
4.222
6.80335
7.24543
-3.57772
6.86944
-7.20904
5.12268
-15.657
3.71387
2.48145
6.92455
2.45011
2.4403
1.76473
2.5813
-10.9675
-11.4132
3.99825
7.05953
-12.4915
1.71815
-8.64411
1.79453
7.97542
-14.4709
6.75857
2.48018
1.38915
7.02452
-12.3264
-10.5386
2.3926
2.18851
1.79458
2.34262
1.01179
-12.4898
5.35375
2.01764
2.73785
3.69792
4.0615
-4.842
5.67521
3.61696
-11.3086
-5.02132
1.92082
-12.0713
-1.11851
4.91517
6.46523
5.86983
-13.0873
5.56324
3.96711
-11.3543
7.17706
1.83804
-12.4733
1.86262
-12.3858
3.97227
7.0475
-12.4287
5.43569
2.39753
-12.5048
7.10448
4.41383
7.01615
4.02635
6.99479
1.84127
-7.09812
6.12703
-13.452
4.9226
2.54098
1.09597
5.95109
2.57652
-12.4299
4.09946
6.93445
7.26595
6.63833
-16.1072
6.96893
1.21095
6.06927
-12.4567
-14.0291
1.8577
7.66373
3.7636
5.66606
1.16328
-13.4496
-5.68912
3.23552
-14.4465
5.22946
-6.05623
6.38277
1.50002
2.96174
4.19069
4.68549
6.21278
5.75028
7.36382
-9.80309
7.59504
-11.3828
-4.37623
3.67514
-10.9354
3.02997
-10.3862
-10.5054
6.82987
3.58
1.79411
3.14435
4.40975
2.07237
-9.92338
4.33163
-0.896067
3.51944
6.05657
-9.63453
4.5189
2.68572
6.60833
2.7426
3.57747
7.11486
-10.2524
-13.1684
-13.0032
2.91142
6.13319
7.35452
-10.9973
3.12469
1.68184
-12.8482
1.97562
5.32328
-12.0349
1.93539
-9.81188
2.15977
0.647767
7.49621
-12.7345
3.56842
-9.58536
7.96182
-0.274462
6.65308
-6.42826
6.57535
4.1327
-1.73123
4.14821
6.88291
2.34675
-15.6343
-12.5373
-10.617
4.02736
-3.01517
7.28083
1.71168
-11.5835
-9.33271
3.11138
6.53373
1.67798
2.62514
4.648
2.78188
1.47024
2.4735
-13.8349
-10.8593
3.06268
1.31311
-0.896997
1.01577
-1.103
5.95632
-10.3026
-10.522
6.67445
3.08366
1.94648
2.6175
-4.56285
-6.89458
-9.99782
1.81217
5.39856
6.27336
7.15017
-13.0344
-11.9072
3.80937
6.5132
2.91374
7.60352
-12.4975
4.97739
-11.7567
4.60715
4.38636
6.3414
-14.8113
7.08325
7.28513
-10.9291
-9.75943
-15.0655
-12.7887
5.25231
7.12371
-0.0313615
-9.44931
3.98455
1.61671
1.71263
6.3458
1.73015
7.15943
6.55006
6.90395
4.83234
2.72798
-11.0494
5.9863
-5.36065
3.49175
4.6969
-12.4276
-2.40012
6.88507
3.88064
-10.4829
4.37759
3.2594
-8.50708
5.76042
4.5581
1.47951
0.395079
1.98742
6.65425
5.72172
-12.0676
-8.24359
2.41566
4.82206
-10.7758
-12.7195
4.46048
2.41951
7.24302
-11.2597
6.04181
5.4616
3.4134
0.285636
3.53872
3.57231
3.63792
3.15705
4.44475
2.5305
-1.05995
-5.81731
1.24024
7.00544
-11.4709
1.80316
-12.9759
7.07345
7.74737
4.35036
-16.699
3.68389
0.852511
-12.5931
-11.686
6.99813
2.02573
6.72234
3.47715
5.67016
-1.77659
6.51668
0.144407
-10.8761
4.09619
1.90024
-14.7979
5.31929
7.68517
-11.3513
1.06114
-7.53911
5.76416
7.75734
4.61336
1.89801
6.98238
7.3132
-13.7866
6.73656
1.36377
4.42209
-5.87515
7.0916
-13.9987
6.87967
-12.3698
6.872
2.699
2.0399
2.69034
-12.3254
6.76297
-13.683
7.35203
2.63272
-0.606613
-14.1233
7.64804
-12.125
5.84832
2.79485
6.11906
3.1545
5.02453
6.13416
0.204288
6.08625
-4.68365
7.5542
0.544586
6.85889
4.14974
1.88452
5.58235
-12.7069
-9.46455
4.47917
5.86265
4.72113
6.96183
1.99083
1.71653
-11.7952
-11.1808
-1.8407
6.79661
1.89311
7.73584
2.74039
-11.0662
4.26749
1.48096
7.06118
-11.4621
-1.88721
7.66766
-5.28453
6.50678
5.49824
4.5553
-12.2231
-14.8255
4.34768
2.18273
1.72135
5.57154
6.46256
-7.75621
-12.1885
7.03797
-0.52464
5.75426
5.41164
7.61989
5.33894
6.92322
1.47895
6.40653
-13.4284
-11.8089
2.22558
7.34109
1.33771
6.5977
-11.9294
3.21219
7.39701
5.92787
3.69308
2.65562
5.56883
-13.6603
-11.9195
-1.57025
6.79058
3.64826
2.28481
2.35615
1.99738
1.10563
1.72081
6.0126
1.35639
-15.8002
-7.52329
-0.722634
-12.7245
6.31139
4.60781
0.910753
-12.4017
3.25769
-12.0827
2.36005
6.32361
2.55557
-11.5473
6.24028
4.58765
-11.538
7.56058
7.40744
2.76971
6.83487
4.51398
7.59795
6.78998
5.91798
2.15663
2.337
2.81417
-10.9734
5.56037
-14.4452
7.41029
2.29883
-10.2729
5.20809
1.56634
7.22108
-0.13211
1.7841
-6.27661
6.82977
3.35702
7.5709
7.58612
4.19434
-12.2741
2.22886
3.05992
7.09049
1.60085
2.44391
0.670514
1.19198
1.43781
1.80423
2.16718
6.78183
2.28675
-2.54407
-3.16102
7.76677
7.78393
-9.22536
-12.7875
6.61587
7.46136
7.65818
-13.2676
-10.5339
0.814102
5.37324
6.79984
5.34607
1.46446
3.49078
5.10315
2.65553
3.20598
5.55499
4.04532
2.6971
2.32268
2.57545
-5.63958
4.56011
7.21746
-14.9449
-4.95261
-3.6871
-11.0469
-12.1446
3.28661
3.22827
6.20487
1.35893
-11.7078
-11.5934
2.8886
-4.09941
-13.0288
-8.61404
2.35004
7.75711
1.68835
7.76562
4.80659
4.63651
3.6542
-12.1571
7.47194
3.02989
3.1414
-10.4003
1.82124
7.77322
-3.37712
7.15183
7.95984
-12.8118
2.32477
-6.19279
-14.2233
3.82878
4.20576
1.58216
2.24111
-3.30536
1.20814
2.28432
5.85585
1.60596
7.41429
6.34995
0.179498
0.969498
6.94201
-8.85252
3.35981
2.55196
-14.2122
4.45282
6.59193
7.13512
7.42074
7.64521
7.74681
5.68544
7.66924
6.45337
1.47012
-0.671824
4.14121
3.58313
-6.9283
-4.41758
1.08964
4.60922
4.18927
7.70443
-12.5967
5.64256
2.91663
4.27168
5.18817
4.13545
2.66995
2.07929
0.599855
-11.4408
2.67175
6.98125
6.50239
6.23748
5.31259
5.56129
7.01211
1.43414
0.87088
2.20025
2.63182
7.90071
4.35537
7.01634
-16.5846
-12.4405
-7.79961
7.38538
-17.4015
-9.61058
-17.0081
-9.39196
-9.3162
-16.919
7.48449
-9.73708
0.351401
2.77589
-9.11636
-16.7188
3.42333
1.6958
2.84766
-11.7777
5.58075
-11.6429
-11.427
5.17879
3.3228
7.90265
-9.74743
-14.8479
2.23947
5.6494
-16.5135
-9.29574
-17.7702
-9.73106
-12.4965
-15.0123
-1.75525
5.1528
7.84482
5.00529
2.81677
-0.380593
-1.39035
-15.5387
-15.1106
-9.65623
-17.9838
2.73766
0.483036
-1.96499
-3.82833
1.5661
-7.46927
-12.1675
7.91224
-11.6538
5.74734
2.2149
2.4449
7.55586
2.86756
7.08699
4.45668
7.21248
-10.9175
-4.87697
3.11616
5.94701
1.92147
4.94859
-15.1152
3.16461
7.77677
7.82815
-16.7759
-15.0548
7.52653
-14.3526
3.4844
-9.39069
-9.44946
2.38094
7.76667
6.9715
-12.6816
-0.226338
2.4831
2.55738
2.71854
-8.84048
2.4082
-0.146659
0.571302
2.90618
2.09311
-2.20204
2.31218
7.19932
1.33506
-6.89723
-10.3307
-10.2269
-8.87571
-8.92519
-12.4509
7.07556
3.3761
1.48977
0.89551
-11.5416
-16.7583
2.41664
3.63411
6.86387
-3.80699
-8.03956
-6.05869
1.99525
1.57948
2.98523
5.40476
6.41155
4.00878
1.81567
6.56454
-12.3444
4.5991
2.41439
7.1386
7.16082
3.43255
-9.85743
8.95647
2.13869
4.03084
5.77566
-11.0249
-9.16156
-5.7119
5.91184
-1.16294
-1.57937
-0.242853
1.86784
5.28676
-10.8209
7.43092
7.70728
7.71014
0.704909
7.22558
-12.3558
-10.9475
2.53881
1.31015
4.44023
2.50803
2.99122
6.6756
1.27417
-12.8481
-14.3166
6.89434
-17.2365
2.54607
5.17619
7.8606
5.60509
-4.88474
1.01532
-11.4752
-3.49434
1.58974
3.9459
-16.6284
-3.58257
-12.5647
1.93412
-5.07642
0.962972
5.73754
-17.8564
-6.2857
7.9209
-11.7088
-13.8564
1.56414
2.18694
-16.4203
4.31424
7.82133
-8.37034
-7.59547
2.25746
4.07645
-9.42607
2.39657
-10.9526
1.10463
4.17089
-5.43623
1.49533
2.64191
7.09653
1.32264
-9.48308
-18.2769
0.0338986
6.79694
-4.74753
2.09767
-12.8405
-9.32433
-7.40757
4.0245
0.286269
-12.6662
-8.32412
7.84523
2.50831
-4.51491
-18.1728
2.10137
1.9758
-13.9718
2.78392
3.3779
-5.14807
7.76641
2.89491
2.56729
-9.46291
-9.47849
1.32087
-14.3007
5.16299
6.21016
-2.13922
-4.48743
5.18407
1.32296
7.74909
-12.9522
1.12179
7.90668
7.09164
0.731572
2.35157
-0.939648
3.98755
2.39655
3.09316
-7.0642
-9.42179
6.23681
1.32546
2.30117
7.95254
-11.0188
7.00368
-11.4763
3.47439
-2.4534
6.6142
1.10486
7.32889
6.98504
5.21986
7.04915
-8.73109
2.42902
-7.24455
-12.9887
-5.1067
-6.78198
6.85818
4.54183
1.16599
-3.71189
7.05059
-10.959
-12.6005
0.77984
6.37558
7.60082
-9.39816
-10.5023
7.39898
-14.2564
2.5395
-8.06027
-11.2789
2.5268
-12.557
2.91645
6.85483
4.89795
-2.94596
7.55359
-12.0977
-6.29355
-2.77308
2.50559
-11.8263
5.07151
4.67067
-3.68558
0.122676
2.53897
4.1043
7.39008
-10.0787
7.00828
0.514236
6.93198
1.29846
7.04196
2.79458
6.90327
6.06694
-13.8143
3.53707
5.59328
2.13106
-13.9715
7.60396
-9.09521
7.60438
4.09591
6.63205
7.07291
3.73217
0.727638
6.74138
-13.2687
-11.9346
-2.86718
6.77604
-11.5235
6.51325
-13.0119
-0.642613
7.26658
-13.0481
-1.62739
6.50388
6.58093
-13.3525
1.23102
-4.39441
-7.85448
-18.4248
-9.53684
-13.3175
-10.6248
-18.3686
-9.46002
-12.3612
6.63628
-17.0502
1.19578
-14.5065
0.813654
-14.4323
-0.071259
-11.333
5.60866
-4.85915
7.13367
1.42078
4.35788
6.86485
2.04988
-0.26578
7.7213
-14.4287
-1.707
-1.37633
0.992836
2.57996
6.4538
0.504794
-15.7126
-16.5053
6.73725
7.88738
7.17829
6.89139
-12.3558
7.31464
-5.43351
7.90493
-0.352702
-0.3582
-9.49373
-11.5825
4.91381
2.92461
5.22437
3.84689
-9.40021
-5.19966
-12.2571
6.03454
-11.4936
7.83318
1.01561
-1.00682
-13.6862
-12.2655
1.99653
-11.4379
-0.361673
2.31599
-9.91412
-13.7231
2.34893
0.535606
7.56504
6.227
-11.9783
-17.6586
-11.4776
-8.7787
-10.3969
7.73591
-9.56079
1.55311
-2.60841
-0.0259907
3.31398
-10.573
3.4056
7.0706
-10.8196
-5.57375
-13.019
4.75067
-13.1626
-7.0688
1.19891
6.79491
-0.712142
7.40162
7.37853
-1.46104
3.0881
7.53085
-13.8904
-9.6244
1.91972
2.46507
-0.226567
6.80766
-9.53252
-9.51376
4.42812
5.95619
2.52869
-9.47828
-12.9147
-9.49894
2.49246
5.36128
0.840564
6.1374
3.05007
2.54436
2.08373
-7.27837
-11.6843
5.80522
4.03573
6.89642
-12.6143
7.5167
-14.2842
-5.35285
-9.59793
-3.52199
-13.3715
-3.7264
2.13158
7.10185
7.63147
1.71094
-9.51867
-17.7329
7.44579
7.77501
-7.41397
-12.2213
5.23648
4.64027
7.53747
-7.13361
1.94826
4.11526
-8.81742
-11.8517
-7.65007
-10.9546
1.0533
7.86041
7.17641
4.5716
-9.66319
7.90365
6.66301
5.10862
2.10627
-10.1303
-10.4231
-7.69939
-12.5292
5.72203
-4.40498
2.60517
4.74845
-9.75768
4.16041
4.49893
7.39863
0.155043
-12.2096
7.49982
3.67954
4.89445
-11.3596
3.82322
-1.0894
6.92828
-12.5595
-9.9923
2.69308
2.03229
-12.8173
0.59361
-11.7215
-8.08512
3.25263
3.71432
2.64296
4.07578
-12.5615
-1.40232
2.40161
-6.15029
2.00302
4.05354
0.642353
2.41523
2.07853
7.38232
7.18542
-8.71871
5.64593
-10.035
6.9041
-11.7426
-10.83
-8.51592
3.55142
-6.99048
0.707794
-13.5406
2.62049
-17.4004
6.38168
1.47754
1.2241
-13.5425
-17.9219
1.3115
5.84581
-11.0562
-11.9277
-11.793
7.50022
0.711668
-13.4671
3.60656
2.17347
-10.2572
7.01242
2.61891
7.76222
4.90029
-9.49843
3.49287
2.74896
7.29636
-9.67769
2.2287
6.97885
-3.03639
-2.3198
-10.1695
-18.7996
3.29262
-12.2808
-8.3109
6.23428
2.59422
-8.01908
7.30674
-13.346
-12.8756
4.77639
3.00071
6.43905
-9.17096
5.56361
7.02193
4.0926
7.05253
-4.56076
6.82854
7.39864
-11.4763
5.20031
-17.1508
-11.7572
7.01978
-12.64
5.23145
5.82672
0.784705
-9.10906
0.851544
7.39122
2.4417
5.63922
-16.4954
1.6487
5.46409
3.60391
5.71864
6.90559
6.06512
0.133393
7.8227
-9.8094
-14.0673
-9.57462
-1.87224
-12.1179
7.08458
5.00249
2.15318
-10.3774
-1.83861
-0.913438
-17.8613
3.36717
4.53123
1.8117
-0.145163
1.67903
7.49093
-2.99607
-13.1537
7.39814
-12.0516
6.99267
1.69186
-11.7887
7.04893
4.08771
3.74834
2.44379
-0.791025
0.976501
3.23033
-14.1508
-12.5647
2.59709
-11.4681
-11.7381
0.176917
7.31093
-4.27801
6.12192
7.93359
3.19284
-12.3639
-12.8802
7.02123
-9.65063
4.48545
1.59664
-9.33101
-4.90205
-6.42385
-0.279226
-13.0717
6.54387
-6.83569
-15.9071
-14.472
3.67086
0.888336
7.15604
2.72219
-0.42881
7.40781
0.418821
2.07812
-12.8941
3.38973
3.839
-4.53669
2.21237
0.235241
4.40381
-11.6885
1.51902
-0.20056
-0.504722
2.56105
2.53046
2.06826
2.07569
-12.8177
-9.6548
6.19108
3.97592
-9.97718
7.59728
1.44296
7.31098
1.17082
4.60049
0.0143916
-6.38779
4.32288
-10.7032
-1.11511
4.1865
6.89033
5.66936
7.05928
4.50011
-11.2906
2.87464
7.14251
7.46131
7.24757
7.01623
-18.0235
-0.821678
-12.3496
7.96311
0.196557
6.92844
4.27
-1.33087
-0.417826
0.0322754
1.53873
1.07172
6.37205
-0.730616
-13.2228
3.98647
7.09756
3.67869
-12.2538
-11.411
-11.248
-2.80205
2.73196
-13.4979
7.41306
-14.0294
5.20343
-16.4437
-9.02016
-12.5397
2.4994
3.36718
1.52181
6.82026
6.94454
-6.76814
-10.5392
2.36109
-10.9025
6.47911
7.13431
5.41182
3.48542
7.14182
7.31863
3.23089
-11.4447
6.61866
0.437144
-1.10781
5.01279
1.696
-11.7909
1.17703
-10.4377
7.6797
-14.7403
6.62693
1.30803
-13.4203
-3.94635
6.66588
-4.3874
7.15833
7.13038
6.14064
-7.50288
7.2323
-13.251
0.472601
3.48035
0.1727
-2.19988
6.22056
6.8524
-12.867
4.71329
-9.61383
-11.547
-0.343187
-3.81887
2.53448
4.25343
2.40494
-4.48784
-6.95016
3.87379
-18.5643
3.94787
-0.817051
-12.5958
1.01908
2.85335
7.55017
-1.29896
-14.346
-13.9318
-0.840685
5.15488
7.81848
3.39277
-7.95067
-9.55761
-18.0898
-3.91219
2.6441
1.53347
-5.77426
7.74106
2.25833
-2.72033
6.80629
4.53232
-10.4054
-2.15382
-9.58731
-11.5217
4.04301
-12.1478
-8.49032
7.26597
2.36494
2.96855
-3.54507
-1.36696
1.30122
7.52354
4.08128
-7.47061
4.4264
-1.25419
3.29571
-11.1056
2.57096
4.12
2.70136
-12.8051
0.796378
-17.6835
6.93203
-1.29357
4.26331
3.75118
-1.69988
6.69031
6.4108
7.18325
-7.78617
6.58729
-1.08846
0.508848
0.0871773
-11.5701
3.13533
-4.38131
7.61705
4.13466
-10.1149
7.26794
6.90639
6.62045
-1.67374
-11.7187
1.36359
-12.7841
-1.20334
6.25813
-12.3141
1.21813
6.60314
-0.875767
-2.5567
6.6149
5.00995
-1.06635
5.64319
6.19197
0.0512845
5.18288
3.19647
2.72665
-2.75496
6.04487
7.32687
-1.73534
7.1761
3.94599
-1.06344
-0.729229
1.08844
5.158
-10.7102
4.02234
2.85772
5.94544
7.49825
-11.4296
2.58859
7.01348
-9.89774
1.64654
-1.34532
-8.17582
-13.115
3.22776
6.71328
-0.50959
6.14695
0.377175
4.07329
2.42962
0.615236
-4.18202
-5.24119
-11.5289
3.55424
-11.753
7.3341
-7.39817
6.7677
2.21937
5.70771
8.2031
-3.78359
-13.7578
2.34762
-17.5168
-10.9022
3.30014
-3.86515
4.12785
7.10873
7.84669
1.87709
7.23234
-11.7394
5.6273
-12.8445
2.58165
-12.8683
-6.3136
2.47223
5.06624
3.19782
3.39929
-8.88576
3.73822
7.03415
-8.70655
-5.89922
-6.31031
-18.2103
-9.52415
-4.12669
-12.152
0.639452
-0.153619
7.03417
-12.3992
-11.2166
1.17217
3.26364
2.73401
-6.36401
6.98834
-0.777159
7.08638
4.89481
4.04025
-0.912314
-7.38036
7.11932
-12.5818
6.52528
4.73456
7.01423
2.90218
5.34554
-11.6871
-11.9567
7.44521
-9.46221
5.59391
0.952992
2.26205
1.88914
6.39641
7.2748
4.28369
-8.61795
2.13728
-12.2355
-11.9002
7.37513
2.68201
-4.73598
2.62871
-9.05227
-16.0377
3.09217
6.42725
0.296805
-1.41159
-12.4533
-9.88459
-11.8556
-12.4852
7.51794
4.08748
-1.64554
4.00701
1.43305
-7.76645
7.1844
-13.1997
6.37924
-0.360265
3.30185
6.82192
-3.60396
2.47305
7.02402
-13.1875
3.50802
-11.8114
-13.2315
-0.679472
3.21109
-2.70358
-8.12669
2.49708
7.46906
-11.0285
5.7546
-4.7643
7.01109
-9.59029
0.647147
6.0842
3.74285
3.73447
8.0427
-1.30352
3.10096
7.30655
-11.459
-5.78016
-0.325792
2.10919
6.14164
5.00126
-12.6032
-13.6454
2.24041
6.25219
6.99606
3.07584
4.06354
7.11008
-12.3444
5.80585
-14.4212
2.38512
6.04597
7.47418
-3.28478
7.16969
3.31061
7.00585
-10.0908
5.60069
2.41555
0.58493
7.19036
2.82453
-16.766
-11.8594
7.24913
-14.1891
-1.24072
-2.23256
3.0393
7.40386
3.86553
5.35532
1.75252
6.87333
7.09823
-6.85691
2.84973
6.46227
7.45429
-12.1051
-2.86643
3.95584
7.49572
-13.1117
-13.8107
-11.2085
-1.274
-18.7027
0.604309
2.5794
-0.63334
4.07363
-4.07683
-14.0335
7.3395
-2.31321
4.23539
6.85227
2.95791
-3.22932
5.837
0.0190232
-10.7508
-5.04565
-9.52698
1.82871
-4.24182
3.12415
3.23645
-4.86794
-10.1583
4.2385
6.29803
3.96279
-5.12971
6.99202
3.36056
-5.47265
-7.73871
3.92816
7.09553
7.4678
5.45872
7.9101
-12.8721
-4.85716
5.14852
5.74885
-13.5993
7.21652
3.10506
6.02724
-2.74485
7.11721
7.00691
2.08752
3.18399
4.36964
-1.26956
7.06716
7.014
-5.97197
4.68143
-1.39245
7.40567
3.62014
-13.0701
0.833985
-6.47805
-2.09448
7.22883
4.40797
-13.399
2.46659
-11.4696
2.06483
6.58353
7.86173
2.39857
-2.93753
3.95428
-8.62543
4.16535
2.0718
6.45383
7.1491
2.23699
-14.0399
-11.9391
7.17299
3.61351
6.39426
-5.95424
2.91982
7.00075
3.75093
-2.99231
7.29328
6.35098
6.96173
2.34917
6.97493
6.19923
7.91229
-9.50545
-11.796
-9.32424
5.63824
2.38482
-2.76292
-9.28167
4.94747
-8.60908
-6.31108
2.2866
-6.99672
-14.3868
1.10862
-10.7264
-4.80415
2.4212
-14.4497
-1.41542
6.55662
-10.5545
2.5646
2.99926
-12.7487
3.90514
4.03157
-10.0023
-14.4413
3.11543
7.57488
-12.3388
4.32524
2.24516
-5.00099
5.85425
-8.42175
-14.2035
2.90277
7.03449
7.42737
-10.2093
4.1842
4.01275
-3.90293
-10.46
-3.20503
-10.7574
-16.7664
6.41961
7.59321
-2.28591
7.92378
3.91539
4.08326
8.28849
4.34485
3.89936
-1.00791
2.57185
-14.4463
-2.78822
-0.304236
2.61011
7.07976
-12.5214
-6.71757
7.66838
-13.4717
-10.8734
-7.51503
-13.4025
-4.34977
-10.2733
4.19975
7.85242
2.0878
5.599
7.85902
-16.7565
3.31891
-11.6109
-11.3016
6.56406
4.68505
-4.46111
-9.69161
7.16216
-4.21175
7.13711
3.20242
5.24684
6.67705
3.69005
4.66739
-1.85182
3.69536
5.72894
4.80929
-11.714
3.81578
3.97731
-14.3826
4.03421
3.36389
5.71357
6.86984
0.307079
3.42373
-9.32707
5.21171
-4.31357
4.08606
-11.9429
-5.48645
4.07909
8.21859
6.88376
-13.6948
6.99411
-11.1431
7.12091
1.63625
6.92319
1.68606
-11.3557
2.01391
-12.2826
7.04544
7.44177
4.12748
2.53114
3.4552
-10.4979
-13.0701
-12.203
-5.70854
0.0987785
3.2027
-11.1235
3.53113
7.60296
-10.7477
0.548384
-4.95533
-6.53035
7.07913
-14.12
6.11809
3.7975
4.63866
6.83072
-14.794
-2.8867
2.8013
-6.31535
-8.66696
6.98163
7.34556
-12.5833
-12.2537
-16.6592
2.11133
7.28234
-0.275714
-12.2406
-12.7566
-9.77001
-6.23668
3.1235
4.35266
-5.82281
-2.70798
7.1049
-13.7367
-11.5648
6.96349
6.29318
3.95319
-1.87237
2.40652
-7.21929
7.86571
-6.75896
-11.7948
-11.7141
6.88047
-3.05757
7.29431
3.14375
-10.7737
5.75025
7.5747
5.39821
-12.997
6.56718
4.59611
3.61508
-2.60143
6.9977
-0.250518
-12.865
-12.3477
1.92022
2.5627
-11.3404
-13.239
6.52721
2.54359
7.61931
2.28766
-12.0528
-1.88711
-4.33355
6.07279
6.95087
7.89325
6.77082
-12.9967
4.82724
7.90081
-2.95273
6.92779
6.44847
6.90804
4.80943
6.84229
5.29791
2.51606
3.14733
-14.426
-13.8714
2.56154
6.88537
5.32145
6.62902
-18.9326
-12.1671
3.26474
3.15968
2.69269
2.62452
-12.4316
4.07768
2.28801
-3.32825
4.03568
1.87879
6.62055
6.02772
-6.93586
-11.7975
-2.66877
3.6519
4.40241
6.72797
-9.19727
6.84411
-14.4196
-13.1171
-9.73488
3.41848
7.03221
-14.7127
4.94096
0.519106
3.86498
6.96083
4.02573
-11.9147
2.69827
-11.486
4.61129
-2.84748
-3.85205
7.02558
-0.0136792
2.27409
4.0815
-14.127
6.77011
5.31022
4.03622
-14.4751
-13.875
6.14474
-2.91835
-12.1568
-12.9898
6.70631
-11.0709
-8.93254
-14.9339
-12.1462
-13.0766
8.44688
5.34447
-12.0222
-14.7665
-4.47234
0.785309
4.19959
-0.206935
4.03416
7.65631
0.444414
-9.21009
-4.66942
2.70601
6.00892
-9.33373
2.65838
2.54362
3.40279
-3.04628
5.14486
2.75411
-14.0799
-12.7169
3.16484
2.68171
-10.9079
7.43262
4.73514
2.79915
6.81168
2.1118
-2.24977
-5.01467
-8.8548
-13.2001
4.29035
4.09469
-4.44207
-13.313
8.29002
-12.244
4.29813
-3.51658
5.32594
-11.6805
2.38421
5.89476
4.59032
-12.027
-4.46798
-18.3528
-4.28272
7.13982
4.33499
6.36517
-1.17324
-13.2528
-16.651
-11.6259
1.94751
6.92835
-2.35187
4.74282
1.87285
6.9259
-12.1631
2.45143
4.82113
7.11418
2.20142
-13.4135
7.23845
0.432677
-9.62156
-12.2078
3.91983
6.8223
7.67729
-11.9029
4.45292
-12.399
5.00245
3.42403
3.64919
-7.1959
5.02493
4.02934
-10.0837
7.03982
2.34399
2.77394
5.19453
1.77438
4.61734
4.28635
2.78677
1.71788
-10.3712
3.74124
-16.0927
3.99015
-14.2188
-12.4783
5.52533
3.79213
-11.6642
-9.88952
4.85488
5.7821
4.03162
-14.4892
-2.55468
6.11693
-13.4484
4.86789
-12.6142
-3.44531
7.193
-10.0566
6.20294
2.40943
6.47845
-7.51601
-12.2475
2.69585
4.57705
2.87883
8.26293
2.3036
-7.27803
6.40344
-14.66
-9.75857
6.71988
-11.7415
-16.2373
7.13974
-12.7336
-10.0843
5.67109
-10.9901
6.41005
-11.8176
-10.0424
-18.8028
-14.4484
-0.932875
6.35114
6.30688
-0.128605
7.14117
6.56941
-10.9335
-13.3977
4.96439
6.79144
6.859
-10.7698
6.14041
7.47803
6.75778
-12.8576
6.54164
6.3172
-9.52038
-16.427
-10.279
3.83575
2.53085
2.31713
-9.96104
6.4412
-9.27464
5.86558
6.47662
7.15296
5.29616
-5.55154
2.77768
-11.4276
7.95352
-12.4122
-1.79739
7.32698
3.65696
4.49557
6.10838
6.85716
-12.741
0.306082
7.02718
3.908
6.44116
3.83584
-3.71655
4.87132
6.09861
2.70071
-13.1879
4.17189
3.63898
2.26091
6.30885
-9.91563
-12.8541
-12.5553
4.67658
5.91153
7.89812
6.55971
7.54758
6.02478
-12.3991
6.88516
6.1358
6.14469
-11.2511
2.75985
5.07356
7.00403
-11.1783
7.68885
7.40547
6.0439
-8.15991
6.03455
4.00347
-13.6952
6.9845
1.58866
6.34661
3.74954
-12.9104
2.88046
-2.7462
6.9172
5.32982
6.3912
-12.5848
4.29296
6.18118
1.52396
-13.863
-6.66277
3.12334
4.83535
-15.2816
-12.4196
-4.49317
6.64585
6.68372
6.89908
7.30708
1.04166
-16.0736
7.36359
4.03077
5.39214
4.86267
4.11998
-8.6852
2.49579
4.57723
3.91997
-4.53192
-8.37403
6.39051
2.0998
-11.0541
6.21193
-18.494
4.02997
4.35388
-2.98549
1.83442
3.07931
7.04034
7.40097
5.58173
-8.65097
8.02806
-9.89554
-9.582
-5.18128
-1.18939
6.67774
3.49298
3.84449
-11.9806
5.33207
2.847
2.48239
5.2223
-12.1273
4.5865
-12.696
-12.9754
7.73863
7.26042
5.88141
7.01926
5.61265
6.38806
-0.836189
2.15124
6.47046
7.95226
0.266518
1.96039
3.30673
6.94767
2.4061
4.6995
4.29516
2.78439
-14.4726
3.28079
-12.8342
7.05055
6.25995
4.0258
7.25984
3.98611
-14.2805
2.59761
-13.2367
-12.1496
6.96424
-3.36928
6.26312
8.27201
5.59153
1.88405
3.74515
-13.7021
0.0283881
5.37221
2.01083
5.78215
5.01745
7.97932
-11.7983
2.31648
4.09923
5.65679
-13.9053
5.9161
4.9663
-12.6837
-9.49164
5.26596
5.47788
-9.78678
7.2384
1.98537
1.38768
2.77281
7.11673
6.76295
4.67463
3.98938
3.45947
1.93485
3.00621
3.44744
2.05219
-9.09304
0.101752
5.36598
-16.547
-11.036
-6.37432
-14.2581
-0.94335
-7.60531
0.239163
-14.7822
7.83893
5.60154
4.92257
6.95085
-13.4411
4.90569
5.15338
-4.01178
3.3143
-10.8964
-0.482873
-0.33338
5.30533
1.98813
7.64004
7.39531
-17.8315
-13.9747
-2.96455
-11.4166
-3.99712
-8.84925
-3.20172
2.32792
-0.461244
5.25642
6.33798
3.49318
6.66292
7.04077
-12.1385
-11.9936
4.93552
7.2178
3.8891
6.80906
7.17115
2.02755
-3.62673
-6.57375
2.90248
-8.51183
4.1209
3.22701
6.28768
4.30033
5.62107
-13.0406
-8.09441
-14.0665
4.44456
-10.2888
-14.1658
5.01002
3.53935
0.897886
-3.33607
3.04054
-12.1297
7.21076
-16.2009
4.87585
-16.8458
2.22713
-0.280181
4.7769
8.35229
6.86204
5.27706
7.57285
3.41748
4.00083
6.976
5.5332
6.23537
-7.10726
6.27106
4.48067
0.533015
2.98311
3.74602
4.84849
-10.6804
5.14294
6.60955
-3.4216
6.0609
4.32784
2.7842
6.16275
-13.2379
7.68893
3.99437
3.68127
4.07574
-17.1957
5.29726
4.96021
-15.5081
4.08497
3.89439
6.47987
3.88211
0.795484
6.21865
5.76518
5.54028
2.88317
-8.17138
-11.1672
-14.0726
5.14777
-12.5341
-16.5144
-9.27597
5.40322
3.01459
-8.15765
4.73041
4.77267
-13.3362
6.66213
-11.2845
3.41176
1.16462
-5.03192
-10.1946
3.67697
4.31382
3.59969
5.95168
7.39352
2.00317
6.91741
6.82556
-1.36829
7.0053
7.65681
4.03554
6.1547
2.54131
-0.599684
5.41722
1.66771
2.40454
2.74171
7.89048
-6.04666
-5.51482
7.76083
-9.27672
4.63559
4.01852
2.73214
5.0989
2.83675
6.92763
4.50238
-14.8687
7.20727
2.03572
4.48597
6.33092
0.817016
6.26916
5.6687
-9.89876
7.04079
2.5294
4.82833
6.97932
7.7581
5.04237
-7.72887
7.17007
-0.810202
-6.01127
1.65719
2.2776
6.95838
-8.32767
-10.7843
5.14097
7.7603
2.58865
-9.09783
5.44632
-13.5137
-7.62675
6.84834
7.02653
-12.9211
2.35179
-12.647
2.39002
-5.018
-9.12082
7.23345
7.07273
0.656932
7.12819
-11.8914
6.82816
2.83845
4.55639
6.66123
6.78307
-6.68864
4.99354
7.13837
6.7859
4.44767
-12.3878
2.4124
7.69482
6.11216
-13.0106
4.64227
5.48566
-7.4619
1.07816
5.03725
5.56894
-15.7222
6.16688
6.10957
7.11509
2.55307
-14.1321
1.6064
6.94062
-14.2254
3.32035
5.60782
4.96811
6.8343
5.53937
-7.52476
-14.4367
3.99355
3.20924
-7.45961
-9.73686
-18.5632
2.37621
-16.5352
-9.44251
4.11277
-7.50775
6.74434
-9.34178
7.10219
-13.6718
0.71562
-11.7975
6.9364
7.16548
-8.31616
5.08248
6.90377
7.3156
-14.7422
-1.9116
7.09452
3.97694
3.94494
0.00314679
-14.072
4.97614
2.43815
4.97789
5.39044
-7.56074
6.41983
-8.20104
2.3865
-13.9975
-13.2712
-9.85823
6.34825
2.50008
-14.3662
1.71295
1.06937
3.75948
-12.5736
-11.0333
-2.42076
5.0487
4.61069
-11.5088
1.84794
6.40068
-12.8859
-5.07639
3.93788
-13.8841
3.09819
7.23531
2.98225
7.14571
-9.93844
3.83721
6.02704
1.63992
-1.92558
-13.8679
2.22409
-2.35294
4.37196
4.95917
5.64759
0.911376
-8.72132
3.40007
3.91613
-5.89164
3.15976
2.11957
-10.0583
-12.9807
4.21833
6.87341
4.53577
4.15146
4.26364
3.89445
7.07349
-11.7152
-11.5669
3.78493
-11.6647
-5.14441
7.47585
-13.5082
-1.43887
5.23789
7.84151
7.11647
3.11191
7.37657
-7.09017
5.51695
2.30758
2.30596
5.94573
3.65784
-14.2402
7.63894
6.07389
-7.51665
6.36642
6.36422
3.96491
6.55645
4.48787
-12.3865
-12.1861
5.33722
-3.33767
5.81073
3.3673
7.02996
4.4625
-10.4577
6.89222
5.53536
7.76219
4.32888
4.07871
-6.73062
4.28007
0.678578
-9.08877
3.08936
4.1485
7.35887
-5.67569
4.21122
-13.6909
4.01633
-14.2166
-10.5794
5.58536
4.49021
6.72742
6.5965
5.41116
-12.6587
7.65578
-11.4224
3.1594
6.67276
6.80127
6.38778
6.45209
4.08366
-13.033
2.15765
3.19721
6.97048
6.13458
-13.6375
8.66243
-12.2214
-2.33388
6.82753
-1.37054
-2.28737
-10.2924
6.64217
-13.174
4.74943
2.78881
3.19135
7.00916
5.07584
-11.5474
-11.3782
4.81164
7.0207
-11.6494
-9.41084
2.24936
5.35426
6.93441
4.23863
-11.8455
1.88834
1.02782
-9.41739
0.886767
6.93404
6.78534
7.16075
3.80248
-18.376
-14.2472
3.10822
5.06468
5.88362
-12.6296
4.35482
-14.1733
4.62157
2.17608
-13.7932
7.22589
7.00563
4.34157
3.9944
7.08194
8.41366
5.86124
4.27037
4.94754
6.37953
0.405412
6.44227
7.52357
2.82555
7.98794
-15.2124
4.02602
2.50693
5.45015
-10.5218
-11.3825
-11.2833
9.33345
2.19907
-9.72184
2.95733
2.735
-12.986
1.80482
-1.80867
-13.2846
-10.8436
2.65529
7.12743
6.87971
-12.1365
-14.352
6.4069
4.19732
-1.89794
2.32921
-13.7676
6.32165
5.11587
-7.16481
-14.6386
-14.7755
2.61028
3.67965
6.21291
6.90937
1.53567
-11.9149
6.34123
-12.2262
-15.266
7.16468
4.95211
5.1951
2.84955
1.2198
6.38669
2.02775
7.33908
-11.7394
-13.8112
3.96735
4.9903
-10.2055
-18.0561
-14.4286
6.43145
-13.134
6.50934
2.60678
7.095
-11.5881
7.43444
-13.8515
-12.8223
5.25772
4.11061
5.99122
-16.1663
-13.1806
6.9343
-6.78745
6.93021
7.59426
-12.3842
6.62608
3.96878
-13.1041
2.36939
0.650302
-8.8942
6.95284
4.51171
1.62972
4.32067
7.07941
2.5072
4.16297
-9.40015
4.04472
6.79398
3.28054
6.18928
4.24355
5.93837
-12.1151
3.30903
6.05568
4.80933
1.50021
-14.6749
5.48978
6.87712
-13.6116
4.79896
-2.16642
3.89908
1.50517
3.07811
-14.469
6.8659
5.09374
6.29843
1.56486
7.01101
-14.3466
3.64894
1.30858
-10.3524
6.35924
-6.80467
-16.8188
1.66927
4.83434
6.95147
6.2937
3.44751
6.12105
1.00648
3.29851
6.47717
2.10378
3.50555
7.15387
3.73824
-8.71506
-13.9994
-16.3128
-5.98242
7.07476
4.51211
3.6702
5.14743
-12.9738
2.10245
3.22715
-1.51438
-12.3779
5.53834
7.56455
-11.7997
-10.9964
5.88251
2.03271
-13.9889
2.61911
4.26786
5.54089
3.69476
-16.7503
2.48425
7.56723
2.44241
5.60793
7.12482
2.57457
6.69287
6.87112
2.31657
5.20549
-13.9481
7.22878
7.04631
-13.464
3.33462
6.35563
6.03006
-13.6913
-15.1003
5.46981
6.31471
-7.21812
6.51431
-12.9342
6.54075
2.26862
7.48569
3.77686
4.51177
0.416215
6.89107
5.98804
5.20082
-8.77416
-3.86008
-18.6471
6.76199
2.09978
-10.1656
-14.1245
2.19546
2.02993
6.76472
-14.4584
7.59712
3.59034
2.19716
3.24626
2.58922
5.51159
-14.9343
3.32933
4.11617
4.13048
-16.2585
4.50429
6.44074
-17.7602
6.78305
-2.40577
6.69186
7.3609
-14.3191
3.17397
-10.1844
6.8458
-0.112735
3.94935
-13.5138
-10.3135
-18.4254
0.688505
-13.355
-1.5462
5.62066
5.94371
-6.29695
8.84419
7.31744
2.24053
-10.5831
2.13153
1.7724
-10.4704
-2.38594
3.26947
-6.06948
3.32562
6.34379
5.93536
-12.2584
9.68652
4.0449
4.7874
3.81642
3.20793
-5.82305
3.13716
-13.068
-10.3311
2.32125
-3.35509
7.9611
-9.51988
-13.8871
1.61058
2.22123
3.73203
3.30218
0.847413
5.84339
3.34994
3.35895
-16.6358
4.07216
-0.201981
3.75148
6.45356
-3.54953
2.58647
4.0598
-16.6432
-18.0038
-13.0002
-11.7931
-10.4816
-14.3081
6.46267
6.0507
3.72528
6.76429
-2.11465
3.79267
6.3302
3.24525
2.71405
-4.63184
6.23427
-12.3074
-2.47736
6.90557
-18.9759
2.4146
5.07562
-3.97892
-18.4129
-11.1803
7.09788
8.26211
1.99592
4.49959
-12.6609
-6.22628
4.71112
-14.4116
-12.1193
4.73032
7.83019
-12.6172
-9.65332
7.01141
-17.7061
3.64445
-0.268029
3.8972
4.18244
2.18666
4.11021
2.6551
-13.0027
2.59287
-10.2396
1.84048
2.56643
7.90977
6.26016
3.10767
7.00665
-5.32608
1.94566
5.48754
-10.4457
-18.2659
-10.3311
3.99481
-11.448
0.272033
4.18765
-12.7161
3.99549
6.4392
-12.9842
1.98255
-12.7667
3.46369
-3.40209
6.81402
4.95288
3.09364
4.231
2.30115
7.47628
6.26586
4.72127
6.993
6.98068
3.85733
-18.386
5.45192
1.29688
3.27288
4.40306
3.86316
3.80909
-12.6548
-13.8248
-14.1029
-14.1756
-4.17501
-6.07716
6.31323
2.09292
4.70133
6.41907
-0.17509
8.01763
2.38046
-12.0652
-1.92185
6.96874
6.32767
5.29703
3.2556
6.73093
-3.81945
-7.62791
-4.33878
-13.4918
3.14054
-12.9505
6.70778
-9.58521
2.05943
3.29573
-11.2784
7.89637
-14.0666
7.09819
3.41848
4.88006
4.88378
-11.673
-10.5618
-12.6245
6.29792
7.62842
3.36494
5.41949
3.99471
2.67049
3.55461
-12.2902
3.81463
3.56109
6.25352
-10.6626
4.46911
3.92313
7.01273
-12.8028
5.58895
-14.225
-13.1618
6.76549
6.50942
1.57009
2.55495
7.45625
-9.13903
6.69004
2.25204
-9.83755
6.60731
-15.9019
3.08135
5.18863
6.10974
-13.423
6.89616
3.16967
5.03125
-0.826457
6.60953
0.44367
3.84495
2.15071
6.73622
5.42434
-14.2699
4.45005
5.02517
4.28584
-8.38433
-3.973
3.51953
0.919773
7.79112
-11.1294
3.11549
1.97432
4.73197
3.01197
6.40286
6.39128
7.20115
-16.7543
7.06293
7.15626
8.1395
6.02181
-4.15388
2.13524
6.40137
1.82917
6.90441
2.62327
7.8779
-18.5233
2.94221
-12.0749
3.65038
7.33068
5.10078
6.20153
-0.41282
4.05683
-10.618
5.96845
1.62532
3.19408
7.20254
3.808
6.96897
2.98116
4.44469
6.42342
5.1061
-3.33881
4.58564
7.07371
-16.8642
7.6117
5.58514
5.32005
-6.81711
7.875
7.93976
-13.3703
7.43367
-12.5379
5.10693
6.14782
3.20751
2.50476
4.35806
-8.77499
7.52709
4.50073
3.92906
3.95215
-12.8507
6.78906
3.81049
2.50001
2.63674
4.17009
1.5968
2.95387
3.89754
-2.24436
2.62807
6.5142
-10.0367
4.07303
-10.7204
4.13764
-1.78333
7.38313
4.99897
2.82281
-12.8647
-12.1729
5.98526
6.97548
-8.29263
-9.38217
-5.2128
4.14354
1.94242
3.20216
-2.17395
-16.0753
5.48874
6.7212
3.21266
4.82107
-13.0469
7.33324
5.02647
3.7163
5.54933
2.73613
4.75716
3.03924
-12.9027
6.37685
2.6261
-17.8364
1.04103
4.07729
2.38833
-11.6405
4.6326
-2.04191
4.92702
5.47446
6.3472
7.78222
-9.7011
2.64293
2.2595
4.32249
3.53301
1.44983
5.45147
3.23978
-13.6761
3.32218
-13.5053
7.35221
5.51708
5.56416
7.52759
-11.5801
-6.21401
6.49259
-0.896069
7.26197
6.76787
1.41273
4.49231
6.988
-13.2209
-9.73319
-11.1568
-7.57602
2.253
4.00277
7.22827
5.75382
6.32592
2.59315
6.84152
2.12923
-18.4744
-13.0627
5.21181
-10.7789
7.28295
-15.8874
-13.1821
5.0666
5.71399
-15.0205
-7.93746
-12.7367
7.28346
2.01355
6.98544
2.83904
-11.5981
-11.4836
2.96916
4.65154
5.88271
4.15273
2.21398
7.09428
2.61422
5.26786
5.09261
5.96208
6.62904
2.83732
4.29002
-12.1677
6.85582
-8.87228
5.9214
6.71827
6.15695
3.93026
6.07597
5.63726
-16.8874
7.31552
6.84467
-8.33453
5.11363
6.67477
5.75865
3.06435
7.04999
-10.2418
3.54693
6.2744
5.62125
4.78894
-12.4288
-9.28526
-11.5393
6.23011
0.703323
2.23208
2.08246
0.217409
7.35919
2.05636
7.07209
5.78092
-10.2307
-18.392
6.40373
2.49807
6.2577
-9.97797
-17.8477
-7.88315
-11.8893
3.28448
-15.1857
4.24793
6.37784
7.47894
2.7714
5.30437
2.88047
3.23676
5.92082
3.6561
-9.94672
3.89488
6.36223
2.80067
6.65186
2.32348
4.09126
4.69812
2.99467
2.44777
0.209306
-9.07134
5.39843
3.00386
7.26667
6.44964
-11.2411
-10.6713
5.01616
-14.3526
3.02945
2.85637
6.18353
0.416378
6.50831
-12.4425
1.41032
5.03066
-14.1253
7.06046
6.0936
-12.3454
-2.41873
-16.9679
-9.73868
6.36652
8.19543
-13.8513
-12.4764
-11.0181
3.56607
-10.0757
-11.3911
6.49363
5.55529
5.55631
3.22072
-5.87863
0.564774
-12.4102
6.26343
-11.2769
2.51106
-3.78495
6.88322
4.13206
5.21767
-11.8099
3.05008
7.11444
7.67534
-7.44636
-17.0939
4.93269
5.40011
3.61693
5.54212
0.487126
-14.5871
-13.8635
-1.71767
2.44728
3.06993
3.60057
-13.5482
-12.413
-0.914771
-4.05405
-9.5392
-13.5959
-13.5549
4.72833
-13.4895
6.4033
-7.90574
4.42609
8.30574
2.34335
7.39104
-10.2757
4.04211
2.88716
5.63456
-13.1134
4.17626
-13.4709
-8.74432
3.57578
-8.46409
7.65007
-17.0559
7.50379
-13.1371
-9.99772
3.25889
-13.002
-10.0843
-11.3635
3.87171
-15.0121
6.00375
-10.6403
-13.8944
5.95237
-12.7209
2.68239
6.27612
5.10084
-13.4084
-11.5505
1.95544
5.23989
3.8973
6.25031
7.82473
7.02552
3.44176
4.00035
0.309692
6.38752
4.54085
7.02448
2.69258
5.11039
2.36891
7.59722
-13.4874
-8.45367
5.39792
-10.2129
-18.2903
-10.9167
5.55892
7.02998
-12.1336
4.63721
2.99949
6.68115
4.10247
-8.67478
-11.9518
-5.23706
6.58606
5.26172
-10.3313
5.05815
-12.3508
7.55764
6.74253
-10.281
5.05871
-13.5926
7.80537
3.89221
-7.5147
4.04868
7.41973
3.57166
2.71565
7.12872
4.50815
7.17741
1.7261
6.53841
2.05143
3.98484
6.4987
-7.10466
7.17689
5.2222
-14.3394
6.79085
-13.4256
-10.9651
7.33131
5.6476
0.765578
6.32383
5.96359
-9.60199
5.53208
7.34977
5.96945
5.02981
-0.547067
-6.66557
2.69035
-10.9822
-9.04901
3.98569
7.29331
6.7335
-11.754
6.11825
6.42473
-13.5055
-13.0085
-11.0633
7.05186
-8.31424
5.01945
-1.26084
4.92927
-13.8373
1.45554
2.09265
7.11053
2.32582
-17.6773
7.25093
-10.3812
5.58473
4.61242
5.67224
5.32968
5.76414
1.99079
5.58786
4.8224
-8.21627
3.83645
-17.235
-10.9918
3.38446
-0.266731
-1.94327
6.11293
-2.4994
3.3848
6.10384
0.400607
6.64594
3.32234
-11.1818
-3.64229
2.90869
5.46701
-12.9472
2.73965
-15.841
3.80389
-14.171
-1.11236
3.06479
6.55126
2.07895
-0.80534
-6.95919
-3.67953
-13.676
-18.0978
-10.3382
1.98609
3.82539
-12.5634
9.36918
3.02325
6.30356
4.00124
7.31838
6.21742
5.49051
-13.2088
7.0983
-12.1693
6.01606
4.02936
5.96928
6.28878
3.41029
-10.0535
1.18612
-10.5726
6.40163
-9.21462
3.42979
3.7413
-11.4479
-12.5618
4.23091
5.34799
4.02622
-14.0658
5.34784
-15.518
6.4528
5.01113
7.56693
-4.37222
-11.7943
-13.0345
-10.112
7.52839
-17.6454
-2.10925
2.85617
4.58779
-16.1708
-12.0541
2.76888
1.91603
-13.3351
6.83491
1.96507
3.15315
2.95264
5.36228
-15.8366
4.05035
3.51337
2.52979
8.2878
-11.4194
3.05619
-7.10221
-16.2294
8.37444
6.81713
-15.6281
-5.64713
2.5343
6.57859
2.05624
5.65661
-13.995
2.5742
2.48475
-14.1073
6.92247
5.87747
-11.321
4.55179
2.98164
5.9945
2.53073
-12.6515
-17.8049
4.05799
5.00586
5.94715
5.64063
4.26118
-7.90695
7.26083
7.63519
4.3675
4.62832
2.06582
-13.6122
5.8286
-11.7744
-13.2396
5.52836
5.55796
3.29073
3.5015
4.59688
-3.48522
-11.8706
-12.8591
-2.40471
2.12733
-12.5006
-9.71744
3.74775
-11.3279
-1.91029
-11.2722
-12.342
-11.584
6.91277
-0.318778
3.73631
-9.78455
3.47474
2.70613
6.27655
4.07137
6.50543
7.54113
1.23536
-17.6982
2.16063
0.387257
2.154
2.0017
2.73196
-9.64316
-1.61347
-12.6911
3.01532
8.97828
6.84725
-12.5018
-13.8218
-17.2225
6.44929
-12.5065
-8.95106
-13.6014
8.16271
6.94528
-1.20955
4.04866
7.28883
2.21715
7.44852
6.12099
-10.9559
-12.6368
2.23652
5.79929
-3.23964
7.06645
-2.33735
5.01475
8.35718
4.15005
3.71707
3.24462
2.49403
2.71593
-12.877
6.32377
7.16109
-17.9083
2.57737
-1.71695
4.89831
7.17553
3.32671
-17.5263
-16.669
2.2845
-12.2335
5.645
6.31215
2.65231
6.87658
-12.1587
-11.1699
2.92309
0.091759
3.60591
-9.77304
-17.6088
-4.23798
7.22921
-13.0981
-9.80736
5.56205
1.94482
2.22635
-13.0665
3.05205
2.33469
7.50891
4.5749
4.73505
-16.5214
7.24959
1.89336
-10.7917
7.06403
5.06385
4.67072
3.72694
4.08183
4.07037
3.43318
-14.0767
6.43897
2.94606
3.50791
4.14139
2.29836
-6.30967
3.70769
-5.02213
3.40759
6.36534
-13.8758
5.6884
-14.0406
2.70294
-12.872
-13.61
2.86941
5.17596
4.96303
7.80552
4.69512
-13.8772
3.91147
-10.5265
4.0891
6.67445
-12.72
6.12273
7.12371
7.08166
8.13718
1.87327
-11.5294
0.922229
3.38311
-10.5891
5.72513
3.92559
5.23413
-17.0612
-13.5375
7.50177
7.28499
-2.06519
5.82461
1.54407
-12.3699
5.74931
-13.113
-12.3602
5.82275
6.5085
-18.0825
-10.3368
7.12807
4.89382
4.01572
6.90218
2.02399
3.5762
-15.6723
4.68496
8.8456
3.58268
3.52874
5.09785
3.62493
8.60372
3.28031
-10.7044
-12.9596
3.67214
-12.1048
-14.3189
3.93295
-9.68237
2.01657
7.94724
-12.0146
-10.2654
-4.88165
-11.8512
3.06234
5.64226
6.56587
7.47931
5.80986
6.72937
-16.6205
6.19769
6.54819
1.22898
6.85357
3.1365
5.39186
3.86795
-13.5972
-10.491
4.78383
-2.52729
1.472
-13.2466
4.27896
6.56782
-17.7683
-10.4042
6.77618
8.09302
-13.1363
7.29496
4.05796
2.95934
5.45087
1.54852
-18.459
-2.32515
6.91567
4.60133
7.6629
-11.9476
2.89641
6.42259
3.97032
-15.8495
6.52794
7.30377
7.10937
-17.3728
-12.3787
-12.3381
2.35991
-8.77143
-12.8673
3.46695
-11.1455
7.11852
9.14329
-8.07727
-14.1192
6.52337
7.10244
-10.5878
-16.9194
2.58527
-11.2881
-18.2921
5.03649
7.07063
2.07759
2.37713
-11.6372
-12.9872
-11.9674
1.54019
-12.8774
1.08972
-17.1898
-10.5173
3.15071
4.3398
4.09264
6.09808
2.34766
5.27302
-6.60611
-11.937
3.41185
1.99514
2.9924
-11.4914
2.13981
-15.9864
6.80435
-17.7153
-14.7966
-9.6122
7.12699
0.22315
-17.364
3.07858
-10.3248
-17.933
3.72023
6.53989
-12.4917
-10.191
5.93217
-10.2753
3.66212
-10.3719
5.6861
-3.99795
-1.8746
1.52704
1.94271
-14.4674
1.31276
-12.7053
-4.83736
-16.9757
4.02381
-10.5482
-17.0345
-2.82926
4.18462
2.99373
2.32301
3.72434
6.35585
-9.84084
5.15672
3.6382
-10.1704
2.62804
-13.9362
-10.5551
-9.43063
3.71233
-9.57085
-16.141
6.37072
-10.8104
-16.9872
4.1466
2.16157
7.46991
-13.8509
3.68237
6.78484
5.48522
2.31327
-12.3798
-13.8494
5.96903
-16.1915
3.87992
-16.8869
-17.7097
4.39752
2.42591
3.8928
-13.6753
4.85366
4.75062
6.08744
1.07107
7.16183
7.60531
5.9708
4.12353
5.98965
4.78359
4.88687
4.06949
8.41007
2.42305
4.1218
-2.90695
3.61994
-14.0301
-12.4458
3.19604
2.9727
-12.0522
-11.7334
3.56769
7.58168
6.91463
4.90117
-12.7936
-6.08203
-9.66288
1.42573
1.47173
-3.35348
4.11025
-10.9172
3.08501
6.86707
-10.9728
5.78796
-5.30701
8.52508
6.252
6.99949
-7.20286
-12.8341
4.6261
5.05775
4.59583
6.46832
-12.6749
4.02531
-12.0365
-12.9231
-13.0165
8.56594
3.1911
1.4536
7.96599
-17.0947
-13.807
1.63134
-10.9347
3.3318
-0.283212
4.78479
-11.3572
-9.19156
-10.9776
-16.1256
-10.8964
5.4524
2.91514
-15.9304
4.02544
-2.79559
4.93072
-13.6763
0.730345
3.65043
-13.0581
-14.4176
-10.1755
7.73808
-11.059
-8.79115
5.37447
-9.91283
-12.339
8.20038
4.01628
-18.8237
1.35985
6.05258
-10.2405
-3.78079
-11.1041
-7.66941
5.90393
4.4851
-12.2793
5.7006
1.70837
1.82534
6.57886
-6.85839
-12.0427
5.70774
7.3333
-12.4524
-11.3601
4.9824
5.99347
1.89158
-13.4941
7.51761
5.31101
-10.2128
7.28586
1.883
5.14953
6.05563
4.56029
2.45201
6.06005
6.58063
-12.3124
7.01214
6.09414
6.56685
-6.11455
-14.1708
2.164
-12.6053
-11.8062
3.58824
6.27749
7.71904
7.30008
-2.2244
-10.1881
-13.6296
5.11386
3.97247
7.83187
6.66816
-1.43005
4.0163
6.52853
-12.4048
-12.5543
5.88362
-9.80562
-13.4735
1.81822
4.88597
-10.8353
3.59732
2.98822
-12.323
-0.807654
4.23148
7.12462
1.69167
7.31255
8.69654
6.26492
-8.54661
1.81079
5.46855
5.95753
-16.6052
-5.72549
7.0432
-12.0089
-2.02062
0.168693
2.19794
3.435
-11.3649
8.8076
1.43881
4.02976
-17.3586
4.06126
4.00561
-13.2569
-11.8355
-9.96962
2.83948
-16.3656
-17.6311
6.19354
6.11782
5.32373
7.16117
-12.9953
7.93574
5.87689
7.19441
-10.1828
3.84371
5.92725
6.64662
-1.53315
4.02362
3.54488
2.30876
6.87789
2.11438
7.05664
4.5528
-2.53014
-4.03254
1.81844
-12.6486
4.0972
1.90918
7.24734
1.58683
-3.05157
-18.3875
-14.3314
5.34322
-14.784
-2.60751
6.69677
6.74046
-11.0052
-12.2247
-14.4013
-9.86041
3.19916
-14.3038
-11.8271
4.31068
-13.162
5.10886
3.34389
-13.9891
-11.9903
3.94451
1.93003
3.68763
-2.49033
7.12541
2.48171
-12.4685
2.82425
7.2986
1.58358
-12.7695
-16.409
-9.36714
7.00485
7.77831
-12.5229
7.79591
6.67031
6.88917
-14.1244
4.18011
5.67329
-9.66422
4.35887
3.07692
7.61142
7.37957
-11.6253
5.84394
-11.7223
7.02485
1.65898
7.10892
7.2203
4.80006
7.06651
7.29351
4.21018
-10.4554
-12.2634
5.75309
4.57862
1.56482
-16.5098
5.65912
6.07297
6.40614
-6.10588
6.89486
3.20952
1.68963
-9.76348
-11.476
1.83266
7.26592
4.14985
-13.5437
3.68504
3.59843
-6.14004
-13.2644
-5.85697
4.86343
6.9753
1.56073
9.52257
-1.79305
7.06822
5.74487
0.22749
-11.4692
-12.7207
4.55349
8.31252
3.42237
4.9956
4.13071
-12.0682
-17.4464
-11.1
-10.0523
1.23233
5.26708
-13.4381
7.63351
7.6354
1.436
7.87409
7.17149
3.08038
5.6691
-2.62154
7.78953
6.63875
-6.38187
6.6234
6.4397
3.20957
3.96618
-17.0609
4.18883
-11.805
2.50038
-3.76989
7.95737
3.84972
5.96498
-10.5151
-10.8078
7.35951
-5.02409
-14.5765
4.7115
-18.2112
-10.479
-15.8782
3.40032
-12.0906
6.73989
0.887479
-11.2412
-11.1107
9.12001
-12.0489
6.67401
7.83447
3.96389
-13.2865
6.95476
5.56675
-7.07524
2.55311
8.28201
1.73036
5.98908
6.10637
6.67601
8.08718
1.92319
2.65883
-12.6562
1.0286
2.78272
4.39077
-14.5365
-5.29557
6.08043
-6.05216
6.98794
-13.0783
2.39678
6.5742
-11.4151
6.90594
7.89843
2.02158
6.77532
6.87242
4.02332
7.70872
3.56713
0.0164825
-12.9436
7.01285
-8.49631
2.21461
1.31045
3.91944
7.40759
-12.2209
-3.7227
3.56654
6.59328
3.42914
-5.81431
3.18118
-11.6419
7.18093
-17.2108
-11.2032
2.13462
-10.4005
3.13095
1.02484
6.70596
7.33028
6.16586
3.87466
7.01118
5.78894
-5.26433
5.94488
-10.1703
4.09803
2.29642
-14.6249
6.93235
4.45229
5.88687
3.85926
2.39821
6.75125
-11.1905
-0.87461
-12.069
4.57831
2.54866
-18.854
2.68118
6.30223
4.42123
-13.7499
-17.7384
8.10475
2.86479
-15.7938
5.15834
-11.4569
-17.2752
3.62512
3.45211
7.02601
-14.0158
-9.77615
-1.2484
9.48153
2.16012
6.70651
-11.9502
-16.8848
5.26111
9.01563
-16.1155
-12.0785
-9.42443
-16.0995
4.45418
-0.356161
-10.7791
-5.19604
-1.67623
7.9488
-10.5149
-17.4891
4.31183
-12.8669
4.34275
7.0015
7.89618
7.17934
3.66564
3.61653
-12.9159
-12.3468
3.13271
-12.9079
7.65561
6.00384
2.60373
2.28687
4.95132
5.8425
5.46454
7.64091
4.17325
5.70394
4.84908
7.73848
3.36327
-8.4578
-13.2491
4.71587
6.95108
-11.0009
7.15175
-12.7355
-5.90768
6.81392
3.88594
-12.4915
-9.55243
4.13672
-11.2715
-10.456
-12.2343
6.1753
8.20773
4.70441
-12.2414
5.41823
7.87501
-7.7599
-12.9872
-14.0244
1.35409
7.52867
6.75022
2.89246
-16.6927
-8.49391
-17.4762
2.42306
-17.119
6.97634
5.24876
-9.93821
0.870636
-12.1296
7.12833
-11.2293
-13.4193
-2.57493
-1.02378
6.00185
6.64756
5.26956
2.09499
2.77063
6.05958
-8.56132
-15.5649
-1.30312
5.08452
4.26104
-10.182
2.88172
-13.2524
2.20087
5.28008
6.37215
5.90741
-4.80228
5.52751
7.15845
5.63231
6.92059
2.59336
2.49294
5.07818
5.13093
7.05839
4.83289
6.3745
-10.5648
6.90539
4.33323
3.72168
-11.8438
8.51713
3.96767
4.40986
4.64973
1.65549
8.03103
-13.797
-13.9883
-10.4581
7.39644
4.75094
2.56582
3.01153
5.17601
-9.72213
-7.08287
4.05905
-12.306
6.88501
7.12051
4.16241
-11.8568
-13.5493
3.85444
4.43905
5.57125
3.51713
7.00265
-13.6741
5.20524
-12.2017
4.96991
-6.33145
1.98211
5.16732
-10.2215
0.30971
7.29484
-13.9625
-11.3446
7.85232
2.4235
8.14484
-10.6219
6.8442
-11.4159
2.01822
-13.2996
-12.3383
4.501
-10.6619
-13.9614
-9.20242
-13.7818
-5.9801
4.79923
-14.2189
5.47242
8.28177
0.189328
-10.9696
-16.3009
8.41745
6.35411
-11.2328
-15.8619
-13.7056
5.45934
-4.57585
-11.7402
5.96403
-9.06717
4.15676
-16.9516
-11.8696
1.44877
3.69526
-12.2279
-15.0769
-14.0402
3.7119
4.9795
5.80888
7.80057
-3.02063
3.32911
-2.06455
5.87192
-14.9353
6.98979
4.76613
-6.43575
7.79239
-10.7119
4.22865
-2.37454
6.85289
6.06548
5.95685
6.775
2.53088
-8.11525
-14.5225
3.35111
-1.90575
2.53575
6.88496
5.65628
7.55313
-10.7676
-12.5752
3.72993
3.7294
6.78588
5.46954
-12.6563
-16.1879
8.8198
2.98582
1.32413
-13.5833
4.17831
7.99815
-11.4153
-2.391
6.2217
3.57688
-10.2283
1.66075
5.43284
4.57888
5.86414
0.497812
-15.851
-16.3511
-15.1107
-1.85624
4.82002
-10.7402
-16.6989
3.72536
6.61845
-12.786
-5.17193
-10.8723
-12.6721
-3.41274
4.7246
6.01687
3.73364
5.47841
6.93185
3.27168
-10.6539
-17.091
-2.4914
5.84789
-16.4828
9.7866
3.92546
2.51537
-11.9724
3.49924
-16.3307
-10.6841
-11.2992
-15.7276
7.78949
-12.5263
3.17836
7.28079
1.67206
-11.9359
-11.271
-6.06307
5.47499
-14.5727
-10.4643
-15.7571
8.39358
-14.5979
2.63373
-12.7016
5.83322
6.87854
-13.8292
-10.8063
-14.79
4.03542
6.51909
3.06639
-13.12
6.93468
5.09455
4.78445
5.81823
-13.2527
1.53406
4.50554
9.28361
2.59633
5.6668
-13.6333
4.67252
9.83855
6.98461
6.83529
-11.9124
-12.7178
3.75688
-13.7716
-13.8771
-10.3335
1.85745
-11.2796
-10.2156
-7.40314
6.68895
8.72103
4.73949
6.98198
-16.0877
-11.9284
7.41233
4.4722
-10.9064
-16.6119
4.90103
-13.8647
-2.64725
7.11665
-10.1981
4.38507
7.50901
7.17056
-11.4559
3.22481
1.83387
8.00003
7.12845
6.05054
3.81809
4.44378
3.15412
-11.589
-13.6224
-17.7545
-14.2011
8.68023
3.80068
2.63406
1.33557
3.06931
4.40488
-14.0686
3.64324
3.11587
7.36058
7.9549
7.36324
10.4583
-6.50616
2.15405
4.3132
-12.9598
6.38557
-12.6985
-12.4194
4.6965
4.67005
-12.2615
6.82855
7.19888
4.01477
6.76298
4.21909
6.8666
-11.0238
3.20341
5.53824
8.1186
7.38337
-13.6532
-12.9976
5.79159
6.87312
6.79627
3.2348
4.30084
8.38701
3.96219
-10.9691
-15.2267
-10.5502
-13.9888
8.03986
-11.2273
-11.3014
-11.083
-15.2492
-15.6869
-13.4656
7.84806
3.89908
-11.6712
7.27246
2.96828
8.25184
4.36203
5.64929
-13.511
-12.5468
3.18499
-11.5936
-15.6151
4.39584
2.87925
4.98968
10.1277
2.45117
2.74106
2.10474
-13.5955
10.1681
-12.2142
-11.3881
-10.329
-12.3597
2.28404
-10.4165
-11.1683
-10.2336
-11.7074
-15.9943
-13.1764
-13.6258
-13.7033
-12.2961
2.24045
2.90823
-11.2461
)
;

boundaryField
{
    back
    {
        type            empty;
    }
    front
    {
        type            empty;
    }
    outlet
    {
        type            zeroGradient;
    }
    circle
    {
        type            zeroGradient;
    }
    walls
    {
        type            zeroGradient;
    }
    inlet
    {
        type            zeroGradient;
    }
}


// ************************************************************************* //
