/*--------------------------------*- C++ -*----------------------------------*\
  =========                 |
  \\      /  F ield         | OpenFOAM: The Open Source CFD Toolbox
   \\    /   O peration     | Website:  https://openfoam.org
    \\  /    A nd           | Version:  10
     \\/     M anipulation  |
\*---------------------------------------------------------------------------*/
FoamFile
{
    format      ascii;
    class       volScalarField;
    location    "650";
    object      nut;
}
// * * * * * * * * * * * * * * * * * * * * * * * * * * * * * * * * * * * * * //

dimensions      [0 2 -1 0 0 0 0];

internalField   nonuniform List<scalar> 
10435
(
9.00282
8.66823
9.19577
13.6885
6.97724
2.61813
11.7359
15.6713
15.9211
3.06372
9.05898
15.3054
3.26072
2.65971
2.9579
12.9891
2.47834
1.59454
15.7942
10.4023
14.5513
14.9101
11.2147
17.7135
4.81099
3.11267
2.92962
6.53966
2.55753
2.18355
9.364
8.84344
16.0276
2.32691
15.1271
6.26744
14.2781
2.993
3.24531
16.299
1.64611
10.9106
2.2811
12.0996
12.7891
17.0368
2.06608
2.39326
15.9992
15.9592
15.1305
6.25445
3.09378
2.57478
3.19694
2.49551
15.4151
2.88111
2.20363
15.9551
3.04234
8.05413
2.7542
7.17963
11.815
7.30236
2.18
2.56768
15.181
18.4258
2.614
3.09114
1.99301
8.45198
3.43614
2.3216
18.6638
13.0001
16.3451
3.38646
17.7602
7.7057
2.92461
2.52601
18.2844
5.73108
7.17035
11.178
4.27823
8.34117
11.7548
12.2049
9.24307
5.01133
9.43437
5.29659
12.8073
3.33054
2.25829
11.6603
3.75921
4.16233
6.01595
10.3987
3.68993
12.9334
10.7829
16.981
18.5244
4.08791
14.8361
4.68654
6.2761
5.04944
11.2978
13.9452
12.0089
6.78214
10.1271
13.9961
12.5582
2.13909
7.82908
3.25517
6.65531
3.03354
13.4981
2.33934
9.53136
3.28141
2.71241
7.23058
14.2818
2.89545
3.08919
2.28408
4.78204
14.4207
9.57272
12.897
11.7138
10.8315
2.23189
10.9738
15.7856
2.84577
3.95729
5.05001
2.50542
13.39
2.46717
13.8732
8.71598
12.3994
4.42339
2.67323
5.97352
8.78664
3.52879
7.83802
12.7686
2.57042
10.5348
17.1911
4.12003
10.3218
15.8257
15.6357
17.2853
9.55839
5.21354
1.94642
2.66287
3.14721
15.2534
7.71696
7.21762
2.40468
13.6108
2.55856
8.99936
3.08454
14.1667
2.93992
11.8694
2.19951
2.15983
13.6184
6.24948
8.66134
13.7101
2.74763
3.2454
5.68056
5.30034
14.4949
2.44149
4.78434
2.39267
13.4352
4.23554
2.81993
4.8368
2.82106
6.55126
9.62848
10.4353
15.12
2.64563
16.5385
2.34942
10.5571
12.0287
16.8315
2.80479
2.67113
5.06505
2.49136
3.14391
2.3714
2.50737
2.38506
2.38121
3.19557
2.91571
14.5671
3.14942
4.04526
8.27028
2.48471
2.43104
15.3122
3.1285
14.9216
3.24145
2.37752
16.5091
3.05853
17.3262
7.30597
11.1082
2.87256
2.32681
2.52898
10.1619
16.1262
4.39956
15.2896
2.17679
7.27169
2.34269
5.08178
2.80381
17.0509
14.4785
8.00612
2.03267
13.8204
2.48556
2.63965
13.0202
6.16767
3.01006
18.1852
6.22966
2.34195
9.96256
9.6975
2.73147
9.55996
12.0205
16.107
15.231
5.12736
3.19684
14.3022
3.14623
7.36178
13.4474
16.3655
3.37311
2.38786
10.8749
3.55203
6.1614
2.4237
5.65338
3.17823
2.46842
2.42875
3.64016
7.65167
2.53726
15.7587
3.31003
2.61088
2.61016
7.57328
7.8734
7.25687
2.48828
17.6516
9.64718
2.33943
8.40954
2.93778
2.42257
15.9024
7.13217
2.40437
12.2561
2.8794
6.55277
5.26384
15.825
2.54846
2.77985
10.5181
2.46675
15.7594
3.26939
2.69285
7.41215
2.57912
16.5248
4.60829
3.29089
8.25281
2.34785
3.05028
15.9411
2.31113
2.34026
10.3706
14.2092
2.74291
2.47115
2.28136
2.22777
2.55448
3.32043
2.90146
2.90553
2.68397
2.57721
2.66122
2.62327
3.2954
2.42212
16.4927
2.27917
5.11883
2.87617
6.74494
16.5815
16.0713
3.25185
9.24852
2.55855
2.41762
2.35199
3.11147
2.48739
2.57379
2.70305
3.31015
2.68071
16.0934
3.22848
16.2887
3.14846
3.32481
2.55108
15.8008
2.27445
2.99185
2.87124
3.10945
2.48444
3.15455
3.57088
3.11055
16.3554
2.50837
15.761
16.5021
5.29248
4.05052
16.3262
8.05063
15.5401
2.78235
2.15843
2.53997
2.56316
9.2956
2.53272
2.40655
3.49744
2.63025
3.30973
2.42332
2.61495
12.2754
3.0137
16.1196
16.5939
2.18327
3.21648
3.35464
15.637
3.46175
3.23749
2.75128
2.48522
2.55637
2.6205
8.21793
2.61173
3.13392
2.58772
2.16465
1.42392
2.01179
2.1626
15.4725
2.34816
66.4722
66.1848
65.0156
63.0912
60.489
57.2898
53.6199
49.6681
45.6948
66.7798
66.537
65.5931
63.9953
61.8034
59.1048
56.037
52.8009
49.664
65.7116
65.5556
64.8493
63.6031
61.8532
59.6801
57.2241
54.6916
52.3542
63.2891
63.2269
62.7532
61.8543
60.5434
58.8916
57.0366
55.1896
53.6368
59.5909
59.6138
59.3459
58.7594
57.8498
56.6793
55.381
54.1718
53.3793
54.7846
54.8786
54.7712
54.4352
53.8571
53.0923
52.2667
51.5926
51.4095
49.147
49.2936
49.2876
49.1205
48.781
48.3213
47.8564
47.5796
47.7907
43.0717
43.2235
43.2483
43.1611
42.9595
42.6954
42.4726
42.4605
42.9003
36.9767
37.0627
37.0463
36.9581
36.8053
36.6374
36.5486
36.6918
37.2839
31.183
31.149
31.0415
30.8994
30.734
30.5887
30.5469
30.7484
31.409
25.8714
25.7099
25.506
25.2984
25.0962
24.9334
24.8808
25.0591
25.6601
21.1043
20.8654
20.61
20.364
20.1334
19.9447
19.857
19.9701
20.4418
16.8596
16.6733
16.4431
16.2037
15.9686
15.7643
15.6419
15.6826
16.0087
13.2686
13.2024
13.0461
12.843
12.6216
12.414
12.2669
12.2464
12.4449
10.4824
10.5033
10.4087
10.2391
10.0334
9.82729
9.66379
9.59751
9.70448
8.49541
8.52827
8.45043
8.29206
8.09207
7.88529
7.70913
7.60664
7.63271
7.14469
7.13369
7.03467
6.86654
6.66169
6.45039
6.26371
6.13505
6.10209
6.19705
6.13853
6.00803
5.82276
5.60896
5.39192
5.19714
5.05146
4.98516
5.47657
5.39188
5.24024
5.04293
4.82313
4.60271
4.40286
4.24524
4.15411
4.89293
4.80191
4.64395
4.44415
4.22459
4.0052
3.80414
3.63885
3.52711
4.41124
4.32496
4.17105
3.97637
3.76259
3.54853
3.35022
3.18226
3.05942
4.02328
3.94456
3.79829
3.6119
3.40687
3.20097
3.0083
2.84087
2.71043
3.73058
3.65477
3.51348
3.33447
3.1386
2.94219
2.75714
2.59277
2.45792
3.53648
3.4498
3.30601
3.13122
2.94344
2.75708
2.58116
2.42205
2.28616
3.44322
3.31819
3.16349
2.99045
2.80937
2.63349
2.46828
2.31627
2.18138
2.65494
2.70286
2.77597
2.87531
3.00158
3.15476
3.33447
3.53972
3.76946
4.02218
4.29638
4.59038
4.90223
5.23009
5.57167
5.92471
6.2867
6.65486
7.02632
7.39812
7.76701
8.12979
8.48311
8.82354
9.14959
9.46286
9.76325
10.0502
10.3238
10.5883
10.8456
11.0977
11.3478
11.6013
11.8652
12.148
12.4606
12.8163
13.2314
13.7256
14.3227
15.0514
15.9466
17.052
18.4217
20.1196
22.2162
24.7833
27.8801
31.5375
35.7342
40.3776
45.2953
50.238
54.9124
59.0158
62.2871
64.5351
65.6983
2.6131
2.66054
2.73212
2.8291
2.9522
3.10162
3.27711
3.478
3.70334
3.95189
4.2221
4.51216
4.82006
5.14365
5.48079
5.8294
6.18712
6.55137
6.91939
7.28832
7.65517
8.01696
8.3708
8.71398
9.04433
9.36071
9.6629
9.95163
10.2287
10.4962
10.756
11.0103
11.2626
11.5174
11.7809
12.0612
12.3683
12.7145
13.1152
13.5893
14.1604
14.8576
15.7182
16.7896
18.1305
19.8105
21.9061
24.4914
27.6219
31.3152
35.5334
40.1696
45.0437
49.9112
54.4885
58.4908
61.6717
63.854
64.978
2.54198
2.58658
2.65413
2.74589
2.86262
3.00468
3.17196
3.36397
3.57993
3.81878
4.07922
4.35971
4.65851
4.97367
5.30312
5.64465
5.9959
6.35433
6.71727
7.08191
7.44531
7.80455
8.15674
8.49926
8.82999
9.14765
9.4518
9.74282
10.0219
10.2907
10.5513
10.8062
11.0585
11.3129
11.575
11.8525
12.1548
12.4938
12.8845
13.3456
13.9013
14.5822
15.4275
16.4868
17.8207
19.499
21.5961
24.1801
27.2984
30.9596
35.1162
39.6544
44.393
49.0969
53.5027
57.3503
60.4177
62.544
63.6728
2.42808
2.46958
2.53296
2.61938
2.7296
2.86399
3.02251
3.2048
3.41022
3.63789
3.8867
4.15535
4.4423
4.74586
5.06413
5.39502
5.7363
6.08553
6.44009
6.79722
7.1541
7.50788
7.85576
8.19521
8.52409
8.84095
9.14505
9.43646
9.716
9.98511
10.2458
10.5006
10.7529
11.0072
11.2692
11.5462
11.8476
12.1851
12.5737
13.0326
13.5861
14.2658
15.1115
16.1725
17.5077
19.183
21.2655
23.8137
26.864
30.4147
34.413
38.7466
43.2448
47.6917
51.8489
55.4842
58.4
60.451
61.5837
2.28163
2.31992
2.37896
2.45986
2.56335
2.6898
2.8392
3.01128
3.2055
3.4211
3.65716
3.91255
4.18597
4.47595
4.78078
5.0986
5.42733
5.76467
6.10815
6.45511
6.80286
7.14865
7.48981
7.82385
8.14868
8.46275
8.76514
9.05566
9.33484
9.6039
9.86478
10.1201
10.3735
10.6295
10.8939
11.1741
11.4794
11.8218
12.2162
12.6817
13.2428
13.9304
14.783
15.8472
17.177
18.8309
20.8659
23.3291
26.2454
29.6059
33.3566
37.3933
41.5638
45.6786
49.5299
52.9142
55.6566
57.6259
58.7694
2.10507
2.13959
2.19373
2.2685
2.36463
2.48249
2.6221
2.78325
2.96548
3.16816
3.39049
3.63152
3.89017
4.16514
4.45499
4.75805
5.07243
5.39606
5.7266
6.06157
6.39843
6.73453
7.06733
7.39443
7.71374
8.02369
8.32323
8.61201
8.89041
9.15954
9.42136
9.67868
9.93528
10.196
10.4667
10.7551
11.0704
11.4243
11.8316
12.3104
12.8838
13.5803
14.4346
15.488
16.7867
18.38
20.3142
22.6259
25.3326
28.423
31.8485
35.5187
39.304
43.0436
46.5598
49.6772
52.2419
54.1348
55.3027
1.89917
1.92905
1.97729
2.04489
2.13257
2.24072
2.36945
2.51862
2.68786
2.87665
3.08435
3.31017
3.55319
3.81237
4.08647
4.37406
4.6735
4.98286
5.29994
5.62243
5.94791
6.27389
6.59796
6.91782
7.23144
7.53724
7.83413
8.12166
8.40013
8.67071
8.93555
9.19773
9.46143
9.73172
10.0148
10.3183
10.6513
11.0247
11.4521
11.9495
12.5365
13.2369
14.0793
15.097
16.3269
17.8077
19.5759
21.6608
24.0772
26.8176
29.8458
33.0914
36.4512
39.7932
42.9687
45.8266
48.23
50.0685
51.2861
1.65846
1.68188
1.72233
1.7809
1.85836
1.9552
2.07163
2.20759
2.36285
2.53705
2.72963
2.93993
3.16718
3.41056
3.66918
3.94191
4.22742
4.52387
4.82904
5.14051
5.45601
5.77331
6.09026
6.40475
6.71476
7.01883
7.31576
7.60505
7.88691
8.1628
8.43538
8.70828
8.98625
9.27463
9.57952
9.90863
10.2703
10.6735
11.1289
11.6481
12.2456
12.938
13.7454
14.6918
15.8043
17.1112
18.6412
20.4188
22.4615
24.7738
27.3394
30.115
33.0266
35.972
38.8276
41.4604
43.7436
45.5702
46.8778
1.37019
1.38315
1.41207
1.45844
1.52321
1.60693
1.70968
1.83125
1.97227
2.13303
2.31203
2.50844
2.72138
2.95041
3.19553
3.45612
3.73201
4.02137
4.32017
4.62557
4.93582
5.24929
5.56437
5.87938
6.19249
6.50242
6.80751
7.10713
7.4016
7.69298
7.98534
8.28315
8.59127
8.91489
9.25951
9.63401
10.0454
10.494
10.9858
11.5274
12.1261
12.789
13.525
14.3514
15.2887
16.3545
17.5716
18.9586
20.5369
22.3331
24.3659
26.6309
29.088
31.6661
34.2628
36.7523
38.9997
40.888
42.3431
2.81188
2.70613
2.62745
2.56105
2.50129
2.44644
2.39655
2.35253
2.31577
2.28841
2.27347
2.27058
2.27559
2.28284
2.28731
2.28799
2.28624
2.2841
2.28454
2.2916
2.30907
2.33986
2.38722
2.45518
2.55161
2.65406
2.62742
2.58084
2.52828
2.47477
2.4228
2.37424
2.33091
2.29479
2.26812
2.25238
2.24656
2.24725
2.25015
2.25205
2.25185
2.2501
2.24847
2.24958
2.25699
2.2745
2.30612
2.3557
2.42734
2.52731
2.57629
2.55604
2.51976
2.47473
2.42583
2.37645
2.32931
2.28682
2.25133
2.22482
2.20809
2.20005
2.19798
2.19844
2.1986
2.19705
2.19385
2.19052
2.18981
2.19546
2.21163
2.24247
2.29179
2.36289
2.46065
2.51115
2.48648
2.45132
2.40876
2.36211
2.31438
2.26837
2.22666
2.19162
2.16499
2.14731
2.13756
2.1334
2.13182
2.13007
2.12637
2.12046
2.11365
2.10923
2.11118
2.12393
2.15143
2.19711
2.26331
2.3537
2.44579
2.41546
2.37817
2.33539
2.28926
2.24221
2.19675
2.15541
2.12041
2.09332
2.07456
2.06321
2.0571
2.05338
2.04918
2.04242
2.03255
2.02097
2.01133
2.00799
2.01537
2.03711
2.07613
2.13402
2.21462
2.37781
2.34178
2.30138
2.25726
2.21071
2.1636
2.11813
2.07663
2.04121
2.01328
1.99325
1.98021
1.97207
1.96592
1.95869
1.94804
1.93309
1.91578
1.89972
1.88964
1.88985
1.90351
1.93313
1.97952
2.04715
2.3069
2.2656
2.2223
2.17668
2.12934
2.0817
2.03571
1.99357
1.95729
1.92822
1.90672
1.89188
1.88151
1.87254
1.86164
1.84628
1.82534
1.80125
1.77767
1.7595
1.75072
1.75392
1.77089
1.80226
1.85278
2.23155
2.18758
2.14278
2.09617
2.04802
1.99955
1.95262
1.9095
1.87218
1.84188
1.81894
1.80233
1.78957
1.77732
1.76203
1.74098
1.71306
1.68099
1.64864
1.6209
1.60119
1.59125
1.59168
1.60267
1.6287
2.15406
2.11083
2.06618
2.01907
1.97005
1.92054
1.87248
1.82844
1.79053
1.75955
1.73586
1.71804
1.70282
1.68686
1.66624
1.63816
1.60187
1.56007
1.51724
1.47811
1.44509
1.41943
1.39918
1.38125
1.36867
1.71632
2.03386
0.206344
0.734961
1.18405
1.24961
2.88167
3.11765
0.228042
19.9063
0.202549
2.88168
15.3928
0.585084
6.93261
1.73568
0.343782
0.905176
31.5993
0.204593
10.3512
5.07
0.248241
2.84964
3.67304
2.43388
3.65539
0.903165
0.173305
0.310952
49.1564
2.03864
0.295626
13.6168
0.292836
1.16057
12.056
6.77234
14.277
5.97801
0.238062
0.109363
3.47569
1.74831
1.79704
9.54364
0.213488
0.204441
0.158432
0.253661
0.209989
0.201182
14.2282
0.980764
2.91676
0.220004
0.689155
13.4818
1.49447
0.13727
0.993593
0.199605
1.18088
3.65258
3.07023
1.79496
14.5372
2.50758
15.2693
0.225156
0.218375
6.33371
1.53298
0.244819
3.40858
11.1409
0.615631
0.221637
2.58815
1.1826
13.4335
1.22493
2.91757
0.192628
1.10644
1.0582
1.79369
0.221381
0.290703
3.99847
2.30156
9.99611
7.93602
2.88515
1.31065
0.204362
2.33942
0.201049
0.333791
0.134974
1.0559
0.241594
1.07401
7.40951
1.68137
1.68342
0.247517
13.2081
0.724812
0.319209
4.56843
2.08346
0.297269
7.51151
14.2249
0.161121
0.235316
6.73798
15.214
1.81655
0.0102773
2.22235
2.90785
3.5774
0.295845
3.29544
0.206725
0.371296
2.59163
0.20547
2.92052
0.269453
0.21945
15.5621
1.36135
1.77089
1.7873
0.974704
0.955125
0.172807
7.32347
13.0498
0.145946
0.0368125
0.169985
2.11407
0.627238
2.17557
1.63975
0.301672
2.67994
1.34266
0.613162
7.79889
3.71402
0.190509
2.14733
6.10304
1.44566
5.17583
3.31308
0.227436
3.09635
0.204317
4.35367
0.199052
0.640004
3.6025
2.95666
1.89276
0.624004
4.09349
2.40679
0.195217
20.271
1.51527
8.47198
0.214591
0.136825
7.17206
11.5433
1.83088
14.5854
9.63601
2.02102
0.826075
0.201383
0.728008
0.26387
1.26104
0.181213
0.143312
2.20847
12.7575
6.72045
0.278339
3.47994
4.85489
0.166832
0.367367
15.2258
4.81744
1.15159
1.21363
1.30169
8.687
12.9326
1.00481
0.177604
6.98649
1.75711
2.54211
12.3826
1.2598
4.0441
0.242384
1.16974
1.79127
7.34956
3.04481
0.620288
0.133489
3.63879
0.175252
3.21535
0.23252
3.76215
0.343267
0.628799
1.39282
0.187275
1.15102
1.6842
2.36312
13.706
14.3398
2.5816
0.706944
9.86714
6.88607
47.2199
1.01424
3.94294
1.56226
1.64655
2.0493
2.49466
1.91849
1.75679
3.42863
0.518664
1.61399
20.0883
0.172165
1.34188
3.20668
0.295596
0.773169
1.73082
33.7308
2.16202
2.40296
1.41226
3.75907
0.31171
3.40573
6.37092
0.449996
2.69758
3.59304
8.38559
1.94515
0.445967
1.63664
27.6983
0.45062
10.2379
0.273014
0.750089
0.177834
2.00729
3.0284
2.60238
9.37362
0.131831
0.962613
1.67667
2.48091
0.219098
0.187511
4.14553
3.19555
0.0718785
0.21924
16.1207
0.243841
0.267474
13.7675
5.45896
0.133661
0.166958
3.35307
3.25927
1.27048
0.311876
4.66774
9.75144
28.5553
0.174926
1.17055
6.62873
11.3289
0.277872
2.75449
0.381536
13.5954
0.218674
17.3002
3.60318
18.8251
1.38073
3.20672
3.06113
45.9951
1.66575
3.30314
0.231775
12.9935
15.4476
13.0663
4.51465
6.68594
0.567717
17.2069
0.2182
1.09476
2.48209
2.88778
0.258105
2.28408
2.46411
2.97791
0.120548
13.039
0.357699
1.14732
1.05642
0.948153
1.84436
0.20598
4.20342
7.5602
0.180595
1.80256
0.220801
3.27901
19.4648
1.78059
3.69065
0.207816
0.185971
0.25135
3.33126
0.230292
0.103222
1.98902
2.88483
0.221499
1.61059
0.261189
10.6268
7.90405
0.206173
0.299313
15.2654
3.05556
2.6948
5.65191
4.19671
16.5926
0.274663
3.4408
0.300764
1.90738
1.84291
17.8135
4.53177
0.211886
0.210014
0.180965
1.59193
7.84182
2.39241
0.281427
10.7336
25.0682
4.2758
0.30298
5.71311
0.184466
3.06222
3.68512
1.12728
0.319191
3.00385
0.106364
4.14131
2.2231
7.0902
44.3611
0.242029
1.4435
0.125488
0.97121
3.01549
3.05676
0.147107
0.20654
4.45887
9.83455
4.45178
4.58245
3.41852
1.03618
3.24016
0.190949
0.161547
3.47357
36.9604
2.10051
1.17006
2.98822
4.0545
2.59987
3.52006
2.73773
4.69257
0.0455322
0.993271
2.46001
5.25867
7.09194
0.223745
3.12701
15.0388
0.12293
0.783984
0.149913
1.78933
2.62862
0.288803
2.90176
2.94254
0.129513
12.5367
0.228122
0.204471
1.00566
2.27395
0.606943
3.38014
2.07155
0.343893
12.3666
0.18269
2.50852
1.43957
0.186859
4.95164
0.214353
2.03161
2.2813
0.259203
2.50088
3.49027
14.0915
5.19872
2.46036
2.53189
3.46439
3.79703
13.1971
0.125746
2.93681
0.190184
1.16773
1.16347
6.16999
0.541481
6.86032
6.98017
2.48834
2.93637
0.268155
1.6754
0.993782
7.02778
0.9771
6.56183
0.255813
3.42739
3.77005
1.14836
1.32898
8.98484
13.3406
1.15629
1.30836
3.82229
2.34492
4.24033
12.978
19.6937
5.68944
0.751648
0.222343
0.314998
0.143729
3.0832
1.39937
12.8061
0.188104
0.198985
0.221774
13.873
7.43872
0.18569
0.253373
8.91181
4.52699
1.45639
7.5051
0.306145
0.187702
1.69477
4.5679
3.72297
0.14637
0.173247
2.5453
18.5757
0.329627
4.79501
0.242819
0.197232
0.158736
2.65582
0.550863
1.00695
0.284164
12.236
12.0098
2.65056
0.178558
0.149977
0.219916
3.7244
10.8436
15.5318
0.181814
34.7635
14.766
3.77687
14.67
0.313766
25.1614
1.56741
1.72619
2.17497
2.1097
0.278728
7.29126
8.66097
1.22487
1.1499
0.309921
0.210331
0.187192
0.634799
2.08788
0.15976
14.8971
4.59938
11.6394
3.06229
0.304389
4.5304
1.22326
18.7544
4.69097
1.46979
1.2361
3.66646
7.29262
10.5863
1.46645
13.8832
0.143616
1.1707
1.84798
0.125487
0.854484
0.136792
3.34112
0.41174
1.29329
0.981768
26.434
2.72978
2.76403
3.57018
13.4312
2.21502
2.8487
1.50256
12.986
2.44637
1.11179
0.148844
4.29842
2.88696
3.17511
14.7883
1.18914
3.03428
0.13005
0.212887
0.866777
0.300064
2.9496
3.43493
2.51244
0.423113
2.18359
1.70281
11.0537
3.43577
3.47716
1.4333
6.34634
1.6341
0.442261
1.73471
4.54005
1.22458
1.65297
2.1109
4.05223
0.128486
7.30715
2.01339
0.687333
19.5516
0.168004
7.52845
29.6094
0.211187
38.374
5.31968
2.3322
0.186572
1.53593
0.197354
0.0280048
2.49924
3.10661
0.268647
0.161238
1.60833
14.5756
3.02257
21.213
1.13536
0.157475
0.112824
2.9578
14.3713
1.27659
10.7908
16.0586
0.420095
13.3724
3.02858
2.84889
6.17973
0.441576
5.40406
0.181269
0.245362
2.27851
4.74846
4.06925
0.213647
2.98971
11.6055
3.24656
2.31143
18.7388
0.949825
4.47977
1.46025
2.50485
1.477
6.39562
7.36902
0.16171
7.16015
2.93021
0.201608
5.58423
0.416438
0.283154
28.2075
2.21778
2.69484
0.129841
2.27706
1.93568
1.75818
1.39855
15.3653
20.0889
42.9681
1.74695
2.84638
29.3079
2.82806
3.09401
12.6708
0.262211
17.7421
0.154105
2.00528
0.211936
5.10208
0.250139
0.21778
0.310594
1.72163
1.51533
0.0824969
2.59997
2.85799
15.34
0.422788
13.4319
0.940215
3.55615
2.38733
2.94061
1.20354
0.210428
0.139485
2.54391
2.33791
7.88383
14.2031
0.18686
0.0637964
3.40217
1.81623
0.139958
0.703639
7.95413
0.257871
7.57518
2.90764
7.68222
1.09267
0.186416
1.71049
1.42251
1.00732
4.77603
3.52916
2.67537
1.45365
2.26739
3.46643
1.95755
2.33837
5.11826
0.16835
5.71296
4.79815
4.10508
3.87853
0.181572
1.23304
17.3505
10.1765
5.80959
3.72189
0.170304
7.38378
0.207866
0.132362
2.46893
0.943918
3.21175
15.3392
5.25796
0.130773
14.2333
0.67461
12.645
0.240155
0.250822
3.10045
1.94561
0.281001
0.207
1.75933
1.07826
0.250014
2.71714
0.160775
0.183407
7.24862
1.65207
0.267043
0.261363
1.08403
4.42049
4.18769
0.3546
3.67418
11.7012
2.99439
3.05903
0.890614
2.66498
2.31039
1.8244
0.572384
18.8904
2.76759
0.124045
14.8488
9.9496
1.77049
5.72219
8.06965
3.22804
15.2493
6.15452
13.9726
6.50107
1.78827
9.1975
0.218134
1.50654
7.80585
2.72785
8.06776
0.174956
0.174188
1.2971
14.5953
6.39373
0.119491
2.8855
0.694064
0.186665
6.80187
0.236013
2.2076
0.0694367
8.09319
1.44539
0.200908
0.198577
2.33015
0.161742
0.157447
0.211469
13.8916
0.29473
9.63453
11.6521
3.16834
1.37593
0.675754
0.449186
0.970229
3.23302
4.04239
0.137158
3.26467
3.09364
0.288048
0.717652
1.27932
6.56167
0.246885
17.9084
13.1886
1.74893
0.200725
0.266814
16.4325
11.361
0.267944
1.18554
0.828541
1.7989
0.138628
14.1139
2.81342
1.2603
0.176586
2.34308
4.08685
1.35236
0.0789079
0.831504
12.0521
0.122951
17.1026
0.176406
0.161204
5.90622
0.937755
1.35449
2.52041
0.493386
13.4733
3.65707
1.09316
1.06648
0.750102
3.62651
0.215641
1.22851
0.137492
10.6044
2.99182
18.839
1.29419
3.19137
0.200957
0.194172
0.838231
7.49701
2.35105
1.09523
4.20757
40.6028
19.5013
16.2929
0.314236
1.91273
2.67624
3.88314
1.54073
3.98894
1.14656
0.319834
9.34662
0.985629
3.2399
4.38632
1.40125
2.30773
30.9742
6.52834
1.12678
1.02418
11.4784
1.03928
1.67351
0.133289
0.194985
0.20507
3.34113
1.83155
3.17269
2.97388
0.166425
1.16927
0.723289
0.311965
2.01516
1.7897
1.17974
3.45157
0.17386
13.2668
2.80697
0.507569
2.32
2.47299
0.241971
3.61974
2.30596
2.30182
2.43564
1.91738
0.153274
10.7462
2.43319
0.334098
2.26354
0.208897
1.30118
0.18079
1.41088
3.02003
9.02612
4.10862
6.17818
1.45026
11.3026
0.370105
3.94075
15.2858
3.43052
0.416471
2.73766
0.206681
2.93979
2.24112
7.58576
1.49346
0.211056
0.668177
11.7606
1.55869
3.30349
3.85397
0.755946
0.269667
3.31046
1.70568
4.03363
2.26732
1.5479
0.139476
4.68374
10.9038
6.7653
3.62183
4.05678
2.78068
0.182292
0.948434
3.94512
2.34775
4.29413
0.318504
1.35495
0.705253
1.67351
0.23441
0.25416
0.209398
1.01959
1.02434
1.56181
0.183247
5.81014
0.152855
3.62425
1.96763
0.326119
2.65842
5.37854
1.05898
13.9463
49.2354
2.96902
0.285822
22.118
0.285422
8.59644
1.81193
1.05846
18.1983
13.3115
2.19887
0.187132
8.81583
1.13743
3.22905
0.177162
0.19383
3.93678
3.75488
6.83126
2.74728
1.29182
1.5309
0.17052
2.41526
11.8036
14.8492
1.1464
1.34495
4.89846
2.1898
1.95268
0.165083
0.527612
9.97071
0.122573
2.12687
11.6826
1.37851
46.1018
0.249615
0.244845
3.58936
12.541
1.0632
7.13508
1.09602
3.34383
0.236794
2.59989
10.7512
2.33717
1.36151
0.436473
3.01845
3.28801
0.882391
0.14347
0.152808
1.69507
2.97714
10.3043
2.19936
14.6143
1.9274
4.6129
0.975816
11.4001
1.20052
12.3976
1.4157
0.223674
0.421754
0.314953
1.00024
16.7491
0.488336
2.30592
0.227261
12.2948
2.96781
2.79945
1.36102
1.40944
2.87688
1.33745
2.26389
0.187934
2.95157
1.33449
4.36435
0.689928
1.73053
2.33818
0.208787
0.5682
0.224668
0.203282
0.945739
1.06343
1.85831
2.40738
2.13363
3.10035
0.133215
10.6029
3.19205
9.21184
7.26509
0.2453
1.96373
4.75041
2.65233
3.14823
1.23491
1.17291
13.2125
0.901233
0.844914
0.190986
6.19466
2.02632
0.316354
1.51242
1.75746
2.19045
0.205145
1.69868
2.80319
15.5014
3.41622
0.141527
0.144175
1.08278
2.9269
6.14873
4.02902
1.25005
10.8732
8.90545
2.4407
14.4754
9.8935
4.65728
0.263264
0.358313
0.1926
2.73995
1.08824
0.430708
2.59579
1.4722
5.79116
2.27161
0.233156
11.3458
2.04847
2.23867
7.1465
1.67791
2.1863
1.51949
3.63681
0.179729
0.376688
23.7255
8.5469
41.58
2.58858
1.15573
1.4541
8.93323
6.68526
0.28433
0.82954
0.106675
1.72456
0.216858
0.183782
0.246387
0.790843
15.8586
0.216408
0.132002
0.446902
0.14948
4.80939
0.243014
2.29822
18.0004
14.6517
7.27638
0.199845
12.9769
1.29519
3.23888
2.44109
0.229718
2.96318
0.216349
5.53192
0.188784
10.7715
0.173143
1.42211
1.65358
1.33551
0.274807
2.69197
1.18918
0.152214
2.49261
0.154768
1.11845
4.02601
19.3855
2.10318
4.70668
14.2011
6.46004
5.39158
10.2993
2.78002
13.8732
1.58996
2.92772
0.284253
14.5668
1.56898
0.248452
16.9788
11.1884
2.83834
10.3851
1.23107
11.6336
3.46765
5.74749
1.07497
0.183309
2.99109
11.0319
0.222096
2.42803
5.66966
17.3308
4.35182
3.14778
0.0685909
2.77363
0.237968
0.965859
0.274392
1.93253
1.25777
12.9631
4.35503
2.67892
14.6274
9.73227
3.00352
3.15677
2.37163
4.67071
9.92464
0.282501
0.19892
2.93441
8.89337
1.83039
14.3994
0.198416
1.20837
2.30342
1.47085
0.265092
2.09894
11.7882
14.9849
2.99347
12.0487
0.229237
1.42233
2.78617
6.98412
2.61169
1.2263
2.7448
1.50646
1.24318
0.219019
0.250796
0.251001
3.5365
0.201198
4.23655
8.65479
3.19976
0.165158
0.187567
1.00349
4.20743
4.19137
5.38583
2.79155
0.16161
0.141177
10.3721
4.07405
2.39967
6.15214
2.75745
1.04402
0.245242
0.137038
0.501983
0.248855
6.73445
2.68814
14.3289
2.82999
0.189894
0.470433
1.28766
1.77069
11.6806
1.05756
16.5042
0.9706
2.79369
0.277508
0.181378
13.4789
1.71313
2.84243
0.22481
2.07411
0.322304
0.411583
0.138431
6.65754
0.446172
2.82769
8.11659
6.91974
1.26764
37.9683
2.17451
0.317183
9.92213
1.18216
0.154252
1.79174
0.217414
0.205351
16.0643
2.33277
7.34596
1.31789
13.4671
3.23985
0.188565
1.93959
6.28538
0.773965
4.59094
1.6254
4.70942
1.44843
6.58625
1.20467
3.47545
11.4214
9.72286
0.305426
1.7883
3.60268
2.65774
0.69339
2.9667
0.217429
0.221071
2.14267
0.207682
16.4099
2.08523
6.49368
5.80623
1.58425
2.31996
0.159606
6.44195
4.2944
0.122998
2.71015
41.1534
10.2148
8.51547
6.09869
3.14866
1.08115
3.08498
0.266984
0.958715
14.8547
6.23637
0.284717
0.948899
0.19626
0.22416
3.05872
0.119233
5.68033
0.503145
0.255759
2.72072
23.2427
0.00215603
13.7959
1.02584
5.61785
3.63824
6.41745
0.340655
1.01115
2.28625
0.128284
12.4985
4.75912
15.6003
4.35734
2.06674
0.20118
37.6141
13.7018
6.13077
2.25752
7.03465
1.34283
0.175392
0.134754
4.20384
12.9094
0.205742
4.4737
4.40348
2.89682
2.08006
13.6753
2.87064
1.18697
12.2103
3.14809
2.69896
0.0133121
0.635225
8.4418
0.334871
13.7895
1.08347
15.7371
1.44184
2.36534
0.201691
0.207647
0.130007
3.13615
0.155541
12.8491
7.63217
3.82344
0.164853
1.96833
0.120759
0.195531
15.3521
6.62692
0.213227
2.29629
0.171102
1.08985
3.43319
0.12555
1.43081
2.84994
3.69745
3.74136
2.51548
7.09215
6.86433
6.49855
5.65865
0.850014
1.76741
0.207057
2.6331
0.255693
4.41104
8.19893
1.68138
9.66709
12.1142
0.124126
5.02989
1.89023
0.358652
4.7532
3.06769
0.179289
3.80283
0.519683
4.81612
0.149124
35.0999
0.764176
1.11599
0.245494
2.97071
2.49127
3.9336
8.52662
0.631278
0.244471
12.3868
1.90537
1.13798
3.3538
0.852398
4.04143
0.939147
5.53686
1.85487
0.322227
1.34933
11.4171
0.205736
3.76709
1.67368
0.318376
6.29335
0.197895
2.92839
3.19657
4.17121
3.17162
1.93072
13.001
1.42361
5.64884
4.83454
0.953651
2.37777
0.22359
6.77549
1.10733
2.3549
1.19466
1.07273
1.86153
4.03249
2.03934
5.9796
2.55365
17.5049
0.227211
5.05547
0.517731
3.21645
5.8566
0.222291
2.71083
2.55211
4.39205
2.86877
2.60476
0.199167
4.71163
7.50926
1.17303
1.34481
0.516218
4.44134
1.45256
14.6848
0.661972
1.87331
2.68071
0.71121
21.8601
1.29427
2.11253
0.928959
2.87104
42.774
6.76627
2.45016
2.84786
0.225314
16.2252
0.742725
13.9954
3.58141
0.136919
0.157692
2.09297
2.39315
1.88078
3.15094
3.168
0.666779
0.121399
1.89649
1.61796
3.13367
3.90291
1.8815
0.210273
2.97517
4.42134
1.0945
11.486
0.170014
7.12499
7.60446
3.04499
0.891872
2.75477
1.14461
0.160632
2.01994
1.50113
0.235226
4.56562
2.43403
2.0085
3.1996
6.13732
0.260129
0.241902
2.09566
0.331146
7.13048
22.635
0.329372
0.145907
3.72041
0.656738
2.7223
3.06952
16.0487
2.91477
0.155695
1.57633
3.28984
2.86793
5.70597
0.56109
8.401
4.12246
4.38536
0.741017
22.7315
2.51207
1.16868
11.6887
1.18629
1.42326
12.5454
3.62576
1.5452
6.28414
5.70497
36.6229
3.12802
4.27679
1.05232
7.57816
6.03385
1.43649
3.02613
1.71681
2.03311
3.01964
4.13965
0.227416
1.14671
2.55376
0.206225
11.8516
0.0522034
4.45429
6.70805
0.193411
5.21024
1.56248
2.836
17.1469
5.20249
1.1392
3.19344
0.278338
0.246289
3.19619
0.167456
7.60728
3.17835
0.0595143
0.273888
2.62143
16.3561
2.87946
0.189245
1.43553
9.26728
0.202263
0.214978
1.34923
0.243804
2.59925
3.4237
1.93198
0.176469
3.01157
1.73257
1.02213
0.191547
0.270075
6.97191
0.253069
2.8306
3.90999
1.10395
1.62446
3.14173
5.67123
3.23697
8.13689
11.2188
2.98897
5.45061
0.302426
2.49438
11.1316
0.207254
1.78223
2.70914
2.88645
0.138884
6.38392
3.66469
0.208145
5.17997
0.177047
3.60238
2.57982
1.76978
0.283485
0.936872
5.58762
3.67046
3.25877
5.32262
4.07393
0.235659
2.31988
13.0638
0.596016
0.63548
0.162425
6.77015
0.767622
7.38456
3.5661
1.70394
2.90456
15.0857
0.438568
2.74572
3.23739
2.62351
7.4104
1.12683
4.36665
1.41826
0.716089
10.0523
10.0287
15.0873
0.798775
11.9863
4.74647
0.0317281
7.07711
14.4991
3.32087
1.56433
1.19599
2.77964
1.55082
1.1019
4.7643
7.29502
0.282214
0.283166
0.156926
0.756362
0.0408537
3.07564
5.4455
2.28716
2.77076
0.224217
7.857
0.194509
1.75288
0.18901
4.84449
2.14455
2.2256
17.9238
0.315493
4.29866
0.214189
2.75735
2.64749
2.22528
0.206333
5.73846
1.04895
2.26512
3.11735
4.90438
3.08739
1.51831
1.17613
1.17159
3.07153
0.201604
7.24517
3.6293
10.8235
3.17687
7.94369
0.182511
0.0359892
1.04988
2.8604
3.27801
0.682391
1.45539
0.149077
1.27899
0.887752
4.94071
2.42478
1.06715
2.5428
3.24581
5.79365
0.15947
0.612703
3.54461
7.84141
0.130213
2.51765
3.4389
0.598732
3.1806
1.34999
1.70968
14.5373
4.08808
52.8451
2.03749
8.14024
0.16408
19.1432
0.503014
1.35579
14.9291
0.241469
0.613141
1.41006
2.79163
3.9454
0.19414
0.248354
5.09647
4.41658
10.0776
4.15058
0.250631
0.135725
0.251809
0.135224
0.487986
0.514958
2.88251
0.68015
5.75433
4.97959
2.5794
2.07334
2.08832
0.208605
3.72505
5.79589
0.225761
0.141237
0.622778
5.2637
0.878059
0.299081
0.173336
0.771739
3.18808
1.64297
10.3138
2.1405
5.41386
3.57806
0.00623104
4.26137
1.72324
1.1985
1.61332
3.47793
12.2619
2.96161
0.260885
0.893838
6.15198
2.74714
7.35454
2.0131
0.184124
1.60889
0.202875
3.188
2.43683
5.28729
0.150556
0.950803
1.87061
3.13209
0.243817
1.33207
2.7971
15.3178
0.0500188
2.33228
0.848866
0.502772
2.64071
12.0607
0.245313
2.8047
2.22838
0.203138
2.6499
7.70135
6.53391
2.7506
5.38608
11.7872
0.196679
13.3081
11.578
1.89942
0.201654
7.22751
8.06652
3.16902
1.20597
14.9004
3.28148
0.976567
2.59771
6.46532
0.245525
3.47345
2.89581
2.42132
0.262099
3.0965
0.153551
3.68055
23.9439
0.837838
2.52691
3.29479
0.213603
14.5643
1.52503
0.925102
0.871538
0.206525
0.205327
9.99743
2.99987
1.30036
2.15198
2.63933
2.96891
0.974451
5.9397
1.17421
5.59792
0.215559
12.4359
0.29527
38.6205
1.73182
0.314899
0.806808
4.80995
2.62914
3.16152
1.35263
2.74444
2.3672
3.00658
4.28161
3.80297
1.81279
2.74519
0.235844
5.78422
2.40046
2.85784
0.145505
0.254146
0.244076
0.245378
0.122923
1.89377
0.0602635
4.34742
2.02946
2.07391
0.225774
1.12972
2.39461
0.580886
10.9028
10.804
4.4761
5.21379
2.08153
3.16023
0.8767
0.159444
1.46597
0.254673
0.195926
0.986948
1.7876
5.54843
9.42152
0.88173
3.39934
4.94138
6.06921
3.79256
1.98215
3.06835
0.518669
0.192412
4.76753
4.82069
0.163223
0.262625
0.238376
1.61511
17.4741
0.158605
2.98665
1.34062
1.14669
5.92639
3.11439
2.95278
0.292161
0.216296
1.35792
37.0531
2.88377
0.239415
2.03562
0.28955
0.254244
0.164802
0.26276
0.141614
4.21368
0.275246
9.96996
14.7549
0.338049
0.167667
0.161306
0.669118
18.083
0.259106
32.9373
0.25003
2.77895
0.231504
1.32776
1.92182
0.193641
8.67212
0.216708
2.6394
3.33059
11.6591
4.29442
1.34764
1.65588
1.02104
2.60872
3.18509
0.500158
1.42257
5.06527
1.79051
40.6688
2.45551
0.489113
3.0051
1.86735
0.294532
9.75798
3.81035
5.3564
3.66342
6.2062
0.407793
0.284774
0.129175
0.270414
6.22353
33.5267
3.37177
1.48815
3.03708
2.43907
1.45808
4.23591
0.855656
0.308188
6.80907
0.383217
15.0809
10.9168
7.21612
3.26203
0.515757
2.66561
7.56026
1.45121
6.3312
0.524055
0.970573
0.254733
6.49502
0.19402
2.91253
1.98118
2.48724
0.156648
3.26355
0.281163
4.82011
44.4932
0.320256
0.292553
7.06312
16.8421
0.152073
37.1287
2.14303
0.208153
1.38827
0.160141
0.595215
0.654978
2.28571
0.263296
4.7473
14.6925
1.18449
0.526069
0.20771
2.25135
3.1256
4.54678
0.168426
1.99937
1.46376
2.35325
1.79361
0.214018
0.324025
2.23046
1.29859
9.26982
2.41956
1.39977
0.264257
0.627791
4.56403
1.17609
0.209889
1.0427
3.2402
3.17185
0.653885
2.21046
3.24982
8.57449
0.56026
2.60466
1.40082
1.15771
2.45899
11.8056
2.95072
1.39066
0.249983
0.931858
1.24897
0.240837
13.6166
2.84651
1.73059
3.65722
0.220055
0.725405
4.387
2.66264
0.240956
0.789972
1.36625
3.73844
3.60757
2.74321
1.79752
1.30248
1.47041
9.38371
6.81894
3.71653
1.22836
0.364079
1.72446
0.155725
0.605948
1.22384
9.88357
5.27265
2.33471
3.91033
1.24987
0.146815
0.202497
3.98738
7.43807
6.56517
2.64467
0.22309
0.000868033
0.335302
2.19507
0.207635
0.424682
7.47867
1.45453
3.75675
0.0231129
2.75504
7.77304
6.88351
0.239662
0.33463
6.13562
2.21043
2.00463
2.5535
0.183658
0.249572
2.42404
1.3828
0.209331
1.65508
7.36944
0.572401
3.83635
0.00442945
6.59585
0.1993
13.384
0.243813
2.56226
3.95607
0.234227
0.213193
0.0999773
0.538289
0.329241
1.70493
1.18878
1.09494
2.32616
11.0424
0.759355
2.4028
2.70587
2.8315
1.07079
0.169729
0.321559
0.639536
3.44755
1.68937
0.196509
0.425671
0.295949
0.23788
16.7137
0.319565
0.238537
0.802797
1.41093
25.8322
1.88221
4.23758
3.80634
0.154799
3.53259
0.231335
6.7742
0.338096
0.699454
1.50147
0.287338
13.2247
0.221961
2.9804
2.87418
1.23236
4.90019
3.15928
0.132148
5.92248
5.50279
20.66
0.141012
0.493834
3.85444
6.70756
3.59678
1.39051
3.35133
0.189648
7.1609
6.02783
7.19826
1.11681
0.196651
7.0954
4.6998
3.12276
0.202907
5.92946
25.2104
0.277614
0.21439
7.46108
0.15141
0.287245
1.79345
5.38092
6.36182
0.2245
2.99133
7.00056
3.85772
1.33303
2.32792
6.79575
5.54688
16.794
2.26724
1.40474
0.151576
7.27631
0.199881
4.89028
2.70419
0.616737
3.40515
1.60785
0.339507
1.96025
2.64627
1.17947
14.8598
18.4127
2.68749
5.00801
0.354872
0.215622
5.98121
13.3447
0.229912
6.85731
2.28051
0.140999
2.38118
7.24123
2.92498
37.6042
3.97584
2.40428
5.47074
7.60625
2.94993
0.552086
2.03455
0.285682
7.37586
3.21677
2.93791
3.69167
7.64222
6.76865
0.157201
4.04531
2.87607
0.167593
0.277168
8.92566
3.5434
0.253613
3.60272
0.190801
0.220887
3.99102
5.24007
0.15538
4.77387
9.4666
0.251568
0.2331
11.3798
2.51248
0.686929
0.25404
0.868785
28.6114
3.67308
2.92939
0.24324
0.161918
0.208011
2.97444
2.1738
1.10888
0.252447
1.28387
9.6885
0.1635
0.408123
0.158276
0.734081
7.92429
2.04602
3.23091
0.198571
0.241919
0.291413
0.197583
52.7533
2.87623
14.8805
0.23115
0.261329
1.94287
0.213504
3.49043
1.96021
0.221234
1.0757
0.31222
0.190868
0.199484
0.120227
0.163078
19.8869
0.358175
2.59746
14.2552
2.20663
0.550728
3.06829
0.302905
2.1133
0.15193
0.234225
0.163838
4.84371
1.09911
4.39079
0.922167
15.6624
1.47211
1.32788
2.84527
3.04043
2.94729
2.03389
15.9425
9.0812
7.94082
9.74794
1.6619
0.226507
2.96064
6.47941
4.34246
1.57417
3.17138
3.52605
0.183152
0.298176
0.269635
0.210078
0.870792
1.53441
0.741975
5.96616
9.24716
1.27586
1.60437
3.62903
0.147828
0.324394
1.95563
0.201569
1.83317
0.338893
0.208638
5.68613
0.714562
0.257266
0.21245
1.97599
1.78257
0.206985
0.316541
1.09622
1.23656
2.46534
2.52523
0.113698
4.75059
1.02377
0.964754
0.0160398
0.001574
0.232764
0.206561
0.866476
3.57669
0.196049
2.6627
2.64926
3.1768
0.193104
3.68493
0.217629
2.74858
2.52989
1.68748
1.46469
0.214529
6.16535
6.81914
0.989263
0.282302
14.028
3.0146
0.142064
0.496739
7.01709
0.156425
0.931596
0.218746
2.89354
7.01557
0.800014
2.57421
9.17304
7.24814
0.494321
0.0079691
0.018846
0.227757
0.256697
0.25388
0.203952
2.58659
2.75362
1.48778
6.37861
0.250409
0.33373
1.33178
2.93343
5.82437
0.269454
0.194856
0.240165
0.245004
7.90819
3.95024
0.191486
1.11716
6.1889
5.99934
0.242946
0.307307
0.282073
0.222966
0.306677
2.30555
0.179157
5.03653
0.152841
0.303113
1.16876
2.02934
4.26631
0.240883
0.0115502
0.0386891
8.06758
0.267121
0.251666
2.92567
0.15613
2.99842
4.2641
0.24785
2.43534
4.70749
0.228763
0.209316
5.09005
0.294297
0.202958
0.205947
0.213834
7.37508
0.19401
0.223634
0.302035
1.90996
0.183699
0.121092
0.200614
1.65439
1.45971
2.70403
0.27394
1.20794
2.30432
14.1851
5.89012
7.26255
2.34602
0.243465
3.7701
6.88901
7.11604
0.21351
6.9977
1.4091
0.22668
2.37594
0.149291
2.7442
0.345476
0.593289
0.225106
3.14889
5.01166
0.216209
0.21068
0.193109
0.196304
5.66142
0.215227
0.257815
0.198589
2.79794
2.98722
4.77905
4.22602
1.9679
3.21518
2.08571
0.214735
3.0083
0.22518
7.46704
5.35981
5.90588
0.220036
1.16789
0.183617
0.22486
2.37969
0.321643
0.298485
6.28807
6.20762
2.29929
3.16894
0.197204
0.194697
0.21297
0.286117
5.82418
6.61874
0.214857
3.78951
1.27326
8.6592
7.44165
2.60354
3.85196
0.719228
3.08488
5.55569
2.2107
0.307604
3.48828
3.05739
0.252489
6.79277
0.158788
2.17887
0.171388
5.83935
1.95885
4.18047
2.64919
2.0559
2.71402
2.41553
3.73552
0.296154
2.42415
3.719
6.26832
2.24033
2.98201
2.97527
0.230954
1.26289
0.333884
2.58678
0.213743
0.211889
1.87569
0.983301
1.49863
2.17302
3.25708
9.96314
0.221244
0.314092
0.984496
4.25773
1.21789
0.163154
2.90362
3.1257
2.34355
4.10299
0.320522
2.90168
5.50609
0.169479
19.1339
1.72298
3.04742
0.169744
2.85127
3.26101
7.41053
0.268474
9.07933
6.4835
0.308997
1.14776
0.179746
0.402117
2.66943
3.19702
0.335699
7.1754
2.60886
4.92191
0.200387
1.65777
0.284054
2.15189
0.175145
1.06159
6.56654
7.10795
10.3089
1.34078
2.1116
1.33576
2.52693
0.295549
0.204987
6.96601
3.56913
1.55355
0.586217
1.85641
16.7663
1.58909
8.17239
0.589522
1.00109
0.279928
2.17971
1.22601
4.78369
0.227434
0.336112
0.532739
2.5043
2.97036
0.279623
0.215258
0.319315
3.33737
1.92474
5.64659
0.202851
0.311079
1.60409
2.44661
7.3347
15.3085
4.91424
14.7091
0.614723
3.50145
1.55715
2.18472
1.02789
1.64082
2.78873
3.25588
0.336294
0.129563
2.13837
7.16674
0.163129
0.204479
0.215939
0.291318
0.25337
1.14765
0.143282
0.245265
2.83137
0.185935
5.26352
5.03637
0.268863
9.13893
1.68643
2.14454
0.162602
0.226758
3.70388
0.246208
0.270411
0.450798
2.78019
3.23584
3.15382
4.05965
16.0694
1.28946
0.21529
1.44496
0.216255
3.21801
2.39443
0.309526
1.41886
6.19008
2.66677
0.212361
1.67521
14.7224
0.274126
6.94043
1.7031
3.99862
0.192298
0.0959411
6.68505
0.194568
4.17748
16.1599
0.234946
0.178533
0.293886
2.71644
2.84338
6.76448
5.07348
0.241453
0.211332
3.21896
0.215556
6.61576
1.59308
3.00775
2.20646
0.271525
0.208563
8.08049
0.918513
1.41537
13.0385
0.290644
4.11299
2.69391
14.3398
8.86927
1.50421
0.283923
7.20604
0.245377
6.96721
0.196017
0.405085
3.48766
0.120047
1.86632
0.338309
0.180001
0.158366
0.331186
0.134054
0.269663
5.49277
0.205079
0.18667
17.9825
1.3097
0.308839
5.09185
0.209922
0.120167
0.127554
0.193601
2.67157
19.0092
6.26009
0.170736
1.69686
1.63358
0.211134
13.9827
2.08417
0.252748
10.8822
0.212055
8.77068
1.73357
0.196837
1.81167
0.799771
0.193531
1.12786
0.802935
0.976158
1.19957
2.21251
0.130001
0.174281
0.241678
2.4435
0.125209
0.8943
5.11935
3.10021
0.187936
0.676083
0.229411
3.37189
0.198437
0.21821
3.28862
4.51224
7.23845
21.7693
0.773759
0.120116
0.337104
0.155414
3.92834
1.12419
0.180435
0.236823
1.94105
2.24561
0.123737
0.0956828
3.03227
0.816576
0.258207
0.212841
0.728539
0.621964
0.307388
1.43157
4.52927
1.67155
1.90517
0.212141
6.54339
5.19005
0.217291
0.203278
0.216429
0.214442
26.4306
1.76227
0.830357
1.17682
1.60772
1.29749
4.04311
0.178657
15.1999
2.22218
0.284342
2.49017
0.206952
0.164735
4.96815
0.250401
1.36677
0.232758
0.32471
4.17034
1.24565
2.8002
3.77525
2.04495
0.196211
1.62298
1.48257
0.213685
0.0139906
0.12405
0.285785
0.226103
2.72858
2.38012
2.23153
5.21948
1.99458
15.169
0.138601
0.00100988
0.183332
1.9821
2.48225
2.38053
0.425267
0.216538
1.31493
1.67938
0.243583
0.202857
0.139214
1.23298
1.52367
5.14771
0.120374
15.3387
1.29438
3.35815
1.45406
0.185822
1.10645
1.86065
0.28305
6.63736
7.7295
0.303271
1.0661
1.6065
0.19615
0.00265161
2.59323
1.97794
1.25077
0.197844
1.62411
3.16701
0.248704
0.130443
0.240447
3.16075
3.92279
0.214275
0.0243357
0.22977
2.62451
1.50884
0.200277
0.178157
2.15232
6.46473
1.65926
4.05257
0.230911
2.22163
5.99505
1.65363
1.45782
0.217162
1.27666
2.69522
33.5863
0.103048
1.02564
3.12885
1.70126
0.897269
0.166242
2.36965
6.49728
0.221389
0.872906
9.8243
0.254582
3.0342
0.118889
16.6448
4.38672
2.23481
0.978762
2.19621
2.19309
7.01508
2.33755
0.17978
3.56044
0.540414
0.26909
0.225911
2.21892
0.212546
0.120295
0.146077
0.278373
0.194897
1.95629
14.9139
5.73546
1.94685
0.197527
0.193583
2.4919
0.208612
1.14071
6.98753
0.180819
2.58968
5.32073
8.53367
0.398865
0.953681
0.314295
1.40861
0.215659
1.26678
0.202769
31.8446
2.47892
2.00676
0.9912
0.16928
0.88466
1.2996
0.150148
0.174952
0.709192
5.57201
5.36943
0.154668
0.231978
0.164848
0.818584
3.06859
2.66668
2.18119
24.4349
1.46111
3.64433
5.79544
13.9818
3.42837
1.65043
0.210019
0.122744
1.73032
2.53987
0.196804
3.68493
0.300762
1.92916
3.20904
12.6556
0.29476
5.31311
3.44446
0.749998
0.259168
2.89376
4.34245
0.158497
2.94064
2.39611
4.34355
13.3989
13.8258
0.254673
3.32224
0.182789
0.15983
0.126649
1.09977
2.68958
2.75089
0.261843
6.8879
2.85233
2.85562
0.237804
1.21439
1.76041
2.52599
1.26094
0.645013
2.80474
1.86727
1.1591
0.199238
14.1398
3.09003
0.286743
0.185947
1.16154
4.54453
0.279091
0.227271
5.11059
6.86247
10.8818
1.29308
1.74812
1.00336
5.29339
4.89064
3.09594
0.146687
7.49187
0.227741
14.2361
0.462727
0.258354
0.147805
0.368514
2.02964
1.49476
7.5904
1.2419
0.634478
4.18614
7.27528
0.48447
0.203801
0.509822
0.270128
3.62079
3.14191
2.13658
6.28554
1.87885
3.26648
0.143237
0.169574
3.35952
0.798394
9.63131
3.98431
2.99916
0.130294
0.168375
1.25496
4.16182
0.262949
0.193956
3.03299
4.04809
1.23422
1.34535
3.16498
3.67077
0.319277
0.193994
3.31135
3.90979
3.95024
2.87673
0.162237
0.204597
0.208627
0.276746
0.957416
3.05358
7.43256
0.169761
0.239447
2.5573
1.0875
6.50963
1.01509
2.71389
3.26532
3.56143
3.70565
0.164564
1.09583
7.98329
3.08985
7.05197
0.177983
0.156765
3.75259
0.253201
10.282
9.24828
2.21499
2.39644
0.25685
0.195776
0.201336
1.55355
3.47405
0.744887
5.24734
1.52529
0.744092
0.129479
2.12678
1.06445
8.4721
7.73643
1.96599
0.242773
2.73879
3.51401
1.3532
0.224654
2.20251
0.198341
1.30398
2.44635
3.23082
1.44104
14.3364
0.231964
0.21149
14.0506
2.77766
14.9696
17.3095
2.9633
0.249573
0.217437
0.228382
2.43925
0.313739
1.6258
0.213002
6.90392
4.23007
2.50604
0.214572
10.2234
3.26357
0.163693
2.51744
0.968757
2.95439
7.32304
0.198143
2.92381
0.868261
4.15446
0.198196
2.71863
0.274056
9.63691
0.136261
3.41589
0.880832
1.76995
2.09942
6.17539
6.09475
1.8113
0.338095
0.117735
0.127025
2.67096
7.84809
0.247075
1.56565
3.72737e-05
0.126024
0.220784
1.86053
0.0291615
0.186784
0.198936
1.19034
0.141935
3.39121
5.46476
3.71291
1.11532
0.17376
0.549078
1.84485
2.36977
1.81786
0.227643
0.285805
1.65471
0.172042
2.21971
0.128858
5.02592
6.91899
1.76042
1.41274
0.224286
2.29917
7.16923
1.83932
11.4586
0.491727
0.201309
0.154217
0.177528
8.31884
0.250908
3.04967
1.27673
0.218997
0.214781
0.941573
0.00256121
0.168006
4.92157
0.239393
0.169403
0.187157
3.11966
2.2984
0.987092
0.216272
0.120078
2.7711
1.47471
0.260268
0.189585
0.212679
2.69392
5.28445
0.156063
18.4221
0.219426
1.30498
0.193236
3.10168
6.89649
0.236685
4.9854
10.3098
3.70022
0.58434
6.28811
2.39843
0.688557
7.11456
11.6142
1.73289
0.361979
0.262066
0.45798
0.756324
1.00078
1.22864
1.00191
0.373031
3.90418
4.44868
0.214961
0.193583
3.18892
0.460172
0.573073
1.16949
9.99676
3.03077
3.3141
2.32802
1.54886
0.938246
2.74699
0.173619
0.506803
0.117605
10.7467
0.276174
14.5845
4.60901
4.74964
2.49324
0.170622
0.185741
0.102163
0.201866
5.8155
3.51025
0.328991
6.91149
0.327899
2.4631
3.63167
1.06224
6.2908
7.63575
7.14225
5.99245
0.138508
3.92791
0.225438
0.197731
0.145876
2.58673
0.689987
2.90874
3.94323
1.36344
3.10089
0.228203
1.81955
0.225366
0.015062
2.70558
1.45132
3.0838
0.205023
2.74707
2.56366
2.69953
3.00088
2.10121
1.29218
2.94926
2.99309
1.19613
1.37164
2.37795
0.399054
15.4514
0.0448704
0.0378081
1.91441
3.39949
4.54008
6.758
4.07985
0.223387
2.84169
0.864763
3.29515
1.5136
0.246348
2.02142
1.03439
3.86944
0.210628
1.88582
0.468797
0.213654
0.499801
0.330482
1.73222
2.53841
0.414337
0.304505
0.871514
1.10132
0.104232
0.23072
0.175992
0.606904
1.91732
0.485649
0.118191
2.47267
0.214799
1.61458
2.20523
2.18512
2.61403
0.213694
0.131878
0.236147
0.876779
0.203593
4.60159
0.462062
0.201034
0.117475
1.52029
2.62921
6.11746
0.235456
7.1344
1.88205
0.21679
1.0468
1.90907
0.218859
1.49363
0.201072
1.25479
0.217606
5.4076
0.945195
0.848284
2.02528
0.456502
2.65232
0.142524
0.675202
0.00311558
0.610548
6.41986
6.61635
0.573505
4.11791
2.72217
1.18885
2.68111
2.08787
0.236464
0.15334
0.0202858
1.93794
4.67683
0.198992
0.942679
2.71895
3.32918
0.219358
0.276925
2.19109
1.24676
2.78664
2.09212
0.218929
0.240865
0.285336
1.30518
0.224288
0.0639171
15.7272
4.20411
1.30017
3.09942
2.75607
0.740521
3.43585
1.38753
3.19528
0.152018
2.61443
0.216313
0.265138
2.43215
0.15343
3.44137
17.7089
0.198425
2.33349
3.12962
0.556004
2.96619
1.21988
1.85344
18.5783
2.14207
12.4848
3.48938
22.7471
0.334349
4.04675
2.82831
6.50203
1.34212
0.126047
9.74651
17.6698
0.311801
0.76022
1.76676
1.19643
2.28604
0.192624
1.05256
0.129978
0.234152
1.81676
29.7542
0.208341
1.95424
7.04811
2.09025
1.49805
2.08384
0.21372
2.18469
10.7136
3.05924
2.50777
0.337914
0.229227
2.11417
0.12444
2.52441
0.0820821
0.0152098
0.144356
0.941258
0.209884
7.79211
2.45451
0.214437
1.48424
1.31081
0.16781
7.61852
3.76001
2.48772
0.768382
1.4663
3.58034
2.41446
0.988283
1.11729
0.266025
0.323773
3.2424
1.37182
11.0436
3.44438
2.16486
6.01855
6.25955
0.213046
1.47068
0.657774
1.51854
1.07535
0.232876
0.303522
11.6522
1.32559
33.6555
2.30338
1.05432
0.223528
0.191256
2.26248
7.17884
3.32445
2.77647
0.204401
1.6141
0.219454
0.162281
2.82841
2.09739
0.195104
0.280729
1.5914
0.208166
0.112918
1.85518
0.233136
2.91124
0.40564
2.10155
17.133
2.44801
1.2793
0.544242
1.0447
0.639767
7.57657
9.86873
5.60996
2.57475
1.96959
0.185835
2.29795
0.234901
3.54765
1.71221
0.229215
0.131137
7.60881
2.15027
12.5143
2.8202
2.29224
13.2495
36.0083
1.36144
0.850491
8.06255
1.55877
2.40789
6.28805
0.214503
0.254662
0.563721
4.55583
5.3487
0.216133
2.43842
2.65834
1.68077
4.41823
35.826
0.232541
3.03225
0.11783
3.05332
2.81039
2.05385
3.29104
0.540931
0.743568
1.87347
0.194048
1.33753
1.13615
3.70827
0.666703
0.221068
1.78211
1.02743
0.638583
13.8714
1.03508
2.4355
1.178
0.289434
0.736159
1.97034
6.58744
3.32731
0.81864
2.22062
5.99075
0.172599
13.2271
1.538
1.35276
0.243155
2.09592
2.36172
0.215984
2.0988
6.75391
5.19393
2.79817
3.59625
2.34722
1.72213
2.33626
0.251291
2.683
1.11828
1.20268
5.33897
2.85861
0.261118
1.33507
0.255916
9.34308
2.87223
1.57272
1.63679
0.20721
2.85453
0.264024
2.42213
2.81546
4.6486
10.08
2.81975
1.69808
0.172781
3.08875
0.336646
3.33362
0.162217
2.74823
1.79041
1.83863
4.45786
1.96057
3.56768
21.2866
1.08317
1.79163
0.769982
0.246965
0.165668
0.657361
0.755699
0.00103659
0.922686
1.09014
0.721397
0.312523
0.161906
2.86899
1.19887
2.51291
3.03825
1.23747
0.190557
0.764057
2.5371
0.869246
1.68271
5.21325
3.01922
0.223595
1.4334
0.872083
0.47284
0.212619
0.214418
0.463806
2.50909
0.119139
3.59716
8.61238
7.81631
0.221367
0.400816
9.37626
1.35251
12.0301
2.99522
4.99615
8.40562
1.20374
9.22947
0.239368
0.214818
2.45337
2.04675
1.21222
0.390043
0.212463
3.81062
2.13707
2.4743
0.380512
1.16899
2.78612
0.256026
3.07431
0.229263
2.81981
0.958963
2.51061
1.70062
1.3886
1.20416
1.79851
0.570597
1.14296
6.57899
10.6484
1.66669
0.232302
3.41951
2.07004
2.50826
0.204412
3.36552
0.185733
2.27604
53.2429
1.34804
0.199839
0.833206
1.82712
0.207543
2.95182
2.50357
1.27196
2.68338
0.20316
2.50675
0.470965
4.80531
1.31889
2.36356
3.17724
0.193632
3.79025
6.91396
2.86106
2.38091
6.39188
3.13792
0.857609
2.12702
1.00225
2.35067
0.183506
2.86686
3.44356
2.79978
2.39624
0.915103
14.5052
1.80031
0.121669
0.38964
0.645161
1.15419
2.08
3.24736
1.20193
1.13297
1.92166
5.22314
1.18144
2.71427
3.06915
3.07346
3.01193
8.01134
0.217926
4.7851
2.51209
2.83141
0.280545
0.270256
4.35148
5.4256
6.51458
0.263559
1.28676
3.0571
1.57559
1.29903
1.74581
0.396522
0.724784
1.51979
2.48766
1.3322
7.18658
0.74951
2.23094
1.3361
6.27224
0.143652
6.99205
0.2216
3.08887
3.47907
2.61608
1.22044
0.170621
0.214156
3.36313
3.9517
12.472
0.2276
0.536764
2.73431
0.137297
2.83678
2.66718
1.69823
0.123056
0.302869
2.5417
3.05831
2.6449
6.4522
2.23052
2.6668
3.48908
1.32953
3.23314
0.311015
1.69102
8.21902
0.272843
1.74518
0.149364
1.08093
2.26768
5.75946
1.63455
0.98714
13.1493
0.722762
2.46341
5.93949
3.06593
0.119704
3.06318
7.2009
3.3333
1.5993
8.59462
2.88983
28.089
48.9809
2.86477
2.74338
3.00075
0.184435
2.95522
32.9329
0.904052
1.23604
1.93033
2.8414
9.37777
3.86951
1.20679
0.136979
0.56468
3.14868
0.218467
5.71146
1.11428
0.424206
0.38891
1.08086
1.51471
0.631743
5.39931
0.21499
1.18926
4.30841
3.45526
4.14799
0.909741
0.283236
2.89294
1.11771
0.183307
2.32196
1.3811
3.01312
0.294293
3.36169
0.392694
2.76167
6.69255
2.72761
0.258726
0.176059
0.218636
0.196551
0.21074
0.193162
2.9733
0.143844
6.42378
1.24588
0.207066
0.169325
2.98257
0.625602
2.95219
3.56651
2.62931
0.168637
0.217372
9.84612
3.77971
14.9446
7.48883
0.193065
1.13232
2.6089
0.156062
0.197286
0.376453
0.146879
0.199399
1.02566
13.7949
0.210609
3.06342
4.48333
1.60455
0.632906
0.165272
0.1629
0.793105
0.131582
0.566345
0.132219
1.1997
2.18264
16.1759
1.58714
7.17128
0.199549
3.14394
0.16891
0.27087
2.08198
2.3835
1.00581
1.31153
1.01646
0.178922
1.6859
0.14793
4.29846
3.45181
0.30699
0.465086
1.86896
0.279164
3.09639
2.77156
2.95176
0.760894
0.622694
2.97577
0.271211
3.23748
0.186677
0.204834
2.56146
2.70808
4.411
0.228048
0.152874
2.65487
2.48596
3.01127
0.202747
2.36664
1.25558
0.180639
1.18294
1.47112
0.19923
2.20471
2.91434
1.69058
6.01546
6.31151
0.128853
7.64544
0.139063
0.266675
2.91471
1.03497
0.963709
2.81134
0.168619
0.246876
0.726166
1.11785
0.402818
0.433954
0.323641
6.50624
0.530184
0.820947
3.58526
3.93345
6.8518
3.04503
2.17802
0.437165
0.21897
2.93473
2.57164
8.09481
0.692422
3.6647
6.78111
36.4364
1.6647
2.56584
0.0707815
0.175571
0.331774
0.300169
2.75094
1.31943
0.220658
2.69383
1.0681
2.30633
0.172022
2.95783
2.89849
2.90594
4.90663
2.8856
2.47783
0.214424
2.59562
1.50952
0.333701
2.55607
3.36767
1.89849
1.38012
0.229594
0.300127
2.85186
0.236355
1.3517
2.67624
3.08623
2.47227
0.272267
1.91287
0.281118
0.250679
1.46634
1.53529
0.162586
5.5252
0.236223
0.772992
9.1038
4.08103
5.70003
0.452372
0.29169
3.26755
0.1762
4.81626
0.784258
1.59196
0.58031
0.146553
3.01117
7.19817
0.302466
2.03447
1.25116
0.124861
2.48483
0.150501
1.25723
1.94554
0.259733
1.46081
2.33529
0.597735
1.28938
0.118638
1.05975
4.6524
3.9769
14.3049
2.55249
0.227334
8.13399
13.5488
1.42151
4.51269
0.238517
6.64298
2.94829
2.68809
16.2424
0.74808
2.30972
0.758596
0.289185
2.63169
2.9992
9.95102
2.53929
3.24681
2.7348
0.213408
7.0719
1.25002
0.273612
0.0944645
7.61372
1.42512
0.260187
5.69887
1.21876
2.88421
14.5164
1.20909
3.17797
3.62161
3.26732
2.19186
8.30721
1.36966
2.61535
1.19983
6.27117
0.341722
2.91502
1.59449
0.666513
3.12589
0.167371
2.3626
0.201299
3.03495
0.411086
2.81192
3.10052
2.93218
10.6265
1.0225
0.603352
0.411085
2.49819
6.83983
0.221088
0.514721
6.41036
1.27331
0.236624
1.99229
0.218759
0.470226
0.152743
0.223091
1.19785
0.303727
2.84854
0.293779
0.330256
2.83304
0.270886
0.773682
10.1057
0.217017
2.65988
0.238144
2.64576
1.93201
0.646042
0.2403
2.36225
0.174707
0.300381
1.62077
0.656504
2.48839
0.652277
9.54055
4.70068
1.22394
1.58969
1.37031
2.94344
6.94871
3.51986
3.5704
1.21022
1.23345
3.51868
3.10272
2.88432
5.40632
11.2692
3.4705
5.94672
0.813507
0.273061
2.99536
9.78803
2.95178
1.31186
42.0716
0.347029
2.59296
5.11065
2.87007
12.7658
0.205435
0.131823
2.85217
5.72319
0.288307
0.23207
1.28929
2.87978
14.7918
2.17597
15.9087
0.314082
0.534048
1.44303
1.91173
0.337537
1.61118
0.113273
0.262269
8.26313
2.53603
0.110103
0.215005
0.271912
0.227826
1.8197
0.274082
1.95114
0.260681
8.00097
0.32373
2.70005
0.278941
2.87058
1.05909
0.51828
6.11251
0.740224
4.69547
3.05323
0.269337
2.40122
1.36041
1.16002
1.21332
2.8774
0.217614
1.45582
0.159521
14.2055
2.78656
2.92555
2.768
0.199084
2.33037
0.170376
3.02839
1.80843
10.1906
7.42659
0.302381
2.08471
1.35878
0.290292
3.67999
0.349112
2.2696
0.235906
52.6849
0.250957
2.64304
2.70296
5.63814
0.306251
1.52895
0.582491
0.304729
9.54327
1.25655
6.80257
15.1121
1.72432
6.20708
11.0893
0.0257618
0.27266
0.415203
0.164996
16.2242
0.114705
2.47105
0.170723
0.873132
1.50959
2.53708
2.97693
0.33086
3.253
2.88182
0.335872
2.72482
0.237391
0.635862
0.996986
0.325208
1.72212
0.320588
11.7188
2.9112
2.51157
2.75342
3.73438
2.86645
0.256661
0.595947
0.920793
2.66743
9.45393
8.06321
0.19178
0.208245
1.12712
3.96227
1.09381
0.181451
0.246695
0.200974
2.62222
6.08797
3.2622
2.71593
1.83972
1.34953
0.87463
3.49081
0.31542
2.46579
0.263963
9.08866
0.251114
2.59723
0.281238
16.0738
0.204834
11.5615
0.249784
1.75857
2.46774
2.1742
2.90085
0.949558
0.199377
0.325193
2.58086
2.64022
4.37396
0.283126
0.13734
2.14992
2.51344
6.26767
1.0795
2.67435
0.347861
7.60185
3.91258
5.10478
2.25839
2.85524
1.23027
0.0934375
0.142909
3.03775
1.45719
4.53858
1.11719
0.121248
5.99433
5.46325
0.260452
0.369989
2.07417
2.75895
1.09056
0.135533
3.37945
2.61626
13.5034
4.91951
0.265012
10.8377
1.93001
2.48821
0.190703
2.64257
1.91875
0.70969
0.218049
0.345296
2.94434
0.774667
0.218791
1.20362
0.217717
0.212666
1.78213
2.70448
1.4536
0.174206
0.230148
5.46118
0.619123
2.47063
0.98584
0.503068
3.68719
3.18654
0.537139
50.8703
43.6635
14.2297
6.11126
0.256963
3.12392
5.78203
0.325419
5.94649
2.29157
3.06658
2.36018
0.239766
2.96268
0.307795
2.7895
0.889784
3.63432
14.751
0.653178
1.44215
2.70174
13.7691
3.43608
0.295344
2.91272
3.69077
0.258211
2.44364
0.920531
0.175354
2.9525
2.83511
2.5401
2.31778
0.212642
2.89389
2.72149
2.84812
0.128369
0.871949
0.359626
3.7035
6.29741
0.119092
7.43369
2.67621
0.271005
4.93781
2.78565
2.77983
11.9642
2.33585
0.437764
0.311644
2.94629
1.43293
0.86231
10.6121
2.6052
0.118025
2.16149
0.309274
18.2807
0.193789
2.25894
14.09
4.02806
0.248244
0.294488
3.18379
0.208015
0.00852907
21.4655
1.20728
0.156126
3.58278
12.8607
2.81612
3.66465
0.16633
1.48171
4.69203
3.08199
10.8403
2.81116
0.161969
1.2514
2.67582
6.81052
0.327031
19.0431
0.118097
0.209556
0.877434
2.92626
0.465413
0.122859
3.17275
0.155784
0.509111
3.02078
1.88484
2.04155
5.02327
1.95644
3.05566
0.582805
1.18925
2.51502
4.30917
1.16971
1.3415
5.26911
3.4232
2.63939
2.66102
0.886917
11.1952
1.18292
0.988719
0.271347
0.253056
0.964414
4.22477
0.208979
0.537712
2.94972
0.656207
6.74706
3.14073
3.80752
0.236199
11.4295
0.337132
11.596
2.50618
2.21992
7.97535
3.46284
19.316
3.0756
0.240047
0.793568
0.351262
0.210233
0.252185
2.51366
3.04614
2.79643
1.85488
2.92746
7.96255
4.67089
1.85736
0.490685
2.75667
2.09658
4.51886
3.16728
7.21355
0.515177
14.1967
1.07868
8.78698
5.02287
1.58236
2.29087
1.19563
3.41372
0.228839
0.122056
1.40873
1.56189
12.5293
12.5592
1.3649
2.8215
2.11115
0.633718
2.23961
4.23759
0.629714
0.195434
3.04794
0.92802
0.25875
1.31898
0.420518
0.426047
0.148574
1.85732
2.60078
11.6452
1.19194
0.0910205
0.891392
2.20801
0.197738
3.21941
6.58435
0.627517
2.04605
0.980169
1.34561
5.59706
1.69053
2.49096
3.24471
0.226929
1.53542
1.39033
0.849706
2.86919
0.20244
0.165119
0.187423
6.02048
1.1047
0.244145
2.99698
0.279285
2.60256
0.150215
0.19004
0.226308
2.69356
2.81292
2.44549
4.17155
3.95298
17.3074
1.07256
0.775918
6.77895
12.8101
0.786135
0.0233839
3.09912
2.82659
2.30289
2.12208
3.2658
3.61064
6.78059
0.449001
0.253642
1.89896
0.196924
1.17574
13.3142
3.0389
0.333314
11.2457
1.29606
0.231977
3.50272
0.732833
6.47544
0.750783
0.827542
0.941877
0.308246
2.37768
1.45204
5.83825
2.94518
5.7956
0.159517
13.8237
0.665562
0.224311
2.89534
0.160886
0.217926
10.3318
1.17156
2.68614
0.770644
0.558755
0.211214
0.321375
2.08795
5.58744
1.5407
3.48565
0.26512
2.20017
2.02977
2.88162
0.222829
0.353729
0.258714
7.38889
4.06063
1.7614
2.30697
0.47887
0.116239
1.30728
6.75593
2.1192
1.44782
18.8401
2.85355
0.780588
0.123362
0.698061
2.12915
0.322304
0.189241
0.15152
0.176582
1.60099
8.46385
0.342572
2.71191
1.63468
2.86498
2.57913
0.260628
0.473165
2.52554
0.960608
16.7818
0.410195
0.207231
3.805
0.188181
2.75625
1.64254
2.96357
0.217015
1.17233
3.10175
1.01048
5.9447
1.76634
2.24548
0.126351
0.882822
0.51105
1.02623
2.86413
1.60732
13.3664
4.19992
7.28427
0.218578
1.9434
16.715
3.35895
1.09278
0.332548
2.46282
1.97644
4.25532
0.577703
0.2828
1.12286
0.238864
1.57936
0.939433
0.215215
1.54576
3.68594
6.09085
0.242636
1.01038
0.172423
1.44513
6.02194
1.68765
6.49958
16.9107
3.74297
2.97722
3.08092
13.9339
29.3149
5.73887
1.33882
2.04077
2.07854
1.83271
1.18522
2.86893
0.188887
1.43122
0.137547
2.30007
2.77331
0.210639
2.79979
2.23717
16.9875
2.16482
0.174835
6.87768
0.259032
0.988756
5.21063
10.3851
0.831182
1.2375
1.26208
0.126405
0.319733
1.69203
4.75043
0.170082
3.0422
9.83573
2.65433
6.35129
2.2981
1.76513
5.18079
7.9058
0.207995
1.4497
1.15085
0.352247
0.172689
3.00193
0.272954
0.711002
10.5654
2.73701
3.49094
1.73077
0.270437
0.339916
0.215745
0.883855
0.228835
5.81813
2.02774
2.44834
3.02499
3.72103
7.77562
2.37107
2.95902
15.3114
5.2564
5.7665
2.02527
0.111685
18.1041
0.228984
2.54615
1.27687
3.17719
0.209437
0.316587
0.186764
3.05412
2.2878
0.284165
0.117269
10.0608
0.910412
4.02394
0.320349
1.70615
0.899879
1.05662
0.209008
0.652213
0.232465
0.866314
3.22315
2.77023
0.213628
0.182175
2.29723
15.3684
8.67326
1.86638
1.18409
1.43858
0.474298
2.0889
0.805462
7.1104
1.7858
0.220606
3.84323
2.56873
1.59187
0.293875
1.91122
0.648017
14.9341
1.84793
7.19891
5.27109
6.78274
0.238589
0.322631
0.177036
0.19477
3.04169
1.64966
1.69643
0.737931
1.04238
6.75655
2.4839
0.232569
1.86953
11.0735
3.13963
1.73278
16.4391
1.31549
0.293622
7.00224
3.55712
0.26893
0.22925
1.36519
3.39122
15.7402
0.31814
1.64282
3.11501
11.8206
0.16061
4.84847
2.79782
0.210507
4.21259
4.97458
2.56497
2.87087
32.7113
7.31752
3.18356
2.4583
0.174597
0.305967
0.207358
0.695618
2.1462
4.10271
0.210569
14.9915
0.492425
2.00252
0.126009
1.55394
2.69158
2.56859
0.252297
1.53879
0.753693
0.742508
0.129725
12.2303
3.09247
0.969478
2.32779
3.38473
0.214205
8.17716
1.22299
1.24632
2.62227
1.46937
0.582005
0.198946
2.55018
0.291904
8.80241
6.86492
1.1247
2.44055
2.76828
2.35877
1.2769
6.53516
0.477782
0.328019
2.8949
14.2504
2.93662
0.280788
7.46478
1.39626
8.58829
0.251761
0.407621
0.193058
1.57187
9.16036
5.61532
1.49514
5.7427
0.861209
3.99777
0.480437
2.44564
2.00654
1.5398
5.49124
0.13061
6.26648
13.0731
0.341404
0.328319
11.2128
0.989412
1.38199
4.29202
1.02229
3.18754
6.71666
0.192405
1.25206
4.19887
1.25224
16.7491
0.31872
2.92081
0.798649
0.333714
2.91938
0.805221
2.19634
2.63043
2.84845
1.92541
3.74603
0.148238
2.71522
0.367632
1.25636
1.13285
0.692697
6.56865
2.76945
0.194523
1.90802
2.01681
4.10691
9.83212
2.70079
0.236701
5.76183
3.72425
8.27233
2.77949
3.32258
0.228289
2.04613
6.28181
1.81652
1.57648
1.87552
0.242251
1.63825
0.25502
1.99203
5.00367
2.84483
0.574654
0.193874
1.40274
0.344092
12.8944
1.19559
0.261356
0.979361
0.914377
0.318096
0.182208
9.21675
0.161198
5.07415
16.5219
3.10202
0.156257
2.49513
2.36885
7.5748
2.74132
1.24932
0.784302
0.572373
0.186151
2.94954
0.213604
0.281521
0.34632
2.47233
1.23653
2.16699
0.212844
4.65598
11.2592
0.657283
0.869228
0.174109
6.14335
4.56167
13.9077
3.60447
0.937351
0.267455
1.94059
0.251824
0.330458
0.860136
3.2604
0.257167
2.49085
1.22134
0.34256
0.291095
3.36589
20.7097
0.248722
1.21879
1.73123
4.11703
1.22102
7.00544
0.277238
3.46024
2.72606
0.599588
0.330507
0.464248
2.99154
2.92678
0.337064
2.62743
4.50943
0.188196
0.136783
3.06884
2.70547
2.94473
1.67431
0.843187
10.3927
3.36762
1.81697
6.92789
2.7732
0.211885
8.13129
11.3116
2.82352
0.682281
11.1435
6.17153
2.65606
0.25693
0.323386
6.57754
0.244462
3.21495
0.804192
1.26627
2.8364
1.61594
1.98767
2.73651
0.232018
3.3976
0.306399
0.303406
1.30079
3.46946
7.88603
7.02288
0.701762
3.39075
0.748028
3.41284
0.64462
2.8132
2.96106
3.94365
1.2805
2.34459
4.95379
2.7805
0.287806
2.53349
1.59085
12.9647
1.10103
2.70357
51.8232
0.208152
7.66329
3.32083
7.07373
24.7714
7.004
0.424005
0.276825
4.49108
0.981711
18.5724
0.179079
4.46264
0.0780233
0.183429
0.782009
1.64745
0.602739
1.02017
0.154014
1.85464
0.269186
0.258973
2.3663
0.604227
1.53917
2.71825
0.196494
0.25111
0.265367
5.04978
7.88265
1.70635
0.319152
3.18231
9.65803
0.325749
6.47712
4.59132
1.04271
0.490347
15.1023
16.9338
2.23831
3.11789
5.88753
0.330022
9.20229
3.09944
2.66667
7.9351
2.84342
2.5878
4.92371
0.223881
5.96233
0.459135
2.00144
9.44376
0.224321
0.222427
6.94147
5.59687
3.7683
0.2176
5.07159
11.774
3.23771
0.259289
0.215881
2.78795
24.2683
1.75101
6.56039
0.688464
0.2261
2.30436
5.99977
3.93299
4.3618
1.32268
1.42087
2.29672
1.0814
5.51703
5.84723
3.13667
0.191009
0.231245
2.84392
3.61107
2.67358
1.02987
2.78022
6.81845
0.230637
0.268623
2.54239
2.73889
0.177822
0.216666
0.782799
1.33757
2.41329
0.49623
0.181752
2.46116
17.7581
3.29318
0.338436
2.8639
5.26707
0.220682
0.121369
3.06283
2.84014
0.496224
21.716
5.287
4.92672
0.640918
3.9537
1.6251
1.71318
0.280712
0.258696
1.53782
6.27474
0.170648
0.719248
10.6639
0.188783
2.68739
1.07139
1.34866
1.56385
0.213697
2.86676
0.542618
10.7366
1.29312
1.2429
8.56662
4.93477
10.1238
0.174956
4.37615
2.63725
0.0351751
2.22225
2.49519
5.93506
0.299314
0.232488
0.185142
3.67289
2.80605
0.766776
0.257492
4.72973
1.95304
0.447952
1.31714
4.77374
1.2921
0.20318
0.373775
9.93431
7.35461
2.7756
8.73535
0.744504
0.542936
0.262496
0.669654
6.72114
1.1948
1.99395
0.257345
1.04446
11.1134
0.200693
0.214323
9.4019
0.162037
7.08204
0.171141
0.190629
0.226962
34.5256
48.4493
2.07974
1.26437
17.5948
2.33714
0.817084
7.86627
1.77519
3.13247
5.32034
0.327627
0.179831
1.25204
4.02212
17.8046
1.31009
0.869462
2.5996
15.772
3.29875
1.40923
1.16824
0.200846
3.6932
2.90271
8.35902
2.71249
32.3488
3.1617
2.09752
2.81484
3.2814
1.43353
17.129
0.235257
1.92389
1.02853
8.59807
0.237014
26.7569
1.53405
0.488967
17.2771
8.52051
0.233539
0.969102
2.30873
0.107965
0.183031
9.68762
6.48287
0.135971
2.72138
21.0155
9.2409
2.81884
0.236299
0.183596
0.20085
2.00697
0.279105
7.79835
0.203147
1.32796
0.379642
0.187141
1.35948
2.00614
3.13452
0.682012
0.239728
2.60226
1.85836
0.214036
6.36128
1.91174
7.03321
8.12311
0.217441
0.397784
0.2108
2.38671
2.47446
2.98543
7.68069
1.72158
0.588459
0.144979
0.202753
1.67989
3.03073
43.7383
1.48323
26.496
1.66629
1.19392
0.964377
0.122702
1.82206
6.63257
1.26095
0.937759
1.23826
0.00456212
2.9056
0.217506
0.213196
38.1305
5.66032
2.11888
0.272174
2.19124
1.54556
7.51513
0.15291
0.200061
3.51009
10.002
0.125318
0.83199
0.664998
3.96441
17.572
0.192631
2.47256
8.06197
1.13214
14.6462
1.63812
6.66013
7.6663
0.270749
0.327902
1.85181
15.9173
0.160446
13.8262
8.19259
0.201804
11.2816
0.325939
0.386939
4.81526
0.127536
11.876
0.284545
12.0225
1.85026
21.2998
6.05448
2.6072
0.178371
0.208608
0.262823
0.140443
0.558878
11.9563
0.305368
1.28088
2.82267
9.55173
0.955163
0.199032
2.781
0.193238
0.15344
0.118322
2.6494
1.31864
1.59635
18.0219
8.78044
9.17186
0.624175
9.19721
2.68117
5.38155
7.72498
1.34957
7.74553
42.9638
2.42571
7.12379
2.11442
2.98267
0.0475675
0.218114
5.8204
0.219537
5.92725
1.99435
2.10317
3.33281
2.47261
17.1589
0.210736
5.39076
1.77854
0.237944
0.482326
1.6716
0.6448
0.274843
0.115761
0.230664
0.215145
0.444436
2.71952
2.9765
2.8139
2.32187
2.14722
0.228572
1.57899
3.66442
1.99414
16.2122
2.5454
2.2882
0.424817
0.141741
10.8841
2.68925
0.715879
12.8854
3.1449
0.978218
0.366219
0.597739
1.49774
6.87135
2.78319
0.221508
3.15329
3.53658
2.91887
0.726865
4.26997
0.207369
2.21477
5.14512
1.05976
1.46032
17.9609
3.23339
12.6188
0.169576
0.193217
0.1461
3.82311
1.18261
6.0177
2.28865
4.26555
1.60949
2.64817
0.99645
0.117545
2.65581
1.28157
12.135
1.29653
7.70663
2.21117
4.46428
0.33726
0.851022
0.883514
0.326087
0.613414
8.3049
1.11974
1.38243
0.244996
1.0665
2.85248
0.678545
2.85305
0.176427
0.32082
3.25021
0.197266
0.213693
17.7215
1.74182
1.48291
1.83843
2.56227
14.6411
15.6047
3.06157
1.28814
5.16572
0.18495
2.04246
0.214601
0.233283
7.46935
9.56227
3.12904
0.54538
50.4114
1.04708
11.9511
1.32654
0.69115
3.0523
2.03849
1.53695
1.94094
5.5285
0.600439
22.7335
2.64013
2.2806
0.265457
3.51182
0.21518
2.76969
0.423476
2.58063
2.7623
3.23966
0.276406
1.10717
0.238283
0.221064
4.59124
7.09291
1.69121
19.992
2.86216
0.458274
2.82919
0.630705
2.71282
0.404228
0.465148
2.62527
2.19413
3.11317
6.98179
0.536295
9.96553
3.07861
0.258408
1.39509
0.465807
0.215517
7.03254
2.73691
0.248609
7.00329
2.36598
2.07217
4.11396
1.46452
4.90949
1.6763
0.253062
1.2684
3.36777
1.22252
3.32617
3.23934
1.92782
8.55689
3.3142
2.39644
0.172865
14.298
5.58933
0.272258
1.71521
1.40917
1.29637
14.7349
40.0287
2.01163
3.29372
2.92822
0.86045
6.73483
2.18767
9.07768
3.7793
0.145267
6.14212
5.26061
7.88628
1.2979
7.1435
2.70408
2.06165
9.35483
2.83086
14.4505
8.30875
7.98506
3.31279
0.898413
7.31704
4.65863
1.27781
2.93495
0.400524
8.94385
9.66432
9.24896
2.45772
2.47279
1.65384
0.154414
2.49225
1.38424
3.77116
0.259861
3.09172
7.97342
1.63791
2.53588
0.20951
3.26609
9.21061
0.234059
7.85443
0.398111
2.53942
6.32127
7.80046
2.23749
3.11063
1.19461
7.74775
3.41427
0.203012
1.23784
0.259145
0.137789
1.04671
0.74192
5.74312
0.158884
41.4648
2.82394
0.478965
9.44984
2.89771
0.748556
0.261346
26.5471
1.15816
6.59576
0.944268
3.63585
5.13074
3.25915
2.85902
3.52409
17.809
5.47984
3.35071
8.77459
4.03159
11.4272
1.36279
0.295065
0.292751
6.82764
1.00709
2.12786
0.749705
1.78259
0.147868
0.118231
0.158288
1.12859
2.25231
2.72496
4.59622
1.23404
0.325908
5.63913
4.65186
3.30203
14.9933
0.305233
13.4498
2.6811
0.328475
0.142385
0.172028
0.17089
3.65043
14.0411
0.130399
3.63395
1.1607
6.15585
0.193134
1.08694
2.21609
7.48653
17.1432
1.95319
1.53493
2.38451
2.15814
6.51062
0.910197
6.16021
0.100511
3.31074
5.79565
11.3944
0.578082
0.500773
0.159638
6.94773
20.2788
1.42454
1.51343
1.40574
2.97811
17.6054
0.271031
6.19286
0.228484
29.6255
0.353218
1.40457
46.2641
2.88776
0.19636
2.94049
0.968266
2.13752
0.447129
23.7472
1.54736
5.28891
1.40799
0.158577
6.79048
0.708281
2.08425
35.419
0.22352
2.71773
22.9325
3.42582
5.85755
0.219787
5.70058
1.94307
1.0383
8.50381
1.2108
5.69526
4.03616
5.54861
1.557
0.251266
7.34962
5.63946
7.5011
5.59568
2.77043
0.219469
0.618414
0.197657
1.48966
8.13343
11.4027
1.39052
0.652073
5.75508
2.95925
0.177403
4.69731
2.02126
0.307472
4.86188
5.49596
6.97353
2.77363
3.2485
10.3798
2.64681
0.206189
1.66646
2.61375
2.97252
0.232006
3.54208
0.200522
18.9455
2.99852
41.0639
3.59106
0.153529
4.98683
3.04218
3.08849
2.8245
0.377691
1.16328
0.243873
0.298509
0.136856
4.37576
4.76165
2.16759
2.46121
11.4851
0.266766
2.0834
3.80893
18.4291
6.99334
13.2057
0.749802
0.140476
0.1659
0.624835
19.4289
2.84037
7.24935
2.76994
10.6697
4.0035
0.216881
2.45424
2.56611
16.9704
4.09823
13.1677
2.22621
1.6096
3.40061
0.509515
2.90787
1.21515
3.10156
0.37388
2.40549
2.00164
2.17918
0.288805
7.71918
6.37415
16.0935
1.09304
0.259907
0.242988
6.80497
42.1475
1.25843
0.272411
0.84156
2.61022
2.4001
0.217456
0.149336
14.9675
3.27155
0.18183
0.194179
1.04773
12.2798
14.2755
0.26518
2.96442
13.825
1.19431
1.14951
3.59185
0.517024
13.3173
2.8455
11.4885
1.70679
0.230868
0.269888
0.503015
3.59926
2.11051
4.10003
5.28228
3.21281
8.44233
3.70483
1.66518
11.3064
1.41647
1.46011
0.125238
0.238627
0.91811
0.776016
2.68208
0.96523
3.81063
1.79732
16.8427
0.218681
0.219128
2.73388
8.10931
18.0777
2.74063
14.0731
2.93387
0.122154
11.4015
0.511386
2.66814
15.5133
0.185894
3.81384
1.22534
0.631295
4.22186
3.2535
0.263332
2.40356
3.25121
12.6351
31.3883
3.22645
1.04413
0.103912
3.51837
7.14536
0.196547
3.62933
3.09106
3.68084
1.17447
0.571406
5.67657
6.09515
5.00017
6.73488
4.90127
3.38577
1.14957
18.7574
0.660302
4.62882
0.111057
3.73401
2.508
2.23016
9.32215
2.92876
0.261117
0.24961
0.276039
0.15066
2.52183
4.78845
0.248644
1.93307
5.47831
0.21073
2.38561
0.164183
2.38595
4.4715
7.03003
0.217293
4.98854
14.6747
0.233175
0.157996
3.79392
0.17986
8.78402
0.765883
31.502
0.190202
2.29401
5.49453
1.84534
8.45087
0.295203
3.67055
0.225508
2.75489
2.92299
3.72286
2.83266
2.64976
10.6489
0.145396
0.452068
3.05275
14.4157
7.52745
1.75709
5.73612
0.165722
0.352519
0.220053
2.49899
2.87196
7.35462
4.51685
4.90219
4.38241
2.39854
2.61128
9.92227
0.265401
2.5452
3.82981
5.77372
14.7462
0.54224
1.9818
0.232915
1.46843
0.236166
0.900141
2.8355
3.33682
1.13593
3.13462
16.0346
4.3648
0.335564
2.65861
0.576944
1.27003
3.86084
2.61026
3.23141
2.78063
0.514935
1.00537
1.22865
3.75819
9.17561
0.159467
0.158798
33.7467
1.18202
0.212919
1.46578
2.05105
0.222565
1.07619
8.69407
11.7177
14.6796
1.24262
2.6141
2.51936
0.175499
1.17037
4.69411
0.841294
8.07892
3.32965
0.240521
1.03886
0.479712
0.289325
0.952792
1.23279
1.39849
1.7944
1.15956
0.473504
1.00957
0.179278
11.9396
7.90127
0.279766
7.84486
2.26918
4.48988
1.16659
1.19984
9.29626
1.27602
2.50001
0.214001
0.265312
1.40853
2.26349
0.134459
13.975
0.270917
9.36138
4.63948
0.532007
1.0666
2.94635
0.282732
19.1193
1.7823
6.8315
4.48965
2.22681
0.556417
15.2924
6.01904
0.122566
6.27026
24.1048
35.5704
0.220043
1.98053
2.93943
0.231586
2.60877
5.73553
7.83457
0.275691
0.304493
0.991024
0.233356
1.82942
0.782499
1.17153
0.148179
0.122619
6.66563
1.02151
8.66198
3.77559
0.530499
0.185532
1.98663
0.358169
0.095324
3.10003
14.9811
0.704694
2.82072
0.535819
0.243468
1.93714
2.82099
1.16089
1.02362
1.57994
0.524377
3.02955
8.37585
0.949107
0.00719566
0.269152
3.01056
2.77167
0.1513
8.72065
6.11307
11.6604
1.09891
3.25406
46.653
8.76469
2.97687
8.48827
1.06648
3.78462
9.4754
1.26164
2.09603
5.3075
2.18766
0.173393
0.2526
1.43781
18.1338
3.08628
1.72406
2.60888
3.61649
0.228477
1.2063
1.70363
0.221954
0.199563
29.048
20.9656
14.8948
5.31311
3.45201
1.2077
0.26121
1.47913
1.9282
0.149713
2.69372
0.179732
1.14661
2.24777
1.35005
0.460546
4.84108
1.50315
1.80508
8.99574
1.72148
3.07687
0.338478
7.05571
7.40641
0.232182
2.80901
0.553017
5.32916
6.12522
0.571179
4.05855
8.15133
11.2113
8.26905
1.24162
1.58338
0.995647
2.24385
2.69579
18.7577
1.40193
5.15457
1.40491
0.406298
8.01505
3.44544
15.0073
0.0829976
1.85462
0.194954
0.262796
0.472501
1.48965
2.81321
15.1278
0.865956
1.68089
1.43943
1.07513
0.987553
8.32129
0.172036
2.56035
2.48729
0.989076
0.158153
6.72991
0.673344
3.67295
6.66927
9.51581
1.20812
13.5708
0.887067
2.03755
0.189572
0.504883
7.06779
2.95417
0.245726
0.137912
14.3665
1.23818
4.89342
3.2763
1.87534
4.87617
9.83097
18.0383
2.40169
1.00592
14.1351
1.02177
0.795413
0.148995
4.21006
2.08328
8.84176
1.62928
8.53218
6.70514
0.21112
43.1839
1.14365
2.20373
2.55786
2.38153
8.58645
1.14636
0.234097
16.1188
0.975477
9.56541
3.12014
12.435
5.78011
1.70968
1.04717
2.496
2.26293
0.737714
50.6797
2.92276
2.58685
0.506248
3.05223
1.36479
2.72463
7.74098
3.18868
0.941414
2.02472
12.3656
6.39697
0.240461
0.302482
0.146465
0.266863
2.75944
7.18395
2.42815
1.35208
5.37513
2.58957
0.753188
2.68882
2.01748
4.53463
0.634622
0.201913
4.46848
8.35481
12.8556
1.09802
2.58379
14.7351
11.2672
0.19687
2.63754
15.6778
1.54258
3.40797
0.212089
19.3557
2.35334
0.27001
0.206945
0.365251
7.26015
0.224422
0.221358
6.04077
4.50496
3.09822
1.5171
2.59996
1.09618
1.80828
2.59268
2.51818
1.26648
2.77138
0.145316
1.59187
0.826178
47.0011
9.61287
3.65743
5.18645e-05
0.158891
1.59999
0.108828
0.127563
14.7055
0.14025
3.03202
4.54495
1.90519
3.08767
0.265171
1.12705
4.03206
0.26368
1.87761
0.225044
1.86331
0.243077
1.39352
0.000926267
2.54312
16.5214
0.748894
2.66807
3.73062
4.09729
4.52759
0.471191
2.55035
3.15773
0.475263
1.91947
2.40223
2.59535
1.93671
2.53729
0.300848
7.89834
6.38189
0.273302
0.250463
12.1771
0.739105
1.55862
2.4625
7.90941
1.40274
5.24589
1.61499
0.224032
9.72118
1.57805
7.12328
2.41611
3.55851
8.85797
3.18185
0.331008
15.1316
0.247954
2.21859
5.0857
11.6126
7.02538
1.63317
3.53792
4.69569
2.94666
0.330744
0.347469
3.45317
0.38027
0.0815638
14.9816
0.114738
0.280923
7.64012
7.46834
3.4725
0.632848
0.851337
2.17674
2.91577
0.233505
2.41675
3.20343
10.0265
0.150814
1.95116
1.07123
0.109683
0.255912
0.146109
2.3024
0.23771
0.661525
51.3879
1.30791
1.17689
6.92644
13.3065
8.72912
1.42002
0.194842
15.3765
0.232873
1.11792
3.35203
0.469144
12.1463
7.99947
3.49153
0.396968
8.73119
4.34812
1.44779
2.08244
1.08167
9.34569
3.84778
0.941377
0.0869846
1.93791
0.692668
0.33988
0.26514
3.30307
3.32872
2.6225
0.145792
3.52575
1.76559
0.150787
3.43509
4.43961
9.00609
2.33273
0.176063
0.543499
2.51258
28.0093
1.84247
3.38778
1.06439
14.5861
1.54392
4.6736
1.07208
3.27961
15.2481
3.28701
0.217209
3.07308
9.14486
0.204555
12.2399
8.48397
2.52015
6.07203
9.03226
2.04906
2.19509
33.1047
1.75247
0.14843
3.28609
0.112818
1.41036
1.87068
5.33027
2.7229
0.341413
0.310016
3.27859
2.31901
2.93031
7.55312
17.936
3.17883
10.6603
6.60392
0.210621
0.19087
4.24316
2.21142
3.19177
1.02896
6.92436
9.02711
2.36133
7.77979
2.52361
0.274705
16.2525
2.6714
1.42378
2.85753
1.87816
1.74518
3.56997
1.5326
10.167
1.27181
1.73842
0.339519
2.55222
0.225487
0.410146
10.3281
8.27828
17.2792
2.80175
0.277334
0.197512
2.68423
6.2827
18.5268
16.2796
0.289306
1.34225
1.9596
2.64945
5.87456
15.1565
3.7151
4.69396
1.04573
4.00066
5.62956
2.41011
14.2153
2.78666
3.16431
1.34959
0.0114242
2.37955
0.217991
1.55506
2.77114
2.71948
2.38488
1.54524
1.19568
0.273259
2.80386
2.2349
3.50034
3.57825
2.93814
2.00362
6.94941
1.72184
1.2791
2.39679
1.93302
3.90615
3.86775
2.48931
0.243101
0.950796
0.922658
2.56254
0.143519
4.89182
3.2058
0.212379
5.94946
0.182175
5.73554
5.94751
18.126
0.681348
3.34051
0.0939814
0.23566
0.336611
0.16035
0.253425
1.14028
1.40694
2.45576
0.584639
0.186014
1.65394
4.58067
1.80401
4.69104
1.95649
2.68295
7.591
2.31174
9.92714
0.226511
2.74377
2.16283
0.387378
7.28558
0.221138
9.61688
1.93285
6.15251
2.83921
0.196802
0.2922
1.70296
0.17695
3.43366
3.17648
0.931002
0.623426
1.63301
3.946
2.75845
1.99766
10.5648
1.43337
2.05363
0.292414
5.62375
17.8848
5.52778
0.483636
3.63544
1.09316
1.54615
5.77095
3.40217
2.32165
0.384001
17.8483
4.27053
0.234421
2.44962
1.70902
9.90979
0.142486
1.6589
8.09304
2.52363
2.11121
0.225907
0.315978
15.0227
10.2642
1.21422
0.565362
1.08758
1.3324
2.31337
1.45723
2.65453
0.133291
0.147638
15.4274
9.07542
1.65326
8.6069
0.211422
15.6863
19.5145
0.18594
1.2446
0.322152
0.95161
11.4242
1.80351
3.01639
2.23017
3.39581
3.05145
2.00162
2.33473
0.242518
1.84446
3.84312
1.46286
5.35092
1.59686
3.61934
2.46595
2.7433
0.826792
1.34568
12.3451
3.97711
1.97418
1.67376
1.71635
0.17078
8.39797
0.117785
0.290382
2.11274
3.0692
11.2142
1.55831
24.2232
0.222184
2.77407
2.045
0.284525
8.93585
10.206
0.194003
11.2524
1.5178
0.211123
20.3285
12.5287
12.6944
0.257288
15.8961
1.63635
0.166462
8.73863
10.3554
6.49198
2.30825
3.36242
0.304131
2.60583
0.210267
11.639
0.161516
1.61142
15.2787
51.3355
1.65444
3.74636
0.287829
1.5656
7.15972
7.93143
0.30147
0.320817
0.169846
4.42428
3.02799
3.55813
1.24217
0.195499
0.261697
5.38369
1.52532
2.82541
2.16549
0.247044
0.64045
9.72344
10.9694
13.2752
12.2708
0.246079
1.94748
0.247841
12.3866
7.39722
2.62105
25.1072
1.01491
1.6715
14.8158
1.92448
3.04624
0.119166
0.229595
1.90447
0.873166
0.186857
2.89471
7.02435
2.34021
13.8719
16.6362
0.235635
0.208791
3.34091
0.222698
14.1235
3.74839
1.14543
0.43414
8.17113
0.138166
0.286941
0.0636634
14.7512
1.18849
4.8838
19.2686
0.22706
9.32259
1.40522
4.83942
2.92648
2.65222
7.82157
0.159565
2.96534
1.51923
1.7199
45.9401
2.4354
4.60292
1.21239
2.20151
1.11596
7.59443
0.23558
0.201199
5.20686
0.150415
15.5401
0.135199
4.85516
13.0179
14.691
3.59622
3.21961
4.22185
8.84516
0.31454
0.205953
4.66656
13.7295
3.66642
0.123036
3.75588
0.217778
8.46488
8.3851
18.4714
1.35768
7.24082
40.8746
3.10178
19.5539
0.460678
6.82067
1.72356
2.48559
8.26938
0.0669663
2.6638
1.69877
5.24995
1.74565
1.06781
1.4194
6.26503
11.1272
5.02795
0.267168
0.434411
0.621226
5.86791
5.3472
0.668387
0.154516
9.80307
4.72891
18.4433
3.46438
2.20544
1.69127
10.531
8.18196
6.03177
1.15907
0.210881
1.60819
2.97278
2.1715
0.546785
0.186272
3.25425
6.231
13.1889
0.234711
0.152802
1.43052
19.4408
3.76638
10.3253
1.65802
0.249653
2.37605
1.02847
2.81529
1.53859
12.67
1.84634
0.129669
5.3357
2.64941
5.34334
3.35845
4.29715
2.05213
0.612751
4.64967
0.304978
2.84852
1.68722
8.47432
2.98842
10.9427
11.8584
4.65905
3.24868
3.48188
32.1067
1.2716
7.01615
2.78286
0.270272
2.60853
1.51771
5.62901
0.314454
1.21129
0.17118
2.89765
0.263711
1.78757
2.20962
10.3275
1.89975
13.1363
0.240277
3.24401
0.518697
15.6215
0.152315
1.90733
2.08401
0.316804
40.0574
0.148896
0.452866
0.828203
6.4837
8.47362
23.2334
0.679556
5.00969
0.190181
48.8634
1.47308
47.7781
8.97326
3.00426
0.129319
1.18436
0.313918
8.04317
7.02623
3.27344
2.80204
12.3575
5.7245
1.26692
0.0770704
1.69668
0.257182
3.09961
1.99728
0.208954
2.93985
2.27045
10.4164
2.60286
1.72276
5.82082
3.22689
0.923761
14.2769
1.57416
0.0659533
0.154779
0.315404
1.17844
1.81598
0.574821
8.94639
1.58552
1.87811
3.08126
2.6948
0.166019
1.12949
3.03631
2.71375
8.82518
15.2414
3.33891
19.2696
2.78702
15.0469
11.1466
10.3746
3.89671
1.18457
0.62004
2.00141
5.28255
0.249677
1.12171
1.14225
0.287565
5.66995
1.24659
16.806
3.4155
1.70557
3.4318
1.17366
0.209378
15.7193
0.666206
3.62507
8.05383
4.99865
1.07704
0.199712
2.39968
45.5284
2.19309
0.0826543
1.95761
0.236259
0.225783
11.1388
0.239344
5.381
3.21006
1.24129
1.25314
1.71277
2.94068
0.184161
7.32482
2.38142
0.511241
0.201702
0.208419
6.14124
4.99036
2.27181
3.22638
9.88976
0.163343
3.40278
1.45628
2.91205
6.80625
2.83651
2.90733
3.03731
0.768198
0.323645
1.162
3.39156
1.3459
1.84662
1.3089
0.733115
2.6046
1.21167
0.117473
2.12229
0.237242
1.06298
47.913
0.0837187
0.212138
14.5189
1.20271
7.75688
0.222099
18.5387
0.243658
17.5052
13.1132
12.4421
0.959055
4.5298
0.769385
20.6159
4.42638
0.255494
0.349191
0.796251
3.07609
2.66113
6.93857
3.78258
1.41483
29.7377
0.313356
2.60855
2.05527
1.34358
2.64339
2.22758
6.75444
6.26092
8.16705
0.903688
3.98631
2.63145
8.63644
1.90408
0.677089
0.215893
1.46383
0.497369
5.72556
28.1428
2.19301
5.8831
0.189097
14.9748
1.04461
9.117
1.44015
0.169652
7.21532
10.103
2.42136
0.306351
0.181328
5.5809
1.85176
0.128036
13.8046
1.86968
0.796205
3.26492
2.6531
1.70253
7.6334
7.73558
1.63485
0.155957
2.10296
3.72097
4.28788
4.99533
1.47668
0.988516
1.66275
0.267079
7.82697
1.692
2.51081
2.11589
0.90906
5.70934
2.90706
18.4314
3.1842
12.1544
0.325674
8.28771
0.26184
2.19953
0.912639
9.35746
1.98435
47.7568
5.00098
44.6099
0.125029
15.0296
1.65162
0.151154
1.86261
8.87297
6.01348
0.31341
6.60145
8.36454
7.78976
1.87045
0.177297
3.50843
3.20349
15.5645
3.09098
1.51464
5.48834
8.54681
10.0584
3.20558
2.319
13.9411
5.68981
1.53641
0.211123
6.74359
0.818227
0.290856
6.75345
13.6079
14.1166
0.137897
0.453216
2.21789
1.21696
2.05694
1.67511
4.14524
8.33172
23.7232
24.3376
0.996729
2.70352
2.46805
3.2601
36.4967
2.87456
15.2079
0.230198
2.70309
14.9732
0.279077
1.52435
6.67755
0.453552
3.21366
0.229846
0.194258
18.1538
0.379245
3.69159
0.0882765
0.139988
8.25192
5.17142
24.498
15.475
51.8445
3.58477
2.32727
5.34955
3.28695
2.64749
1.94583
0.510085
16.8009
3.56176
14.2455
2.05698
12.8616
3.23893
1.28521
15.7276
0.151672
8.16379
10.0015
8.68197
2.32014
1.03283
2.16437
2.57572
1.0291
3.89351
3.10526
26.9364
1.62889
2.3828
0.201273
2.2442
7.48431
6.74527
0.162831
0.946188
2.24719
2.77971
1.12996
0.206231
0.2132
1.6249
7.81926
0.285546
1.70433
0.158258
35.4078
33.4608
7.99621
1.13234
0.947517
0.646493
0.152263
15.7098
1.03344
0.192501
13.1363
3.77839
0.2857
2.80981
1.48987
0.197758
2.38089
6.63374
1.58558
14.7713
1.17899
15.6587
0.153606
2.47212
3.17364
1.01736
4.83925
0.788588
2.41796
5.21088
14.982
0.195793
1.12289
1.829
0.195649
1.94832
2.26074
5.81756
14.8061
0.184415
0.199224
2.644
1.33803
0.802718
3.60818
0.140923
14.4808
2.68264
4.01646
6.71513
0.131258
7.76411
0.133696
2.72667
0.241659
5.46251
3.50172
13.44
2.73784
1.7425
0.268349
3.11664
0.212075
4.52569
8.97742
0.346727
0.156206
15.5985
2.90884
0.229068
2.14936
0.864453
2.91356
1.27494
0.205106
3.9425
3.21534
0.142516
1.34545
0.241869
0.145368
0.110706
3.07044
0.175867
0.149934
3.72801
0.155162
15.5443
1.66499
1.67917
18.1824
0.275384
1.85143
28.5329
2.35182
2.57052
0.354476
0.255978
10.243
0.21348
1.79254
0.640127
15.09
0.131186
1.27293
1.04938
1.1362
3.55164
9.26663
8.19469
4.69179
0.714064
2.54869
2.60082
0.30771
5.08188
3.92264
1.79849
0.981819
16.9354
1.58182
2.38019
14.9501
1.31246
15.165
2.79293
1.37691
2.42826
2.2378
0.174239
0.941439
14.8091
0.0989572
1.55713
1.1502
19.0558
0.201084
1.2928
1.63627
3.26221
0.520754
0.149556
3.13972
6.0344
5.53563
2.35314
3.7393
26.4015
11.6434
18.0428
6.30077
0.212061
0.150124
4.21449
1.8797
7.18232
2.33398
0.872756
0.564732
0.238653
0.308955
18.6433
1.01892
1.8589
3.30096
6.9865
0.446542
3.09121
0.165992
3.13901
10.3694
0.0772936
0.203016
0.214744
18.5289
0.207988
16.2306
5.25541
1.02082
0.226671
0.707175
4.0933
5.61905
0.73417
1.67583
2.16476
0.332239
0.26295
0.202603
2.8498
15.3331
7.84298
4.85644
0.211571
2.0762
31.6073
1.79821
13.7315
1.84319
2.64235
0.227032
3.43246
5.73865
0.265774
2.57307
2.03639
0.216057
1.68796
3.66181
0.453259
0.87185
2.24906
0.191548
5.90583
28.5871
0.1978
15.9099
7.73168
7.52545
3.29911
0.611076
3.79759
22.4907
0.131161
2.55766
0.453913
4.86991
9.46312
26.5497
1.22295
4.86448
12.6788
0.206959
0.0505429
1.27688
0.636871
5.49168
0.242802
1.66802
0.223171
2.60243
2.70581
30.1074
2.51735
2.135
3.82603
0.148211
0.953834
7.87251
8.73803
2.81323
5.56176
12.6463
0.512108
3.03413
14.188
0.196099
0.154457
0.186668
0.259391
3.14642
3.45691
0.189489
1.74798
2.03768
0.196511
1.47347
3.74062
0.582901
1.65067
1.31562
5.84334
5.69846
0.191012
0.952188
3.44283
5.30495
0.453373
0.24744
9.25229
11.886
2.27432
2.13217
1.72343
2.31004
4.9073
38.9808
1.07804
0.487413
0.607164
2.91807
1.0437
15.0091
0.295227
0.197232
1.2973
2.09236
15.3169
6.36614
7.6288
9.17547
2.92156
0.223135
15.2107
3.99012
15.3774
6.3333
2.23417
0.125389
17.2364
13.3638
6.86872
3.65783
0.682753
0.144514
0.605815
0.274145
0.0398075
3.71013
17.6238
0.487509
0.20534
2.31332
0.729486
1.78921
2.26067
4.38078
12.3763
1.90938
0.000337433
0.181548
2.14727
0.831917
8.98531
0.175329
0.224143
0.263872
0.196716
1.04138
0.615144
5.90623
3.15695
0.235674
3.08075
1.04916
15.101
0.349205
1.1474
1.81021
1.04819
13.3278
0.603077
1.56589
0.204111
2.32354
2.07595
2.29088
0.30546
0.147932
0.182282
0.00325702
16.5465
0.215893
2.99782
9.13424
6.86673
0.345825
2.61607
7.41149
0.175863
1.4321
3.67326
1.93905
8.07012
17.0576
0.112481
15.4202
5.68675
0.823824
2.3083
2.59905
6.77322
6.51798
2.28097
0.278099
0.149872
0.243243
4.05747
0.152896
1.96021
1.65213
2.99972
5.10717
7.40881
11.5955
0.993952
1.83303
0.906361
0.191842
17.2631
1.2017
2.07943
1.51453
0.442142
1.96724
2.89928
18.7898
13.5535
5.19075
4.49999
5.06488
3.96226
9.00279
1.83623
0.239689
4.81468
8.21798
0.205893
0.220566
3.87411
12.5072
2.09263
29.6356
1.0854
0.207853
0.5275
0.192485
0.186764
2.58646
1.62124
0.30416
8.41802
8.62053
1.2536
31.783
1.00438
1.6559
3.97875
0.24195
3.00013
5.78655
0.238914
6.29378
18.2699
1.15876
1.03211
0.85237
1.61678
0.216342
2.6895
3.82078
19.4423
2.22628
3.43824
0.154246
0.162342
2.72721
4.80033
0.280685
5.78566
15.4615
0.150207
15.3929
2.22126
0.198422
0.600592
5.40255
0.171122
5.29948
10.0958
0.219929
0.193311
2.03079
1.85284
0.283731
1.8874
3.39268
19.4329
0.778614
38.8229
1.12391
0.106244
6.75035
0.582833
28.8823
1.89684
1.5043
11.2131
1.17304
0.957386
0.0718805
1.45744
5.35577
4.43232
0.22589
2.63527
0.294277
1.66535
8.31456
0.173375
8.27552
2.96592
1.56372
1.12164
5.00465
0.888569
2.49903
3.33628
1.29941
13.2841
0.129809
1.76724
1.47271
2.45964
1.14281
2.95821
0.211997
2.93084
2.79864
10.6649
1.70311
4.99346
3.06497
0.434586
2.79099
15.6206
0.185418
0.533357
0.151921
3.7377
2.71574
4.866
22.3845
51.0166
3.19881
12.3595
7.82343
4.71146
2.66063
0.175588
9.56585
0.813967
0.26835
6.11774
0.0726186
6.39646
2.91133
0.697737
0.116596
8.85954
12.5634
0.269828
1.06263
3.02656
13.5261
1.72884
9.71772
1.75413
0.40558
15.6763
5.46637
0.940772
0.159208
1.34868
0.214379
0.432098
0.966474
1.00524
3.84421
0.260715
0.113855
4.69729
34.1942
1.83868
2.84251
0.222445
0.226373
3.80539
33.5803
15.3108
10.3531
0.181818
0.149887
1.00817
1.64166
16.8866
4.87306
12.7165
3.00368
0.153742
15.536
3.95555
0.288459
3.31516
5.28556
2.9139
2.7755
3.75664
2.80636
0.210667
0.208669
3.39205
0.228934
5.17647
1.13913
1.91354
0.760277
1.2172
3.11751
1.86033
25.7989
1.08572
4.62762
3.43304
31.0201
3.36206
7.7923
13.5955
3.30261
2.38618
17.4739
2.89085
0.192191
0.306909
7.00513
5.47891
0.223664
7.9511
2.15225
0.163788
0.118048
0.24417
2.97994
11.4064
1.89015
15.3605
7.12361
2.95083
0.333446
0.315947
0.267162
1.9762
23.5942
0.145864
3.1282
7.46842
19.0346
0.485819
2.68251
2.52716
2.3156
2.38369
0.170748
4.05289
0.300164
0.546403
0.159007
0.302138
12.6528
13.4404
4.62912
4.7029
3.02203
1.84574
2.95858
1.04567
19.0184
15.5034
12.7139
4.8302
1.45523
0.119373
1.86497
0.773695
1.91296
5.11549
7.91562
13.7028
3.60755
49.9673
2.62869
3.20372
9.80314
0.964261
1.52892
0.286763
5.04884
5.39613
26.1864
3.08476
0.13772
4.21711
1.76151
4.51819
5.26913
23.7817
2.86995
3.25518
1.16886
1.73482
14.6099
0.607612
0.259109
0.135562
6.60697
0.0381213
1.25872
1.67137
2.50297
0.214276
0.328718
2.39227
6.07075
0.128184
2.83102
0.39169
0.274121
0.236568
2.2309
1.54552
3.16845
2.89757
0.0501044
0.760094
2.4791
14.3077
4.90302
5.06451
2.74356
0.253754
0.114972
2.27426
1.78517
1.40351
0.169404
9.35052
1.21592
26.5172
16.8087
3.74852
0.189186
2.7071
14.8659
0.332588
4.85876
0.190544
0.258518
19.3034
0.560611
10.5084
4.4016
0.463366
19.3038
22.3116
2.55052
0.170214
15.3447
26.3088
48.6292
0.225042
15.278
0.446106
2.62487
4.57502
11.3809
10.4014
7.69223
1.03052
15.6866
0.186876
1.68739
2.3249
0.213938
15.4342
0.284936
2.8317
0.233739
7.56441
2.89397
14.7397
1.06224
3.73967
8.77606
15.3887
4.95452
1.16159
19.0623
1.57332
0.160427
2.95479
0.252374
1.28034
1.15788
4.80208
8.91517
0.877166
7.97965
0.284255
1.00121
11.71
1.1702
0.113592
2.0346
16.6593
0.152525
12.423
3.92069
7.55034
6.6637
5.49092
0.295441
15.5459
8.84536
3.62426
3.72612
0.234144
1.1739
36.7413
0.173254
2.53469
5.95549
2.84995
18.1414
1.80703
5.19601
1.58726
26.2901
1.60165
0.156948
0.225006
15.3765
11.255
5.74733
0.155261
15.6942
3.02145
4.25467
11.6848
0.300118
0.158046
10.2531
3.11345
1.07723
7.6216
1.87593
3.21586
0.138278
1.84852
0.155616
15.6615
2.49106
3.23227
15.4968
39.6925
1.97729
1.15554
0.201645
0.984387
15.5962
0.158166
0.29959
15.2501
2.92144
0.224347
3.61749
22.7831
1.6822
11.9727
0.199239
10.2533
2.47768
0.286776
0.160027
15.5422
19.9894
0.453547
1.80832
12.0605
4.91888
1.08263
0.245939
0.578388
15.2782
1.15709
2.73471
1.91583
0.227598
5.21922
17.7991
1.46987
2.83775
0.237432
3.56358
3.25079
31.3494
1.11992
5.11766
0.654077
3.03571
28.1757
8.06997
1.06539
0.418742
14.9246
2.89791
14.8516
0.683728
0.139044
1.81019
0.163699
0.113419
0.261878
3.75994
28.6569
7.85678
2.43465
15.4025
0.199402
21.0729
2.65384
0.302048
0.214284
1.45777
1.91637
4.49257
4.09098
0.209109
1.21273
22.9502
2.13439
0.174797
1.64472
1.79557
25.4179
14.4056
5.25667
4.38014
1.27512
1.6616
0.168972
0.469533
12.2538
15.0929
29.7554
2.87513
1.16223
1.95236
1.97641
2.90427
0.248834
2.82997
2.00204
22.4197
32.5459
24.9669
27.0925
0.248855
1.79883
1.3542
0.362094
2.75466
14.9326
0.438748
0.101743
0.0335466
0.212255
0.909045
2.30794
1.2313
8.78606
1.12898
0.91019
0.762506
1.7178
3.29026
13.1875
28.0944
15.1985
0.676274
2.56631
0.978606
1.15386
2.68518
8.93356
39.9925
1.15437
0.172397
15.3283
0.206364
1.66569
27.1736
0.202482
0.181012
0.165746
15.2649
15.3011
14.9705
40.5724
1.13647
10.8965
21.4637
1.76744
35.2201
1.16728
3.63184
14.937
0.483813
1.89958
0.253469
15.2375
1.13976
1.81011
1.18886
43.1162
2.12673
1.89598
2.05635
15.2919
38.0571
0.447206
15.2839
0.954467
0.873475
2.02402
0.958709
0.859919
0.657043
0.627274
15.2675
15.2742
15.2923
15.2408
15.3011
1.93749
1.75747
0.182898
)
;

boundaryField
{
    back
    {
        type            empty;
    }
    front
    {
        type            empty;
    }
    outlet
    {
        type            zeroGradient;
    }
    circle
    {
        type            fixedValue;
        value           uniform 0;
    }
    walls
    {
        type            fixedValue;
        value           uniform 0;
    }
    inlet
    {
        type            fixedValue;
        value           uniform 0;
    }
}


// ************************************************************************* //
