/*--------------------------------*- C++ -*----------------------------------*\
  =========                 |
  \\      /  F ield         | OpenFOAM: The Open Source CFD Toolbox
   \\    /   O peration     | Website:  https://openfoam.org
    \\  /    A nd           | Version:  10
     \\/     M anipulation  |
\*---------------------------------------------------------------------------*/
FoamFile
{
    format      ascii;
    class       volScalarField;
    location    "650";
    object      p;
}
// * * * * * * * * * * * * * * * * * * * * * * * * * * * * * * * * * * * * * //

dimensions      [0 2 -2 0 0 0 0];

internalField   nonuniform List<scalar> 
10435
(
0.0197612
0.778677
-7.24111
-2.7026
-3.70933
-5.82418
-7.13063
-10.2781
-13.6298
-6.9334
-0.18657
-7.7994
-7.52912
-1.28373
-1.15715
-10.4264
-1.45396
-7.07916
-16.8733
-0.0129563
-9.86527
-2.69517
-9.31448
-12.019
-7.49909
-2.27559
-3.271
-6.8313
-2.71325
-7.32432
-7.70726
-0.483497
-11.4953
-1.84055
-12.8553
0.741155
-12.6929
-4.58166
-1.80818
-15.1802
-6.22786
-8.33091
-0.951895
-0.982432
-11.0257
-15.0119
-6.30901
-1.87952
-14.8684
-4.7181
-10.7736
-7.87293
-2.72297
-2.87565
-0.928595
-2.66777
-14.4482
-2.81989
-1.78931
-11.5011
-2.31997
0.917985
-2.38988
-5.19697
-10.4129
-7.78738
-1.85621
-2.30684
-9.21173
-10.4733
-1.97696
-3.11619
-0.329721
-8.92296
-1.10586
-0.476693
-5.86517
-6.1703
-10.247
-1.0998
-6.65841
-0.612542
-2.3239
-2.27288
-7.83163
0.199483
0.213022
-0.587366
-0.169568
0.279534
-1.28848
-1.99804
-0.765316
-0.267292
0.284228
0.489772
-3.52173
-0.642674
-1.19954
-3.90326
-1.5122
-2.97709
0.0293193
-0.0498981
-3.5255
-1.76709
-1.08316
-5.49468
-8.12403
-0.863805
-3.43059
-2.10868
-0.615718
-0.895001
-0.707528
-1.71578
-4.92077
0.389828
-0.291242
-5.74206
-4.8845
-0.218805
0.504663
0.0353996
-0.484919
-2.23669
-4.76206
-0.224921
-4.07197
-3.1654
0.0608878
-0.000767055
-11.5239
-1.18378
-2.55248
-0.464129
0.575893
-3.49364
0.211654
-0.988537
-0.424258
-11.7694
-1.60663
-6.59961
-3.47256
-0.748455
0.464865
-6.25258
-1.23758
-8.42361
-1.83301
-11.083
0.0374779
-10.3266
-6.12826
-1.79533
-0.955848
0.497468
-6.74728
0.470516
-11.1304
-1.25531
-1.28001
-6.57907
-0.77554
-6.66002
-13.7471
-5.85323
-12.6426
-9.04621
-7.34807
-1.07446
-4.00663
-0.649852
-9.00354
0.779998
0.871634
-1.79552
-2.4323
-1.98562
0.355752
-5.33336
-9.86563
-2.50132
-9.88235
-0.848521
-1.25389
-7.61425
-5.16445
-7.22401
-8.00423
-1.94264
-1.60009
0.773861
-1.5728
-8.1019
-0.908817
-0.0558889
-1.68383
-11.6069
0.0587673
-1.14523
-7.10018
-2.23495
-7.42547
-2.62529
-1.00929
-4.8255
-2.65948
-4.74176
-1.13977
-9.34578
-6.72056
-7.94964
-2.21023
-1.12476
-0.745126
-1.27035
-6.62976
-1.34516
-1.99665
-2.14715
-1.65647
-0.223923
-2.32307
-12.5161
-6.09927
-0.262151
-9.40733
-0.585071
-1.85609
-11.7994
-6.03688
-10.5008
-3.05832
-1.42839
-11.1448
-3.73862
-11.788
-8.02897
-0.415332
-1.99799
-1.31941
-2.66332
-3.71994
-12.2614
0.275004
-7.15743
-7.32819
0.839745
-7.292
-0.580076
-6.93786
-5.95601
-5.30829
-3.32357
-9.64709
-4.56208
-1.99993
-2.25304
-4.78326
-8.00534
-3.258
-12.183
-0.237134
-1.29368
-0.0179308
-9.18401
-1.56255
-3.77962
-5.145
-6.22521
-4.71095
-8.17533
-7.63539
-6.26549
-1.5088
-2.8762
-9.49533
-6.82028
-6.74655
-1.57033
-5.16647
-1.1033
-0.216819
-1.30143
-5.10176
-5.91645
-2.0658
-2.45492
0.221318
0.18213
-2.77204
-5.35844
-5.62827
-8.52328
-0.927469
-0.0390409
-1.82847
-8.57364
-1.94451
-9.36688
-5.21769
-10.3333
-1.362
-1.01553
-0.997624
-9.89685
-7.99451
-1.98752
-1.76747
-2.89991
0.824842
-5.79277
-16.953
-9.5931
-1.24163
-7.99218
-2.0256
-6.45498
-4.30475
-3.94988
-0.0180468
-1.52324
-7.34912
-7.26334
-9.07875
-5.52669
-1.7179
-2.99601
-13.2958
-2.35335
-1.95517
-6.48265
-9.96492
-2.64943
-2.183
-3.59113
-1.31634
-3.33755
-10.0897
-1.83737
-1.96248
-7.50191
-11.9347
-3.07914
-2.44343
-0.481375
-1.24562
-10.637
-1.62683
-7.74896
-6.88793
-5.98994
-8.53689
-11.7461
-6.79838
-8.99929
-2.72904
-1.87753
-4.10081
-1.84575
-2.44673
-2.14237
-4.0653
-10.3191
-2.92336
-9.07616
-1.90001
-12.6788
-2.08118
-10.8178
-7.2968
-13.1577
-1.09774
-8.61389
-4.23934
-3.98328
-1.94214
-2.23188
-10.4607
-4.58408
-9.41828
-2.12543
-7.49485
-9.10641
-6.40936
-6.87475
-10.8895
-6.39004
-12.5394
-0.0781479
-1.53148
-2.39799
-1.17555
-6.04677
-2.17808
-7.24416
-10.5776
-2.72191
-14.2497
-1.4547
-2.39358
-7.50324
-5.07634
-8.39464
-8.67641
-1.11488
-2.10037
-7.62325
-19.8568
-8.36153
-1.92602
-3.02277
-2.40909
-1.75687
-2.19875
-7.27633
-5.93773
-3.56274
-2.76751
-1.0458
-7.77918
-0.914169
-0.786797
-15.563
-1.47301
171.431
45.9853
77.906
53.3183
52.8323
40.9795
35.7803
29.6678
18.9564
150.122
44.2586
65.6295
46.487
45.8751
36.8449
32.3773
27.8195
22.9121
123.188
38.1168
53.7949
39.9238
39.0185
32.8589
29.3452
25.3691
21.1298
97.6568
28.0388
41.2529
32.4804
31.9709
27.904
25.3253
22.346
18.9623
73.5482
17.6801
29.2115
24.7175
24.7672
22.4531
20.8714
19.0253
16.4488
50.2593
9.98211
18.5868
17.4314
17.8733
16.8737
16.0752
15.0178
13.5549
28.637
7.06182
10.1448
11.2079
11.7374
11.6482
11.4386
11.0265
10.4034
10.2268
6.44903
3.73885
6.18883
6.6311
7.12203
7.31196
7.38819
6.38219
-4.23764
4.27744
-1.30567
2.24754
2.67125
3.51933
3.9606
4.25079
4.27798
-14.3896
0.789302
-4.87026
-0.573351
-0.0901289
0.945928
1.54433
2.01618
2.26025
-21.2037
-2.45094
-6.7774
-2.24419
-1.71839
-0.663335
-0.0259961
0.489585
1.05539
-23.8497
-3.0892
-6.81506
-2.81378
-2.38754
-1.47812
-0.921475
-0.506522
0.506441
-21.1207
-1.30445
-5.2163
-2.54393
-2.37399
-1.71396
-1.28175
-0.871412
-0.402031
-17.0869
0.580766
-3.37945
-2.0001
-2.06043
-1.64259
-1.32158
-0.936042
-0.711138
-13.9349
1.46722
-2.00867
-1.53915
-1.71805
-1.47981
-1.24337
-0.931053
-0.65005
-10.7547
1.51107
-1.19178
-1.27956
-1.47013
-1.33415
-1.1465
-0.895147
-0.577505
-8.4315
0.674802
-0.954843
-1.24278
-1.35025
-1.24363
-1.07108
-0.862456
-0.429724
-7.40087
-0.900465
-1.26046
-1.38183
-1.33535
-1.20162
-1.01861
-0.811537
-0.447762
-6.5749
-2.2315
-1.61642
-1.53179
-1.35446
-1.18766
-1.0016
-0.80183
-0.557646
-5.55424
-2.75561
-1.80293
-1.60249
-1.35709
-1.16634
-0.97535
-0.77145
-0.524294
-4.89467
-2.76462
-1.87403
-1.60413
-1.34408
-1.14692
-0.964597
-0.766058
-0.600899
-4.73528
-2.46711
-1.89185
-1.56851
-1.32814
-1.13511
-0.963029
-0.762798
-0.77365
-5.08358
-1.86012
-1.85225
-1.49519
-1.29438
-1.11852
-0.962198
-0.781544
-0.8433
-5.5901
-1.17784
-1.96018
-1.59523
-1.41194
-1.22894
-1.03594
-0.821516
-0.917886
-5.36109
-0.143107
-1.30113
-1.02571
-0.946106
-0.946807
-0.851139
-0.676242
-1.67876
8.14363
7.74869
7.57354
7.76722
8.10892
8.60466
9.24975
10.0547
11.0169
12.1677
13.5826
15.2657
17.1427
19.1596
21.2595
23.3661
25.4233
27.3553
29.0989
30.6079
31.8975
33.1857
34.3846
34.7212
34.4109
34.591
35.6388
37.0915
38.3316
39.6301
41.2723
42.6939
43.5716
44.1565
44.66
45.0908
45.4855
45.9655
46.6138
47.6139
49.2012
51.4088
54.1561
57.5995
61.9819
67.4311
74.0339
81.5867
89.9024
98.9693
108.592
118.591
128.918
139.162
148.784
157.447
164.553
170.192
175.879
0.701893
-0.043097
-0.679178
-1.24711
-1.80619
-2.37566
-2.96228
-3.57521
-4.18353
-4.70933
-5.12626
-5.44494
-5.68818
-5.92863
-6.15881
-6.26729
-6.202
-5.96435
-5.544
-4.92882
-4.1003
-3.0252
-1.71235
-0.200653
1.11448
1.81113
1.86167
1.14679
0.130509
-0.680294
-1.26914
-1.68594
-2.00903
-2.26593
-2.44881
-2.55619
-2.56757
-2.44838
-2.16123
-1.6722
-0.936726
0.0474282
1.04224
1.82848
2.41518
2.81428
3.09242
3.48535
4.2313
5.45129
7.01779
8.45425
9.83485
11.3487
13.2856
16.4554
20.7777
25.7984
32.4258
3.20529
3.10007
2.97843
2.95394
2.99515
3.09871
3.26245
3.48409
3.76338
4.09803
4.48302
4.91417
5.38632
5.89884
6.46769
7.10103
7.79272
8.53529
9.32263
10.1458
10.9969
11.8632
12.7138
13.4822
14.0923
14.57
14.9343
15.1553
15.2263
15.2783
15.3485
15.4364
15.5308
15.6493
15.8136
16.0436
16.3645
16.804
17.3935
18.1618
19.1436
20.3625
21.8404
23.6064
25.722
28.231
31.2414
34.9561
39.4467
44.5728
50.3363
56.3916
62.1291
67.4271
72.4438
77.0704
81.0977
84.8114
86.9447
0.55072
0.208839
-0.0827113
-0.307604
-0.488119
-0.625251
-0.720885
-0.776059
-0.790766
-0.762995
-0.691338
-0.57577
-0.417384
-0.218103
0.0233768
0.313311
0.656447
1.05517
1.51025
2.01805
2.57142
3.15644
3.75113
4.32223
4.82489
5.22263
5.49427
5.63384
5.66051
5.61278
5.51409
5.37861
5.21576
5.03518
4.84604
4.65862
4.48394
4.33454
4.22686
4.17777
4.21038
4.34889
4.62792
5.09006
5.80153
6.82957
8.25122
10.1401
12.5526
15.4736
18.8771
22.8505
27.3173
31.9608
36.4857
40.6915
44.6426
48.3998
51.7429
1.69667
1.58686
1.47598
1.43406
1.43948
1.48931
1.58149
1.71333
1.88179
2.08353
2.31592
2.57625
2.86211
3.17219
3.50528
3.86079
4.23812
4.63509
5.05022
5.47937
5.91711
6.35474
6.78076
7.18139
7.54053
7.84803
8.09615
8.28284
8.41138
8.49265
8.53793
8.55477
8.5543
8.5479
8.5456
8.56272
8.61289
8.7091
8.87557
9.13321
9.51072
10.04
10.7634
11.7266
12.988
14.5991
16.6155
19.0707
21.9756
25.2952
28.9497
32.9031
37.0775
41.2166
45.0902
48.4767
51.3478
53.9717
55.8406
0.773559
0.597214
0.451397
0.357487
0.300767
0.28064
0.296544
0.347035
0.43103
0.546863
0.694468
0.87262
1.0809
1.31848
1.58444
1.87769
2.19709
2.5379
2.90054
3.28023
3.67184
4.06509
4.4491
4.81422
5.14075
5.42373
5.64919
5.81754
5.92586
5.97627
5.97636
5.9226
5.82759
5.70178
5.54264
5.37213
5.19323
5.00256
4.83725
4.71089
4.64992
4.6853
4.85575
5.20686
5.79559
6.663
7.8703
9.44956
11.4287
13.8133
16.5859
19.6712
22.9782
26.3769
29.7369
32.9229
35.7643
38.3763
40.6915
1.11542
1.03361
0.966381
0.943972
0.953634
0.994111
1.06345
1.16099
1.2846
1.431
1.59999
1.78945
1.99977
2.22894
2.4753
2.73879
3.02204
3.31099
3.61599
3.92858
4.25109
4.5699
4.87866
5.18226
5.44394
5.68489
5.87536
6.03183
6.14319
6.20556
6.23816
6.2078
6.14389
6.0672
5.94131
5.83075
5.72364
5.57733
5.49489
5.45386
5.48256
5.60742
5.85619
6.26762
6.90505
7.7585
8.91516
10.3664
12.1508
14.2655
16.6848
19.3485
22.1648
25.0309
27.8286
30.4345
32.7571
34.8586
36.4809
0.952973
0.85207
0.776793
0.740893
0.727659
0.746174
0.78354
0.8582
0.953452
1.04963
1.18934
1.34376
1.52667
1.73771
1.96336
2.22236
2.50431
2.73502
3.01429
3.31391
3.64598
3.96164
4.25564
4.58506
4.80799
5.0504
5.20332
5.35174
5.45404
5.50729
5.55437
5.46438
5.34798
5.25573
4.99879
4.85773
4.7503
4.31776
4.02201
3.74013
3.5011
3.32008
3.21398
3.22511
3.58348
3.91862
4.6743
5.5042
6.52418
7.92003
9.74692
11.9635
14.2699
16.7004
19.2389
21.7395
23.9934
26.1973
28.0871
1.07067
1.06428
1.04965
1.07676
1.1125
1.178
1.24707
1.3151
1.42746
1.60664
1.67786
1.8379
2.03915
2.19899
2.43984
2.55526
2.83556
3.09201
3.34736
3.55967
3.84226
4.07447
4.31702
4.61881
4.76969
5.00261
5.09465
5.2205
5.36895
5.23146
5.41746
5.26451
5.03989
4.96607
4.62348
4.49483
4.09992
3.57923
3.5402
3.24586
3.01803
2.93662
2.76617
2.79609
3.05042
3.24613
3.75262
4.26276
5.60413
7.00716
8.54889
10.2888
12.231
14.7834
17.1075
19.1734
21.153
21.2332
21.9541
-8.59285
-8.42364
-7.83784
-7.05683
-6.26977
-5.63566
-5.11021
-4.4772
-3.77419
-3.23258
-2.78557
-2.25368
-1.7642
-1.31887
-0.715418
-0.0371417
0.555283
1.13866
1.78549
2.50615
3.28476
4.05651
4.8428
6.00089
7.34353
-1.0704
-1.04932
-1.32914
-1.44837
-1.26635
-0.94245
-0.59294
-0.180803
0.206794
0.312482
0.102942
-0.240346
-0.585836
-0.799244
-0.703825
-0.320773
0.131146
0.513059
0.73115
0.734543
0.695015
0.81018
1.11077
1.68978
1.98451
-2.50934
-2.4922
-2.35896
-2.1599
-1.85037
-1.50328
-1.16367
-0.839531
-0.573393
-0.464922
-0.501151
-0.600025
-0.702071
-0.743485
-0.643275
-0.414492
-0.129541
0.169558
0.456388
0.716171
0.987583
1.31156
1.70191
2.18472
2.87208
-1.91671
-1.91071
-1.76544
-1.61361
-1.41164
-1.18847
-0.964183
-0.754562
-0.581408
-0.4766
-0.43627
-0.428242
-0.420204
-0.381076
-0.282859
-0.130659
0.0468763
0.224725
0.384924
0.519819
0.641
0.759219
0.867527
0.92893
1.03847
-1.84105
-1.81823
-1.66748
-1.51922
-1.33854
-1.1504
-0.963752
-0.793267
-0.649769
-0.545061
-0.47661
-0.426539
-0.375498
-0.307702
-0.209255
-0.0821056
0.0613782
0.209071
0.352836
0.489882
0.627907
0.776754
0.948331
1.13936
1.48875
-1.71594
-1.66018
-1.50678
-1.37519
-1.21811
-1.0629
-0.906618
-0.764834
-0.640814
-0.537879
-0.457249
-0.386736
-0.313002
-0.231058
-0.132513
-0.0198951
0.0996681
0.218525
0.330851
0.433274
0.529059
0.619196
0.706083
0.771879
0.921255
-1.53163
-1.56714
-1.39802
-1.28533
-1.14204
-1.01003
-0.870455
-0.746238
-0.633727
-0.530935
-0.447012
-0.368833
-0.283154
-0.194697
-0.0945079
0.0139494
0.1258
0.236725
0.343066
0.441032
0.537235
0.632185
0.736162
0.840018
1.04487
-1.33648
-1.4826
-1.29901
-1.21084
-1.07222
-0.95573
-0.820226
-0.709746
-0.611152
-0.509232
-0.429994
-0.352766
-0.254127
-0.15965
-0.0569372
0.0517253
0.161208
0.268668
0.371149
0.464182
0.560312
0.652352
0.751925
0.849285
1.00492
-1.39583
-1.4695
-1.1998
-1.13714
-1.01643
-0.945982
-0.826918
-0.734103
-0.604229
-0.500487
-0.410328
-0.343893
-0.2604
-0.175226
-0.0608484
0.0464319
0.1568
0.268109
0.398874
0.501387
0.594168
0.700334
0.788961
0.828287
0.923915
-6.99504
-6.76945
6.77366
6.25694
0.299547
0.0944169
-3.95528
0.962037
6.63388
7.50693
-7.12431
0.772443
-34.8757
-1.32654
-9.61419
1.59776
4.73792
6.05253
0.947907
-29.3657
-31.4493
2.53802
-1.19565
3.0109
0.741611
1.65918
0.689575
-1.01071
-9.00487
2.24538
13.0893
2.06235
-4.19221
-20.9053
1.62528
0.722764
-1.13409
-8.4402
-4.08903
3.9
-9.14871
2.37299
2.0863
-1.05966
0.558218
2.50649
-8.2967
-7.26783
-9.17738
-7.31837
-8.16717
-9.30527
-32.6114
5.95507
-3.81768
6.63395
-1.3467
-33.8811
-0.793643
-6.72448
0.867394
6.89808
0.283839
1.94784
0.903543
-1.1324
1.04882
2.85171
-25.9689
-8.14495
6.49554
2.84275
0.289645
-28.7457
-0.0601359
-34.2642
-28.0659
-8.60961
-1.05636
5.84211
-19.3817
0.807975
1.339
-5.90186
0.55761
0.900321
0.377374
-8.71203
-5.09567
0.822644
1.91594
-0.927695
1.86693
0.871659
0.180526
-6.76629
1.63061
-7.68174
2.33339
-6.83026
-0.572404
-9.3555
-0.635085
2.07541
-0.634517
-0.417837
-0.993286
-22.734
1.50283
3.04491
2.08726
1.19789
1.70632
1.76343
-34.1346
-9.15332
-9.49049
4.76164
-32.5538
1.43374
1.78167
1.09061
3.24508
0.902463
-3.82255
2.08912
-9.45622
-29.4846
-1.46713
-7.5239
1.3733
-28.7873
-8.23572
-8.9849
-1.1095
0.333019
0.724683
-0.461996
1.03044
-29.075
0.257694
-4.35179
-7.14136
1.81946
-9.12202
1.36933
6.18213
-29.4023
0.94482
1.55726
-2.60618
-1.92555
6.10249
-16.1067
0.578542
-6.97483
-0.121634
3.91399
-26.1852
3.38537
2.13578
6.55441
1.37777
-7.63372
1.85075
-5.76437
-1.3956
0.371598
2.51068
-0.214273
-1.29483
2.11489
2.7494
-6.11297
-0.182675
-0.838623
-23.2929
-8.33248
-8.21333
2.6949
-15.8835
2.30086
-30.2018
-15.1397
-0.708295
2.6864
-6.25164
1.447
-7.04974
1.13762
-7.11337
-7.2412
3.89856
-2.96644
-11.9977
-6.36006
-0.018545
2.45979
-9.18004
-8.67353
-26.0976
2.56664
0.981252
0.999432
-2.52785
3.72583
3.01143
-0.604675
-8.76676
3.8647
-0.663176
0.963014
-16.1319
-2.63173
-2.3424
-7.41367
-0.107535
2.87785
5.18026
-0.0425702
-0.825859
2.40018
0.71317
6.89259
4.44812
-9.56535
1.76974
4.70543
1.49994
0.252718
-6.64692
0.809708
2.20172
1.51238
-4.80406
5.35878
-25.9104
-0.997914
-16.8061
-14.5836
12.8326
0.827544
2.15989
-0.970675
0.235886
0.631658
2.02346
-0.458296
1.50294
2.34698
1.52705
-0.853125
4.03574
-9.02766
1.86792
-0.00755674
1.65613
-27.7793
-26.143
7.93906
2.00695
-1.52021
1.10443
0.425197
-28.6676
1.0346
3.46872
6.34989
-4.88266
0.420379
-28.3039
4.22928
2.24177
2.87605
1.03908
6.35126
1.99376
6.53872
-1.40775
-8.67873
-1.01347
-2.42456
3.25676
1.81119
-8.07306
1.13087
-0.565855
4.82713
-6.53073
-7.0483
-7.42685
1.59625
2.1949
-7.46119
-15.0458
-7.33733
-1.12114
0.363264
3.3305
-7.78537
-8.15759
2.04316
3.74255
1.01323
1.24494
2.49858
-32.6133
2.54474
-29.1995
0.949051
2.23722
0.0247925
-6.93212
-1.49121
2.23146
-1.01947
-8.395
3.77357
0.806899
-12.8857
-26.7166
1.54214
3.73767
13.0322
0.607492
1.06262
-9.5466
-26.8001
1.50993
-32.8672
1.66307
-12.43
-0.84908
6.59084
-9.18477
0.85474
1.01032
1.3561
1.324
2.48821
0.970897
0.649962
-7.41511
-2.60104
-28.6318
-0.126937
-0.229157
2.32082
0.340101
-7.27094
3.0543
2.15503
1.97892
-26.6296
-7.32677
4.36371
-8.79357
-1.34928
2.07626
-6.0149
-8.75006
-0.856399
2.75146
-9.67593
2.42911
0.202577
2.0854
-8.80215
1.00332
-6.65541
1.62333
-17.1912
-8.69577
5.08987
-29.1091
1.28808
1.2649
1.82469
3.39631
6.16286
-0.716617
1.43134
-2.93487
-1.33644
-1.03949
-13.3946
1.93477
-29.3277
-6.65072
-6.91823
-3.2579
3.6889
-0.158636
2.60413
-14.7401
7.59603
2.19596
-2.43319
3.79299
-8.90751
0.837011
2.24118
0.511403
-6.76392
0.527656
2.71323
-4.03218
-0.0934922
-1.16525
5.40248
4.62351
0.910236
-7.66835
0.914015
1.65197
3.82331
-9.1161
-6.97058
3.71093
0.537571
1.74041
3.17177
0.94233
-0.727507
2.88509
-8.40744
1.35677
3.64504
3.54303
2.09685
0.786042
-0.0518103
-0.524642
-0.968704
-5.01585
2.22687
1.4543
2.17079
2.29127
3.63451
3.2362
-15.1987
-6.91778
-1.5104
-29.8195
7.04875
-0.961743
5.86228
-0.775176
-1.0868
5.18354
2.16961
1.2901
-7.87989
0.712882
-8.08834
-5.66837
1.04883
1.97317
-29.0057
1.36812
-1.78116
4.43887
-15.5238
-8.4669
0.501163
-0.388282
6.97074
3.052
-5.34225
-1.22196
0.356244
-0.276456
3.74052
0.972707
-27.246
-0.417231
0.0266765
-29.3661
-28.6533
-2.53637
-4.75399
2.56484
0.669239
-6.56169
0.407594
0.7295
3.59878
-0.262871
1.99226
-17.1887
1.64692
1.17882
2.87295
0.932219
-0.505023
-13.872
0.879312
2.69731
-7.27734
2.08457
-6.29655
1.04409
-0.991657
-24.9075
-19.4374
1.2129
1.17382
-4.11663
1.8134
2.28256
-12.5035
0.476891
-0.228225
2.69256
-8.79976
0.992265
-8.95189
1.23152
-3.14061
-0.464424
-7.35592
-29.3207
6.85556
-19.4715
3.76451
-8.49091
-7.66221
3.29168
3.12873
-0.703823
1.36167
6.4898
6.18557
1.36624
-1.63765
1.67158
-8.21169
-9.04394
1.57191
-14.0951
3.33412
1.82083
-1.9196
1.9894
6.95385
1.3456
-0.866579
0.886845
6.40796
-4.13748
-5.5289
-1.48702
-8.83628
-8.88245
-8.30497
0.626985
0.42307
-25.7496
-8.74204
-0.376716
-11.8428
1.52139
-28.8962
1.93363
6.98021
-2.96935
-0.909396
2.17598
1.5501
-7.09916
4.48723
-8.42948
-0.420445
0.0832766
2.37974
-7.36947
-8.59906
-0.845006
1.81421
-28.6471
-36.6807
2.33396
-0.141395
1.16744
-1.77821
2.39082
0.0962857
-5.1371
3.71114
0.0233939
0.482583
2.13986
-20.2831
1.28809
-0.936341
-25.5548
-8.92677
0.349701
2.29999
-7.44591
-1.01347
2.46373
3.88092
-29.3312
1.94051
1.04744
5.21601
4.78801
2.16779
2.23988
-2.59704
0.71435
2.47326
-0.592243
-29.4236
3.31218
-0.165726
7.00805
2.41473
0.521467
1.3331
-1.05353
-2.06588
0.130227
-6.85569
-6.19093
-0.996584
-0.899805
-0.267963
0.194396
0.237806
2.61318
1.47499
1.46204
-26.8637
1.42794
0.882453
-1.87636
-21.827
-3.10829
-1.22705
-1.15456
2.28205
0.259532
2.72918
1.93849
-1.27571
-6.98792
-18.9881
-26.4781
2.81895
5.70618
1.93044
3.9286
5.63039
-7.35978
20.4736
-30.9398
2.38224
-8.58226
5.59806
-7.78862
1.86654
0.345582
1.10841
-2.91022
5.79992
-1.0675
-35.122
0.0610318
2.31915
0.65779
-7.97238
2.51243
1.51594
-9.32256
0.740721
1.86434
5.79446
2.29205
-27.8112
3.72042
1.36913
3.41874
-1.21795
1.88402
-8.96047
-1.97989
1.90883
-4.3288
3.65089
-5.47567
1.25612
1.00376
2.31984
1.66591
-3.6408
1.43009
2.25745
-0.753426
3.02527
1.83309
2.89567
3.58745
-6.55421
-17.0756
-2.3567
-7.83049
-6.5047
-0.542535
1.33719
4.20873
-0.042212
0.477519
2.7118
1.39893
-1.80722
1.42978
0.770555
-25.8861
-3.49936
7.38879
-0.472266
2.23312
0.0894305
0.753372
-2.18323
-19.8165
-3.03951
0.657124
-8.3208
-3.79265
-8.48085
-30.8683
-7.67328
-7.05077
6.50391
2.87771
1.37155
2.51025
3.54142
1.25628
-21.7918
-7.11895
-2.50695
-27.053
-1.27378
3.25181
0.856931
0.966823
-5.97761
6.9432
0.880578
-4.09764
-18.196
-28.7645
-8.72679
2.71622
2.61058
-0.167043
2.56521
-7.34229
-1.91484
-0.906541
-17.9927
-0.158283
-21.7308
1.54903
2.76042
-0.788668
-0.00187446
-0.440026
3.42403
1.9602
1.05133
1.06075
1.50331
2.11229
1.16529
1.94443
3.91186
-8.25981
-6.01279
2.36181
2.59451
1.99126
-28.8937
0.591025
3.06865
0.299139
-28.4241
-2.37291
2.59787
0.404468
-7.7071
6.89628
-28.6193
1.18592
-28.9693
-21.1133
-22.4067
7.05261
-9.82975
-1.48146
-0.656759
-1.93381
2.30774
0.810943
1.06001
-5.85198
6.76135
2.08258
0.578672
-7.55383
0.285999
6.90701
4.85485
3.01322
2.17686
6.41712
-8.0499
-5.12679
2.20941
3.30098
2.58488
-29.4811
-5.33007
2.25399
0.583396
-0.475777
-26.685
3.57536
0.574569
-6.25206
1.04266
1.16756
7.00571
0.571597
-23.702
1.24008
-28.3083
3.57737
1.06167
-19.3729
2.65089
-0.942292
2.28525
-0.817367
-27.0592
-8.93113
2.734
3.49677
1.02135
-10.9356
-28.9095
6.81762
1.49622
-27.9155
-8.36076
1.41268
-0.412506
-0.603005
-6.87529
3.92191
-28.1398
1.67237
1.43278
-17.7697
1.32394
6.87436
6.57169
-30.3054
-7.92782
-6.73526
-6.63919
1.08359
-1.04723
-10.3116
-0.271917
-3.81793
0.695446
-0.60977
-29.0008
1.0982
-0.339478
-30.2149
6.97039
3.32775
3.0753
-4.82357
-1.51198
1.32233
-22.1591
-8.11711
-10.9323
-1.96657
1.20771
-7.42498
0.155233
-16.6911
-25.687
-6.12524
-2.05051
2.64811
-3.07941
-8.41128
3.12095
3.55704
-1.98764
5.16337
1.77026
-2.38699
-5.20178
1.90911
-0.400293
-0.430234
-7.59198
-4.91328
-8.49569
-9.38187
4.04073
-1.04608
-2.94532
0.685481
-7.17291
-28.9528
2.68508
0.97878
1.05886
2.80149
-29.0119
-5.37676
1.16408
-7.96631
-0.493371
-25.8917
-1.28944
0.685826
0.996862
6.04793
-8.67465
-1.12224
-26.7146
1.7761
1.89825
-6.66076
4.84302
-6.02163
-10.4848
3.28092
1.19687
3.29199
-6.03735
1.26397
2.61939
0.825578
2.60032
0.796305
-0.660944
-26.0744
-4.43833
-0.454096
1.10078
2.99761
2.375
-0.522348
2.2495
-29.2647
2.56602
1.09636
-8.03989
-29.052
5.8864
1.48234
1.79125
-2.89065
3.08513
-9.35369
0.110934
-0.560759
2.04403
1.3025
1.11805
-2.04199
0.257629
-8.94217
5.61647
3.61805
2.50589
-4.67006
-4.60885
-9.40114
0.789082
-28.1572
1.83856
2.64125
1.51497
-8.02237
-16.2697
2.89566
3.804
3.57075
-7.37672
1.16781
-8.83237
0.372846
0.632013
2.85095
-2.42732
-7.41782
1.42227
-0.826323
-28.9067
3.06933
-2.32396
0.922309
2.48918
1.33038
-7.74229
1.88874
1.36043
-21.0162
-0.752775
-6.71956
2.82604
-3.04512
2.12338
4.14058
2.66815
-0.491247
-3.77039
4.09554
-1.32905
3.14384
0.639812
-3.16726
-7.91021
1.61366
-0.467585
0.81278
2.50544
3.64309
3.54908
-7.33592
5.97277
-30.4318
1.73555
-7.4442
2.19295
-0.775064
-29.0068
1.36561
-8.1077
-1.48437
-6.87935
0.974625
1.09522
-0.662736
-8.5695
2.76108
6.90928
2.70562
1.02601
3.65704
-0.820892
3.56678
-0.303758
5.34401
13.6962
3.85592
-7.90713
4.18826
-5.83579
3.96925
2.16978
2.56098
6.49786
-26.2175
3.50525
-28.7531
-22.3547
0.582221
2.52788
-9.04199
-7.55723
2.86109
3.50413
2.90801
3.53485
5.63483
-0.701745
-8.32398
1.63997
2.22528
-28.4781
0.921769
-2.50147
-8.62463
2.3814
0.434253
2.5811
-0.883966
-20.3036
6.93881
-28.5233
-2.65668
-0.681612
9.57391
-9.33698
-9.46048
2.04893
3.62603
-27.0586
3.32182
-0.582735
0.616801
-8.30458
3.67952
3.91786
3.33178
-1.10055
-6.91233
0.328692
3.39268
-6.3699
-8.05276
2.75346
2.29871
-0.103434
3.68285
1.98717
-30.9821
0.865417
-24.2455
0.94023
0.162235
0.734191
-26.4583
2.13321
-5.40805
3.58564
3.51556
-6.41769
-15.3977
6.56577
1.84381
-9.67976
-26.3263
1.2554
3.48009
1.17661
-0.592548
2.11982
0.843418
1.34367
5.25823
-0.35115
-0.837156
-8.44919
-0.55686
1.1518
2.30545
-6.99779
2.8064
-6.47035
-7.41618
-0.403581
2.27511
1.21063
2.70573
1.00406
-27.4473
6.94544
0.902839
1.08512
2.75304
-20.5952
-9.44849
1.68776
1.05889
-0.252008
2.74102
0.512984
-0.972584
3.73489
-0.476242
-1.53203
-8.62155
1.72455
2.08943
5.96838
1.19902
0.50008
2.43907
6.60026
1.2488
3.4288
-26.9956
1.63689
6.98233
-8.35954
0.510732
-2.7937
-6.18487
2.2718
1.00643
1
-10.4628
1.8975
-28.8563
0.56261
-7.23592
-6.93602
-29.3608
-8.68136
3.72109
0.849375
-28.744
-26.9357
-0.178489
2.40144
3.61504
-2.94683
0.544912
2.14329
3.33826
3.15827
-3.41644
3.49106
0.0351426
2.89215
-8.52896
-28.9736
7.64023
3.95067
8.26448
2.19407
1.03932
1.42832
3.56423
-0.541592
-4.25333
-29.5769
2.585
-27.3359
-8.56812
-29.0727
-7.93321
-1.5462
-17.4253
-9.42326
-7.2658
2.72922
-8.55023
2.73461
6.49445
4.89425
-2.80713
-25.2492
-15.381
-8.30574
-17.727
-0.756373
2.03422
-4.20374
-8.41889
4.26698
-9.68122
2.64064
-29.125
-0.0328684
-8.51889
-2.59602
-0.63506
1.14957
-29.2175
1.15528
-2.09049
-29.005
2.33853
-9.32403
1.62683
1.92188
-8.98838
-4.19782
1.03371
-29.8095
-10.7648
4.31154
-23.4252
4.36367
-1.23045
-0.87784
-0.314213
-7.26432
-25.5987
2.87363
-7.90933
-4.17295
-29.3139
4.23405
0.411812
2.15294
-30.1967
-2.67192
-22.8105
1.95013
-7.53814
0.308654
-23.6109
-9.57689
-2.33411
3.02655
-19.486
2.40114
1.76602
2.45955
-26.0158
-8.44107
0.886859
-7.55708
1.71167
1.10776
-5.20029
1.9746
0.950522
-27.4762
1.79221
2.42997
4.26431
1.12752
2.29223
3.49935
-5.54541
-8.56861
0.824477
3.54479
1.72017
-22.2533
-8.6056
0.90635
-1.58422
-0.617432
-8.65404
-1.64026
-2.07342
-26.4133
0.681206
-25.1511
-9.62656
0.81307
0.547966
3.44541
4.35998
0.649569
1.90423
-0.266692
-0.967075
-8.59574
2.04806
-9.15815
0.726762
-8.12918
2.22768
-16.3738
-2.27552
-28.5415
-8.79009
-0.292471
-1.66201
2.14638
2.20314
1.92963
-8.49944
-8.10895
0.237835
2.2675
2.34282
2.57092
0.960654
1.65561
-6.27982
-7.50121
-28.8271
-9.36208
3.18882
0.60213
-22.5968
3.65059
-8.79342
2.55971
0.777904
-0.572665
1.02756
0.921278
2.29334
0.937158
-2.14768
-3.49044
-8.63847
-0.0903006
0.806366
-28.6114
6.40491
1.12244
1.87135
-7.1539
-7.1579
1.77507
-29.1929
1.33125
3.0564
2.86179
0.642727
11.724
1.15041
0.93656
0.932026
-0.776531
-29.0513
1.74732
-8.49033
-6.76307
1.62597
-1.28491
3.48996
-0.610768
-18.1912
-0.220846
-8.57064
-0.900039
1.38308
-0.629228
3.71052
-1.24158
3.4722
1.98228
1.25009
0.591507
1.24363
-23.6248
2.17699
4.20186
1.21207
1.98565
3.00198
-0.637059
1.41843
5.79966
-8.36637
1.43578
-8.66292
5.20318
-27.0311
2.64332
3.30162
0.8532
0.549237
-8.38691
2.32961
2.00014
6.22604
1.42972
5.56721
4.41563
4.47716
2.67584
-5.61366
1.14233
1.51883
-8.58272
0.996381
3.20406
1.66399
-0.537068
1.47529
-8.6677
-8.2694
3.4853
6.88528
2.77942
2.55506
-7.26854
3.44378
-1.7995
2.24345
-29.1061
-0.425909
3.10357
0.37547
-5.47798
4.33724
-0.290712
1.51379
-7.93411
-0.0815112
2.72859
-21.9987
1.86074
-3.15685
-8.74299
10.0787
-19.115
1.46966
1.63217
3.47869
0.912819
5.47221
-8.36198
2.10421
4.92666
-9.09479
2.22927
3.07959
3.85305
-1.17401
-5.81132
0.625422
0.393021
4.61848
1.69009
0.33048
1.68608
-0.670713
2.97296
3.77418
-27.0169
0.553678
-20.1843
-0.185257
-28.5771
-8.46863
-28.1763
-7.55907
3.90087
2.47271
-27.6625
2.56041
2.09601
-8.95607
1.52295
7.01766
-8.6604
-27.7462
2.0285
-6.903
0.191628
-8.46935
-0.0929089
3.57382
6.18805
-0.897672
-28.5341
2.11555
3.40684
-1.26169
0.797437
-12.0264
-0.524974
0.663085
-6.7683
-0.960122
-8.62738
-0.850117
-8.05587
2.03821
4.25543
1.30077
1.04778
-30.4082
-6.92641
-28.184
0.210779
-6.36245
-24.6441
4.22967
-29.0826
-2.60627
2.74598
-29.4308
-7.97544
3.42503
-0.625399
0.0555488
-9.21009
0.79588
2.9718
-25.7065
-26.1872
-1.11121
-8.80279
-17.4102
0.815348
-0.75925
-4.06633
-0.486858
-29.4999
-0.566912
1.7302
0.969287
2.8257
0.464319
-2.22593
-8.6702
0.594122
-3.53351
5.44899
1.38796
-7.86959
2.34415
-30.1669
2.6507
1.09416
1.32551
5.12337
1.38196
1.25823
3.69116
-0.253956
3.69753
-8.05842
-27.069
1.0311
-30.3147
0.588
0.952213
2.01544
2.02186
1.58496
-10.5917
2.99649
-4.25542
-8.39403
-7.51962
-28.1655
4.07224
2.36187
-5.99368
2.2261
1.19931
1.91714
0.843922
1.14178
-6.98606
3.42594
3.68464
0.707145
-0.586514
-0.948202
-6.62421
-3.34817
-2.53399
-1.41501
1.20984
0.998978
6.03937
0.749222
0.6453
1.3647
-0.64188
1.17109
9.20044
2.6118
2.93918
-3.60612
-8.63223
-17.5799
-0.60309
4.12931
-2.83402
-7.21462
-8.62917
0.165869
1.22574
-1.29479
2.58843
0.723122
-0.638658
-7.73499
-3.28085
0.860322
1.74575
1.95701
-0.638721
-8.52875
0.0694488
2.19106
1.01509
0.751823
-8.5908
2.79997
-15.6539
3.81281
-0.366084
-0.449714
2.49892
-8.30623
-2.62963
2.07312
-9.68417
-28.2237
-1.34146
2.92225
1.77627
-22.4057
-7.92253
-9.11023
1.15136
-29.0274
2.47951
3.98499
3.14921
-8.57056
0.807614
1.21596
-3.30057
-6.42702
5.25447
0.314939
-8.26138
0.908419
4.07898
2.26549
3.46168
6.25269
3.43627
2.36555
3.77605
-6.72503
3.48287
0.548763
0.196521
-0.303053
-2.32594
-0.14866
-28.5282
-2.78495
-3.31077
2.92387
1.62951
3.80862
3.43971
2.00511
0.909744
-27.3389
3.94236
0.0287106
4.12987
5.18708
1.70722
-0.360155
3.71209
-5.669
0.737482
-28.8201
2.02978
3.04193
2.36659
2.23536
1.77348
-8.54818
2.55293
0.149478
3.66011
4.58601
-24.334
1.06307
2.43982
0.128635
-8.48854
0.619623
-8.49801
3.29702
-27.1736
2.72062
-6.50107
3.19705
-3.94427
1.25248
-8.69832
-0.969776
-15.9887
-6.71335
-7.46157
-1.71845
-9.50704
1.21045
-0.0434978
1.1331
-8.55875
3.61992
-0.273484
-29.5287
-7.50485
-7.81936
3.37559
-9.11721
-0.392532
2.04217
0.800791
-2.84858
3.84173
-9.64131
1.98118
1.12816
4.29433
3.07394
2.95465
-4.44112
2.46131
1.95113
-7.9403
-2.93521
0.160509
0.778804
-7.59895
1.74121
2.11615
-9.25794
3.21943
6.12529
-4.10315
2.2454
-0.65017
-29.3067
1.342
2.81682
2.89255
0.749328
3.28415
1.56198
-8.39294
0.408989
-15.5901
-1.15219
-0.723829
-8.26842
-0.818835
-1.47336
3.4894
0.249634
1.71445
0.43181
-28.7806
-8.18089
2.51593
2.13277
1.41044
-20.7328
-0.359954
-2.70503
0.463652
-0.74069
0.786191
2.21579
-3.42824
-0.515243
-24.3773
-25.9252
2.62545
-16.7417
2.11292
-28.7757
-2.84953
0.833938
2.12917
-0.181476
2.18193
1.78758
-19.7262
5.39012
0.52108
-8.48066
-29.3563
2.24918
0.457062
-3.99788
0.603869
-4.57352
-9.62473
1.64991
-7.23323
-29.072
-6.55294
3.73867
0.474767
1.19485
5.73888
-6.84276
3.00496
-8.70869
3.45167
3.80967
-0.808239
-7.57601
-24.6399
1.11309
3.32264
4.28344
2.75787
2.03495
-3.30719
-29.1439
2.11018
1.01055
-8.11217
3.20751
-27.0065
0.779531
1.5608
3.32497
-8.6427
2.32453
1.34172
2.51097
2.70512
-0.986696
1.82875
-7.8577
-0.812019
1.39803
2.2013
1.22257
-29.3065
-0.198346
0.0891029
-9.71546
-8.32924
-0.698031
-28.2664
3.751
-8.20354
-30.0654
3.60366
-0.989982
1.89349
1.72695
0.102742
-26.4748
-2.49631
12.5708
0.336461
-7.53871
5.45717
-7.18879
-28.1644
-2.08861
-0.282293
-1.93827
-0.670389
0.881186
1.33294
3.18863
-28.5507
-6.072
2.26762
-27.9518
-0.448404
-29.3466
6.55318
-7.77592
-8.75384
-7.77407
6.23026
-1.01702
3.67425
-0.584481
-30.4905
-6.622
3.16402
-2.97653
0.248736
-8.06669
2.25654
-3.59352
5.38336
-7.54585
-0.743577
-25.4973
-1.22422
-0.612053
-8.48115
2.69681
-0.251646
2.05232
4.06615
1.76919
-4.70098
3.71717
1.66211
-26.861
0.184644
-1.72256
-0.961016
2.32272
0.816092
-28.6584
-7.00879
-1.18595
-23.3241
1.39682
3.69278
2.04091
-8.71633
-27.4123
-8.76386
1.7102
2.28081
2.58929
-8.16775
-1.1703
-2.9774
1.52407
-6.76984
1.76987
-1.35935
-30.0934
2.43271
3.57468
-0.427846
6.22642
1.40137
1.96144
6.07655
1.78035
2.35925
-7.61663
1.82726
-18.3805
-21.9987
-1.22031
-9.23909
2.5489
-7.15785
-0.553774
-15.8474
1.13385
2.34696
3.8596
3.36225
1.851
-2.01518
1.47986
-29.8898
1.9049
2.27895
0.421617
-9.53547
2.19762
3.40714
1.62417
-8.14888
1.68987
-7.07486
-0.585054
2.04871
6.03403
-4.04475
-27.8377
-28.4944
-2.44678
2.85728
-0.325522
-27.5578
-7.68182
-7.77392
-14.9414
3.66023
2.08894
2.26721
-1.08066
4.39071
2.61097
3.157
0.549008
3.65635
-28.5525
3.04247
-4.00311
7.53838
1.66404
5.61142
1.7036
-29.7549
-0.960763
0.0221673
1.14938
1.44908
3.23896
-0.02035
-8.20022
-1.55862
1.80597
-4.93773
-9.66847
-23.536
3.27013
-2.0167
-7.81165
-9.23953
-7.8639
-7.73307
-7.08156
2.79741
2.10965
2.06232
1.50807
-28.9329
-9.67287
0.494602
3.09514
-0.927539
1.15813
-14.1095
1.89006
-28.5387
1.01734
-0.271376
1.6594
-8.1665
1.77795
-29.2536
-7.64489
-1.17822
-1.01372
1.45589
2.73303
-0.643341
0.81824
-3.9439
2.03629
3.74127
1.60726
3.55987
-1.07966
-8.73956
-2.64457
2.18087
5.60224
0.8254
-7.86758
-0.71535
-5.69317
-7.64664
4.3662
1.00419
-29.8858
1.61679
3.79508
2.04566
6.18473
-9.57351
2.02202
7.77124
2.05748
-7.19087
1.75818
-5.65238
-8.88859
-29.0897
-6.39259
-7.03398
-26.6252
-5.41892
-13.6883
-6.18331
-29.1532
-29.146
-8.22846
-28.8836
-1.3206
-8.57883
8.09659
-9.46779
1.57326
-3.17189
0.674823
2.07193
-8.74723
-15.1076
-8.45511
-1.40971
4.13193
1.19675
2.08794
2.81493
-0.420939
-0.172634
2.21705
1.01888
-0.962671
-2.83085
3.79336
1.20382
4.51573
1.82868
-6.30625
0.472725
2.17063
-2.89333
0.826454
-2.92304
2.02563
-27.5426
-23.1162
6.41167
-3.48233
-7.64419
-6.13479
1.55322
4.38727
2.14946
2.78002
1.93123
2.24575
2.19575
2.4515
-29.366
-28.8011
-21.1093
-29.0301
3.10993
-0.116035
3.59122
3.78
-0.891414
4.29255
3.59633
-2.35888
4.07221
-1.14532
1.77229
-8.76717
-22.4783
-8.96624
3.66772
1.97436
0.12309
-8.10888
-0.200072
-7.05815
2.44251
9.55638
2.64003
-4.65545
-7.63343
2.20831
6.25743
7.42012
1.80689
-9.39585
-0.290961
-7.31143
-0.709662
-0.599043
3.09036
-7.40246
1.48623
-3.05957
-5.93471
-28.7492
-6.68414
1.24862
2.20071
2.44195
-8.42631
-0.26334
0.868986
-0.0819195
4.88928
-6.84731
5.45684
0.342677
0.115044
0.158814
1.47334
-29.1757
-6.40729
-29.3724
3.30586
0.264173
-7.51934
-1.58669
0.418771
-27.34
-29.2292
-0.529759
1.64662
3.86605
-0.928169
2.38751
2.81161
-29.5934
-0.495542
-0.995387
1.33446
-0.531859
-6.82862
-0.637835
-29.4177
-6.61512
-2.87538
1.61836
-1.14264
3.68892
1.60324
-1.1437
3.77592
3.03448
-9.61446
-27.5139
-2.06632
1.8738
2.1834
0.913655
2.88507
1.25871
-0.0670116
2.04279
1.78745
2.24998
0.334736
1.59074
-0.237031
-8.05111
-0.824065
2.03656
-29.0831
2.47912
1.28873
2.05284
0.471187
-7.72619
-9.139
3.04939
-14.0374
0.886617
-1.15349
-9.38078
2.32683
1.54364
-2.94689
-6.84467
-28.7161
3.32248
1.22416
-28.5555
2.0756
0.939403
-16.9694
-6.66759
-5.4629
3.48437
1.3273
-2.61206
1.30084
2.86814
-28.6876
-9.42158
3.09117
-0.418762
-9.35505
-0.783834
-18.9295
-1.00704
1.96876
2.40557
2.72154
-8.88726
1.62036
-8.46363
4.47887
-5.83586
-5.87399
-7.31955
1.59038
-28.8011
3.46453
2.8319
0.136394
0.890732
-29.2196
-0.363932
-0.528943
-0.54813
-29.0707
1.10454
2.77442
6.53033
3.01787
1.42894
1.85019
0.837526
-8.05748
-28.0803
-1.0411
3.40923
-3.05464
5.26106
-6.05727
-29.2004
-0.905522
7.70369
0.131587
2.08811
2.19465
-7.27261
0.141289
-9.70055
2.04169
3.95258
-27.847
-2.32663
-3.79795
-1.57545
-9.66873
3.68727
-0.258368
-0.200395
-3.03501
0.992849
-7.19108
-10.5861
-8.88954
5.96908
6.95752
-1.1068
1.50466
0.932289
0.926614
0.188942
0.878614
-7.53139
-16.3528
2.00575
-13.9008
0.023874
-7.77774
-21.2919
-6.20565
3.93363
-8.01069
-10.2237
10.8124
-2.14731
-7.13558
-21.3934
6.61157
-29.5057
2.87626
2.71086
-12.0071
-9.6813
-0.217533
-5.77004
-27.3765
-0.559093
2.51318
-13.8214
-8.70884
4.12649
3.07383
-1.40094
-9.05143
1.73246
-28.6897
-28.3494
3.2018
-1.0496
3.5859
-0.329516
4.41865
2.9513
-0.520248
-27.6849
-25.2355
2.3463
1.33822
-5.9107
-28.6934
-7.58207
-21.2723
-6.13817
-7.37795
-12.5144
3.07569
-7.43919
3.17263
2.63618
1.68511
8.34925
2.30715
1.42875
-5.42419
-16.1688
3.83418
-0.819925
2.97827
0.975518
-16.5504
0.650072
1.16768
0.332933
-0.0259411
3.81479
-8.74028
-3.75653
1.28185
-7.60946
-4.44014
-7.86376
0.662799
-6.78015
0.471955
-7.8756
-28.671
-24.9691
-7.00307
6.9361
-26.3325
1.42129
-8.96085
-6.36554
-1.39518
1.76582
6.07148
-8.6171
1.43227
2.91194
0.825821
1.44166
-5.59334
-7.55468
-9.47553
1.46531
2.97653
0.780841
-9.18023
0.580401
-0.00131144
6.47332
6.61954
-7.14433
1.66157
-6.14345
0.987106
2.30942
-9.16313
-28.4959
-3.21363
-8.04513
15.0393
-0.367235
3.55417
-7.18248
6.50373
-3.46568
-9.50874
1.71591
1.2603
-4.71144
0.844194
-0.358755
-8.71817
-8.8195
7.01505
5.56888
2.07656
2.67367
3.16966
-22.8742
3.05756
-27.9301
0.663521
1.57411
-3.41426
5.76393
-2.51539
-7.09722
2.15607
1.76782
3.89438
-27.6967
-6.22157
1.28088
-2.61367
2.39915
3.68602
-0.228076
2.96989
-2.45058
3.1866
2.95529
-0.438214
0.875863
-7.97235
2.10611
-10.208
2.99127
-29.2844
3.71188
-25.2142
-8.69166
-3.68198
5.79655
-7.92207
-0.685622
-27.1059
-0.6603
2.43917
-13.9882
-0.156303
-1.34774
0.572824
-7.81622
5.97696
1.08737
-6.9189
1.64578
4.65229
-8.25935
-4.23342
-0.772251
-0.261005
-7.79689
-0.931196
-2.79072
-9.337
-28.8944
-1.82598
2.81868
-2.8446
1.04635
2.53639
-3.40577
1.20327
1.83706
2.19015
1.93076
-8.61373
-8.52608
2.25529
0.309909
-8.85878
0.961401
-0.950604
4.28866
-7.07012
-5.07086
-8.69392
0.973811
2.60051
-29.5716
-2.84406
-6.83473
-5.25701
-19.7234
0.909106
-28.2925
-6.10357
-2.77557
6.56212
-1.17979
-13.4155
6.88617
2.18629
-5.43646
-4.93797
-13.4904
1.37188
-4.59884
-7.9346
-6.32766
-1.03561
2.36249
1.73086
-8.00223
-6.13012
-9.31918
-8.2478
-0.563725
-0.523874
1.72324
-6.72733
-5.58395
5.19611
0.693842
3.80375
-7.19168
-28.8362
-28.8676
-9.65044
-4.91432
-17.9205
3.30988
-7.01368
0.0153966
2.87725
1.19862
-2.64541
-1.16242
4.59174
-5.03537
4.13145
1.90337
-6.45764
-23.7914
-28.8919
-0.849941
-1.59523
-3.58706
-3.69451
6.18848
1.54039
2.5031
2.55719
-7.89445
2.81817
0.769835
-8.01874
1.86799
-3.41101
2.48291
2.44584
-5.92087
-5.13199
-6.86677
-5.47854
-29.064
-9.07189
-8.79347
2.61378
-13.53
-7.41468
-8.4662
-1.48298
-27.1281
-6.91979
6.84558
-9.04144
1.22632
2.83175
1.23598
1.45484
-0.997582
-0.836058
-20.2026
-10.8283
-17.1901
1.20202
-28.5465
0.704265
3.81078
-17.7016
-7.0648
-15.4867
-2.7763
-7.18302
-3.25153
-8.69333
-3.71428
-28.1682
-1.44061
-7.76744
3.61594
3.73095
-7.66554
-7.75137
-7.65809
-8.6251
-4.98476
-7.13645
-8.92379
-7.14039
3.15671
1.0082
1.37491
-1.20163
-3.52644
0.849451
-2.86813
-5.81839
0.680802
-4.25513
-16.8431
-8.36588
-23.5713
-8.35322
0.418496
6.31884
-8.23978
-3.15597
1.84784
-0.249326
2.44105
-10.9409
2.30011
0.317191
-7.73129
-8.82161
-6.38887
-1.92034
-9.53525
-13.0638
-7.25302
-25.5387
2.80721
-0.16181
-19.8877
-1.08479
2.82674
-27.3189
3.67487
-3.56712
3.43858
5.89404
3.35099
0.841813
-1.14663
-22.3023
-8.11511
-3.4287
-28.6947
2.22306
1.1634
-5.50117
-2.87806
2.45072
1.08251
-2.99921
-2.72045
-2.16445
-25.8385
-26.6402
-11.6613
1.09118
3.60478
0.05148
-8.10454
1.43647
4.84385
2.81343
-6.3246
-6.21414
-2.91159
1.72339
1.25357
-3.05586
0.902378
-0.858521
-8.15907
0.200368
2.1145
3.7767
-2.28947
6.26662
-0.4905
3.6232
3.16711
2.24796
-27.9426
0.938627
-7.90784
6.19017
-9.561
-4.60076
0.984907
6.42741
1.45771
-2.74176
-17.1498
4.6979
5.05266
-12.4776
0.390845
2.22152
6.27049
2.78466
-0.982364
3.64823
3.8342
-15.8492
3.07396
2.69934
-29.1192
1.27316
3.98588
-26.8506
-8.22608
-26.8868
1.8578
-19.8648
-9.16713
2.78911
2.1018
0.788026
1.74129
2.65692
6.74052
3.0442
0.141052
-2.72328
-1.08442
1.67778
6.09723
1.32494
-15.5402
6.26756
-0.267833
-28.3647
0.893802
-1.96281
-8.32601
-8.57383
4.1036
-1.21231
1.02166
0.431565
4.83276
-8.33437
1.33455
-0.1039
4.82214
2.52878
6.62769
1.91446
1.36537
1.14322
-13.4488
-5.65548
-24.7454
-3.55825
1.44521
0.997257
-0.333086
3.43447
1.04929
0.815368
-1.31777
0.782239
6.35667
6.16145
1.64621
-19.8148
-9.18451
-6.80909
-7.90369
6.01132
1.5244
2.51474
5.99419
-7.68208
-25.7761
-6.33809
-6.59466
2.69219
-7.10693
-27.6176
4.48684
1.46442
-8.38049
6.19793
0.418505
-8.99962
4.40304
1.51676
-27.3053
-26.5675
2.26979
0.780201
-3.63995
-2.27046
-7.36284
-2.74738
-8.09301
4.38786
-27.0962
5.64477
0.704752
-23.2773
2.53016
-9.22179
2.88253
-24.7936
-29.4287
-14.145
-1.05781
-27.966
-28.5095
2.58457
1.78477
-8.4406
-25.3056
-5.66517
-7.24662
6.70052
-2.40624
-1.21308
-0.318509
-20.8295
1.92467
-28.352
-7.96464
2.61823
-7.30962
3.65777
-2.9447
2.81503
3.4626
6.28581
-8.655
4.16659
5.87827
-2.22206
2.4858
-2.39191
2.0945
4.19303
-28.4915
-32.4452
-2.03952
3.64489
1.21047
-9.53014
-14.1771
-7.37397
1.23457
0.071336
6.96662
-26.3663
4.64931
-6.49777
-28.8445
4.97048
6.74799
0.157444
1.3091
-6.49201
-6.9853
-0.543582
-2.37096
-0.499543
-8.62374
-8.39407
7.01698
-7.21756
-8.78142
-2.10358
-5.66839
2.42469
2.76488
-1.97016
5.21798
-7.76878
0.785189
-1.70964
1.64185
-7.64834
-8.14343
-0.719526
-0.839712
-8.68755
1.85069
2.32294
-7.82832
5.61656
-0.428349
0.953112
0.752718
-1.3404
6.63021
-28.7382
4.85962
-3.60136
6.51345
-28.9905
-9.6005
-1.22413
6.05197
-28.0377
-3.42804
2.97015
-7.94264
-9.61697
0.816783
-28.5529
-18.5181
7.57173
1.39536
6.95725
4.35844
6.73452
-6.06098
0.862107
-8.65558
-7.83583
5.02605
1.09705
1.27804
2.6652
1.91241
2.59833
-0.514722
-7.70942
-0.504107
-1.42814
-1.32501
5.43118
-2.72603
1.20569
-1.90229
-7.00417
1.48415
-0.113336
-6.41864
-28.7467
-7.96286
-6.56344
5.11666
-2.45557
2.74698
-1.94383
1.25608
-0.56144
1.64021
-28.5543
-38.0224
3.05298
6.04652
-3.51796
-7.32642
-7.27431
-3.40422
-28.9446
2.83601
6.07347
-6.31064
2.3533
-2.41945
2.63212
0.499105
-3.78673
5.64411
2.88738
-0.343612
-7.72612
2.59976
6.97692
-2.6945
-8.7301
0.920707
1.30827
4.15007
1.82364
-1.63359
-29.3933
6.57914
2.28034
-8.84532
-0.958659
-0.273618
0.302962
-27.8809
-7.74915
-2.26405
-1.89477
-4.20849
-7.31137
6.3509
-2.30896
2.24876
0.493623
6.40748
-2.22594
0.427138
0.100563
-2.20119
-28.9442
2.76741
1.66178
-5.13605
-22.0096
-0.108474
5.71881
-29.0319
-2.1752
6.69456
1.63137
2.68876
1.48554
-0.0175029
6.83007
-0.50291
2.37907
-4.93216
2.75047
5.06992
-0.154102
2.25576
-7.87193
2.44751
-6.20793
2.99532
-1.98668
-7.50796
-7.56125
1.77947
1.1627
-2.33404
-6.40544
2.91717
-1.14926
1.57315
5.1497
0.208299
-8.58367
-0.373422
-0.576461
11.9234
1.35606
-1.08607
0.0272241
1.55662
2.73413
-8.34636
3.34396
-21.9004
3.71985
-0.311061
2.02113
-5.55322
-0.384644
6.48727
-4.20202
-0.0385552
-1.22047
2.84475
3.44389
1.40093
-19.0893
1.47022
-7.81529
2.22702
1.40344
1.52281
-9.15656
-2.85746
-7.18072
7.0115
6.47501
2.64611
-7.5285
-2.36075
-32.8345
3.61729
1.17733
-7.57919
6.60395
-3.29984
-6.8362
-1.90292
1.92911
6.79437
-2.97336
-24.8213
4.36378
1.46335
-1.08649
1.2255
-0.348886
-7.52388
-2.12579
-7.86961
3.80162
4.74016
-1.16917
2.78398
-7.08023
2.27883
-1.8756
6.79352
6.808
2.7137
1.42577
-0.844166
6.14159
-5.31189
-28.7452
-28.8287
-0.0825048
0.0682025
-2.05261
1.05364
-2.93819
3.68645
0.89692
-0.941727
0.0350679
0.80308
4.36533
6.5912
-2.83688
-1.40152
5.4317
0.429801
-2.54279
-3.51639
1.91052
5.26499
3.19251
-3.01109
0.68918
1.92871
1.85604
0.755888
-27.6969
6.83967
1.18487
3.17868
-8.32034
-26.5598
-26.0182
1.19382
2.16656
-6.61206
-28.6715
6.70074
-0.697523
-1.23474
3.84275
-5.91428
-19.9384
3.72879
-26.8545
2.03656
0.458431
1.3055
-3.09299
-1.1062
-1.17422
3.81988
4.89367
-1.91971
-7.41079
-28.1243
4.17898
-28.9855
-7.11734
-0.635848
-2.98884
-4.03101
-3.96343
-3.14673
1.45325
0.0362452
-26.8239
-3.43781
0.865858
1.46371
-0.665823
1.55843
6.68638
-15.6093
-4.56202
5.62715
-27.9331
-9.16101
-8.10057
-4.52638
-1.08089
-1.0562
-15.1899
2.83827
-28.7187
-5.42234
-23.1266
-29.2822
-7.2901
-28.5884
-3.73431
3.15219
4.0418
1.88437
-23.0924
-2.78539
-26.6043
6.89248
6.64813
-1.23854
6.08094
-6.57813
0.950302
-0.216354
2.6475
-28.5706
-1.96132
2.25404
-0.240725
-7.7586
2.03293
-2.60945
-0.458535
-2.39914
-0.984096
0.962793
1.43987
6.89381
3.72331
2.70823
-2.70966
-4.43626
-7.72547
-8.11409
-8.93397
-5.1283
1.21752
1.39302
-4.94144
-7.80365
-4.11744
-4.21444
1.81718
-4.59247
1.04753
1.38688
-4.86709
2.87884
-5.38757
5.76277
1.14042
-18.9582
0.540182
1.38102
-28.5259
-28.756
-26.6742
-8.57274
5.08533
-0.0485493
-1.24462
-1.20616
4.52403
-7.60786
-7.30723
2.88126
1.73244
1.85987
-24.9215
-2.35107
2.00142
6.3458
1.23197
2.75283
-5.69831
-14.4447
-0.339625
-8.94408
-0.0825745
0.504173
0.473934
-8.3686
-0.84096
-6.52544
-27.1223
-0.710941
3.20216
0.0903242
-30.4438
-7.85486
5.48124
0.313347
1.33685
5.05719
2.80778
-0.430898
-7.59254
-8.1672
-8.35261
-1.42133
0.512006
-2.74971
-7.21479
-20.2743
-26.3789
4.3151
-6.89347
0.0109198
1.36439
1.58429
1.00414
-0.199515
-0.0838849
-12.5629
6.83617
0.0960977
-0.699365
-7.57623
-8.62186
3.48827
5.86489
0.86748
6.4469
3.72169
5.84484
-0.808279
1.13103
-0.016788
1.64902
-1.56327
5.49115
6.69085
6.49224
3.10461
2.52072
-28.6695
-26.9535
1.87953
6.42165
6.79762
4.94507
2.55623
-7.30311
-7.47721
-1.99379
-7.91091
1.08236
-2.63473
2.58745
5.64944
-8.47702
-1.39752
-1.78087
1.06927
1.17866
-8.688
6.73182
-2.14345
-8.84148
-1.34882
1.38028
-2.67856
-11.1812
-1.03328
-1.90122
-8.5922
-0.218862
-18.7424
-3.68079
4.54865
-1.36403
-6.59779
-29.0453
-6.15667
-0.683472
-7.58681
-0.0628757
2.84034
-8.70477
-7.59207
2.81742
1.78509
6.02241
-2.58458
3.69679
-28.6152
-6.80391
0.356292
3.39574
-27.1285
-7.78548
6.89895
-0.375647
5.58428
-28.1144
-7.34117
-28.3507
1.41955
2.11936
-9.33993
4.7704
-8.65455
-27.3171
-7.77055
3.54069
1.0427
-9.47106
-4.53912
-28.0651
3.25556
-27.8081
-22.3967
1.0602
-0.818372
-1.2224
-1.80453
-2.26996
2.52269
-6.23278
-1.1135
-1.47219
5.87454
-1.91879
-1.12359
2.75765
-0.593279
1.13735
-9.33935
-7.96226
-27.7589
-29.4314
-1.38688
5.65983
0.0332951
2.02437
-2.60914
-0.652775
0.770298
1.99564
3.27511
-8.55248
-1.24569
6.63134
4.87972
-2.81264
4.44695
3.1152
1.7725
1.14154
-7.34171
1.22654
2.69351
-7.82589
-30.3496
0.324243
5.30556
4.05309
6.33043
3.62722
0.209711
-1.50597
3.57985
-7.19425
-14.7439
-3.16412
6.00647
-2.19863
2.63112
-6.60769
5.86702
2.67193
1.34977
0.217002
-1.45913
0.524149
0.17483
-6.70007
1.31815
-9.0556
1.63435
1.49959
-1.51455
1.49603
-9.38083
4.07529
1.38454
-1.07535
0.631623
2.46583
0.472719
-0.415853
2.06663
-0.758789
5.43109
4.02658
-28.2543
-36.8287
1.313
2.64291
2.9601
-5.04129
2.89496
-14.0026
2.17547
-28.7429
1.0754
-0.501028
2.6249
-0.275188
6.46689
-1.56882
-0.139665
-23.864
-7.85042
1.40777
2.73491
-6.67247
-1.35144
4.65129
-1.51004
4.95996
-28.1929
2.61122
-0.7552
-1.86035
2.74655
-3.03369
-7.33632
-0.850362
4.72501
-1.31809
6.79281
-1.83845
-7.2504
5.11718
-1.23106
0.272817
1.0005
1.17848
6.07378
2.19434
5.85768
-7.62733
-7.75874
-1.2618
-8.58981
6.40288
1.38716
4.07521
2.18899
-6.89762
1.88119
1.3654
-8.03888
2.80458
-1.46421
-5.57535
-1.41759
-8.86309
1.26329
2.74865
-26.3442
5.83318
-0.640072
-26.9255
2.77841
2.86809
2.74146
1.17602
2.7305
-1.22342
-12.5702
2.68606
-27.6076
1.86556
-0.643535
-2.19635
3.14285
-0.654643
-7.9777
1.21199
2.70169
2.95651
3.70682
-28.9635
2.7201
-1.47457
2.63192
-8.10156
-0.856267
-1.46126
5.78995
1.20227
4.61789
6.41255
-9.49329
5.88637
0.686557
-28.1583
1.96754
-5.33957
3.64301
-1.85929
0.384547
1.56909
1.79928
2.27403
5.37428
3.24057
-6.71485
3.41342
-7.90913
6.21582
3.87423
-7.62708
0.130513
-12.0909
-7.11862
4.6129
0.920365
-1.2795
0.333973
1.27325
-1.23246
-10.5136
1.64918
-0.576155
0.94061
5.25393
3.89387
1.70523
-0.416252
2.74944
0.194487
6.83495
3.41373
-11.2042
-0.0104577
-27.3803
0.264898
5.59558
2.93749
-7.44618
0.784187
6.80576
-4.68234
-1.31905
3.19587
-7.81764
-1.36014
-21.849
-1.07605
-2.48092
4.98236
-9.25786
0.700985
-12.6103
3.83981
-2.7784
2.56899
5.84237
4.69778
6.91194
-3.35959
1.25501
2.67781
6.62892
-29.2101
-7.2595
-30.2747
1.44297
6.38132
2.87034
-1.57745
-8.35532
-20.6465
0.382833
4.37945
-1.28821
5.2225
1.889
3.96331
-1.42233
-0.774605
-5.21547
2.50634
0.527571
-1.72819
-2.54041
-1.39716
-3.26786
1.45416
-23.265
-7.27125
5.32777
6.04961
-1.32537
-0.0534819
6.11946
5.50176
-13.1895
-1.46292
3.07003
4.44966
2.79413
-9.56774
-8.71195
1.09671
2.80738
-0.0732577
3.85901
-9.02576
5.1435
3.41922
6.81797
1.50133
4.76673
-28.3192
2.76935
5.43758
4.14128
-7.28393
-29.3151
-4.04249
2.11741
2.78679
-2.7504
-8.77792
2.16821
-1.28698
-1.31916
5.68758
-1.29272
3.85036
1.08598
2.12439
1.59556
0.165467
-7.83995
4.48915
5.92119
0.877975
1.37536
2.62621
6.2738
3.05681
1.29227
-14.3153
1.63303
4.19798
-8.17694
5.76069
5.35423
-1.47817
-0.693752
-1.21493
2.53217
2.19185
-8.77342
5.01967
-0.80141
1.72309
-24.3542
-9.39183
1.70381
-0.820163
5.222
-25.3244
6.41902
6.74663
0.665626
6.51927
1.14372
0.851195
0.852126
0.330736
1.68511
-0.470886
-3.32926
5.76359
-1.89412
2.74207
-25.5595
-1.24209
-9.59094
5.07572
6.04393
1.63999
-31.7373
1.03958
-2.11352
-26.8246
0.834892
2.71599
-1.26132
3.52361
0.779513
2.21935
-3.70769
3.2831
6.76622
-15.4131
1.55671
-1.37367
-28.3061
4.62966
4.8863
-7.90359
-1.81668
-13.5912
2.61993
3.86155
1.76926
-1.40059
5.22586
3.15368
-8.41827
2.57273
-1.82104
1.11714
-9.61247
4.05844
-8.6474
5.45989
-1.21996
3.65452
-0.420136
-1.24726
-0.0353142
-9.07209
3.80644
-4.655
3.14786
-0.538532
-2.65776
-24.2497
3.42459
-26.2785
2.25826
-0.23626
6.62156
0.680828
1.87944
3.44929
-2.70209
2.33245
-5.37021
5.17409
-2.2184
7.3529
1.5124
-1.41113
6.0623
-2.72879
-6.35141
1.71142
2.29018
1.69663
2.70768
-1.04747
-1.30228
2.35513
-8.61575
-3.35616
5.07213
-1.59203
4.10574
0.258134
-7.41135
1.5839
-1.46148
2.74902
0.372889
-3.0566
3.88974
5.9011
5.45142
2.15011
1.73097
-8.92994
-28.3243
1.56275
-1.08141
6.7416
1.9975
2.32265
-16.8268
-8.64613
2.74373
-2.45857
2.26317
3.18327
4.02762
2.15484
3.15728
-1.83476
1.50035
-9.58415
-8.50981
-1.06037
5.0127
-1.53891
2.54511
-8.63667
0.562538
4.87092
4.17094
6.39064
0.100321
2.20158
0.444059
-26.3057
6.74524
3.70205
1.06552
-0.973137
-0.438298
-1.29514
-2.16922
-1.86267
5.92782
-1.66569
-28.6796
-7.1509
-3.18444
-3.41594
3.79973
2.13849
-1.98373
-8.77381
0.803751
-8.73887
4.38087
15.8667
-0.625737
-7.83787
5.43787
1.20231
-7.91903
4.16347
3.23795
0.368586
2.68918
1.62346
4.65047
6.49455
3.75141
-1.14432
-0.940104
-0.237737
-7.50436
2.03225
-26.4747
4.09966
-0.967359
-22.9892
1.92802
-1.37763
3.00266
5.75806
-1.61001
5.71176
3.8825
0.620268
3.36228
4.80203
1.51842
-22.7224
-1.06665
6.80406
2.76577
-1.38831
-0.825372
-2.31476
-1.24009
-1.40874
-1.17014
-1.1385
3.81289
-0.997579
-3.9894
-4.50561
3.96583
3.85168
-23.5746
-5.98234
3.57809
3.30662
4.34643
-1.73633
3.84911
-1.46437
2.08559
3.32431
6.57828
-2.09778
1.0306
1.98121
0.25801
0.728799
2.15824
1.22691
0.220394
-0.945937
0.105005
-4.99101
1.75477
4.70586
-28.8612
-4.35351
6.16145
-31.4886
-8.65294
0.484989
0.409116
4.11791
-1.97781
-8.44163
-8.06959
-0.0715992
-4.93495
-22.7624
4.99239
-0.900807
4.62751
6.84778
4.48513
3.35729
1.77587
6.99396
2.15762
4.51194
0.100079
0.653862
-22.8711
-1.51464
3.80246
-4.33494
2.82375
4.15296
-0.0973235
-0.497605
-5.36354
-6.50419
1.23746
6.8138
-1.37856
-1.04913
-3.23916
-1.66297
-0.771579
4.11039
-1.36237
4.6519
2.50238
3.93766
6.58321
2.81152
-17.5822
0.938483
-0.00982824
-25.1924
1.68985
6.1755
12.3386
3.12509
4.50298
3.98537
2.19216
3.80425
7.30557
-1.44078
5.50455
1.6158
0.886829
-6.12853
-6.591
-2.417
6.93886
1.38011
3.49637
-7.91412
2.38313
0.632951
1.44101
6.20211
1.4656
0.181684
-1.16632
-1.58248
-8.13866
0.196588
2.98489
3.13942
3.70225
2.07171
2.15341
3.81861
-1.44684
6.95301
-1.07685
-0.20377
4.49491
1.49225
2.95619
-29.225
-26.6031
-13.0952
3.11425
-29.4842
-6.42608
-29.3774
-6.17651
-6.05209
-29.4047
3.9179
-6.73377
-1.80055
0.432782
-5.66874
-29.4092
0.658175
-1.34111
-0.178049
-26.161
2.15456
-8.39448
-8.06437
2.24621
0.736194
2.15094
-17.0604
-28.3546
-0.839953
3.14972
-29.3439
-5.88978
-29.633
-6.57078
-9.28091
-28.765
-4.33213
6.76388
4.03906
1.91397
0.470313
6.0145
6.52259
-28.7097
-28.7153
-6.61058
-29.8296
6.97203
-2.78743
-4.09636
-5.01194
-1.86772
-14.1797
-8.60901
4.09395
-8.51087
2.22855
-1.07228
-0.817248
5.8333
0.491869
2.76973
1.55355
2.88439
-9.27691
-7.42816
0.243422
6.66717
6.19969
4.8138
-28.4761
0.304946
3.73455
3.93599
-29.588
-28.5657
3.81648
-7.96606
1.0757
-6.20998
-6.21351
-0.858565
3.54393
3.59503
-8.90402
6.40286
-0.728049
-0.663682
-0.397589
-5.24788
-0.851584
-3.14307
6.8298
0.567237
-1.21094
6.50597
-0.966296
3.85532
-1.43109
-9.51003
-24.081
-7.27933
-13.3075
-6.28303
2.47586
3.68665
0.904061
-1.68504
-1.88827
-8.40614
-29.2071
-0.843079
5.59126
2.65531
6.02099
5.10487
-9.95945
-1.26114
-1.56002
0.107595
2.02155
2.84024
1.39731
-1.71955
6.51637
-4.40649
1.75353
-0.828474
1.99527
6.13481
0.871698
-20.2052
7.87426
-1.15875
2.30739
2.21274
-7.81986
4.4096
5.96882
3.32398
-3.6565
6.56968
-2.75572
-1.36936
4.29611
-7.58705
3.93629
3.90787
3.47384
-1.5491
3.95229
-26.8725
-7.57756
-0.68354
-1.54211
1.61387
-0.722837
0.0296172
5.02123
-1.52513
-5.55718
-2.75813
3.75622
-29.4432
-0.0118502
3.50219
3.90756
4.17176
6.16634
-2.05378
1.04957
6.43443
-1.99145
1.21697
-29.3951
2.40233
-3.30439
-1.13402
-3.67017
-1.29557
1.64229
-29.698
5.78603
3.9694
-8.53684
-28.0232
-1.41467
-1.1253
-29.3221
1.39756
3.58305
-12.1173
5.52875
-1.042
1.40681
-6.60699
-0.851534
-7.77206
-2.14079
1.68268
5.90465
-1.42981
-0.464717
2.75426
-1.50202
-6.679
-30.2992
-2.45888
3.67281
-5.63863
-1.19075
-9.21389
-14.1866
-5.30343
1.35053
-2.31215
-4.50631
-19.7801
3.80554
-0.707315
-5.17667
-30.0417
-1.17599
-1.0915
-4.15361
-0.0399974
0.611106
-3.56751
3.72567
-0.120621
-0.596499
-6.18581
-19.4133
-2.06996
-2.0407
1.93074
2.28181
-3.88762
5.894
1.86729
-2.22064
3.77799
-26.2019
-2.16378
3.95573
3.40621
-2.05909
-0.936987
-2.71926
1.26606
-0.835793
0.72158
-8.96821
4.24837
2.24362
-1.46826
-0.878664
4.01402
-7.81505
4.51822
-7.6568
0.760457
6.11674
3.79553
-1.37245
3.73754
4.4922
2.04328
6.36138
5.0461
-0.824272
-13.6636
-8.07461
5.82629
-12.0402
5.65007
1.66641
-1.67603
6.265
6.44346
-8.09322
-4.24055
-2.59678
2.46082
3.75226
4.33545
3.16636
3.71789
-7.36549
-0.568661
-8.4229
-7.89391
-0.691252
-2.66832
3.64411
4.91614
1.88508
6.3295
3.43953
-8.64952
5.25207
-4.40371
6.03784
-26.0276
1.96155
1.54906
-3.75049
-3.00283
-0.050863
5.3561
4.03841
-19.2593
3.06563
3.58975
2.71213
-2.01068
3.22535
-0.282557
3.77813
1.75677
-24.1075
1.01995
2.27314
-1.16124
-5.0002
4.01897
-11.6008
3.9331
1.12921
10.077
2.74659
3.55201
-1.38722
3.64554
-27.0111
-8.23337
6.25371
3.53204
-25.6078
2.51148
-8.46014
-3.47041
3.68368
-25.103
-3.58337
-1.29257
6.6944
-6.60404
-1.82255
-5.68826
4.69957
-30.7395
-6.82156
-2.77529
-30.6448
-30.9129
-6.90836
-7.97894
2.5597
-29.3639
-1.55472
-7.49205
-2.23238
-28.1345
-1.98553
2.51099
3.21282
6.04402
3.80915
-1.78069
1.6085
3.08807
-1.23167
-2.56684
3.46559
-3.05107
-3.44663
-3.603
-2.328
-0.043381
3.60394
6.36475
-29.3818
-29.289
4.10032
3.75244
3.92033
4.00561
-7.51191
3.0656
5.89052
3.97358
5.16069
-2.55081
-21.2393
1.51036
1.9401
0.547748
2.00127
0.856514
3.69022
-6.68512
-2.66459
13.4282
-8.52824
3.72844
-1.71224
-2.75338
-1.68
-26.6248
-1.22306
1.63279
-2.01933
-0.630156
-22.2264
-23.7171
-0.947972
-1.42807
2.55649
2.39626
0.211269
-29.6305
-8.28681
-7.33994
-7.46677
3.64127
-6.41176
-1.64075
-4.24905
-2.67508
0.519129
3.22223
0.701782
3.64765
1.71283
-7.71214
-4.80947
1.82067
-5.92201
5.01701
-1.5998
2.62601
-1.85659
3.87947
3.16547
-3.10652
0.292885
3.88286
-9.03688
4.18199
-1.34179
-0.732464
-2.29681
2.99394
-6.33083
-6.26294
1.72281
3.45634
-0.659773
-6.31353
-3.48004
-6.27219
-0.729473
1.9167
-1.8821
3.81349
0.585891
-0.0957623
-1.19688
-11.2678
-0.110741
2.21991
1.16688
0.257368
-3.74962
3.3361
-1.8
-5.53295
-6.29328
-3.77072
-7.61938
-5.296
-1.15281
4.82646
3.39965
-1.47316
-6.16317
-29.6088
3.25324
3.68125
-13.1676
-1.57798
1.97103
2.23948
3.3729
-10.5131
-1.30479
3.05345
4.0065
-22.7034
-12.0188
-24.75
-1.73291
3.87038
2.8278
1.62095
-6.59256
3.84139
2.57894
1.50231
-1.18873
-7.47595
-23.5462
-16.7905
-2.99734
6.54133
-6.00635
-0.583166
1.29253
-6.68198
1.64561
3.50335
1.17079
-2.23825
-0.476566
2.43535
0.998316
3.92432
-7.61465
1.35652
-3.34369
6.19801
-5.18038
3.08824
-0.439562
-1.26954
-9.38855
-2.58965
-8.29952
5.23825
0.760709
2.71328
0.181116
6.73384
-3.81969
-2.81558
-0.738503
-8.05072
-1.26405
1.20287
-2.06245
2.4196
-1.19092
17.3586
5.64197
-7.85397
2.11509
4.24903
3.65364
-24.5998
2.2895
-20.7299
1.68543
-9.94565
-2.21495
-8.87286
3.07701
-29.48
3.83925
-1.61019
-1.06104
-28.1428
-29.91
-1.63212
3.80879
-14.7775
-26.3671
0.398495
3.75286
-1.95657
-4.73164
1.78407
-0.923775
-7.08773
3.55954
-0.553928
3.62849
4.25745
-6.22189
1.04238
-0.302155
3.85367
-6.69553
-0.88629
2.71082
-3.6892
-2.93618
-7.69025
-34.3914
3.25127
-1.73075
-16.6014
3.49855
-0.589685
-7.52276
3.18429
0.64927
0.739762
1.81732
0.593329
2.50427
-11.4342
3.85708
2.74477
4.3784
2.75043
-5.50628
2.64834
3.35573
-17.4052
1.96837
-29.3841
2.76447
3.53574
-7.08429
1.97497
4.52988
-2.42514
-6.18727
-1.73465
1.46175
3.23909
3.37442
-29.2727
-1.27012
1.99421
1.19478
3.85166
3.69603
2.33911
-2.84919
3.63145
-21.5349
-27.947
-10.7995
6.32635
-7.80345
5.98911
1.92179
-1.07327
-7.92845
-3.10042
6.34273
-29.7898
0.589157
4.79479
-1.36079
-2.35875
-1.74391
3.21666
5.89948
-27.3979
3.64608
-26.3481
2.75015
-1.31044
-25.5537
3.47128
3.28982
2.54731
-0.799115
-2.07881
-2.27477
0.847808
-7.78866
-1.95551
-0.282694
-25.7024
-8.10381
6.09028
3.8148
5.69224
1.48976
3.87
0.469887
-2.58395
-23.0712
2.73355
-12.6532
3.81364
-1.30519
-21.7493
-6.8177
-6.35713
-2.69031
1.62323
2.54172
5.53175
-28.8611
-28.164
1.06304
-1.78917
3.83538
0.00651771
4.34614
4.25637
-2.09404
-0.908344
-6.84721
3.03359
1.11126
-5.06709
2.57899
-1.78569
1.64918
-18.973
-1.35428
-2.12805
-2.51366
-0.112311
-0.696419
-1.22612
1.8968
-8.82583
-6.75669
2.40459
1.35562
-12.8665
1.92563
-1.96924
4.22426
-1.56968
1.76106
-2.72425
2.62965
1.59616
-7.27458
-2.92854
1.48261
2.67362
2.21923
2.75004
1.69672
-8.14091
0.121709
3.66234
2.11663
2.84742
2.74208
-30.1085
4.68644
-8.91637
4.00552
-1.99465
2.68287
1.61474
5.7936
-3.10277
-2.385
-1.45012
-1.56812
2.26994
6.30242
-3.46396
1.24589
2.76318
1.26954
-7.18543
-8.23768
-8.04382
-3.01341
0.564386
-8.52984
3.10614
-5.98145
3.79248
-29.3212
-5.5195
-4.30671
-0.70848
0.929493
-1.23443
2.52042
2.71217
-6.29406
2.82337
-0.699376
-20.1222
4.55877
2.77835
2.04671
0.798354
3.65805
3.04271
0.114323
-24.7863
2.3753
-1.38132
6.13214
6.66628
-1.17556
-8.6168
-2.18759
-14.4039
3.4183
-28.3011
4.1842
-1.8334
-9.70828
-5.82913
2.5837
-3.74882
2.79661
2.7775
2.40687
5.30674
3.50272
-3.99446
-1.73666
0.741485
-2.13702
6.37668
4.43769
2.65377
-9.29456
1.64142
-6.48704
-8.16314
-1.75701
5.45505
0.398667
1.54748
-0.779363
6.06666
5.73142
1.21097
-32.455
1.20112
3.67914
-7.7479
-1.95398
0.413483
3.31784
6.77154
-28.0814
-0.612173
-2.45111
2.03552
5.4046
0.865324
5.07786
-6.78794
-30.3541
-3.46365
-0.430338
-1.78113
-8.17685
4.45308
-0.844455
6.26984
2.64367
4.45244
3.54389
6.46337
-6.51236
-8.41293
1.51438
-21.6617
5.12575
3.82776
-0.377461
2.61627
4.63197
6.25085
6.17478
3.77802
1.32309
-6.63261
1.62997
6.50146
0.630751
-7.47161
-0.592237
5.03684
-0.422108
-9.16164
-2.44608
-30.7202
2.71357
-2.59794
1.65009
1.07013
6.33823
2.60096
6.38446
2.8187
2.22857
2.55283
-1.0058
-2.14898
-2.07566
-8.09023
0.820344
-4.63668
3.31671
1.43279
3.57618
3.19619
2.71538
3.67359
6.00376
0.228249
-1.74824
-3.44621
-3.59633
2.43446
-9.01571
-1.73696
3.75333
-2.51994
6.60959
2.56982
1.88298
-3.36529
1.92886
2.3834
-2.27715
1.83791
0.33735
1.9685
-4.2277
4.30852
9.79389
-2.69268
2.82559
1.45825
-3.20377
-3.11483
-2.20337
1.97904
-7.24177
1.31864
6.98556
2.24833
3.29237
3.77429
-0.582812
2.86037
-11.4761
-1.21011
6.56897
-14.5889
-7.59092
0.860511
2.15049
-2.123
2.39502
-2.7092
1.3732
6.70557
6.28181
4.70699
-7.86012
-8.66983
0.885672
-19.2512
3.67666
-11.1414
2.62013
-0.652241
2.46887
5.44622
6.21715
-28.0076
-0.523755
-29.5366
-9.14018
-0.445383
6.46615
1.33713
2.1433
3.68474
0.977334
2.88229
0.391958
6.62458
-5.89762
5.8191
-9.08251
-10.7254
-0.793671
1.80634
0.34385
0.791323
-20.4688
1.00395
3.51538
-8.39174
-9.50128
-7.62483
-30.7241
-6.88403
-2.74399
3.04037
-2.32121
-2.99473
3.4438
-6.76062
2.03513
6.95739
0.453976
0.221249
5.66199
2.72831
-2.36027
2.75309
1.91903
1.16715
-3.3445
4.97388
2.78292
-9.01253
6.1772
6.70809
2.72607
-0.0923682
2.06043
-8.39037
-8.7522
3.62028
-9.12587
3.7233
-2.12566
-1.04441
-1.22484
6.50955
2.96339
1.61271
-16.5689
-0.998561
-8.77049
-26.1484
3.13633
-0.132116
6.36653
-0.428958
4.34231
-32.5767
0.385328
1.50931
-2.20076
-2.80448
-3.45139
3.81995
-8.62213
-9.20669
3.27515
1.18663
-3.66716
1.18868
-1.68188
-10.7043
3.37612
-9.50032
2.43155
-1.47463
0.526295
2.67047
-4.42893
-0.253966
2.73893
-24.739
0.920908
-8.18841
-9.5437
-3.14267
0.391915
-3.39977
4.94772
-0.144177
3.17785
-14.249
2.21488
-4.9663
3.66135
-6.29342
-1.91692
2.97313
1.07591
1.30878
7.80064
-2.61121
0.229864
3.62707
-8.52915
6.0037
6.82163
-1.05427
2.31719
1.93377
-9.32326
-24.9021
-0.997515
2.36919
2.73133
0.67131
1.18697
3.04919
-8.17149
2.2565
-28.2133
-0.877824
2.33433
1.78411
-4.62924
2.80835
1.24885
3.30151
-6.87564
1.32634
-0.868037
-2.53921
3.40512
0.362551
-29.4486
-7.49481
3.75373
-27.957
-2.53001
-2.66478
0.68751
3.70857
1.2262
2.74834
-1.26299
2.99537
2.7651
5.74984
0.109983
-1.25858
3.19668
0.142597
-3.08115
1.1912
3.67015
-4.1342
-2.55873
-8.0177
-3.49671
-34.5656
-1.44645
0.0565499
-2.68209
1.29582
-4.87004
-27.9089
3.05663
-4.25114
1.25455
2.18388
6.74442
-2.9457
3.92889
6.24821
3.01694
-3.08386
3.6394
-1.15987
-4.64785
0.793178
0.419395
-3.87174
-6.95913
1.63076
3.11775
1.19791
-4.52969
2.72154
0.975488
5.37186
5.31037
1.29198
2.76339
3.53292
2.09014
3.82086
-27.3626
-7.28102
1.93241
3.10042
-6.74543
2.84403
5.57222
2.34946
-2.83775
3.48877
2.73468
-0.941117
4.54467
1.54945
-2.62304
3.79522
2.7353
-11.4715
1.7015
-2.84395
3.85859
1.06224
-9.56716
-2.22228
-12.8656
-4.07716
2.8824
1.39576
-8.46982
-0.422264
3.4383
-1.30445
1.84377
3.74998
-0.78232
6.35348
1.20516
4.84555
-0.335542
-1.04049
2.48879
2.79857
-0.869277
-2.10155
-8.67522
3.10979
6.7333
1.57503
-4.94713
0.240061
2.73378
1.07831
-4.89271
4.82904
3.48452
2.74371
-0.939069
2.70278
2.39235
3.77489
-6.20802
0.743128
4.43646
2.16098
-0.903189
-4.58741
-6.0032
1.94621
-9.3367
5.50022
-0.818101
5.61345
-26.9993
1.89527
-15.2078
-7.61767
-0.857233
-3.98667
5.16993
2.53085
2.98379
-0.379471
0.41348
2.14346
1.44885
1.29207
3.6593
-28.1495
0.579839
-0.155682
-2.41679
1.68033
-0.648931
-8.16455
2.29343
-15.6386
-7.12903
-0.0351171
3.68731
6.44901
3.43416
1.34511
1.3851
-5.68806
3.08265
-5.32434
-24.1255
-29.3063
2.47732
3.35577
-4.18484
3.89735
1.18052
1.30844
4.51904
1.58657
1.16089
-2.78738
-0.606641
-28.1895
-2.74122
-0.356796
-0.559872
2.75319
-22.2087
-12.0585
3.48283
-4.20529
2.56484
-11.8976
1.06291
-6.46286
3.40048
1.60678
3.62682
-0.972891
2.16852
3.80334
-29.2275
0.858352
1.32014
1.43193
2.55234
1.67942
-3.54841
-21.5351
2.80724
-6.22576
2.79112
0.696844
2.03815
3.6769
1.24382
1.88091
5.42603
1.04886
2.20321
1.80546
0.569005
1.32243
1.30135
-25.8293
1.29062
2.12906
11.2541
2.66535
-1.37534
0.981639
-18.6851
2.75114
-3.25674
1.23566
-0.490234
-9.23031
1.18579
4.34472
2.67502
-27.6531
2.72997
-7.99131
2.77962
-1.38405
2.67824
-1.28946
-8.19648
-1.17357
-0.536846
2.75111
3.58872
1.31268
-0.0139697
0.945743
4.47536
-3.45577
-1.46535
-10.927
-1.91601
0.495486
2.03519
1.10177
3.44593
2.9568
-1.24683
-7.41175
4.86276
2.76454
-27.3836
-0.386024
1.08072
1.63534
2.30062
-28.3447
-3.11165
-0.260916
3.45966
-12.1197
3.59852
3.77835
-26.2851
-8.38841
-29.1143
-1.14886
2.95229
-2.2021
-7.62882
-9.3228
-18.9976
-10.5277
0.370288
1.46261
-9.27935
-2.53913
3.13944
-0.0113499
-8.26012
3.69428
-5.79099
1.27017
-2.91757
-0.705647
5.40471
5.00319
-8.93201
-26.1672
-25.8344
2.70531
5.15998
3.53176
0.816064
-24.3058
1.93709
3.30136
2.06953
-9.08881
3.73061
1.77671
1.06714
5.68627
3.75373
-2.46399
-8.51497
2.49084
-0.848797
-0.595495
-8.1038
-9.69716
2.52925
-0.659769
3.49871
-0.970741
-8.82501
4.48869
-4.78043
2.57878
2.69958
3.7069
3.83429
-9.36918
1.77199
4.40586
-4.95965
2.68239
-5.27595
2.8146
1.75515
2.64412
2.34043
-0.104196
0.664802
-6.36125
-8.65746
-0.000738676
2.65604
2.01878
2.56453
-37.0049
-8.88441
0.781735
0.808523
0.283514
0.116843
-8.18352
1.50642
-0.992708
-2.57087
1.33819
-1.20939
3.93414
2.86442
-5.35745
-8.5801
-3.19492
0.975569
1.44817
2.58058
1.99676
2.73226
-28.1128
-9.15918
-6.27457
0.829038
2.88009
-28.4864
1.86128
-2.00957
1.13917
2.70032
1.29939
-25.6534
0.278255
-8.71814
1.74334
-3.02188
-3.09182
3.81258
-1.62644
-0.885223
1.24419
-1.38304
2.61454
2.94016
1.31675
-28.7689
-9.04655
2.40308
-3.42422
-8.52217
-9.64451
0.670389
-9.39463
-16.9685
-28.4476
-9.00156
-9.52259
8.6569
7.66494
-27.3691
-28.7938
-5.21407
-2.18867
1.48246
-2.30306
1.50326
3.38771
-1.93052
4.25986
6.01379
0.351849
2.81778
-10.0311
0.16899
-0.360077
2.06167
-4.05666
2.04396
0.138259
-28.1823
-9.41245
0.421424
-0.446949
-18.8202
3.2177
2.76766
-0.255705
2.6487
-1.36066
-3.3936
5.01799
-9.17289
-9.06652
1.7134
1.37605
-3.14173
-9.12814
6.34494
-26.2403
1.49478
-3.76254
0.218639
3.43201
-0.894486
2.25369
1.64077
-8.81531
-3.3604
-32.7093
6.09639
3.69825
-0.581839
0.626653
-3.02677
-7.82507
-29.3114
-8.58255
-1.22133
2.68991
-2.95751
1.77682
-1.15383
2.68416
-8.90707
-0.376503
1.83727
3.36131
-1.07619
-8.98388
3.6815
-2.48221
-6.31971
-25.9085
1.26312
3.71789
4.74059
-8.54124
1.65758
-9.16741
1.82675
0.865026
1.23187
-7.28146
1.98559
1.19684
-6.99219
2.75039
-0.462398
-0.301927
7.10187
-1.30817
1.70049
1.29348
0.500754
-1.29179
-7.83741
1.1448
-28.6136
1.2463
-28.2224
-26.7551
2.10319
1.22523
-8.30593
-6.61201
3.28939
1.64041
1.45295
-7.86333
4.88412
2.36713
-25.4723
1.80992
-6.50886
-4.49924
2.61177
-8.10409
2.41912
-0.719588
3.18754
-6.12538
-8.8998
-0.258685
1.41351
0.590193
2.18701
-0.532106
-13.1122
1.0691
-5.31659
3.9611
2.61078
-19.3504
-29.1389
0.564261
-24.16
-6.8696
3.48285
2.55009
2.47635
-25.8544
-8.34452
-35.1854
-5.45476
-2.56653
2.41957
5.31936
-2.27369
3.48731
2.53699
4.04315
0.477651
1.84079
2.62745
0.713011
3.43333
2.39228
3.23631
3.76463
-0.317673
2.52449
3.54168
-6.15515
-29.2643
-7.1185
1.38094
-0.0776771
-0.541913
-11.6318
1.64468
-12.8611
2.2869
1.49752
3.80336
2.1072
-4.36313
0.387768
-21.5936
14.766
-2.36694
-2.74006
2.91265
1.25462
1.55052
2.36202
2.8486
-4.90932
-2.04914
2.81663
1.38582
2.21943
1.37425
-4.77951
1.83502
1.80703
-0.0946981
-8.60817
1.3454
4.99721
-0.914595
2.43743
-7.34964
-8.73549
-7.7946
1.77739
2.19337
3.69696
3.54821
3.43717
2.28511
-8.13741
2.69723
2.71632
2.33671
-19.4381
-0.146476
2.55772
2.72352
-7.94716
2.6747
3.1477
2.35459
-7.00985
2.10641
1.22318
-5.87004
2.70686
-1.72185
2.18576
1.30573
-8.81427
-0.13896
-3.61516
3.66797
2.07456
3.14148
-8.95811
1.39468
1.76115
-1.67784
-28.2336
-5.72906
0.261022
1.55995
-28.5868
-9.13755
6.05661
2.37208
2.59562
3.52564
3.43597
-1.12926
-29.8715
3.02257
1.25968
2.04865
1.79559
1.50681
-8.74613
-0.201088
2.23601
1.41772
-5.6658
5.04152
2.48215
-0.997712
2.44606
2.41185
-34.0301
1.27302
1.68442
6.44591
-1.19619
2.47278
2.73441
3.09001
2.14549
4.73999
4.18873
-6.70189
-6.30134
-4.94084
-3.53189
2.60126
0.884425
1.38923
-21.8049
-6.20133
-0.177964
-0.366082
2.86244
-8.8708
2.08111
-9.34313
-9.11815
5.02804
1.11395
2.48537
2.72667
11.1004
2.48013
-2.19043
-0.892344
2.50867
3.9041
4.83185
-1.10268
0.791587
3.01448
-0.752375
0.327566
1.63326
0.0913488
-5.99009
0.784437
-9.1242
3.57887
2.42445
1.47057
3.69205
0.975107
-6.97523
-0.0761534
-8.12208
-8.36749
3.80924
-3.18156
2.40353
2.63788
2.14376
-1.2554
1.30371
-2.41013
-2.63819
2.08404
-1.19294
2.25404
2.46809
4.49823
-22.5936
-0.924539
-0.0984497
2.27404
-8.26926
2.30973
1.89346
-8.74153
-18.3949
2.89796
2.11965
-21.7393
3.45955
-1.35405
1.62604
0.312765
4.09363
2.62833
1.74647
1.23392
1.02304
-1.14954
0.0797714
0.746556
-1.1171
-12.8641
-2.49045
1.86302
-29.284
-16.1744
-9.82602
-3.30023
-3.48462
4.17974
-2.74421
-27.1512
11.8535
1.94832
2.0067
3.69029
-27.6534
1.97592
1.68466
-3.26165
0.677009
-7.58076
-2.42059
2.46676
0.952012
-1.07857
4.80212
2.98346
-30.798
-24.4213
4.05918
-18.2619
-3.49152
-20.6567
-4.22497
-0.758952
-2.39669
2.17233
2.45708
1.04764
6.55685
4.0898
-21.0489
-21.7401
2.4581
3.46123
1.1504
2.6405
3.54863
-1.11359
-4.26287
5.56138
0.182451
-17.3657
1.22718
0.769056
2.42641
1.57389
3.57987
-8.48928
-17.5846
-27.9098
2.19126
-23.1781
-25.1833
2.56883
0.863937
-2.37436
-2.90187
0.497662
-8.47319
2.85386
-28.989
1.80067
-29.803
-1.08884
-2.5452
1.76964
13.943
3.5994
2.03663
3.65376
0.97955
1.15244
2.71462
4.16511
2.43226
-13.2011
2.44545
1.55933
-1.85664
0.0310695
1.26334
1.8813
-13.95
1.94817
2.33006
-3.23671
2.0162
0.959086
0.398984
2.38706
0.577704
4.97465
1.2254
0.986503
1.27481
-30.4407
2.00609
1.83563
-28.7583
1.38421
1.36129
3.59603
0.616151
-2.43845
2.40469
2.45361
2.57307
-0.0253936
-6.62828
3.02371
-25.027
2.04356
-7.67615
-29.354
-5.84165
2.06494
0.175893
-7.60106
1.73471
1.65744
-27.4928
3.61409
-7.67653
0.878149
-1.49015
-4.08382
-12.5015
4.64906
1.6877
0.967643
2.29915
4.60137
5.78483
2.76054
2.64893
4.20406
2.57649
2.56114
1.19712
2.38702
7.02223
-2.6475
2.70414
-1.62121
-0.530818
0.332481
4.46467
-6.03287
5.99955
4.99883
4.74892
1.10813
1.17044
0.320095
4.9585
1.96297
2.69449
1.69902
-28.7219
2.96538
-1.13974
0.0966216
2.43891
-1.05514
2.43004
6.95761
-21.1444
2.73331
-0.684092
2.79082
2.72028
3.56326
1.59632
2.57555
4.31735
6.81813
-10.2408
-1.71501
-0.788197
0.835965
4.2218
-24.1675
2.81939
5.00586
0.0439008
5.07594
3.26542
-26.6809
-16.7032
2.54563
3.59824
-9.07105
-0.920034
-7.11185
-0.898543
-3.63394
-10.3608
2.84537
2.7541
-1.27459
3.45986
-8.64417
3.30722
0.173405
1.70159
2.06355
2.10998
-13.1037
2.6323
3.2825
4.59747
1.54056
-6.94477
-0.351269
3.48588
2.24664
-8.88508
1.82609
2.11072
-6.75251
-1.43689
4.86382
2.22532
-28.8544
1.58403
2.37128
3.03179
-0.763438
-27.9709
-1.33195
2.69949
-3.70887
7.03571
3.36379
2.52103
2.67971
2.15745
-6.27193
-4.58865
1.49989
0.500567
-6.67203
-21.5998
-36.6897
-0.6908
-29.4786
-6.01324
1.29841
-8.26438
3.64068
-20.2525
3.39655
-23.7236
-1.82965
-8.21074
2.75227
3.71171
-7.32905
2.1003
0.239262
3.45936
-28.9288
-3.22307
2.76416
1.41419
1.08781
-2.55607
-3.19933
2.59548
-0.827339
2.44099
2.07944
-14.2934
1.75398
-7.5822
-0.5073
-8.75178
-8.72418
-21.8048
5.58182
-0.250515
-6.42422
-1.27147
-1.56474
1.0644
-4.94723
-8.39362
-3.91133
2.69116
1.69611
-7.73895
-1.18546
4.82511
-22.5026
6.02597
1.32545
-26.4254
0.646685
2.83972
0.0557535
2.79455
-11.4204
1.21571
4.20778
-1.28683
6.67183
-6.94185
-1.05879
-3.26067
1.37271
2.56861
2.47947
-1.66311
-11.5004
0.749
1.15998
-4.85553
5.28253
-1.06515
-7.95532
-7.65432
1.55911
2.66286
1.73489
1.44878
1.52216
1.16045
-2.25469
-8.33843
-8.07429
1.33922
-21.0074
-5.35491
3.71713
-26.6713
-3.10428
7.01808
2.98879
2.78862
1.62919
1.68326
5.55204
2.26259
-0.690226
-0.951926
1.94456
1.12773
-2.32848
3.49311
3.60174
-6.44703
7.95719
2.25854
1.17501
2.53751
1.72633
-23.7685
-7.40935
3.06183
-5.36153
3.46688
0.860709
2.72988
1.37778
-23.4564
2.61089
3.20068
4.94599
1.64634
1.35542
-7.04944
1.56032
-1.7362
-7.02099
0.250265
1.26897
3.46266
-4.10945
1.40303
-7.26265
1.15102
-2.77985
-9.21429
2.91288
1.72057
2.59821
2.51525
2.28191
-8.88477
3.56404
-8.3087
0.72328
2.46351
3.50026
6.83683
3.28498
-1.45048
-9.24323
6.98761
0.426284
2.71686
1.78093
-27.6462
7.44523
-8.91718
-4.34646
2.62173
-3.63649
-2.76512
3.88896
2.5222
-9.20183
1.87593
-0.25933
0.804373
3.80678
2.80315
-19.3517
-8.03517
1.82897
2.97939
-20.2389
-20.9103
-0.668798
3.18918
2.70106
1.38527
-8.33933
4.02589
-1.58219
-20.3956
-1.27877
2.74158
2.60702
2.93442
1.364
-34.1898
-8.13657
1.56084
2.05956
2.5432
-24.1798
1.58514
-28.5661
1.72661
-0.870345
-9.71992
2.84025
2.88084
1.63619
1.22679
3.12681
3.05
3.62586
1.41436
1.82017
2.47138
-2.66038
3.77152
3.68694
-0.189736
4.80784
-28.6044
1.24803
-0.199219
2.27997
-16.9853
-8.09374
-8.25402
10.4829
-0.864481
-6.47468
0.649316
0.0489631
-8.87692
-1.45989
-2.8275
-22.3178
-14.3865
0.2287
3.52573
2.74213
-8.73886
-28.4372
1.9042
1.46091
-3.03172
2.10021
-7.82234
2.46575
1.96552
5.43531
-28.4987
-28.7607
0.158341
1.05199
2.41922
2.6734
-1.73793
-8.66118
-0.457573
-23.2091
-28.5651
3.74251
2.61024
2.9054
0.534598
-2.0958
0.710355
-1.05076
3.02001
-8.03583
-8.27162
1.11635
2.52705
-9.02345
-33.9162
-7.40007
1.21536
-26.9668
2.51549
-0.294388
3.32753
3.0028
1.51715
-28.2002
-24.9521
2.24648
1.38809
2.33148
-31.2949
-26.3416
2.70173
-11.7497
7.16952
8.08585
-7.85951
2.54618
1.34938
-9.3205
-0.861962
-1.46429
-19.2983
6.84307
1.67749
-1.51064
1.44225
2.82817
-0.469281
1.56936
-6.52053
7.03172
1.51944
0.846997
0.763916
1.53855
2.30573
-8.86408
0.780256
2.34646
1.75975
-1.02051
-30.4268
2.14202
3.79347
-27.5861
1.80148
-4.19141
1.38386
-1.79065
0.75757
-28.5861
2.65661
2.88371
1.60052
-1.35234
2.73932
-5.85523
1.0836
-1.70329
-7.23861
1.53843
-11.3417
-30.277
-1.29185
1.90457
10.2563
0.482705
0.992914
1.84527
5.67722
0.604186
0.181259
-0.989526
0.915883
4.23131
1.0402
5.25902
-8.08419
-29.7111
-5.65481
3.2109
1.40599
0.998729
2.91108
-9.28824
5.5216
0.742689
6.68245
-7.67377
3.45547
3.56967
-19.6554
-24.6934
2.61573
-1.09263
-8.36045
-0.353512
1.74262
6.95507
1.08282
-29.3337
-0.360011
3.5248
-0.315488
2.17682
3.12033
0.0771613
2.5765
4.03468
-0.548145
2.08198
-27.9095
3.8265
3.42894
-8.87615
0.87405
2.46088
2.19879
-26.9418
-28.5921
2.36144
1.0589
-6.63582
4.84471
-4.94227
2.51907
-0.810309
3.53515
1.336
1.39346
-2.6514
2.80776
2.32907
2.00508
-19.9083
3.39915
-41.4346
2.62306
-0.898309
-6.67765
-1.70861
-1.04205
-1.06427
3.55578
-27.6475
6.1292
1.06214
-0.650882
0.851539
-0.22614
2.64852
-28.4361
0.818436
1.53008
1.40031
-29.1288
1.37431
2.49599
-31.3785
2.75174
-3.2483
2.60843
0.687478
-28.3573
0.765764
4.69825
2.6434
-2.21298
1.32134
-8.0724
-9.25797
-39.292
-2.47699
-27.421
-3.05558
2.12922
2.43138
-5.23115
8.39447
3.66444
-0.861724
-13.9248
-0.955844
-1.22589
-7.18619
-3.18501
0.770351
-4.33407
0.784501
1.7798
0.522339
-9.21786
22.5237
0.898411
1.65616
1.15241
0.737188
-5.06118
0.75787
-8.7741
-12.585
-0.98821
-2.93701
3.88233
-11.1233
-26.6178
-1.77654
-0.858662
1.0124
0.802298
5.94759
9.22461
0.863366
0.866809
-29.2867
1.66542
-3.04807
1.13216
2.76922
-5.2726
-0.246708
1.53252
-30.4099
-32.7658
-7.8369
0.947555
-7.36379
-7.79312
3.62418
0.97308
1.04233
2.6322
2.00887
1.13376
2.46114
0.785858
-0.0360077
2.43669
2.42099
-8.06044
-3.46204
3.09788
-38.0817
-0.543909
1.84347
-5.18574
-34.6311
-7.40034
3.65549
2.51864
-1.19107
1.72303
-8.8952
-3.70464
2.20651
-6.98887
-8.42049
1.79837
5.05729
-8.97187
4.77254
3.38471
-30.7524
1.20192
-2.97848
1.42601
1.03487
-0.738105
1.53408
0.517079
-1.40969
-0.564403
-9.64944
-1.20939
-0.364856
14.7728
3.96515
0.27859
2.73696
5.92476
-1.13753
2.08511
-8.30745
-37.5551
-9.39552
1.37221
-25.5232
-2.64174
1.47751
-1.35883
1.22177
3.1158
-7.59171
-1.26015
-9.21232
0.893023
6.36345
2.6692
1.83514
0.652166
-1.08609
-0.803499
3.83489
2.84104
1.85542
3.18539
2.70749
1.39254
-31.5347
2.11221
-1.48241
0.787814
1.71486
1.10518
1.26836
1.64862
-24.8863
-27.0504
-7.59759
6.28936
-4.43557
2.45295
-1.00072
1.65868
2.06291
-3.10382
4.98312
-0.421642
-8.44423
-3.36628
2.76461
0.98433
2.92831
0.707435
4.69502
-5.92244
5.25029
-3.32825
-7.27031
0.708109
-27.01
5.17355
-17.7787
-1.07294
0.812246
-25.3111
3.6668
-5.55128
2.77543
0.959787
1.85679
1.79476
-20.0689
-7.54302
-7.7441
1.37065
2.96722
0.903904
2.11349
1.165
-0.391672
0.859232
-8.19231
1.19515
1.14194
4.29513
-9.89713
1.44908
1.09168
2.74022
-2.66689
2.14115
-28.7577
-8.32644
6.19164
12.8112
5.42529
-0.0451677
4.5775
-9.52837
1.30776
-0.84966
-6.42409
-1.40915
-28.8952
0.815141
2.08244
2.37038
-23.5047
3.36353
0.658769
1.92897
-2.50025
3.38555
-2.6343
1.1131
-0.955452
3.74446
2.25131
-28.2799
1.49521
1.93607
1.54619
5.0395
6.32139
1.065
-1.58122
3.64679
-8.76294
0.524445
-1.30353
1.7503
0.338112
2.44035
1.82095
2.94521
-29.3887
2.74588
3.57333
7.81475
2.31877
-6.39751
-0.956865
-0.582268
-1.2112
3.77197
-0.133939
4.07648
-39.2196
0.249894
-8.55168
1.25178
2.14614
1.93386
4.49021
-2.28081
1.49565
-24.4465
4.28846
-1.74888
0.336898
6.23177
1.317
2.71783
0.321879
1.52617
2.48164
1.55485
1.69868
1.79752
2.76164
-29.2735
3.26297
2.16814
2.97691
-13.6907
2.70637
3.8384
-23.2595
4.57423
-8.48661
1.92411
1.91011
0.726159
1.38396
1.18438
-16.1266
3.54623
1.51347
-0.42859
1.4391
-7.63565
0.272743
1.2744
-0.35736
-0.498245
1.15027
-1.76981
-0.0693058
1.10215
-2.7418
-0.13418
2.5033
3.50594
1.46669
4.12924
1.28479
-3.02038
4.02292
1.88284
-0.0158852
1.81806
-7.70492
3.02613
3.96069
-7.38069
-10.8566
6.11873
1.57564
-1.17407
-0.28864
2.9321
-31.3116
2.22989
2.57889
0.817616
1.80902
-26.2391
3.03735
2.03775
1.09093
2.22269
0.352685
1.73067
-0.365566
-9.00452
2.45874
-0.514166
-31.8269
-1.6559
1.17113
-0.551846
-0.00398636
1.86414
-3.9925
1.93245
2.30694
2.80816
5.14238
-20.8571
-0.416332
-0.822572
1.41083
0.902624
-0.629313
2.35571
-0.0923803
-8.11636
0.893486
-3.64607
3.04073
2.10532
2.51691
3.13071
-7.9462
-11.0265
2.50236
2.76697
4.41226
2.88804
5.99189
1.70264
2.72759
-8.88453
3.71099
-9.0411
5.20627
-0.845204
1.09736
3.60341
2.25
2.43958
-0.321756
2.75046
-0.834775
-32.318
-3.5388
1.84194
-29.4221
3.37551
-28.1281
-8.74806
1.96051
2.20852
-28.4873
-10.6043
-8.23107
1.91678
-1.10661
4.03253
0.0591796
-8.81809
1.61521
0.523089
1.71432
3.60188
1.46462
-0.958448
2.76939
-0.54971
2.22974
2.07953
2.28497
4.23803
0.462352
1.64482
-0.207553
3.80055
-7.99748
2.29107
2.59647
3.49369
0.971321
2.35859
2.32315
-30.3305
3.2544
2.64618
-8.80051
2.03153
2.57816
2.17901
0.394643
2.98877
-9.5543
0.921913
1.38614
2.60983
1.64759
-3.58998
4.37029
-16.4867
3.92479
-2.49438
-1.02499
-1.01534
-2.78475
3.27084
-1.04059
3.63679
2.21611
-9.7554
-38.7086
1.17443
-0.170929
1.0075
-6.74385
-34.62
-9.51375
-8.67234
0.796063
-28.5143
1.61051
4.10299
5.13032
-0.302635
1.79114
-0.135702
0.396011
2.26713
0.991665
4.41302
1.41667
4.02287
0.378811
3.48047
-0.48232
1.36692
1.69888
0.381436
-0.611693
-2.78551
-9.97388
3.15625
0.533547
2.89141
2.4695
-8.05038
-31.0166
1.86421
-5.0864
0.661059
0.0922502
4.42605
-2.52371
6.88592
-4.31509
-1.39731
1.55179
-5.81446
1.05812
0.355546
-8.95119
-3.71851
-30.1299
-6.47937
6.44961
2.05968
-24.1914
-1.95581
-14.5152
0.874407
-6.8898
-19.8073
0.536142
1.54757
2.15286
0.385557
5.9095
4.4551
-8.51346
4.25755
-8.80807
-0.163463
-4.29567
14.5123
1.58466
2.15064
0.242525
0.642121
3.75986
4.50442
5.23376
-29.3653
1.83925
3.12131
1.00522
2.09768
5.52324
-28.3972
-8.73977
1.6098
-0.188559
0.546543
1.57288
-8.76362
1.21581
-2.66115
-3.69396
-11.0696
-21.6921
-8.32628
1.42574
-8.92507
-1.71202
-9.95624
1.69889
6.71221
-0.965046
5.32095
-13.1842
1.53909
-0.120939
2.1593
-8.13311
1.63488
-2.69361
5.11384
1.15426
-15.2851
3.58064
-34.1627
1.33648
-8.3423
-6.75984
0.449294
-9.24857
-13.3723
-24.8494
1.06594
-28.4819
0.518933
-7.61024
-0.432927
2.29078
-26.9829
-0.000800449
1.99341
2.54226
-9.33927
-19.1872
-1.17481
2.10786
1.34163
2.68716
3.21224
2.74345
1.05449
1.13007
-2.68134
8.62447
2.13047
3.00966
0.334789
2.02318
-0.630103
4.69051
-8.19051
5.14277
2.29663
-9.80453
-39.7891
-7.64424
2.39791
0.432734
-23.6553
2.18169
0.0669187
2.63318
0.196797
4.63141
-8.51422
-8.47599
-1.82271
2.02943
-7.4919
1.90814
-4.95405
4.24502
0.541269
-13.2767
1.42859
-24.9484
13.7839
1.30011
-6.02375
1.18872
4.58851
0.937986
-0.185078
1.08008
1.54555
3.16151
5.08426
2.10715
-0.995542
0.935993
2.51519
-12.9933
1.27654
2.04179
-8.24248
2.62422
-5.90179
-24.2321
3.45302
2.20482
6.79692
3.73247
2.77738
-9.26983
2.11543
3.36191
2.30636
2.52471
-2.55689
-11.553
0.418962
-7.80001
3.5947
1.42066
2.95911
2.59892
-8.59214
2.35293
3.32861
-22.3708
-7.92098
-7.8371
2.7872
-11.0063
1.90635
-2.69477
1.90477
-7.99492
4.46377
-1.0158
3.03023
-0.516416
-35.352
2.87058
-8.48935
2.33294
1.75304
2.28022
3.10574
2.52388
-1.13641
2.18433
1.7523
4.8665
1.2461
-29.8807
-19.8451
0.899465
-0.677791
-3.88312
1.75386
-3.50464
-0.410137
7.5526
-2.67628
2.64111
-0.151819
3.5197
-5.75428
0.393624
2.11186
1.14639
0.353904
-28.8588
1.22838
-8.58447
-3.44997
0.861486
4.52293
-1.02839
-0.398471
5.48148
-5.81635
-5.69214
-37.8898
-9.83777
-1.06301
1.07197
-7.5465
14.5247
7.05144
2.43937
1.16471
4.46496
1.3298
3.70163
-27.3565
2.57409
-8.96912
10.735
1.41878
8.08863
1.07512
0.962967
-8.57449
-2.11266
2.97487
2.25646
-16.6204
0.695754
1.13591
-14.0387
-25.6601
0.982271
2.01934
1.49525
-7.48767
3.0693
-29.1781
2.4853
1.97042
3.50776
-2.34035
-25.6103
-27.1977
-21.4698
3.26207
-30.0904
-2.58051
0.481114
1.60011
-29.0986
-7.98706
0.431233
-1.37467
-27.4635
0.708778
-1.22073
0.685145
-0.0180703
2.8686
-28.9134
0.876428
0.812302
-0.646653
5.31421
-17.6682
0.135244
-5.69313
-30.4153
3.66242
1.25672
-28.1833
2.77004
-0.215142
2.5428
-1.00146
1.82239
-8.77605
-0.0794304
-0.374862
-4.35088
3.2173
2.30243
-10.7818
1.72565
0.58709
2.31896
-0.208953
-7.5979
-35.8177
1.2293
1.91796
0.967881
2.05653
1.23987
5.33129
3.3705
9.84685
1.42307
1.65671
-1.00344
-9.46407
2.2573
-19.3231
-8.16344
2.8955
2.22218
0.798368
0.911792
1.17398
-5.7364
-8.71591
-24.3895
-4.59163
-1.13777
-9.13014
-6.48523
-0.600412
-25.3259
-3.90975
-24.8387
-18.9017
-8.43367
3.40674
-3.06562
1.26222
-20.928
1.02844
-0.409192
2.25133
1.28105
6.70038
5.84577
-1.51465
-30.3937
-0.889854
-2.70523
-0.999491
-1.31015
0.146068
-6.95933
-3.6251
-8.87999
0.758134
26.4738
2.66155
-5.71303
-31.9954
-30.2745
2.31251
-8.60103
-10.6742
-7.7808
0.937494
0.110863
-3.25572
1.1946
4.25584
-1.05386
2.0027
2.03904
3.73937
-7.49188
-0.888448
3.37249
-5.20428
3.8679
3.96333
1.43227
5.15458
1.28386
1.01797
0.739934
-0.756181
-0.343968
-26.974
1.28799
4.13274
-32.8862
-0.410665
3.53653
1.88521
3.60285
0.484253
-29.8259
-29.2003
-1.01812
1.52039
0.897978
6.65465
-0.456056
3.37635
-9.01144
-15.4011
0.689657
-0.747423
0.744384
-6.70109
-31.4992
-4.16523
3.6096
-7.34297
-6.62568
2.05437
-1.14691
6.85423
-25.2154
0.612616
-0.823737
3.24839
1.62522
1.80707
-28.7865
4.03826
-1.28453
-9.58717
2.8904
2.01313
1.76224
-0.250491
1.48402
1.0305
0.554361
-5.24275
0.501627
0.172883
0.929635
1.56096
-0.805553
-10.2619
1.18379
-4.32942
-0.191685
-0.136583
-1.67867
3.46962
-7.32812
-0.258161
-26.9882
-23.8322
0.449212
3.46342
1.97725
14.1571
1.71126
-30.0541
1.1502
-7.42681
1.55492
0.496668
-25.6531
6.66502
4.07276
2.67701
5.51649
-1.37162
-9.0453
3.05961
0.65315
-12.9765
2.4579
1.14296
1.96686
-31.556
-25.4372
3.19982
3.53583
-5.06374
2.35133
-1.79806
-6.65488
2.07602
-27.221
2.0238
1.13322
-0.421448
-37.0689
-9.04802
2.79406
2.56169
1.09648
2.73107
-1.10299
-0.423
-26.9457
1.77198
9.78009
1.00105
0.278023
1.93321
1.09726
9.31731
1.04679
-14.6763
-8.26234
0.998934
-24.1612
-5.27653
1.18641
-21.5126
-1.18082
3.89647
-8.45395
-6.88569
-7.39219
2.78877
0.174781
2.15629
2.53634
4.09892
2.35872
7.00262
-26.4901
12.9893
2.45222
-1.36938
2.43215
0.275166
3.16299
1.12206
-27.6528
-13.1012
1.90812
-3.2765
-1.4361
-21.5984
1.63244
2.54316
-36.7564
-9.90796
3.42259
3.93738
-21.964
3.27706
1.03397
-0.262891
2.06089
-1.59519
-31.5104
-3.51993
6.09373
1.22217
3.65631
-7.08109
-0.556891
3.40491
0.0344498
-28.8864
2.54
2.9496
3.03801
-29.9851
-7.65965
-7.25932
-0.422935
-19.0723
-0.783297
0.880111
-8.9194
6.42622
10.6482
-16.5122
-28.2787
2.53021
2.7648
-9.85701
-26.5504
-0.336001
-7.55581
-37.7835
1.97323
2.7585
3.70658
-0.354044
-8.6748
-27.6841
-24.1581
-1.8394
-24.1266
-2.18188
-30.962
-9.79882
-0.261419
1.56892
1.04843
2.3419
-0.753797
2.09782
-11.482
-19.8775
6.61489
-1.08962
0.00723218
-7.91841
-0.986941
-29.9544
3.7514
-35.4198
-28.3146
4.81632
3.27564
-2.76046
-29.8383
0.267006
-9.17233
-36.5547
1.08317
2.40264
-24.9471
-8.8248
1.50028
-8.88027
1.06364
4.17163
2.00845
-6.30794
-2.64444
-1.19761
-1.34008
-8.14796
3.72471
-8.14057
-7.90613
-31.7302
1.1607
-9.80006
-29.1466
-4.65319
1.30607
0.44708
-0.739784
1.16442
2.47046
-6.61042
2.13831
1.10079
-9.32639
-0.272309
-8.63441
-9.51049
-6.99751
1.15055
-6.13853
-29.1295
3.62413
-9.59662
-29.9007
1.20655
-0.985239
0.790702
-1.00475
1.21957
8.57277
2.16945
-0.960244
-7.7022
-7.81986
4.07148
-28.9744
1.11393
-29.5417
-34.9964
1.49411
-0.377117
1.01414
-27.9637
1.95041
1.42034
1.91398
-0.949543
6.19319
3.42481
2.1316
1.26109
1.98658
1.89914
1.92448
1.11558
4.26448
-0.352308
1.57743
-3.31033
0.944776
-24.4241
-26.496
0.722031
0.49773
-25.6898
-8.80702
0.949363
-0.198225
2.69318
1.37177
-26.9439
-7.87677
-6.45187
-1.3641
-1.36435
-4.76247
1.26968
-7.69644
0.189347
2.31086
-24.3985
2.2024
-8.17931
4.76766
-0.644956
6.22236
-13.583
-8.44579
1.68279
2.04174
1.46836
2.02861
-27.1359
1.23225
1.7603
-7.81385
1.6217
3.72199
0.78515
-1.34265
4.12294
-30.9842
-0.958171
3.17755
-9.22686
0.57471
-1.08988
1.73687
-8.72983
4.87746
-14.3693
-29.0037
-14.5387
2.29749
0.672255
-28.8735
1.19153
-3.41256
1.65911
-3.52318
-2.38019
1.01765
-7.2932
-7.78028
-6.9651
3.4866
-16.2642
-19.3386
3.08749
-6.64701
-2.02913
11.3859
1.31678
-41.8482
-1.36822
3.39562
4.35877
-5.91747
-24.3195
5.25561
3.2827
1.98116
-8.32839
1.85397
2.09369
-1.28794
2.55021
4.01796
-8.89426
3.88543
7.39689
-9.14143
-16.0052
-1.35084
-0.395247
3.05363
-27.5531
3.46081
2.88642
-8.66659
3.3398
-1.29489
1.93408
0.760353
-0.151139
-0.442184
1.84826
-0.83125
-8.43282
2.73982
2.37392
2.54188
-9.85568
-9.49235
-0.799264
-8.98137
-25.7773
0.840298
7.47507
3.55935
2.94811
-3.04997
-9.48507
-27.7946
2.83082
-1.04284
3.64641
2.73689
-3.40632
1.15919
2.30167
-21.1222
-9.29124
2.2708
-6.62404
-7.32523
-0.494389
1.95865
-7.27181
0.985668
-0.127122
-9.06003
-3.5628
1.68941
2.78846
-1.61745
5.56705
6.28988
3.0964
5.28834
-1.40724
2.2464
2.65757
-29.2843
5.85956
2.60895
-20.5196
-3.92615
-2.63922
-0.84378
0.865285
-25.0412
8.48027
-1.77931
1.1716
-29.7067
1.46872
1.30445
-25.3941
-8.24153
4.67174
0.46987
-30.0638
-32.2195
1.46084
1.20178
-0.0542616
3.17057
-8.58231
0.962072
3.66175
-1.02297
-22.9427
1.1169
2.27587
-1.53742
-2.09491
0.315166
-0.252975
-1.01173
2.67255
-1.13056
2.75242
1.59784
-3.22674
-2.73538
-1.33028
-9.32003
1.59509
-1.19238
2.88112
-1.49452
3.63153
-35.2541
-28.5771
2.02049
-28.3545
-4.595
2.59565
2.5353
-7.90065
-8.58676
-8.73072
-6.65509
0.855699
-28.1704
-24.2015
1.41393
-7.97996
2.01276
0.916463
-26.2638
-8.27797
0.86918
-1.25411
1.0549
-3.51598
2.78169
-0.192493
-9.23281
0.702278
2.95215
-1.28136
1.1148
-29.2381
-5.93635
2.73607
1.40611
-7.81799
3.5445
2.61587
3.61747
-27.9771
1.33255
1.63288
-6.53146
1.07216
0.207467
5.18706
1.63404
-10.7267
2.24147
-20.6049
3.39562
-1.33288
2.98122
3.10714
2.2198
4.12469
3.32268
1.34244
-9.95795
-2.39232
1.66668
1.65229
-1.67615
-29.9905
3.37427
2.05284
0.388944
-5.13167
2.68091
0.152874
-1.60253
-6.56761
-9.86515
-1.18128
2.92791
1.58812
-27.6279
1.01211
0.926715
-6.48758
-25.2917
-8.8999
1.70429
3.67271
2.51348
6.58799
-4.04538
2.76363
3.71457
-1.45921
-7.57159
-9.43133
1.56105
3.24376
0.863999
4.86122
0.95197
-7.35495
-29.6541
-7.39759
-6.86396
-1.22665
1.56563
-0.00819718
4.28718
4.28816
-1.4157
3.16062
2.79951
0.353919
3.4791
6.54328
3.503
3.30316
5.61932
3.40004
4.82096
0.795115
1.07328
-29.8514
1.61227
-8.43962
-0.731765
-5.89415
3.67024
1.1931
2.24899
-9.64332
-9.35967
3.01022
-7.97694
-7.02245
1.91894
-41.3303
-9.64232
-22.3793
1.37241
-8.39879
2.60539
-0.728205
-9.23461
-24.3288
6.01815
-8.30013
2.57566
5.26218
1.4039
-7.26712
2.76159
3.28438
-9.88404
-0.510423
10.7146
-1.59692
2.3068
2.59708
2.58225
9.11493
-1.20979
-0.213813
-20.0506
-2.27079
0.602511
1.47171
-28.6249
-8.10109
1.90066
5.68823
2.90835
0.897691
-0.348124
0.77345
-8.63609
1.72976
3.68827
-1.09235
2.63381
3.74468
1.22079
3.573
0.954022
-2.94723
-19.879
2.74029
3.49037
-0.838354
-1.34145
1.02694
3.08508
-8.40364
-5.76989
0.831511
0.76409
0.872732
-8.88592
0.337692
2.9142
3.3726
-32.3629
-9.19584
-1.08024
-9.76297
0.39692
4.01648
2.66915
2.82149
9.93287
1.3603
0.804086
-0.655089
-7.52118
3.4134
-6.97983
-0.310954
-0.96625
-4.7666
3.85001
1.49721
2.36314
1.32524
-0.749001
2.61765
-19.7299
-2.14335
-0.735324
1.31281
1.4483
-39.9132
-0.149103
3.29718
1.35993
-5.09688
-38.8534
5.28205
0.617497
-28.9129
1.43239
-7.87028
-29.4861
1.04397
0.943232
3.75934
-8.87784
-7.04529
3.27626
19.1578
-0.971039
2.45522
-8.4408
-29.2609
2.06991
7.95844
-23.4971
-17.8216
-5.95785
-29.0899
1.24683
-2.92949
-20.7646
-8.61751
-2.2476
3.80582
-9.62113
-35.2511
1.67673
1.57076
1.70626
3.09368
3.7154
3.24767
0.125487
1.10565
-9.54553
-7.39677
0.313282
-8.93435
4.8192
2.3541
-0.463265
-0.780648
1.3174
2.05345
1.82629
1.53897
1.11763
1.68286
1.85262
1.74155
0.657345
-11.3745
-26.6286
1.88241
2.79171
-18.1598
3.24778
-9.27938
5.91848
1.35269
0.166735
-4.30347
-22.4525
1.54646
-8.89687
-7.69349
-1.56882
2.16925
3.53651
1.5917
-21.9499
2.68292
3.64679
5.21112
-7.30291
-8.27077
-2.097
0.827417
2.61519
-0.111842
-30.3025
-8.89779
-29.6826
-0.751777
-29.6808
2.80068
2.71513
-6.75732
1.92831
0.650524
2.78943
-9.424
0.536136
-5.14521
-0.330423
1.99004
3.50301
2.11304
-0.989126
-0.301063
2.36437
-5.92657
-28.0389
-2.99554
1.94861
1.6643
-7.34338
-0.274007
-27.4015
-0.920807
1.78639
2.49806
-3.42654
-7.5227
7.31945
2.96858
3.40879
5.07065
-0.465179
-0.0761818
1.9364
2.03133
3.7365
0.939375
2.25176
-8.82339
2.72824
1.21077
-0.0516663
-25.7146
3.70284
1.40125
1.36744
1.23036
-1.49896
1.2645
-27.7269
-8.0382
-8.61322
4.37385
1.72302
0.000980647
0.161572
2.57837
4.65876
5.73593
1.51812
-24.7548
2.67766
3.13105
1.29919
0.173253
-8.83362
1.1469
1.0958
2.14102
1.04116
2.73488
-4.62945
2.91294
-22.6665
2.52152
-10.5848
-1.35787
1.97282
-7.27701
-2.53915
2.89721
-28.0959
-8.70413
4.02588
-0.335091
8.65466
-14.8748
2.54729
-8.86194
-1.2596
-23.8581
-7.79376
1.26801
-7.10439
-6.85234
-12.0845
-4.81747
-2.70124
2.70784
-3.27964
4.15678
3.59687
-2.52876
-9.35176
-24.2648
8.66933
11.3907
-9.11655
-22.5093
-27.6849
2.21352
-6.3137
-16.8331
4.13019
-19.0716
1.09421
-31.9437
-8.77876
-1.37128
0.919947
-8.29975
-27.7149
-5.74994
1.14359
1.88875
1.1694
3.56793
-2.73178
0.866993
-3.29154
0.754993
-29.1114
3.11661
1.29216
-4.47197
5.60859
-9.40081
1.44399
6.80174
2.67467
2.36962
2.22344
4.32287
-0.44139
-17.9127
-6.26679
0.948422
-1.63676
-0.175876
2.67942
2.23392
-0.361366
-9.72317
-22.1903
0.369063
-1.54302
3.52598
3.10565
-0.192819
-35.702
5.68598
0.116628
3.22563
-9.04944
0.962175
8.48682
-9.11807
-4.41829
2.92281
1.07853
-10.2658
-1.68621
2.04291
1.26527
4.403
-2.59526
-28.9025
-29.0267
-29.5667
-3.51082
2.21553
-9.67696
-28.1798
1.23966
2.29911
-19.6966
6.31289
-9.51188
-23.6892
-5.52897
1.39294
1.44832
1.5316
2.35148
2.70053
0.761663
-9.64647
-33.072
-4.50839
3.53374
-27.162
14.9907
1.5297
-0.0306798
-8.63018
0.996062
-27.8012
-9.63801
-8.98241
-20.8659
3.56123
-3.56124
0.756649
7.70293
-1.68781
-16.525
-7.23472
-5.54291
2.16157
-5.89573
-9.44966
-20.8444
6.39833
-28.2626
-0.167284
-21.7908
2.71308
2.69426
-8.18061
-9.07933
-16.1567
0.981532
2.42339
-0.140133
-8.85583
3.00573
1.74531
1.28815
2.25335
-8.84034
2.42645
1.60604
8.90971
-0.39602
2.47791
-5.40426
2.34309
9.92095
3.73452
2.65793
-8.00779
-27.8848
1.30574
-25.9712
-4.11741
-8.59453
-1.30649
-9.22155
-7.30025
5.24578
2.53252
7.70436
1.78132
2.9194
-27.3684
-7.21863
2.29245
1.29952
2.34689
-29.1604
1.37923
-28.0643
3.09388
2.88659
-6.96893
1.02238
3.91296
2.93922
-9.098
0.505277
-1.36766
1.75371
-2.06745
2.98277
0.110082
1.10301
0.488936
-8.47449
-4.41863
-31.3581
-25.9351
11.6253
1.17953
-0.320214
-1.40765
-0.0959433
1.9367
-8.5155
0.954492
0.161712
4.20739
9.02935
3.1068
10.9929
5.6523
-1.04513
0.980608
-7.03767
2.30949
-23.864
-7.51564
1.70549
1.6831
-7.52761
2.65506
3.00624
0.857331
2.82085
1.1604
2.67716
2.62321
0.269196
2.16661
1.46097
3.33274
-21.5604
-7.21935
3.40981
2.68383
2.65941
0.87135
1.15662
10.8789
1.00278
-9.17928
-21.9986
-7.34122
-28.2619
7.20555
-8.99122
-9.06643
-9.30256
-21.7023
-24.7409
-20.3693
11.374
1.10152
-17.362
5.00722
-0.0274923
11.0172
1.09956
2.54571
-24.0763
-7.62319
0.539475
-8.88035
-24.0365
1.07114
-0.143648
1.58804
31.6765
-1.21516
-0.434782
-1.10361
-16.8881
19.4262
-8.82321
-19.793
-8.88175
-7.50189
-0.858036
-8.86285
-8.58209
-8.9675
-8.19199
-28.2164
-14.999
-17.4565
-22.0637
-16.591
-1.01845
-0.093927
-8.94039
)
;

boundaryField
{
    back
    {
        type            empty;
    }
    front
    {
        type            empty;
    }
    outlet
    {
        type            zeroGradient;
    }
    circle
    {
        type            zeroGradient;
    }
    walls
    {
        type            zeroGradient;
    }
    inlet
    {
        type            zeroGradient;
    }
}


// ************************************************************************* //
