/*--------------------------------*- C++ -*----------------------------------*\
  =========                 |
  \\      /  F ield         | OpenFOAM: The Open Source CFD Toolbox
   \\    /   O peration     | Website:  https://openfoam.org
    \\  /    A nd           | Version:  10
     \\/     M anipulation  |
\*---------------------------------------------------------------------------*/
FoamFile
{
    format      ascii;
    class       volScalarField;
    location    "300";
    object      nut;
}
// * * * * * * * * * * * * * * * * * * * * * * * * * * * * * * * * * * * * * //

dimensions      [0 2 -1 0 0 0 0];

internalField   nonuniform List<scalar> 
10435
(
13.4404
21.9589
26.3162
28.6521
36.6931
35.9122
24.2191
22.0464
22.0013
33.0119
28.1337
37.2445
34.5255
1.95761
1.7522
24.3762
2.17979
34.7247
21.7653
18.3845
22.7966
27.887
25.4094
30.9638
31.1231
10.4905
4.35425
30.8363
3.70116
33.9164
31.8884
30.1752
21.8817
3.10192
26.1057
3.77895
27.5979
4.86538
22.4808
24.6375
35.4192
24.5479
2.88926
24.0307
28.8499
28.0099
35.5198
3.64338
20.6335
27.1108
22.8956
35.7114
20.2948
4.18217
18.8891
3.68157
29.6994
4.43549
2.43233
27.5755
16.5179
15.6865
4.07289
37.4899
26.9492
27.7652
2.61087
3.73296
22.0355
33.0444
4.40018
6.30789
2.5713
26.6532
1.57146
2.27906
34.207
23.1065
21.3415
1.37345
31.5764
8.71207
17.7724
3.9347
33.208
2.34859
5.66246
24.933
1.56154
11.3365
27.0497
29.5401
14.6165
1.7347
17.8157
1.90586
31.9604
1.6973
2.19106
34.8772
1.60059
36.6362
2.70275
22.3156
37.0486
26.1864
18.1254
29.5344
34.3115
1.31743
24.4797
35.8387
3.73477
1.72443
33.093
25.3184
36.4637
4.787
25.5561
35.7897
37.4141
2.0911
10.0263
1.43129
31.7223
12.5712
34.0816
1.85598
36.8922
5.56573
1.63287
29.8379
23.731
1.5389
5.56762
8.40451
1.49572
31.1174
22.3622
23.0275
21.0479
29.9507
2.81885
37.4946
30.383
1.91827
1.29872
36.7524
2.33504
37.4227
4.18707
30.9695
12.3834
36.5509
34.6613
5.53134
33.3749
16.9294
33.7162
25.3854
34.0737
1.73116
30.1385
35.5997
1.46955
37.8293
22.6003
35.077
36.006
38.0259
32.2607
3.00706
3.88662
1.76344
36.6619
21.2018
8.49726
3.01822
22.0066
3.64351
25.7289
36.55
37.6957
12.826
31.9729
3.18725
2.47802
22.5665
37.389
36.6894
37.6044
14.9388
5.88944
2.84823
34.7445
22.1479
2.40386
1.6258
3.28734
25.8406
1.53725
4.68845
32.6165
4.47113
29.5393
33.8696
27.7937
33.3318
3.83349
32.5484
4.26958
24.9127
38.0384
36.4927
4.13743
2.09772
1.7246
7.68827
10.5219
1.94107
3.55694
2.73735
3.18282
1.66976
7.16241
24.7665
15.5844
1.54408
34.0079
2.02686
3.22566
23.5968
12.6899
33.0758
5.12182
2.42475
31.9315
8.02326
33.8671
31.3388
21.8469
8.62555
5.70615
3.81087
32.1686
21.6695
1.47069
21.5991
3.18619
14.2826
3.65636
1.76181
33.3888
34.303
21.9924
37.9481
3.06992
22.477
5.3905
4.36822
23.2278
33.1936
9.87825
35.2437
3.17218
2.83819
18.2581
28.2909
11.9469
35.3388
24.2656
21.2106
21.5562
30.0068
9.00333
36.8468
5.25955
35.2882
23.1497
21.1323
31.9211
2.72967
25.7091
1.63229
2.94459
8.47858
37.6742
18.9697
3.68769
3.34984
1.50894
27.8363
3.57905
21.3091
23.5333
4.48257
2.12608
7.20427
33.8074
29.5745
3.55965
35.0293
27.5039
3.40997
32.1107
1.885
2.56699
34.7206
28.2588
3.45516
20.0099
5.20542
6.98621
37.5016
23.3659
4.14865
9.92963
35.3029
3.39056
36.3641
36.9929
3.92414
6.37861
12.387
21.0206
31.376
8.01215
29.4407
3.02716
4.76642
24.9727
3.03665
3.24802
25.8526
35.7091
4.12563
3.82939
3.37497
2.88729
3.71502
7.14785
6.01183
14.7802
3.92085
3.75821
4.84308
3.82213
5.04442
10.1735
20.9289
3.05182
29.9552
4.22881
31.2811
20.8332
19.9652
35.6936
26.8466
3.98512
3.38806
3.53233
12.9034
3.61418
10.1912
3.94622
6.4376
4.10208
36.9148
6.41886
20.8739
15.7041
5.98046
36.5309
19.3383
6.66114
4.44662
4.30759
4.68706
3.59584
8.85832
5.37567
16.1876
21.3068
3.51429
21.4847
20.6176
33.0214
34.6032
20.3884
29.2608
24.6
1.7881
3.58251
3.71502
4.12089
27.5632
3.79835
35.8608
5.36886
3.79332
5.64068
3.30663
7.32378
23.5292
4.56781
21.4165
35.7199
4.34879
7.89442
5.30254
19.9547
5.65307
7.1095
6.9001
3.62593
3.94121
3.80069
28.1527
4.36271
7.23646
3.74139
2.68809
36.2962
4.2672
6.47539
18.5537
3.2
178.601
168.684
157.214
147.132
137.049
125.319
111.658
97.1007
82.7387
209.278
201.051
190.199
179.49
168.53
156.234
142.267
127.289
112.483
236.64
229.632
219.47
208.567
197.111
184.42
170.204
154.872
139.355
260.429
254.382
244.953
234.238
222.63
209.722
195.283
179.567
163.325
279.493
274.226
265.577
255.341
243.879
230.942
216.367
200.383
183.82
291.979
287.369
279.537
269.97
258.891
246.138
231.635
215.692
199.368
295.825
291.785
284.73
275.889
265.348
253.009
238.892
223.435
207.924
289.59
285.991
279.529
271.31
261.345
249.603
236.199
221.692
207.525
273.351
269.929
263.745
255.904
246.427
235.348
222.86
209.62
197.256
249.14
245.501
239.245
231.515
222.38
211.915
200.345
188.367
177.762
220.394
216.145
209.63
201.911
193.067
183.161
172.405
161.43
151.871
190.361
185.542
179
171.506
163.106
153.828
143.861
133.724
124.728
160.68
156.528
150.7
143.893
136.217
127.736
118.648
109.374
100.877
133.738
131.3
126.832
121.059
114.293
106.715
98.5777
90.2505
82.4222
112.278
111.388
108.198
103.395
97.4697
90.7272
83.4781
76.0773
69.0862
97.2121
96.879
94.346
90.1359
84.7879
78.6725
72.1344
65.519
59.2851
87.1549
86.4939
83.9948
79.9701
74.9041
69.1775
63.1437
57.1423
51.5748
79.5739
78.4046
75.6524
71.5679
66.5812
61.0646
55.3666
49.8194
44.8078
72.6103
71.1033
68.1003
63.9005
58.9217
53.5355
48.0815
42.872
38.249
65.3994
63.7565
60.6196
56.3679
51.4308
46.1892
40.9742
36.0701
31.7479
57.7438
56.1104
52.9729
48.7792
43.9772
38.9592
34.0475
29.4993
25.542
49.8315
48.2976
45.2701
41.2467
36.694
32.0111
27.5027
23.3884
19.8383
42.0583
40.6608
37.812
34.0502
29.8566
25.6251
21.6277
18.0369
14.9666
34.9161
33.6031
30.9387
27.5005
23.7535
20.0712
16.6716
13.6686
11.1302
28.9427
27.4808
24.9443
21.8696
18.617
15.54
12.7821
10.3785
8.37805
1.31735
1.25806
1.20429
1.16138
1.1366
1.13822
1.17373
1.24857
1.36631
1.52949
1.74091
2.00438
2.325
2.70926
3.16448
3.69842
4.31823
5.02909
5.83281
6.72629
7.7005
8.74068
9.82788
10.9397
12.0516
13.1392
14.1883
15.207
16.193
17.1384
18.0378
18.9059
19.752
20.5878
21.4375
22.3301
23.2959
24.3699
25.599
27.044
28.7791
30.89
33.4672
36.6
40.3705
44.849
50.0938
56.1533
63.0588
70.8217
79.4171
88.7722
98.7609
109.191
119.821
130.355
140.477
149.863
158.24
1.26149
1.20364
1.15226
1.1136
1.09508
1.10355
1.14417
1.22032
1.33409
1.48746
1.68319
1.92541
2.21973
2.57314
2.99406
3.49173
4.07539
4.75289
5.52852
6.40022
7.3577
8.38617
9.46866
10.5862
11.717
12.8398
13.9385
15.0038
16.0322
17.0249
17.9904
18.9432
19.9005
20.8844
21.9238
23.0535
24.3126
25.7453
27.3989
29.3177
31.5335
34.0576
36.8779
39.9675
43.305
46.9002
50.8126
55.1527
60.0644
65.6947
72.1619
79.527
87.7769
96.8129
106.45
116.419
126.389
135.999
144.899
1.2132
1.16181
1.11727
1.08585
1.07445
1.08905
1.13362
1.21029
1.32036
1.46543
1.6481
1.87244
2.14385
2.46938
2.85736
3.31696
3.85748
4.48728
5.21209
6.0331
6.94537
7.93798
8.99523
10.0982
11.2264
12.36
13.4837
14.5887
15.6727
16.7407
17.8053
18.8868
20.0123
21.216
22.5389
24.027
25.7265
27.6768
29.8998
32.3861
35.0861
37.9112
40.7537
43.5196
46.1666
48.729
51.3227
54.1293
57.3678
61.263
66.0142
71.7675
78.5904
86.4499
95.1996
104.58
114.236
123.753
132.713
1.16612
1.12279
1.08635
1.06166
1.05458
1.07061
1.11392
1.18714
1.29198
1.43012
1.60397
1.81711
2.07433
2.38189
2.74732
3.17892
3.68519
4.27391
4.95086
5.71836
6.57411
7.51079
8.51654
9.57618
10.6729
11.7906
12.9169
14.0448
15.1748
16.3162
17.4877
18.7184
20.047
21.5209
23.1928
25.1137
27.3213
29.8237
32.5833
35.5072
38.4542
41.2615
43.7865
45.9484
47.7529
49.2956
50.7462
52.3264
54.2878
56.8928
60.3946
65.0114
70.8881
78.0516
86.3708
95.5409
105.11
114.545
123.331
1.09614
1.06046
1.03255
1.01578
1.01468
1.03389
1.07753
1.14879
1.25009
1.38361
1.55187
1.75818
2.0069
2.30321
2.6535
3.0648
3.54418
4.0981
4.73153
5.44693
6.2435
7.1167
8.05856
9.05836
10.1041
11.1848
12.2922
13.4237
14.5846
15.7898
17.0655
18.4504
19.9943
21.7543
23.7866
26.1316
28.7948
31.7269
34.8134
37.8826
40.7371
43.2001
45.1588
46.5895
47.5582
48.2032
48.7129
49.3092
50.239
51.772
54.1958
57.7944
62.803
69.3336
77.2952
86.3472
95.9258
105.35
113.986
0.997967
0.968357
0.947941
0.939343
0.945728
0.970635
1.01756
1.08966
1.1897
1.32027
1.48409
1.68436
1.92496
2.21047
2.54596
2.93704
3.3895
3.90843
4.49784
5.15998
5.89481
6.69976
7.56988
8.49847
9.47818
10.5029
11.5694
12.6804
13.8464
15.089
16.4421
17.953
19.679
21.6798
24.0016
26.6568
29.6011
32.7198
35.8336
38.7286
41.2039
43.1192
44.4219
45.1483
45.405
45.3441
45.1437
44.9993
45.1274
45.7754
47.2288
49.8036
53.8056
59.4447
66.7203
75.3309
84.6752
93.9767
102.496
0.876091
0.850445
0.835196
0.832865
0.84598
0.876947
0.928315
1.00261
1.10221
1.22955
1.38731
1.57855
1.8068
2.07605
2.39072
2.75545
3.1746
3.65233
4.192
4.79559
5.46354
6.19465
6.98626
7.83473
8.73645
9.68959
10.6956
11.7618
12.9044
14.151
15.5424
17.1317
18.9782
21.1331
23.6188
26.4068
29.3985
32.4269
35.281
37.7495
39.6704
40.9633
41.6359
41.7674
41.4818
40.925
40.2501
39.6172
39.2018
39.2097
39.8924
41.5512
44.512
49.0502
55.2684
62.9745
71.6426
80.5109
88.7991
0.733486
0.709634
0.696331
0.696034
0.711515
0.744802
0.797339
0.870567
0.965975
1.08538
1.231
1.4056
1.61242
1.85519
2.13799
2.46505
2.84048
3.26765
3.74879
4.28557
4.87899
5.52905
6.23502
6.99567
7.81025
8.68054
9.61153
10.6146
11.7102
12.9316
14.3253
15.9465
17.8483
20.0576
22.5566
25.2706
28.0581
30.7269
33.076
34.9368
36.2102
36.8761
36.986
36.6407
35.9643
35.0841
34.1267
33.2162
32.4876
32.103
32.2697
33.2513
35.3561
38.8818
44.0029
50.6392
58.3855
66.5716
74.4484
0.565431
0.541131
0.526618
0.524543
0.537545
0.567638
0.615101
0.679709
0.762444
0.864634
0.987245
1.13265
1.30391
1.5049
1.74049
2.01537
2.3354
2.70327
3.11775
3.57907
4.08918
4.65042
5.26425
5.93277
6.65891
7.44802
8.30712
9.25048
10.3025
11.5021
12.9041
14.5592
16.4931
18.6762
21.0222
23.4282
25.7455
27.7678
29.3623
30.4448
30.9857
31.007
30.5784
29.8076
28.8019
27.671
26.5188
25.4479
24.5561
23.9396
23.748
24.2072
25.6099
28.2692
32.4313
38.1509
45.136
52.7898
60.3473
5.06753
5.17841
5.34929
5.52764
5.68014
5.7842
5.82469
5.79563
5.69826
5.53706
5.32415
5.06619
4.77262
4.46251
4.14929
3.8424
3.54687
3.26327
2.99018
2.72633
2.471
2.22374
1.98269
1.7398
1.48157
4.71021
4.9585
5.18425
5.38703
5.55223
5.66415
5.71141
5.68931
5.59924
5.44691
5.23928
4.98243
4.68621
4.36679
4.04235
3.72663
3.42675
3.14424
2.87722
2.62271
2.37802
2.14108
1.90914
1.67626
1.43091
4.41113
4.66188
4.9005
5.1151
5.2906
5.41245
5.47034
5.46005
5.3831
5.24432
5.0491
4.80367
4.51792
4.20643
3.88572
3.57012
3.26896
2.98623
2.72195
2.47406
2.24
2.01711
1.80195
1.58878
1.36624
4.11078
4.32937
4.55337
4.7634
4.94088
5.06969
5.13864
5.14264
5.08204
4.96033
4.78217
4.55373
4.28439
3.98724
3.6772
3.36823
3.07097
2.79185
2.53323
2.29489
2.07509
1.87103
1.67846
1.49106
1.29686
3.8177
3.99075
4.18325
4.37473
4.54448
4.67433
4.75123
4.7683
4.72408
4.62052
4.46137
4.25231
4.00193
3.72203
3.42601
3.12784
2.83908
2.56815
2.31972
2.09521
1.89344
1.71095
1.54214
1.37843
1.20849
3.53642
3.65949
3.81216
3.97602
4.12993
4.2542
4.33389
4.36021
4.32976
4.24294
4.1025
3.91334
3.68309
3.42225
3.1427
2.85885
2.58293
2.32492
2.09118
1.88409
1.70234
1.54147
1.39459
1.25035
1.09835
3.26642
3.34004
3.45094
3.58313
3.716
3.82907
3.90609
3.93665
3.91577
3.84245
3.71855
3.54818
3.33801
3.09724
2.83632
2.56996
2.31082
2.06993
1.85463
1.66738
1.50594
1.36503
1.23697
1.10784
0.968855
3.00575
3.03367
3.10456
3.20466
3.3139
3.41175
3.48118
3.51087
3.49467
3.43044
3.31942
3.16524
2.97397
2.75345
2.51276
2.26667
2.02783
1.80755
1.61338
1.44723
1.30573
1.18281
1.06988
0.952227
0.82225
2.7569
2.74281
2.77622
2.84529
2.93016
3.01054
3.06884
3.09326
3.07722
3.01726
2.91444
2.77229
2.59749
2.39614
2.17603
1.952
1.73577
1.53852
1.36709
1.22248
1.1002
0.993799
0.892561
0.781774
0.654539
37.1214
37.0867
0.470504
8.55369
0.742106
0.927105
2.41783
4.16615
0.397048
19.8532
0.249846
3.67322
16.5636
3.86518
5.20762
0.869146
0.383329
8.1564
40.1762
0.237591
19.946
4.53773
0.10262
4.6021
4.97567
2.40242
4.84664
0.641796
29.5267
0.427604
125.775
3.92107
8.49805
23.3425
0.16102
1.47144
10.2352
4.97621
15.1084
5.21997
0.139856
0.00793582
3.93461
1.27067
3.52542
19.0608
0.187348
0.122021
19.2776
27.5711
0.189976
5.55249
25.2403
7.96553
2.65062
0.423043
5.1555
25.015
2.7917
12.7745
0.490513
0.529748
0.814912
2.88318
4.07004
1.77533
34.36
3.76893
15.6302
26.674
0.446651
5.9065
2.20981
0.488603
5.83492
21.132
3.00398
0.157018
1.99298
7.61201
22.9446
0.752973
3.24379
0.176603
0.558814
0.549654
2.64813
0.148507
8.78885
22.1825
4.0712
50.9711
2.48433
3.57775
1.77628
0.253545
2.37553
0.196345
0.168051
13.8512
0.677509
0.279955
0.682424
7.3722
3.1095
2.29614
0.089588
22.7383
0.617482
0.47766
4.14346
3.78647
0.649564
6.9983
26.1735
20.1593
10.8289
5.74326
23.8926
3.20225
0.0888874
4.35234
4.72447
4.92723
7.71757
3.93243
4.5576
2.66548
20.5496
0.126796
3.37035
0.645697
25.0577
21.9637
1.04307
2.58501
3.2406
0.643566
0.593095
0.161281
4.26776
12.0853
8.8063
0.104454
25.5866
0.838456
8.8323
15.9223
0.816139
0.23796
3.59715
31.3793
8.90004
9.11988
6.9347
0.176291
2.99363
4.29405
6.60742
4.0187
4.20367
0.407108
2.75032
0.197516
2.45584
0.179064
6.41404
4.69559
1.40728
2.77244
3.32803
3.21067
2.9815
0.177818
105.031
1.4911
19.1414
27.5795
16.1063
4.39141
20.6626
3.69967
25.5083
18.1425
2.34701
2.06315
0.179534
0.587407
18.6541
0.764019
0.18692
10.631
13.2452
11.4311
5.601
12.8428
6.04741
4.42003
23.0067
35.4077
14.1758
3.59944
0.671487
0.551909
4.68339
4.05842
32.3678
0.579272
19.4027
4.55753
3.16967
3.01863
21.8616
4.8063
3.89537
0.0930037
1.77459
9.18297
10.1559
20.291
0.817337
0.00166486
6.76901
0.822646
6.2976
8.39453
9.07518
0.36444
0.506426
1.95905
0.175042
1.45641
2.89747
2.77778
13.7387
9.66673
12.5728
0.71009
17.6114
4.80805
153.565
0.503387
2.63205
1.36226
2.38531
3.14989
3.70204
4.8293
0.975937
3.25832
0.363995
1.70134
31.6098
20.9611
0.920073
4.25157
0.52072
4.21158
8.3629
49.1778
1.86276
27.2174
1.81503
6.76502
0.924619
4.7474
3.3083
9.2738
2.2284
4.63279
17.8207
13.8873
0.234453
8.80769
18.7683
9.13005
22.5423
0.342545
9.01091
1.24256
2.23613
3.56931
4.60339
17.3894
16.4133
0.411
2.1694
6.22441
0.220373
0.124007
1.94188
2.81116
0.0846799
0.22612
21.5805
0.0817015
2.74389
71.0688
3.78365
19.3661
4.79469
4.06478
3.71241
0.467556
0.861335
2.83224
19.8111
124.571
0.165833
0.652699
6.29218
9.24492
11.7262
14.9654
0.195063
13.3338
0.184156
21.4299
4.87531
27.4141
6.96029
2.65116
3.77265
109.641
2.50801
4.56805
12.1498
22.834
83.0542
23.3181
2.4727
5.29326
1.04683
14.6201
0.119065
0.604053
3.08997
2.83504
0.140347
2.45815
2.72938
3.64325
19.5526
13.9886
1.27969
1.81479
0.873296
0.608277
2.62733
0.178752
11.442
2.55383
0.1234
9.28631
0.222482
6.34756
31.6924
1.00706
2.74007
0.178715
20.1947
0.121924
4.2871
9.85485
0.00114092
2.80467
1.39624
0.182272
2.1667
22.3343
12.3543
10.5606
31.1151
0.337216
17.2595
4.4138
4.7154
2.14718
5.32017
12.4606
2.69929
2.67377
7.11676
1.41537
1.12889
25.9761
2.37237
0.262069
0.252118
0.201788
3.33175
3.71985
12.2267
3.83812
20.242
34.0495
2.827
7.47798
3.85202
29.1325
4.1195
3.58845
0.586593
37.7934
3.63648
0.106548
3.43143
9.51625
23.6558
134.989
10.2622
1.94051
19.5339
0.681309
2.52888
6.82484
16.6075
0.178103
3.82999
46.1008
2.4004
4.67495
16.0534
0.609185
1.65292
0.167154
0.103246
4.0795
164.25
4.40566
0.682838
4.00271
25.5225
1.83435
1.8127
1.3758
4.28854
0.0726245
0.686794
4.5656
3.85776
5.25047
0.208889
1.33052
15.9434
5.29102
0.624306
4.7087
3.04449
2.29343
0.344225
4.20013
2.68473
18.6216
12.9584
28.3089
0.179563
0.501693
3.58751
5.26383
2.93013
2.50475
12.2873
22.5051
0.664425
3.40989
2.55016
0.655208
4.01127
0.248067
6.52675
3.11331
0.112446
4.81065
4.78805
21.9323
36.5388
3.24741
16.0662
16.6458
3.05717
13.3238
0.0506161
3.72748
0.175947
0.945595
0.617276
6.23244
29.5583
4.7454
7.0796
2.3118
4.93878
4.80373
2.30421
2.08982
7.16705
0.482247
2.93716
24.6621
4.16881
1.90536
1.34751
1.01118
19.5001
23.8685
0.570641
0.8952
3.13985
3.4522
3.2864
23.3951
96.6236
37.057
1.57678
0.186879
0.926414
15.4794
4.57064
4.78316
6.01978
0.122529
0.224492
11.1613
23.0286
9.83233
0.283001
3.13038
4.09163
3.29094
1.30221
5.51061
8.90575
1.51899
3.08228
3.49853
3.39944
17.068
21.8274
2.21021
26.6737
0.471595
4.30224
0.0903413
0.126712
1.23674
2.64334
1.12584
0.56051
0.338695
10.9101
11.1912
21.1529
20.8616
16.1524
0.182052
6.69258
6.40624
19.4752
18.0197
167.003
20.7951
3.55206
19.9459
0.364424
33.8754
4.32931
2.57085
4.16031
1.27309
10.7424
9.83001
7.79928
2.30955
0.981448
0.586284
0.176019
18.1713
0.751967
1.10655
0.135131
26.6805
3.25145
4.96784
3.9809
6.8355
3.9914
0.928287
28.2655
3.28498
1.53173
0.796778
3.02924
12.9828
7.27055
2.48937
22.379
15.1797
0.893033
4.2245
19.1972
0.707389
0.00573567
3.9654
4.28038
0.882669
0.423875
55.4169
6.06678
4.48269
4.10005
13.3886
3.32462
1.31566
1.72567
22.3267
9.59066
0.922337
1.74039
3.30258
3.82681
2.60407
15.9516
19.7243
3.3953
15.6665
0.170773
0.616787
7.35931
2.87675
4.47011
3.32522
0.438339
0.88019
2.88419
19.5223
8.82475
6.4738
36.2341
13.705
4.13188
2.26391
1.64144
4.20276
0.842663
7.23077
2.7572
1.96267
16.4895
11.7404
10.1634
0.687592
19.9491
0.118165
10.5723
64.5719
0.176812
46.2007
17.7579
4.34843
17.7867
7.0906
0.208151
0.120424
3.34146
4.09015
4.60265
4.30963
1.45265
26.4325
3.29339
11.8336
0.641854
7.73894
0.0165773
2.52591
18.7501
1.89333
15.4363
11.1192
0.220276
22.9601
3.91311
2.83708
3.27382
2.1642
2.16976
25.4991
0.0755325
4.00969
3.81728
4.0194
0.232671
3.76228
8.41547
3.27227
2.29391
29.026
0.522574
3.2266
2.81381
3.9243
1.15313
6.75864
6.38052
2.70496
8.60218
6.42878
0.124434
3.83173
28.2003
0.0955066
21.4539
3.02279
3.59894
0.131243
2.24322
2.03402
0.660943
2.24112
18.8764
12.932
169.453
2.27875
3.68049
138.138
3.88113
8.90688
23.2174
3.76408
13.0343
17.3346
1.61281
27.6507
17.2619
1.28815
0.227427
9.29549
9.06049
0.826061
0.0232623
4.59808
2.64967
19.3754
37.593
10.9652
3.42426
2.26048
9.85306
3.99042
1.53613
0.17577
2.44107
3.24727
1.54169
14.7704
22.9366
18.2266
0.044193
3.40212
2.75304
0.0714911
36.862
24.4762
0.100963
11.3799
4.04226
11.4258
1.50173
0.147314
1.62286
1.36465
0.654522
4.46148
3.49238
0.965642
0.725699
2.75521
4.13098
1.99571
1.30895
3.75535
6.16726
4.11481
4.04745
8.61229
2.94939
0.178657
0.781916
15.1983
10.0117
17.1228
4.9946
0.118404
5.69982
0.178201
3.16534
14.1252
0.494077
16.5221
19.7658
18.303
3.5408
19.3261
9.45314
15.2693
0.117696
0.112385
4.15703
3.86376
12.568
0.465688
2.48304
0.909105
26.2811
3.52465
1.15228
7.07054
5.02254
2.43133
0.343579
32.7047
38.6138
2.58859
5.31953
0.333198
16.7298
9.83473
3.73134
4.00615
1.89957
14.6522
4.83227
1.46362
39.2383
12.5674
2.64362
9.28023
8.92216
18.9404
2.80148
16.9163
3.98547
6.01963
19.1656
5.53418
13.6204
3.1177
2.23369
18.4486
0.132294
7.13624
3.59461
2.62235
6.90504
0.16479
0.827516
1.8979
17.3099
4.52676
0.0279422
4.59149
1.50465
0.174186
3.78873
0.174667
1.00442
0.0547487
13.3701
0.930058
11.3642
7.57442
16.2343
5.48408
3.83532
0.174965
8.74881
8.56488
10.0717
14.8483
2.87854
2.17077
1.5568
2.43925
0.632113
21.3494
17.0575
2.72055
7.2742
6.20151
11.1276
11.9376
0.436782
12.6842
31.5361
27.3921
8.35049
2.37831
0.121066
0.0912932
22.3731
19.766
29.8825
18.1205
1.79994
3.69543
15.2465
27.5821
6.21916
26.3156
6.96323
1.01136
3.31119
37.6472
0.119326
1.51352
6.76777
19.0438
24.9991
18.1272
22.3398
5.56826
0.693262
4.91481
11.0667
37.1948
25.6395
4.05136
0.483968
0.924728
0.88151
16.6772
0.224076
0.69293
18.6202
16.4221
13.9669
12.1781
1.92763
4.26656
1.25936
18.2512
0.669676
17.461
2.84371
0.624822
2.15367
176.71
30.2832
22.456
0.521689
3.38881
5.06374
1.84549
0.670189
2.39096
0.674526
0.609993
23.0235
0.594595
14.7242
3.48623
2.59191
6.9882
124.787
5.53855
2.35768
0.678486
20.0525
1.74704
1.74829
17.51
0.219816
1.5351
2.86343
1.75372
2.81087
6.03025
26.1976
0.884514
0.801907
0.597403
0.870389
1.3089
21.307
4.43308
19.6879
8.18551
5.82387
0.359583
1.85862
1.55637
10.4678
6.50772
13.0931
3.14283
2.82092
1.0097
18.8187
18.2296
3.57181
0.453077
5.33535
0.177925
1.60293
22.8409
1.16709
4.02351
16.0373
3.42031
4.35456
2.51583
5.25912
1.47076
5.58341
15.4264
6.19617
0.291058
2.26361
0.133295
1.39307
2.33116
15.9236
1.30116
0.175492
0.568634
9.79034
1.71288
6.62522
2.31572
1.30921
5.50965
6.62676
1.14648
5.69657
7.65534
3.73607
19.0212
2.64907
3.9395
31.9628
2.03836
5.05997
5.95307
0.174759
7.97827
16.7213
2.56857
2.08008
0.846239
1.12552
5.74181
0.69373
30.4919
0.12956
0.177493
0.92046
0.904463
1.95145
17.9728
5.34408
1.50637
7.69008
1.09487
14.2973
1.9511
5.39453
0.850692
10.9888
122.95
7.00372
33.8348
16.6548
11.2999
4.41959
2.94044
2.23316
14.348
22.149
5.85691
0.190128
19.3781
0.749636
1.69025
23.3499
0.189048
4.38053
4.67185
5.96636
5.98598
7.41009
1.71531
3.06985
2.36687
5.97933
22.8625
1.4093
4.85313
2.68944
4.49598
2.78554
0.104673
1.354
19.1672
4.84088
12.6181
4.04243
1.29162
178.861
4.09904
0.989119
2.78523
8.48312
4.14824
3.67136
2.37366
32.7476
31.2838
4.68757
6.82694
7.04916
1.06719
38.5034
3.40593
7.47624
38.1616
18.1721
0.13525
3.63219
3.07786
15.0556
1.07944
23.9628
2.31768
17.5632
0.694588
11.7559
1.54517
20.9939
1.35585
0.185934
14.595
0.425759
37.1415
23.8301
9.39671
3.84067
7.0926
20.6023
3.63667
5.35512
0.804038
1.48858
4.0081
1.93646
4.03218
4.90973
4.80048
1.01185
2.2912
0.851539
1.96351
2.04966
0.177374
0.320738
0.198593
0.220578
0.741091
0.752146
2.92444
3.36752
5.00914
14.8753
3.24433
9.60021
5.74563
5.83641
15.2413
2.07178
0.774939
21.8522
3.77394
4.74153
0.808658
0.812964
10.2114
0.589728
9.57464
21.5566
2.34324
2.09173
0.328734
1.0699
3.24082
2.82575
8.41854
1.53271
5.87643
23.2822
2.8904
10.54
16.3985
0.847596
2.91347
4.54545
2.76104
0.752738
12.0464
8.73004
3.11598
20.6287
3.33541
2.51962
32.0491
1.92647
23.2475
4.5129
0.59931
1.98174
14.129
1.58926
5.49829
5.40958
0.158765
14.9698
2.00299
8.21755
8.83066
3.96799
6.44409
2.22795
4.9025
18.4373
1.58925
26.4058
13.6025
93.6606
4.41011
0.921651
29.5895
12.0671
18.2692
12.1669
13.4455
0.0589475
10.3851
31.9402
0.185998
31.8271
11.0442
23.3002
10.2852
16.7367
0.441121
15.3706
2.76467
0.368235
6.36521
8.93948
19.1124
7.95162
0.125809
23.5922
0.985156
4.08811
1.93707
22.0992
5.62514
8.80007
4.84159
0.199485
3.40394
17.2162
4.65834
3.07251
1.16192
0.609345
5.35317
16.2795
0.13316
4.10269
20.4689
1.11711
3.18419
32.7004
1.5605
25.2107
23.5282
4.69979
4.47191
19.3553
5.97747
10.6296
1.46176
2.78118
36.0204
18.404
8.42254
0.503433
13.0968
20.0386
5.83379
7.41817
0.923428
21.5912
3.04377
14.7013
0.624152
0.168017
3.35936
19.7816
0.119202
4.22845
5.24433
24.5442
3.67875
3.02543
0.00754726
13.3608
20.4989
0.611825
10.2829
1.96849
0.988753
12.3498
3.92262
3.30991
17.6812
11.7873
3.47426
5.61268
4.736
3.60607
17.0228
32.5938
18.8627
12.9647
4.98382
1.68262
20.0086
0.129462
1.62585
34.432
1.48839
9.38408
39.3259
13.1531
15.5306
4.01362
20.3603
5.2341
2.15738
16.5978
3.48515
6.19494
1.59179
3.49476
1.79457
0.909422
20.3057
0.140177
11.0141
7.0012
0.227659
2.87748
13.5433
4.71666
0.137217
21.8805
0.758909
25.9426
2.65295
4.92776
1.30407
16.2335
17.5414
4.38221
2.54389
1.87216
5.85592
3.36546
0.74252
0.0934352
16.2829
3.72975
9.05635
7.37075
3.65125
22.3207
4.71145
23.5506
0.398279
0.845052
3.17349
52.2746
1.09079
77.1464
0.498255
11.2742
5.87917
17.6133
5.09008
2.51472
16.5194
0.437417
2.37402
0.711975
38.0705
12.817
4.853
2.66996
3.0162
10.6617
3.69231
0.840606
60.6467
30.389
1.66857
9.99954
0.784653
0.136248
1.5447
23.5188
0.119106
67.9698
6.90709
5.64706
1.11423
24.0244
4.93315
19.6942
1.97023
2.22169
0.490074
3.25047
1.46289
3.31097
1.12295
2.10097
1.36566
14.0285
20.3413
14.1398
0.395478
0.690791
3.05549
4.90101
0.661716
2.55263
1.1924
22.8453
2.08026
18.9992
15.3961
12.059
5.21537
5.37873
2.40884
3.26223
17.0024
12.1255
3.10709
4.12413
28.128
129.74
6.13479
3.86581
6.0187
1.7616
0.544487
2.69885
9.27915
0.508292
12.0803
5.40319
9.35484
0.43197
18.2396
28.8599
7.55598
5.7313
5.30391
0.46271
3.82734
5.53206
15.6624
0.0519661
23.1896
0.746455
4.92305
7.14525
4.90406
0.405466
0.892416
2.56804
18.0971
9.10892
12.5093
20.6623
3.8266
3.2535
0.128047
72.7224
23.8725
2.09465
1.09823
8.11749
1.83306
4.88939
15.489
3.49743
9.26183
15.3518
4.18386
2.9
3.97669
0.960404
13.8495
3.83953
1.06272
8.77708
2.63618
3.57114
0.0724188
0.973256
11.827
0.404661
22.6044
0.555902
20.8646
1.59773
14.524
0.127264
0.150673
19.3595
6.9168
0.0528058
21.171
9.93356
2.95854
18.9779
1.13754
6.31403
18.995
22.375
4.33314
0.170482
3.09018
18.3002
0.983893
4.87788
3.92133
1.15951
15.3385
3.16463
5.26712
5.9465
5.96688
6.34977
9.568
2.20637
36.6499
1.78359
21.0875
1.8689
4.57971
4.08196
3.878
1.43154
2.86874
20.9476
17.6791
17.0175
2.66984
38.3009
17.3606
5.68079
0.175068
2.57937
0.616124
16.6763
17.4787
143.185
1.83978
1.05778
11.3468
3.62659
5.39822
16.0807
18.2416
1.16413
0.217149
23.0859
4.06845
0.737487
2.8757
0.530126
16.6318
2.0913
2.18566
2.46232
0.50245
1.03067
11.3542
19.4098
5.17068
2.92825
0.329406
2.12281
0.200328
3.80716
16.6861
2.62182
4.43602
0.744728
8.6447
2.43246
24.5219
3.52969
0.848838
4.73453
28.0551
17.5328
0.680643
17.3627
1.18453
1.02576
2.50445
2.99761
0.948509
3.84026
5.29373
26.7287
23.5103
2.91761
1.98272
5.78464
5.4739
0.199187
3.95536
1.12149
4.18733
4.85395
9.04067
0.179173
4.63364
3.4918
1.27848
1.28055
1.29927
2.57437
4.64759
19.4224
34.647
2.34679
3.28012
8.25466
95.9863
0.918327
3.67231
0.520344
3.25618
112.768
5.22486
5.23657
2.90488
20.5815
22.0232
0.501196
8.67959
3.16118
14.2283
15.7827
2.88233
2.4522
0.929169
4.09948
4.19127
0.718437
19.38
3.4366
2.58979
2.76618
3.26909
3.34683
20.5378
3.16991
3.64481
0.582312
45.9519
16.7321
3.22558
8.29285
7.48454
0.672586
2.45465
1.97536
18.8944
4.19229
1.43159
5.14698
17.0828
5.10913
9.65862
3.36618
13.8149
6.50461
0.111538
3.46747
1.15369
3.64757
12.3919
0.44406
15.4943
5.19837
0.232781
2.93386
1.64244
11.209
3.74846
17.9292
2.25879
6.80301
5.61268
4.59485
8.58156
4.53872
2.65732
3.54133
37.6503
37.1315
3.44763
1.07616
11.7588
5.81297
1.49357
22.2415
2.83833
4.24555
3.2843
2.48758
132.669
7.53228
4.09976
1.04145
17.7027
3.64192
1.35328
5.54104
6.7897
2.06701
4.6646
3.49203
0.172742
0.648951
15.4029
0.128044
4.62123
0.054964
4.22956
2.47254
0.168397
4.3311
2.25101
6.15485
14.3549
17.5086
1.02461
3.64052
8.89772
17.8986
4.1906
17.3523
3.68139
15.2854
0.0077259
33.3736
9.64274
23.2747
2.63361
17.9575
1.16356
15.0573
0.179884
0.153739
34.6418
9.16813
4.82807
5.82168
1.52011
18.3535
4.70159
2.75412
14.6375
0.179006
33.3058
8.49096
4.86577
2.54488
2.32211
1.16944
4.02128
4.06666
2.71138
3.63081
35.9527
6.85714
6.15136
4.78463
32.7324
4.33358
5.89937
0.136026
3.78297
3.49664
14.4995
17.0901
2.99682
2.83158
12.8765
4.06559
2.05677
3.11331
4.08362
1.8501
0.661153
0.715441
5.15787
5.35481
4.32637
4.39171
16.5165
22.3217
3.19061
23.3286
1.3745
1.62854
18.8542
7.62756
11.6639
3.47648
4.79733
1.48033
3.77568
15.3151
36.1086
4.12274
4.21918
2.45637
14.3652
0.944902
3.13014
1.17011
1.91267
7.77779
12.2517
20.975
0.600424
20.6391
15.4667
0.0821736
8.3072
19.2886
16.3916
4.2208
1.41786
4.62059
1.91111
0.747712
4.07445
12.3648
0.331957
7.59356
16.3712
11.2163
0.081406
3.9851
4.43876
3.27591
1.5621
0.151344
3.89588
0.179305
13.8522
0.174946
4.00129
3.04902
2.47988
14.7165
37.2176
4.26355
19.2419
5.27009
4.45668
2.77798
0.180173
14.6565
0.478548
8.03199
5.92413
4.31716
4.37056
4.22168
11.5238
0.801133
6.07912
0.191896
3.46225
15.3435
9.45026
2.76892
11.0276
18.6151
0.00171509
0.934808
4.27957
5.08846
0.795344
1.0833
15.3088
0.915947
0.75622
4.2443
4.92593
12.7388
12.4665
4.20375
3.60152
18.3906
1.31554
16.194
3.59742
17.014
16.9059
4.74409
0.985131
4.0957
0.937891
2.45232
22.7326
2.79871
156.695
6.06341
6.60762
6.02814
29.0411
2.03879
14.9985
12.7049
0.124866
1.04233
2.01831
3.31958
2.395
0.191556
0.297133
4.36233
17.0374
5.33094
16.7478
0.356563
19.0978
13.5579
19.4713
7.2739
1.31059
4.18704
1.13404
16.9019
3.00039
9.90386
3.32311
2.89044
0.19327
2.7277
4.68534
1.61269
14.8211
1.66539
15.152
0.820721
6.60404
17.6172
1.95597
5.04139
1.76426
6.42198
2.15602
4.25745
3.66796
0.074339
15.6735
2.46499
32.041
1.44369
1.96571
14.7057
15.6996
5.94799
0.945453
13.8957
2.94851
4.26831
2.84349
17.9373
9.55262
18.422
2.91247
4.3589
4.7183
18.283
0.725432
3.61014
2.68149
0.084571
0.896083
10.0465
25.0131
0.00212239
5.18161
0.774023
7.89215
2.62337
17.5421
0.382798
1.50769
4.47079
0.240824
3.25973
12.19
13.2552
4.25193
3.02662
7.88074
0.178913
5.11827
19.6968
2.05141
0.0626927
3.49327
4.33196
3.56416
19.8122
9.44774
16.5979
0.528052
3.9474
3.19062
5.1983
2.97066
4.81858
1.01586
7.40501
2.55323
4.93231
34.0256
26.3444
8.21515
2.55188
15.582
0.243319
20.5583
3.54655
0.984159
3.77553
0.219869
0.179619
15.4288
4.78494
0.977801
1.65025
2.18828
6.32213
1.87382
5.75077
1.12876
3.4329
0.272314
16.5478
9.77356
89.8754
1.54672
0.330472
0.509727
16.6786
1.82196
3.6577
0.771171
2.64715
8.20588
3.0937
1.77834
24.6637
1.6921
1.68311
3.41032
18.0173
7.39443
14.0005
16.6483
7.08641
31.7765
27.7382
18.3434
8.90934
0.0769634
3.774
1.00471
14.4069
1.90862
0.839087
10.2426
0.983726
4.27067
17.0723
4.13624
17.23
2.28892
4.40285
0.772485
15.7059
1.09145
0.463479
0.198905
0.883302
2.10025
32.1725
5.24114
2.12453
6.90496
4.07599
2.52583
3.56406
2.36302
4.32323
1.38706
18.1136
3.105
22.6818
6.56454
10.0278
30.9999
1.9184
12.5331
4.27664
5.66973
0.699938
15.9577
2.17278
4.51356
4.47275
0.336821
0.929409
1.01488
73.157
3.52919
0.124411
2.23608
9.27941
11.9779
0.149503
30.2381
10.6051
15.5581
7.64555
14.073
16.9191
1.28468
0.153498
17.6591
4.71198
96.5584
6.60089
55.4099
5.54494
2.50902
0.169156
0.940061
2.93532
25.1556
12.2565
30.6471
14.4078
16.0512
61.548
4.05827
7.48157
2.85018
1.15734
4.58071
4.24438
1.39941
4.64145
4.37836
2.56888
146.197
2.79383
39.376
3.52503
27.197
6.06555
6.08008
2.99736
2.28096
15.4658
15.4373
8.62538
11.9078
19.6142
7.6521
12.1101
106.125
2.93288
7.95473
2.68406
4.51082
1.60345
2.74696
10.8781
0.9314
12.2024
1.92566
17.9462
5.90127
3.97159
4.50634
1.42857
6.44525
5.20235
6.17401
3.37151
1.56502
0.504968
4.65653
12.7947
0.709909
4.60118
1.70274
3.26954
17.0414
5.3954
10.4932
4.29034
114.029
0.505093
10.1329
5.34764
8.78079
2.71904
101.68
2.317
0.46442
1.48935
2.81017
1.3663
1.1958
10.1267
7.0804
29.0399
21.8006
37.5466
2.89101
0.17855
4.48611
4.37565
3.80546
17.1557
3.02045
2.33503
3.21966
7.35108
0.168475
0.32973
3.07151
1.79352
2.81235
3.06881
12.1764
6.64037
9.18833
4.02816
0.962537
0.137048
11.3872
5.16101
14.9426
6.87259
3.73447
2.7814
4.6463
1.0854
3.9863
7.83357
14.1911
4.0592
7.14788
2.61707
34.042
0.686065
0.501137
12.8873
0.109526
7.90242
2.5388
1.65124
4.5999
0.12882
0.953834
2.90154
4.15523
3.38857
3.04004
17.3266
3.19798
3.11055
3.26995
4.1894
0.604162
2.21053
9.53589
2.06361
2.84756
1.37598
0.219743
2.6698
14.6637
1.7458
0.828145
19.025
4.80268
4.47483
3.34859
1.48638
14.1865
0.25645
5.15003
6.37916
3.5927
3.24457
0.103219
0.00272048
0.189093
3.18273
0.126303
1.86243
8.80462
1.20372
16.5047
0.0576679
4.57299
10.9162
5.19231
0.0985239
0.397951
25.5124
3.85739
3.98348
3.49887
0.175982
7.93922
10.1046
1.4655
11.4111
1.91188
10.276
1.11029
2.82347
0.0023696
6.81326
0.161323
51.6809
20.1464
6.34436
2.08886
0.138991
0.144372
0.147471
3.23074
0.450632
8.72798
1.32099
0.597321
15.5913
62.4361
0.598793
3.94385
15.8559
5.74708
5.39356
5.44107
0.498592
0.426432
2.96541
2.61354
0.193172
1.16883
3.12995
6.5505
7.67067
0.327204
0.117496
8.97619
1.13994
37.0909
2.65216
3.82513
3.30299
4.567
4.8777
1.82992
4.16139
0.379657
3.00483
7.46929
6.80931
19.5838
0.821633
7.77644
2.77808
2.01243
3.96745
6.41563
15.8713
3.03703
3.23336
19.2517
10.2513
1.54575
0.993539
36.0427
5.09554
1.19556
6.63033
0.123619
7.87523
2.80902
6.9132
1.25116
0.120492
13.5181
2.86057
7.00948
0.129232
3.83789
26.2099
4.04175
0.167648
15.9409
1.86348
0.666984
4.11563
9.763
4.65936
3.5213
4.44931
5.42954
15.942
2.64671
4.63926
5.99036
3.42024
17.0737
9.38646
2.46693
17.4768
2.09848
0.229563
17.2466
4.92963
1.03932
4.32925
2.23671
0.386344
9.63527
4.19492
6.51305
16.9294
75.4171
2.58248
3.38454
1.2884
0.155317
14.6304
5.90378
0.190041
5.64703
10.2098
13.6011
8.54475
12.0552
2.70059
72.3731
3.57477
3.33971
4.02798
9.01498
4.37752
1.52093
9.55681
0.782271
8.56403
5.58938
0.908146
5.08202
10.2075
3.37076
15.8337
3.56738
3.66519
1.42503
14.1052
7.59446
7.19492
2.22454
7.23714
0.125213
0.332534
16.3503
3.30031
10.8032
15.54
8.06423
3.45373
0.154034
3.86659
1.28168
8.0358
14.9954
0.786096
100.025
5.26791
2.65475
0.0816073
2.62734
2.30455
3.60889
4.92844
31.5164
9.94206
1.70027
3.51965
4.51758
9.82073
3.24641
0.519864
6.31289
1.1358
1.62834
0.615012
0.383529
10.5306
0.122975
150.914
2.75252
21.0579
0.1797
7.52395
2.50211
0.367901
2.90155
3.90533
0.189708
0.558991
3.25227
18.0841
17.9492
8.40955
5.39366
18.5853
0.376329
4.03719
21.8216
9.7844
1.87787
5.20993
0.169782
2.72431
5.25356
0.137697
1.77628
2.40893
0.637299
3.94424
4.56144
18.8429
1.89314
4.53842
3.73532
7.78148
2.75173
8.64936
23.1167
5.29038
9.19619
18.5372
2.43154
0.206809
4.52934
4.64402
5.2614
14.3364
6.86126
15.4649
17.5587
8.87971
0.348848
0.179113
2.14244
8.55655
1.8597
5.1013
12.4121
2.00964
2.59725
7.18176
18.8165
0.328053
2.46021
0.179524
1.31577
0.359107
0.141132
4.5583
1.94199
0.0765926
0.176292
2.40949
3.69609
0.205893
0.997914
36.1186
6.64608
2.97678
4.25709
0.0526369
4.01394
0.441276
0.502769
0.0168035
0.0581972
19.2406
0.135308
0.520994
6.90447
17.5413
4.69457
1.83926
6.38752
0.110495
2.19651
0.160013
3.43827
2.50149
15.1372
4.5857
0.152848
4.77935
11.4177
0.730742
0.468517
14.8168
2.72363
2.32085
1.78579
5.3309
10.4417
0.563735
0.204104
1.82897
6.46518
0.563636
1.68991
8.20528
5.62072
1.43081
0.000735716
0.0194111
0.204328
3.58295
8.08481
0.131589
3.92802
3.93893
1.1667
4.66803
0.853019
0.336393
1.95253
4.74555
3.96229
0.649639
0.222476
6.65903
0.125653
9.34569
5.61176
0.177142
0.932019
4.93879
2.10015
0.0757089
4.18158
0.482849
0.182006
0.354695
0.963123
0.169623
17.7253
0.131675
3.08992
10.7441
2.01002
3.65229
0.384024
0.184641
0.000904421
5.75664
8.45384
6.72009
4.57137
11.4652
2.9869
3.73605
7.8372
4.24872
3.06137
0.157933
0.2504
3.65188
0.79568
0.1467
0.128031
0.155304
6.96729
0.112959
0.20325
4.09803
10.5705
0.17319
4.68449
15.0788
2.04852
3.37521
3.11066
7.28125
0.847853
35.4948
23.1052
3.62001
9.17951
4.86876
0.426202
5.33719
3.39043
9.82501
0.144521
7.01289
4.48222
0.204604
2.90513
15.3502
2.69266
0.69866
6.6283
0.211863
4.42844
3.41356
0.162629
0.140097
0.191872
20.4763
4.34588
0.160259
6.80945
0.111261
5.90723
3.62595
1.74442
1.24128
2.73267
4.2952
3.26853
0.229547
4.68763
0.168154
10.0237
3.16897
17.5259
0.202376
0.731103
1.28171
0.205368
3.05268
0.670598
2.19795
4.59416
4.32527
4.46965
4.20361
0.21663
0.312962
0.2383
4.14878
3.72122
5.39231
0.152411
16.0709
7.10746
22.0313
12.8738
1.89334
2.23082
2.00986
6.3541
4.51328
6.34333
0.330347
7.56003
3.49757
0.100781
17.0441
12.8263
2.88838
0.152364
5.26973
2.53307
2.491
2.82512
4.6638
5.71361
3.07082
2.63007
9.08907
11.9423
15.5016
4.40581
3.22421
7.8971
2.97926
0.190512
2.00928
0.340513
3.37446
0.243643
0.245302
3.58061
0.555077
1.75478
3.21144
4.35702
17.3315
0.207233
2.28845
0.590362
4.49323
7.01666
2.26462
2.46872
7.40269
10.0802
3.84408
0.282025
5.95327
3.47603
4.7918
31.7877
37.2623
6.42544
1.56588
2.64128
2.61199
8.13073
0.715439
14.0703
4.86117
1.44448
0.84035
4.08083
0.193287
1.88103
6.51808
0.413947
7.53766
4.40035
3.71279
0.235623
1.08929
0.914267
11.0671
2.379
4.45493
19.5015
11.6018
10.5675
7.37173
3.66136
0.502969
1.11123
0.264185
0.484204
3.59319
6.65046
4.09901
1.19218
1.77964
15.404
2.83664
10.8362
8.72078
1.62715
0.521902
3.10169
28.5868
2.14072
0.197344
0.37053
1.87995
3.80467
3.27231
0.397358
0.196828
1.02656
5.26071
7.45089
5.04154
0.52798
1.58636
2.9346
4.7298
6.42525
17.7816
17.2026
15.9406
0.426619
5.08545
1.98844
6.88633
0.489524
1.87133
1.18715
1.09974
6.48964
4.55953
1.16973
11.9662
21.744
0.179679
0.159652
0.331802
9.56729
2.32094
5.36828
0.0926858
13.4591
0.173043
3.48402
3.93596
8.12514
18.2408
6.89141
3.02385
18.136
4.50352
5.00549
13.7818
1.02329
0.278861
13.9429
15.0466
22.1967
31.0278
24.5202
7.99651
0.167039
4.33302
0.20319
5.95746
12.4866
0.325978
2.26177
17.6431
4.66425
14.4463
8.47727
22.091
0.556361
6.03144
1.6221
16.2326
0.17685
0.120122
15.2952
0.128711
16.4784
19.8256
0.161613
0.82676
5.11305
4.52998
4.54913
11.8358
2.51473
0.30635
0.145415
6.34146
0.160565
3.37498
4.23093
5.72463
6.78424
0.341963
0.13706
12.3439
8.04959
9.56209
12.4741
10.2273
3.39108
6.29884
21.7807
18.9827
16.1572
1.37048
3.52982
6.67224
6.39255
0.190101
0.0857363
6.18192
7.97049
9.29451
0.345961
0.170626
0.134874
0.334144
2.7219
0.0848931
27.1817
0.179223
0.176838
9.00948
5.46608
4.84913
2.74524
0.143596
8.27151
17.9383
26.3744
36.1736
31.9156
4.14467
0.130545
16.1869
7.28047
0.197395
66.6739
3.5067
0.1489
10.4734
0.148196
19.1077
2.14275
32.1864
1.78708
0.47557
0.199467
7.76887
0.760208
0.542254
0.75044
1.55157
2.90127
0.159477
1.8868
2.31291
3.05084
7.94433
2.38823
35.1951
5.70131
3.0456
0.157485
6.04015
0.227066
3.64478
6.94063
17.5452
10.3728
25.5962
0.56828
6.00267
0.353905
1.49633
2.23504
1.20538
17.0987
30.3184
6.52616
3.67393
0.0796898
0.0200257
3.33132
1.0709
0.0975035
0.177571
1.3666
5.79606
5.62339
7.08337
2.90328
1.84362
15.8359
0.240013
23.5381
3.94417
0.220767
0.252244
0.187328
0.162908
20.3008
5.62753
2.82153
26.1005
2.4133
1.25759
2.54944
0.15706
26.9367
8.77435
0.336747
2.8295
0.24721
1.5926
4.15888
0.509278
4.74958
5.3709
36.9512
4.04137
5.72087
4.94952
5.25562
2.27499
2.61058
5.38727
1.79003
0.149148
0.00922492
9.01394
5.1052
0.186899
4.13771
2.50677
6.47233
6.398
38.8782
14.8353
5.34806
0.00624647
24.333
2.26378
3.80129
10.7968
0.530724
0.163934
9.9353
16.4966
0.0914542
0.178974
2.85046
8.45884
2.28487
30.888
3.22187
23.6739
0.899948
4.59428
11.7875
0.192161
5.79066
1.47866
7.95189
13.7817
2.22787
0.329258
8.89031
11.2094
0.551429
0.0403707
5.44737
2.69156
1.02725
0.51857
2.88902
1.58017
0.474057
0.121344
1.37969
4.86146
2.62304
0.151717
3.42809e-06
0.171741
4.30205
17.4257
0.179388
0.317311
0.887721
27.1264
7.13362
1.67775
8.78087
2.66921
2.24374
7.22101
1.3321
21.1734
2.27482
3.56474
58.3303
0.117826
0.691635
3.52371
2.30088
3.5321
15.1131
6.56728
13.5391
7.34639
0.973888
19.2448
2.4669
4.11901
3.27455
26.4209
32.6022
1.22825
1.73684
5.99076
1.89659
10.0497
3.05658
0.299217
2.84257
0.321719
0.150912
0.164172
3.07367
0.172922
6.27749
2.33643
0.237515
0.116104
5.19406
18.4688
3.36276
2.85182
0.179794
0.636413
3.00205
0.24738
25.8546
21.6827
0.7075
2.97572
15.3835
5.7204
0.225312
2.15436
1.94857
1.57546
0.167743
15.8111
0.180952
155.409
6.24847
3.00984
4.49429
0.89705
25.4273
33.4223
1.67788
0.786154
1.57904
4.86788
2.86335
3.03531
0.141813
0.145638
5.88412
4.37322
3.46242
13.5645
101.492
4.46337
3.85369
28.9393
21.1621
5.08543
1.54985
6.35152
3.28599
37.1237
12.5674
7.45178
4.86189
6.15982
1.79073
3.73247
7.16333
1.34065
4.04013
7.215
0.370842
8.17339
4.15732
15.8924
1.26969
3.66522
10.1316
1.84585
21.7604
22.1049
0.154008
3.02679
0.172738
0.134845
3.28664
2.45884
2.89956
6.30886
5.59257
11.2872
4.89588
13.9931
10.8279
0.775671
3.31767
3.04931
2.33712
1.3954
4.22541
7.11004
28.2773
0.114541
22.1315
5.38835
0.75017
0.175905
0.80998
3.33607
6.66596
0.161286
4.15242
25.0933
18.0047
6.08006
3.12789
0.494869
2.6898
1.72228
1.53119
1.95055
8.65659
0.156429
8.85888
1.12138
7.69108
18.9893
36.1869
2.0682
2.30415
7.11374
4.90757
3.79483
2.69531
17.0377
4.96393
0.17946
2.55098
16.6313
6.31278
5.44334
2.53186
14.6006
3.49117
15.0096
9.82777
1.0794
1.05896
8.40359
8.32833
1.07809
3.01313
0.104065
0.143183
20.5465
4.09815
12.4123
0.201082
3.71428
2.62472
1.0853
6.30977
1.17287
1.13152
1.1126
11.0605
3.73357
4.07705
2.77109
2.00271
3.93218
0.203447
0.128511
14.3768
0.456857
2.62566
5.84573
1.3354
0.0835729
1.85197
0.609351
5.12665
0.74176
3.07633
2.18569
1.99854
2.4071
6.31236
0.768667
14.408
4.32618
2.35961
0.151
0.135136
15.5894
3.37098
22.0942
15.593
4.9202
1.52659
1.64445
0.225279
0.179893
7.71364
2.9437
0.35159
18.5419
5.25006
0.383818
3.13279
4.34478
5.23046
6.85069
8.42079
3.07146
15.0723
34.2003
7.15408
1.02945
0.194716
2.53926
0.179255
7.70922
2.9825
6.76212
2.07995
20.9765
0.183136
2.34672
17.4048
3.428
10.7286
30.7561
3.66236
28.9028
0.191201
0.197413
1.36841
1.48859
3.95054
0.172726
12.2829
15.6381
6.6055
0.161883
4.652
2.737
0.109705
2.7547
1.17494
3.02803
6.65393
10.6996
3.14227
0.449842
1.81147
22.5258
4.69056
6.4677
6.27577
2.72156
3.74369
7.80093
2.8936
2.70611
4.45833
7.29773
32.4122
0.336409
4.90245
3.82482
4.11388
5.225
0.492713
8.46753
0.118804
3.51795
10.8532
7.13089
0.00437267
0.177391
0.180922
22.2761
19.3084
4.87291
3.80925
2.18099
7.70153
5.32777
5.46972
15.5594
3.32919
2.04991
0.18768
10.5075
13.2856
18.2891
10.6768
0.0053569
3.79196
5.48093
2.26238
36.9131
0.185985
3.23913
10.7981
2.52313
6.54728
4.01688
0.179972
0.132726
0.169367
13.751
31.9159
3.23672
2.91012
0.166709
0.173488
2.06025
0.104638
2.95919
2.93439
5.63734
0.138101
0.176977
3.92065
6.35905
3.45482
0.169604
7.55363
4.50366
7.06043
0.195158
0.180033
0.201268
2.75106
4.57642
21.1935
18.8586
0.162172
5.37708
0.191934
4.77892
2.29145
0.660501
3.88328
19.0911
6.47078
1.92144
14.5368
4.24042
0.602097
14.7482
18.3313
8.69357
0.266399
24.3532
1.68758
7.18284
8.02306
21.3693
2.24942
0.240927
1.13984
1.27898
0.113356
0.212517
14.6012
5.49663
4.42043
7.7802
5.66968
1.63305
2.54165
3.57
2.55303
0.520491
5.48058
9.16083
2.19383
4.0898
5.75552
13.5514
12.2716
4.43069
4.14519
5.2558
0.758583
0.0726851
0.0587665
0.247231
18.7262
6.70042
0.330936
3.48457
5.51178
5.26127
5.27987
8.61187
3.35264
6.04404
6.27811
4.70615
4.53707
7.18889
0.172515
0.178928
5.63699
2.3765
0.430864
3.7006
22.444
1.034
3.54093
0.184301
3.49982
0.175574
0.0592267
2.54004
24.0566
10.3654
1.20505
6.51638
2.50119
1.34111
1.24773
4.77432
0.900373
4.26161
4.11355
0.835168
7.53799
6.05367
1.3673
23.9876
0.031736
0.00603928
8.99263
1.86657
3.66486
4.80298
3.98996
0.357237
6.05748
0.481649
3.78463
1.9073
6.49953
33.4968
0.998313
16.3044
0.179725
1.36498
0.219184
0.236566
3.70052
0.335989
26.1944
6.23394
1.23532
0.269013
2.18611
26.1461
0.110106
0.146418
0.344864
1.78899
7.46887
3.03026
5.38682
16.72
0.234628
7.3192
1.71896
1.64525
3.80696
0.00621194
4.81823
0.128106
7.5417
0.182255
2.09045
2.60837
24.4143
3.36771
0.61518
6.63152
3.65636
0.148259
7.01027
3.5595
0.16187
2.92686
21.0662
0.209691
14.6352
17.5905
0.648735
0.13908
15.6896
8.08528
0.438088
10.698
0.255145
3.19956
0.139535
0.151836
0.00121344
1.6795
4.58568
7.25757
1.09992
3.57413
2.19651
12.2474
5.02552
3.52926
30.5577
0.0101853
0.0155476
7.89777
3.42293
0.239253
3.77673
3.62291
1.74876
0.215987
10.9427
20.7164
7.39588
5.25907
6.97107
4.57999
1.7639
0.33083
0.924655
0.173025
0.0654634
18.6186
3.71987
35.1641
3.93804
2.49667
0.339581
3.12357
7.52899
6.61618
5.99488
6.49021
0.176431
0.344646
5.72502
6.26721
5.89034
24.5042
0.179015
6.66722
6.6853
2.40947
3.12324
0.646245
4.13889
29.7672
2.12093
19.2208
5.7252
27.7273
0.363089
3.5931
2.5942
3.34081
1.91306
8.08126
5.84042
24.4213
3.59013
2.04049
2.10843
7.73478
4.93787
0.184485
0.520272
3.22324
0.125076
8.0255
91.7858
0.203363
11.2422
16.2066
1.90757
4.73709
6.53874
13.2151
8.17279
14.3814
7.37664
2.82952
0.287175
6.82417
6.85514
8.62284
2.18066
0.0140464
0.00633804
6.39095
9.40185
0.27201
16.4194
2.50208
0.514002
3.38565
27.3801
9.92581
14.8415
5.45426
6.69506
1.51056
7.15429
4.02738
6.36781
3.91342
2.47871
6.23398
0.495982
4.16338
15.2515
12.8496
10.9194
3.11124
2.63873
17.0317
0.142712
7.33285
7.20765
7.93631
1.31172
0.445348
0.323603
17.4643
18.0319
91.5295
6.82752
3.927
0.280055
0.319694
2.12555
8.04114
4.96802
4.53419
16.2881
7.29764
8.47127
9.92921
2.5449
6.92957
0.153208
0.1624
7.08774
7.20486
19.9093
14.6571
0.12591
4.46298
0.193622
3.16415
23.2577
1.20218
1.06118
2.88353
7.92772
2.21086
6.2536
7.92191
2.43192
1.11543
1.86924
0.1656
6.8453
0.479731
5.9881
0.743005
10.3384
3.91651
3.98992
4.03426
20.1064
2.59928
6.44374
15.5563
83.6044
7.47702
6.81046
16.105
1.33919
4.83329
6.24362
0.149754
0.845328
1.46708
4.03126
17.1709
0.14883
2.54906
1.94462
6.94971
16.6038
70.6976
10.4503
4.31895
3.71786
4.00024
3.99928
5.76542
5.29193
0.341832
1.03
2.9876
2.17898
19.3513
5.57539
15.742
1.79002
0.125901
6.91727
7.76984
0.5401
25.0803
0.51342
11.3205
5.52634
0.948211
1.89444
5.50522
3.37129
7.07627
0.481029
2.56968
5.81754
0.883496
22.1564
1.92489
10.3298
0.274542
6.92882
6.29743
0.17501
15.9614
5.70769
4.65671
4.66293
3.0248
14.6604
7.03563
9.28983
17.26
4.6696
23.2903
0.474955
2.51306
6.25082
7.53327
7.4238
0.294317
5.09001
2.62986
4.34463
2.41088
0.121782
4.6433
5.35938
7.93649
3.4307
2.7937
19.5857
6.97331
8.46706
0.0764255
4.91589
10.1254
4.34908
0.121521
5.50499
3.63963
4.52437
2.98888
6.66231
9.39956
20.846
1.53049
15.5994
8.41236
0.142574
1.80614
0.337718
0.440813
0.0713962
3.23115
0.73014
2.5272
1.03974
16.035
3.05939
7.49289
27.8327
5.33783
1.49662
0.17972
0.806487
0.952702
3.25657
32.1614
3.55737
5.26488
0.667426
7.42337
0.509334
0.225316
0.139758
0.187044
0.318168
2.15791
4.44109
3.28418
11.0882
8.51496
0.17147
0.319961
11.3516
1.47381
19.1356
5.54433
4.5147
9.26814
32.3072
8.00481
8.09224
0.155605
1.97176
6.64143
8.72729
0.323067
0.147839
5.58428
6.51418
6.71869
8.10772
1.40181
4.69966
11.8979
14.3866
0.375946
5.48841
0.475368
1.83865
2.69119
5.68484
11.2799
42.4744
9.09603
14.0822
17.0926
9.76704
3.50939
0.13773
4.32405
1.83269
15.3668
18.1307
4.45966
17.3599
7.33077
171.563
2.69968
0.184281
8.24051
0.674276
0.182102
5.70847
6.99133
1.57781
5.8751
0.127211
6.1629
9.48231
5.04477
2.51034
1.96867
4.14244
0.178139
3.50127
17.8286
5.92621
1.90558
15.4433
1.57697
4.03582
10.0039
4.93369
34.4434
3.29195
6.32379
7.16297
6.62315
6.26584
1.13661
19.7763
2.25932
6.97973
0.227772
4.21836
2.49838
6.24649
5.99864
5.2652
0.715572
2.57817
4.44506
2.28074
2.01884
2.1909
5.25912
4.99586
8.08691
0.220559
3.4938
6.43825
5.84028
3.13421
2.1113
21.6115
4.9503
3.3841
11.2248
25.8626
3.9981
1.49061
0.921667
2.8078
0.201687
0.311896
1.49542
1.85741
1.05527
5.65705
0.368245
6.51471
11.0438
4.98916
3.3982
18.2808
0.176386
3.98763
6.83709
6.63606
25.0677
15.9985
0.178707
5.19399
2.65642
22.2788
2.69129
1.63101
5.96457
2.5357
5.93558
4.91599
1.51344
5.07073
2.1335
6.14877
3.33504
3.63386
14.5
27.1519
4.93618
2.39812
6.8613
5.87124
2.19612
2.60145
6.55451
8.26468
1.29718
9.23489
2.55941
2.01403
4.48523
13.0094
0.554378
12.8148
3.22607
6.27931
3.20144
9.59413
4.31003
6.23088
9.44883
4.4609
1.90138
18.6137
2.8246
40.0289
114.266
5.94003
5.92876
5.06127
0.10988
4.98955
55.3828
5.25482
5.45554
2.05731
5.51447
7.86006
1.7037
10.3851
10.4248
0.32804
8.05944
0.225252
5.23414
0.584871
0.237413
10.025
1.50842
1.50304
2.14598
28.8397
0.156959
0.828366
4.58639
1.83712
4.18749
0.52003
0.147834
6.22112
6.90301
0.648364
2.12745
2.19899
5.82462
0.164727
6.56626
2.38739
14.2586
5.65598
5.98028
0.448601
0.43899
0.280463
0.107067
0.138345
0.208342
5.67221
9.61901
26.5936
0.790937
0.178661
0.156729
3.5866
3.36735
2.99155
15.46
4.81816
13.3916
0.168114
14.8576
5.61299
18.5899
9.90032
0.159239
0.722424
4.15124
0.139513
0.177853
3.4621
8.37105
1.40882
7.87262
19.1271
10.2161
5.12942
3.04972
2.34926
4.25891
1.45162
0.141637
5.28365
14.9764
14.2215
3.98634
5.22296
1.4404
20.6164
39.42
6.74893
20.0724
5.41932
17.8678
0.13484
2.17543
2.45132
7.80227
1.75656
4.89288
0.114043
7.502
17.9244
1.93687
6.15369
10.1602
5.63633
7.08411
0.627079
3.64755
4.85228
4.8893
14.3517
3.53787
5.40862
10.5179
4.33514
0.130533
0.120437
1.91111
7.02742
4.46821
0.164072
3.60856
2.12748
3.29899
3.46386
0.17977
2.24425
4.8476
0.970034
0.680677
3.41043
0.637514
2.05551
5.78161
7.16069
3.99072
18.2752
18.4628
7.41005
11.9387
5.85341
5.98809
0.978146
21.6899
18.1139
18.7249
0.438236
2.00044
7.43469
0.470068
5.77033
0.328891
3.99543
2.7397
16.5023
5.40872
3.75473
6.3448
2.55044
39.4685
9.62103
0.200404
3.13801
2.00631
3.25442
8.57679
5.50142
12.3955
41.9584
2.77389
1.62269
0.0794169
0.634364
0.345345
0.334081
5.5194
5.04259
0.439367
2.68329
8.91505
6.71382
0.690695
5.62321
4.7919
7.23588
28.223
6.0815
12.6034
0.172743
2.87683
11.1523
0.200467
2.59317
5.24703
6.97901
4.99732
0.204864
8.47277
5.78412
0.345981
1.1947
5.55273
5.22919
6.61995
0.337284
14.1556
0.164203
0.359093
35.6652
1.4573
0.147745
21.7759
0.108336
0.961573
7.10058
15.4192
2.80551
8.32556
0.325366
6.19794
6.89008
17.1147
5.27764
2.48205
6.84629
0.0981582
7.87286
5.98277
8.30016
2.1272
1.89457
17.1724
2.02706
12.2817
12.962
2.89817
0.348222
0.860804
3.83552
0.371991
7.13067
18.7282
19.6979
4.31598
3.73095
14.9263
3.67915
0.134205
9.53384
14.3185
2.25991
7.93796
0.181571
4.20099
5.03535
2.26511
20.211
18.2031
3.27759
0.81918
7.52913
3.46303
3.98903
7.843
5.54607
4.37678
2.25527
0.155866
10.984
21.4668
13.2407
0.0933208
8.4473
4.53476
0.340246
4.98387
16.9055
4.74634
18.8889
13.8827
5.67644
6.43364
15.0458
2.17153
5.85497
1.36045
1.92798
0.738399
4.34532
0.36449
3.48225
9.65428
0.707409
5.8092
2.3079
6.54815
0.18635
5.58964
4.78894
6.4474
12.5614
5.59281
6.09109
0.600124
8.94293
10.4549
2.17208
5.23331
0.221562
7.10641
4.01231
7.55558
0.144538
15.2801
0.533802
9.46556
18.7398
0.179953
6.72127
0.182113
4.71792
0.462039
0.433775
4.8456
8.69101
1.67805
9.6447
0.17104
2.49867
0.108535
4.92164
6.8792
0.300949
0.366588
6.26914
18.5323
0.328934
2.80382
6.54562
11.9957
0.320449
34.7661
3.96643
4.83859
1.90316
7.40579
5.87275
10.6627
6.81948
8.77094
5.70418
21.5222
6.90921
3.66472
6.08122
2.50504
20.6866
5.26515
4.92042
2.28917
6.98337
5.44151
11.2851
5.16779
1.28392
93.282
0.176737
4.65896
25.8453
6.22237
22.3094
0.186167
3.36464
5.93301
14.958
0.193998
0.181688
4.98069
5.30676
15.6917
2.34572
21.2353
10.3966
38.6362
16.8968
1.65148
0.332633
19.6604
19.7144
3.02965
13.9522
19.086
20.1597
0.218438
0.202084
0.317693
10.0815
12.098
8.18274
0.228034
14.8697
0.562584
4.95553
0.329378
5.49126
21.4979
0.402628
3.35928
2.74597
3.04924
7.45774
16.3022
2.64971
4.94052
7.99556
1.00663
4.88804
3.97578
15.1682
0.144101
10.5022
6.90535
6.03665
6.41558
0.244128
8.07647
3.37546
5.24778
6.85759
20.1528
15.0764
0.75584
2.69638
1.97924
0.152038
23.4689
0.366906
1.34772
0.142127
175.58
34.364
6.27243
18.7733
3.22534
5.28142
7.1569
2.51605
0.508623
14.0586
1.09427
16.2918
14.2906
2.43309
29.1497
25.9405
0.000334571
0.568544
5.73456
12.0798
20.9916
19.6481
6.12279
0.949537
17.6139
3.70958
2.76247
3.45863
0.453746
6.12823
5.70588
0.446949
1.33119
0.103224
0.282835
38.4791
0.333743
11.8959
0.305222
18.3627
5.34845
7.17795
3.04934
5.57921
4.88749
9.90169
13.9193
6.13756
2.05132
21.8829
8.55362
0.108517
0.128927
0.749577
4.70123
2.43853
0.217405
0.223032
0.111773
2.29444
4.66685
18.0623
6.49097
2.80458
1.3041
2.5731
1.50137
0.329003
4.79871
0.0133761
2.67265
0.159934
6.34392
11.3235
19.5056
0.179856
9.23321
32.3985
2.10337
2.84763
6.64207
6.87462
16.196
0.178883
1.34526
6.52657
5.35619
1.79002
0.105844
0.106276
2.52499
6.3507
4.38975
5.14414
3.2349
0.343876
16.807
1.61975
16.9698
16.5005
5.08906
5.93458
0.0922033
10.1453
5.57306
4.84943
3.06122
2.7514
19.8225
16.9531
2.48959
0.136545
9.77064
1.43287
3.06359
0.367132
13.4832
2.83263
5.01757
25.0981
6.13119
0.706714
24.4912
2.58881
6.15186
0.185578
3.95599
3.13743
8.61097
0.210571
0.405203
3.09949
3.31115
0.152889
4.90497
0.174754
2.93677
1.66438
2.33784
1.33963
9.23058
0.141599
3.34181
0.85411
1.31837
3.83136
0.122861
12.9044
1.12525
2.22713
128.231
81.385
16.9958
4.28327
2.28897
3.99694
14.8647
0.435331
3.09508
0.90714
1.39643
5.54695
0.101597
2.61439
0.953456
6.42201
14.6816
4.60263
16.1848
16.5819
12.7373
6.31571
23.5923
15.2614
0.154565
5.12992
20.0656
3.77116
0.927846
0.581283
0.377259
5.10891
2.92399
5.99954
6.54634
0.14725
3.59393
4.1557
5.05696
16.1003
0.537937
0.326654
3.31806
4.16054
18.6617
19.0017
3.94862
0.118057
2.07434
4.9047
2.65124
12.3829
9.68782
26.0417
2.90091
3.50052
2.25117
0.681227
12.9917
6.36648
0.129598
6.60243
0.21386
27.6955
0.150881
7.26295
24.281
3.96545
0.403824
2.01682
5.72123
0.260117
0.0471977
27.3999
5.26117
4.57238
22.336
25.923
4.41729
5.28837
0.152109
0.724004
3.39176
4.08668
11.7528
4.45001
0.0246661
4.79657
6.6581
14.3991
0.354947
30.3024
3.49581
0.21034
8.16752
3.91343
1.68331
17.6621
3.18097
3.58072
11.5236
3.78149
7.02281
1.24815
3.71486
41.9089
6.31287
5.46351
5.95411
4.15644
15.9307
6.12431
0.717517
15.2087
6.17464
4.26254
1.56367
2.21031
14.7274
6.86394
0.673266
11.2783
0.435783
1.65148
16.3551
0.183874
4.17174
5.8515
6.72391
2.87279
6.20632
5.71227
0.121898
21.8797
0.260387
16.156
5.75117
0.885527
15.0262
2.02727
31.8137
2.56266
13.125
0.698849
7.89956
0.291922
0.235649
2.84158
20.6944
4.76583
2.63152
9.91818
12.3408
11.61
2.6856
39.2021
2.60135
2.38847
3.24961
2.08228
23.1391
0.36052
24.0969
1.77989
16.0959
3.0057
2.10213
3.3099
3.30696
1.01086
0.176416
17.9808
2.93454
0.96454
19.0423
24.9558
31.1767
6.10376
15.0147
0.281967
3.02118
24.2087
0.562003
0.178226
2.99006
1.13751
0.211906
1.23913
0.300804
0.226549
19.1439
1.87937
3.93578
26.4041
2.52402
0.105998
19.1509
8.00585
16.9377
6.39056
16.5843
1.10062
2.00502
5.22347
5.01347
7.07425
0.742112
13.9082
3.02735
3.71984
37.3336
1.25803
2.77448
3.42199
0.254453
8.39716
0.162668
4.35515
0.775764
0.0972165
5.97047
8.6524
6.05318
0.132564
0.175982
0.188725
2.15256
3.71762
0.803883
2.9231
3.27971
22.9081
22.6941
0.443842
15.4396
7.21492
1.29504
0.0351406
6.11564
5.0111
7.3784
7.73022
14.8313
2.96401
28.5471
4.17553
9.93012
0.74346
24.9522
13.0083
21.3607
7.36827
0.819755
5.9616
18.5673
0.722104
1.64202
0.771391
5.12089
0.887227
2.05112
0.625364
0.322586
6.47193
37.6231
25.1061
3.94382
10.3493
2.03072
8.64391
1.06436
0.135677
2.41256
3.00949
0.169778
17.8521
7.69677
1.26272
0.825158
1.22168
0.840538
0.32925
4.1894
18.5228
1.31021
11.4479
33.7431
15.0568
3.07911
6.49607
0.384653
0.641303
15.0514
4.76668
4.06748
6.76392
3.26975
9.92448
19.2632
19.6963
5.14602
3.54297
38.5083
30.622
6.06989
0.535605
3.58548
0.927097
6.73241
0.404581
0.837055
6.37438
3.32442
2.27669
18.7252
0.347677
4.34156
2.28467
1.8804
11.6825
3.91519
4.85174
4.28984
0.69874
21.671
0.273862
0.625443
5.77078
0.180374
2.30713
7.21994
2.9717
14.748
5.65793
18.3733
4.14783
3.43713
1.72088
2.54957
3.63229
1.21315
9.27421
1.95217
23.0831
5.07992
18.1489
14.331
18.0931
0.176772
1.4625
21.8884
7.53872
1.47826
0.386877
10.1694
6.84116
3.4952
4.60479
0.093672
18.7606
0.0869998
3.79835
0.677105
0.140787
14.5074
3.66192
3.48725
0.342189
2.54283
0.125151
4.11473
3.83357
4.22379
11.8194
34.8673
6.8698
0.887716
1.85503
9.98914
44.9881
3.59788
5.90716
3.01618
3.03834
3.3909
9.96837
4.31849
0.176458
2.14307
2.64694
4.71943
6.33824
9.66496
2.4252
8.46258
23.5163
0.786767
1.08298
6.52391
33.7795
0.528034
2.31141
15.3834
0.503762
4.77849
1.82404
6.19829
4.12132
9.61481
2.25121
16.6659
6.55282
20.0448
4.21766
4.60716
5.55527
2.7573
4.36598
12.6639
0.718573
8.97183
0.919862
2.20829
26.7853
22.8459
0.341034
0.426665
25.0075
6.10681
0.8896
6.22975
0.247757
9.72475
0.223312
6.7109
0.149411
3.14169
3.01163
1.16981
3.50688
5.70417
8.4532
2.9772
5.86163
19.3794
2.58209
3.78708
19.291
20.01
28.0708
11.9932
6.84985
4.88914
6.44176
0.256334
0.600972
0.72651
3.77394
1.46161
0.325284
0.122663
10.8602
1.46025
4.0194
3.1777e-07
3.6254
11.6893
4.80311
16.4596
8.79286
9.58282
2.98301
4.07799
4.6498
0.153258
2.75949
4.87102
20.1178
10.7977
12.4656
2.24981
0.995364
9.36967
7.31886
0.769326
8.4272
1.78291
0.173298
15.8005
6.68012
2.39397
0.335231
3.17467
12.9982
25.9022
2.14395
2.81063
13.1182
3.88508
0.170145
0.361916
10.7155
8.6678
6.53791
1.84926
2.44906
0.229012
15.8996
5.04074
8.46106
0.106852
4.68622
18.0792
5.20629
6.53633
21.9381
1.30749
0.217047
18.1796
5.5022
33.6304
0.110681
4.68043
6.42461
21.0828
0.325141
2.28726
6.2759
22.2222
0.0921806
3.58663
4.72219
0.174991
18.6884
3.95269
2.9716
3.7374
54.2815
4.26599
4.05793
4.14719
16.9312
0.32389
0.501147
0.863286
4.64668
3.84494
0.122245
17.5047
1.64268
4.6229
0.125418
2.55296
8.33314
9.81052
32.8428
2.67452
4.40598
2.02461
0.00786172
26.414
2.41133
2.94737
0.938975
6.78318
0.155174
7.1156
2.48721
4.71655
8.42592
1.31832
10.0376
0.21266
3.98634
0.247708
6.03261
4.28174
0.626644
4.23721
2.67715
3.16028
0.744416
3.37418
0.239941
0.328726
3.69025
23.793
6.14627
1.33597
4.96171
0.956466
7.17657
1.26195
32.9239
0.127451
3.27373
19.922
24.1759
1.52397
3.40259
0.5278
2.90804
1.10346
6.7265
1.54171
1.37339
2.27605
7.31254
4.6272
10.8093
3.86741
0.435493
9.42751
18.081
0.744997
3.20893
0.500733
4.62985
5.30986
0.108964
1.20743
2.74387
0.76848
21.5221
0.256547
3.36437
8.48725
0.326282
2.61417
2.52632
5.71406
4.83574
6.38103
10.9467
1.72186
0.113761
4.52186
38.7183
3.82027
7.20066
0.402271
4.4644
6.79604
0.161331
2.61749
7.01419
14.046
7.56807
3.92242
0.184486
2.77554
3.20219
5.12661
4.61095
5.19906
0.243034
9.91355
3.5711
1.84226
6.6227
1.26246
0.087232
2.19661
4.77792
1.8776
2.30959
5.46689
1.15917
0.907863
1.05063
0.348295
77.326
0.85214
0.151468
3.84631
0.539497
28.5369
16.071
19.9302
8.41252
2.23696
20.7233
3.92103
0.14452
5.23264
1.33214
11.1277
5.08621
6.32155
2.05304
0.929907
0.0349357
6.18816
0.163592
0.305157
0.383086
4.89191
2.43831
1.38539
0.169824
4.33757
12.3476
8.93865
0.495651
4.34274
17.6253
1.98912
23.0655
1.51624
2.24804
20.4061
7.56049
0.164633
0.427191
1.46571
4.14594
15.6353
3.34561
1.11881
0.428946
0.383504
4.34673
12.206
0.147658
1.03068
2.75223
1.68789
1.11829
7.27637
9.60018
5.63202
4.0606
8.92001
0.385169
0.247268
2.55458
1.37901
0.465031
1.34337
17.3318
0.196619
0.0155339
6.98471
1.40397
5.73341
1.45515
0.542714
20.3093
2.77533
1.80533
4.0682
2.41063
0.150417
5.24188
18.3774
2.58734
1.33036
21.6514
3.69024
6.76667
2.9089
0.381916
5.21318
13.8144
1.4195
18.7481
1.48553
7.22892
1.46402
4.26617
5.64459
0.352893
4.5315
0.779144
0.208827
3.90836
1.83838
5.99535
15.3511
0.783931
1.67263
1.32615
4.48724
0.330404
5.21704
3.7912
3.84227
6.10512
3.0184
3.34759
2.11244
0.105546
4.00008
2.57198
21.3113
0.866258
1.07317
187.752
0.164011
26.759
4.45802
9.88127
82.2534
5.39705
0.134827
0.111548
1.84778
0.443468
17.7399
0.145403
16.8338
0.0612466
0.286013
2.00605
1.61388
0.93394
1.04839
19.0244
1.66957
1.37543
0.186137
4.55524
0.326278
1.70784
3.56664
7.9713
0.866079
0.131171
2.18351
23.5458
2.78967
0.607622
4.26132
22.072
0.449716
26.4413
2.22299
11.0606
0.392768
19.1019
16.1664
2.547
2.74767
2.84408
0.886404
6.14414
3.45452
17.4747
7.46867
5.41078
4.09262
15.9925
0.19232
17.1905
1.92383
6.54499
20.2041
0.214151
10.7673
10.4125
2.94672
6.01953
0.133405
2.49089
9.72649
7.6135
18.4903
0.159395
3.8768
21.8354
3.17247
3.96998
0.585233
1.20702
6.34707
4.00196
15.9353
16.0668
6.21179
7.44511
6.20408
0.629614
16.7183
3.38226
6.7836
0.124821
0.146702
4.96871
3.1043
2.97918
6.16744
3.85763
6.91718
0.185923
14.9576
1.07854
2.29471
0.602649
5.55705
0.600392
2.73634
6.31891
1.57268
6.29125
9.2921
25.6848
1.72505
0.315554
6.7818
3.41671
12.2031
0.118637
6.0379
1.41311
0.692578
11.5341
3.09176
3.93698
0.869943
3.74984
2.10573
2.80188
9.11284
11.7861
1.82046
3.22516
0.119419
0.645539
21.1992
15.4223
3.75466
0.529972
1.04007
1.69297
0.210395
2.52573
1.77128
8.0436
1.6434
0.794256
3.89882
3.66579
8.64171
12.7101
3.73522
5.59901
0.0110755
5.21069
25.4484
3.18445
0.358091
0.127682
0.172995
5.97825
6.90615
4.65603
0.14131
20.8049
1.9647
0.562001
1.5487
15.6385
0.930772
29.5608
0.172438
6.84
5.3881
4.48333
19.8416
0.591536
0.220114
15.5316
0.736036
9.53068
1.17993
13.7539
9.07535
0.905471
8.48065
22.0045
2.06148
4.20946
23.4667
8.64812
0.135147
7.25115
0.10019
57.6469
197.076
10.1153
9.34144
24.6496
9.25368
0.859004
11.1042
2.65703
7.23556
18.0857
0.341005
2.42526
0.805183
2.59508
24.614
1.04993
1.20021
0.868218
20.4367
1.92693
2.0691
7.43504
7.86538
7.04043
2.73774
16.4045
6.29877
172.523
5.20825
5.97944
6.56262
3.21701
10.0481
23.0282
0.121027
1.32562
0.9799
6.41875
0.0968803
35.3832
7.32441
0.304453
27.254
6.52755
11.6363
2.2552
4.83421
0.106481
10.0209
7.40927
18.5867
4.08297
4.295
119.534
4.94085
3.03625
0.154495
0.185693
26.3811
2.51256
0.231836
4.84863
0.131535
0.809848
0.410231
11.3746
1.45141
2.38612
7.68053
1.96655
0.086931
4.02163
3.91088
0.15593
15.1738
3.59814
8.85171
13.8788
0.164255
0.252588
0.119739
1.35648
3.34841
3.95449
6.19754
1.82183
0.113855
9.02094
0.164516
2.60328
3.13114
197.798
0.913123
147.393
1.39558
0.687636
1.42687
18.1526
2.1199
17.0939
0.990868
5.72001
6.43101
0.0790834
3.00052
0.166407
0.145666
189.485
2.98251
3.70545
9.76006
9.13154
3.56897
18.5093
0.124467
0.221128
2.63068
5.6012
16.6582
0.519852
0.650356
2.53976
23.677
16.7713
3.679
30.9736
0.597984
6.67768
2.35155
5.08868
2.97383
17.2772
0.358995
5.84393
22.4975
0.144776
23.0258
18.7782
0.11262
10.5292
0.493759
0.248176
15.8026
15.7006
22.7955
8.47197
16.1538
4.61119
20.3194
5.80403
6.8161
0.098714
9.29004
17.7256
0.117497
0.674715
25.2669
0.633168
2.02666
6.23132
4.91385
33.7359
0.10753
5.05851
0.176651
0.136352
19.1348
3.26317
1.17386
2.203
25.1019
6.71813
11.0284
0.349679
6.71389
4.10118
4.85516
6.07196
1.03162
16.1184
91.551
36.8005
4.17075
4.6712
4.01002
0.0651144
0.0763016
3.17585
0.199041
20.03
8.27237
3.35947
2.97929
3.64838
24.2837
0.133476
2.64879
2.59365
0.125752
0.245199
7.19567
0.790963
0.143802
19.9838
0.175069
0.231319
0.190602
4.12966
7.65322
5.10449
6.17948
4.73293
29.2975
6.59286
2.17311
4.64798
23.5382
3.50423
2.66978
0.443946
19.1441
21.9598
6.27424
0.423475
13.6833
3.21998
0.509091
37.9688
1.04519
38.2821
3.44193
3.86617
18.5377
3.63643
3.28007
3.82205
0.388925
2.943
17.1687
1.96707
2.41851
27.0755
9.21867
24.7623
4.32108
41.6095
0.141185
10.6651
3.77782
2.98779
3.32738
3.47633
7.97114
7.88617
15.9265
5.4947
0.652089
0.0962508
1.58218
2.02266
13.304
1.22636
43.1083
3.35399
2.45503
0.337361
0.602719
0.583082
0.50631
0.362802
19.3118
0.828677
1.07259
0.359481
0.708168
1.1361
1.49862
5.77857
0.116535
0.330581
6.79074
0.107835
0.16391
24.4459
2.87734
5.3796
2.60034
3.62895
21.9536
12.7653
3.17342
1.25862
8.29521
7.9068
1.60821
0.129341
13.3329
10.6549
3.18147
1.60277
0.820769
188.702
1.1055
17.21
0.977267
0.491942
6.41707
7.47237
1.01884
3.01322
3.20178
0.916897
108.14
2.46868
3.06515
22.4758
4.63179
15.7878
5.11668
0.247109
2.66974
4.56599
19.4024
9.15254
1.51382
24.3746
0.192215
3.40832
5.07935
4.35742
10.612
1.36464
2.34651
3.83136
35.4659
2.77282
0.202173
2.11621
1.17694
2.31663
6.1695
16.648
1.68449
64.4751
4.24588
14.6538
2.07132
0.209699
18.5703
9.06903
4.37459
0.138038
17.0185
7.44404
1.73065
1.33705
1.32226
3.91167
5.97619
0.138978
0.91901
4.54791
0.835017
4.89457
6.89885
1.5626
9.59504
2.94537
1.01384
0.162241
24.1043
3.18941
24.6927
2.5188
14.864
4.79344
23.71
78.7902
0.77635
3.5678
4.025
4.51175
14.8748
0.879734
6.50569
6.10731
11.7453
4.03157
10.3453
6.86148
0.871097
9.36423
5.57319
18.7907
19.2376
11.4723
24.3248
6.04181
11.8986
2.63619
0.473529
6.16518
4.34261
2.45815
3.56996
9.86191
4.65927
20.1139
19.2746
3.63124
7.65064
1.1092
0.12092
5.7437
1.07767
2.88932
0.359471
3.92295
13.4458
1.69516
3.62582
0.0755772
2.70355
9.77057
0.165863
9.03806
0.604187
5.15641
16.3006
18.344
2.58992
6.63338
7.65884
5.31997
4.33755
24.0201
3.00415
0.543889
0.121248
16.7786
2.03598
4.3097
0.126068
81.5067
5.12427
0.237018
20.514
3.74341
0.226403
0.203874
67.6606
1.58252
4.73884
0.738506
3.07539
26.8009
4.31728
4.14813
3.02791
24.7084
4.6756
3.10036
6.07559
2.71409
68.3386
1.87824
0.14715
6.69212
8.28067
0.457852
2.55532
0.41018
17.8357
0.111408
0.113857
0.137929
1.38082
3.69133
5.24807
31.8999
5.20388
0.179331
5.0047
4.28037
4.68229
17.8006
0.924259
21.8113
4.34384
35.4023
0.1233
0.163643
0.122066
5.85453
16.0818
0.121463
1.9992
7.04208
6.18539
0.187717
1.20698
13.5293
5.85656
23.8749
6.96308
1.36822
2.81082
4.85368
7.3354
6.13389
3.21508
0.0735029
11.6807
2.93076
25.1298
0.132279
0.288565
1.20693
4.80968
38.722
32.5517
1.8699
1.17052
6.2162
23.8014
0.333969
6.49933
3.35389
158.629
0.00778097
1.17388
193.439
0.778698
0.156265
2.5338
6.59513
9.96032
1.8334
130.934
3.98244
18.1248
3.17528
11.0371
13.3953
1.703
3.40983
178.848
0.177584
7.03918
83.6412
26.3513
5.70165
0.400275
2.89818
42.1922
0.612651
2.5032
15.6732
16.1113
7.1413
5.06449
1.702
9.03192
9.07461
17.4455
6.64355
3.01888
4.46133
16.1214
1.85698
0.243057
2.60944
6.27889
13.5287
3.76363
1.26252
15.3011
7.36705
15.3897
4.36812
1.6598
0.167264
2.28539
2.56952
4.9109
4.70594
7.73924
5.1706
2.59311
0.264116
2.53408
6.77726
3.59
0.160105
2.98075
0.124263
27.6661
18.0667
190.187
3.66088
0.132905
2.29156
4.11308
7.30872
2.1657
0.584879
0.908074
0.192993
29.5915
2.63931
5.54465
9.62007
6.45176
4.86616
10.8202
20.7809
2.72086
6.11737
26.0383
14.3323
25.4483
0.467174
0.120887
0.15836
0.320561
29.5355
4.85245
17.0226
7.58044
20.3204
24.5436
0.181913
6.44193
4.05344
22.2958
3.5849
24.2077
6.71286
12.1086
3.24483
0.353955
2.93552
1.21489
2.64818
33.5432
3.36081
2.79358
2.41066
0.151618
10.3929
2.66329
20.378
0.791742
10.7269
16.6846
15.4156
90.754
1.19801
15.3209
1.68209
9.08801
2.60701
0.212348
16.0506
19.3518
5.94921
0.129164
0.186108
0.702206
6.93148
21.5064
0.34093
2.59197
22.0335
0.747177
2.40099
5.98345
0.244751
19.4005
2.6609
8.12126
0.816035
0.379615
34.1285
1.77902
3.37597
1.77964
8.03954
4.79963
21.286
8.51053
6.21438
1.30569
9.67953
7.25529
1.19052
17.1533
0.134002
1.09375
1.25395
2.57856
1.10426
3.31515
1.44965
8.7686
0.168663
0.174448
3.56176
17.6431
25.8655
4.45895
21.9091
3.08179
8.79754
17.7776
0.241686
0.80412
12.2938
3.78835
4.00959
0.94943
1.88403
2.73027
4.80335
19.6113
6.27319
4.68729
12.8355
51.7165
3.1119
0.478694
0.0104693
3.05802
17.6312
0.24371
5.86194
1.51138
5.07317
1.54131
0.865274
21.1497
16.2593
2.9487
7.29709
3.62378
2.89204
1.31324
27.1476
0.606612
24.7266
20.0687
6.17825
2.56774
7.50688
7.40166
2.64999
33.7169
0.00100894
24.2478
18.7864
3.88952
15.7972
0.187472
4.98052
4.80662
18.0187
5.85652
18.6189
3.45582
2.99033
7.30675
11.491
3.9944
83.7778
0.0924476
1.24297
6.29922
0.151756
15.066
3.12996
46.9447
14.0781
1.43279
3.0394
2.25558
5.2363
0.619701
3.4045
15.5008
3.09666
2.86656
4.96017
5.19488
4.22392
20.7213
18.2738
0.195837
7.8423
23.6594
14.0083
2.61179
8.1568
0.138757
0.185081
0.176662
7.41117
19.8011
14.1612
13.5723
2.99912
3.07855
8.86864
3.31666
20.3789
12.6447
0.88156
3.96016
4.14191
18.4018
0.429035
12.8248
0.138399
1.19466
0.22086
1.499
7.46588
2.73884
0.731156
8.08418
17.2126
5.18389
0.182412
3.69006
0.382969
4.75824
3.76057
4.30483
5.30295
6.15685
2.52346
0.61697
1.08276
2.32001
16.0601
9.23394
18.7462
33.0374
0.790944
0.147067
2.22049
2.83655
17.6168
15.19
5.44029
21.4143
23.221
0.830826
5.89591
6.97694
18.3792
7.7271
2.36259
0.854563
4.85401
0.829448
0.11594
1.24144
0.228168
0.32385
6.20613
8.73042
1.18709
2.16331
1.41902
0.623301
25.4728
13.8559
22.1983
18.0092
0.673382
7.49246
2.79703
7.22615
0.635313
17.0047
4.71055
0.91017
5.50627
0.183985
8.54841
1.47044
2.83797
14.9181
27.2871
13.6256
6.60355
16.4815
0.40685
1.84528
8.00586
2.84707
17.8072
11.8322
17.7882
4.00648
4.86133
0.311762
26.4284
17.4322
0.120579
4.00261
28.701
64.0856
0.218352
5.23589
2.62091
0.110901
1.86057
7.51342
13.4329
10.7294
0.176937
19.6096
0.136788
8.40105
0.992193
1.4488
7.49703
5.53106
2.10442
0.83278
4.29389
3.23676
0.291371
13.1706
2.97856
0.188948
0.112451
0.93801
21.864
0.387545
4.90799
1.12157
0.137395
1.99107
2.67202
31.5184
0.533174
11.4165
0.712393
5.24496
5.01437
2.82409
0.0063884
17.9539
5.44802
0.913485
6.38831
5.79271
3.92637
21.0603
0.744099
3.22204
107.382
3.65494
3.71903
8.42324
5.43915
6.3201
3.96111
0.926755
2.68851
4.54184
2.65353
6.15918
19.7281
16.2989
25.4982
8.14688
1.24722
5.19801
6.28289
0.115167
6.59541
2.77141
0.40575
0.237667
53.0542
23.767
23.4321
16.5846
1.87556
0.855255
12.8763
2.42865
1.19639
10.7719
2.75077
0.176475
0.935374
5.96754
1.4281
0.238989
3.45478
1.5181
5.4312
4.42583
2.62736
1.78144
0.333644
5.56739
3.81606
17.9605
3.80595
0.348495
2.97037
17.7446
2.83182
2.78626
3.65783
10.1595
4.58816
38.2723
4.73059
0.576989
5.29828
3.5967
105.35
4.39289
3.13154
2.40302
0.198351
12.0382
14.9814
28.5624
0.0495902
2.51937
0.178019
19.1402
1.57913
1.09683
5.61774
14.298
8.12492
1.4998
1.64722
1.12651
1.39457
6.77313
0.136994
3.58463
6.21486
1.07448
0.14162
23.5993
0.45053
17.953
3.44845
6.29003
4.0348
19.7479
4.94337
1.30835
7.91122
0.625071
9.60392
2.60524
22.4728
15.7369
27.9421
4.75234
16.8024
3.15869
4.17896
3.75297
8.14423
18.452
4.3903
0.615037
21.6111
0.659165
1.18922
6.85819
3.60693
3.19119
7.09782
1.83776
5.83733
2.36129
6.21567
75.2779
0.517361
1.31596
2.68489
3.49355
6.79437
0.674963
0.154953
23.3602
2.16227
6.65089
7.14186
16.6333
17.6178
42.0616
0.642891
3.13547
3.32703
4.73899
165.43
3.93799
3.5142
8.07946
2.60378
4.76817
2.84578
11.8202
1.60564
1.41521
2.42025
22.3524
18.1925
30.4857
1.1533
10.1275
13.9713
5.48006
2.9901
2.66548
5.1092
18.3892
2.75221
0.48761
3.72771
2.8152
20.3454
0.388238
0.210448
3.60803
13.6479
24.6783
0.859207
1.18066
16.1768
21.7894
0.184356
4.42361
11.5195
1.34163
2.82776
17.4105
30.5041
3.4022
15.7099
25.8421
0.166184
9.81223
0.17945
9.08066
3.31308
18.06
4.20734
4.42178
2.95432
0.417275
2.73572
2.4943
1.44393
35.7846
2.36211
19.5931
0.912131
1.2238
105.432
5.05119
4.76377
0.00193837
3.83409
1.40167
0.0992933
16.1752
28.363
16.9369
2.57224
16.3993
3.54972
2.60072
1.84243
0.668683
2.59794
34.2436
1.98342
12.7156
2.79183
0.371655
5.82731
0.0902757
3.61242
96.2906
0.528536
4.29651
2.2318
3.76138
4.73353
0.595361
3.02487
18.7238
0.241899
6.8798
3.48005
2.49008
1.55694
4.3564
3.11256
18.5988
17.8504
9.50805
0.360347
11.0914
0.461391
1.34121
1.52459
4.55689
4.6569
4.19272
2.2954
33.8423
6.67702
7.73457
2.90359
3.41518
4.66377
4.15576
1.48992
0.330695
17.0854
0.292143
3.01802
16.3242
6.05255
9.26099
1.41492
4.72408
16.5643
7.61726
36.4295
0.18992
4.66902
0.175056
0.106923
22.5701
19.446
34.4627
3.35402
2.55156
4.65105
0.335506
0.329353
3.36986
5.34017
30.7138
5.07116
4.32925
5.75178
23.7904
1.42655
0.495043
0.113269
1.67893
0.112309
14.131
0.13688
8.7287
144.255
6.33165
0.894735
8.58436
16.4432
3.87535
1.11287
0.177705
20.8425
0.394444
0.971375
2.10436
0.260993
21.615
4.07946
4.51267
0.188355
7.21306
3.01758
4.36126
1.95445
0.727789
4.51663
2.72287
5.55813
0.145621
2.44675
0.633902
0.347639
0.345547
4.48961
17.8827
6.7265
15.1113
4.52394
1.60625
0.125171
4.35637
2.91774
10.6601
9.23951
0.168981
0.595363
4.93917
41.4936
4.45402
1.55032
0.689179
22.0678
0.812946
3.4948
1.56047
6.17626
28.445
4.16102
0.180038
4.24582
4.21583
0.129119
7.70279
9.69957
2.52309
18.1923
6.87202
2.51107
9.38398
57.0044
1.23914
0.136729
4.14587
0.0947649
3.70565
0.701172
20.3221
2.79082
0.199432
0.953836
6.99778
4.91645
4.78109
7.1385
19.0502
6.99227
20.7096
7.56446
25.1697
0.127722
2.47822
3.34693
0.957473
0.687938
6.81228
18.6815
1.66718
55.0437
2.74228
34.8719
19.564
4.30307
1.62541
2.56832
0.825699
42.2629
6.38531
1.80097
7.15514
1.88693
4.84939
0.426002
2.44231
5.60207
0.178552
7.91414
14.7184
61.0691
3.72486
6.07634
0.221571
4.848
6.67763
26.2661
21.945
0.336728
1.85609
2.55712
17.5646
19.9174
25.1246
3.86857
3.13959
0.546885
3.50219
17.0538
6.18787
44.4016
5.98093
2.66106
1.03368
0.0858461
12.9376
17.028
4.20854
2.44564
17.5713
16.2589
1.92436
0.936446
0.0855346
5.90718
1.9857
2.92446
2.28636
1.41608
6.5316
13.2758
1.77062
0.919201
2.01498
2.76031
1.21508
4.05113
13.1919
24.801
0.46858
38.1447
5.85139
0.113105
4.43233
6.48188
0.183548
3.1419
0.0732025
13.4645
5.84705
18.2824
5.18021
2.78755
0.0893832
0.135464
0.420716
17.9729
0.633114
0.750519
1.59878
4.37272
0.32055
0.0551933
1.70433
3.26263
2.5775
18.4012
37.0635
1.21014
5.97144
8.74751
18.6807
19.4648
1.77095
4.8479
1.38743
5.72011
28.3947
4.20183
2.11504
6.25072
3.69725
4.31351
0.243259
2.60845
0.128904
4.91779
2.62743
0.619773
0.885435
3.00406
3.49728
3.91415
4.69675
5.19272
2.08026
2.0568
2.24616
5.1494
24.6441
3.32951
0.489177
4.37777
0.371163
3.31406
4.50072
17.4776
9.34894
0.421063
24.4939
3.78371
0.163184
1.04273
1.67221
22.6473
18.2736
2.20743
4.02782
4.09336
1.45021
0.167205
0.34651
24.2182
5.33291
4.90953
1.82653
0.738784
4.72757
8.6033
1.14494
4.04039
0.0874301
20.7798
27.8184
5.32685
2.44823
4.48468
0.136788
24.1982
32.211
1.46894
1.7962
0.960199
1.07759
5.936
6.75821
3.02367
0.902716
5.67756
3.60327
4.6792
2.70729
3.17893
1.14061
4.16473
2.11669
3.5106
2.11925
3.1066
1.86554
3.74761
0.451686
4.61393
15.4275
5.9432
2.88337
4.41993
4.64337
2.10875
11.0737
0.113024
9.80068
3.11897
3.93237
7.02282
4.14591
27.2599
0.183389
1.33536
0.79583
10.663
3.13305
17.454
15.8495
8.92909
17.4943
0.137499
19.4645
4.53816
21.3896
1.18498
23.7268
1.72969
1.53416
17.9985
23.9441
3.78645
4.81758
5.88635
0.332997
8.75672
22.4299
6.58863
16.4418
2.09096
17.9611
135.446
1.98161
3.22937
1.44295
2.48881
9.41586
12.8612
0.322315
1.1533
0.126396
6.51461
3.57322
3.85797
5.52758
0.145387
8.69701
16.5327
1.89593
3.85979
0.956086
0.779377
27.5062
8.92498
8.49866
18.3076
21.1898
0.212483
2.16939
1.54409
9.859
6.09293
2.65075
33.1686
2.22911
6.92181
22.5841
2.39333
3.13429
0.0940666
26.8714
2.39081
37.0581
5.56091
3.21243
7.82959
5.97622
25.9903
16.7319
0.15746
0.127093
6.51702
14.0103
20.7387
16.0347
1.23423
1.84555
3.46399
18.521
22.693
0.0286872
16.152
1.65121
2.46967
64.1576
14.3896
18.89
1.04947
4.45603
2.68004
1.17387
3.35965
0.140869
3.86649
1.5147
4.29112
112.14
3.9061
3.88778
0.725891
3.37355
0.797126
11.2201
25.9658
4.26504
4.71234
21.8194
26.7129
18.0467
3.59638
21.1985
20.7702
10.8738
4.05917
3.7272
57.6004
0.330422
26.0706
2.01537
6.57456
4.00143
19.8212
4.05985
0.210112
15.8235
2.62102
28.2375
0.563847
18.31
84.2499
2.55796
30.7462
0.0531951
8.19143
1.34308
3.52281
2.33199
0.0548742
9.66815
7.17839
2.86063
2.31886
0.378721
4.04238
3.53128
17.9375
4.57463
11.4928
0.492755
39.3446
15.3567
3.24941
0.372937
1.87381
4.7779
3.65482
26.0771
1.93219
7.58898
3.88385
31.3302
7.47003
3.67382
0.661767
0.134577
20.8493
2.5442
6.05243
0.592641
0.721597
3.30487
6.38039
21.8806
0.166415
8.79151
7.42007
29.4486
4.01277
9.13573
1.59064
22.6217
8.07108
0.685013
8.52451
1.98446
23.5498
4.43272
15.3167
4.1928
2.90422
4.49034
5.41452
2.84348
1.40821
0.332391
4.19577
0.327147
2.71998
18.6414
15.5927
3.9716
18.8936
11.5434
2.44088
3.07291
28.6461
62.4545
4.68748
3.53254
19.0051
2.90924
1.36774
2.27354
4.27521
20.9052
0.749179
0.156477
2.6999
10.7352
2.23299
1.31016
5.03265
2.19177
18.8726
0.757075
1.44159
39.3433
25.4659
22.8179
2.46193
1.85296
36.1038
70.4256
1.70837
0.280205
0.333648
7.14446
4.85531
55.8115
1.87774
2.6225
1.46892
150.576
2.41385
133.266
5.50338
3.86428
14.9602
13.2466
0.51197
5.16626
8.05241
6.81077
2.82971
23.0018
16.4545
0.408674
0.070343
2.65284
20.874
5.16145
16.2645
0.0945859
1.85103
5.78778
8.07464
12.5435
10.772
18.3807
6.77982
18.6202
17.1876
2.44824
0.062764
0.137196
34.726
0.661166
1.53432
1.18149
3.07283
1.30704
3.0166
3.29455
4.26691
0.149892
0.370754
6.2745
2.17514
17.903
23.751
5.16351
32.8408
16.558
22.9584
20.9657
19.0234
21.4172
1.04814
0.473784
2.40398
3.14038
1.40243
0.924378
0.958624
29.5166
3.56857
1.32686
23.558
3.28635
2.72609
3.4709
1.01107
0.241352
22.7941
0.298886
2.49335
4.21681
3.16035
0.524822
3.67612
9.02105
92.4048
1.63195
0.103786
2.41829
0.0872943
0.106613
21.4724
0.124391
5.94497
1.668
0.822773
1.80676
0.61922
1.39785
4.2704
18.2376
1.37219
1.91647
13.8315
0.128411
47.4262
16.2949
1.66164
14.7652
20.2883
18.4943
1.88134
4.40488
4.08327
17.7585
3.43686
2.70224
3.29469
0.398031
10.3715
7.57802
0.968991
19.1493
2.09294
4.60593
0.750481
7.92268
1.60704
19.5604
1.86327
13.5377
0.524047
104.627
0.0628959
0.22633
21.0711
17.7368
4.64408
0.19591
26.2886
29.3388
10.3749
18.8374
18.1781
0.441689
3.20219
2.01658
17.0054
2.62787
3.87005
36.4162
0.586301
4.81508
1.47428
8.58618
14.189
0.505421
21.0526
0.131892
3.50422
3.19865
2.73888
4.19422
13.0908
2.54408
6.50032
18.8703
1.71838
14.0591
4.11913
16.6933
4.65058
16.2064
0.289892
2.32741
23.6092
2.36958
38.8367
3.54947
3.53758
4.06977
24.1248
0.548214
22.758
0.578016
0.942593
18.2115
7.54309
4.85322
36.6729
0.215925
3.90178
2.22475
7.63946
22.1961
2.99134
0.483135
6.76944
1.91434
1.60004
17.7723
3.85403
1.24717
30.5323
9.2959
3.83816
3.92733
41.3
2.30934
0.417706
2.37273
25.8909
2.44074
2.47674
2.60067
2.29311
0.502223
3.18192
4.53739
30.5544
24.2513
20.7393
27.6546
7.75084
18.3477
3.30634
3.74565
19.5176
2.94308
171.069
4.56412
92.8251
0.118521
14.6955
1.13539
8.14978
2.07131
3.26349
16.874
10.4089
7.46983
4.15791
12.1248
1.96209
24.6122
6.87995
6.38596
22.7189
2.32624
0.993899
4.72395
18.3542
20.2375
6.51086
5.41715
17.9106
3.74041
40.0865
0.268276
6.78625
2.8262
3.98927
3.03608
17.3098
27.3387
15.3178
0.211509
1.66696
1.32425
7.39069
1.36217
35.2421
17.804
125.295
16.7728
0.482664
16.6255
4.76389
5.36525
46.9414
3.89288
23.7641
25.3245
5.15489
19.4522
30.6404
1.07034
17.7348
1.9098
6.69778
33.4161
0.17759
29.2719
17.9926
6.62224
0.0735442
0.0606256
14.3256
3.50674
28.7267
15.3809
163.99
3.63265
10.0613
2.79798
4.84638
4.12121
1.76774
1.06465
23.5909
3.20984
16.3767
1.15478
21.8076
2.64757
3.42268
21.2991
25.683
3.98997
21.5035
19.1519
9.46954
0.381235
8.80792
4.50906
24.5532
18.5876
3.06646
37.3793
0.61654
5.44739
0.235703
10.3333
3.56447
44.4651
0.145325
1.12303
5.25054
8.96693
18.6532
0.237331
0.236008
2.2521
12.4794
1.90658
2.20502
16.5977
64.5619
40.5828
10.9006
6.72315
0.942328
0.839803
26.688
19.9251
1.86984
0.18451
24.9223
3.75927
0.16884
5.97064
1.82869
27.3089
13.0538
16.112
40.0008
17.4388
10.4282
18.5798
27.6905
14.234
2.60317
0.413775
2.87172
0.449519
4.40417
2.34414
20.482
12.2819
0.726899
3.9536
0.181849
2.21472
16.5461
3.42847
28.0831
0.141765
5.59267
8.93075
4.8737
17.296
6.67331
16.3684
27.7975
5.58319
3.13774
17.0816
14.6433
11.6336
14.7321
3.12582
3.96959
3.5114
1.54419
15.4913
0.846829
1.69622
8.89978
7.26804
0.226676
1.87152
18.3312
0.00328052
28.672
17.3537
1.55841
0.0991056
3.01877
0.461762
2.78389
2.72371
0.118989
3.44268
4.9625
17.6473
2.21133
0.0993108
18.959
20.1744
5.24591
0.167348
0.129237
3.96662
29.6481
16.2036
2.08878
1.54649
17.2433
22.8092
1.17754
40.0597
4.53581
1.81731
35.5643
19.2038
8.1648
0.305716
1.35694
12.8275
28.2049
0.0990527
1.23929
0.55907
6.48891
3.79326
29.2948
6.61001
6.5946
8.52551
6.52328
3.96534
0.0928925
2.82887
3.40566
1.8818
0.39748
20.3011
2.15448
2.41248
17.9113
1.52395
14.5218
14.2562
2.11187
3.44438
10.9526
17.9877
0.45691
6.11963
0.0911654
0.537288
4.91768
28.9542
0.111391
3.27574
1.00136
2.02527
0.235493
11.0053
3.67954
2.36538
16.0166
0.972432
1.61675
15.7045
20.9074
15.1632
3.69663
24.5475
0.121294
3.74476
1.82105
3.33003
12.6555
0.437471
22.8886
28.1265
19.4517
13.8098
0.603266
0.821033
6.32064
17.69
30.9743
5.55342
24.1501
4.68737
19.0016
0.107064
32.7801
4.16209
27.0598
0.270184
23.8292
4.71105
0.769138
0.37802
0.242825
3.63511
4.57148
37.6281
4.97853
2.80898
37.0951
15.9076
0.114943
7.28888
24.1847
11.088
6.4693
0.135954
36.5281
23.9152
1.95558
26.7034
4.31989
4.7398
4.81704
1.49377
15.3318
0.440529
4.21783
1.28959
26.6261
0.600883
1.57471
2.72066
0.941209
17.6887
2.54508
6.71401
43.8063
11.6673
23.9474
2.82518
2.16155
3.34316
1.67531
8.88614
62.2423
14.756
9.52154
2.88435
4.08376
13.5197
136.081
1.11122
2.5905
20.3073
22.9146
0.0451396
1.79879
0.535113
2.98828
12.5952
2.38216
0.166644
12.6438
3.53733
48.9459
6.45535
4.87595
3.45345
20.213
4.61614
19.1173
53.3678
7.28494
3.30909
15.1779
0.0488992
3.29046
21.8328
2.59466
0.0455999
0.131784
32.4406
0.955637
3.61847
0.177896
1.703
6.78786
13.2718
4.13265
3.26771
0.504556
35.3756
7.32657
5.51009
4.74971
7.71456
10.6128
2.4886
3.86088
3.57176
0.415479
11.1644
22.5019
2.20886
3.22302
1.63911
2.87887
16.1565
56.1746
27.9187
0.0412262
13.8129
2.58691
0.40432
14.7436
34.8832
6.31284
0.92147
16.7538
28.0061
2.50511
3.53129
9.43118
8.76298
0.212582
7.19967
4.98627
8.90363
18.2722
2.12624
0.0484966
18.6231
16.1271
49.0379
27.0921
1.9426
0.122019
2.01784
0.184
0.0702059
3.42643
28.8162
3.48891
9.03606
2.41727
1.17745
5.0796
1.09943
17.3319
23.5811
12.8124
0.00359533
0.143859
1.67426
1.36963
15.2692
1.1641
0.173622
10.0721
0.106193
0.748046
3.25048
15.6824
9.43028
28.6821
2.44518
0.884183
14.6414
35.4514
0.422668
1.72942
0.546274
13.7296
0.472382
1.89239
10.7585
1.15849
5.451
1.19977
3.53821
0.129282
0.170655
0.00291898
15.06
0.283364
7.76902
17.1825
8.30752
0.38141
6.15531
4.84208
0.430974
0.479905
6.8565
6.66482
2.28681
23.521
0.0727113
22.0345
3.46934
2.2852
10.0384
9.47454
20.3667
7.18675
8.9127
0.132166
24.7151
0.147298
2.62131
0.117645
2.20745
16.8384
4.83572
2.67638
2.22771
10.3318
3.62198
3.9877
19.6785
0.108968
23.7428
0.751517
4.59749
1.64349
0.672291
1.73452
6.23188
27.6034
22.1243
2.67362
3.5953
3.94293
1.77165
17.7111
1.9294
0.164725
5.92338
25.4827
0.1888
7.4021
3.35642
22.3065
2.86404
152.643
0.381015
0.227275
11.5008
0.181896
0.128688
1.8397
0.592101
5.34746
14.8081
16.0833
1.55627
24.8457
2.11523
2.24943
5.57678
0.351711
7.64599
3.51056
0.612551
6.54286
14.6402
0.686654
0.421238
16.2806
1.69214
29.3455
2.0987
1.60817
16.0887
4.53052
3.67021
23.3312
31.4517
5.53868
2.02534
9.9278
15.944
27.144
21.2977
14.8072
1.06009
0.188793
0.613677
9.83479
28.2553
15.7973
23.9609
28.8924
0.122991
6.56833
3.01248
36.0814
7.67706
5.23992
30.0686
1.5932
70.0666
24.563
0.021719
7.7771
0.533176
19.7587
2.10219
2.39173
21.4269
8.29596
0.480409
0.0741614
10.0607
2.42733
2.52105
0.784022
8.54364
5.49194
2.48488
2.95035
17.1905
3.12785
7.27723
1.34295
3.64132
3.77065
0.488985
6.50094
5.63611
4.86881
22.1602
0.129955
19.5015
1.19619
0.911002
0.547138
5.90024
28.5398
1.47923
3.72576
19.9915
1.8659
2.577
3.54403
17.7962
8.72135
24.7351
33.2035
1.86373
24.2754
6.56832
8.37794
3.3118
16.5358
147.545
2.73328
17.339
2.58968
2.37233
4.59698
0.404453
54.714
2.06512
24.9093
3.44195
0.0730873
6.8021
2.68171
0.563622
0.0668484
17.4463
17.7654
0.107842
0.388216
0.801113
26.2953
2.57913
4.53493
1.54535
37.7664
23.4439
4.7236
0.464681
0.141641
0.440914
0.180279
6.11939
0.457567
0.497807
2.23691
9.32274
19.9386
14.9777
29.8482
1.9272
3.53828
0.172042
0.339337
3.41092
29.8907
13.9656
20.8217
0.170878
0.130594
0.392432
3.92215
23.0147
2.10154
13.3075
7.44179
22.3173
25.8884
3.56754
5.174
2.97666
3.54129
7.38884
9.12191
30.421
3.10839
8.19199
0.238295
5.7723
16.1292
4.19895
1.0188
3.2366
0.480231
0.395913
3.35489
0.768619
15.1898
0.424159
2.79854
3.15396
31.8173
6.9193
6.7871
22.3875
2.85658
8.01334
24.026
8.87102
5.35067
0.328879
2.20186
42.3763
0.188021
12.9034
2.24225
17.6051
19.0345
0.138086
3.32765
22.6479
1.55937
21.1288
6.82578
7.67226
0.328838
37.3119
10.0444
2.21297
13.9605
0.101708
3.46487
17.4721
27.7908
8.72529
2.05586
18.2788
7.51185
3.23997
0.927797
3.49196
1.03799
0.309586
24.4739
4.68117
12.3941
17.6604
2.66375
3.75911
2.03417
1.91144
2.83683
0.854723
27.7318
21.7567
16.3228
4.44145
1.34157
19.8624
4.26866
2.67846
2.07249
3.68664
5.89407
14.2666
1.5286
177.595
8.01334
5.01133
4.61113
1.92352
1.7077
0.151564
4.57753
3.76064
127.799
3.19472
14.8426
3.35776
1.98843
36.7869
15.6194
13.4233
2.58091
2.33049
0.396278
1.89939
7.30022
1.77959
16.2601
14.8623
7.40736
0.0951587
1.81191
2.06197
3.66409
4.85944
0.328146
2.59814
16.1285
0.11284
9.13517
0.183707
0.0954546
17.1307
2.32647
0.557621
3.87291
3.03291
0.0513865
39.0623
3.59619
21.0044
11.1718
2.18787
9.96499
0.142231
20.044
3.29433
4.13701
9.39603
17.1487
15.043
1.1073
17.6841
23.7373
3.10282
27.9793
6.82466
15.647
35.171
13.9177
0.177395
25.8222
29.1034
39.1318
8.84492
11.0675
36.4086
49.1539
13.5242
3.06716
32.3627
14.3059
37.3946
131.594
34.0216
13.8392
0.644486
4.68473
2.36631
21.9646
7.30945
12.7774
0.379643
21.9885
27.2728
1.56819
2.41638
26.8892
18.0353
9.37633
2.94603
0.138041
4.10094
7.50329
16.8021
0.644
3.36677
8.9646
20.8409
3.79083
0.410828
28.3356
6.99821
25.0766
2.16272
0.348483
5.52423
1.17666
3.03931
4.04948
1.74942
11.4047
9.81454
0.593439
10.1068
0.946015
0.0991969
4.5875
10.3964
25.194
22.6607
28.2298
46.2203
7.62027
7.1218
1.65679
20.3004
8.25868
6.34031
4.44719
15.8987
0.392933
37.9256
30.13
1.46038
5.73679
3.26051
25.8622
40.9116
4.01535
0.556988
35.3645
4.29883
0.138403
0.359068
15.9622
9.63674
13.7248
26.1792
20.5936
4.82151
2.52609
21.7613
0.333454
30.0934
20.7425
1.43437
0.444796
3.93182
1.09413
2.14708
0.124256
2.8749
27.188
19.2522
1.38847
4.92335
15.7713
62.1493
1.03977
0.91335
28.8495
0.482554
17.9647
28.1881
34.8291
13.9395
7.49571
0.178022
4.68402
27.162
39.1137
22.5141
0.191502
8.41779
3.96373
10.1182
29.1784
16.7744
22.158
1.9146
3.66239
22.3765
4.4894
4.41949
0.144145
36.0985
14.434
0.379265
3.70797
4.9243
17.308
3.42614
49.4848
0.543001
1.31332
14.788
2.85233
2.61901
29.036
2.07808
3.97767
39.2823
7.2184
26.0921
13.2896
3.82784
35.8694
15.9324
2.7843
21.1617
38.7383
14.867
1.83671
30.9728
20.1184
0.401814
3.71751
18.6925
22.4622
9.55518
15.1375
0.227798
15.4805
1.16865
0.388768
0.294698
0.499157
12.1646
16.8686
3.55978
0.127502
0.390883
15.4307
9.63092
27.8143
2.05245
1.78848
15.1288
6.09931
4.29211
33.0806
0.413899
1.86918
18.5573
37.3635
22.9699
20.6271
20.4688
2.91736
2.05356
1.79078
5.83201
7.45195
0.782692
5.95311
6.0974
27.8888
25.7264
16.0249
26.2204
0.46106
1.79545
0.450558
38.3768
3.68618
17.8308
36.4106
0.112596
0.0916524
0.23191
2.09732
9.80449
0.411318
16.3937
0.407214
2.4848
22.1483
2.79859
3.86619
5.27669
31.8466
18.1303
36.7453
4.29813
2.66684
4.40928
3.726
48.1871
53.2184
0.436152
31.9179
14.6173
0.121716
10.821
17.3991
33.6345
32.8022
27.2374
13.9372
14.1577
19.9354
58.6833
0.449746
21.3922
25.7635
3.16667
33.2067
0.381453
2.00661
16.9528
36.2093
4.78103
34.4536
13.9263
0.387116
3.19033
0.52696
72.4628
7.89896
4.01006
2.42035
17.7257
43.1687
35.7118
16.3402
36.9242
36.6089
2.38552
36.9785
36.8745
36.4108
36.5773
14.1982
14.7663
15.5607
15.2064
15.9491
2.11248
2.49545
30.7259
)
;

boundaryField
{
    back
    {
        type            empty;
    }
    front
    {
        type            empty;
    }
    outlet
    {
        type            zeroGradient;
    }
    circle
    {
        type            fixedValue;
        value           uniform 0;
    }
    walls
    {
        type            fixedValue;
        value           uniform 0;
    }
    inlet
    {
        type            fixedValue;
        value           uniform 0;
    }
}


// ************************************************************************* //
