/*--------------------------------*- C++ -*----------------------------------*\
  =========                 |
  \\      /  F ield         | OpenFOAM: The Open Source CFD Toolbox
   \\    /   O peration     | Website:  https://openfoam.org
    \\  /    A nd           | Version:  10
     \\/     M anipulation  |
\*---------------------------------------------------------------------------*/
FoamFile
{
    format      ascii;
    class       volScalarField;
    location    "50";
    object      p;
}
// * * * * * * * * * * * * * * * * * * * * * * * * * * * * * * * * * * * * * //

dimensions      [0 2 -2 0 0 0 0];

internalField   nonuniform List<scalar> 
10435
(
0.0160218
0.0565776
-0.496403
-0.131844
-0.310489
-0.735989
-0.449949
-0.442346
-0.477315
-0.698019
-0.0134744
-0.363585
-0.578922
0.144214
0.137676
-0.457768
0.147169
-0.753501
-0.507478
0.00170498
-0.444529
-0.170522
-0.467924
-0.494592
-0.596163
0.0245363
0.0897353
-0.525626
0.0464827
-0.684584
-0.542664
-0.057262
-0.441955
0.066832
-0.466877
0.112809
-0.473647
0.0662814
0.0388645
-0.509963
-0.792312
-0.461426
0.172839
-0.0523142
-0.479445
-0.510817
-0.765752
0.165745
-0.469696
-0.200246
-0.443409
-0.598981
0.0130642
0.0462302
0.0442851
0.0505946
-0.474405
0.0728126
0.134255
-0.46555
0.0397877
0.0804028
0.0473361
-0.506332
-0.480077
-0.516273
0.112165
0.153397
-0.433524
-0.476969
0.0826463
0.0237482
0.145181
-0.475604
0.12573
0.173772
-0.434336
-0.438396
-0.450897
0.115676
-0.276278
0.0360252
0.0298994
0.0484374
-0.321948
0.11283
0.0752071
-0.0178495
0.132423
0.0492565
-0.0551814
-0.109409
0.00332996
0.117736
0.0274902
0.126142
-0.164031
0.140312
0.147093
-0.224169
0.133677
-0.397104
0.0984105
0.00833372
-0.483674
-0.0913969
-0.0417698
-0.232424
-0.369495
0.104171
-0.185666
-0.305931
0.0638708
0.0842897
-0.162093
-0.142194
-0.277858
0.0956459
0.00791997
-0.276898
-0.31263
0.147399
0.0781789
0.156365
-0.0951627
0.0393538
-0.223673
0.161762
-0.301701
0.0848999
0.156703
-0.0409383
-0.445549
0.125588
0.0355935
0.0713533
0.143202
-0.183776
0.0381089
-0.107399
-0.0515304
-0.485572
0.113654
-0.472549
-0.209115
0.1513
0.152648
-0.584925
0.160332
-0.445879
0.117412
-0.477243
0.0351696
-0.467581
-0.645193
0.0363606
-0.156155
0.0596903
-0.678369
0.039169
-0.483781
0.133666
-0.085775
-0.347463
0.117967
-0.3549
-0.448386
-0.288309
-0.420236
-0.458559
-0.61258
0.131111
0.072845
0.14305
-0.445271
0.0707014
0.0980988
0.180596
-0.163276
0.0480333
0.0247869
-0.653713
-0.40797
0.0387956
-0.502443
0.161292
0.151481
-0.422393
-0.398761
-0.516767
-0.344275
0.0404783
0.0565129
0.129328
-0.228466
-0.432611
0.155202
0.12741
0.186879
-0.46765
0.118728
0.0600802
-0.550886
0.0818329
-0.526841
-0.168403
-0.0358195
-0.237537
0.0463081
-0.256272
0.107995
-0.439529
-0.391829
-0.379443
0.0641476
0.152706
0.0966961
0.0438799
0.0156155
0.140682
0.0494493
0.165236
0.109659
0.148203
0.0137177
-0.455788
0.0256361
0.1374
-0.541361
0.161062
0.173514
-0.454681
0.0214889
-0.483065
0.109128
0.142572
-0.483728
0.00580018
-0.466704
-0.556295
-0.0156691
0.00994677
0.0699216
0.0612227
-0.15036
-0.454256
0.136112
-0.410762
0.0474923
0.0937804
0.0543316
0.10305
-0.622311
-0.303038
-0.439406
-0.400822
0.0488366
-0.456758
0.0591736
0.110342
-0.462492
-0.579435
0.0105469
-0.395907
0.0748944
0.161776
0.0149996
-0.511646
0.041098
-0.227213
-0.469659
-0.434052
-0.447438
-0.553302
0.0149072
-0.314798
0.0711081
-0.233877
-0.448079
-0.436651
-0.637853
0.1757
-0.482884
0.14335
0.0847595
0.0439204
-0.456652
0.030978
0.0545327
0.0632255
0.140848
0.00214873
0.0622849
-0.447057
0.0331123
0.0651493
0.153436
0.0467887
-0.161274
-0.546156
0.182113
-0.446641
-0.499341
0.0501814
-0.111708
0.14719
0.177838
-0.467355
-0.523056
0.0621133
-0.10977
0.0269746
0.112244
-0.536936
-0.472665
0.0608803
0.0262061
-0.510164
0.152585
-0.328564
-0.587817
0.0428234
0.0597632
0.0537339
-0.445624
-0.57041
0.0209537
-0.520665
0.135697
0.0927138
-0.467175
0.0754615
0.0674132
-0.471617
-0.464726
0.0726364
0.0569727
0.0513384
0.0701578
0.0583346
0.0317142
0.0200595
0.0517215
0.0714463
0.0567719
0.0584537
0.0937471
0.110625
0.0581417
-0.432136
0.0659688
-0.54284
0.0866025
-0.533194
-0.451709
-0.478561
-0.610752
-0.495041
0.0604613
0.0598089
0.0514567
0.0364492
0.0513863
0.0490044
0.0503788
0.0456499
0.113914
-0.416939
0.0431064
-0.451898
0.0388923
0.0605525
-0.618697
-0.487544
0.0577449
0.101459
0.0612902
0.10313
0.0507559
0.0204051
0.109082
0.0304204
-0.433305
0.111208
-0.420998
-0.464486
-0.550585
-0.567381
-0.467082
-0.508746
-0.466168
0.153746
0.131089
0.0466558
0.0592122
-0.490243
0.0518392
-0.625404
0.115296
0.0350877
0.0869594
0.0795626
0.0222752
-0.459092
0.0938687
-0.427448
-0.454855
0.10346
0.0250466
0.112601
-0.506651
0.100211
0.0345163
0.010293
0.0480887
0.159975
0.0477963
-0.495309
0.0648343
0.0210353
0.0439897
0.0883078
-0.690305
0.0932233
0.0686511
-0.507812
0.0630015
0.0372725
0.162053
0.208731
0.27426
0.303534
0.327372
0.325174
0.326681
0.331894
0.00957465
0.140953
0.178395
0.243774
0.269396
0.296023
0.303272
0.313258
0.319495
-0.0244915
0.114357
0.14649
0.214474
0.239683
0.269937
0.281538
0.294112
0.300299
-0.0591084
0.0829728
0.114906
0.186988
0.213301
0.246402
0.25938
0.272957
0.280967
-0.0895318
0.0557657
0.0874667
0.162135
0.188726
0.223811
0.237949
0.252818
0.261576
-0.116417
0.0313704
0.0619412
0.138593
0.165002
0.201875
0.216982
0.232774
0.24167
-0.140478
0.00832628
0.0376371
0.115913
0.142083
0.180676
0.196512
0.213006
0.222842
-0.160892
-0.011987
0.0155692
0.0948084
0.120581
0.160676
0.177117
0.194541
0.205322
-0.177104
-0.029472
-0.00376003
0.0755232
0.10116
0.142405
0.159465
0.17803
0.189923
-0.187626
-0.0409206
-0.0193354
0.0600679
0.0842358
0.126191
0.143813
0.163383
0.177263
-0.192774
-0.0486009
-0.0308904
0.0478893
0.0700702
0.112072
0.130015
0.149946
0.165038
-0.1915
-0.0551026
-0.0398059
0.0373694
0.0584551
0.100122
0.118034
0.137813
0.152451
-0.183044
-0.0555968
-0.0445136
0.0298807
0.0496107
0.0904112
0.107861
0.127368
0.142311
-0.166205
-0.0511731
-0.0437146
0.0260162
0.0434021
0.082504
0.0991554
0.11835
0.130823
-0.142986
-0.0417073
-0.0383359
0.0256822
0.0400787
0.0771718
0.0920598
0.111248
0.122343
-0.113979
-0.0281351
-0.0295547
0.0278559
0.0386418
0.0737748
0.0867139
0.105127
0.115924
-0.0793796
-0.012479
-0.0180205
0.0317653
0.0389861
0.0700798
0.0827436
0.0998941
0.110568
-0.0408376
0.00513952
-0.00363329
0.0373004
0.0414511
0.0677585
0.0803537
0.0956886
0.10615
-0.00111781
0.0241396
0.0117162
0.0437507
0.045208
0.0679008
0.0785842
0.0920993
0.101151
0.0325049
0.0427127
0.0271522
0.0494965
0.049338
0.0681697
0.0761194
0.0890924
0.0970374
0.0539304
0.0551505
0.0368123
0.0533527
0.0529345
0.0676342
0.0746363
0.0863524
0.093924
0.0619741
0.0584301
0.0382605
0.0547719
0.0549354
0.0663592
0.0736691
0.0826037
0.091697
0.0604211
0.0571525
0.0392235
0.0559936
0.0550808
0.0643647
0.0715359
0.0797778
0.0897359
0.053916
0.0512089
0.0363613
0.0524125
0.0521252
0.0609764
0.0681949
0.0771853
0.0845738
0.0467412
0.0635684
0.0517042
0.0521005
0.0519409
0.0596763
0.0652474
0.0752587
0.0819807
0.106718
0.132155
0.155793
0.180143
0.20473
0.230087
0.256084
0.283115
0.311114
0.340253
0.370182
0.400913
0.432194
0.463807
0.495222
0.526109
0.555973
0.584478
0.611201
0.636011
0.658769
0.679599
0.698447
0.715207
0.729276
0.740195
0.749304
0.755886
0.758728
0.758586
0.755226
0.748072
0.738161
0.725668
0.709659
0.690752
0.669442
0.646089
0.620861
0.593966
0.565563
0.53592
0.505345
0.474197
0.442828
0.41154
0.380639
0.350339
0.320989
0.292719
0.265584
0.239517
0.214527
0.190458
0.167247
0.144664
0.122376
0.100431
0.0767705
0.22938
0.251628
0.272631
0.294264
0.315838
0.337841
0.359896
0.382563
0.405538
0.428536
0.451063
0.473973
0.497033
0.519895
0.542314
0.56431
0.585659
0.606335
0.626176
0.645149
0.663061
0.679771
0.694905
0.708278
0.719702
0.729016
0.73616
0.741021
0.743306
0.743027
0.74008
0.734454
0.726393
0.716025
0.703459
0.68899
0.672811
0.655216
0.636465
0.616781
0.596285
0.575139
0.553446
0.531418
0.509171
0.486854
0.464488
0.441829
0.419063
0.39657
0.374575
0.352868
0.331503
0.310436
0.28974
0.269271
0.248904
0.228618
0.206796
0.261691
0.27814
0.294033
0.310774
0.327916
0.345896
0.364426
0.383624
0.40295
0.422838
0.443306
0.46435
0.485445
0.506653
0.527696
0.548556
0.569032
0.589078
0.608482
0.627122
0.644713
0.661042
0.675794
0.688751
0.69969
0.708519
0.715157
0.719496
0.721414
0.720968
0.718113
0.712849
0.705293
0.695578
0.683816
0.67021
0.654935
0.638233
0.620291
0.601372
0.581664
0.561415
0.54076
0.51987
0.498891
0.477905
0.457065
0.436464
0.416114
0.396108
0.376635
0.357723
0.339508
0.321973
0.305198
0.288963
0.273238
0.257791
0.241484
0.319186
0.332471
0.34573
0.359723
0.374322
0.389596
0.405042
0.420967
0.43706
0.4534
0.469772
0.48641
0.503168
0.520074
0.536903
0.553712
0.570326
0.586717
0.602709
0.618221
0.63301
0.646873
0.659503
0.670674
0.680145
0.687785
0.693482
0.697176
0.698774
0.698363
0.695953
0.691557
0.685248
0.677134
0.667345
0.656071
0.64346
0.629723
0.615043
0.599686
0.583826
0.567679
0.551343
0.534945
0.518511
0.502104
0.485728
0.46942
0.453194
0.437056
0.421111
0.40525
0.389634
0.374496
0.360077
0.346124
0.332664
0.3193
0.305428
0.337097
0.346563
0.356935
0.368283
0.380506
0.393486
0.40688
0.420904
0.435159
0.449768
0.464543
0.4797
0.495103
0.51081
0.526605
0.542459
0.558114
0.573495
0.588409
0.602789
0.616437
0.629198
0.640821
0.6511
0.659795
0.666793
0.671994
0.675377
0.676859
0.676521
0.674421
0.670565
0.664993
0.657769
0.648988
0.638807
0.62735
0.614803
0.60134
0.587197
0.572539
0.557562
0.542361
0.527078
0.511789
0.496592
0.481549
0.466655
0.451865
0.437138
0.422646
0.408527
0.395019
0.382179
0.370121
0.358721
0.348233
0.338187
0.328243
0.350861
0.361202
0.37251
0.384183
0.395823
0.407276
0.418826
0.430899
0.443333
0.456325
0.469551
0.483062
0.496689
0.510566
0.524529
0.538561
0.552416
0.566012
0.57914
0.591764
0.603739
0.614952
0.62519
0.634322
0.64207
0.648337
0.653014
0.656109
0.657532
0.65731
0.655558
0.65226
0.647466
0.641204
0.633571
0.624729
0.614798
0.603943
0.592359
0.580202
0.567599
0.554699
0.541602
0.528445
0.5153
0.502249
0.489286
0.47644
0.463771
0.451389
0.439376
0.427717
0.416182
0.404739
0.393635
0.382628
0.372201
0.361807
0.352098
0.340972
0.353364
0.364918
0.37684
0.388883
0.401324
0.413825
0.426528
0.439206
0.452088
0.464989
0.478074
0.491179
0.504424
0.51768
0.53099
0.544063
0.556836
0.569083
0.580758
0.591832
0.60214
0.611369
0.619649
0.626702
0.632423
0.636687
0.639515
0.640885
0.640791
0.639367
0.636565
0.632415
0.626875
0.620063
0.612217
0.603363
0.593563
0.583091
0.572039
0.560523
0.548583
0.536397
0.524087
0.511727
0.499391
0.487132
0.475038
0.463073
0.451253
0.439536
0.427893
0.416448
0.405187
0.39424
0.383501
0.37298
0.362197
0.350502
0.340498
0.354626
0.367137
0.379987
0.392403
0.404754
0.416882
0.429077
0.441137
0.453275
0.465312
0.477523
0.489782
0.502028
0.514317
0.52638
0.538027
0.549406
0.560553
0.571348
0.581603
0.590934
0.599175
0.606624
0.612944
0.617986
0.621847
0.624376
0.625636
0.625675
0.624451
0.622183
0.618755
0.613992
0.608129
0.601314
0.593511
0.584989
0.575688
0.565688
0.555329
0.544751
0.533856
0.522908
0.5119
0.500949
0.48991
0.478833
0.467742
0.456638
0.445759
0.434965
0.424082
0.412979
0.401681
0.390125
0.378242
0.366108
0.352509
0.339244
0.351896
0.363554
0.376026
0.387702
0.400008
0.411852
0.42362
0.436596
0.448956
0.460866
0.472683
0.484084
0.495546
0.507315
0.51838
0.530494
0.542156
0.552392
0.562018
0.570763
0.57874
0.586315
0.593746
0.599577
0.604149
0.60803
0.610753
0.612166
0.612265
0.610816
0.608575
0.605531
0.601301
0.596232
0.590077
0.582454
0.575158
0.567287
0.557686
0.547561
0.537725
0.52719
0.516823
0.505523
0.494926
0.48465
0.473789
0.463453
0.452673
0.441637
0.431005
0.420154
0.409451
0.398645
0.387315
0.376518
0.366059
0.3552
0.0676565
0.0766061
0.079066
0.0770999
0.0651983
0.0380509
-0.000919717
-0.0440636
-0.0841521
-0.119582
-0.148306
-0.170897
-0.186456
-0.193491
-0.192868
-0.185767
-0.172849
-0.153998
-0.130403
-0.102919
-0.0722712
-0.0382351
-0.000507576
0.0356163
0.0644119
0.0909736
0.0866549
0.0787156
0.0758027
0.0669985
0.0494926
0.0263611
0.00450653
-0.0155113
-0.032492
-0.0467705
-0.0564275
-0.0604546
-0.0590982
-0.0514852
-0.0425786
-0.0295028
-0.00979642
0.0132977
0.0394837
0.0672559
0.097902
0.132094
0.161007
0.184114
0.0617964
0.0581901
0.0531318
0.0497221
0.0428571
0.0289304
0.00949381
-0.00838812
-0.0243561
-0.036773
-0.0457573
-0.0507771
-0.0508262
-0.0455949
-0.0356732
-0.0227663
-0.00558222
0.0155755
0.040218
0.0675457
0.0963963
0.127053
0.161482
0.195783
0.22847
0.0609208
0.0642287
0.0639877
0.0605632
0.0559359
0.0488434
0.039531
0.0304463
0.02298
0.0180374
0.0155124
0.0162166
0.020481
0.0282166
0.0393719
0.0529396
0.0697565
0.090337
0.113576
0.139129
0.165721
0.193456
0.223335
0.255197
0.288698
0.0584781
0.0585592
0.0584828
0.0557932
0.0509193
0.0441513
0.0374007
0.0311267
0.0268424
0.026225
0.0272718
0.0305052
0.0376527
0.0471607
0.0596361
0.0747009
0.092597
0.113318
0.136687
0.162092
0.188763
0.215847
0.244189
0.275841
0.312897
0.0631061
0.062877
0.0632386
0.0629601
0.0618593
0.0600313
0.0570843
0.0550879
0.0559366
0.0582016
0.0609876
0.0665459
0.074961
0.0854516
0.0980452
0.112878
0.129906
0.149345
0.170802
0.19392
0.218204
0.242847
0.267731
0.294376
0.325544
0.0679973
0.0668676
0.0663645
0.0660073
0.0644232
0.0638441
0.0640597
0.0635971
0.0645444
0.0673959
0.0723237
0.0795741
0.0889255
0.100162
0.113231
0.127952
0.144499
0.162969
0.183239
0.205288
0.228297
0.251471
0.275153
0.296341
0.315483
0.0712213
0.0697925
0.0692852
0.070077
0.0717468
0.0720934
0.0734381
0.0754768
0.0786405
0.0828514
0.0888801
0.0970764
0.106719
0.118012
0.130814
0.14477
0.160078
0.177175
0.196324
0.217176
0.238881
0.260653
0.282894
0.30189
0.31394
0.0762584
0.0757262
0.0753588
0.0745021
0.0749727
0.0758404
0.0784017
0.0813699
0.0859779
0.0907731
0.097613
0.107092
0.117071
0.129499
0.142829
0.156921
0.171202
0.186739
0.204242
0.223042
0.243847
0.26402
0.284053
0.304349
0.317863
-0.653754
-0.65871
0.668976
0.356658
0.183302
0.151623
-0.180996
0.355635
0.703147
0.351485
951.85
0.278863
-0.496336
0.0408259
-0.49093
0.462732
1.35623
0.350115
0.376486
1436.98
-0.938004
0.56088
39.3142
0.183951
0.290768
0.471063
0.286275
0.0685727
-1.45658
1.81421
0.297929
0.49159
22.3428
-0.636411
3.43199
0.311167
-0.28457
-0.455926
-0.350748
0.231481
418.031
0.448939
0.527015
0.104862
0.115889
0.586756
1643.58
1821.88
-3.40808
-7.67374
1733.16
500.595
-0.756252
0.343612
-0.181394
0.677659
0.0375533
-0.836261
0.101745
-799.196
0.294571
0.660855
0.175901
0.543484
0.365313
0.0966477
0.197636
0.198768
-0.500748
-4.60787
0.651958
0.57959
0.206145
497.159
0.181418
-0.925917
48.0933
829.07
0.0592005
0.340834
-0.645948
0.280284
0.423395
4157.42
0.228771
0.269592
0.248846
792.21
32.1712
0.120099
0.141875
0.1339
0.463157
0.283409
0.194014
856.956
0.474329
1676.41
0.45647
-639.08
0.0789303
407.687
0.0772603
0.583735
0.113612
0.0800019
34.4982
-0.636829
0.383122
1.68503
0.551435
0.32729
1.76539
0.581332
-0.780616
-3.18403
248.324
0.233066
-0.596602
0.372179
0.42388
0.323294
0.194355
0.311284
20.6436
0.522319
447.411
287.158
0.0464327
1939.86
0.419792
588.879
-7.70939
-0.575643
0.0772628
0.238928
0.121724
0.0886205
0.348675
-728.818
0.561265
-0.280654
-234.579
0.427342
-2.00989
0.475367
0.355431
11.7432
0.450768
3.33347
-0.0716157
0.00476405
0.357144
-0.567215
0.24495
4027.98
0.174238
0.255976
189.921
0.358178
0.522206
0.681233
0.502718
1643.04
0.4803
4134.3
0.0370163
0.235843
0.517226
0.165645
0.0460616
0.555486
0.184664
4148.69
0.159846
0.0732569
-0.887085
-2.13049
-60.7782
0.565477
-0.738497
0.490594
-0.723113
-0.825743
0.083757
0.433222
4107.35
0.379815
47.9589
0.421491
632.087
-245.253
0.134658
-0.257987
-0.866797
33.0626
0.189979
0.557753
-2.50929
-0.938395
-0.501785
0.571223
0.28192
0.411709
-0.0509454
0.357919
0.189133
0.0756828
-3.09652
0.256514
0.116324
0.303949
-0.702269
-0.0506971
-0.0771215
232.707
0.14917
0.398089
0.605382
0.110056
0.0770774
0.448451
0.265272
0.603208
0.301114
289.806
0.149007
1.30249
0.388413
0.203022
4044.65
0.322078
0.487306
0.426404
-0.328364
0.352659
106.412
0.0661965
-0.788888
0.195405
0.253906
0.283119
0.481158
0.0896639
0.21917
0.312451
0.499988
0.0956809
0.464391
0.450037
0.391698
0.0734078
0.245556
-2.9305
0.466947
0.193136
2.08028
-123.356
187.732
0.369427
0.171598
0.0343689
0.410938
0.237843
276.644
0.331861
0.398787
0.368496
-0.175454
0.243629
-0.919502
0.124071
0.459287
0.397803
0.411111
0.363271
0.181431
0.843509
0.0358826
402.896
0.105023
-0.0718961
0.203199
0.588057
-92.5637
0.351681
0.0739842
0.312297
385.239
828.834
-0.150441
0.513817
0.447147
575.486
-0.558828
213.656
26.1694
0.145877
0.351125
-624.726
115.5
0.519159
0.26872
0.410331
1.31741
0.44724
-0.960708
0.194838
435.427
0.300538
0.580922
0.535302
48.6593
0.0469908
0.458643
-0.252231
1469.99
0.251352
0.304676
-0.495738
140.323
0.496119
0.26815
0.302053
0.254669
0.341929
254.32
-0.662469
0.146862
-0.832728
0.472639
-0.59852
0.0778502
0.356345
712.305
0.267885
0.407136
0.445014
0.377392
0.183797
0.308366
0.262374
-914.168
0.525428
252.077
0.147027
0.1119
0.465362
0.221475
3675.71
0.165051
0.460935
0.443582
119.144
462.143
0.301575
-0.446116
0.0911162
0.481822
4101.58
-3.03501
52.0505
0.428229
288.117
0.446639
0.232172
0.519938
1093.67
0.41085
37.7245
0.563967
4.44499
-1.30997
0.785142
-0.505892
0.351224
0.341712
0.496535
0.352897
0.344906
18.7152
0.5372
14.3239
0.107457
0.100393
-0.527824
0.487763
1334.2
738.38
459.733
-0.120023
0.369853
0.105758
0.458787
-0.780961
0.360663
0.452081
8.67595
0.265255
-1.49483
0.343552
0.530072
0.219386
-1.23999
0.247705
0.425527
-0.232109
0.105286
-0.0254696
0.254665
0.140806
0.403407
-705.524
0.346784
0.483885
0.294753
-4.58839
3422.75
0.311383
0.139173
0.49369
0.348986
0.123477
0.0740368
0.535655
1102.05
0.380472
0.244804
0.209206
0.491636
0.410045
0.18658
0.115179
0.0790384
-0.170378
0.516026
0.55171
0.44615
0.465854
0.284452
0.369039
0.244543
378.806
0.0577826
-0.511093
0.51564
0.0662609
0.341355
0.107491
0.0612036
0.750704
0.504586
0.49572
-545.645
0.530584
-3.6364
4154.42
0.296644
0.142379
343.804
0.518773
0.0825371
0.106005
-0.704934
571.645
0.260801
0.135576
0.627034
0.377924
677.173
0.0964203
0.232958
33.366
0.289374
0.32464
-0.559952
0.117931
0.195912
6.29283
-0.857783
-0.0869578
-0.408417
0.440178
0.266451
4090.93
0.214915
0.306171
0.589619
-0.339453
0.569681
-0.792231
0.495196
0.335555
0.407445
0.406506
0.120039
-0.663104
0.374359
0.445323
33.1909
0.525276
-0.172989
0.382098
0.0818804
-0.8459
-0.66172
0.40809
0.426538
-0.221506
0.494786
0.532841
-0.669786
0.164833
0.118389
0.431633
1054.2
1.3697
-6.29891
0.346412
-0.0992958
0.484887
885.676
1465.5
0.412198
-0.593376
0.598246
828.067
171.484
0.348135
0.568146
0.0772815
0.573613
0.372126
0.509541
0.369093
0.0396679
0.528206
-302.595
-2.78686
0.50018
-0.509272
1.61594
0.554997
49.8236
0.446037
0.575248
0.464188
0.0779005
0.383898
0.878467
-0.320431
-0.407186
0.0402691
-2.96249
-4.65354
1367.32
0.25743
0.52173
-0.54652
268.138
0.200143
-0.589141
0.528344
-0.526617
2.10489
0.355483
-0.101262
0.0962464
0.495754
0.171628
49.3429
0.602994
-0.540484
0.130735
0.160447
1.5631
3101.73
-72.0526
0.0754905
0.173164
-1547.04
-0.71228
0.568173
0.486839
0.382487
4.41578
0.548774
0.147462
-0.311507
0.572992
0.134274
0.214557
0.540178
6.36451
0.535794
0.0916471
-0.587561
-6.42474
0.201696
0.485886
-817.761
0.0632897
0.445919
0.250661
135.493
0.471104
0.337406
0.246575
0.319312
0.502883
0.527535
-0.368604
0.323487
0.51516
0.0766004
-0.806916
0.340877
0.1183
0.561122
0.560756
0.276547
0.492146
0.505212
-0.00952238
0.210951
-763.547
4231.34
0.0678996
1.3962
0.160938
0.214078
0.225926
0.438774
0.48206
0.373851
-0.846547
0.145906
0.28468
0.00713719
2.70895
-0.100151
0.0528835
0.103117
0.550792
0.165024
0.421415
0.146177
0.0529672
-769.367
0.12136
127.038
0.404043
0.357968
0.4399
0.601502
0.251238
2845.8
0.371713
-1.05028
0.474988
608.314
0.335645
1570.5
0.431012
0.237634
0.375794
47.4285
0.369943
0.0912003
-0.746856
0.195658
0.430232
0.217178
44.5959
0.443527
0.48092
-0.558696
0.311298
0.566203
0.323811
0.458331
-0.789157
0.258027
0.444557
0.395193
0.0530695
0.492243
-2.04595
51.2506
0.495844
-0.258465
0.307351
433.053
0.398823
0.52376
0.458326
0.461582
-0.300314
0.365514
0.535552
0.10306
0.188935
0.470935
0.592335
0.579985
-713.228
-0.708495
-0.055835
1778.98
-0.330118
-0.38543
4.37913
0.407518
0.18463
0.262485
0.425913
0.48108
0.113769
0.451771
0.323122
-0.530606
0.454115
0.227117
0.136947
0.491061
0.189634
0.340062
-0.0448157
-0.700349
56.8745
0.419059
-323.691
-0.142554
-1.99993
-1.03466
188.016
478.533
0.377842
0.39043
0.443787
0.443378
0.202633
0.486185
-0.544735
-1.11835
0.507495
106.635
0.0441526
0.34539
0.347674
0.380559
4257.16
0.529252
0.398875
-0.150589
3.98332
-0.668209
450.722
0.425803
0.447991
0.125907
0.440124
-0.902714
-0.0388498
28.6454
7.03794
0.173773
9.2065
0.394394
0.419335
0.0832484
0.138105
0.0859215
0.358273
0.524963
0.1601
0.435141
0.422112
0.524331
0.465657
0.179555
0.263428
88.4701
-0.334786
0.553345
0.170043
0.550832
-762.242
0.207335
0.479363
0.563854
-1.01004
-0.0688732
0.437901
0.573719
3142.63
0.505641
45.9733
0.343797
0.977564
-0.553406
57.1744
0.523422
-0.578749
0.0231565
0.533131
63.8091
0.454941
0.329265
0.124834
27.5269
0.663733
0.486699
0.276416
-80.349
0.228808
0.5666
0.252003
0.571721
0.484876
0.823967
-1.28048
-0.826359
0.465716
0.371547
0.439316
-0.811331
-0.298515
0.503355
0.277195
0.116175
43.192
0.293908
0.151896
-1.02193
0.423301
0.465437
0.464644
0.429006
-0.869254
0.338498
-0.892019
0.293794
0.304313
-0.55193
0.575382
0.509347
0.438402
0.0761676
-0.861115
779.211
0.420167
0.348083
0.477208
-0.537928
-1065.22
0.594808
0.391294
-0.524511
-0.422738
0.388613
0.148397
0.103011
4082
0.278723
-1243.27
0.489958
0.389039
-0.797274
0.440265
0.418873
0.380537
5.12233
47.1973
-529.547
3897.66
0.427432
1.73807
-0.575625
0.550904
-0.191459
0.331888
0.100173
459.13
0.369144
0.107681
-1.06446
0.533148
0.327456
0.357955
29.6273
0.0236113
0.40812
0.731447
-1.57493
-0.528751
0.496467
0.130338
1689.77
15.0079
-0.556398
-0.809897
5.12012
-0.0113492
0.437035
-0.115744
-20.0002
0.207588
0.236065
-0.00161658
0.253203
0.495981
-0.165805
-0.822675
0.433965
0.118685
0.500457
-591.037
-0.228566
-352.196
-2.68437
0.593104
0.0657497
-0.0918174
0.115408
-1.0423
-0.851855
0.423642
0.397807
0.390363
0.402289
-1.29413
384.714
0.344941
-571.379
0.569444
99.7602
0.461985
0.297732
0.355522
0.529275
54.9762
0.0635466
-0.924403
0.487887
0.463589
-0.184761
0.214321
-0.452239
-0.55713
0.753402
0.335136
0.208606
-0.153874
0.440968
0.556469
0.272948
0.784388
0.172388
0.0840724
86.7658
-0.246489
0.134162
0.120817
0.207301
0.575256
0.121978
0.469537
-0.857657
0.446291
0.137164
-357.116
914.508
0.515206
0.510741
0.148905
-0.129523
0.368959
-1.956
0.155868
0.09663
1.51637
0.477387
0.155715
-0.0107852
0.225901
-3.15923
0.351229
0.226979
0.448145
-0.159368
-0.156496
231.757
0.276068
-85.4757
0.49151
0.187834
0.474108
-389.077
-0.735349
0.186513
1.54303
0.29586
2879.44
0.407991
-2.5697
0.200674
0.303554
0.189288
-0.174392
-0.39139
0.369508
0.495524
437.877
0.379763
0.499491
0.293077
0.447076
0.507308
1837.41
0.52014
0.473806
11.0545
0.0761937
3980.23
0.407133
0.528081
0.483325
0.292735
0.549893
0.110093
53.2434
0.304323
0.0961454
0.361922
0.11671
-0.118761
-560.265
0.456339
0.480116
0.132338
0.54413
0.332833
0.230871
498.664
0.35074
-1.04741
0.482721
-0.161828
0.748921
0.0747757
394.972
0.450596
-1.73888
71.9931
3563.1
0.35681
0.373553
0.0786868
-166.593
0.591127
0.549221
0.155668
0.165826
0.0646963
0.109208
0.218845
0.106097
0.384624
0.304375
0.304669
-1.30357
0.41886
26.8941
0.28826
0.487633
0.444181
0.321747
-0.760245
0.309646
-225.066
-0.895883
0.221219
0.535267
-2.46341
2315.43
0.408061
0.315274
0.579098
0.232957
0.334559
0.075978
183.048
0.465656
0.4363
-0.609524
0.363992
-0.0482026
-0.220424
0.469035
0.241284
0.439172
0.0803518
-0.824662
0.487146
-30.4975
0.454301
0.0765474
0.230051
306.757
362.927
0.489023
0.419453
294.725
0.292033
0.119466
-0.146619
-1.39117
0.282901
0.392986
0.33665
0.0834301
-1.1328
0.22142
0.329284
-0.925028
-513.901
0.420387
0.483002
0.179128
0.574627
0.174002
-0.671109
0.442137
71.5455
0.364169
0.546236
0.284733
-0.813274
0.477967
265.877
0.0646042
0.784245
-0.891141
-0.545836
0.386252
0.495079
300.159
-0.771192
0.40447
0.22159
0.342294
0.0794746
0.501781
0.369286
0.356719
0.365512
0.154191
0.0743912
-0.199678
0.0939815
0.135004
0.175675
3785.94
0.408094
310.944
1377.4
0.107981
0.471547
0.129993
0.185386
0.125358
-3.55648
0.518514
0.552762
0.30935
0.262678
-1.01982
367.01
0.470354
0.129528
0.167115
0.424475
0.227647
0.0787133
0.401058
0.0946092
0.0150857
-12.6039
0.464516
0.151133
1.02247
0.444961
0.119057
0.152113
0.386723
0.142977
0.22576
-0.589149
0.513453
0.462977
-138.437
0.266076
-0.131519
-0.363836
0.460751
0.29074
0.556697
-0.572662
0.494765
-0.54574
0.484325
-0.215953
2.41336
397.327
-2.604
0.274375
0.27488
430.718
-4.76916
0.126086
0.580577
0.302106
185.15
0.555316
0.156758
0.329888
0.596666
-0.114173
0.30904
0.176002
0.409201
-237.085
476.388
0.301441
0.595492
0.289764
0.493656
0.409209
-0.142266
0.588514
-0.0128804
13.5586
38.9696
0.438262
35.9255
-1.24016
445.076
-1.82437
0.0180484
-0.572889
292.91
-600.024
0.420173
-21.2367
0.450434
0.73897
0.321894
0.436797
-0.53482
-0.678686
1504.78
-0.678919
0.0755149
0.515547
-0.162304
-26.9234
0.288796
307.334
0.584766
1091.62
0.465414
-358.517
-0.0531021
0.117352
0.427653
729.163
0.322214
-0.0142729
-1600.38
0.474304
-3.14437
0.418522
0.525355
-0.426464
-0.145549
0.124954
-0.712195
-0.477621
0.585708
-0.820657
0.28786
0.500502
0.0761434
0.156932
-1.23237
-0.540538
0.39519
180.666
0.477736
-0.889312
0.291482
0.541793
0.476034
-0.908814
-0.146909
1.66216
0.467109
701.233
0.216248
-0.812032
688.258
-0.0560895
0.584028
-0.54647
0.557887
0.510392
0.444717
98.3379
-200.801
0.332586
63.0565
0.150426
0.420855
-0.219159
0.547569
0.292478
-0.525047
0.576522
0.463272
0.298856
0.315408
0.546132
0.581543
-0.612742
-576.961
0.120277
0.401474
0.460017
-0.568676
1139.56
0.360454
0.0317681
0.0755842
122.283
0.0288219
-0.146574
-0.509292
0.315667
-0.808652
324.463
0.365626
0.108279
0.393693
0.292231
0.270688
0.502887
0.110243
0.0824391
76.6637
0.451986
187.931
0.266711
1297.33
0.523108
-0.75283
-0.0616845
-1510.7
-5.17012
0.103399
-0.0177364
0.559535
0.571443
0.51558
-157.198
-387.831
0.498735
0.485468
0.181227
0.579041
0.290873
0.429284
150.345
-430.471
361.213
201.514
0.591478
0.287215
-0.578951
0.199434
-2.49764
0.443426
0.268362
0.124303
0.147317
0.354048
0.162743
0.308675
-0.040134
37.2274
-240.731
0.454604
0.127817
-0.513986
0.652369
0.455001
0.901268
-1.17079
-359.747
0.570213
442.67
0.434849
0.592579
0.556777
0.259926
0.359976
-0.116724
0.850128
0.568278
0.0740922
-1611.07
0.147766
-5.70934
2654.43
0.168185
0.0542575
0.240272
0.077488
-0.65906
0.16876
92.1233
0.123534
0.507054
0.0844241
0.570343
0.0825536
0.57306
0.471474
0.478131
0.245279
0.128463
-0.774086
0.580749
0.758921
0.455915
0.523888
0.206276
0.0881996
0.487708
0.540546
-6.14334
0.477714
210.808
0.390053
-181.126
0.572515
0.590134
0.372905
0.27695
-271.167
0.175343
0.563252
0.322215
-0.0543436
0.24591
0.392364
0.346075
0.585088
-0.172881
0.347464
0.495459
97.2917
0.32243
0.412223
0.573037
0.531482
0.357826
411.921
-2.13814
0.321386
0.469684
0.576593
0.441735
127.3
0.226209
0.420037
0.447276
-0.749874
0.0926456
0.588699
0.225577
-0.358968
1.41528
0.119272
0.430373
-449.77
0.511467
0.158495
-0.557636
0.54265
-0.128568
1049.55
0.310858
-0.625915
0.481725
0.493602
0.592192
0.389175
0.357064
-24.4139
0.535061
0.38159
263.69
0.549933
0.566636
0.257763
0.0923655
-0.232975
0.288041
0.194802
0.39906
0.498745
0.249245
0.415174
0.0917662
0.592334
1.30341
-0.7142
0.236363
-0.557789
0.112885
61.8851
1343.42
-1451.08
-728.905
0.300151
0.444436
-0.756899
0.59521
0.514495
-3.38893
0.477932
0.509929
-1656.96
-0.566119
0.565117
4127.79
0.212974
-245.748
0.139499
0.312389
0.34508
0.0773303
15.0258
0.528151
0.327963
0.0568324
0.577147
-1.08711
0.0181412
0.503278
-0.879762
0.0765203
-902.03
0.104966
194.802
0.546699
0.306207
0.146627
0.468928
-0.843282
-971.999
-1.11386
0.21268
-1.06344
77.0447
0.295932
345.856
-0.104543
0.418422
-0.997119
-315.162
0.214514
0.104687
0.15172
199.564
0.277681
0.380921
83.6
-0.877646
0.0600152
339.727
-0.69365
0.121894
0.0711923
-0.200538
0.0947158
-0.905282
0.116475
0.47921
0.414792
1.41707
0.201508
-0.152793
-595.138
0.262409
-0.125953
1.00112
0.499299
1647.73
0.451776
-1.07547
0.561955
0.350221
0.463812
0.369739
0.364955
0.135627
0.272426
0.117176
0.291379
-3.12078
-0.9439
0.404593
-1.10747
0.223261
0.385886
0.486787
0.521898
0.481072
-0.195914
0.373659
-0.230499
-14.3764
-0.246057
156.687
0.295194
0.57583
312.734
0.489876
0.164822
0.547183
0.280524
0.123871
3803.26
0.228765
0.342472
0.258592
0.0790378
0.0755475
-0.22736
-0.103305
-0.180357
-0.511004
0.433379
0.404466
0.334008
0.180876
0.21997
0.364817
0.0808955
0.423185
0.269524
0.574463
0.375222
-0.173164
-17.5139
-0.553726
0.0859808
0.335986
-0.157994
-413.222
-45.3294
0.209079
0.475554
0.0895401
0.437375
0.305833
0.0853664
-730.01
-0.123984
0.353072
0.502649
0.545461
0.123598
-324.506
0.193981
0.542489
0.302346
0.154764
-211.078
0.44214
-2.77237
0.303162
0.103786
0.127374
0.450862
-345.428
-0.0606128
0.479501
324.531
-0.987062
0.0281171
0.391203
0.51527
0.670505
150.095
384.193
0.323606
539.816
0.425102
0.429668
1.38468
-29.5679
0.287736
0.356175
-0.165907
-0.166707
0.312691
0.240161
-429.485
0.392196
0.306918
0.153348
0.241293
0.347745
0.419266
0.46786
0.26975
-0.950416
0.253318
0.276833
0.173753
0.539772
-0.0313927
0.119062
-0.855319
-0.134487
-0.111562
0.549804
0.524303
0.227988
0.339369
0.544156
0.369734
-0.925174
0.279024
0.14634
0.291931
0.234143
0.471809
0.15367
0.278979
243.785
0.235814
-38.241
0.449222
0.449264
0.448046
0.549908
0.460523
943.783
0.56025
0.194971
0.235613
0.288214
76.9314
0.404677
0.449935
0.300458
98.3743
0.289963
-417.328
0.378588
16.7769
0.425045
-0.500639
0.350591
-0.210301
0.474962
947.345
0.0904867
-0.756169
3833.46
2189.6
0.0158967
225.757
0.336597
0.188812
0.328105
-158.896
0.223128
0.152007
13.1968
3501.37
-1.44525
0.59841
317.323
0.147939
0.555198
0.301338
-0.0854882
0.248471
0.0408115
0.507764
0.139961
0.378776
0.368391
0.581322
-0.877372
0.45292
0.432982
1796.81
-0.104038
0.217298
0.115637
-475.249
0.540748
0.503963
314.506
0.582605
0.480954
-0.210715
0.484216
0.0782357
630.085
0.363219
0.580153
0.39758
0.316102
0.582952
0.132237
-71.9757
0.251511
-0.68016
0.0561481
0.0955528
-355.708
0.0258093
0.03121
0.322877
0.218892
0.461885
0.251815
-0.507093
-0.891605
0.449239
0.520423
0.496726
-0.930702
0.0992344
-0.152456
0.208484
0.0960819
0.553575
0.573
-0.180003
0.0957507
-0.767559
-2.71401
0.434758
-0.754329
0.515165
-2.96686
-0.0912302
0.392014
0.505938
0.11963
0.472045
0.564155
-0.824097
0.755282
0.336025
-157.242
73.054
0.44771
0.264282
-0.273367
0.29077
-0.158962
758.911
0.427733
3463.43
-1.73048
4130.01
0.251059
0.2625
0.457359
0.298171
-1.2227
0.39948
275.069
0.21579
0.27678
0.109649
2766.95
-0.279956
0.391022
0.336652
0.302471
0.566923
0.516195
-0.111657
45.5669
0.472981
0.303501
1827.81
0.360846
-7.31194
0.547231
0.50343
0.596047
30.7422
0.447894
0.361459
0.441366
0.414043
0.0672844
0.464852
-189.1
0.0753281
0.370308
0.556038
0.32984
63.5546
0.11007
0.205156
-0.23822
-292.279
0.0926308
-53.9285
0.328065
-207.158
-1.11088
0.211496
0.071573
0.519152
0.450465
0.193119
-0.621447
-0.0960589
0.280967
0.114497
-0.465229
0.290597
-0.486899
35.22
-0.0199005
0.49782
72.3845
0.0868644
0.384272
0.418704
0.5549
-1020.45
146.783
0.572529
-1.25883
0.523693
-1.08978
0.769137
-594.037
132.303
-653.526
0.330568
0.0692397
0.247754
0.0994454
-0.975683
-0.260941
0.358127
-0.117262
0.216736
1576.86
0.498309
-0.271607
0.522784
-309.467
0.0946448
1.02536
0.057785
0.612054
-270.062
0.422944
0.163853
0.482956
0.410373
0.470153
-0.29193
0.2835
0.41282
-5.09082
0.198979
0.0147223
0.0957147
0.544574
0.539218
-38.5584
98.6196
0.0545674
0.286558
0.436205
0.267873
0.49149
165.683
233.619
470.882
0.507591
0.484603
0.574753
-472.868
0.0605513
-0.1113
0.494765
175.218
0.45882
0.0467162
-0.631316
0.44606
0.296317
0.107118
0.337635
0.469468
0.549336
0.683257
0.518388
0.463075
1100.32
0.499673
-0.788709
-0.409783
0.0574805
-0.193937
0.414086
3694.04
0.450949
-0.717733
0.460622
0.452358
0.371501
0.418256
0.505389
-0.0126235
0.48485
-1.07563
0.462193
0.468214
0.544273
317.237
0.502227
0.20753
0.493454
164.547
0.487391
-196.721
-0.202688
0.39769
0.356044
-0.166193
12.1255
-759.919
-0.167898
0.387516
0.120292
253.512
1280.26
3049.57
-0.709322
0.207367
0.476427
0.179931
0.0748261
0.311753
0.440325
0.587533
0.234002
0.285176
114.79
0.221601
24.8471
0.273004
0.451521
1.00758
0.428384
-0.753153
0.0862249
0.190042
0.342455
0.454057
0.348028
0.184439
-0.0872944
-0.0169681
0.468476
-0.164683
367.447
48.0062
0.345164
-0.0297151
-317.692
232.984
-2.37761
-67.3672
-900.735
0.404133
0.445099
0.553574
0.165158
-5.75865
410.307
0.232616
0.36671
0.0726701
0.44776
-0.704466
0.548757
-1.01904
0.462776
0.162627
0.418093
-124.597
0.45857
878.947
1835.5
0.056495
0.074212
0.123116
0.420006
0.108271
0.276681
-0.259582
0.45783
0.274596
0.143051
0.237789
0.0633857
746.645
-0.146242
0.0748436
0.255177
0.220748
-2.20521
0.0748366
0.472916
46.5809
0.29862
0.425989
-16.252
0.475591
0.226286
0.511241
0.906482
478.348
0.474296
0.293838
0.486655
207.568
0.478219
44.8893
160.785
-1222.1
5.79242
-446.623
-3.49083
51.2648
-0.676655
-0.439081
488.382
-619.89
-289.178
453.166
0.153444
224.535
0.315133
291.92
0.469457
197.695
0.247838
0.490854
-2.22491
-0.712692
-1.37731
0.0434857
0.121318
0.140242
0.544995
0.401068
0.138556
0.137506
0.497474
0.363156
0.0740467
-0.0847325
0.242161
0.335043
0.234142
0.489388
-1.01238
0.236525
-0.0619688
16.4417
0.543239
-0.145392
0.472773
5.291
25.1616
0.359736
10.39
-778.732
54.9528
0.124429
0.233701
0.488967
0.411233
0.498041
0.488718
0.481117
0.562601
89.5986
502.092
-0.693065
444.91
0.242323
0.512298
0.559384
0.228597
0.0803666
0.274962
0.249921
-0.0385001
0.302612
0.0562735
0.449051
288.045
0.272366
644.186
0.234916
0.157884
0.205862
-235.047
0.171168
47.775
0.562023
0.278172
1.52734
31.7981
-0.451228
0.434288
0.437165
0.252859
0.479445
603.503
0.109944
74.8572
0.0929146
0.0936462
0.363466
94.739
-0.0308759
-0.170042
-0.884667
440.586
4125.23
0.338942
0.517333
0.56177
-244.984
0.156063
0.347439
0.176965
0.254474
3401.06
1.01759
0.239167
0.18318
0.478458
0.410769
23.6905
82.4056
62.9535
0.319124
0.182193
1978.21
0.0102331
0.229983
-89.5902
233.398
0.129938
0.526121
0.400192
0.0743058
0.464325
0.406371
37.8497
0.137621
0.508842
0.475948
-0.3048
150.823
0.078532
39.1339
185.692
0.488495
0.483507
0.0841762
0.220502
0.404315
0.0590912
0.564842
0.207443
341.592
231.03
-0.016404
0.527506
0.513103
0.295869
0.391255
0.420836
0.168421
0.575012
0.484133
0.464691
0.197799
0.401196
0.153681
-82.3033
0.0884562
0.472139
-0.923478
0.567417
0.343173
0.54173
0.220792
-149.496
736.483
0.390198
0.334234
0.554357
0.0621246
650.106
0.447465
0.395386
-0.113784
1904.94
340.059
0.590604
0.439443
-25.1345
0.443339
0.289896
-0.738467
-0.421697
157.623
1.24241
0.0493019
-0.0656349
0.34404
0.196089
-1759.5
212.78
0.372533
0.0840147
340.314
0.0743243
-1.86377
0.0672783
0.510332
0.446332
0.587501
916.048
0.164463
-20.3582
0.288022
-0.187146
195.213
2175.32
0.406829
454.392
1.43825
0.403932
0.178042
0.292989
9.35589
0.133804
0.0949912
0.12954
-5.50132
0.311988
0.407188
0.368022
1.57063
0.377567
0.519155
0.366955
1871.2
39.2515
5.62678
0.310274
0.445192
0.973436
177.536
129.042
0.0886841
0.277267
0.19569
0.543799
0.522705
-47.5081
0.210636
404.491
0.563284
1.27595
388.922
-0.0373853
28.7485
-0.141651
467.346
0.297831
0.154864
0.149893
-0.214367
0.296926
-562.838
0.0585945
-0.231156
0.305641
0.445687
0.0604812
0.16318
0.126319
0.308701
0.155762
0.2855
1043.51
-0.315553
0.537636
-0.63884
0.156663
1523.44
-0.904911
-0.247821
0.306934
1717.53
-0.287279
0.398809
24.4776
3242.61
18.9362
0.495553
560.579
0.386681
0.175118
-0.268018
401.715
0.169742
-0.382177
7.75692
0.122217
0.449788
-0.141651
-0.293299
0.264643
0.364913
0.0321169
-4.04422
0.480405
-167.206
-1.09443
0.216879
0.0649329
0.299974
0.104991
1.32463
0.385557
0.139391
189.121
-0.509013
0.179437
0.489278
-0.283056
362.292
2100.4
6.44661
0.47531
357.196
-0.579232
0.372108
-243.052
0.355282
0.187846
0.496624
0.31847
0.53214
0.391074
-0.31164
-0.201626
0.242865
0.0877575
0.377434
2.43103
0.85334
0.246997
0.161702
0.23178
0.0259229
0.324303
3.67894
-0.219741
0.400392
133.433
12.168
-0.479182
0.256962
145.271
0.236575
1285.57
262.341
91.16
-0.291187
0.442987
-5.71142
0.567585
312.102
222.093
0.470991
0.505632
0.328854
94.1963
0.373308
0.21588
0.296708
0.484788
140.953
77.3686
500.548
0.284849
0.383817
-0.237379
184.481
0.246654
0.493314
0.358602
0.394059
-230.221
0.42132
-0.431388
0.166329
0.532635
658.418
-260.673
16.1759
1560.09
0.288241
0.155277
0.230267
302.745
0.36459
-0.140593
563.125
0.51564
0.342106
269.045
0.258697
1.33461
345.385
875.114
0.469918
0.321215
0.408907
0.430601
0.184535
-0.57985
0.371519
396.721
0.257118
0.400602
-0.145421
0.316141
108.493
-40.3983
0.47206
0.44832
0.249548
243.041
-0.421768
0.348131
-0.0634481
0.458834
0.305724
0.142792
0.377395
-0.194015
0.269588
0.589259
-0.052779
0.386502
621.754
0.511783
-0.466858
0.164803
23.9198
0.299491
94.5414
259.747
17.7237
0.721602
2522.32
0.105918
140.986
0.10571
0.568818
-0.676255
0.154034
0.0334635
0.247015
-427.903
1.05816
0.429915
3979.42
0.154833
1.20365
1718.15
-0.292093
0.0944048
17.8252
2578.6
0.0971237
-0.0915345
668.286
510.569
-0.480981
0.402727
-0.118121
0.305586
0.44142
-0.231225
0.336214
0.455917
0.446548
0.434458
-168.139
1383.01
0.468624
0.216678
621.771
0.297565
0.0987439
0.307009
1266.16
-0.1982
1111.67
0.397494
0.191629
21.7612
-0.0922788
3074.87
-0.334146
0.13104
0.331251
-553.685
-0.393571
-0.118629
0.472603
0.0530125
0.166143
0.43109
0.470772
311.334
-0.172274
-0.641218
0.368464
-0.161651
-0.513724
-0.410435
0.0677066
0.44686
0.419151
544.183
113.493
194.109
1619.62
0.135878
0.137456
0.449244
-0.390059
129.047
1.11573
0.273728
0.226001
-0.356055
761.019
393.422
270.941
120.738
0.57734
0.34314
3948.88
0.137445
0.568905
0.492636
65.542
3.51612
0.67683
255.568
0.785824
0.491979
4140.8
66.1263
-1570.55
4.05396
0.00927275
-0.143872
-0.232828
0.686507
0.401976
0.442914
0.571997
81.235
0.312619
0.271951
-6.06095
0.505964
-0.219938
0.263405
0.460964
-0.259603
213.045
585.591
-0.290717
629.094
865.878
1094.34
0.437036
-3.55964
1137.3
859.118
5.9355
109.218
4046.95
0.470549
414.01
0.340289
0.393703
0.298224
0.322593
0.0761584
-0.326471
-0.596976
-0.151671
-0.344646
0.327645
198.619
0.274905
0.346032
-0.735828
3295.63
-0.726172
-0.0772043
377.47
-0.151332
-8.27935
-0.174736
1.18106
0.028282
488.944
0.29875
0.28379
2170.34
1943.87
2317.6
65.3104
-0.312892
2739.2
251.419
1438.4
0.374194
0.270274
0.145536
0.0779965
-0.139833
0.330218
-0.105346
434.907
0.264006
211.845
2.29185
-0.257343
55.312
996.06
0.196548
0.524765
818.025
-0.140471
1.06793
2.5868
0.566894
-0.309406
0.479201
0.220735
1602.82
700.615
494.63
15.8225
-0.313372
-0.395652
2816.45
80.1196
0.406322
-0.0443792
12.9929
0.0695767
0.554377
322.819
0.30733
-0.256072
0.321931
0.950496
0.338315
0.231491
30.7494
33.5877
-20.8476
-0.144102
-2783.09
0.571539
0.327448
-0.221695
-0.11501
0.458888
0.310262
-0.129176
-0.12006
5.75528
121.82
-53.3694
-0.190824
0.316628
0.298355
0.168726
504.238
0.376523
1.08621
0.201669
564.318
553.467
-0.100219
0.44001
0.34515
-0.12564
0.339294
-0.0449801
923.663
1.40457
0.470726
0.230459
-0.0281172
0.463785
0.128966
0.312381
0.360243
0.539022
-325.682
0.287313
-0.310212
0.280617
-0.466071
-0.723802
0.29489
0.505292
0.498167
-0.115014
0.431591
0.62053
0.589131
-0.110889
1.50165
0.47519
0.294786
0.413218
0.104926
0.304485
1.39846
0.170377
0.201653
0.573192
1026.36
0.455824
0.615133
118.217
252.547
134.607
0.103002
-0.783726
-0.547468
0.410875
0.495444
0.416035
0.503302
0.43163
0.643732
0.421334
0.205135
-0.079659
0.0625722
0.448492
0.376121
0.353676
-0.707591
0.353004
0.13514
-94.1463
0.3816
-0.00670717
-0.0853533
756.723
1.16696
0.050756
0.305484
0.19642
0.700296
1269.84
0.911416
0.180425
0.232879
0.567768
0.622157
0.630323
0.35721
0.314863
0.626109
-0.397765
85.005
-0.315041
0.381218
0.317126
0.0837576
0.320673
0.319691
0.134375
0.106761
0.154602
0.340068
0.302829
0.486869
-2.41151
-2.79427
4007.34
1994.21
0.869242
0.209747
0.449763
0.285086
182.494
114.325
4156.71
-0.302425
0.577439
62.2804
-0.894037
0.328457
0.394435
-389.434
0.276961
0.240248
145.66
0.590471
0.391005
56.5633
11.4114
0.047697
-0.0840711
-0.192636
-0.0313129
2546.9
-0.0751148
1093.34
0.309237
83.8633
0.924278
0.298691
44.0607
0.15846
228.349
0.38851
-0.575847
612.427
-0.0181541
0.0783599
-8.36823
-1731.7
0.438206
0.10621
1286.67
87.0761
-0.382592
269.743
0.571092
12.9387
0.0524215
0.154338
-0.580703
0.460842
-396.341
1884.11
0.160587
2434.88
0.366451
-0.10599
0.41452
0.322957
0.816434
1317.75
0.599393
0.326074
-0.0299696
0.520784
7.03364
0.552004
0.280646
-0.586114
-0.972938
-0.0162877
0.580601
0.548455
247.286
0.0483618
2270.02
0.359931
0.199769
0.468287
144.582
1.18056
4132.51
-1495.66
1.07362
0.482458
8.4631
0.0166363
3898.98
3998.31
0.450692
-0.0426647
0.993479
-0.195364
1620.55
0.477882
-763.931
-1.98301
-0.388452
-0.332718
0.562151
0.419677
-0.0152938
0.306334
1401.85
0.151298
0.0308563
0.410147
-0.496526
1807.28
-0.0403298
0.0732083
-1.20868
0.474772
0.464845
2028.55
0.314558
0.105866
0.308015
0.262269
0.119022
0.454702
-1830.87
0.51973
-0.163686
0.423423
232.505
-0.0658352
-0.288002
0.260324
269.755
170.389
0.399304
1465.15
369.609
0.276554
60.6639
-0.746987
0.365153
0.372077
0.483127
1.15298
0.524211
-0.198562
0.287125
-137.327
-3.35517
0.323244
0.318065
0.372731
0.431398
0.509728
0.441369
15.0106
2422.34
0.106377
0.0249073
3.01464
0.333411
-0.136834
0.338137
-0.0142711
582.746
0.0748421
0.0505057
383.234
673.905
1391.67
3852.62
0.411643
-0.0480873
0.416405
-0.00600628
0.344345
0.0842391
0.491639
-2079.12
-0.683345
0.370323
0.857984
-0.157795
736.198
61.2454
-0.243179
805.468
0.393586
0.25945
-0.926682
0.541739
-0.0404538
0.429209
0.253563
-0.146603
0.466551
0.388707
0.100801
2011.26
0.436488
0.456064
19.4469
811.949
0.289514
0.467865
0.319728
0.145689
0.0309933
-0.507939
0.386327
0.447155
-2.27486
0.0941325
0.153698
0.111453
18.8057
2097.55
-0.028129
-0.0100729
97.05
3698.83
0.423673
-0.0293085
0.479851
-0.0683354
0.388633
-0.19093
0.191415
0.198874
-0.0277785
463.904
0.413058
0.153905
39.8667
-0.867211
0.468457
0.915371
206.586
-0.0275037
0.619604
0.410968
0.427991
0.402222
0.137375
0.644633
0.134803
0.52838
114.068
0.420478
0.543567
0.173299
0.500389
1935.28
0.445282
243.19
0.204687
-0.0133831
3549.88
366.799
0.482979
0.0276347
-0.0391742
-0.0967936
0.213202
0.0667737
0.510812
0.310584
0.170924
25.333
0.135576
0.134001
0.333773
0.380076
0.0696278
0.192562
0.404091
0.414996
-97.7137
0.336238
4.23226
0.265964
0.117562
0.583569
114.677
0.152608
0.400984
-0.209587
-0.127866
0.106014
0.399661
0.313536
0.323407
-0.49681
0.405371
488.425
0.472766
0.378237
0.395083
769.82
-0.100777
3246.69
0.495289
0.461267
0.434137
1434.2
-0.0510691
-0.530311
0.297166
0.330008
3276.22
0.595251
-0.148946
626.528
-0.00559543
0.0873384
0.596114
-0.127991
-16.5475
0.254691
0.386546
0.0751468
0.687731
0.102741
2339.6
-0.0194212
2777.8
0.193913
0.317115
0.0684151
0.407939
27.938
-0.100335
0.00822078
0.524767
0.588104
0.424984
0.136539
0.0546237
0.42215
191.976
-2092.06
376.185
0.177389
0.198155
-0.027111
0.193769
-0.0856495
0.293418
-0.016335
-0.169115
0.191609
0.142951
0.303948
0.43377
-0.530167
0.0449906
0.219551
0.27182
11.7592
-0.141141
0.517607
0.338475
0.598745
-0.206967
0.257629
0.459028
0.265779
0.275059
29.7924
0.547804
0.403075
0.350213
-0.0951332
-0.710842
-0.680003
0.360533
0.494312
4109.25
-1528.8
0.462937
0.107143
0.0562889
0.31552
95.6801
0.375557
0.210129
65.2919
0.147621
0.235591
0.344878
-0.138953
0.0766472
0.0524842
0.252993
0.295913
-0.00547571
1434.18
-0.630956
0.29034
658.621
3977.88
0.0757225
-0.163687
42.1216
184.412
-0.227308
0.0594122
-0.0678565
160.914
-0.129025
0.284116
0.142492
0.0790667
0.526513
0.502005
-0.685578
196.55
0.314475
295.959
220.987
-495.313
-0.908295
0.122601
0.0816365
0.368166
0.396988
508.871
-0.229196
8.61896
167.399
3410.65
394.38
-4.90387
0.382228
0.29271
0.484017
-3.61729
-0.0863605
41.1961
0.437004
0.545669
0.0962106
0.346343
-0.459524
0.149772
0.168808
0.43282
-1688.42
-0.00984382
0.54194
0.230873
1901.94
0.514262
-0.113765
0.0826671
-0.0416374
0.11261
0.156867
0.818689
0.427775
0.27985
0.413851
-0.130113
-0.17484
54.9013
1520.35
1027.04
44.5225
0.351062
0.484266
-0.371934
100.625
109.371
-0.164254
0.456458
-0.329376
0.382805
0.428809
-0.190666
0.540289
-0.208058
0.256995
0.402597
-0.856321
0.245082
0.510723
-1874.98
-1547.2
-8.2529
252.491
0.579641
-0.0152382
0.0550759
0.119509
0.540977
1391.21
3253.46
0.391679
0.530953
0.454426
50.456
-0.0438005
0.46236
0.399194
0.331867
0.417192
-0.416956
-0.661936
0.152147
149.732
-0.231557
0.239136
0.218819
856.349
0.106776
4035.57
61.3014
0.120131
0.350776
0.18386
-0.580747
424.639
0.4853
0.518799
0.411463
0.290748
0.225036
0.147007
-93.0245
1189.03
724.657
0.113143
1.1315
-0.0745727
2871.4
0.569679
-0.821287
0.28051
3593.82
0.507608
0.500587
0.403722
0.308257
0.130835
0.173165
-0.614363
0.420883
0.190092
0.0795239
-0.115284
-6.86578
0.199124
0.233837
0.548732
0.437217
0.261131
0.315491
0.105223
0.321382
0.0568192
0.128284
0.0327308
1.1896
0.427335
0.368628
0.213843
0.569447
424.645
169.607
0.43139
0.357234
0.407395
0.291116
0.439961
3826.29
3010.38
-0.00948426
-528.032
0.329768
-0.18519
0.550961
0.309055
121.092
0.0311931
-0.0064518
0.311907
0.332329
772.363
0.408478
-0.0256025
-3.12856
0.0464079
0.384109
-0.19339
-0.545301
0.0851339
0.0030201
931.994
0.168332
-2.51903
-0.136611
0.361942
0.033003
4059.91
-1579.28
4168.35
-0.00255635
-20.6379
0.18839
0.392205
1283.97
2404.74
0.402232
0.423834
0.435721
-0.128705
0.354528
-1585.9
4081.31
0.226761
0.328249
932.125
2179.76
0.453822
0.149538
0.335685
-528.263
3879.69
-1568.46
0.444855
0.56048
-2.96074
0.274129
976.941
-359.237
2503.35
0.208816
0.466556
374.154
-0.276067
-0.89634
0.364998
377.071
10.2815
0.312917
0.0721022
-0.00659777
-0.0983689
-0.036486
0.445184
27.2974
0.0644678
0.0199954
0.336915
-0.00649342
0.0704221
0.418342
0.100659
0.153089
657.264
1690.58
82.7788
145.42
0.0294138
0.322699
0.530289
0.526914
-0.0986442
0.123899
0.324403
0.465935
0.217325
46.0074
0.0478229
0.418769
0.361359
-6.9477
0.267968
0.379522
0.156325
0.316666
113.398
0.365789
0.428271
1287.83
26.7571
0.219252
1.08985
0.30189
0.331289
0.294379
0.211384
0.0136363
0.317708
-0.480492
-0.0112043
-0.250994
0.333466
-0.0587122
0.434816
4108.08
0.286379
0.194424
0.369789
0.219222
-0.00881948
0.226464
0.208214
286.424
0.354757
793.913
0.410004
0.460958
0.0332402
0.131696
520.679
0.262394
0.487259
0.117658
0.156269
0.452368
0.198712
0.149509
0.512918
0.0732371
0.307833
0.244079
-121.565
-0.603956
0.376225
0.433215
0.383229
-0.178062
0.405996
0.0904875
0.540306
369.075
0.302369
0.0859724
0.440043
0.0979654
0.357443
0.0334126
0.131637
81.8222
2333
0.331894
0.411349
506.912
0.0331174
1.0352
0.034165
0.317056
-60.7384
0.437686
0.0999881
-0.000407264
0.421413
137.584
357.726
0.0859139
0.244309
0.0374197
0.452082
-0.015128
596.293
0.296458
0.121956
0.157104
0.29803
0.358752
0.308192
0.454537
0.309046
2514.62
-0.112157
0.0505465
-6.11516
0.365966
0.437889
0.265045
0.555609
231.396
0.583563
0.358562
1963.58
0.400267
0.037841
336.182
0.0414987
595.12
0.344657
0.418069
-32.8994
0.331183
0.079441
124.791
0.414486
0.200814
0.422021
0.35269
0.423555
0.0511942
-0.0875072
0.591998
1096.12
0.545793
0.118431
-0.0191305
0.213026
0.12307
-1.85565
0.363381
0.427172
0.380917
0.292195
846.543
0.421969
0.0338083
0.532558
932.823
1.01044
0.0371711
0.339503
0.327399
0.280254
0.339938
366.225
0.833265
0.239878
-1551.25
0.438265
-0.357581
0.258713
0.00421783
0.241894
0.475359
0.447396
0.507048
0.312592
0.357715
-826.166
0.329677
2095.23
0.784739
0.234643
-13.3951
0.202265
-0.544814
3968.04
0.288696
0.285928
0.0408553
0.178216
0.312095
0.0596056
-0.502742
0.459434
-0.130697
0.302093
0.277289
1.10325
0.537577
0.146737
0.381855
0.180101
0.437666
0.407059
-0.533991
0.885016
11.9811
0.138918
0.32749
0.37535
3638.11
0.26054
0.487898
160.388
0.0507452
0.226294
1426
0.0493733
30.768
0.126077
-0.0522771
0.320346
282.921
0.108313
-0.639558
0.303296
-0.105968
0.441248
0.230947
0.294715
0.451268
-0.166352
0.369465
0.429896
0.394841
126.631
840.656
4.83699
0.313065
0.620366
0.39246
0.0261502
39.7615
17.3897
0.231865
0.274592
0.0475793
0.267742
0.526312
0.228185
0.0283502
0.100471
76.0542
1.34677
0.266529
0.000837982
-0.131061
0.0127041
-0.135341
0.529879
54.1678
2238.95
0.323058
0.315879
0.0487892
0.148441
0.642201
0.881157
-0.665328
0.0354163
0.244462
0.280326
0.40104
482.381
790.039
0.318973
0.589091
0.183838
0.267072
84.8381
0.291544
0.216906
0.420732
0.505091
0.289787
-1456.86
0.416854
0.327551
0.262918
-973.611
20.5513
134.87
0.511745
0.413476
-0.0929387
-0.518498
0.179735
0.0462633
0.0382755
0.339156
0.0416484
0.578227
0.558752
0.461898
0.497464
0.148687
857.418
0.274901
0.63315
0.292243
0.457419
0.155265
0.315134
0.407509
0.352513
-0.677086
0.48769
0.23992
-0.528853
0.26499
0.296536
0.0192966
-0.0165968
0.0924815
0.441614
0.583878
1147.99
0.593638
0.0860621
0.555975
80.7176
591.379
0.48161
0.109963
0.325931
76.8869
0.284917
0.405701
0.254151
0.38936
0.38215
0.282491
0.117652
0.220503
0.420494
0.10598
-0.134975
0.482897
-0.00677146
0.422251
92.5592
0.0460735
556.15
0.319219
0.348776
0.410173
-0.795212
0.311934
-0.0338168
132.757
2.17637
0.417349
0.0586005
0.338046
0.269953
0.466657
-0.150994
0.590475
0.571334
-0.67262
0.408806
0.043072
-1102.77
0.275239
0.317018
2215.8
-0.0102666
-0.0604544
0.570177
0.276416
0.520243
0.0484809
0.316664
0.358829
111.846
0.438557
0.00129988
0.406202
-0.0275095
0.264386
211.265
0.332501
29.78
0.385256
0.145836
0.0594521
0.173822
893.851
0.239335
75.4602
0.359514
0.136202
-0.120345
-0.821825
0.321823
127.727
0.452591
0.166916
0.392629
0.289971
0.438347
0.219814
-0.0807485
0.475785
-0.248095
0.32037
-0.0520038
0.331033
0.387622
0.0392941
0.342172
61.937
-1492.29
0.431753
0.464042
0.415567
0.426369
0.0714362
0.034667
0.683028
1.96757
-0.164128
0.340465
0.0329484
0.281272
0.189759
3351.46
0.400969
0.0880336
0.410607
-0.206513
-0.174249
0.275802
0.592095
0.320096
0.467975
0.430358
990.839
-1460.44
0.397832
0.0767646
0.446194
0.515945
0.588801
0.571766
1003.97
0.420387
-0.106896
0.477357
0.209367
0.283259
0.562617
0.585207
0.00260082
0.572005
262.215
1494.44
0.0747099
0.313122
0.0122457
0.44294
1265.08
0.254011
0.313154
0.264062
0.352919
0.168338
0.509054
0.173252
83.6004
0.728187
0.230856
0.320613
0.0890175
0.0961402
0.0524408
-0.0212133
0.0161388
0.373479
0.00532564
-0.927241
-0.467971
-0.121008
125.571
0.230288
0.164324
-0.0252403
992.739
0.314009
-44.3574
0.231881
0.269066
0.119216
2445.57
0.355953
0.449116
2329.6
0.278536
0.349039
0.210028
0.419069
0.409265
0.308234
0.381249
0.225106
0.0716064
0.0938219
0.165705
3691.47
0.525772
-0.943055
0.281418
0.0895485
30.1033
0.521465
0.0267018
0.379842
0.250333
0.0275835
0.432533
0.251985
0.249858
0.333588
0.30954
0.38995
-0.569318
0.0821627
0.43539
0.416118
0.0287208
0.100213
-0.0475755
0.0262429
0.0218466
0.0665826
0.0700196
0.58005
0.0827321
-0.172966
-0.18586
0.284304
0.279976
0.484576
577.334
0.298892
0.34004
0.300438
14.8488
0.526044
-0.00782713
0.567728
0.35806
0.400603
-0.00374366
0.378536
0.479055
0.176627
0.348119
0.458805
0.356289
0.178113
0.0903877
0.157329
-0.349219
0.438323
0.304693
97.6954
-0.310144
0.395767
12.7272
1087.14
0.236807
0.233002
0.261007
-0.00532573
-160.503
2151.39
0.186918
-0.222223
-0.69691
0.478693
0.0822601
0.306999
0.506746
0.304909
0.222247
0.469241
0.502313
0.567999
0.302341
0.199365
0.298255
12.0064
0.035008
0.285777
-0.202219
0.397219
0.298371
1.73906
0.0903956
-0.389654
45.8192
0.151378
0.422542
0.0343691
0.0796328
-0.238276
0.00196945
0.0733291
0.246805
0.033186
0.300051
0.546941
0.194866
0.39833
0.405022
-5.81387
0.336214
0.152288
-0.891411
0.498558
0.327672
0.316744
0.362245
0.298408
0.27372
0.452257
0.270451
0.306762
0.022839
0.234842
0.436958
0.288137
-0.430271
-0.126797
-0.0196823
0.4637
0.374375
0.306686
804.89
0.571803
0.234864
0.38251
0.395299
0.379404
0.168753
0.0612748
-0.0270791
1842.08
0.164813
0.388001
0.541489
0.239773
0.467856
0.456025
0.25555
0.0171599
0.616469
0.0780934
0.154365
0.304575
0.390652
0.389244
392.827
-207.999
-2.15452
0.363091
723.156
-502.391
1318.59
1658.97
4458.22
1145.81
0.272502
-838.507
-0.0465415
0.194408
4336.7
583.259
0.263821
0.0326922
0.167901
72.5345
0.502629
-31.3479
1996.28
0.200634
0.274677
0.507103
-0.727072
-1728.67
0.0726774
0.187971
-1641.12
4184.95
60.176
-1445.23
625.111
251.505
-0.151885
0.408892
0.284807
0.566304
0.228496
0.266953
0.515252
-1711.41
415.204
-1060.12
-12.3473
0.52596
-0.0412988
-0.145276
-0.256729
0.00875007
0.0500244
-725.64
0.29521
-439.406
0.456068
0.079964
0.108269
0.346337
0.232199
0.412376
0.399041
0.387803
-3.99158
-0.124439
0.213237
0.394221
0.315057
0.279185
-26.114
0.219526
0.28371
0.279894
5.75447
557.917
0.26499
75.0135
0.357089
671.089
3453.85
0.0999029
0.309278
0.331129
731.562
0.337264
0.114382
0.121883
0.149565
4202.93
0.104115
-0.0622883
0.598615
0.212423
0.0624337
0.594317
0.0917383
0.247253
0.0193422
-0.361502
24.3066
-778.28
-0.624937
-1349.86
0.36136
0.246985
0.340297
0.00952075
-0.0193484
-250.754
993.35
0.0915025
0.29525
0.431578
0.238825
0.979955
0.136431
0.0463991
0.0222205
0.205083
0.533705
0.580197
0.47655
0.0227452
0.38482
271.537
0.505318
0.104996
0.446468
0.362776
0.294799
1.50102
0.378865
0.0708763
0.19112
0.448013
238.652
1.03906
0.934001
0.221125
-0.0849903
0.69336
-0.100863
0.0425591
0.263347
197.781
0.257326
0.268512
0.323083
-0.0260674
0.27003
100.081
2507.49
0.121638
0.00646885
0.406616
0.11791
0.19613
0.304367
0.023463
314.943
10.0743
0.235059
1084.76
0.138797
0.2309
0.287647
0.259727
0.791292
-0.0229655
3.86682
0.745507
0.00801426
0.341882
-872.597
0.0969702
94.7302
0.0582877
-0.326591
0.00314165
0.535912
-28.8529
0.838183
0.294645
85.3339
-1.48295
0.0239055
0.0733662
103.106
0.385587
0.288751
-0.570044
0.192244
0.0823892
0.36714
-1076.28
0.101526
-92.1833
-0.0212729
0.137856
0.717835
0.0489716
0.13846
0.405763
0.0167479
-1109.34
-4.38527
-0.0822333
0.298131
-0.292508
0.0695787
681.457
-0.669123
-0.433041
0.355971
-0.0634739
210.231
0.187267
0.284507
0.120129
-0.289604
-7.19803
0.0643439
0.0659172
30.3852
0.189465
0.25647
-0.318408
0.29478
0.178814
0.12347
4734.33
-1.79265
-0.00845859
-1.98119
0.437191
0.587715
-0.106739
0.807672
0.566127
-0.0125955
0.277123
-0.5315
-0.021126
0.290897
0.347716
-0.036291
0.0948966
-0.130909
0.348759
0.103877
0.226316
-0.425136
1.28388
0.467978
0.0116633
0.0735573
0.295698
113.696
0.293459
2186.16
0.268791
0.256926
0.251202
0.0101027
0.25324
0.377075
0.468853
0.37983
0.144024
0.107377
0.0387226
615.023
0.213109
0.0596718
0.331684
0.415516
-0.00415977
0.614863
0.381453
-476.336
233.682
-0.0292318
0.448094
0.266877
0.704743
1.25952
0.255474
57.7205
0.109934
-0.517024
2143.93
0.1213
75.8034
0.220105
0.307876
0.453827
0.746737
0.326404
-209.151
0.941784
-0.127227
0.308507
105.193
0.458831
0.154791
-0.243979
-0.0523641
0.140982
0.290916
0.266143
-0.722733
0.373039
0.185124
0.426263
-0.00788815
0.35642
0.161552
0.242579
0.523244
-0.773493
0.31505
0.56684
0.0659984
59.6764
0.269703
-0.608634
0.262119
0.423554
0.298318
0.415041
0.225796
-0.0173098
0.240933
-0.697923
2025.27
0.38456
0.234693
4.90961
0.444851
611.728
-0.0740383
0.247503
-0.52042
-0.151259
0.498108
0.402202
-1.06174
-0.00547266
-0.139834
1.102
-1.76677
-1018.55
45.9286
1.43672
-1.17598
-998.224
1022.06
0.441235
1145.74
0.012046
61.9344
-0.0382605
-1114.11
-0.0780458
0.864457
0.213258
0.872808
0.24243
0.00439091
0.404132
0.376598
0.057149
-0.10178
0.327712
-13.0491
-0.160106
-0.0972268
-0.0263725
0.133388
0.221261
0.329151
22.5574
-1534.36
0.368421
0.305498
0.254321
0.267237
1169.11
0.367477
0.417795
0.289872
0.220487
-0.0765096
21.4286
1.60767
0.487258
0.25859
0.45248
0.116029
1.29798
-0.145145
126.598
0.262025
-1.03184
0.300626
-0.0123851
-0.136104
4.9975
162.79
0.0547559
1.89735
-0.0988901
0.0795447
37.8641
-0.508913
0.0933954
-0.0361898
0.565839
0.446614
5.23504
-10.7477
4.36244
-0.493389
-914.754
0.303806
-1060.58
0.0154893
-0.118021
-0.0930301
0.238434
1.5138
0.249381
0.240245
1.54021
-0.143225
144.598
0.447645
-0.880665
1.01955
0.00583453
0.435501
-0.104371
0.251636
0.357587
-0.154523
0.224233
0.258416
169.47
0.0898541
0.044491
0.115821
-0.0656907
0.585548
1263.1
3926.47
0.438223
0.218863
0.110545
9.9104
76.9554
2700.82
0.114258
0.566135
-0.0257604
0.24808
0.279153
0.123062
0.0619109
-0.124149
2.59731
0.496149
0.355679
0.46416
184.725
0.337939
2.75244
-0.322858
4213.53
-0.244957
10.6919
-0.135416
0.0668039
0.302385
0.331856
0.0332318
4177.83
338.431
0.348101
0.291421
-0.0740714
6.06799
0.439603
0.158687
0.330813
-0.397444
0.051833
0.211181
1.19475
-1.06007
-0.103416
73.116
-0.00563116
0.285774
0.399003
0.408284
-1211.38
0.290403
0.441592
0.530717
0.064829
-912.654
63.5492
0.0254228
105.977
0.383917
-0.14319
0.132271
0.376098
-1128.61
0.508387
0.228988
0.529063
-0.0733225
11.3957
0.570374
0.409639
0.246023
2828.7
0.366924
-0.133275
0.359689
323.865
1.41617
0.144454
0.0487041
888.928
-0.0478152
1965.85
0.460329
0.146995
0.200222
0.161966
0.408138
152.642
-0.154744
0.0835733
-0.146759
0.0531423
0.357486
-0.0419742
0.181128
0.0602598
0.306888
0.340621
-0.507863
0.562794
0.510054
0.285538
-5.77169
1.68854
0.0925474
0.169531
-0.138354
-0.0507844
380.195
0.199685
467.206
0.24908
0.0136172
0.0294549
-0.520486
-8.79179
0.00311065
0.245021
-0.657725
61.4886
4.1692
0.259807
-0.0291963
90.1969
0.175751
0.0721631
212.654
0.299978
0.135292
0.301486
0.257977
4482.56
0.397402
0.159334
0.248703
-981.505
0.0704509
0.424213
-0.210078
-0.195021
-492.448
-1.03894
0.212746
16.8912
-0.0307352
0.209415
0.129277
-0.499811
0.353373
-0.248254
0.619519
0.509626
0.285119
0.449623
-0.609432
0.246954
0.421312
0.255456
0.419969
-0.274713
0.433653
0.333454
-0.639246
0.537691
902.378
0.553086
0.315049
793.404
0.437441
0.266929
-0.0379627
-1734.8
-0.0223739
0.537756
0.2073
0.197147
-506.318
0.0631456
0.540329
0.375573
0.227148
0.242416
0.451433
-0.0684643
0.302963
14.4839
-1277.3
-0.484578
0.351864
1304.82
0.354204
0.510914
0.0654733
-317.304
-0.170419
0.323723
-19.1546
0.253904
0.274103
0.102888
-0.0926504
0.0161278
0.351745
0.237751
164.63
0.276143
24.6565
0.418781
0.0604723
2.35403
0.332594
0.216778
0.191931
0.0958661
-0.12355
-0.0315162
0.317974
77.8735
43.8957
0.133188
69.9577
2073.92
0.282055
0.259351
0.216106
0.534116
0.297263
0.24487
80.73
-0.754544
0.421821
-0.638047
0.23857
0.0832812
2.22958
-0.188818
-0.35099
-0.104448
0.0771712
0.445887
0.199951
742.283
-1228.3
0.429348
-0.0134261
0.246665
0.186583
0.193079
0.599715
-0.0555443
0.0778021
-1.10279
0.206379
0.323238
-0.255768
0.188811
-0.056668
0.414215
-0.615173
0.0374208
-0.0847471
-0.111008
0.10944
0.119317
0.0587982
0.173211
741.53
-1079.22
0.46773
0.338875
-0.653977
0.543865
0.000331291
0.276591
-0.000690782
0.440617
-0.0882588
0.0441647
0.404347
3882.58
-0.142744
0.38394
0.430757
0.476947
0.417921
0.423819
-470.896
0.149686
0.271966
0.556344
0.39149
0.42236
-5.29568
0.206818
422.815
0.308092
-0.0616517
0.42437
0.463138
0.236981
-0.0925492
-0.0747909
0.065364
0.00602373
0.481298
0.304503
-0.602507
0.346782
0.408122
0.41635
1042.06
66.2663
1068.87
-0.217918
0.243582
308.049
0.363617
39.6026
0.241544
-1593.46
4187.83
227.261
0.117223
0.379378
0.0693542
0.447093
0.435667
-0.388606
-0.0321573
0.0801177
-2.33657
0.32593
0.403711
0.442118
0.267752
0.242363
0.37044
0.111651
85.9337
0.459998
-0.0379427
0.270562
0.396202
0.0713113
-2.33964
-0.0163448
-0.656228
0.323287
-136.609
0.347435
-0.00277534
404.947
-0.149315
0.442131
-0.287615
0.403419
0.40586
0.4644
0.883013
0.307544
-0.699977
-0.042875
0.268734
-0.0675701
0.478238
0.30367
0.430046
731.682
0.514387
-1201.2
1935.36
-0.0945675
0.197917
0.156671
0.393838
0.0849588
0.569155
1.03411
0.331218
-1.08029
0.341054
0.180831
-1.62143
-0.0181197
0.299911
0.340706
0.709788
-158.781
-0.0589436
-0.124604
0.538254
0.325733
0.379117
0.155644
-1026.14
-3.48786
-0.265157
0.136021
0.00735844
-0.305811
0.311695
0.0703036
0.361005
0.440099
0.26135
0.859004
0.564312
-1301.67
153.678
0.397428
-0.958724
1.24707
0.25503
0.119166
0.195416
0.159758
0.289182
0.305227
0.278735
0.360464
-0.429071
0.407586
0.645784
0.265305
3428.95
0.129318
0.277226
0.14676
152.88
-0.0365776
-1.11463
0.429623
-0.14573
0.440387
0.448823
0.330604
0.445464
0.369494
0.402308
0.0276879
0.444709
-0.146862
-0.046337
-0.0662794
1803.54
0.153481
-0.276705
0.331389
0.373252
1.10292
0.360773
0.42301
0.285591
0.25387
5.21468
0.00125628
86.1368
-0.120861
0.458523
915.875
-0.00213774
0.264333
-0.126648
0.770941
0.435844
0.440265
-0.115473
0.557831
0.47193
-0.0685703
0.215818
0.228751
0.18324
-0.175097
0.281755
0.340527
-0.164925
0.395363
0.387433
-0.138144
-0.127425
-0.0250608
0.50952
3933.11
0.353411
0.534251
0.488538
0.34219
0.162507
0.132254
0.404227
-0.54768
0.0755315
0.541868
-2.8335
-1.71133
0.294844
0.509523
-0.107144
0.461496
-0.0575247
0.363163
0.414188
0.311686
0.173399
-0.125029
34.5571
0.284548
-0.840585
0.264267
-0.541354
0.431511
0.0840545
0.577299
0.60353
0.580247
187.529
0.0851425
213.817
-1.85131
0.0986415
0.833464
0.36651
0.572976
0.296141
0.163778
0.386754
6.25089
0.387457
393.174
0.293787
696.609
-0.0180515
0.108741
0.50178
0.230353
0.2849
0.520843
0.310995
0.313594
-0.513699
-0.0777398
-0.348657
-1.22714
-1004.09
-0.257253
0.104154
-0.0508133
-0.0806853
0.327447
681.264
1.36826
0.619662
0.239628
0.159772
0.794483
0.423738
-0.122778
0.398832
0.538065
0.356799
-0.121884
0.1341
0.403113
47.2908
0.3592
0.396733
0.420502
0.1792
0.508549
1598.32
250.128
0.291785
-0.537255
0.210725
-0.026807
0.0804615
0.0875203
0.376037
0.378574
0.409459
-2.3607
0.0913407
1272.26
44.2318
0.360894
0.164773
0.90559
0.138982
0.106315
-0.686049
0.134096
0.527281
-0.0561037
-0.154368
196.114
0.890454
17.046
489.895
0.342313
0.44306
-0.130587
0.351686
0.00715025
-0.502917
0.325289
465.058
0.460775
-0.102915
0.248079
0.427198
-0.240963
0.111518
0.421693
-0.96154
0.304121
-1.12747
518.275
-0.103108
0.231168
-0.21015
0.929564
0.129606
0.354927
-0.732894
0.451314
-0.272913
0.240219
4321.75
-0.0381921
0.575025
0.419879
0.393348
0.358635
-0.145768
0.212613
0.281873
-125.488
0.979397
0.665201
0.0644635
0.479916
0.54016
686.795
-0.51494
0.0732227
0.470256
0.423045
0.309441
0.128594
0.373904
-1.22288
0.480404
314.378
0.0894955
0.45029
0.548206
-0.187921
0.403326
0.166035
0.341988
3969.18
0.580177
0.0960041
-0.0579263
0.328132
0.192379
31.8472
1497.31
0.270861
-1060.13
-0.145207
-0.187291
0.244626
0.2794
0.456536
0.178728
0.0674789
0.409795
0.413262
1.05769
0.209827
0.519119
0.35397
3.72872
-0.21858
0.343082
0.577592
90.2876
-0.945936
1362.24
-0.124726
-1.00023
-0.0157318
0.147431
-0.116448
0.359483
-0.227797
276.766
0.369121
-0.142791
0.444629
0.511467
0.419238
-0.231198
0.260795
0.299085
0.979158
-0.330504
0.034932
0.0713104
-0.243442
0.270819
0.233432
-0.304809
1266.9
0.424567
0.559815
0.345806
-0.31041
0.424174
0.414002
0.186163
1.14782
0.467673
0.412346
0.306983
0.504283
0.299666
118.208
-0.145344
0.43843
0.19212
-1.20739
0.396924
0.288881
0.461315
-0.210233
0.315047
0.422733
0.0746376
0.251107
0.138738
-0.151882
0.267189
0.422869
0.0541284
0.532743
-0.153534
0.256281
0.321341
432.408
-0.0362002
0.134838
-0.140136
0.389526
0.471321
315.186
0.080234
0.398424
0.124893
0.477637
0.2905
0.0843288
0.557231
0.343831
1.24662
0.144098
0.0790823
0.446607
0.405266
0.0715588
-1.91804
-6.67152
0.590989
0.405571
0.49389
-0.345026
0.230587
0.423493
0.308671
-0.14757
0.604153
0.209772
0.423536
0.0860692
0.425533
0.450244
0.293445
4444.42
3.5393
1.35471
0.497148
0.0922606
-0.144776
4491.14
0.553206
-0.549086
0.178679
0.0734446
0.380849
-0.97093
0.159089
-0.650379
-0.116787
0.0936149
-0.741223
0.205905
0.44317
1.18174
0.122162
0.253826
0.0147273
0.395565
0.353508
1.48119
-631.439
0.277363
0.449111
161.658
0.425709
0.0901035
-0.0901129
0.473324
-2.89228
49.7681
0.189043
0.255399
0.368256
1.01872
0.374876
0.470343
-0.139829
1.6187
-0.147894
72.3661
1265.41
0.444823
0.333463
-0.146298
0.294922
0.33668
0.361884
0.577739
0.506401
0.333205
-0.133826
0.128386
-1499.86
-0.212459
-0.0915769
0.134901
0.412007
-0.750158
0.00734375
0.323272
83.6851
1.83757
-0.9105
0.0759518
-0.133977
0.015922
0.411357
0.301847
0.0773882
0.486498
0.292409
1054.58
0.323457
1.47529
3.78214
0.444888
0.541356
-0.294981
32.4405
0.408197
-0.16146
0.408944
0.30062
0.461848
0.22662
0.395496
0.534945
0.220133
0.405379
0.543697
0.512995
4.71729
0.361454
0.346046
-0.718502
0.355593
0.187743
0.249143
0.431331
-0.0504694
0.344627
-1.41404
0.21036
-0.280845
0.361888
12.9022
-0.0559348
0.330362
0.406785
0.430217
-11.9783
0.424033
690.227
0.409731
0.0718767
0.431049
0.0493272
-384.721
0.109474
8.7547
0.419789
0.289226
0.367358
0.142025
0.385698
0.221806
74.9044
65.5684
-0.00864832
-0.0620369
0.116909
1.28842
0.364529
0.587655
0.897312
-0.0269124
-0.149389
0.146849
0.416739
-0.524614
0.398239
0.315006
0.514735
0.444767
-43.6495
-0.222566
0.163381
0.0967897
-0.599549
0.234723
0.266099
-5.31925
901.569
-1.00519
0.0617107
0.379361
-0.079641
651.136
278.359
-0.492004
-0.058309
0.226082
0.390208
-0.111607
-0.216945
0.376003
-0.322995
1789.39
0.262599
0.406788
0.343549
-0.174397
0.0826989
0.542426
0.320976
-0.376131
51.5892
37.013
0.426613
0.19993
0.303445
0.246019
63.4268
0.550264
0.341415
0.448848
651.528
0.224344
0.520848
0.424262
0.22038
0.274526
-0.0889462
668.488
0.0366239
0.104037
0.127782
386.319
376.522
0.448967
0.112316
0.319966
0.077182
127.149
0.189548
-0.267863
0.528777
0.427262
0.298232
0.306827
268.181
0.42723
0.310018
-0.148344
0.426352
0.436006
0.419229
0.551517
0.436512
0.537374
0.139948
0.33538
39.2245
141.212
0.125424
0.427856
0.444049
0.444664
-0.967502
350.972
0.348251
0.249037
0.173109
0.165439
1131.55
0.471057
0.0776941
-0.251764
0.356288
0.0760786
0.323645
0.576524
-0.41713
-11.9042
-0.203505
0.305279
0.392585
0.43988
-0.0156331
0.417153
-541.111
572.104
4141.8
0.284243
0.406002
541.899
0.443988
-0.0395361
0.327393
0.426342
0.353582
0.538859
0.169594
-1.49511
0.433029
-0.215143
-0.258295
0.24897
-0.0746463
0.0699441
0.361231
-2.83576
0.441044
0.194241
0.3563
52.1325
175.351
0.462323
-0.225833
45.1839
460.754
0.518701
-2.43585
-1.77292
-1540.36
262.777
561.169
0.360586
0.229718
62.9935
200.506
-0.282914
-0.0408133
0.385392
-0.0855178
0.389889
0.336907
-0.0489953
0.977108
0.464722
0.186825
0.559831
-0.51437
0.150946
0.119552
0.17561
-0.224272
0.537665
0.174956
334.92
437.338
0.223557
0.141528
-0.906911
0.351536
0.188391
0.16274
0.430796
0.0607218
-0.179427
0.165147
-0.496403
515.752
0.159272
0.364215
-0.287607
452.681
0.383539
174.046
0.386249
-0.220739
0.572645
0.108834
0.0921629
0.490908
0.412159
50.5795
-0.299491
-1.04636
0.352933
0.253803
0.164562
0.538573
-0.142937
308.114
1861.7
-2.05063
0.0748026
0.427899
-0.19693
0.433787
0.0757597
0.427592
166.998
0.0930774
0.483142
0.344509
0.0734463
403.721
0.266824
-0.063026
4253.37
-12.8102
0.333416
0.601019
0.604017
1475.45
0.413376
805.047
0.500062
0.385773
0.381912
-0.508774
0.48141
0.353613
-289.91
0.42089
0.103917
0.157772
0.214678
0.084486
0.175841
0.454574
0.205768
0.0446663
-389.47
0.446299
-0.950742
0.349185
569.325
186.327
0.44387
0.432994
1797.47
3737.33
0.200967
0.540167
0.13237
66.4108
0.186699
0.471852
-0.953974
0.433512
512.872
-0.207508
0.424022
-132.766
0.457807
0.0782392
0.550254
-0.41436
306.008
0.15831
0.145544
0.22394
0.441554
0.0888626
-0.0399549
0.525319
48.6343
0.963743
0.434292
-0.568903
-1406.29
0.525274
-0.977641
2058.76
0.240096
1.19365
0.449014
11.6157
-29.683
-0.938644
33.3528
-0.129529
0.466522
0.324015
-0.0863726
0.314223
0.442012
0.169746
-0.0683898
0.433531
0.436251
0.552491
0.697818
0.468747
0.349744
0.369434
-0.352608
0.442992
0.210313
4179.42
-1619.52
-1028.1
0.413453
0.13307
0.0909766
-0.529533
0.571634
-0.642645
0.462761
0.563396
0.257472
0.564011
-0.340498
0.192325
-0.99276
0.323646
-0.495232
-0.166501
0.3825
0.3766
0.40191
0.451919
0.412021
284.211
-0.0515415
0.41039
0.375441
0.475197
0.376131
-0.245755
0.440108
0.529166
0.171097
425.212
0.371473
0.271801
0.0695502
0.449857
-929.305
703.91
824.886
0.438991
0.494523
0.311481
0.220693
0.320361
0.48429
-2.51962
0.426018
0.539615
0.476072
-0.567333
0.174424
0.181
0.423026
-500.669
0.570466
0.359431
0.458719
-0.481019
0.493734
0.351219
-0.92349
0.420679
0.0128597
0.550444
0.376585
10.6916
0.175072
-0.199283
0.273196
0.46471
0.557967
243.822
0.485558
0.516577
0.0162819
213.326
-0.374968
0.211877
0.170924
-1506.97
394.71
0.378681
0.451788
0.442543
0.359825
0.322087
0.0195368
10.5647
0.372643
0.355104
0.442993
0.511583
0.385225
-0.52635
0.119605
0.12641
0.379328
-0.216467
1.17335
0.453354
0.0692001
1.06596
0.456778
-1.0059
0.353681
0.44128
0.759424
0.06078
0.188011
0.419346
0.364553
0.450637
0.926775
0.299631
1856.63
4401.08
-0.316032
-0.132467
0.43652
0.394073
0.381543
-0.572512
0.489606
0.168754
0.0904485
0.181385
161.735
0.165125
817.05
256.403
0.607417
0.455703
0.516946
0.42129
0.242457
0.455242
-0.12102
0.0758607
0.448046
0.302021
0.219456
0.0888847
0.35867
0.40474
0.0807024
0.17447
0.475285
0.202964
25.9031
0.30034
50.9652
0.300557
0.453153
0.444418
0.25223
0.110542
45.7588
0.150598
-66.875
1081.36
0.565803
-0.241662
0.466889
0.447134
0.504347
0.0462655
0.381421
-0.679838
-0.087171
0.457803
0.059896
0.494897
0.173161
0.308596
-1.14964
0.0799031
0.132487
0.515493
84.7889
0.474305
0.451499
555.189
-0.758175
0.171482
0.453876
27.4668
0.314038
0.12398
0.160446
0.18413
0.575913
0.432798
0.431335
0.347851
0.340222
0.0773683
0.195509
0.268726
0.114009
-0.639506
-0.0814438
0.482514
442.936
-0.635616
-0.157957
-2.2097
-0.128457
0.0996826
-0.0738648
-0.65697
0.33566
0.461668
0.51928
0.285456
210.003
0.168078
0.472893
-0.26336
0.264215
-140.986
-0.106719
0.147269
0.579402
0.079577
0.607336
0.369799
-1.1721
-0.849466
0.167747
-0.618343
-0.270305
0.944085
-0.199764
0.0747263
-0.102704
0.554393
0.460255
0.401394
0.386594
0.384047
-0.847556
-0.892251
0.159559
0.31748
0.33575
0.434103
0.301793
0.0866544
-0.219024
0.704104
0.211603
4.54398
0.447182
0.340855
0.449001
0.500045
0.22322
531.122
0.601051
-415.467
0.143413
52.0102
-0.895009
0.172068
0.279053
-0.0318433
-0.235687
0.254875
-4.79394
0.399719
864.031
0.431493
-16.897
0.0726066
-0.0957261
0.43186
0.338615
0.23107
0.458356
0.589344
0.385297
0.351465
0.425149
0.234203
0.460623
-0.00447039
0.454907
0.523321
-0.0345451
0.192353
0.362573
0.528563
-0.540659
0.586132
0.462955
-0.246167
0.511738
0.135925
0.214722
0.452898
0.392169
0.605259
0.348343
0.436087
0.360409
-1.12834
0.442641
0.431645
-1605.89
0.365353
0.369522
0.210603
0.115406
-0.0461452
0.451996
0.58919
0.553885
0.189017
-0.466165
0.66029
-0.676464
0.508659
-1.19659
-1592.6
4190.28
0.447013
0.205364
-0.485086
0.425093
0.54486
402.802
0.59589
3056.86
0.337388
0.00591315
-0.321285
-0.547585
0.25821
0.438735
0.425974
0.491526
0.602523
0.285304
0.424428
0.432881
0.174224
0.439376
0.561103
0.354607
0.455287
0.579498
-0.111991
0.232994
0.0222355
0.0846045
0.1864
0.309005
-0.351123
0.757199
0.59872
0.452124
0.180044
0.35412
0.177869
0.222812
0.174809
0.427994
0.513214
346.793
0.384313
0.06038
0.1666
0.463609
-0.00548496
0.464378
0.45938
4.12514
0.414352
0.116919
0.193153
0.424627
0.318406
0.199099
-0.00627175
0.592474
0.704681
0.000590642
0.0183365
0.0742588
0.484083
0.0850517
40.4717
0.172438
0.587129
0.15426
0.168659
0.206208
-1.56443
0.380649
0.429878
0.287778
157.73
0.0849469
643.488
0.0961779
-0.312136
-0.579002
0.390959
0.415249
-0.00266776
0.328749
-87.3069
0.341273
0.156415
0.422643
0.486755
0.45601
0.234005
0.161562
0.359952
0.348901
0.481466
1013.29
0.0973699
0.316151
0.495676
650.619
0.517446
0.451412
-0.405093
-0.000884991
0.20754
0.523882
-1554.21
0.501909
0.507998
0.391052
0.122124
-521.188
0.0497497
0.427393
-1.12178
0.538827
0.205472
0.16513
0.423365
0.502821
-0.449617
5.02807
0.408187
0.245113
-0.418727
22.8438
-0.886416
0.0787172
-1591.42
4190.75
0.36423
-0.412804
0.231823
12.4794
0.326191
-0.782746
-0.0242037
1637.25
0.419228
0.279722
-0.453858
0.543544
0.534383
0.314639
115.594
-0.170204
0.413271
0.437353
0.411435
-0.089033
-0.907281
0.166248
0.106107
0.166208
0.454803
2.92718
0.530069
-0.47042
0.0816343
152.312
76.5355
33.3171
0.31284
0.107696
47.9737
0.04154
0.015498
0.450877
333.553
-97.6904
-0.195633
0.165513
0.418673
2530.96
0.0671472
0.306081
-0.556517
0.755775
0.469083
-0.651778
0.254261
0.399294
0.198145
0.409462
-0.630455
0.458106
0.264537
0.078434
0.721983
4.92507
0.0689917
-0.187476
0.483399
0.165123
0.564477
-0.00850148
-0.605668
0.273417
0.336436
-0.347431
0.274859
0.080992
-219.581
281.735
0.399417
0.436662
0.48532
0.375116
0.528102
0.33255
0.458325
1653.4
1623.36
0.397312
-0.991026
-0.3045
0.263742
-0.617341
-0.153643
0.476415
0.557658
0.409679
0.174093
0.41614
0.411494
0.53371
0.0762101
0.0827937
0.517111
0.336971
-6.22542
0.314213
0.212564
-0.454409
0.289703
0.468919
0.347351
0.441493
0.517144
-1.1187
1229.31
0.179787
-0.151723
0.203018
0.346413
0.417576
0.139999
51.5166
0.435034
0.212187
0.575844
0.5102
0.362135
-0.380507
0.395149
-0.0325924
-998.291
0.218407
0.471509
0.318854
-0.346069
0.505637
-1.21596
0.354703
-3.48103
-3.67402
0.186424
0.143603
0.438313
0.449301
0.56325
840.489
0.30435
-300.543
0.318358
0.436888
0.587165
0.419361
0.576848
0.142493
504.276
0.579297
0.236346
0.425331
0.593773
319.844
0.371953
362.983
-0.148622
0.426377
-0.138222
-0.189681
0.668839
0.439355
229.784
0.499635
0.161624
0.264526
0.240427
0.16564
-0.788919
-380.075
0.446197
0.383358
-0.599704
18.4485
0.0796513
0.191688
0.427145
0.379047
1466.68
0.218245
-0.0079984
20.4096
0.00524737
0.431099
0.432807
0.395652
0.40748
-0.973523
79.8887
0.167212
0.533897
0.559768
-0.549631
0.398924
81.5472
0.425806
0.0774689
402.288
0.404223
0.398254
0.504796
0.349973
0.36832
0.496108
0.212938
0.382869
0.500192
0.449771
-0.0696114
0.25651
0.273916
0.169456
0.308594
233.863
0.353609
0.119607
0.552432
-0.79586
19.88
-410.701
0.389694
0.0747053
4291.04
0.259304
0.191477
192.199
0.035559
-0.16729
-0.758315
-0.624099
0.169367
0.302645
0.411669
-295.282
445.17
0.502337
0.379704
-0.175306
0.170287
226.895
0.450588
0.455822
0.793392
304.332
227.435
0.164141
0.441445
0.462897
0.430656
0.00801605
-17.0709
0.552081
-1.02923
171.944
0.582561
0.167012
0.18225
0.207958
-0.0100153
0.53239
0.0809298
0.373344
1752.02
114.047
0.430493
0.161907
-9.2688
-0.833536
62.7178
0.559006
-16.7145
0.445541
0.139427
0.340531
0.501989
0.469317
77.5699
-1.43096
0.552295
0.127533
0.45933
-0.660111
-4.23654
0.427029
-0.0202331
0.333863
0.346495
832.773
0.442732
0.461462
572.066
0.103713
0.0236293
13.0491
0.411277
0.416793
0.0301206
0.386233
0.408864
0.106095
0.40541
-734.568
0.512057
0.494765
0.316316
0.540564
0.528624
0.45961
94.0801
0.370925
0.455381
0.425307
0.0753304
-0.571184
0.465889
0.239605
-68.7352
0.438747
-0.143792
0.454479
0.00734518
0.27046
143.125
0.431126
0.169303
0.559981
0.0305668
0.422645
45.6397
0.321739
0.0844732
-93.8001
0.56385
-0.104278
-0.889942
0.0572924
0.514606
0.315487
0.521064
0.39558
0.581891
0.262795
0.253592
0.510358
0.0838972
0.415295
0.582249
0.430355
0.292876
64.0687
-13.7086
-0.3387
0.3538
0.460953
0.30707
0.174736
628.888
0.271096
0.308661
0.699586
1219.51
0.26414
0.393179
-0.590042
56.7618
0.543448
0.0781375
111.397
0.14544
0.163194
0.456368
0.44513
1025.32
0.0896857
0.314455
0.0994867
0.460723
0.40516
0.155472
0.4408
0.368894
0.0858719
0.52868
-635.408
0.577048
0.404934
-145.68
0.36654
0.452188
0.537885
-0.783092
85.6425
0.55917
0.536206
-0.424339
0.274119
-0.780315
0.449412
0.0743555
0.301143
0.391438
0.155463
-0.0675801
0.415441
0.473093
0.455446
1.0335
0.136006
-0.753834
0.434854
0.072387
4013.33
-3.03358
0.0682754
0.0923076
0.227871
-0.502128
0.357663
0.148632
0.0851908
0.324133
0.133955
0.233442
-1545.78
0.36673
0.131884
0.370935
-1665.51
0.146509
0.450599
-1.10527
0.41288
-0.19899
0.439143
0.52623
316.695
0.156393
0.217421
0.435079
-0.081394
0.461683
-134.375
-6.13331
-0.804113
-0.0535236
-18.1921
-0.158429
0.483129
0.548884
-0.391397
0.38989
0.283094
0.0741468
-0.628336
0.0740061
0.0530477
-180.078
-0.192551
0.355174
-0.378101
0.13654
0.567668
0.513152
372.228
0.34072
0.322279
0.491017
0.44872
0.346236
-0.355997
0.257335
576.111
-0.573716
0.079813
-0.240066
0.309985
-0.605429
-0.982228
0.00824602
0.0739187
0.306971
0.364417
0.278046
0.258887
0.359815
0.379937
42.6478
0.491889
-0.0862564
0.436358
0.602249
-0.160678
0.130055
0.422289
-0.873096
-1.02826
-3.64523
1.52565
-127.186
66.1178
0.217805
0.533591
0.444076
0.434724
0.123959
0.44283
0.452056
0.361147
0.181773
0.0962475
0.454363
1485.74
-0.188189
0.59697
-0.908498
0.0895503
0.507188
-0.262291
-0.946444
2610.59
0.289436
0.484969
0.0897834
0.509974
408.864
-0.352192
0.156462
52.4978
-2.66206
0.440711
0.607121
923.015
0.17017
0.384344
-1.07497
0.365525
-0.103062
0.431316
0.391244
0.0801223
0.459325
0.153721
-0.416175
0.129256
-3.54848
0.0866894
0.118424
0.321658
0.288578
0.255352
0.422932
0.389871
0.0814003
0.445331
-54.4655
-0.777899
-4.85969
0.477009
50.9623
-0.0741261
0.484536
19.9192
0.348981
0.553239
66.2937
0.0876027
244.928
0.375377
0.715708
0.430125
0.427513
0.326743
0.152671
0.0748754
0.26716
0.543746
0.538176
0.369702
0.422972
0.423849
-1.14009
0.460335
0.0196114
0.359688
0.478146
0.328045
0.352469
0.524459
-0.910818
-0.958374
59.9313
0.717614
-0.363126
0.456031
0.0791911
0.503037
0.561092
-0.097449
0.583843
0.0948507
-1.07214
-0.175673
0.416168
0.448778
0.179427
0.288314
0.312961
-0.144765
1.11182
-0.283533
164.124
0.389844
-12.8331
0.327814
-0.673676
0.100066
0.307335
62.9715
0.294789
-0.894451
0.415527
0.327683
0.446564
0.427444
-0.582321
-850.114
-1.46703
0.537843
0.512898
0.319264
0.463504
0.350788
0.149567
0.278683
-1.51824
0.319459
0.358036
0.280005
-2.42381
0.476146
0.324942
0.422724
56.3936
0.448566
92.3216
390.971
0.36612
0.28582
0.259862
0.147323
0.605573
-0.552792
0.528373
0.0796574
4118.1
0.505007
819.093
0.259879
0.539364
0.456794
-0.737979
0.391697
0.278079
0.451672
-0.122479
0.561454
-0.061751
0.32343
0.0762305
0.357702
0.553341
618.671
0.397366
0.485765
0.39037
1.21813
0.805105
0.34712
-0.00126224
0.307824
-15.179
0.265386
0.106421
0.42681
0.241827
0.526905
0.582818
0.39328
753.045
0.414638
0.292286
0.369214
0.478972
-0.142909
0.0750028
0.515169
0.0796866
0.57072
0.145485
0.305285
-0.730707
0.222097
1837.48
0.361966
0.436784
0.445659
0.284957
-0.100205
0.451288
41.8492
0.242071
0.0797021
0.0957909
0.34619
0.154261
0.424899
0.232993
0.398559
0.455197
0.454471
0.112102
0.493715
0.416977
507.771
0.34047
0.496426
0.175694
0.306845
0.478384
0.304625
-0.793897
0.603212
-3.39597
0.443211
0.499387
0.338583
0.166551
0.389772
-2.15256
0.59404
0.497579
0.123783
0.438281
-1.56996
0.495386
0.352662
0.0905487
0.141716
0.470505
0.013035
0.192069
0.431926
-0.190948
0.164147
0.45225
1.47994
0.464036
0.348871
0.367862
-0.166262
0.602833
0.183701
0.186097
0.372174
1375.6
0.200711
0.599687
-0.442934
-0.536386
0.888161
0.398718
0.0730616
0.0954435
0.118017
-0.645378
0.529371
0.422234
0.28837
0.537916
-13.4232
0.37178
0.181708
0.304554
0.526124
0.181837
0.420311
0.0940033
342.905
0.459022
0.140778
-1.09622
-0.000879763
0.425931
0.0796575
7.83719
0.146105
-0.155126
0.517326
0.547124
0.511404
0.320309
4.6017
0.0733657
0.0777306
0.495626
0.388564
0.0703823
0.536847
0.104273
-87.9617
0.328749
-0.735636
0.370212
0.446884
0.560184
0.351238
1983.1
0.038903
0.444212
0.135218
0.594736
0.377037
0.289887
0.506219
0.423851
505.297
1.43359
-3.63964
0.617288
0.0760054
0.426304
0.285331
0.46232
0.447611
0.0758244
0.417167
0.0756417
-1.08797
-0.628888
0.499633
0.30529
0.329422
-0.875835
-75.1005
0.514996
0.493404
21.6366
-0.517046
-2.3999
0.441323
0.0835839
0.597353
0.194064
489.269
2.75293
0.267157
0.424157
0.206205
0.491538
0.0700308
0.413228
0.126782
0.533245
0.506277
0.482294
0.336914
0.233797
0.450151
4.30034
0.589055
-0.482114
0.547912
0.440038
0.229603
0.366237
0.475244
0.56289
-1.08692
0.348259
0.434429
-0.458912
0.54692
0.440021
0.489212
0.147913
0.584531
-4.03215
0.128521
0.547249
0.195382
0.486042
198.336
0.853264
-0.606123
0.300017
-0.0480836
0.0754246
0.073433
-0.0780365
0.344272
0.0927042
0.278797
0.449765
-3.14953
-0.701096
0.550035
0.107719
0.545807
3709.22
-0.611511
-0.398357
437.313
0.33253
83.7265
0.40578
0.316829
0.324577
0.161026
0.477437
0.180309
0.232284
0.485885
0.433998
0.464958
0.161302
0.23638
0.225012
0.316852
0.115195
0.524082
0.501849
0.308104
0.0845852
-0.0730104
-0.577796
0.188685
0.263664
0.386255
0.457683
128.353
0.756285
0.433454
40.7542
0.293447
0.203451
0.275208
-0.0605017
0.309662
235.179
0.0556663
0.466514
38.997
0.452835
0.576844
448.292
-0.198829
-1.80374
4084.35
0.295551
0.467873
-0.720282
38.1739
-0.5871
0.137163
-528.116
-0.938611
0.576549
0.557755
0.500035
0.227551
0.956288
0.207321
-307.842
0.296058
3.72664
0.129422
-0.251468
0.299827
0.41511
0.534041
2.93203
0.283352
0.604399
0.604635
0.837066
471.761
0.437773
0.186906
0.249903
0.525249
0.247898
-1538.42
154.733
0.131118
0.108062
0.327878
0.163214
324.954
-0.204754
-0.129435
-0.268594
-0.602771
-0.721765
253.027
0.46142
348.508
0.518362
-0.552914
0.486599
0.382607
0.0868526
0.328941
-0.611451
0.415011
0.174796
0.448223
-5.97
0.1368
-0.639009
0.333182
0.420369
-1.78155
0.308654
-0.81599
0.48771
442.36
3103.74
0.240533
214.201
-0.611615
87.0583
0.395279
106.116
0.529979
-559.594
-0.437738
0.448554
-0.514298
0.165387
0.516699
0.196166
248.195
-0.871141
0.0860238
0.556053
0.454707
0.506921
0.443862
0.421463
0.380938
0.440651
-0.0597614
0.294042
0.154087
0.397891
0.187579
0.495754
0.0790892
0.606668
-6.67153
0.400957
0.562661
-2.86041
-0.660384
-563.488
0.573643
0.535777
-0.564076
0.138338
0.193507
0.412867
0.127841
0.872817
-2.33485
-0.0782894
0.437081
0.529312
-883.456
0.532268
341.74
0.601829
0.493041
-0.519279
0.422103
-0.943683
0.322595
0.483538
-0.396397
0.356481
0.603437
0.14905
0.169472
0.472145
0.401902
0.365117
0.246708
0.439376
0.0759724
0.3814
0.45198
0.113536
0.564227
0.560625
93.8406
0.435989
-0.946492
19.5824
0.402778
0.46541
0.556589
0.30785
0.570797
-0.505626
0.53265
0.324256
0.478226
0.168199
-0.107356
-0.0674384
0.202975
2483.43
0.0201108
0.470782
0.378365
0.438878
469.028
0.506109
0.59389
-0.686052
375.18
-18.7331
0.41565
-0.434255
0.532147
-0.144567
0.476629
-8.39488
0.22036
0.0736151
0.384787
0.0882933
-0.886185
0.384678
-21.5592
0.557223
0.493503
0.559697
0.182066
0.561868
0.110887
0.463701
0.555223
0.831543
0.44958
-1.18117
-0.854084
0.368472
-0.0952891
-0.166564
0.509674
-0.189985
0.103501
0.271183
-0.0628107
0.398483
0.0979803
0.487989
-0.150321
0.247572
0.560564
-0.155779
0.182075
-2461.35
0.451797
130.096
-0.134775
0.16052
0.318931
0.0778627
-0.133228
0.594854
-0.135533
-0.919594
-0.636031
-2.62696
0.0743809
0.32366
-1.35292
0.351353
0.561907
0.451155
0.352088
0.601083
0.556072
0.227559
-27.37
0.456942
405.26
0.263211
0.381908
0.274117
0.554454
0.386041
-18.2467
-0.0129229
1.66355
0.566632
-1.29704
0.261664
0.439576
-0.696805
-7.52837
0.389619
0.441686
0.387178
47.9712
0.174874
0.528165
0.445993
0.522431
0.308151
-0.291785
91.5363
41.5122
44.3775
0.34771
-4.83338
-0.192885
0.270337
0.407002
-1593.67
-1.07077
0.198348
0.107131
2.54194
0.497434
0.0952353
0.331943
0.185822
0.180679
-1528.89
0.378253
0.277977
0.128522
0.597788
-0.590986
0.209634
-0.37413
-0.949219
0.50928
0.565541
-0.848525
0.0701816
0.106746
0.44632
0.079712
0.542416
266.366
0.131623
0.095599
-0.677292
0.368758
0.474397
-0.563127
0.519568
0.294995
0.514829
0.114482
750.341
-0.593986
0.358717
0.547187
0.552166
0.540155
0.319407
0.424985
0.331852
0.334354
0.488785
0.414348
0.0762195
459.469
0.454447
-0.75843
316.693
0.209082
0.521578
0.24258
0.344854
0.441952
-0.141724
194.198
-1.0882
-0.148321
0.0617075
419.099
3456.38
0.118246
39.2446
-0.15264
97.3306
-0.81647
-358.412
0.527956
-0.102181
0.367554
20.322
0.403049
0.146916
0.488041
0.358613
0.397473
0.350799
0.079396
-1.90619
0.0719135
-0.0673273
0.0678039
0.0534333
0.172721
-1018.2
-0.148628
208.675
0.249194
0.328521
0.431414
470.858
-0.555207
-3.37076
0.5626
971.189
-0.482426
-45.1989
0.463133
0.532439
-0.119971
0.333743
0.568216
0.0789203
0.459212
0.517123
0.438557
-1.20328
0.0699732
0.200186
-0.155925
0.602723
0.157817
0.420408
0.409259
0.36821
0.302163
0.342509
0.10773
0.150755
-42.8141
0.521054
0.598456
-0.988743
0.125811
0.162809
0.505009
0.5999
0.114852
-12.0486
1210.7
0.0855703
-0.131319
0.51776
0.30276
0.141216
0.352319
249.772
-0.613559
0.259371
-0.070182
0.427965
-134.892
-1.00461
-0.273077
0.290858
-1.42273
503.802
0.556097
0.0780747
0.496106
-0.629886
0.318481
0.0719803
0.357906
0.509882
0.473905
-0.96996
0.390405
0.0964049
-1.35831
0.39756
0.531025
0.544567
0.113117
0.387136
0.371553
0.125066
3.91622
0.497165
0.122829
0.461311
0.439383
0.0743398
-0.0816672
0.347468
-0.283638
0.100108
0.54898
-1.22172
0.227382
50.3937
0.157387
158.886
-0.83403
0.276829
0.242404
0.558118
0.331722
0.420541
-0.497996
0.335567
-62.2352
0.428253
0.505442
1.94171
0.397191
0.601321
0.430341
0.606423
0.0905142
-2.20173
0.18524
0.257583
-0.585779
0.527912
0.33921
0.562929
-0.957521
-0.8104
0.356813
0.301848
-0.168824
0.554968
0.0116039
868.269
0.584529
208.322
0.468367
0.539736
0.523069
-0.819287
-7.27455
0.412074
0.168746
0.408027
0.416852
0.102706
0.107957
-0.930339
0.167675
0.437339
0.312927
0.105101
0.501029
0.319677
0.371606
0.320586
-0.606101
-11.7805
0.296054
-0.555224
-0.553388
0.339886
27.5371
0.0559344
0.296837
-1.0981
4073.82
-0.257869
-0.00723801
0.210691
0.445977
0.441788
0.600774
0.54828
0.32494
-0.521681
0.266587
0.432187
0.0142421
0.445692
0.215739
0.172827
0.328196
-396.432
-0.561931
0.523254
-0.206824
0.0485224
-0.701048
0.497411
0.448377
-0.576325
-2.0314
0.379155
0.583606
-0.877891
0.342199
0.373762
0.0982299
0.505954
0.0239839
-1.12473
-0.181425
0.338558
0.441855
0.299051
1203.03
0.101314
0.310528
0.119533
-1853.66
0.447076
0.377401
0.379582
-2.87435
1081.27
683.318
0.08572
13.2132
5.65985
0.42291
-2.9162
0.336123
0.378773
1.16914
342.054
0.448627
0.409165
-1.88498
-0.556168
0.131591
2794.81
-0.871779
0.530532
0.417046
0.211092
0.0944072
-1.84048
-20.0881
-0.424026
0.0144606
-0.534787
-0.0158943
-0.551304
-1.74623
0.100311
0.493529
0.379881
0.532441
0.0774532
0.502735
-0.0255487
-0.56864
0.446783
0.0679388
0.109994
2884.61
0.0769482
-0.363068
0.323398
-0.760156
-1463.07
0.33633
0.335252
-0.0854279
-9.00036
0.203361
-5.2415
-0.788289
0.30797
0.438499
-0.689007
-13.4797
0.600098
-11.1685
0.416307
0.430759
0.550648
-0.133336
-0.180636
0.0782755
0.0978321
74.0846
0.198129
1016.19
-0.0622607
-0.92998
0.354776
-1.61564
-0.551007
-0.160603
0.372738
0.255041
0.075428
0.444871
0.45718
2858.16
0.535643
0.330958
-4.31783
0.145931
278.964
-3.71535
-991.97
0.325967
4167.42
-1599.18
0.246836
-1.45614
-0.503439
0.430759
0.0807457
0.475811
-1.15473
0.154904
0.311247
0.499848
0.088166
-1.09754
53.594
0.246167
1010.02
0.332184
-0.675077
-0.73024
0.393832
0.101244
0.39371
234.713
0.526468
0.159893
0.577578
0.0239724
0.361977
0.323609
0.479425
0.365371
0.531752
0.537395
0.480184
0.36047
0.488404
0.0974663
0.45158
-0.222381
0.41486
-0.504925
-74.1457
0.353699
0.300265
130.485
-2.79073
0.343668
0.453501
0.428151
0.423955
170.044
-0.334096
2293.24
0.0306834
0.0502118
-0.186264
0.36461
-76.4872
0.206373
0.518161
30.4039
0.488542
-0.125277
0.422876
0.556173
0.347583
0.0710849
-8.238
0.417769
0.543928
0.466807
0.545459
56.2467
0.353728
-0.0944312
-26.0763
-0.0744065
0.467561
0.281882
0.0561224
0.300817
-0.99046
-0.673713
0.196932
-2.2772
0.243787
-0.0729682
0.422143
-1.15166
0.411834
-0.513949
974.039
-0.577522
0.56257
0.304564
703.831
0.353914
-0.208217
0.562506
-0.732099
-0.0520385
0.409395
-1.32259
55.8667
1842.57
0.314088
-0.598822
7.79474
0.197465
2740.09
-0.427142
0.40658
0.139953
-0.851846
0.0262476
0.199471
0.387041
-0.128197
17.2181
0.670071
0.194444
0.160696
-3.21959
0.435569
0.17351
0.0434962
0.445712
0.0836411
449.832
0.209009
0.356921
537.808
-0.589058
0.516948
0.485827
0.189695
251.095
0.35191
0.216374
-15.5148
0.344154
0.0405658
0.569343
0.582427
0.17661
0.0898603
0.521727
0.54038
-16.5042
0.422447
0.469018
0.443542
-0.124166
196.548
0.0828874
862.876
118.227
0.291878
0.283452
0.308191
0.381803
-0.187601
-3.30509
239.264
0.169972
0.125916
0.317208
0.392097
-0.153449
0.35364
0.471185
-0.602011
543.917
0.451518
692.167
-16.944
0.0970144
0.523843
3762.6
0.455716
0.0981712
571.51
-0.115077
0.52489
0.41327
0.0255901
0.338944
0.595261
0.566425
0.213175
0.0387409
0.542283
0.555622
301.233
0.661075
0.581245
-0.730359
-0.15647
-0.0792791
0.079002
0.412983
32.7686
0.362118
0.00660392
0.354096
-19.4249
0.464408
0.349475
-0.506092
-1.00558
0.299565
0.209653
-1.72182
-0.704762
0.522985
0.542835
0.576313
0.371278
779.291
0.464414
0.213526
0.475954
28.3071
0.318124
0.450066
0.484592
-0.168119
0.119847
0.109954
0.0768657
0.430523
0.0665033
0.418666
0.407524
-0.197675
-0.238361
0.0356393
407.694
0.446643
0.0535487
0.385622
0.0957503
0.130176
-0.918154
111.679
0.440264
-1528.63
-0.150885
0.438914
0.59068
229.067
829.781
128.17
1772.78
0.285027
15.0689
-35.4827
0.135091
-9.82221
0.525282
0.300851
-0.502324
-0.942537
0.397091
0.10415
0.296211
-0.203956
0.407182
0.128448
342.139
0.156783
0.379762
0.0526771
0.545085
-1592.45
4185
0.423023
0.485823
974.318
0.302622
0.591252
0.601134
-1096.66
0.135334
0.568
-262.175
0.413125
0.215214
0.325848
0.481498
-0.563429
0.449121
-0.570038
0.378297
0.0372647
0.379479
0.379517
0.152218
0.599153
0.334397
0.374829
-2.19479
154.954
0.505877
0.412503
0.0861758
-6.67007
0.186024
0.527728
0.49341
-0.384991
0.429998
0.105604
0.0179902
1304.32
-0.555411
0.0604995
0.388692
0.419946
-364.044
0.473613
0.293808
-0.34594
-0.633427
-0.133484
0.56387
0.334709
0.167788
0.595877
-0.139267
0.418887
0.20522
-0.0535537
1814.9
331.225
0.533633
0.544897
0.396321
0.184003
0.358302
1160.74
-20.3729
3135.29
1071.71
0.0430898
0.439219
0.708031
0.599146
0.598514
0.0378721
0.401458
0.400913
0.123136
0.194767
0.764338
0.300275
0.333216
0.609468
0.596673
0.329842
0.247279
0.340798
-11.5157
0.429891
-1.61763
0.115089
-0.112325
0.46607
0.322194
0.518153
-2.48798
-1.31746
0.376824
-0.0453092
45.1536
0.151061
-0.674172
-2.98335
-0.537938
0.164378
2100.02
0.440319
0.0124752
-1.64501
21.9197
0.582266
-1.81488
0.44011
0.324449
0.381935
-1.46988
0.415929
0.188743
-0.372374
0.112281
0.349925
0.02416
0.449153
0.595913
0.44256
0.416275
0.0801495
0.153181
-0.7767
-0.025009
0.366625
0.393526
121.379
0.00566818
0.512004
0.580588
0.392696
0.430349
0.115633
0.510012
35.7298
0.517231
0.306714
0.0802737
0.438169
0.324565
0.354949
0.313979
0.309789
-0.0796535
-0.65564
0.422282
0.0489976
0.0792354
0.0589008
0.319692
0.366554
-1.74607
-0.155056
0.286519
0.572798
0.138082
-0.166819
0.221041
0.0084304
0.343338
-0.611306
-1.14311
0.0667764
-2.27784
0.222644
0.207011
0.407112
0.449141
0.27825
0.503254
0.541976
0.50456
-0.16735
0.200563
426.423
0.129069
0.0838453
0.543115
0.341287
0.39748
0.593794
0.453568
0.0772312
0.436278
-0.888401
-0.127929
16.6834
0.355116
0.175909
-0.873341
0.163551
0.329317
0.461301
-0.893168
-0.595057
0.587268
0.350342
-1833.68
0.402319
1965.63
28.6748
0.325859
0.306434
0.553129
163.259
-993.452
0.15159
0.393799
0.0824344
0.481775
908.939
1011.87
0.531667
0.392313
-0.517342
-0.7975
4171.19
-1588.34
0.354197
-0.11551
-0.549352
-0.0511436
-0.177088
0.302905
-2.71783
-0.637377
0.534141
0.416114
0.513373
0.38594
0.303264
0.351997
0.104818
0.42114
334.594
851.306
0.216327
86.5054
0.581466
0.469791
0.136525
0.0734713
0.378459
0.496575
0.468204
0.427091
0.343536
0.525523
0.519348
0.38993
0.251508
-0.565259
-0.623341
0.511781
0.405301
-0.544969
0.356722
461.826
0.978132
0.499719
0.114962
229.957
7.12336
0.444001
-3.43748
-634.919
112.033
0.476149
0.561378
0.4719
-0.570185
0.220102
0.303314
1.14462
-1.38176
101.792
0.0983491
0.435108
0.436449
0.175655
-0.945925
-0.448404
17.1541
0.109733
-1.13412
0.411607
0.172053
-462.876
0.168827
1.59284
0.412107
-2.21579
0.510418
-0.190515
-0.153622
0.521396
0.570628
0.52611
0.0790705
0.157532
0.462562
-0.470402
-0.564565
-0.143767
0.555136
0.432415
-939.341
0.0986936
154.569
0.0824137
0.550166
0.575536
0.514594
-0.120424
0.247391
0.399253
0.190993
0.338743
0.12285
0.13547
0.449656
0.558732
0.340026
0.180048
0.484514
-12.6669
0.422999
0.449635
0.109816
13.0657
0.434379
0.463085
0.534689
0.39426
0.0744717
0.472549
144.99
58.9289
-16.093
0.598222
0.420516
0.165978
0.13031
0.173086
0.37969
1.0983
0.441254
-7.2665
0.42961
0.366099
0.371606
9.87465
9.94193
0.318402
0.429994
0.50965
0.42823
0.422835
-0.814994
0.174461
-0.546211
0.161381
-0.017093
0.0526713
0.449237
-948.474
-0.0739035
0.385162
136.663
9.50046
0.585556
0.097037
0.426752
-0.55841
0.449069
-1.70561
0.0556574
-0.51121
-1.02592
0.147091
3860.86
18.4684
-0.469291
-0.8732
-0.381237
0.152933
-0.826585
0.212717
0.444724
-0.0768494
-1.20229
-0.518472
0.368344
0.282426
-1.06057
-0.502045
-209.681
0.506764
-0.186672
-0.741087
0.2571
14.0425
0.362614
-0.569808
-1.78212
0.0421728
0.311791
-2.59261
-0.537722
43.0454
0.431264
0.444708
0.555606
0.308397
-0.235163
0.260129
-0.176683
0.580905
-0.539347
0.386999
0.355809
-0.368895
0.334257
-2.09524
0.519225
0.789181
0.429315
0.469148
0.535456
0.332226
0.118801
3.70892
44.493
0.295681
-0.188988
0.133642
0.429766
0.493451
0.471838
-2.09408
-0.711714
0.109412
0.121238
0.599287
0.197379
2.54533
-0.54803
0.579692
0.202394
0.179314
129.666
0.366671
0.384207
-1.40986
-0.153481
0.594493
0.414375
-0.527868
0.0237281
0.554807
0.4301
0.286663
-0.0602133
-1654.76
904.089
-0.513339
-0.172826
0.158362
-1.94071
-0.55486
0.339086
0.50696
-0.735577
0.945191
-1.40128
-0.804186
-0.141003
0.335959
0.552343
0.164939
0.533744
0.427585
0.293681
-1.79552
-0.540134
-0.149302
0.197078
-0.508372
0.356605
0.164984
0.140933
-1.61311
0.307562
-0.534127
-1.64975
-1.02542
-0.517256
0.318817
205.758
0.267795
0.354638
0.0186773
-0.737051
1897.84
-0.358491
0.501731
44.6585
-1.50545
-0.507434
0.393046
-74.7464
0.112366
-0.740893
0.55906
0.430944
229.162
-0.919844
-0.515059
0.386799
0.479222
0.113428
50.9823
0.394132
0.200495
0.426123
0.510471
196.807
0.182999
0.529148
0.396423
0.13054
0.57863
-0.885402
0.146787
0.399523
0.600509
0.431957
-0.888773
-0.509277
0.445257
-0.560328
-0.798905
-15.6249
0.0882624
-1.30297
-954.475
0.676781
0.426389
0.414096
0.159788
0.387793
-0.504051
1387.54
0.455274
0.502909
2.22152
1228.38
0.419872
39.2954
0.144545
0.42168
2801.23
0.386461
0.444265
0.393471
-1.69503
0.128565
0.0838123
0.423145
0.461184
0.581926
0.110716
0.397634
0.137054
-310.167
-0.86211
-0.901034
-0.546746
0.413284
0.435864
0.138472
0.0421
0.103573
0.13853
256.55
0.296546
0.106016
0.381125
0.40158
0.433576
0.400057
0.646125
0.078872
0.409145
-1.27181
0.472472
-0.549112
-1.01454
0.419536
0.415316
890.423
0.440935
0.386074
0.398566
0.596169
0.351958
0.436861
-0.0444426
0.11831
0.516249
0.469693
0.39068
-0.522785
-0.811947
0.19397
0.440708
0.434082
0.325364
0.132024
0.357315
0.342888
-1.24743
-0.524675
2198.43
92.1696
0.424343
-1.09389
-1.14711
-1.77014
-0.506286
-0.507292
-0.533505
0.348847
0.333018
-0.775767
0.377096
0.104261
0.389596
0.375416
0.546909
-0.514915
-0.861505
0.100859
-1.02409
-0.504227
0.36448
0.101424
0.322676
0.338944
0.0974197
0.0911218
0.0892089
-0.506628
0.371884
-0.926418
-0.511041
-0.704987
-0.718847
0.0816678
-0.767893
-0.830681
-0.857483
-0.856105
-0.500903
-0.495339
-0.5112
-0.499378
-0.517612
0.106351
0.130374
-1.31937
)
;

boundaryField
{
    back
    {
        type            empty;
    }
    front
    {
        type            empty;
    }
    outlet
    {
        type            zeroGradient;
    }
    circle
    {
        type            zeroGradient;
    }
    walls
    {
        type            zeroGradient;
    }
    inlet
    {
        type            zeroGradient;
    }
}


// ************************************************************************* //
