/*--------------------------------*- C++ -*----------------------------------*\
  =========                 |
  \\      /  F ield         | OpenFOAM: The Open Source CFD Toolbox
   \\    /   O peration     | Website:  https://openfoam.org
    \\  /    A nd           | Version:  10
     \\/     M anipulation  |
\*---------------------------------------------------------------------------*/
FoamFile
{
    format      ascii;
    class       volScalarField;
    location    "1150";
    object      k;
}
// * * * * * * * * * * * * * * * * * * * * * * * * * * * * * * * * * * * * * //

dimensions      [0 2 -2 0 0 0 0];

internalField   nonuniform List<scalar> 
10435
(
1.24593
1.384
1.68214
1.76167
1.98393
1.84389
1.63594
1.45239
1.25079
1.772
1.64413
1.89718
1.6919
0.873585
0.898017
1.65428
0.85471
1.73752
1.1347
1.33184
1.5532
1.64474
1.7159
1.42116
1.78108
0.540019
0.697799
1.67683
0.644962
1.74915
1.85305
1.76127
1.38848
0.651994
1.55047
1.03418
1.6551
0.715809
0.428659
1.24794
1.78503
1.66835
0.685707
1.57892
1.75057
1.34781
1.80384
0.673261
1.15314
1.50199
1.50909
1.88992
0.416657
0.579184
0.455822
0.602253
1.61578
0.733441
0.80622
1.48525
0.447298
1.25933
0.724401
1.94211
1.74197
1.71696
0.761946
0.768303
1.50357
1.4596
0.573129
0.637474
0.538322
1.73461
0.931114
0.677543
1.50961
1.60108
1.31149
0.923355
1.55442
1.11699
0.405163
0.58643
1.55948
1.02819
1.1688
1.60587
0.951891
1.26978
1.71583
1.81824
1.1841
1.00635
1.37963
0.946188
1.89463
0.898151
0.832222
1.9685
0.922246
2.01434
1.07973
1.49333
1.9857
1.67702
1.25303
1.53493
1.55967
0.959239
1.4502
2.02711
1.05584
1.00315
1.91777
1.57959
1.99447
1.11783
1.5786
1.95134
1.9956
0.590849
1.2215
0.72454
1.89454
0.494639
1.93883
0.624736
1.99479
0.71497
0.674191
1.78072
1.58231
0.894392
0.677421
0.377637
0.84891
1.81966
1.45895
1.50145
1.41792
1.8127
0.72391
1.95442
1.68919
0.803911
0.779776
1.89425
0.824767
1.92107
0.629502
1.74886
1.2756
1.91413
1.84328
0.584151
1.97504
1.33767
1.80185
1.47841
1.85171
0.871103
1.80149
1.73593
0.974961
2.00195
1.38878
1.85779
1.70036
1.9791
1.81521
0.483019
0.638454
0.838047
1.83733
1.32179
1.13923
0.785124
1.389
0.685131
1.51231
1.89102
1.92792
0.471747
1.82984
0.611308
0.615108
1.58609
1.97679
1.93542
1.96729
0.397573
0.687359
0.935269
2.02019
1.54744
0.760337
0.954416
0.732496
1.66607
0.970158
0.694791
1.68512
0.723498
1.69475
1.92701
1.69386
1.84944
0.730947
1.71166
0.567933
1.70267
1.98829
1.77661
0.684308
0.84169
1.02795
0.459225
0.546193
0.851591
0.658916
0.821068
0.755176
0.799035
0.57219
1.57766
0.483475
0.900642
1.88898
0.698489
0.79484
1.48524
0.512958
1.74191
0.742614
0.83765
1.58756
0.576963
1.59395
1.83457
1.47801
0.526906
0.474068
0.60096
1.86538
1.29366
0.874868
1.49354
0.516503
1.17349
0.534569
1.02904
1.71198
1.72124
1.5375
1.98117
0.474151
1.56591
0.538224
0.679691
1.59258
1.84982
0.530642
1.61032
1.09035
0.814646
1.37539
1.78928
0.43775
1.97006
1.61721
1.4154
1.49321
1.75669
0.582781
1.94965
0.711522
1.97109
1.6115
1.36926
1.73352
0.76204
1.63507
0.870836
1.09867
0.420381
1.96178
0.4544
0.592494
0.667872
0.818723
1.63499
0.726796
1.45195
0.435291
0.564651
0.777806
1.16382
1.92489
1.80022
0.760149
1.62321
1.64639
0.558091
1.85232
0.866734
0.815149
1.73408
1.76475
0.594776
1.32276
0.658666
1.04342
1.93267
1.3557
0.56661
0.482823
1.90823
0.786871
1.86866
1.9442
0.689721
1.18188
0.390501
1.31454
1.70503
0.623533
1.65551
0.789467
0.731428
1.37399
0.691258
0.593409
1.65242
1.8475
0.744807
0.568736
0.537977
0.616316
0.617618
0.652454
0.613218
0.437835
0.638829
0.61438
0.63057
0.757516
0.756123
0.383997
1.25281
0.598527
1.72785
0.682926
1.66368
1.25836
1.09646
1.68015
1.75599
0.592809
0.626456
0.552208
0.506063
0.603687
0.427476
0.669063
0.673897
0.742593
1.81781
0.657903
1.21376
0.480188
0.698598
1.68979
1.02269
0.422662
0.700568
0.718969
0.726254
0.622562
0.576569
0.822403
0.46604
1.34921
0.763666
1.45384
1.20755
1.67001
1.67501
1.15985
1.66592
1.45641
0.734176
0.54453
0.630221
0.577049
1.65838
0.609572
1.69767
0.794898
0.693141
0.712905
0.714246
0.501425
1.64411
0.722862
1.40491
1.72819
0.492774
0.609663
0.752907
1.0536
0.761747
0.635062
0.545418
0.603385
0.718302
0.652841
1.67759
0.572857
0.611707
0.651911
0.66317
1.72819
0.42457
0.387985
0.938323
0.619812
0.108192
0.105747
0.101862
0.0972336
0.0922674
0.087044
0.081644
0.0761727
0.070761
0.108087
0.105181
0.101088
0.0964119
0.0914532
0.0863421
0.0811737
0.076093
0.0712971
0.107658
0.104411
0.100155
0.0954404
0.0905281
0.0855472
0.0806098
0.075864
0.0715009
0.10713
0.103625
0.0992242
0.0944844
0.0896294
0.084778
0.0800438
0.0755596
0.0714778
0.106694
0.102983
0.0984453
0.0936828
0.0888778
0.0841382
0.0795669
0.0752722
0.0713563
0.106526
0.102641
0.0979663
0.0931697
0.088393
0.083735
0.0792832
0.0751237
0.0713286
0.106837
0.102771
0.0979406
0.0930821
0.0883013
0.083688
0.0793148
0.0752539
0.0715678
0.107954
0.103573
0.0985335
0.0935708
0.0887469
0.0841368
0.0798001
0.075801
0.0722029
0.110201
0.105237
0.0999286
0.094816
0.0899071
0.0852544
0.0809056
0.0769163
0.0733454
0.113608
0.10791
0.102328
0.0970357
0.0920034
0.0872612
0.0828476
0.0788066
0.075178
0.117869
0.111699
0.105958
0.100493
0.0953116
0.0904367
0.0859073
0.0817589
0.0780172
0.122633
0.116774
0.111088
0.105499
0.100159
0.0951173
0.0904286
0.0861298
0.0822502
0.128177
0.123555
0.118091
0.112418
0.106906
0.101666
0.0967785
0.0922898
0.0882456
0.136677
0.132818
0.127442
0.121629
0.115896
0.110411
0.105277
0.100553
0.0962982
0.149274
0.14517
0.139518
0.133412
0.127371
0.121573
0.116129
0.111103
0.106533
0.16605
0.160716
0.154416
0.147848
0.141397
0.135214
0.129405
0.12404
0.11916
0.185835
0.179008
0.171915
0.164799
0.157871
0.15125
0.145033
0.139299
0.134124
0.20702
0.199362
0.191637
0.184005
0.176598
0.169524
0.162875
0.156734
0.151184
0.229316
0.221397
0.213282
0.205235
0.197398
0.189898
0.18283
0.176276
0.170307
0.252897
0.245071
0.236737
0.228368
0.220173
0.212306
0.204868
0.197946
0.191628
0.278139
0.270537
0.26203
0.253386
0.244902
0.236748
0.229017
0.221781
0.215122
0.305553
0.298027
0.289237
0.280307
0.271604
0.263271
0.255364
0.247926
0.241029
0.335907
0.32777
0.318392
0.309123
0.300289
0.291924
0.28401
0.276547
0.269617
0.370171
0.359819
0.34936
0.339722
0.330905
0.32272
0.315026
0.30774
0.300955
0.409372
0.393651
0.381761
0.371913
0.363383
0.355671
0.348483
0.341656
0.33452
0.189699
0.189739
0.19045
0.191834
0.1939
0.19664
0.200044
0.204081
0.208725
0.213924
0.219628
0.225775
0.232284
0.239078
0.246052
0.253107
0.26013
0.267005
0.273614
0.279837
0.285544
0.290591
0.294787
0.297834
0.299548
0.300132
0.299624
0.297925
0.294774
0.290502
0.285215
0.278933
0.271711
0.263676
0.254957
0.245686
0.236002
0.226043
0.21595
0.205861
0.195908
0.18621
0.176871
0.167977
0.159595
0.151778
0.144581
0.13806
0.132246
0.12716
0.1228
0.119137
0.116129
0.11372
0.111854
0.110475
0.109537
0.109
0.10883
0.190436
0.19081
0.191812
0.193451
0.19573
0.198639
0.202156
0.20624
0.210858
0.215968
0.221523
0.227464
0.23372
0.240212
0.246854
0.253548
0.260191
0.266677
0.272893
0.278726
0.28406
0.288773
0.292731
0.295771
0.297718
0.298444
0.297887
0.296048
0.293001
0.288872
0.283735
0.277637
0.270639
0.262827
0.254305
0.245192
0.235617
0.225712
0.215616
0.205462
0.195381
0.185498
0.175926
0.16677
0.158121
0.150059
0.142659
0.135977
0.130051
0.124897
0.120486
0.116785
0.113742
0.111295
0.109383
0.10794
0.106918
0.106281
0.105986
0.188288
0.188748
0.189789
0.19142
0.193645
0.196459
0.199847
0.203786
0.208244
0.213179
0.218543
0.224277
0.230315
0.236582
0.242993
0.249458
0.255878
0.262152
0.268171
0.273823
0.27899
0.283547
0.287354
0.290265
0.292143
0.292884
0.292428
0.290759
0.287913
0.283966
0.278995
0.273069
0.266257
0.258643
0.250325
0.24141
0.232016
0.222269
0.212294
0.202222
0.19218
0.182292
0.17268
0.163458
0.154733
0.146603
0.139149
0.132433
0.126489
0.12132
0.116904
0.113196
0.11014
0.107673
0.105733
0.104262
0.103209
0.102535
0.102201
0.182565
0.183032
0.184059
0.185654
0.187815
0.190536
0.193801
0.197588
0.201868
0.2066
0.211742
0.217238
0.223026
0.229037
0.235193
0.241408
0.247588
0.253635
0.259441
0.264895
0.26988
0.274271
0.27794
0.280757
0.2826
0.283373
0.283014
0.281503
0.278862
0.275141
0.270408
0.264732
0.258187
0.250857
0.242834
0.23422
0.225121
0.215654
0.205938
0.196097
0.186254
0.176535
0.167064
0.157963
0.149346
0.141315
0.133958
0.127336
0.12148
0.116395
0.112058
0.108423
0.105424
0.102999
0.101088
0.0996355
0.0985933
0.0979227
0.0975858
0.174459
0.174928
0.175933
0.177479
0.179568
0.18219
0.185331
0.18897
0.193078
0.197617
0.202545
0.207811
0.213357
0.219116
0.225014
0.23097
0.236895
0.242692
0.248259
0.253487
0.258262
0.262465
0.265978
0.268683
0.270475
0.271269
0.271008
0.269666
0.267251
0.263795
0.259352
0.253983
0.247764
0.240773
0.233101
0.224842
0.216099
0.20698
0.197602
0.188084
0.178548
0.169121
0.159926
0.151088
0.142722
0.134931
0.127799
0.121386
0.115722
0.110808
0.106619
0.103107
0.100213
0.097874
0.0960303
0.094627
0.093617
0.0929633
0.0926291
0.163994
0.164412
0.165348
0.16681
0.168795
0.171297
0.1743
0.177782
0.181715
0.186063
0.190783
0.195827
0.201137
0.206651
0.212297
0.217996
0.223664
0.229207
0.234527
0.239522
0.244083
0.248099
0.25146
0.254061
0.255806
0.25662
0.256449
0.255267
0.253074
0.24989
0.245757
0.240732
0.234882
0.228286
0.221027
0.213195
0.204887
0.196206
0.187266
0.178182
0.169074
0.160065
0.151278
0.142834
0.134846
0.127413
0.120616
0.11451
0.109124
0.104457
0.100482
0.0971544
0.0944181
0.0922138
0.0904814
0.0891675
0.0882274
0.0876254
0.0873266
0.151454
0.151792
0.152633
0.153981
0.155839
0.158199
0.161047
0.164362
0.168115
0.172271
0.176788
0.181616
0.186702
0.191981
0.197387
0.202844
0.208269
0.213573
0.218663
0.223438
0.227799
0.23164
0.234862
0.237371
0.239077
0.239914
0.239832
0.238808
0.236832
0.23392
0.230106
0.225439
0.219988
0.213828
0.207034
0.199694
0.191898
0.183741
0.175339
0.1668
0.158237
0.149766
0.141504
0.133567
0.126064
0.119087
0.112713
0.106992
0.101951
0.0975883
0.0938791
0.0907812
0.0882417
0.0862036
0.0846109
0.083413
0.0825669
0.0820385
0.0817946
0.136615
0.136802
0.137481
0.138662
0.140351
0.142541
0.145219
0.148364
0.151947
0.15593
0.160271
0.164916
0.16981
0.174889
0.18009
0.185345
0.190578
0.195696
0.20061
0.205216
0.209417
0.213114
0.216227
0.218678
0.220369
0.22125
0.221273
0.22042
0.218665
0.216019
0.212521
0.208214
0.203182
0.197498
0.191217
0.184431
0.177224
0.16968
0.161922
0.15404
0.146136
0.138316
0.130687
0.123359
0.116436
0.11
0.104129
0.0988643
0.0942285
0.0902193
0.0868159
0.0839818
0.0816694
0.0798281
0.0784074
0.0773601
0.0766449
0.076229
0.0760795
0.119072
0.118994
0.119419
0.120375
0.121873
0.123901
0.126436
0.129429
0.132884
0.1368
0.141069
0.145627
0.150402
0.155319
0.160355
0.165441
0.170553
0.175644
0.180526
0.18505
0.189137
0.192719
0.195759
0.198179
0.199904
0.200876
0.20106
0.200425
0.198912
0.196508
0.193301
0.189355
0.184754
0.179587
0.173898
0.167686
0.161075
0.154292
0.147337
0.140225
0.133095
0.126045
0.119155
0.112519
0.106226
0.100389
0.0950729
0.0903513
0.0862128
0.0826058
0.0795144
0.0769344
0.0748451
0.073205
0.0719641
0.071087
0.070537
0.0702785
0.0702784
0.592127
0.550286
0.51287
0.477566
0.443493
0.410518
0.378812
0.348666
0.320362
0.294121
0.270724
0.251036
0.235278
0.223046
0.213157
0.204937
0.198533
0.194071
0.191447
0.190208
0.189867
0.190011
0.190256
0.190211
0.189387
0.564037
0.537805
0.506549
0.473571
0.440236
0.407279
0.375292
0.344777
0.316178
0.289978
0.266725
0.246822
0.230382
0.217221
0.206925
0.199089
0.193432
0.189712
0.187673
0.186986
0.187265
0.188128
0.18921
0.190148
0.190529
0.559665
0.532588
0.501743
0.468936
0.435376
0.401967
0.369465
0.338505
0.309641
0.283378
0.260122
0.240118
0.223439
0.21
0.199584
0.191908
0.186642
0.183434
0.181934
0.181777
0.182594
0.184003
0.185628
0.187104
0.188073
0.56026
0.52991
0.497363
0.463473
0.429096
0.395021
0.361986
0.330647
0.301571
0.275227
0.251944
0.231907
0.215174
0.201691
0.191305
0.183769
0.178746
0.175848
0.174683
0.174853
0.175974
0.177661
0.17953
0.181211
0.182322
0.561914
0.528391
0.493533
0.45794
0.422299
0.387296
0.353595
0.321809
0.292464
0.265977
0.242631
0.222577
0.20586
0.192427
0.182131
0.174723
0.169864
0.167149
0.166166
0.16649
0.167723
0.169474
0.171364
0.173044
0.174194
0.563065
0.526739
0.489479
0.451978
0.41489
0.378827
0.344372
0.312073
0.282404
0.255732
0.232306
0.212255
0.195602
0.182274
0.172103
0.164821
0.160074
0.157447
0.156516
0.156843
0.158022
0.159664
0.161402
0.162905
0.16387
0.563835
0.524691
0.484918
0.445405
0.406794
0.369605
0.334329
0.301456
0.271411
0.244522
0.221012
0.200989
0.184447
0.171271
0.161257
0.154105
0.149438
0.146835
0.14586
0.146073
0.147059
0.148433
0.149836
0.150957
0.151554
0.564433
0.521981
0.479519
0.437972
0.39785
0.359534
0.323412
0.289912
0.259451
0.232324
0.208733
0.188773
0.172408
0.159443
0.149626
0.142618
0.138014
0.135387
0.1343
0.134309
0.134987
0.135943
0.13681
0.137273
0.137166
0.564281
0.518106
0.472921
0.429444
0.38793
0.348549
0.311598
0.277407
0.246473
0.219099
0.19542
0.175571
0.1595
0.146823
0.137258
0.130426
0.125873
0.123183
0.121942
0.1217
0.121984
0.122429
0.122561
0.121914
0.120435
1.71308
1.70208
5.24045
1.87465
0.0731877
0.0862295
1.24205
0.0382081
4.44441
0.0687319
2.77649
0.0773411
0.575393
0.12565
1.33135
0.110341
3.1531
1.59512
0.0655454
0.849517
0.505808
0.105395
3.1137
0.193051
0.0312372
0.0523901
0.0309671
0.365012
1.89533
2.93825
0.0665962
0.0657662
3.42787
0.67909
2.88074
0.0651661
1.12845
1.338
1.17772
0.0967887
3.85576
0.0128074
0.0814683
0.703819
0.278269
0.148886
3.63075
4.07022
2.34636
2.58651
3.43786
3.4324
0.516377
1.4353
1.19341
4.41887
0.114903
0.498781
0.0426164
3.09211
0.0842081
5.52788
0.0718409
0.116445
0.0395702
0.649445
0.0781679
0.33245
0.589509
2.50649
4.19558
0.129816
0.0487876
0.906492
0.0327682
0.497215
1.02405
3.98209
0.0305889
1.19101
0.650154
0.107901
0.0469023
2.69939
0.0748091
0.086741
0.0468448
3.94533
3.46913
0.151091
0.204329
0.098713
0.0799858
0.0811072
0.0546097
2.8011
0.0530898
2.96646
0.0310128
3.05832
0.190329
3.86264
0.211343
0.135393
0.0387783
0.26552
3.26842
0.643822
0.0315734
2.96137
0.106191
0.0666588
3.33598
0.132065
0.508673
2.31378
3.40437
0.0919039
0.534695
0.0437193
0.00379101
0.0652146
0.190491
0.0318543
3.5191
0.078655
3.47241
0.769756
0.0432
4.06713
0.0446568
0.912571
2.54727
1.02619
0.429544
0.046453
0.269396
0.137586
0.0831792
0.84551
0.111487
1.12906
3.1611
0.00555975
2.04634
0.126433
2.15122
0.752763
0.108878
2.87055
0.487285
0.101165
2.14909
1.53419
0.0372321
2.65475
0.0361464
0.0900224
1.16075
0.0664327
0.0824702
4.19147
0.0892892
3.09756
0.0849241
3.0724
0.134008
0.0304308
0.143446
0.0380941
0.112925
0.123261
0.340561
2.85117
0.0783207
0.300773
0.785899
2.21209
2.653
0.112745
0.930256
0.0638392
0.520347
0.975636
0.577868
0.0343411
3.24059
0.0310564
2.82228
0.0983571
3.72111
3.1156
2.24021
1.10285
1.42401
3.02555
0.0322517
0.102392
2.18069
1.7634
0.670018
0.168196
0.101615
0.100969
0.32423
0.0726133
0.0815935
0.2101
2.4754
0.085041
0.0381919
0.0825712
0.904357
0.302703
0.58599
4.03128
0.0552225
0.040564
0.169692
0.195142
0.179512
0.0150342
0.0396253
5.55707
0.232085
3.50029
0.143746
3.16037
0.0278508
0.0523495
2.52886
0.0668763
0.0621144
0.0379996
1.16794
0.0711686
1.23529
0.26003
1.00389
1.60308
0.0660316
0.0834324
0.0823422
0.509723
0.047213
0.048188
0.0662864
0.339576
0.108556
0.0711337
0.0231663
0.32134
0.0699205
2.32651
0.0483764
0.0306375
3.21772
1.04409
1.18211
0.0656564
0.335471
0.0489617
0.0797897
0.0350312
0.936878
0.0325291
0.0733093
2.55172
1.2388
0.0304913
0.571298
2.34467
0.0354833
0.0386578
0.0667124
2.5691
0.0877705
4.25685
0.124075
3.42696
0.707769
0.513563
0.304699
0.147642
2.65369
0.0921842
0.281008
0.402432
3.49628
3.82055
1.56894
0.0949052
0.00948909
3.61315
0.923765
4.0189
3.86938
0.088142
0.0679035
2.82101
3.2711
0.0833462
0.108738
0.105454
3.71444
0.0779298
0.50284
0.0703405
0.841587
0.106106
0.132265
0.102978
3.15218
0.0393561
0.0340382
1.1061
3.89311
0.0710833
0.0315074
1.16188
1.16346
0.0686357
0.114123
0.0660126
0.0489524
0.0325912
3.35753
0.660946
0.0856608
0.507203
0.0838404
1.40423
0.152871
0.0698226
3.82439
0.0915867
0.0572318
0.0504092
0.0052167
0.328857
0.084658
0.072173
2.85093
0.0993883
0.942611
0.0547451
0.0964689
0.0482354
0.0442328
3.46162
1.07683
0.0803128
0.0202194
1.19166
3.65526
0.209798
1.32723
0.698442
0.0813072
3.6558
2.50694
2.85549
0.0628133
3.45002
0.0111266
0.0430415
0.131925
4.00693
0.0755619
2.70515
0.121682
1.51547
1.89201
3.44535
0.574928
0.0340937
0.0434774
0.089007
0.0639306
0.0698761
3.8483
0.115079
3.4936
0.749151
0.721004
1.14419
0.0866895
0.849921
2.65718
3.73022
0.863492
0.0726887
0.242419
3.21129
0.91384
0.067023
0.077559
3.36285
0.0891468
1.92448
0.0386791
0.0827372
0.0738449
2.17064
0.0672197
0.000275504
1.2755
0.256982
0.854629
0.0657529
2.87742
0.0768023
2.79188
0.0805068
0.0613423
0.115394
2.42977
3.46527
0.0763166
0.09771
0.0878322
0.0657859
0.161197
0.237884
0.137065
3.65226
0.00308352
0.127189
0.0686305
0.0667763
0.0964877
0.0310857
0.154456
0.0301557
1.49758
0.126222
0.106129
0.00708404
0.0489715
0.116919
0.0662997
1.59995
3.66481
0.771856
0.600474
5.17586
0.290886
3.45637
0.038452
0.0306698
3.44725
0.0777903
0.0874717
2.74469
0.101398
2.4168
3.4947
0.087546
0.210685
0.835059
0.0970205
0.557002
2.79876
0.860388
3.48446
0.0394457
0.0425048
5.68147
0.0652054
2.70358
0.318766
0.0395869
2.84693
0.117646
0.032051
0.619347
0.138379
0.0348862
0.78227
0.706744
0.592704
1.18253
0.00326939
0.0735435
2.64329
0.0642573
0.106536
0.145753
2.39614
0.115752
1.38289
0.0978194
0.0411019
3.14901
0.0725181
0.054024
1.35344
0.0908007
0.08083
2.67036
0.0828623
1.51907
0.0787952
0.441335
0.756632
0.734738
0.098221
0.0974371
1.28369
0.0643254
0.0933736
0.704413
0.0779155
0.130114
0.0323524
3.98723
3.71088
2.48785
0.0350863
0.614442
0.0800446
3.811
0.852038
3.65603
0.670141
0.154287
3.57506
3.92254
0.0722772
0.138076
0.310795
0.12129
2.95759
3.92719
0.0467797
0.857531
0.0830221
2.72945
2.2808
0.102605
1.13262
2.99722
0.101075
3.46386
0.0254443
5.20624
0.0724168
0.156653
0.090864
4.13099
1.16002
1.18893
0.0426649
2.38042
2.47204
3.97807
0.0371357
0.094901
0.553293
2.64885
0.0699006
1.03397
0.0842902
0.586203
2.91354
0.0671035
0.603378
0.0401413
0.0666719
0.371572
3.2708
0.163854
1.22634
0.0469667
0.0708482
3.31856
3.67574
2.70595
0.172215
0.386384
0.881589
0.516617
0.164146
0.0815105
0.0390145
3.33387
0.0974414
0.0860422
1.29092
0.156255
0.115256
0.0926957
0.112215
1.44009
0.102924
0.0447085
0.631659
2.52093
0.0657917
0.0638577
2.87501
0.367502
0.0132065
0.125087
0.757345
0.0512118
0.0939331
0.0676896
0.341918
0.0760037
0.0843876
1.17978
0.0470543
0.138938
0.23356
0.52159
0.0526522
0.0950022
5.2902
0.12831
0.0367083
0.0677443
0.0921066
0.148462
0.0540875
3.0112
3.98653
0.334573
3.21715
0.0391826
0.0304411
0.0366715
0.0252728
0.127039
0.0413
0.555595
0.152546
0.0422665
0.0920531
1.28876
0.58059
0.158475
0.644547
0.0978736
0.0810186
0.0459378
0.229745
0.842306
2.98213
1.44705
1.20647
0.0240398
0.0688301
0.0175698
0.159897
0.0668005
3.69933
0.0666023
0.533445
0.0675876
2.81303
0.846472
2.71282
0.00467424
0.0376094
0.0371498
3.90534
3.53049
0.552442
0.513887
0.0504773
0.0685553
0.0704635
3.18057
0.00789881
0.0596098
1.08574
0.061807
0.125939
0.069884
0.0341162
0.522073
0.126754
0.0489442
0.072109
0.186377
0.0880528
2.08939
3.59553
0.0662859
1.29598
0.0780164
2.75608
0.0404154
0.0967256
0.0719224
0.0470404
1.3302
0.0871454
0.0951786
0.042769
0.313461
0.0511382
0.14903
0.128276
3.41741
1.29028
0.465222
3.97249
1.39909
2.41618
2.87875
0.0662594
0.0362562
0.037645
0.000570618
0.0941037
0.703946
0.118796
0.0605002
0.561203
0.0744625
0.0672562
0.421794
0.0757824
0.0708578
0.0414237
0.467346
0.712519
3.93323
0.0688614
2.77204
1.15496
2.15644
0.547344
3.9606
3.47303
2.94429
0.0377467
0.105129
0.00449894
0.287543
0.0820401
0.892608
1.92494
0.0903243
1.13626
0.785982
0.0494013
0.0406663
0.0760647
3.87255
4.88995
0.0542706
1.27785
1.47869
0.543186
3.02584
4.53939e-05
0.0692799
0.4313
0.00622847
1.82061
0.88083
2.96782
1.47998
0.0311424
1.48805
0.036034
0.00166878
0.536734
0.107372
0.156231
0.0652083
0.0796739
0.543733
0.105471
0.0363286
0.0841271
0.0925183
0.405924
0.0938443
3.25047
1.36607
0.100185
0.934334
0.122323
0.875049
0.0900607
0.082434
0.12076
0.64781
0.544444
0.00737706
0.123074
3.50175
4.72568
1.02145
0.0852487
0.777075
0.819888
1.35807
5.31526
1.06061
0.184077
0.104994
3.14122
0.0279858
0.0374406
0.236005
3.01874
4.96726
0.0620657
0.0665224
2.63695
0.0349861
5.02539
3.09723
0.117876
0.0614985
4.64263
1.94318
1.96028
0.081909
0.0617527
0.0227295
0.7415
1.1429
0.0787338
0.0350948
0.0592859
1.00539
0.0912933
0.447111
1.96618
0.068515
0.0708828
4.70265
0.0705449
0.596051
0.0640105
0.617744
0.0757108
0.044718
0.830581
0.124953
0.0925652
0.080306
0.34647
0.601164
3.87105
0.0439606
0.0716991
0.0804843
1.25255
0.861173
5.2927
0.036176
0.642223
1.37068
0.000983718
0.0320669
0.0785082
2.5481
0.0804904
0.982636
0.120908
0.00247883
1.11214
0.101005
3.90405
3.29503
0.719154
3.23958
3.35218
3.8465
0.0711114
3.11871
1.17717
0.114554
1.19707
0.062438
0.0798992
0.866412
0.0858961
0.183915
0.566552
5.20175
0.0358207
0.0295769
3.10758
0.157691
0.107074
1.28265
2.05194
1.221
0.0850287
0.269007
3.98368
2.94261
0.924142
0.569543
2.47088
0.167496
0.0352856
0.705299
2.61086
0.0775987
0.376619
0.116325
3.11586
0.126296
0.923347
1.90701
0.00634315
0.0686785
0.0864745
2.74617
1.25596
2.90814
2.19878
0.162439
0.408797
0.569307
0.204604
1.8785
0.491739
0.063956
0.0973131
0.0860717
0.0239775
0.811225
2.80841
0.0466531
2.78145
0.129809
1.25201
0.0755837
0.0600683
0.0364617
3.82804
2.84588
0.346776
0.595997
0.0604333
0.045341
1.53132
0.0683117
1.26691
1.05081
3.48498
0.0645026
0.315288
1.55089
0.109642
0.15112
0.0992162
3.53205
0.0921044
0.168617
1.25337
1.31014
0.0427348
0.205493
0.0689346
0.123127
0.0488344
0.0504553
0.532944
0.0450834
0.303257
2.70354
0.86426
3.71994
0.0887649
0.276296
0.749053
0.0294341
2.00991
0.0753857
0.104215
3.44246
0.119037
0.416516
0.166041
0.0305506
2.41881
0.0716662
0.319094
0.0321836
1.21084
1.31977
3.40771
0.0393703
1.10149
0.0627095
0.360555
0.112046
2.95635
1.00367
0.283992
3.00967
0.0821778
3.53087
0.0810713
2.26585
0.108761
0.0369507
0.0902096
0.962759
1.37315
0.0467989
0.0847463
0.890156
0.0601233
0.0892388
0.0417623
0.0293101
0.106091
4.03801
0.138567
0.0893329
1.45236
0.345714
3.83345
0.0216752
0.100152
0.059246
0.168033
0.157586
0.0784059
3.89472
0.183845
0.689426
0.0616466
0.214318
0.809807
2.82149
0.0810063
0.0802695
0.113579
0.152508
0.0680346
0.385729
3.70193
1.42756
0.588881
0.0570514
1.56033
3.53101
0.284419
0.86303
0.113395
2.10672
2.78725
3.66889
0.0786291
0.0823154
0.229864
2.90132
0.165665
4.90427
0.146558
0.433712
2.71821
0.0304475
0.10479
0.109827
0.0716527
0.067019
0.10006
1.97196
0.0672148
3.12917
0.0759522
0.0632453
0.0444154
0.0689977
0.535716
0.0733261
0.895743
0.818145
0.0670916
0.133743
2.20744
2.64555
0.0626874
0.0743286
0.127029
0.414216
1.04851
0.259785
3.32952
0.0498095
0.0731105
0.545781
0.0743115
0.31523
1.53011
0.0652413
0.0440394
0.00809946
0.131357
0.938835
4.62034
1.07742
0.0746635
0.247326
0.0672964
3.73325
3.82719
0.0822871
0.0722249
1.15183
0.0774848
0.0495481
2.19509
1.9655
0.132472
0.0743191
0.0463137
0.495718
1.9721
0.0574342
0.0367257
1.87786
2.77834
0.00114124
0.0619212
0.0449776
0.131138
0.403879
0.534071
0.0800236
1.32556
0.0837228
0.11041
0.0617036
0.533544
0.0575528
3.50634
2.71264
3.48643
1.83364
1.10686
2.40908
0.0656909
3.52104
0.568694
0.0426298
0.248595
0.0541379
0.215005
0.0773222
0.0699509
0.0444161
3.34748
0.0317339
0.325353
1.52585
0.106203
0.279234
0.370156
3.65267
0.018913
3.6704
2.97293
0.104008
0.0512029
0.247082
0.302497
0.215729
1.08571
5.0104
0.11373
0.0433661
0.0783355
1.05262
3.76816
0.12195
0.133314
0.0319049
0.0607444
0.0968142
0.401496
0.071927
0.124959
0.241224
2.46825
0.0832755
0.260761
3.75216
0.100204
0.298208
0.229463
3.2913
0.311551
0.339761
0.535518
0.0871248
4.36422
2.6894
0.0664179
0.772742
1.34008
0.0788679
0.111269
0.117766
1.20439
0.0630679
0.594403
0.0821902
1.52562
2.43816
0.790491
2.35933
0.163225
0.0936506
0.911915
1.055
0.120066
0.136622
0.083659
2.78281
0.118341
0.274815
0.0530326
0.152614
0.693152
0.0668969
0.0463644
0.0607059
2.98956
0.869649
0.0672645
0.150794
0.0654734
0.0734515
0.0910147
2.3928
0.140413
0.874997
2.98131
0.720239
0.00221349
1.10615
1.87578
0.857467
2.17572
0.21107
0.862055
3.42775
2.97109
0.0162615
2.61906
0.079324
4.23031
0.455677
0.0701423
0.595098
1.28131
3.829
0.798217
0.291372
0.0819631
1.23007
2.78952
0.291514
3.46101
0.151577
0.85621
0.0768555
2.79689
0.340829
0.0386402
0.0930568
0.838191
0.0513153
0.153405
0.822801
0.0690669
2.27508
0.0320986
0.0910837
1.3875
1.19482
0.137205
0.534086
1.41905
0.158784
0.613802
0.345531
0.0871714
0.373476
0.0370817
2.24583
0.675418
0.035622
3.99164
0.0806209
0.521623
0.324888
0.106543
0.0542888
0.497891
0.850618
1.21485
0.0477778
3.69468
0.0582558
0.598481
3.84969
0.450867
0.143886
1.09022
0.119998
0.0702148
0.00424579
1.23828
2.88466
0.079652
3.37039
0.262061
0.093796
1.06038
0.102346
0.081805
0.618408
0.130952
0.0707596
0.234607
0.065276
0.0978933
0.139147
2.38857
2.80205
0.177683
0.0760995
0.0456465
0.64264
3.73052
0.0713591
0.0529012
0.267755
3.50758
0.0597829
0.963621
0.61243
0.0379888
0.555448
3.56966
0.0668358
0.205603
0.0737064
0.38897
0.0601058
0.067976
0.136861
0.448458
2.85569
0.0305523
3.33913
0.0427081
2.87554
0.0916727
1.10613
0.505223
0.897457
2.40152
0.11424
0.626344
0.155749
0.127828
0.132916
2.7011
2.73425
0.0863494
0.0842654
0.391368
0.132189
0.0830485
0.0335835
4.01197
2.98684
0.830684
3.4848
0.145471
0.0394845
0.688137
0.202867
2.29728
0.0293241
0.11165
0.0372089
0.0908351
0.0758173
0.0813177
0.0810464
0.433247
3.84141
2.84017
0.0737906
0.281236
0.700926
4.02569
0.0818202
3.63338
1.96058
3.06765
0.116483
0.843406
0.0458665
0.145817
0.107068
0.10823
0.0658783
2.32715
3.56287
0.123851
0.302441
0.822895
0.295463
2.63251
4.11754
0.0806011
0.0396806
0.0873682
0.254147
0.781415
0.0333993
2.5759
0.725899
0.0907504
0.137068
0.143066
0.510902
0.152233
0.0521602
0.0843872
0.0601727
0.156177
0.612945
0.136167
3.45444
0.11836
0.0904652
0.276635
0.124986
0.0610645
3.64916
2.69856
0.0953638
2.89677
0.0698473
1.11581
0.119542
0.155961
0.0654668
0.0422871
2.76633
0.105315
0.133157
3.3357
2.30562
0.0660219
0.0747238
0.0720436
0.140191
1.44093
0.0381998
0.0811523
3.53995
0.0819224
0.0703832
0.122168
2.99959
0.0900084
2.91471
2.21941
0.0445618
4.43377
0.131329
0.0296206
3.92531
0.421942
0.0672564
0.000704509
0.53033
0.130179
0.164224
0.037321
1.30962
3.07179
0.0882836
0.0392523
2.71512
0.0916067
1.07508
0.849063
0.0954755
0.784447
3.73386
0.0657822
0.721469
0.0859147
0.119466
0.147068
0.0749673
3.39534
2.61999
0.0935154
0.0724771
3.26077
0.0982994
0.153321
0.13257
0.742177
1.08832
0.0376723
0.0639261
0.0728872
0.0667922
0.0367388
0.00166874
0.111283
0.145926
3.28716
0.541266
0.072525
0.994817
0.128423
0.946561
3.82284
0.959879
2.87029
0.121829
0.00174848
0.557376
0.149928
0.088141
2.39577
0.110573
5.2292
2.72944
0.542396
0.112288
3.99091
0.0377971
3.04429
0.0773677
0.0761452
3.50388
0.353413
0.948185
0.0944556
0.0694241
0.0363618
0.126009
1.41213
0.944456
0.0906505
1.80926
0.434537
2.69501
0.0301549
3.87775
0.0961868
0.0742616
0.335324
0.0788773
0.524611
2.94354
0.677058
0.0430026
2.15708
1.3245
0.264475
0.846752
0.648294
0.0192695
0.588829
2.98982
0.0680976
0.067603
0.0711636
3.33782
0.0837672
0.0307312
1.28255
0.627512
0.28166
3.92171
0.774072
0.24631
0.268624
1.2459
0.129141
0.643338
0.0560706
0.0861664
0.0715519
3.42341
0.102119
0.955445
2.82483
0.0309361
0.914796
3.35833
0.0887183
2.77637
0.0670477
0.61472
0.146518
0.0330237
0.122647
0.0722336
0.0493399
0.121577
0.0919462
0.09133
0.10451
2.37706
0.651653
0.0937903
0.601275
0.0612996
0.0836236
0.061436
0.0904835
0.117193
1.54587
0.0282912
1.31797
2.70261
1.51044
1.034
0.21687
0.129316
3.50084
0.0742748
0.554483
0.0958989
0.0662026
0.187769
3.04461
0.110075
0.0716066
0.0616848
0.220786
0.159323
1.4876
0.615611
1.12017
2.26985
0.0771319
0.0527704
2.08427
0.0742921
0.101128
0.0426193
0.165179
0.0440583
0.0654638
0.119741
0.029513
1.0862
2.86566
1.00502
0.142187
0.0710136
0.897079
3.03601
2.64805
0.0398526
0.087824
0.706271
0.0639927
0.0353297
0.128751
2.76637
0.765823
0.060793
0.0675985
0.113604
0.0364328
2.76673
0.0487097
0.0958532
0.0997388
0.0898268
2.73897
0.0797428
1.54118
0.0981474
0.107871
0.0347623
0.0489279
2.96361
0.419732
0.0575842
3.60326
0.742206
0.623993
0.041748
0.0735793
1.21507
3.82482
3.90883
0.0693963
0.850805
0.0787657
0.0686586
3.29187
2.63848
0.0316965
0.0150698
1.03068
1.45196
0.0698146
0.0341876
2.81552
0.0705286
0.181291
0.173691
0.096057
2.34289
0.0772029
0.0809645
0.0965543
1.8584
0.0685083
0.0403289
0.0661901
0.106985
0.226863
0.118838
0.508725
0.778254
0.707708
0.103628
0.0951119
0.067119
0.0407889
0.0941067
0.0798266
0.62456
0.0837092
0.106136
0.272159
1.53359
0.0517952
0.0322652
0.0938275
3.65527
0.0874372
0.8842
0.0269258
0.0737348
0.00705815
0.0968983
0.0818908
3.64592
0.104947
0.0474071
0.352467
0.0696161
1.33966
0.0879953
0.0675621
2.9817
2.9855
0.0344666
2.80894
0.0733644
1.01415
1.37626e-05
2.38617
0.0516887
1.21819
0.0736149
3.08287
0.543545
1.07131
3.23548
4.13204
0.101919
3.47659
0.0470659
0.0341443
0.0797298
3.04679
0.171953
0.038858
0.713435
2.64183
2.02998
0.156093
3.7503
0.0350829
0.143121
0.0662462
0.498639
0.133741
1.64632
0.082014
0.104181
0.0735859
0.0298964
0.145292
2.36505
0.0637148
0.0737512
4.02439
0.608925
0.0343501
0.18573
2.97105
0.100885
0.085167
3.34558
0.158899
3.90975
1.2402
0.0719782
0.408537
0.823085
0.0381954
0.138412
0.0595567
0.0348006
0.152769
0.142388
2.79486
0.0405447
0.842738
0.273142
0.0843998
2.94689
0.999975
0.134005
0.0730001
0.0303644
0.0466241
0.0349725
0.710799
1.77448
0.0646795
0.0798149
0.0959592
1.08632
0.118572
0.855475
0.111806
0.0716604
0.11319
0.128677
1.17685
0.114853
0.597502
1.11691
0.000173725
1.32361
0.0981901
0.846476
0.522504
0.0805881
0.0760176
0.137334
0.0520147
0.126485
1.15764
3.46932
3.06917
2.71653
0.749724
0.00504589
0.0342807
1.24447
0.0435444
1.40247
3.95596
0.0782119
2.76826
0.85609
2.62633
0.100813
0.0432608
0.0803845
0.0691038
2.21811
0.0634872
2.91665
0.256898
0.146633
0.0347298
3.3594
1.14592
0.0952407
0.0493549
0.257617
0.125014
0.0783021
0.730642
0.830177
0.0526959
0.0487615
3.02651
0.0713575
1.08402
0.110188
0.0863101
0.150532
2.59797
0.00584472
0.0438512
0.0631962
0.059628
0.262462
0.0478852
3.03942
0.332572
0.037567
0.102225
0.0541218
0.770446
0.211697
0.0307185
1.53081
2.99971
0.0976462
0.913492
0.0723684
2.67523
0.618974
0.147341
0.22322
0.0778933
0.0413691
0.0439257
0.54929
0.636976
0.068147
0.246154
1.25725
3.2395
1.21831
1.01934
0.237996
0.086468
3.00458
0.114455
0.0717256
0.0403908
0.156662
0.923743
4.00457
0.135246
0.808923
0.0962471
0.675282
4.28538
2.8964
3.17044
2.8489
2.47008
0.186216
0.146694
0.0918065
0.567055
1.48093
0.0492757
0.691062
0.0406928
3.36543
0.0844905
1.20978
3.52061
3.0259
0.0859838
1.14906
0.399538
3.21233
3.08852
0.0315796
0.0325266
0.0586473
0.0747585
0.050755
1.30391
0.0945272
0.0043557
1.05011
0.0445773
0.117806
0.596727
0.133709
0.107675
0.91593
3.8757
0.409273
1.17802
0.0445315
0.081086
0.062008
3.09321
1.12049
2.94357
0.0699103
0.0705249
0.134182
2.81702
0.424745
0.667201
0.0780306
4.01793
0.0448963
0.0365862
0.527663
0.00607227
0.093487
0.0971486
2.44946
0.0764446
0.114733
3.74397
0.124239
0.0641622
2.90282
0.0656177
1.14941
1.17248
0.0325064
1.55443
0.0730447
2.89317
0.073117
0.973513
0.089126
0.0240844
0.0719343
0.0774806
0.0810279
0.18826
0.0806787
0.642506
0.0449342
0.0689722
0.102793
3.65757
0.0835561
0.194985
0.13232
3.76512
0.0648332
3.27854
2.14271
0.0666137
1.5903
1.11707
0.981897
0.94274
1.18804
0.0274273
0.0830362
1.11484
3.15073
3.33484
1.06947
0.178993
0.054373
0.35
0.0301077
0.302956
0.0417401
0.147638
0.0619657
0.0825187
0.935622
0.078066
3.1912
0.0655017
0.0426617
3.57267
0.0317263
0.615792
0.0299463
0.0411386
0.0541405
0.049102
0.0426353
0.0433812
1.62255
0.583011
0.049629
1.36884
3.65398
1.36523
0.0425196
0.438186
2.99942
3.6261
2.28222
2.58617
2.91449
0.0434058
0.00812814
0.115494
0.420236
0.886202
3.63716
0.0653787
0.0447889
0.188805
0.0746
1.03912
0.0996385
0.709981
0.0861218
0.0335469
0.0311019
3.07413
0.0444011
0.840482
2.6646
0.444352
0.366318
0.128455
0.0758398
0.0586153
0.0459467
1.25452
0.0826372
0.0984125
0.244074
0.14844
0.21221
3.00744
0.83456
1.84933
3.1482
2.88268
2.25264
0.280611
0.0787047
3.26583
0.284039
0.102399
0.684099
0.0851758
0.155968
0.078157
4.28638
3.61823
0.0534159
0.065612
0.0754093
4.00949
0.0553593
3.41879
3.25224
0.834412
2.47825
3.13951
1.11852
3.769
1.09984
1.16917
0.831191
0.833594
3.03554
0.889972
0.081525
3.76891
0.0661221
3.67547
0.0538925
2.74996
0.111736
0.0631579
2.1952
1.13553
1.93297
0.0400394
1.98607
0.0938993
0.0947677
0.0347217
0.0388677
0.0727842
0.0739366
0.0359757
0.157381
0.525205
0.102179
0.0659352
0.0666654
0.0600866
2.03728
0.0645489
2.39056
3.68285
0.106479
0.828709
0.0851859
1.05022
1.34644
2.66763
2.95925
2.84521
3.79179
1.04973
0.0670404
0.0806261
0.0404591
0.0648411
0.0712089
0.0585968
0.142713
0.774935
0.903759
1.20343
0.827369
0.0732152
0.091286
0.109108
0.148992
0.132214
0.406594
0.0844029
0.302101
0.0760006
0.235005
0.0390475
3.82391
1.2472
3.52432
0.17092
0.294229
0.0353607
3.03113
0.0322032
3.28883
0.120211
0.0654686
3.17944
3.21339
1.31045
0.0700568
3.92274
0.0659706
0.0548044
3.60901
0.129839
3.34007
0.100156
0.0933336
0.0417866
3.82395
2.05213
1.26672
1.86427
0.914371
3.64802
0.0529005
0.0796991
0.124804
3.08326
0.0361237
0.0624496
0.0344459
1.17889
3.98701
3.3009
0.0407018
0.0541443
0.0814793
0.0353883
0.858698
3.86454
0.755037
0.0727711
0.0670683
4.113
0.266568
0.0492591
1.11894
0.80789
0.0340098
0.103976
0.0760224
0.189976
0.0675901
0.0375758
0.738612
0.0329377
0.0897899
0.070928
2.27716
3.99581
0.185606
0.79848
4.00822
0.0819587
0.0586487
0.515616
0.135462
0.0122563
0.324545
0.157223
0.408393
3.68619
1.10859
0.238774
0.0869244
0.0862038
0.0858692
0.0311772
0.103158
0.0463147
0.12843
0.0849889
0.0777267
0.0597687
0.0192953
0.0394259
3.07559
0.088452
0.0522499
0.523293
0.122858
0.0495347
0.10942
0.0583198
3.05097
3.62133
0.0608054
1.57995
0.106371
0.032142
3.80984
0.00235773
0.0139192
0.661795
4.12576
0.931324
0.144627
0.0959424
0.878399
0.00378599
0.0694778
1.17939
1.31314
3.94955
3.37716
1.68802
0.445398
0.0544088
0.372389
0.900189
3.55259
0.0451857
0.192818
3.38392
0.30897
1.47203
0.221007
0.087376
0.000633841
0.140242
3.65777
0.0845717
2.89244
0.412363
1.50925
3.89132
4.14617
0.00134902
0.889906
3.18299
0.0414195
0.0618624
0.0982208
0.819939
0.097058
0.118225
0.0333657
0.850027
0.0520409
0.0320869
3.28484
3.04887
0.0252461
0.0940208
0.0623227
2.73545
1.03151
3.78965
3.0457
0.071816
3.32837
3.95339
0.805724
0.495474
0.066928
0.0414748
0.0978021
0.0890285
3.27356
0.0303813
3.67325
0.111034
3.20217
1.07567
0.29686
3.71548
1.20897
3.65658
0.0730111
0.0395879
0.050095
1.07308
0.0492743
2.99544
1.63477
1.53479
0.0681085
4.17842
0.205877
0.672124
0.116558
0.032495
0.0997085
0.0458337
3.79481
1.49469
0.0989885
1.3067
0.0661244
3.87643
1.12411
1.46973
0.131175
3.93894
1.50711
0.0661855
3.86627
3.99971
1.44358
4.30941
0.803442
0.0294936
0.114593
1.51343
3.58539
0.0309238
1.28618
0.98166
0.0435116
0.0613025
1.5088
1.48852
0.0706475
0.0385532
0.50564
2.40521
0.0835758
0.912108
0.775367
0.401566
0.255069
0.0825965
0.164114
3.12009
0.0388772
0.0326004
1.11908
0.600638
0.0769863
0.0884529
1.41342
0.925841
4.12736
1.26688
0.0777435
3.89622
1.36719
0.0424457
3.04905
0.0399995
0.0983803
0.0631412
0.0658472
0.0911861
0.0337807
1.35592
1.52572
0.155641
0.107141
0.0378348
3.50715
1.51307
0.0517583
0.568925
0.0305797
1.05327
0.0724554
2.57329
1.18881
0.036994
3.41319
2.87144
1.23052
0.0427222
3.96289
0.0397047
3.78593
0.919502
1.29486
1.4569
4.10758
1.08237
0.121911
3.81141
3.89051
0.0775489
0.121855
2.13647
3.07232
0.0372294
0.0688397
0.0325713
0.0787904
3.98276
3.33674
3.5285
0.0896235
0.0317727
2.35716
3.41389
0.0571804
0.0850443
3.26152
2.6771
3.35151
0.0305251
1.26213
0.462728
0.141998
3.55203
0.95191
3.06017
3.86089
0.0688712
0.0386985
0.0744516
3.9019
3.02338
1.00255
3.64141
0.0819263
0.0571943
3.16843
0.0850949
3.56932
2.9457
3.04295
4.97676
3.33872
0.0678935
0.0170047
0.222208
0.656354
0.0393206
1.05934
0.0587125
0.0149186
0.980997
3.35493
3.03206
3.4287
0.084237
0.0388434
0.106596
1.10402
1.17568
0.0581625
0.362166
0.0684966
0.0865169
0.0389449
0.0347375
1.23748
0.0773681
0.141062
1.03648
0.0673208
3.90102
0.0777857
1.39388
0.81191
0.794852
0.155057
1.27666
2.7485
3.29365
3.50418
3.5621
0.059306
1.14879
0.0692839
0.117657
1.13111
0.0500562
0.539125
0.0398159
2.94177
3.74411
0.074171
3.2255
0.326375
3.21024
3.99199
1.26831
0.0722383
3.26156
3.72553
0.0370524
0.527461
3.64648
0.887891
2.20188
0.0329216
0.690819
0.0715014
0.000341272
1.14627
0.0978097
0.0420421
0.000261354
0.000775111
2.95732
3.90289
0.0466889
0.0374145
3.12226
0.0691197
0.0299439
0.232981
3.91811
1.44649
4.00801
0.0500364
0.402
0.761914
0.574545
4.14392
1.30081
1.31097
0.0764362
0.986991
1.18149
0.698193
4.22037
0.226436
1.59062
3.93194
0.0482561
3.16656
1.3722
1.34485
0.031919
1.3204
1.21675
1.28737
0.182285
0.000304986
0.000489011
3.90557
3.95338
3.55966
3.9249
0.0329119
0.0326084
0.0406736
1.34292
3.99259
3.23157
0.0569059
0.17953
1.40316
0.896695
0.885362
3.579
3.97466
1.5341
0.064505
2.66856
0.0820246
0.116062
0.0878947
3.73373
3.60805
3.41578
3.33573
3.45882
0.127507
2.39527
1.33694
0.843518
3.73002
0.300358
1.10073
1.22839
3.84954
0.00142003
0.000235623
0.12097
3.69535
3.03394
0.0661086
3.12288
0.0675733
1.1464
2.96153
0.0653226
1.43409
3.65789
2.90823
1.37755
0.852422
3.67395
3.81878
0.0107819
1.56045
3.90179
3.9175
3.69639
1.16312
2.43878
4.3896
3.26618
0.0637582
0.0319685
0.0900262
3.03942
0.395746
2.17317
0.699775
1.56495
1.47331
0.0572182
0.94262
0.0316951
0.0707932
1.26213
4.1692
1.49114
0.447662
3.80768
0.95842
2.55443
1.13269
1.01432
0.189262
3.79955
0.0850447
0.086125
4.08432
4.10389
2.552
2.60811
1.32122
4.08927
3.69195
3.99827
0.0308558
0.0799443
0.79151
0.91337
0.962175
0.0357706
0.608252
3.09982
0.0623581
3.33735
1.49045
1.51266
1.36734
3.80549
0.0703766
4.05332
3.92414
0.862463
3.6627
3.79143
0.113452
1.49877
0.0683056
0.0503155
2.58953
3.57633
3.07351
3.8278
1.4864
1.49994
4.14417
1.28444
0.0356968
0.930594
1.45452
0.0294467
0.145507
1.11132
0.27117
1.18039
0.0578802
3.46111
0.0344311
0.0642516
3.57915
1.40662
3.11533
0.940231
0.88513
0.12237
0.0710651
1.46631
0.667777
0.0614712
0.0558229
0.772994
0.70965
3.13144
1.22553
1.14823
1.53652
0.0740734
0.0629474
0.0433894
3.96788
0.0435082
3.28633
0.393088
2.81136
2.90814
0.579617
0.0359775
0.0593974
0.748095
0.0352889
1.10167
3.82136
3.6119
0.0489375
0.117389
0.225857
3.98147
0.035371
0.116725
0.0438687
0.0925904
1.01304
0.0606257
1.46141
3.05141
1.34649
1.95035
0.0525946
4.1406
0.0906931
0.678602
1.53014
3.40429
0.143901
1.54526
3.73926
0.0531377
2.99266
0.010353
0.0302862
0.207706
3.10393
1.51548
0.344316
0.166752
0.860396
0.103695
3.37305
1.2068
3.36883
1.14305
1.24569
1.19605
1.1722
0.0385284
0.0653499
0.10702
0.130185
0.0134322
4.62671
0.078213
0.035386
0.450877
0.249719
0.0414322
0.0699581
0.0547555
1.17133
2.27014
0.0611694
0.977484
0.0568704
0.125256
1.61675
3.97995
3.36308
0.253592
0.074384
0.0548072
3.44057
3.63169
3.64418
0.0343838
1.32878
0.117826
4.37967
3.43639
0.0524405
0.0670802
1.57251
1.18151
1.32581
1.16704
0.0249182
0.033569
0.213341
0.0598396
0.0964137
0.317254
0.85505
0.649327
2.75753
3.24852
0.114233
1.42462
2.23832
3.4298
4.10543
3.5535
2.87967
0.0479753
3.21913
4.02242
1.24653
2.53861
1.42468
0.147301
3.75231
0.5731
0.71593
0.0339621
2.85818
2.91166
0.0305637
3.19313
3.37202
0.0187833
1.18423
1.16959
2.21869
2.14527
1.31598
0.244053
3.99975
0.425786
3.663
0.225606
1.19277
3.38179
0.0569561
1.38026
0.186491
3.29807
0.0346316
0.556489
0.815933
1.55187
0.438029
0.945935
0.929312
0.000891556
1.12078
3.74801
1.29733
1.18789
3.96413
4.49672
3.736
0.0329548
0.0314932
1.24072
0.0828878
0.968678
4.07012
0.159413
4.09406
0.0701649
0.650431
0.0571259
0.0560991
3.86816
3.89985
0.155178
1.76895
0.266458
0.0963591
3.0335
0.11894
0.387084
0.574827
0.510902
0.267372
3.34004
0.104918
3.59978
1.53395
2.70332
0.0040655
0.0355307
4.4631
1.19708
3.18902
2.39252
0.884289
3.25881
4.40477
3.10672
1.90825
3.43845
2.46789
0.072396
0.282645
3.4034
1.55296
3.98431
4.70621
2.92994
2.09867
2.10981
1.43121
0.110092
0.00148004
0.301992
0.944663
3.44917
0.0862158
0.598073
0.0186924
1.18403
4.06111
0.978277
0.323381
1.84379
0.0530387
0.0444853
2.53285
1.52674
0.0999113
0.0776414
0.1021
0.816688
4.19222
0.881557
3.38826
1.15284
3.97541
0.863124
1.61982
2.14028
3.04957
1.06208
2.91232
0.0572546
2.58075
3.5496
0.0491893
1.33528
1.22578
0.0679511
0.0315498
4.66472
3.28045
4.50777
1.47649
0.0645627
3.13624
2.36702
0.557006
0.071431
0.000458752
0.000102047
0.0708223
0.0376118
3.4201
3.74075
0.0785583
0.224231
3.43901
0.866713
0.787694
0.0648913
0.340328
3.24729
1.46475
0.906735
3.31965
0.905389
3.76276
4.08677
0.0663462
0.359774
0.0301284
0.144776
0.060589
0.177652
0.0855735
0.909255
0.517649
0.0361049
3.72392
1.01572
3.02195
3.42109
1.18255
0.877305
0.027808
2.95407
2.24133
0.0930958
0.256272
0.0595755
0.0309963
1.06157
3.61515
0.0283924
0.150512
4.12054
0.000135739
4.4595
3.81047
4.01454
0.0726681
0.0831945
0.474886
0.881624
0.0643671
0.610408
3.53041
0.000668898
2.17722
0.0370878
0.0324305
0.226047
1.0533
4.08312
0.240547
0.306431
3.91625
3.25301
3.93148
0.220908
0.0598263
2.02324
3.74395
1.33534
0.0918047
0.0304055
0.265449
0.871844
0.0347711
0.304298
3.67171
1.13155
0.0814944
3.44667
0.89018
0.294381
4.58553
0.000780889
0.05724
0.0337112
0.0934729
4.90691
0.0389775
0.143229
3.9825
0.000893749
3.44303
0.0307813
0.0858029
4.11262
0.000409663
3.79611
0.364306
0.2703
3.09358
3.59342
0.124142
1.71661
0.326348
1.62103
2.90556
0.0359986
0.0915231
0.892695
0.107277
2.77836
0.0462834
0.0327818
0.0660874
0.00115291
0.419476
0.0431696
0.0335795
0.0319745
3.11614
0.0467152
1.32105
3.0068
0.0851688
0.144642
3.97166
0.0329232
3.8158
1.38145
2.10535
0.796951
0.0261119
0.0657553
0.0890507
1.36832
0.0343746
3.58953
0.0788085
0.0195306
0.00964896
3.99397
0.586269
3.85069
4.92555
4.12178
0.0137904
3.89655
0.389481
0.582407
0.0784636
0.069174
2.92587
4.36604
0.919764
3.04383
0.166198
1.30788
4.73105
0.745064
1.07818
0.0809755
0.0140354
0.0657966
3.48306
0.14207
4.00928
0.212711
3.17016
0.0706243
0.388602
0.0396956
0.0303831
3.5215
2.48963
0.109936
4.63487
4.92227
0.0295026
0.894465
0.952516
3.82396
3.77906
0.867161
0.917195
0.0307642
0.0334279
0.36516
0.071927
0.496473
0.086859
1.90238
1.2834
0.0305344
0.357917
3.10924
4.04798
2.09101
0.0405934
3.03892
0.0306847
3.58262
1.10341
0.0760863
0.0715519
3.36253
1.04077
0.0456081
0.0410286
2.9602
0.0697392
1.01441
4.73581
0.0397574
0.0467028
1.61602
0.561271
0.562942
0.000326799
0.0812813
2.42671
0.889847
4.26907
0.0498684
0.0310639
0.349605
3.90513
1.34333
0.203958
1.2038
2.81201
0.0971735
0.0575061
0.82873
0.0539794
0.303752
0.15192
0.791618
0.144952
3.99474
0.566991
0.244095
0.868887
2.46316
0.2355
0.903738
3.80028
3.18129
1.11096
1.50981
1.16622
1.16118
0.880631
0.0792348
0.858141
0.954866
0.136297
4.41925
1.24482
3.49892
0.0706217
1.05314
3.62578
2.86431
2.26253
0.764784
0.0460933
1.56591
0.0282858
0.938279
1.43005
1.43251
0.782333
3.27692
0.95416
2.74523
0.057923
0.226008
0.058046
1.10018
0.508423
1.19174
3.98187
4.44749
0.88137
1.85575
1.21601
0.713222
0.0406299
0.00214501
0.896704
0.21333
0.0924754
2.79831
2.55854
0.0732446
0.694071
0.181602
0.275665
0.885807
0.70437
3.58417
3.77561
0.0986954
0.063835
0.758511
1.33071
3.27945
3.09548
3.82301
2.88885
0.0314156
0.0730539
1.26059
3.41439
3.85881
1.27994
0.0420865
1.26984
0.0869794
0.0418168
1.37596
0.154138
1.41002
3.14335
0.0913607
1.08255
0.0579585
0.0906068
0.915528
0.859806
1.17477
3.87325
0.142957
1.109
0.0394886
0.842118
3.34989
2.55547
3.11725
0.032784
0.106454
0.0388047
1.37918
0.333868
0.0424247
3.81446
0.0588444
0.0356618
1.24208
1.2343
0.0359748
3.14667
2.20046
0.042304
0.107503
3.98865
0.0348357
3.00809
1.10661
0.0334895
0.0307792
0.0492121
0.640863
3.9698
3.5289
0.0981732
0.038213
0.0706166
0.0728082
0.0329925
2.5496
3.77739
3.98109
0.836161
3.69883
0.432944
3.8692
1.37532
1.14933
0.45808
4.09326
0.0895137
0.0795954
0.00818525
0.0881204
0.0740456
0.0450198
1.29279
3.61486
0.0501198
0.175442
1.59864
2.48963
0.227877
2.94139
0.10959
4.02309
0.113116
1.87201
0.0389574
0.0739465
1.00379
0.97367
0.070492
3.33909
3.97151
3.46636
0.43522
0.117948
0.921973
1.1624
0.00257451
3.41537
3.52466
0.827577
0.000217746
2.46973
2.95053
0.188093
2.88154
0.0334714
0.969771
0.136774
1.57389
3.29006
0.165596
0.346552
0.0758389
0.0690101
4.01464
3.16502
0.295551
2.50314
0.0448426
0.000380796
0.999402
1.34572
0.040692
0.0961382
4.02426
0.0342882
1.42611
0.984271
0.072838
0.175712
3.21819
0.849407
2.3682
1.04904
2.40849
0.0446365
0.0265992
4.04866
3.88675
0.0249223
0.00108605
3.7747
0.771545
3.11151
0.928432
2.47449
0.0532516
0.0520507
1.16708
3.99899
4.24629
0.0318741
0.842655
1.00361
2.50016
0.955771
0.0460972
0.107309
2.24362
0.0694568
4.0043
1.24087
2.53103
0.169905
0.0822578
3.7723
1.3211
0.532711
0.0593625
1.07199
1.32378
0.0701979
0.191111
0.932644
1.15231
0.324939
0.0264349
2.61646
0.170724
0.248912
1.53551
0.215467
0.0649676
0.0097766
0.920123
0.771606
3.74359
2.52376
1.28177
0.760864
0.232998
1.39788
0.0998131
0.127781
0.615805
0.0340482
0.0573751
0.0462786
0.306925
3.23349
0.24209
3.92884
0.0729816
2.83491
0.0718132
0.0637256
0.806967
0.0583069
3.50572
0.000330021
0.000103973
2.61095
1.39244
0.0395283
3.30543
0.0759837
2.74866
0.104695
0.0306704
0.309536
0.0735378
1.27918
1.56538
1.14837
3.45331
0.544269
0.0102262
3.00362
3.2498
0.424647
0.0255512
0.0329906
0.641221
0.110886
0.0486932
3.7946
0.0523269
4.02173
0.00342583
0.0506197
0.0833709
0.16562
3.54628
0.401292
0.0907817
0.862609
0.64521
0.0601895
0.0937597
0.0324945
0.0747895
0.26445
1.24412
0.654393
0.993492
0.532468
0.000280012
3.60785e-05
0.0356797
1.46445
0.0660289
1.59461
0.0906551
0.910049
0.0559755
0.14684
0.0659104
0.163431
3.03402
0.0622265
0.0789474
1.28923
3.57948
0.0808434
0.016024
3.26777
0.208703
3.34131
0.0704073
0.378544
1.01973
0.0185973
0.0601303
0.168231
0.000383172
3.17724
3.60408
0.0886861
1.16375
0.218533
4.20714
0.413113
3.41707
1.0429
0.821256
0.563262
0.0752779
8.38976e-05
3.32154
0.0292814
1.89852
3.18924
1.603
0.149875
2.37753
3.56376
0.110567
0.4428
0.106283
3.97142
0.134907
0.0493824
4.09801
0.0260471
0.0601257
3.32808
0.071137
3.10258
0.0479434
0.00310025
1.0422
1.69986
0.185688
1.19272
0.0134642
0.442153
0.00016575
0.0109507
1.46165e-06
0.292383
1.56376
0.148835
1.09805
0.11024
0.0322088
0.175583
0.336078
0.0352885
2.15929
9.68008e-05
2.48324e-05
0.0327567
0.0840941
0.879413
0.0346433
0.675764
0.149225
3.69862
2.89885
0.0516189
1.04734
0.0476679
0.69947
3.00265
3.74469
3.54877
0.107538
0.974728
0.00431413
1.18632
0.104162
0.110402
0.0328662
0.0553839
0.0361521
0.0839385
1.18839
0.030752
3.27685
0.0468
3.89251
3.82421
0.658584
3.21146
0.0374189
1.04248
3.03308
0.503481
0.0524809
0.267495
0.0484214
0.11095
0.0447984
1.28623
0.0458897
1.2207
0.0379616
0.0677125
3.42018
0.0939719
0.0361753
0.0714294
0.0519288
4.03092
0.0754515
1.075
3.47259
1.1372
0.444846
1.32266
0.0279913
2.53451
0.0806192
4.48967
3.77837
0.0515284
0.0678945
3.2877
0.0512948
1.41961
0.796848
0.346601
0.538605
3.34359
0.240259
1.09991
0.0990602
0.616784
0.0231849
3.00095
0.605732
4.24123
1.20191
0.00011665
2.75515e-05
3.5526
0.833183
2.66277
1.48841
0.092123
4.04872
0.028384
0.0969238
3.19322
1.45611
0.0311201
0.478415
0.361497
1.40654
0.0837563
0.794166
0.385426
0.0503975
3.88633
3.51086
0.0329525
0.285182
0.92835
0.679284
0.843139
0.0970493
1.38031
4.15306
0.987698
2.19301
0.0609722
0.0663993
3.78235
3.4018
1.04359
0.0844365
0.0665002
0.555993
0.0275586
3.71585
3.5641
0.087252
0.143294
0.0358498
0.177866
3.21224
1.0786
2.92923
3.74446
0.0987472
0.635438
0.947569
0.00474265
0.832978
3.03769
2.77748
0.824151
3.63999
0.075435
0.0109451
0.538288
1.10474
0.428758
0.51574
0.255069
1.43424
0.306129
0.126465
0.116326
0.0835225
0.136569
0.523802
3.68374
0.577136
3.70424
0.0384915
0.113061
2.82877
3.21854
0.0769021
0.04796
0.985168
0.0598413
0.799032
1.12834
0.0657292
1.33488
0.283631
0.983202
0.592304
0.0599082
0.137786
3.96239
3.43769
0.105313
0.115723
1.33864
3.70713
0.0564191
0.0304277
0.752539
1.29512
0.0656106
3.36578
0.0620579
3.68334
0.0364536
0.0731483
0.234681
0.0462538
0.0288213
0.0898139
0.902561
3.71503
0.243989
0.0383608
1.28213
0.319467
3.74337
0.714348
1.2916
0.0295133
0.509365
0.0957323
0.396375
1.15034
3.60024
0.0289002
0.0445491
0.0710051
0.048881
0.045548
1.03858
0.153415
4.66375
0.925413
0.0331601
0.072091
0.97618
0.717837
0.437898
3.88395
0.383232
1.5307
0.129009
0.165736
0.0831654
0.0449398
0.775927
0.0405451
2.98085
0.0609014
0.192504
0.102369
1.62782
0.352359
3.69705
1.05668
3.68532
0.0748446
0.0355026
0.0522354
0.0432087
3.75357
0.177404
3.91563
0.0371991
0.0327458
0.726493
0.647466
0.0471034
1.18852
0.0237466
0.0310598
2.91811
0.0331688
0.0200398
0.348007
0.461888
0.0627921
1.4152
0.594866
0.507115
0.0680857
0.0381294
0.0600585
1.94212
3.81599
3.47767
0.0314389
0.0436016
0.00337209
0.0354459
0.45785
0.332407
3.46479
2.62667
0.991416
1.09691
0.0465813
0.254888
0.0585934
2.59148
0.0320578
0.797272
0.0294401
2.32205
0.926199
0.248344
3.7299
1.05925
0.04671
0.0294957
3.89547
0.962164
0.0227279
0.0317583
4.16369
0.086502
0.141184
1.54496
4.03101
0.0128786
0.849952
0.0570417
0.0802276
0.281454
0.119129
0.136689
0.125968
0.124241
3.52453
4.02726
0.0319244
0.56615
0.346908
0.0265239
3.9651
0.0318325
0.519383
0.516654
2.71977
0.0615326
0.0750658
2.79509
1.23777
4.99863
0.257932
0.085023
0.0310389
0.207444
0.0617941
0.194227
0.070868
2.21375
0.259698
0.59346
1.19606
0.820392
3.3341
0.13683
0.305841
0.406375
3.0099
0.0334984
3.1401
0.963423
0.0688427
0.0431694
2.99066
1.60593
0.123361
3.39022
0.300013
0.0392422
0.0573253
0.0559583
0.0145979
0.396039
2.44771
0.111624
0.0535574
0.0328524
0.0345812
2.77188
0.0890651
0.68373
0.330539
0.0325076
1.36704
0.148115
0.345654
0.0409906
2.0319
0.0514573
3.60599
0.354009
0.0452476
0.042204
0.428687
0.0363767
0.677496
0.0405231
4.02614
0.010027
0.268724
0.0499503
0.387472
0.702829
0.413712
0.498306
0.0400214
0.181021
0.0532862
1.28672
1.33483
0.236898
0.2085
1.62357
2.62194
0.0793464
0.0424479
0.32033
3.85597
3.29449
0.687965
0.121338
0.0698233
3.63359
0.10773
0.0398437
0.0566067
0.0892849
0.0577731
0.0350095
0.0196821
0.115829
0.0313837
0.0935115
1.25296
0.0335357
0.498198
0.888726
1.25451
3.74561
1.4448
4.04404
0.0572771
0.0420992
0.458116
0.127984
3.12266
3.74893
0.0306903
1.40309
0.656802
3.38502
0.108565
0.340913
4.6271
0.318362
0.461542
0.0503173
4.87173
3.35896
0.392216
0.0477058
0.0406558
1.3493
0.0533485
0.133958
1.37547
0.0319974
0.191305
3.68722
0.216569
1.24162
3.73086
0.341116
3.78331
0.434938
0.0339543
1.11495
0.363463
0.241423
0.0745915
0.319353
0.419935
0.102528
1.16507
3.7272
0.0559181
1.44985
0.0339479
0.12698
0.660936
0.0642925
0.0667635
0.0680476
0.0310839
0.342543
0.225475
0.0253119
0.22066
0.0660093
0.332831
1.96614
0.038092
0.0634594
1.22213
1.58158
0.167367
4.95439
0.0196281
0.0486481
3.63834
0.124396
0.0823526
0.0143531
2.88505
0.0418986
0.114227
0.0974688
0.702245
4.0843
0.0755369
0.0626608
0.146448
0.115186
0.0469266
0.0315044
0.339805
0.359233
5.03669
0.0336627
0.0461374
0.279329
0.00978458
0.0562959
0.805454
1.12097
1.4733
0.0313808
0.823763
3.65546
0.845822
4.00198
4.18321
0.849225
0.290781
3.17038
0.721795
0.0862314
3.76149
0.827232
0.0746525
0.280621
0.043439
1.24994
0.0738134
3.15426
4.0635
0.0857545
0.0328036
0.0950066
1.21709
0.941682
0.30751
0.22852
0.807086
2.91774
0.74718
3.20725
3.51509
0.917362
1.13765
3.44301
0.213288
0.145242
0.048583
2.31944
4.26397
0.873006
0.940746
3.03776
0.68078
5.82513
0.253656
1.24262
1.16692
0.0774558
1.55058
2.68027
0.201489
2.85809
0.0303541
0.0365187
0.0335141
1.31693
0.0560169
0.0329561
0.00654174
0.0318737
2.36941
1.59277
0.0394604
3.02603
2.47119
0.895563
0.956534
0.0523271
0.150644
0.187714
0.700078
0.958607
0.259004
3.34213
0.0344537
3.84048
4.12522
0.0310793
0.0662172
0.0697014
3.99756
3.1818
0.0316625
0.0333857
0.0336001
3.3323
0.033372
0.378808
6.42911
0.0842273
0.0527744
4.20575
0.0345221
0.282493
0.486758
1.45886
1.38801
2.91406
1.25712
3.11718
3.09144
0.305065
0.0745683
0.173899
0.451742
2.96317
0.851508
0.0725673
1.63448
0.0205924
2.7252
3.34785
1.61427
0.125778
0.156475
0.0307398
0.0906854
0.13096
0.064135
0.0571833
2.56507
2.75912
0.0680185
0.0315056
0.078447
1.86819
0.0339674
1.34715
0.0660361
0.0454278
0.43643
0.00837588
3.50018
3.40327
3.6435
0.369945
0.540535
6.03469
0.599025
0.0870409
0.618232
3.50041
0.275025
0.200195
0.0476795
0.65718
0.335784
1.20854
3.87468
0.0329004
0.37402
0.0207631
0.0328354
0.037463
0.705645
0.458155
2.6709
3.25938
0.287249
0.83781
0.100382
0.456088
0.196098
0.529945
3.66648
0.330876
3.11096
3.99822
0.0873008
0.0609769
0.817307
1.58279
3.63468
0.353338
1.18603
0.707332
0.0986642
0.714215
3.47408
0.174966
3.2787
0.842193
0.294367
0.0458028
0.782491
0.00381815
0.0543557
1.30982
2.91727
0.0368132
0.0477897
2.96706
0.0321182
3.09288
0.214068
0.236597
3.61342
0.562751
0.0331878
0.0226401
0.400336
2.90428
0.614668
0.623585
0.0841627
1.1498
0.0335971
3.92194
1.19865
1.17538
0.0534378
0.584339
2.68527
1.6178
0.171557
0.0320927
1.17852
0.647247
0.0358892
0.330224
3.64372
0.0331329
0.0656082
1.16931
0.105507
0.0358852
0.0323927
4.16277
1.40068
0.121365
2.816
0.00577447
0.14051
0.728284
5.55731
0.115799
0.133625
0.184294
0.616674
0.191034
0.184652
0.0619425
0.477011
0.0347446
0.845687
0.05537
0.0307199
0.0914888
1.4003
3.1347
0.0717768
0.427381
0.213454
0.163186
3.35189
0.476626
3.01622
0.0592721
2.66115
0.382561
0.631185
0.267949
0.0737927
0.0486259
2.08901
2.82314
0.0324338
1.58199
3.72418
2.73797
1.60732
1.1558
0.0209856
0.391817
3.92552
2.49852
2.8627
3.0078
0.206794
0.0258959
0.196329
3.42119
3.484
0.206575
3.68378
0.0682718
1.19082
4.00195
0.0324958
3.47267
0.673087
0.660292
0.038265
5.85453
0.0523129
3.00418
4.97549
0.923032
2.19734
1.20183
0.0399411
0.095277
1.22214
0.31157
0.127506
1.36026
0.307834
1.26967
0.0572948
0.970657
0.0409302
0.125133
0.0591525
0.0345519
0.318669
0.0948895
0.643606
0.0352382
0.115073
0.0790204
3.82097
0.265658
1.15385
0.236882
0.0896802
0.0656066
0.00814386
0.576379
0.718131
0.341907
0.641171
3.26162
3.7289
0.308688
1.23828
0.0231265
4.00612
0.45639
0.240198
0.648529
1.07886
0.0942279
3.16547
1.93454
0.279178
1.1234
4.25711
0.584374
2.84961
3.91887
1.54169
0.558038
2.80224
3.54445
0.0195997
0.843988
0.469566
3.13901
0.356539
0.996703
0.780973
3.58149
0.377782
5.03449
0.253836
0.196339
0.0269276
0.0693769
0.0913506
0.671679
0.0407864
2.72943
1.05562
0.628103
0.179648
0.0945184
0.195675
2.97045
0.733319
0.814056
0.0715341
0.0856944
0.31419
0.385291
2.63677
0.0353184
3.67625
0.175076
1.68321
0.977202
1.4435
3.57637
0.0602631
0.0554603
0.0320997
0.164902
3.63271
1.29026
2.91263
0.0681105
1.7956
0.0948474
0.460141
0.801766
3.54787
1.14142
0.110807
3.09318
0.858058
0.2025
1.40628
0.6497
0.0404587
0.73414
0.137555
0.00387423
3.52926
0.732196
3.15268
1.13243
2.76364
0.0826587
3.565
0.177812
0.824688
0.552714
0.0658071
3.02955
0.0507992
0.274712
3.2441
1.42727
3.86537
0.0360008
1.91347
4.63106
0.413613
0.01799
1.05958
0.246532
0.0366361
0.93787
0.0311741
0.211393
3.41127
2.70853
0.091318
0.0311344
0.935376
0.136707
3.92449
4.16242
0.0358006
0.12731
0.0497035
3.75131
3.90219
4.06802
0.0322332
0.113247
0.483598
0.428536
0.0479482
0.110203
0.0774095
1.60281
3.063
0.0720065
9.80986e-05
0.0788816
2.72488
0.0423416
2.91439
1.18525
3.55506
1.07809
2.35693
1.02676
0.0334123
0.533915
0.0423197
0.115768
3.12051
0.777262
0.0389208
0.119978
1.66425
2.79415
0.00967565
0.243094
0.0468487
1.45125
0.0763672
0.475339
3.97326
0.98362
1.64026
1.32297
0.430329
0.152932
0.0303892
0.0068459
3.15962
0.159142
0.0503954
0.0949244
0.0636037
2.79979
1.36571
1.66669
2.70695
2.78236
1.20664
0.0327492
0.101512
3.08004
0.0835168
0.50667
0.111716
0.622129
3.66894
0.138734
0.0682424
0.554454
2.52106
0.0355601
0.863248
1.86924
2.63064
3.42474
0.0334952
0.0924017
3.95229
0.278877
3.99108
3.45291
0.447575
0.483077
0.106346
3.54555
3.49893
0.860921
0.136991
1.3547
0.0774756
0.00713807
0.511731
0.570774
0.116052
0.0688379
0.066903
1.13282
0.110549
3.30268
0.093335
1.10996
3.054
1.62705
0.447777
1.51612
0.423264
3.98544
0.597135
0.79257
0.394701
0.205685
0.753642
0.635744
0.66538
0.327022
0.438988
0.866393
1.23184
2.85462
0.231513
0.523364
3.95571
0.448754
0.318833
3.61367
0.080057
0.0329069
0.0936251
0.628317
4.17934
0.0463408
0.0315903
0.220415
3.00253
0.284373
0.0130189
1.19307
0.986883
2.71412
0.507515
0.579054
2.75028
1.68671
0.220102
0.032715
1.16464
0.0433682
2.47455
3.43366
0.0707267
0.0554017
0.0425282
1.12682
0.483622
0.000525884
0.769153
0.00652408
1.30653
0.00654501
0.0501128
0.809625
0.0914819
0.833284
3.32723
0.0719533
2.75697
0.00133698
0.0684074
0.254259
3.3338
0.53126
0.117909
0.672335
0.143212
0.824509
0.585349
0.0973987
0.0349255
0.0799244
0.167311
0.0205944
0.407383
0.0842589
1.39385
1.02535
1.27884
3.49351
3.31994
1.56232
0.0726422
0.145952
2.68199
1.00524
3.12556
0.69893
0.0645434
0.911351
0.767898
0.665187
0.0626795
0.032789
2.5712
1.14452
0.127513
1.20323
0.0375472
0.557649
1.18076
0.0660422
0.511149
0.46309
0.0600609
0.938254
0.206419
0.0753455
3.241
3.80066
0.0612872
1.27824
3.439
2.38194
0.298745
2.6207
0.0988651
0.148009
0.0319191
3.32384
0.729783
0.00949757
1.07406
0.560144
0.74944
1.49603
1.44289
1.38981
0.630378
2.72874
0.0391321
2.88777
0.889708
0.989959
0.0626096
0.500072
0.195958
0.0409602
1.35982
0.159247
0.586766
0.337973
1.98781
0.527592
0.0757308
1.37722
0.602362
0.755208
0.0280545
0.753972
0.449949
0.823855
0.715637
0.153461
0.0343288
0.0629384
0.599494
4.01283
2.93597
0.0561877
0.0659638
1.0193
0.119434
0.0980432
0.349463
0.441354
0.0335341
0.522429
2.05603
0.0295421
2.87012
0.823872
0.0378989
0.00961743
0.0564348
0.0129859
0.0281436
2.89453
0.484206
0.118488
0.130983
0.0282055
0.000380062
0.632173
1.62326
3.17478
0.153158
0.705102
0.0278813
0.0475393
2.18814
0.582284
0.66024
0.639758
0.53981
0.0782762
2.87367
2.07269
0.0558204
0.0271303
0.0413352
2.65304
3.20098
3.67666
1.04978
0.066376
3.96762
0.0297503
3.63742
0.49163
0.796374
2.56147
2.643
0.0317067
0.0459583
0.740112
0.0754266
0.069526
1.19739
2.52496
0.165981
1.04548
0.0712842
0.0234384
0.00357487
0.0564445
0.214446
0.0330982
0.257005
1.25938
0.075498
0.78131
2.53993
3.19777
0.66658
2.25329
0.145821
0.963133
0.0433108
0.992986
0.0723414
0.248275
3.72959
1.53496
0.035851
1.20331
0.0227702
0.025125
0.0473244
3.40138
0.0730965
2.00977
0.678817
0.069692
0.661284
4.09137
0.0709235
0.030805
3.91338
0.1061
3.40412
4.06133
0.917166
2.37279
0.599722
0.0329242
0.12564
3.83803
3.38001
0.0614082
0.520205
0.0613185
1.30438
2.1268
0.370047
0.0472925
0.0383572
5.59963
1.02314
2.70482
0.813414
0.0912849
0.666575
0.0538862
2.80471
2.87786
0.600616
1.14888
0.0343458
0.0952052
1.39718
0.316723
0.246855
3.58888
0.0332719
0.761485
3.51869
4.20168
3.27167
3.34411
0.0343276
0.883406
3.32191
0.166428
0.152614
0.535994
2.0062
2.81059
2.45451
0.129793
0.0382746
1.17692
0.024491
6.53157
0.0329257
2.48828
0.032598
1.13502
0.0342055
3.27629
0.224185
0.554515
0.0372844
0.844599
0.0388952
0.0762046
3.29128
0.0399474
2.35196
0.0257033
2.27643
0.0528406
1.08227
0.551456
0.74653
3.98735
0.482697
1.18951
0.0356307
0.0436776
3.50078
0.0469249
0.0501808
0.087322
2.46846
2.82999
0.22373
3.74704
0.792675
0.0464154
3.89503
0.318885
0.106858
0.790251
5.34127
0.0414377
0.0246614
0.760468
0.107234
0.0604276
0.700333
0.0740178
0.0346437
0.531993
1.40676
0.0715884
0.0665274
0.904644
0.0296337
0.0349246
0.882465
0.805517
0.181747
0.0738055
2.57513
0.0551314
5.54844
0.0695315
0.0384701
2.87926
0.0331149
0.0473845
1.04381
0.718754
4.31009
1.4572
2.22956
0.0765685
0.0915969
0.903116
0.0443792
0.342161
0.0495918
3.79089
2.70487
2.25625
1.59396
2.6572
0.0553086
0.860889
0.154463
1.47053
0.0561323
0.265305
0.140928
0.16866
3.94459
1.08039
0.165138
0.7641
1.99873
0.210082
5.04586
0.0252806
0.144011
0.108537
0.625756
0.0295769
3.40258
2.87676
2.97596
1.92392
3.96622
1.61459
0.0362831
0.123411
0.060578
0.0341656
1.54407
0.0784358
0.0735491
1.12031
1.61075
1.43349
0.572105
2.82351
1.34142
2.77297
0.427259
0.483808
0.0669059
2.77147
3.61834
6.1371
0.0602632
0.562005
3.48821
0.000313875
0.885423
0.0294413
0.0900019
0.000328264
0.784567
2.6459
0.0296317
3.19154
2.01104
3.25919
0.0327646
0.0374526
0.0740406
4.03333
3.37817
0.0924905
1.09497
0.0880727
0.327422
0.0541965
0.600475
2.46816
0.0319347
0.0309068
1.44652
0.577134
4.04715
1.22005
0.0340375
0.0430061
4.82211
0.0359311
2.71491
0.521247
0.48371
0.0963028
0.625623
0.872163
2.69468
3.48993
3.23446
3.35864
0.0352331
0.0874332
0.974861
0.0174721
0.228983
1.35776
0.0603478
3.83208
0.0601393
0.969282
0.0552777
0.0490443
1.18059
0.12126
0.00642477
0.813761
0.035531
1.86826
3.80624
0.659638
0.0448589
1.15976
3.38685
0.148306
0.0310714
0.836485
0.0224567
1.35994
0.189972
3.90956
0.556382
0.141805
0.0589308
0.0353819
0.0659748
0.860516
0.0469939
0.111793
2.71582
4.43263
5.93295
0.292202
0.0667389
0.091329
3.71576
0.585898
0.127709
0.0636173
0.000684055
0.0555649
0.180875
0.0473891
1.89972
0.0598692
1.00274
0.0721836
0.0154818
0.124491
1.29388
0.0262469
0.476895
0.0622883
4.14977
0.128619
0.0493301
0.339346
0.0599996
0.113137
0.733734
2.7604
0.121677
1.01082
0.882657
0.966709
0.0884454
0.114072
0.0660948
0.273023
0.548152
0.0756622
0.0144563
4.15546
0.0325636
0.105175
0.0328988
3.71773
1.03956
0.0554254
0.126174
3.96521
2.3194
3.76379
0.872773
0.498466
0.767527
0.112805
0.748851
0.0312736
1.36373
1.06091
0.0324217
1.17104
0.0950329
0.0917595
3.80946
1.08628
0.0735778
2.65848
3.5735
1.17043
2.58183
0.577872
1.35241
0.0778728
0.0512162
1.22431
3.91755
0.0330229
0.162565
0.0482246
1.19486
0.00952409
0.0470173
2.6258
3.80652
0.0663807
0.0276708
0.0735283
0.0733615
0.110213
1.14746
1.55761
0.0123434
0.219809
2.08257
0.0268638
1.64868
0.0411796
1.0252
0.0689932
0.00225287
0.378519
0.957927
0.139459
0.9149
0.127902
0.00387161
1.66495
0.104115
0.889551
0.188283
0.0369448
3.75084
0.357917
1.61844
1.06153
0.0303039
0.105795
3.99907
0.245506
3.15051
0.765101
0.0855729
0.138079
0.122056
4.07037
0.055813
3.5533
0.0930429
0.446458
0.0227756
0.0281135
0.285143
2.41648
3.17679
0.161265
3.57186
0.0885161
1.19384
0.032336
0.00121071
0.0621825
1.32463
0.171541
0.246205
0.0402172
0.0709218
0.0253987
0.0207193
0.12603
4.10567
3.25302
3.37371
0.0719307
0.0496343
1.24546
4.03378
0.100768
1.14883
2.70963
0.253113
3.48593
0.712579
0.758284
0.906305
1.58361
0.0591902
2.63375
1.83475
0.019655
3.53359
0.06899
0.0323231
2.66686
0.0339291
0.0499917
3.22864
1.00332
0.0324927
0.0727141
2.69619
0.0337676
0.235092
1.6446
0.054457
1.46652
3.50744
0.0310772
0.141856
2.08102
3.52148
0.0138722
0.0603917
1.49092
3.10045
1.41155
1.31816
0.848931
0.011724
0.038534
1.42172
0.140683
0.0662501
0.0316585
0.138416
0.0777919
0.0700313
0.821121
0.0326432
0.959792
1.02134
1.0829
0.0330052
0.0238613
0.754685
1.60641
0.0523391
3.95764
3.05256
1.45793
2.71661
1.53321
2.60074
0.0326298
0.0758277
0.409394
0.0654385
0.121712
0.85041
0.0331768
3.65042
2.87159
0.0489746
0.143411
1.17218
1.41789
0.0218205
1.50686
0.0234082
0.0327772
0.0407898
0.22985
0.0376399
0.0880053
2.11053
0.0588715
0.0990881
0.110551
2.8201
0.0378633
0.0587495
0.571541
0.0444202
0.479094
0.0688371
0.00632895
0.813371
0.0336357
1.39753
0.07025
1.1748
0.00567294
2.77433
1.61976
0.0929852
0.0684317
0.00371925
0.876223
2.4359e-05
3.58596
0.0254331
0.368358
0.0283156
0.452408
2.93406
0.724205
3.75023
0.00396027
0.103836
0.0187654
0.120309
0.0485753
3.00066
3.93018
2.76907
1.63092
0.799803
0.316265
3.64597
0.0340949
0.155904
3.56158
0.799134
1.57478
2.58526
0.0162411
0.569062
0.06927
0.0786082
0.098209
0.0810851
0.981338
1.03892
0.0356673
2.25676
1.2441
0.246471
0.138883
1.01061
3.98167
0.547392
0.140364
0.0302951
0.88214
3.83645
3.42181
1.30445
1.60846
0.0320558
0.00648454
1.59862
1.03938
0.0547884
2.6049
4.07691
0.123808
0.0664187
0.0597651
0.927521
0.151154
3.57409
0.443341
1.43264
1.2406
1.2265
0.0428164
2.2093
0.0741528
0.0691984
1.33279
0.103663
0.0352637
0.0245385
3.97475
0.203736
0.0809868
0.0575578
2.30508
0.111333
0.734177
4.00411
2.68774
0.816874
0.0328262
3.50149
3.51068
0.0398153
0.0438146
0.0583887
0.130171
3.31839
1.756
1.25311
0.150748
0.0131398
0.0981882
0.0771236
3.3789
0.0163128
0.274262
1.45515
0.0230623
0.0699756
0.0737121
0.100911
0.0311418
0.0881197
0.136201
0.0561202
3.56498
3.24298
0.130272
0.0787772
0.0168989
0.0364626
0.491969
3.2213
0.0440056
0.0789108
0.0948574
0.120294
3.50961
0.0556808
0.105143
1.08594
0.0523815
0.533247
0.0725441
0.153482
1.20855
3.19705
1.07039
0.0611385
0.000421563
0.0574809
2.34995
0.0755764
1.01072
3.94853
2.502
0.0362541
0.05351
0.983282
0.0304592
0.596557
0.0739174
0.0199591
0.0535746
1.17967
0.0883117
1.94842
0.0293396
1.02659
1.12351
0.172871
0.834125
0.245728
0.0117209
2.70823
0.0334833
0.0998334
0.049437
0.916348
3.48803
0.0491978
1.04807
2.55768
3.5632
0.094011
2.13834
1.41964
0.907863
3.35401
3.83249
0.0658664
0.0690706
1.24455
0.945175
1.2283
0.39282
0.0351728
0.774711
0.0354481
0.0389582
0.630351
3.43768
3.80362
0.0849436
0.136521
1.10469
0.0930435
0.0768197
0.473174
1.15027
0.12799
0.0489278
1.03328
3.40221
0.03545
0.0338846
1.01668
0.0357557
0.0727289
0.0316185
0.0537215
0.0346477
1.05482
2.39333
1.12852
3.96122
0.333981
0.0434263
1.15101
3.93378
0.0663276
1.17575
0.0192268
1.37189
0.123128
2.79846
0.0586359
0.069879
0.00949719
3.27736
1.15275
0.514681
3.54844
0.161661
0.0797391
0.103417
0.851799
4.00957
0.84414
2.15147
0.466279
0.00959616
0.986423
0.0270663
0.56637
0.0167904
3.28564
0.15854
0.0580043
0.0592034
0.0852426
3.94838
0.135245
0.419768
4.14732
1.06354
0.0621248
0.161673
0.176049
4.05264
0.0256535
3.76956
0.11645
0.0526959
0.034521
1.27526
0.0572687
0.00915352
3.16694
0.00219852
0.184286
0.0354315
0.0697149
0.618405
0.0755082
0.0980068
0.0823366
0.427635
2.70034
0.0844561
0.569105
0.050344
1.02848
1.14311
0.000330852
0.0493105
4.07401
4.17164
0.0708824
0.100191
0.216921
3.48018
1.94178
0.0586931
0.784866
0.0233695
2.47321
1.33434
0.0750793
2.65087
0.0438476
0.156258
0.166139
1.19207
3.18303
0.0325318
0.102605
0.0806683
0.0714028
0.209099
1.56724
0.0958054
2.77534
3.48999
0.0526518
0.863662
0.822233
0.106877
0.849649
4.06432
0.0776289
3.60895
0.0290894
1.20675
2.6174
0.487445
3.6026
0.984687
0.061188
0.0679824
0.698093
0.0702371
0.0123834
2.90936
2.61368
0.0169064
0.0291123
0.125877
3.43721
0.0541998
0.035463
0.0737176
2.29877
0.0157034
0.229117
2.73585
0.804486
2.88019
0.0374688
0.1012
0.192624
1.08065
0.12205
1.15832
0.0400404
0.117887
0.146091
0.115228
1.22784
0.0998658
1.01911
0.0661243
2.05625
0.911777
0.0289738
0.0335879
0.0027287
0.0242867
0.0742455
2.89095
0.670889
0.0462276
0.0379639
0.0774429
0.0349545
1.22694
0.0286551
0.0964685
0.0402845
4.00408
0.0133413
1.1509
0.218784
0.0254775
2.78707
4.01185
3.48707
0.0311722
0.0750522
0.075221
0.221118
0.0585584
0.0673306
2.29957
0.0468544
0.161445
0.0644507
0.89765
0.0327473
0.309204
0.0163649
2.90499
0.134357
0.0335434
0.0414321
1.16344
0.0793673
0.0333708
2.18998
0.0250083
0.0914935
0.104799
0.033451
3.00115
0.037248
1.14957
0.107325
0.0429543
0.170494
3.13318
0.100229
0.0930522
0.132117
1.06003
1.21356
0.0443149
0.0846986
0.905487
3.32786
3.65103
0.0744703
0.0463294
0.0686335
0.0613934
0.778423
0.702173
0.0287769
0.0377468
0.00992462
0.118295
0.0411678
1.14746
0.111192
0.111047
0.0358424
1.51094
3.24521
0.0430779
0.31703
3.61684
0.0379761
0.503692
0.0443818
0.0379688
4.54218
0.471284
0.511289
0.0268124
0.0296522
0.0236816
3.42588
0.14722
3.99956
4.09992
1.22239
0.922975
0.0490984
0.066091
0.0339029
0.722783
0.0841471
0.0384682
0.161114
0.115535
3.31569
0.323867
3.83785
3.28939
0.182741
0.0769532
0.15191
0.0223633
0.068164
0.0481071
1.00161
0.370676
0.0375058
0.129253
1.46921
0.63684
0.0562511
0.0713054
0.142284
0.0746054
0.0536431
0.0371586
2.64741
0.0319148
3.21989
0.0823095
0.0317369
0.0447358
0.183647
0.177835
3.58984
0.0613273
2.70786
3.89442
0.17479
1.09388
0.0596413
0.0715446
0.146618
0.208359
0.0335347
2.2419
0.539533
0.0353786
0.138738
0.141794
0.298089
0.262144
0.980486
0.107934
0.103351
0.0799624
3.0597
0.057324
0.0350653
2.98721
1.36122
0.194233
0.0301428
1.41708
0.0663051
0.79371
0.695662
0.110753
0.178395
0.0502503
0.0273161
0.0500599
0.0327356
0.51106
0.0393816
0.0515187
0.755846
1.19014
0.559863
0.136742
0.833227
0.85065
1.56979
2.5121
0.968863
2.52592
0.445684
0.537135
0.0659922
0.127946
0.0763614
0.0967829
1.07701
0.104908
0.131934
1.10949
0.0346347
3.0894
0.741389
0.989539
0.128883
0.548486
0.184832
0.0291305
0.578715
0.669578
1.85238
0.796257
1.12791
1.49696
1.29371
0.215331
0.771134
0.100078
0.0528428
0.0454124
2.69327
0.0746407
0.823266
0.889063
0.210873
0.065384
0.0697723
0.00397628
0.0789695
0.539099
1.32973
3.5752
0.0315559
1.48803
0.0909501
0.0450956
0.0215842
0.0764207
0.0844088
4.01437
1.53688
1.04611
0.187752
1.37657
0.689586
0.280191
0.0547982
0.205711
1.07212
0.0313849
2.44105
0.0263002
0.865697
0.0189221
0.664758
0.0808659
0.701465
0.0242151
0.0661556
0.219551
0.0370649
0.155658
0.0449038
0.0181257
0.00634767
0.0682866
0.0509132
1.58238
0.0459503
0.088495
0.646166
0.0393748
0.0343609
0.102731
1.05296
0.169402
0.0742198
1.08311
0.0885846
0.0969266
0.0538395
0.0280909
3.16402
0.186165
0.0338944
0.0733918
0.0244479
0.610778
0.0118556
0.0118259
0.856069
0.0466995
0.0394452
0.275065
0.14726
0.267523
0.0284953
0.169995
0.103439
0.0304697
1.15639
3.42274
0.573643
0.0709069
1.94212
0.770871
2.33089
0.0194617
0.0312966
1.15053
0.0177408
0.145403
1.07145
0.165842
2.54135
0.0714699
0.496481
1.21442
1.00095
0.952752
0.0373564
0.064089
0.0679109
0.186609
1.9199
0.0778495
0.00109463
1.49639
0.0801332
0.132238
0.00921497
0.0347394
5.68391
0.774877
0.070556
0.0930927
0.197576
0.10406
0.295748
1.21183
3.5715
0.186375
3.32372
0.0732396
7.5249e-05
0.102251
0.0685911
0.526917
0.00373309
0.103363
0.965396
0.0419229
0.166279
0.0767648
0.0571645
0.786214
0.0554763
4.23622
1.37494
0.026326
0.0355261
0.0709945
0.00385543
0.0589012
0.0718955
2.21899
0.184566
5.2454
1.62489
0.064407
0.27692
0.0833286
2.56835
1.32016
0.135207
0.183661
0.119727
2.92285
0.0942538
0.841977
1.57962
0.0779508
0.0905807
3.1836
0.0879713
2.46233
0.0437396
1.19078
1.12637
0.0268215
0.0241804
0.837413
0.0632978
3.16845
0.0680779
0.522649
0.0260593
0.0870389
0.0826052
1.60882
0.183964
0.0565076
0.0724717
0.0838507
2.64495
0.19142
0.0586305
0.0779349
4.00041
0.0801501
0.0262671
1.2311
0.567745
0.0694973
0.0866572
0.840868
0.0900302
0.0795618
0.0538751
0.0327443
1.03829
0.495161
0.00632
2.41094
5.76596
0.123213
0.123598
0.0524572
0.0708686
1.1888
2.64804
0.0340493
0.0332243
1.20419
1.41253
0.485979
0.171206
0.767001
2.24097
0.0183622
1.2603
0.194114
1.43039
0.0639477
0.66221
0.572185
3.83999
0.0535759
0.106752
1.16463
0.106073
0.113205
0.06784
0.916407
0.970379
0.0164113
0.0512681
0.0873043
0.571421
2.31435
0.222952
0.0366192
0.269063
0.0319938
1.50704
0.0970382
1.15086
0.16869
3.32739
3.06632
1.40288
0.0658571
0.123471
2.90075
0.385499
0.603332
0.0746715
2.73188
2.68183
1.11915
0.158413
0.0198934
2.69715
0.450701
0.0716878
0.589773
3.66965
0.0641969
0.575351
0.0995671
0.0298687
0.0314471
0.0184719
1.02899
0.0641463
0.0747793
0.659553
4.74256
2.36247
0.118423
1.06348
0.101612
0.134682
0.116761
0.553187
1.21266
0.0366005
0.0666395
1.18024
1.40085
0.460685
2.66799
4.03627
0.0334065
0.0349621
0.0579174
0.0406578
0.0870392
0.0716971
0.074388
4.06576
4.03164
0.0349554
0.950121
1.24521
0.17463
0.581871
0.903845
5.0636
0.122382
0.01703
0.499139
0.0699598
3.5178
0.0885991
0.232027
0.0871219
0.0905508
0.0347464
2.61565
0.0655335
0.155975
1.17548
0.0659796
0.0751204
0.0362937
0.00206531
0.078064
0.912322
2.55019
0.145819
1.48771
0.141072
0.0698165
0.0220914
0.119112
1.35946
0.076446
0.0960831
0.162246
0.0742757
0.047829
1.23465
0.0301877
0.604302
2.77968
0.0320571
0.0814151
0.0619579
1.19779
0.095767
2.35603
1.52348e-05
2.50958
2.33986
0.246951
0.128015
0.0150765
0.0577174
0.111875
3.03467
0.0827958
3.00265
0.0445727
0.074195
0.13873
3.94388
0.176263
0.0882801
3.88505
5.93806
0.0332963
0.0021187
0.151475
1.09854
0.0658763
3.25815
1.28394
0.076702
1.0221
0.972137
3.4116
0.068583
3.19922
0.0654391
0.0403395
0.0306298
0.22689
0.195958
0.869986
2.9554
0.0332695
0.053042
0.742344
1.45419
0.277458
0.107822
0.00209837
0.00956993
4.02841
0.93337
0.510946
1.44198
0.755928
0.0748368
0.0723058
0.0473064
0.0358309
0.496257
3.14272
0.50398
0.0868234
0.107967
0.715503
0.026671
0.997224
0.0254702
0.390068
3.82419
0.0244215
0.0524325
0.0748796
0.0432741
0.0542809
0.0888939
0.121408
0.00986201
0.0678148
0.0350288
0.407592
0.109849
0.14467
0.0312556
0.329873
0.97168
0.0370306
0.103386
0.1337
1.0418
3.16451
2.89659
0.0659587
0.345004
4.17739
0.0528764
0.0386492
3.06754
0.0991272
0.926015
0.656839
0.928182
0.0824436
0.0769142
0.0523367
2.94661
1.01163
0.0896871
0.0362415
0.936394
0.594013
4.03604
0.0470721
0.0364421
3.46214
0.987336
0.96925
0.100054
0.0820569
0.0515206
0.0233937
0.152697
3.20561
0.12228
0.915544
0.945093
0.132844
0.251539
0.125289
0.0777904
0.141599
0.100345
0.522224
0.0289205
3.67298
3.63506
0.0889615
0.239537
2.49211
0.492532
3.03799
0.115317
0.943263
0.0321976
0.0550665
0.0594127
3.2618
0.0815042
1.00545
0.877448
0.110903
0.206799
0.0374055
0.520344
0.875726
0.00059251
1.59407
0.0675156
0.0659285
3.73048
0.0564024
0.060269
3.90572
0.0303307
0.903453
1.47767
3.29149
0.0243069
0.118872
0.00653082
0.044352
0.0886887
0.0329672
3.22663
5.49393
0.0873696
0.0720372
0.103479
0.0900069
0.0370966
3.25029
0.0579736
0.0310905
0.0116263
0.802404
0.553199
0.0427602
0.201122
1.07873
0.0289585
1.07952
0.0506274
0.129382
0.073673
0.945648
0.026223
0.170346
0.113147
0.396412
6.12751e-06
2.78162
0.0445206
0.809869
3.21474
0.116502
1.57418
0.506708
0.485693
0.0734728
0.0666424
0.0949273
0.043091
0.132538
1.86818
0.0348584
0.0908975
0.489746
0.0670007
0.178761
0.0694089
3.21491
2.86337
0.67808
1.23028
0.0563202
0.102354
0.0653139
0.146285
3.88761
1.66254
0.0526542
4.70245
2.71054
0.0665294
0.0676636
0.776819
1.31416
0.136504
0.482041
3.149
0.0427824
0.353778
4.40227
0.0635571
0.841371
0.150213
0.066073
0.145002
0.0365462
0.0674353
0.112665
0.0539761
0.0735201
0.245259
0.124929
1.02608
0.12252
0.0763076
3.03122
0.0444816
0.0349943
0.0990673
0.810271
1.00383
0.132339
0.100895
1.1951
0.0781735
1.96782
0.0540526
0.280798
0.0833755
0.033998
0.0817862
0.384868
0.0720955
0.0571356
0.0351879
1.49967
1.87505
0.508155
0.00105996
0.354165
2.84065
2.61179
0.151558
0.613578
0.277887
0.638479
1.53033
0.385969
0.187573
0.070144
0.0672009
0.0844557
0.912933
0.0481606
0.189696
0.0419441
0.823086
0.109637
0.0377475
0.550146
0.076662
0.994248
0.0453767
0.10439
1.06779
0.48737
3.02392
0.026669
0.735448
0.0584923
2.78861
2.44216
0.499019
0.309311
0.908948
0.922394
0.0641552
0.0999112
1.20887
0.068923
0.100482
0.319394
0.980319
0.359271
0.372112
3.22643
1.03406
0.0533174
1.22243
0.340472
0.118417
0.0919654
3.47675
0.0671783
0.106485
0.112744
0.0691905
0.0477349
1.21616
0.094478
4.0076
0.978441
0.0614028
1.06847
0.114561
1.07886
0.776836
0.0766999
0.316955
0.0797743
0.052088
2.14647
0.0666114
0.0420953
0.0497475
0.738947
0.0640135
0.504659
0.05967
0.167114
1.48398
0.0679816
0.0356138
0.501747
0.520716
2.40711
3.74506
3.12176
3.04253
0.286893
0.0987417
0.0705715
0.0467643
1.31463
0.0651236
0.0406304
0.0454831
0.0382545
1.82674
0.0380365
2.94854
0.994766
0.155247
0.485273
0.137193
0.128774
1.1334
0.490725
2.82376
0.093508
0.0818961
0.54784
0.0760581
3.09863
1.3296
0.213981
2.90991
2.32772
0.0310953
0.180423
4.03797
2.92808
0.0699845
0.536243
0.0330834
0.659797
0.0407941
0.0992323
0.299957
0.049104
0.60432
2.22183
0.0332305
2.28919
0.647438
0.0777137
0.0670494
0.0746752
0.0304698
1.08854e-06
3.62878
0.455323
0.0112932
2.63655
0.504212
2.38844
0.066201
1.2678
0.452726
0.0704742
3.83844
0.0419203
0.164888
2.26203
0.58992
3.35602
0.0610123
3.99059
0.045687
0.000683188
0.0436419
0.0855956
0.220671
0.158029
0.160588
0.0919086
0.0634551
0.0197169
0.0386286
0.54796
0.0371378
0.530554
0.0492794
0.0550135
0.0779841
0.0423678
3.31314
0.722623
0.746254
3.52787
3.8218
1.18157
0.0408889
0.417975
0.114812
0.112036
0.663845
0.164041
0.184067
1.80679
0.952078
0.0432269
0.0802345
0.255852
0.0314513
0.0732596
1.5125
3.34409
1.15343
3.99981
0.0587794
0.975422
0.0717218
1.32981
0.636226
0.0318007
1.28737
0.0693014
2.26786
0.00736309
0.0322285
0.0329218
0.00959932
0.769439
2.74665
2.05821
0.100917
0.0912958
0.0322835
0.0409502
0.0243231
0.0340944
0.063112
2.01203
0.0609889
0.0331651
0.0751656
2.09515
0.10453
0.101007
0.000172551
3.90788
0.0175783
0.971341
4.01882
1.93674
0.0670243
1.63137
0.0806575
0.181957
1.10724
0.0978253
0.400211
2.82077
0.0959292
0.870164
0.0644506
0.125122
0.0343816
0.64056
0.075216
0.0315918
0.0343186
0.843442
0.169205
0.373278
0.0788044
0.400118
0.0729124
0.126512
1.04641
0.00162992
0.059932
0.0309612
3.16606
4.11417
0.0326846
0.612666
0.0741224
2.5795
0.0310978
0.684295
0.0216793
0.0309881
0.0934615
0.135686
0.0460156
0.836216
0.0191698
0.0872397
0.0663645
0.0633977
1.53709
0.359226
0.101174
0.625924
0.173276
0.0611637
0.208032
0.511158
0.0310706
3.8846
0.0330021
0.0764764
0.0276738
0.0726349
0.8096
0.0462329
1.37757
0.081262
0.511335
0.296425
0.0660663
0.364505
0.0011962
0.0313668
0.00364535
0.0535808
0.123548
1.52361
0.0618314
0.00726625
0.817582
0.0332669
0.0698295
0.180747
1.56346
0.0855456
0.131117
0.695467
0.182819
2.45315
0.027305
0.0873465
0.0488476
0.613173
0.0893331
1.43083
0.16119
0.109711
0.115772
0.0421341
2.15147
0.0910053
0.0390437
0.170218
0.0342274
0.11587
0.0729292
0.0327081
0.0849494
0.984929
0.0523068
0.0565018
3.08535
0.0505927
3.13824
0.00800525
0.94777
0.170855
0.0770141
0.0318546
3.10571
2.66909
0.2513
0.182904
1.19196
1.08243
3.80037
0.0343811
0.421677
0.234625
1.33631
0.527128
0.087935
0.0712941
0.0913722
0.0979775
0.908417
0.0306496
0.0808028
0.0583952
0.106067
0.096115
0.00461672
0.263257
3.11909
0.056216
0.0344575
0.580694
0.48229
0.0817034
0.207014
2.9701
0.175201
1.16164
0.0844156
0.127886
0.146773
0.543409
1.39877
0.385822
0.378426
0.103659
0.0628656
0.867901
0.0884265
0.228311
2.70001
0.0860166
2.08064
0.0301512
0.0159925
0.114522
0.0303504
3.61337
1.62711
0.0156525
1.07599
0.181586
0.0692138
2.18286
0.073213
0.000157906
3.99162
3.05307
2.42481
3.47839
0.350566
0.0858278
0.0985245
0.0392278
0.0184741
0.348158
0.069377
0.314189
0.529146
2.0071
0.141645
1.67403
0.0565575
0.555277
2.94175
0.116516
0.0678947
0.977782
1.30153
2.28309
0.0759181
0.556589
0.175707
0.0320195
3.43754
2.98691
0.0491785
0.0225219
0.150592
0.0721769
0.351318
0.0216099
0.0386962
0.0901177
0.070143
0.0655856
0.0721207
0.0526547
0.0428106
3.81969
0.180273
1.15023
0.102193
0.0280167
0.131464
0.102443
0.0592279
0.110193
0.566496
0.0459897
0.0210778
1.16797
0.106576
0.0155063
0.136705
0.415145
0.151058
2.33771
0.305217
0.1057
0.278087
0.107908
3.01559
3.46747
0.826307
0.0733684
0.280041
0.100632
0.432185
0.455657
0.0458097
0.581976
0.103577
0.0175878
2.24135
0.514755
0.109124
0.170906
0.106103
4.17462
0.52935
1.36707
3.44008
0.065408
0.954428
0.0323764
0.0718539
0.657133
0.0366662
0.131716
0.0314061
0.0587094
0.0658423
0.0680539
3.28145
0.36886
0.121266
0.051549
0.0737601
0.147681
0.0962363
0.108379
0.0402686
0.15138
0.427904
1.10457
0.134917
0.0452364
0.0273232
0.0576697
3.36638
1.60272
0.0101186
3.32267
0.0454593
0.0313455
0.0741037
0.396173
0.067195
2.88572
0.731918
0.127563
3.24342
0.0775967
0.136336
3.22546
1.00791
0.632602
4.17594
0.0682342
0.0758744
0.597244
3.85175
0.940045
0.358959
3.4941
0.952633
0.145392
0.107893
0.069369
0.0443591
3.72205
1.2239
2.63783
0.0724589
2.54893
0.137896
1.13782
0.0681944
0.0336692
0.100772
3.75111
0.0525848
0.173596
0.174907
3.42797
0.799589
0.0257026
0.125227
0.0718973
0.0861098
1.80657
0.980616
3.55604
1.20561
0.146621
0.0405747
0.425125
3.89673
2.44961
0.881101
1.10872
1.05858
0.611281
3.96486
0.0865147
3.84756
0.0947582
1.2917
0.0588445
0.0667073
0.0584263
0.745461
0.964699
0.0343464
0.0401926
0.0146527
2.54194
0.247732
2.15196
3.26449
0.0494853
1.41285
0.0737824
0.500853
0.086372
4.01718
4.15181
0.0475452
3.29946
1.01143
1.28545
0.0829038
0.966209
0.0982952
2.93027
2.52573
0.00761627
0.679654
0.0572949
0.0926418
0.074284
3.26012
0.923378
0.572871
0.104077
0.0551647
0.134883
0.0786945
0.00131779
0.0427982
0.0914977
0.391069
0.0657921
0.201862
0.065065
0.0797494
0.0640057
0.189522
0.178173
2.6286
3.36963
0.111234
2.19662
0.519365
2.93702
0.147723
0.110679
0.717274
0.14943
0.0415551
0.0656082
0.108289
3.44741
2.26728
1.62231
0.0716797
0.0869907
2.82137
0.0873455
2.99863
0.171854
0.0857327
1.21746
0.106137
0.750606
0.0659382
0.0659823
1.30582
0.00419136
0.175005
0.38693
0.03276
0.0809158
0.00221999
0.0492916
1.37913
0.0791226
0.307238
0.0993571
0.052567
1.6221
0.125895
0.113605
3.23213
0.0244176
2.00069
1.29921
0.0698929
0.0417115
6.28934
0.0729758
0.137277
1.13871
0.15665
0.0575464
0.0615508
0.0896091
0.80722
1.58945
0.0721617
4.1558
2.4776
0.0588463
0.0297166
0.0295744
3.48637
0.0818707
0.156749
0.597239
4.00292
3.15124
0.0413387
1.24633
0.0863668
0.915791
0.0552087
2.77058
1.1039
0.393009
0.0506053
0.187025
0.49274
0.0274444
2.60233
0.105241
0.0625046
0.106997
0.156413
0.161728
0.780776
0.0404176
0.11073
3.44559
0.0601913
0.597659
1.04771
0.0414185
0.994494
0.981025
0.0909242
1.14767
0.186934
0.0659947
0.372829
0.074737
0.21998
3.25043
1.40182
0.051269
0.10785
2.55746
0.0782982
0.863064
0.0584082
3.32368
1.01307
0.525552
0.0722882
0.437909
1.14424
3.537
1.53626
2.07365
0.524323
2.14868
0.396798
0.0805738
2.01516
0.0661119
5.5369
0.0320132
0.0234191
0.17572
0.110954
0.0696177
1.10286
0.0816105
3.4644
0.0659921
0.040569
0.0657281
0.111752
0.0418959
2.58038
0.151356
3.03568
0.116498
1.3836
0.0506796
0.058167
0.738085
0.973876
0.108973
0.00649083
0.0372078
2.79574
0.168773
0.697279
0.0192365
0.11954
0.0742194
1.13905
1.21941
1.05978
1.37208
0.0331344
0.638709
1.07967
0.0514936
0.00213586
0.814385
1.8647
0.0764451
0.719062
1.09248
0.0866635
0.630611
0.0528906
0.0425542
0.207155
0.848505
0.103284
0.0574766
0.0318704
0.167296
0.818979
0.0413701
1.42446
0.668207
0.0999591
0.129776
0.566904
2.03454
0.114616
0.0347118
0.485431
0.0999718
3.90751
0.0886299
0.130064
2.42467
0.0676122
0.054683
0.946095
0.0766506
0.0512329
0.084589
0.104634
3.18755
0.53485
0.0176716
0.124599
0.107949
0.0985119
0.100694
3.44833
0.0563616
0.0673136
0.106464
0.00933398
0.441331
3.89927
0.0277416
0.841967
4.03344
0.107016
0.152227
0.101629
0.0669906
0.119756
1.48594
3.36358
0.847413
1.32543
0.118108
3.30572
4.16132
0.130686
1.27304
1.23165
1.2604
0.748029
2.89519
0.157226
0.71294
0.0334113
1.40781
0.0488394
0.0346043
0.077338
0.0242183
3.06312
1.15979
0.841109
0.607118
0.413915
0.383448
0.297811
0.0368136
0.0576729
2.85701
1.14913
3.25755
0.0748995
0.0685422
0.000537221
2.62175
0.58109
0.640016
0.113487
3.9061
1.15927
2.51291
0.0756052
0.106669
1.0839
0.0899321
0.166927
0.0755279
0.0780313
0.0913996
3.20656
1.95943
0.280994
0.173604
1.39381
0.17101
1.60603
0.110344
0.0667796
0.0038973
0.0778633
0.0516496
0.0441014
0.0319282
1.05663
0.0944262
0.172415
0.509783
0.061247
1.43529
0.0692969
0.166712
0.265664
0.672224
0.85632
0.0460887
2.51761
0.0935182
0.0664672
0.033854
0.0687265
3.3986
0.876338
0.0723528
0.892463
0.108772
3.54075
0.51954
1.1183
0.0892037
2.09363
3.74873
0.105529
0.392625
5.74354
0.609055
0.0513082
0.226355
0.0312041
0.111647
0.0532451
0.535371
0.0746382
0.664699
1.85099
0.0441738
0.0844773
0.0967874
0.147424
0.037925
0.0934635
0.320543
2.54425
0.0873599
0.365601
0.0771814
0.0393603
0.251512
1.59573
0.0375129
1.43855
0.196854
0.118202
2.4302
0.0862884
2.85591
0.0341603
1.12524
0.702785
0.0460184
0.0666877
0.108888
0.0666864
0.015148
0.634164
0.0682995
3.16946
0.0362584
0.0893776
0.941468
3.05296
0.172116
0.077448
0.179985
0.559011
2.12674
0.84474
0.0528863
0.988988
0.113349
0.0615998
0.110415
0.524115
0.714102
0.0313009
0.0819118
1.0759
0.10527
0.0872271
2.7084
0.137166
1.11847
3.23254
0.100783
0.100749
0.496528
2.47063
0.0132661
0.363927
0.0847314
0.0491042
0.672737
0.166061
0.552213
0.0757257
0.0728592
0.0916257
0.21702
0.0703051
0.0392293
0.0657802
0.0393554
0.914472
2.62908
0.0661741
0.757859
2.42809
0.0613615
1.40176
0.193126
0.14086
1.83045
2.83894
1.40329
2.62708
0.0329631
0.00192457
0.00853546
0.164926
0.101172
0.0673181
0.582539
0.0670027
0.0665765
0.556665
0.0803227
0.0440243
0.205746
0.0751022
1.07207
1.00756
0.079199
1.08193
0.647769
0.610349
0.0711472
0.0499567
0.540669
2.0053
0.0738367
0.146391
0.727442
0.0492228
0.0975116
0.274556
0.0702768
0.127417
0.536753
1.09642
0.0669363
0.114945
0.0929908
2.82409
0.277106
0.0742192
0.120982
0.848807
0.0432704
0.0282899
0.0499597
0.627461
3.07018
3.36691
0.219209
1.48552
3.80271
0.0774795
2.49851
0.0659849
0.0655432
1.51398
1.08413
0.0443331
0.0214884
1.96584
0.547031
0.0551333
2.60142
0.489433
0.0849564
0.004726
0.78664
0.171487
2.05959
1.14029
1.00821
0.0796727
0.718075
0.169703
0.554939
1.93013
0.245988
0.0698233
0.0952853
0.095954
0.197145
0.0685017
1.63341
0.756168
4.57247
0.48805
0.29678
2.82183
0.483928
0.668453
0.0724721
0.507653
0.934376
3.22061
0.0566683
0.524526
0.660435
0.0339563
2.41775
0.502862
0.0625989
0.0714866
0.943501
2.5379
0.161107
2.51723
0.0543276
3.22592
0.102907
1.55928
1.04042
0.7836
0.607737
3.63196
0.879446
3.39856
1.62555
0.53283
0.000352317
1.89966
0.563404
1.43584
0.00252974
0.0424902
0.221122
0.0538516
0.0518953
4.11895
0.0941247
0.036641
2.36415
0.0460571
4.02506
2.31681
2.78987
0.0415445
2.35941
0.822702
0.118441
1.87195
0.57267
0.0804314
0.479583
0.082885
2.52704
0.413805
0.0665198
0.0686107
0.0304034
1.89627
2.8612
0.0784584
0.881662
0.0729027
0.708261
0.510777
0.0042028
0.134899
0.0934333
1.10503
0.081711
0.0948713
0.125767
0.825287
1.813
0.0521835
0.0711833
0.00281742
0.0969601
0.101926
0.0556566
0.094109
0.0897014
0.170281
0.0450557
1.11357
0.0839457
0.61914
1.14486
0.0654587
0.0429155
1.20837
2.55492
0.0874848
0.0732089
0.000373143
0.116555
1.1512
1.29289
4.06713
0.468695
0.587163
1.40709
0.0122046
3.11119
0.046221
0.0934157
1.29865
0.132292
1.58214
0.0680536
0.123951
0.0693345
1.61641
2.51784
0.0161462
0.102453
0.0947379
0.102848
1.15733
0.0281271
2.53208
2.54053
2.59092
0.0778733
0.0719139
0.637792
0.18315
0.532569
2.36763
0.765729
2.11141
0.0548935
1.03072
0.0101874
1.82755
3.31226
1.15259
0.866928
0.931901
0.109937
0.0712295
0.886947
0.01674
1.10855
0.109716
2.14738
0.362106
0.0636779
2.02921
2.9611
4.06533
0.0533047
0.865656
1.50424
0.116841
4.16634
2.12241
0.0681308
0.268941
0.48973
0.551573
0.26393
3.20096
1.55913
1.27504
3.47014
0.25174
0.357633
2.3965
0.120041
0.642481
0.196966
0.0407809
2.35139
3.44635
0.10283
0.0664483
3.33604
0.895036
0.093473
0.0844914
0.671415
1.08816
0.0442639
0.0706592
2.56221
0.053192
0.166879
0.131698
0.137871
0.0733772
0.149797
0.0938887
0.112571
2.57202
4.16572e-05
0.0545582
0.0343556
1.58534
3.27778
0.236995
4.0244
1.23108
0.0786169
0.0661311
0.0737535
0.0277977
1.02911
2.26862
1.1144
0.0987904
0.107511
0.0665728
0.0692619
1.00266
0.00460783
0.073888
0.632683
3.46963
0.0205805
3.83737
2.41994
0.845894
0.0792471
2.55496
0.0938623
0.293237
3.30026
0.759712
0.0842371
0.0191582
0.0799778
0.995232
0.175176
0.111843
3.02987
0.100925
0.119269
0.103507
0.803632
3.61259
0.134557
0.794873
1.1305
0.483134
0.470332
0.0621449
1.25206
0.0661095
0.15076
0.00418255
0.69399
0.0554116
0.0326192
0.667888
1.80075
3.14605
0.098741
0.646978
0.513484
0.0949516
0.103113
0.130189
0.0518758
3.84975
0.0752627
0.129652
0.0782287
1.38867
0.0841462
0.0156081
0.0869194
1.03713
0.122152
0.173298
0.082539
0.00209053
0.0984992
0.0042203
0.00385085
1.10784
1.42974
0.155501
3.4107
0.0427204
0.341208
0.0280097
0.786529
1.65153
0.48674
0.970144
0.00131658
0.929644
1.18976
0.037015
0.148485
3.43839
4.02396
3.40395
3.99785
0.0691768
0.995072
1.03679
0.162009
2.49259
0.110321
0.0688728
0.680262
1.77768
0.101478
0.687602
0.0936921
1.05386
0.0195404
0.130467
3.37731
0.521975
0.0285631
0.678701
3.34428
0.793639
2.45826
8.78834e-06
0.0844876
2.74209
0.0548237
0.15139
0.164922
1.03206
0.182987
0.11614
3.65564
0.113154
0.0341368
0.604708
0.0829081
0.968584
0.0138555
0.810492
0.0679833
0.369918
0.0438939
0.0477778
0.107737
0.165704
0.0527346
0.00488451
2.04674
2.74031
0.0877568
0.0134079
0.510934
0.65172
0.178433
0.0958083
0.0865697
1.18857
0.0379837
0.309134
0.136778
3.92359
1.02358
0.514887
0.0281556
0.0338317
1.05968
0.0989371
0.0579856
1.25747
0.599346
1.58566
0.128688
0.0695003
0.68298
0.156519
1.05916
0.00301286
0.115824
0.857463
3.24707
3.4928
0.097839
0.116703
0.0617171
0.0722183
0.102402
3.18207
0.705559
2.64547
3.8312
0.693837
0.11593
3.31792
0.160342
0.161073
0.494737
0.0666454
0.0251979
0.347722
0.13375
5.00906
0.0502363
0.0705521
3.59148
0.162742
0.0690468
0.09301
0.0988404
0.674018
0.0351523
2.02203
0.0313069
1.59853
0.0789972
0.062585
0.0847079
2.12563
1.83364
0.0286989
1.63051
3.41437
0.114876
0.517563
2.22273
0.594688
0.484979
2.90717
0.0317605
0.854471
1.93468
1.25331
0.150813
2.10732
0.0122194
0.555139
0.0388028
2.20466
0.0470596
0.154967
1.29787
0.0693606
0.0659691
0.111321
0.0125743
0.154047
0.0320477
0.0693052
0.461312
0.0429313
0.703739
0.18316
0.0892934
0.00297293
0.993697
1.63983
0.0902993
3.66665
0.0494117
3.20425
0.16534
0.0905988
2.63092
0.0931396
0.0894082
0.465931
0.0431983
0.0721564
0.0301851
0.0655837
0.0399553
0.484582
0.610466
0.000711304
2.46378
0.43812
0.719563
0.10617
0.0292088
2.06488
1.46047
0.0765075
0.134424
0.415743
1.56896
0.0548592
2.63899
0.0565674
0.527524
1.79702
0.109524
2.07132
0.0330564
1.05082
0.0687787
0.0750743
0.0665858
0.068693
0.111329
0.0895601
1.56227
0.242281
3.64446
0.102606
0.0698195
2.54975
0.0700376
0.0023511
0.154323
0.0536738
0.179871
0.00227667
0.984327
1.05126
2.80268
0.101062
0.557258
0.487081
0.0402534
0.0722021
0.0973408
2.20221
0.532682
0.173761
0.0877805
0.836294
0.111286
3.75578
0.737242
0.0892368
0.090845
0.151289
3.48102
2.82686
1.25109
0.0674636
0.463424
0.0738868
4.027
0.857509
0.0852362
0.0663437
0.621435
0.765242
2.44346
0.812572
0.0968464
0.733435
0.965684
1.62964
1.01501
0.0883949
2.17841
0.522821
0.0890103
3.1792
0.0728831
0.0671514
0.0775259
0.0538172
0.175023
0.0531061
3.44742
3.17654
0.0414608
3.14799
0.172436
0.052204
0.035847
0.200185
0.107877
0.0796776
0.117377
0.068986
0.102838
0.09413
0.0762642
0.0656076
0.0476404
1.26102
0.617953
0.0719242
0.0492263
1.01751
0.0537364
3.39444
4.06535
0.088149
0.138054
2.71006
1.48915
0.0415671
2.47379
2.73076
2.80424
0.0747562
0.128836
0.100516
0.804634
0.0919723
0.0613572
3.5475
2.11438
3.41591
0.636833
0.0709294
0.00427745
0.0388148
0.552468
1.20661
0.725103
0.0310146
0.571458
0.0501357
0.24544
3.56476
0.735821
3.72638
0.0176668
2.07555
3.29121
1.02499
1.06205
0.0931643
0.132906
0.117751
0.493099
0.0361295
0.0495894
1.19178
0.542879
1.01435
0.105275
0.0354898
2.82715
0.328177
1.11135
0.518684
0.101497
0.122623
0.0953339
1.58145
0.0671032
0.0503653
0.16498
0.0721817
0.0561614
0.121578
0.0318614
0.106427
0.0691094
0.072725
0.0768607
2.52933
0.0684152
0.0868069
0.155391
1.23134
0.0698654
0.0539028
0.117501
0.103535
0.365426
0.0771771
1.08498
2.97086
2.57441
0.157122
0.00732256
0.0537903
0.386191
0.219709
3.24319
3.51648
0.0413249
1.00344
0.00122414
0.0515703
0.00860071
2.84058
3.06369
0.0804695
0.114037
0.081223
0.0511717
5.71874e-05
2.06448
0.230319
0.617271
0.122896
1.6342
0.0367435
0.0308498
2.81126
0.475993
0.0275498
1.01399
2.57618
0.142612
0.137195
0.0709045
0.961744
0.072488
1.98943
0.0349949
0.688564
1.82736
0.125604
2.61532
2.61523
1.22245
2.10606
1.19746
0.131165
2.23331
0.0726855
0.0721253
0.502053
1.81479
0.607937
0.0666478
0.06596
1.78173
0.636449
1.06175
0.0718381
1.54177
0.782299
0.0768369
1.47423
0.0984149
0.538576
2.01786
0.574978
0.083262
2.33602
0.563994
3.47754
0.054866
0.0300484
0.109352
0.0602467
1.11359
0.0691334
0.984814
0.132248
0.549822
0.0657754
0.10686
1.26002
0.796022
2.04769
0.113557
4.6973
0.0436353
0.052318
0.0966524
0.0722378
0.0616141
1.50717
3.40606
0.0735032
1.0025
0.0891088
0.000579011
0.0662266
0.077494
2.02831
0.685862
0.163745
0.113887
0.16241
0.108857
3.79317
0.548833
0.128945
0.0321897
0.750615
3.14108
0.106715
0.0670143
1.87724
1.35962
0.172598
0.0503332
1.11023
0.0727832
0.103339
0.116621
0.0667426
0.381708
0.837501
0.87438
0.581061
0.974699
0.113831
1.9899
0.544267
0.0384655
0.0886469
0.683826
3.99432
1.86282
0.799924
1.51315
0.102196
0.107453
0.388985
0.120297
0.00119217
0.0488903
1.95072
0.551359
1.36027
0.162755
0.577775
0.0661532
0.395169
0.0825615
1.98707
0.0874832
0.559824
1.91809
1.76917
0.654128
0.0541183
2.78067
0.0307123
0.0677776
0.0797064
0.724449
2.88263
1.19252
0.0671534
3.31475
1.88835
0.568696
0.0680148
0.983739
0.329257
0.696525
0.109866
0.0398
3.99707
1.74613
0.689944
0.103974
0.0721976
0.276438
3.07894
0.0678254
0.0746748
0.111192
0.142365
3.18923
0.675246
0.110573
0.0658243
0.0506235
0.164764
2.04454
0.165194
0.0657963
0.163873
0.0405549
1.80274
0.721304
0.0554146
0.563088
2.10915
2.56118
0.612243
1.84723
2.79471
3.50816
0.06577
0.0675909
0.100516
0.046174
0.589019
2.71335
0.075776
0.137155
2.98731
0.86389
0.113027
1.03202
1.53355
0.0666724
4.15122
0.106906
0.0732901
0.0433304
1.96002
0.356689
0.496843
0.0676387
0.0747421
0.170535
0.154858
0.108534
0.387601
2.93229
2.20309
0.490942
0.559202
0.0682173
0.053789
0.0501265
0.610771
0.29133
0.170307
3.94327
0.0605748
0.272884
0.0674009
0.0673392
0.0713504
0.0658532
3.57275
0.526287
0.110457
2.05904
0.0709794
0.767357
1.86778
0.0118747
0.00717825
3.3805
0.0381346
0.0444539
0.105952
0.15681
0.105266
0.0371299
2.54401
0.345788
0.0827718
0.0762739
0.0657421
0.843463
1.79355
0.264278
0.0397714
0.0425133
0.0416884
0.104134
0.0670577
0.10695
1.82904
0.602202
4.11381
1.0352
0.0696127
1.79245
1.80918
1.9649
0.629969
0.61558
0.568744
0.0668676
0.106083
0.808815
0.0677644
0.351577
0.0668144
0.105779
0.141898
0.762085
1.81744
0.306104
1.77831
0.646447
0.105231
0.386895
0.10941
0.0678034
0.317553
0.378649
0.630548
0.854248
0.0669829
1.75433
0.782373
1.73677
1.75497
0.5285
1.7351
1.73803
1.74354
1.74857
0.676543
0.704551
0.742279
0.720525
0.762449
0.655663
0.414232
1.87138
)
;

boundaryField
{
    back
    {
        type            empty;
    }
    front
    {
        type            empty;
    }
    outlet
    {
        type            zeroGradient;
    }
    circle
    {
        type            fixedValue;
        value           uniform 1e-12;
    }
    walls
    {
        type            fixedValue;
        value           uniform 1e-12;
    }
    inlet
    {
        type            fixedValue;
        value           uniform 1e-12;
    }
}


// ************************************************************************* //
