/*--------------------------------*- C++ -*----------------------------------*\
  =========                 |
  \\      /  F ield         | OpenFOAM: The Open Source CFD Toolbox
   \\    /   O peration     | Website:  https://openfoam.org
    \\  /    A nd           | Version:  10
     \\/     M anipulation  |
\*---------------------------------------------------------------------------*/
FoamFile
{
    format      ascii;
    class       volScalarField;
    location    "1150";
    object      p;
}
// * * * * * * * * * * * * * * * * * * * * * * * * * * * * * * * * * * * * * //

dimensions      [0 2 -2 0 0 0 0];

internalField   nonuniform List<scalar> 
10435
(
0.000962202
-0.256773
-11.0732
-2.50302
-6.55736
-10.6449
-11.2138
-11.0124
-10.9364
-10.6833
-1.55215
-6.53126
-10.8925
0.904237
0.960682
-10.6322
0.775273
-10.8015
-11.0668
-0.347385
-11.3263
-2.65626
-10.759
-8.88743
-10.5704
-0.0177844
-0.29415
-11.1943
-0.62606
-10.732
-9.55656
-2.34892
-11.3165
0.103985
-10.1616
0.849524
-10.0538
-1.55717
0.580895
-9.7851
-11.1945
-11.3761
1.0681
-1.21683
-9.88617
-9.82626
-10.8434
0.465096
-11.0409
-3.09668
-10.9953
-9.57749
0.0977455
-0.774307
0.947591
-0.841069
-9.64767
-0.471204
0.305694
-9.80029
0.258468
0.208656
-0.202394
-8.80572
-10.3306
-11.0091
0.185324
0.0134454
-11.3847
-8.38039
-0.0340729
-0.668883
1.49017
-10.7572
0.873992
1.38564
-7.16451
-11.4781
-11.483
0.761212
-4.79424
0.0333856
0.300874
-0.297705
-5.70017
0.889655
0.510801
-1.05508
1.15017
0.221684
-1.67703
-2.34463
-0.290967
0.907865
-0.116603
1.0733
-3.44159
1.21574
0.894586
-4.39653
0.703102
-8.11039
0.747883
-0.54817
-8.97541
-1.82048
-0.669138
-3.89847
-6.82274
0.713694
-2.35622
-7.05094
0.323212
0.475329
-3.07036
-1.94252
-5.19542
0.662055
-0.941872
-5.03485
-5.79806
1.49891
0.383829
1.53716
-3.57449
0.159763
-4.22663
1.57747
-5.70537
-1.15198
1.65409
-2.49785
-10.6852
0.808788
-0.419825
1.34976
1.37319
-3.32135
-0.401778
-1.33067
-0.804157
-9.79028
0.476386
-7.85968
-3.44528
1.30649
1.54462
-9.52296
0.974088
-8.25431
0.381979
-9.58703
0.0769525
-8.46674
-10.2096
0.284784
-4.75163
0.0392576
-10.5001
-0.721147
-9.02931
0.805914
-2.40136
-6.06431
0.937087
-6.86714
-11.0214
-5.03787
-7.78117
-8.11818
-10.4429
0.898386
-1.59585
1.31026
-8.01338
-0.00913792
0.567805
0.549846
-1.70089
-0.0178848
-0.843753
-10.2374
-7.21046
0.0530235
-9.89731
1.10188
0.975482
-11.3686
-7.41513
-8.93752
-6.49985
0.471737
0.0528509
1.16025
-5.92003
-11.3963
1.19334
1.05677
0.606133
-10.4285
1.19141
0.71675
-11.083
-0.149633
-11.0961
-4.0756
-1.6153
-4.16866
-0.419159
-4.33296
0.818351
-10.7214
-7.12301
-6.64513
0.114283
1.06011
0.650557
0.69588
-1.91043
0.748613
-0.134014
0.334701
0.419521
1.39409
-0.12724
-10.6047
-1.51005
1.15845
-9.61746
1.33306
0.403206
-10.7728
-1.61672
-9.18004
-1.08932
0.689656
-9.53057
-0.957256
-8.68341
-10.1685
-0.708497
0.217166
0.721837
-0.768831
-3.35718
-11.2782
1.27391
-11.5793
-3.63203
0.510721
-3.84933
0.764371
-11.082
-5.21112
-11.8068
-7.18962
-5.24896
-11.8801
0.291312
0.00336405
-11.9746
-10.0776
-0.511518
-7.18062
0.550876
0.813591
-0.269457
-10.4684
0.66134
-4.88471
-11.6857
-12.6217
-12.4713
-10.7454
-2.34368
-5.86371
0.00409685
-5.3796
-11.2212
-12.45
-11.0377
0.761263
-11.5531
0.936915
0.62303
0.860959
-8.55248
-1.19288
-0.159855
-0.376626
1.50292
-1.55283
-0.584911
-12.4038
-0.850557
-4.84151
1.20888
0.300444
-4.2499
-10.3091
0.338743
-7.98991
-11.5176
-4.54879
-3.2987
1.09064
1.14147
-8.68328
-10.5378
-0.0807355
-1.16239
-0.531538
0.868839
-8.81512
-10.4073
-5.4635
0.648674
-9.17422
0.209751
-5.82397
-9.80574
-1.39484
0.379784
0.730713
-12.0407
-11.0203
-3.26909
-11.4503
0.432553
-0.554911
-10.5384
-0.362735
-0.036525
-11.2403
-8.55034
-0.31407
-0.254055
-1.68324
0.349545
-1.5384
-4.19389
0.17123
0.489935
-3.79296
-5.4243
-0.475285
-0.161102
1.03585
0.885769
-11.5511
0.146243
-10.7678
-3.6954
-11.3466
-12.6682
-12.5012
-11.1685
-10.6923
-0.767233
-0.00157231
-1.63347
0.48803
-1.0425
0.360757
-1.27944
-4.67056
-0.404436
-7.29714
-0.0485939
-11.4307
0.432917
-5.21196
-10.876
-12.836
0.841694
-5.86262
-1.41048
-0.857247
-0.0800614
-0.313039
-7.77746
-0.858918
-11.956
0.0650649
-11.672
-12.4109
-11.2453
-11.108
-12.6134
-11.3301
-10.3615
1.4804
0.654865
-0.427581
0.424038
-11.2908
-0.289538
-11.1225
-5.78375
-0.567116
-7.31165
0.469739
0.0827708
-10.9037
-1.80417
-11.7363
-8.43758
0.850222
-0.249112
-3.82723
-10.2655
-4.11547
0.000133572
-0.400345
-0.91483
0.412428
-0.222798
-11.1572
-3.09205
-0.938521
-0.671191
0.756035
-10.956
1.06656
1.23885
-11.1752
0.311903
35.4881
12.1189
18.9301
13.768
15.1426
13.2298
12.9627
12.0598
9.92919
29.5654
10.2577
15.3455
11.7712
12.6378
11.4078
11.1655
10.444
9.78716
23.4821
7.93601
12.3086
9.9746
10.5483
9.75201
9.51679
8.95602
8.30969
18.3717
5.9547
9.56746
8.14569
8.58274
8.13126
7.97803
7.61028
7.11819
13.6763
4.42805
7.24173
6.49891
6.85728
6.6468
6.587
6.40469
6.04752
9.43344
3.44206
5.38356
5.13397
5.41995
5.36658
5.37327
5.30121
5.13472
5.95143
3.16855
4.03464
4.09521
4.29677
4.33711
4.38789
4.3955
4.35803
3.40971
3.3245
3.12302
3.35007
3.46962
3.55962
3.63462
3.69596
3.5873
1.70279
3.22173
2.46385
2.81393
2.88897
3.00597
3.09282
3.16778
3.19932
0.625522
2.70564
1.97508
2.43212
2.50284
2.6355
2.73034
2.81793
2.86417
-0.00302675
2.15274
1.68443
2.18861
2.26749
2.40202
2.49797
2.58764
2.67885
-0.130119
1.94068
1.62051
2.06876
2.14075
2.25947
2.34427
2.41735
2.57037
0.172198
2.02591
1.72809
2.03354
2.0805
2.1729
2.24372
2.3177
2.39399
0.456833
2.15881
1.85729
2.02186
2.0436
2.11015
2.16942
2.24247
2.28744
0.612795
2.23684
1.94592
1.99952
2.00362
2.04947
2.09969
2.16373
2.222
0.754215
2.23461
1.97604
1.95126
1.94806
1.98117
2.02666
2.08343
2.15728
0.775304
2.07077
1.91463
1.86457
1.86955
1.89983
1.94483
1.99478
2.10138
0.674754
1.75932
1.76643
1.74217
1.76924
1.80631
1.85609
1.90942
2.00582
0.602054
1.44785
1.59336
1.60449
1.65472
1.70142
1.7554
1.81226
1.8819
0.583056
1.216
1.42581
1.46597
1.53395
1.59122
1.65098
1.7145
1.7919
0.514588
1.0457
1.26283
1.33141
1.41016
1.47629
1.53992
1.61067
1.66123
0.342226
0.945845
1.10333
1.20194
1.28397
1.35694
1.42431
1.50594
1.47991
0.00775188
0.959501
0.96318
1.09219
1.17114
1.24628
1.31485
1.39749
1.34969
-0.421595
1.01797
0.75073
0.90575
0.988225
1.07634
1.17185
1.2847
1.22058
-0.542016
1.39416
0.971327
1.10657
1.14819
1.15034
1.20397
1.30559
0.657279
12.4058
12.4185
12.7106
13.183
13.7336
14.3826
15.1232
15.9523
16.86
17.8307
18.8513
19.9029
20.9574
21.9991
23.0045
23.9441
24.8033
25.5617
26.2022
26.7198
27.151
27.6462
28.0343
27.8072
27.3501
27.3756
27.9852
28.8752
29.5608
30.2232
31.0261
31.5812
31.7837
31.7979
31.7049
31.5177
31.2531
30.9716
30.6969
30.489
30.3892
30.4405
30.6941
31.1725
31.7808
32.427
33.1685
34.0271
34.8483
35.6356
36.5044
37.3919
38.2175
38.9552
39.4566
39.5851
39.3361
38.9025
38.758
1.82271
1.36677
1.03798
0.721767
0.436487
0.19605
-0.0219941
-0.258091
-0.492857
-0.681457
-0.813349
-0.886883
-0.899286
-0.84954
-0.737275
-0.562639
-0.325629
-0.0232634
0.351488
0.809799
1.36966
2.05794
2.86402
3.83427
4.70006
5.10782
5.07467
4.52474
3.77982
3.2041
2.7993
2.51362
2.2975
2.13297
2.01048
1.92066
1.86169
1.83704
1.84938
1.90025
1.98864
2.10812
2.25319
2.42234
2.56726
2.60321
2.51627
2.36083
2.2515
2.19663
2.1775
2.3411
2.77214
3.51513
4.56809
5.64978
6.64546
7.74446
9.24559
6.0194
6.1426
6.23716
6.37558
6.54253
6.73594
6.95317
7.1948
7.46386
7.75992
8.08156
8.42624
8.79164
9.17391
9.57024
9.9774
10.3925
10.8136
11.2404
11.6723
12.1097
12.5493
12.9726
13.3484
13.633
13.8406
13.9824
14.0351
13.9809
13.9095
13.842
13.7726
13.6964
13.621
13.5528
13.4975
13.4614
13.4521
13.4768
13.5416
13.653
13.8141
14.0294
14.3
14.6252
15.0038
15.439
15.9262
16.5418
17.2484
17.8744
18.4504
19.0651
19.6828
20.2407
20.6954
21.0477
21.3691
21.4391
2.82996
2.66298
2.56726
2.4954
2.44422
2.41706
2.41382
2.43482
2.48144
2.55581
2.66028
2.79691
2.96696
3.17184
3.41155
3.68558
3.99253
4.32958
4.69373
5.07998
5.48223
5.89121
6.29309
6.66912
6.99143
7.2368
7.39368
7.46093
7.45296
7.39788
7.31148
7.20197
7.07456
6.9335
6.78161
6.62223
6.45832
6.29361
6.13337
5.98295
5.84943
5.74017
5.66523
5.63485
5.66144
5.75685
5.93482
6.20622
6.56725
7.07335
7.73759
8.45965
9.16946
9.8631
10.5765
11.3122
12.013
12.6866
13.4048
4.12452
4.16327
4.20686
4.28023
4.37412
4.48734
4.61878
4.76766
4.9329
5.1132
5.30788
5.51606
5.73645
5.96876
6.21172
6.46454
6.72615
6.99454
7.26848
7.54534
7.82172
8.09255
8.35099
8.58965
8.79888
8.97324
9.10809
9.20276
9.25915
9.28438
9.28513
9.26508
9.22964
9.18393
9.13089
9.07687
9.0256
8.98025
8.94933
8.93834
8.95427
9.00465
9.09817
9.24344
9.45019
9.72546
10.0762
10.504
10.9996
11.5819
12.2767
13.0097
13.6968
14.3144
14.8779
15.3862
15.8133
16.1986
16.4342
3.02165
2.94572
2.91111
2.90127
2.91118
2.94239
2.99562
3.071
3.1689
3.28876
3.43174
3.59728
3.78537
3.99517
4.22521
4.47363
4.73819
5.01309
5.29813
5.58889
5.88131
6.1677
6.441
6.69622
6.92001
7.1116
7.26246
7.37533
7.44936
7.48688
7.49415
7.46859
7.41811
7.3486
7.25621
7.15393
7.04059
6.91098
6.78525
6.66644
6.56408
6.48781
6.44856
6.45859
6.53235
6.67557
6.9019
7.21362
7.61326
8.09729
8.66009
9.27556
9.93023
10.6047
11.2423
11.8218
12.3571
12.8692
13.3503
3.30499
3.29621
3.30805
3.34541
3.40106
3.47514
3.56582
3.67425
3.79913
3.93747
4.0904
4.25612
4.43592
4.62746
4.82866
5.03922
5.26185
5.48151
5.70938
5.93755
6.16911
6.39255
6.60451
6.812
6.98593
7.14692
7.27292
7.37993
7.46018
7.51105
7.54802
7.54727
7.52833
7.50446
7.4474
7.39962
7.34784
7.26167
7.20586
7.15812
7.13111
7.1319
7.16797
7.25024
7.39997
7.6015
7.88458
8.23515
8.65965
9.15026
9.69372
10.2688
10.8605
11.4564
12.0087
12.4902
12.9032
13.2793
13.5765
3.03732
2.97304
2.93803
2.93427
2.94241
2.98029
3.02689
3.11407
3.21611
3.30456
3.43963
3.58298
3.75269
3.94559
4.14565
4.37319
4.61997
4.80165
5.01942
5.24752
5.49891
5.72839
5.93555
6.17512
6.32462
6.49563
6.59752
6.70548
6.78608
6.83555
6.89511
6.87158
6.84477
6.84484
6.73603
6.71745
6.72807
6.5231
6.40967
6.29884
6.21131
6.14588
6.1082
6.11283
6.26541
6.3757
6.64808
6.91615
7.2232
7.622
8.11404
8.68588
9.24288
9.80712
10.3768
10.9318
11.429
11.9436
12.3463
2.95897
2.97737
2.97222
3.02187
3.06914
3.15063
3.21314
3.26839
3.3825
3.57713
3.62382
3.76745
3.96328
4.10483
4.32646
4.40643
4.65209
4.84275
5.056
5.20643
5.42549
5.59093
5.75735
5.97798
6.06977
6.23127
6.29302
6.3933
6.52242
6.45727
6.63649
6.59948
6.50124
6.55361
6.41538
6.46641
6.29814
6.04774
6.15606
6.05659
5.997
5.9996
5.92886
5.94666
6.05856
6.11231
6.30047
6.48109
6.91934
7.33307
7.73624
8.18159
8.65494
9.24833
9.78885
10.2295
10.6751
10.4955
11.0063
-4.87916
-4.81858
-4.41931
-3.87999
-3.24023
-2.62586
-2.1175
-1.62681
-1.11858
-0.69138
-0.358397
-0.0261373
0.274253
0.54378
0.957978
1.5601
2.22324
2.91513
3.68863
4.57634
5.58333
6.72191
8.06793
9.80784
11.438
0.558725
0.634034
0.496831
0.347477
0.347222
0.509451
0.733815
0.980745
1.20601
1.274
1.16532
0.994755
0.831328
0.733617
0.807169
1.0569
1.3108
1.42408
1.48068
1.63804
1.90062
2.21035
2.53791
2.9133
3.02008
-0.555332
-0.493768
-0.399213
-0.283392
-0.0990134
0.136498
0.377775
0.601616
0.786165
0.881035
0.885144
0.848744
0.806713
0.795582
0.872661
1.05059
1.28447
1.53933
1.83225
2.19557
2.63456
3.14687
3.73635
4.41025
5.26092
-0.106279
-0.0694637
0.031331
0.129941
0.258331
0.408286
0.563507
0.70791
0.828272
0.907027
0.944909
0.961629
0.976007
1.00669
1.07486
1.18634
1.32898
1.49192
1.67898
1.89801
2.14644
2.41235
2.67785
2.90318
3.1419
-0.0360164
-0.00313714
0.102216
0.20583
0.330729
0.463441
0.597125
0.718683
0.821519
0.898154
0.949533
0.986689
1.02204
1.06708
1.13526
1.23329
1.36073
1.51629
1.70256
1.92239
2.17808
2.47015
2.80543
3.17968
3.70259
0.0824553
0.130028
0.23626
0.331
0.44387
0.555632
0.66937
0.770978
0.859499
0.931343
0.985737
1.03046
1.07474
1.12409
1.18811
1.27222
1.37865
1.50849
1.66259
1.83954
2.0397
2.25762
2.49271
2.72282
3.03161
0.225631
0.221764
0.336844
0.418978
0.524982
0.6213
0.724973
0.813948
0.894143
0.963367
1.01668
1.06246
1.11047
1.16027
1.22165
1.29935
1.39645
1.51591
1.65882
1.82186
2.01066
2.21991
2.4605
2.72546
3.10222
0.362357
0.291689
0.428988
0.495712
0.60062
0.684167
0.785635
0.863638
0.935321
1.00232
1.05033
1.09228
1.14449
1.19416
1.2528
1.32589
1.41549
1.525
1.65482
1.80008
1.97507
2.16417
2.39945
2.66002
2.98639
0.360933
0.33755
0.530972
0.571318
0.671195
0.722407
0.823764
0.885148
0.972346
1.03696
1.08664
1.11768
1.16047
1.20139
1.26065
1.327
1.40909
1.51149
1.65931
1.8016
1.9565
2.14252
2.34076
2.44933
2.64782
-11.4066
-11.282
2.46865
5.41175
1.47537
1.3879
-2.80139
1.92155
1.46282
6.28466
-11.713
1.89117
-12.694
0.660775
-7.54288
3.24965
-5.99733
5.38732
6.32967
-15.6069
-17.0382
3.71416
-10.8882
3.32322
1.88207
2.68036
1.84864
0.850778
-10.1501
-8.86709
6.63982
3.21475
-13.6404
-11.7918
-9.50056
1.76553
-3.88449
-7.27024
-5.84386
3.9074
-12.7219
3.75481
3.10179
0.721448
1.90606
5.16996
-11.3315
-9.46535
-9.48614
-12.7412
-11.3127
-11.7829
-15.4662
5.43282
-2.59982
1.62753
0.641586
-16.4427
1.12449
-8.41394
1.97521
3.19433
1.49064
3.32302
1.87973
0.660376
2.97331
3.33041
-10.2429
-11.4927
1.04035
4.31267
1.56929
-14.9787
1.47812
-17.9234
-14.1792
-11.4087
0.774605
5.503
-11.5645
2.15407
2.17887
-8.31104
1.64035
2.0404
1.54794
-11.5998
-13.8273
2.3724
2.73596
2.3077
5.16354
1.9463
1.47269
-11.5624
2.57421
-11.0147
3.68138
-8.52891
1.14446
-13.1901
1.10919
3.75998
1.20043
1.11664
-10.8851
-13.5426
2.513
-8.27326
3.15594
2.19421
-9.39372
3.65113
-16.1462
-9.39617
-12.8219
4.24009
-13.4748
2.3844
2.90409
2.10836
3.49103
1.98317
-13.4314
3.12061
-12.0139
-16.3921
0.493829
-9.75911
2.31233
-15.1115
-11.1065
-9.03463
0.606417
1.56301
1.98884
1.24918
2.20726
-15.0953
2.31288
-4.74387
-9.07226
2.93756
-9.86135
2.83926
5.00365
-15.7953
2.08265
-9.60878
-0.674513
0.16597
4.91619
-7.96066
1.82463
-9.47293
1.43318
4.01176
-12.1474
4.49578
3.32227
1.10282
2.54833
-11.0424
3.74975
-8.18056
0.590772
1.67978
4.25041
1.41813
0.65959
3.45304
3.14011
-8.49108
2.55519
0.841661
-14.198
-10.6458
-8.92748
4.3286
-11.4898
3.5886
-14.6217
-11.412
1.18842
4.20801
-8.57646
2.4623
-13.494
2.58289
-9.19839
-9.23016
-1.61629
-3.85119
-8.09694
-13.5511
1.50305
3.60455
-9.55343
-10.2425
-10.5119
3.95353
2.32715
2.3873
-0.435988
4.45647
3.43576
1.17792
-10.1922
4.0302
1.18607
2.01667
-11.4971
-0.588463
-0.741019
-12.4522
1.37982
4.36192
6.35964
1.84804
1.09123
3.80038
1.90026
3.27142
5.29212
-12.6943
2.75947
-5.68957
2.49756
1.53582
-9.16515
1.88578
3.41404
2.37866
-5.46864
5.03229
-11.9463
0.900419
-11.768
-7.41251
5.36577
1.88904
3.89496
0.785938
1.55193
1.75809
3.07969
1.20649
2.99324
3.92911
2.54936
0.890112
3.73331
-10.0257
2.9191
1.50031
-9.28299
-13.8869
-12.1445
9.34982
2.73756
0.498497
2.33312
1.73098
-14.9502
2.06015
4.82294
4.75482
-3.66113
1.70551
-16.1282
-2.08778
3.54028
4.37206
6.95637
4.68033
3.16332
0.278247
0.5712
-11.0238
0.770799
-0.586995
3.60532
4.79694
-8.61507
2.56481
0.99117
5.44444
-12.0063
-9.1433
-5.17811
2.75347
3.48843
-12.0446
-10.0587
-12.5719
-11.1806
2.60801
4.3341
-9.3187
-10.2988
3.10381
4.18013
2.50489
-10.0508
4.34472
-17.4472
3.19733
-15.2575
2.35125
3.78402
4.25456
-13.7678
0.651629
3.51082
-3.41907
-11.3018
3.76401
1.90328
-8.44489
-12.7458
2.54325
4.16369
6.51809
1.73273
2.08225
-12.92
-13.7219
2.88052
-16.0212
3.54999
-8.23915
1.08938
5.70032
-11.9756
2.00001
2.02653
2.26797
2.38657
3.07687
2.01394
1.81384
-9.19519
3.30183
-14.9804
1.40171
1.30804
3.6386
1.62645
-9.65877
1.35655
5.29844
3.15458
-12.5141
-12.0765
5.25092
-7.79215
0.3745
3.81094
-8.36004
-10.3957
-10.8045
4.37354
-12.839
3.83966
1.52332
3.52909
-11.7985
2.15375
-13.1403
4.99298
-8.3722
-10.2818
-4.45697
-11.2082
2.21112
2.22874
4.29779
4.45561
5.21453
-10.981
2.64988
-13.12
0.541388
0.768536
-8.88295
3.99629
-15.6321
-12.0224
-8.96389
-1.32369
4.71279
1.63855
-9.52908
-11.5573
7.40759
3.91673
-13.0284
4.0628
-9.88966
1.86379
3.2803
1.57326
-12.0851
1.74102
4.24045
-3.53623
1.63547
-0.361659
4.0444
-6.1975
2.02203
-9.06248
2.04483
2.61766
4.90129
-9.22107
-9.46079
4.38337
2.66193
3.47362
4.27226
2.35416
1.03878
4.53784
-10.6894
2.42244
3.94866
3.25878
3.23329
1.86547
1.48396
1.89259
0.796843
-3.53469
3.72765
2.59618
3.453
3.57733
4.52589
4.3922
-7.3382
-12.3179
0.126309
-11.8329
4.82682
0.976653
-2.12535
1.12775
0.740971
-4.39081
3.45811
2.39953
-9.20362
4.88399
-11.4869
-8.06712
2.27651
2.72667
-15.5988
2.50529
0.128682
-6.25366
-11.4997
-10.7027
1.67116
1.32573
3.68477
4.35757
-11.4892
0.846014
1.6225
-10.5889
4.60676
2.01005
-12.9124
2.02834
1.49426
-15.6681
-15.6627
-0.844164
-6.48732
4.02972
1.81791
-9.00208
1.57432
2.08149
5.03695
-10.2384
3.53102
-9.98366
2.94992
2.14942
-9.23142
2.06942
1.27372
-8.85655
2.00457
5.06466
-13.052
3.13628
-4.52348
2.27499
0.799008
-14.9687
-11.7866
2.84651
2.57379
-3.30263
2.73493
3.53556
-11.0953
2.80728
2.1271
4.24344
-11.8489
-10.3339
-9.01622
2.17376
-1.19947
5.08228
-9.50227
-15.5833
5.21296
-11.373
5.31903
-10.7911
-13.4355
4.19254
4.42961
0.972227
3.42448
4.30838
-0.297426
2.33695
-0.0731824
2.59637
-9.43751
-9.68495
2.79865
-9.4576
-8.08416
2.85101
-11.3285
3.16071
3.78782
2.51009
1.07524
2.05134
-0.153646
-5.23853
-6.5568
0.527743
-10.0337
-9.20643
-11.1778
1.83427
4.621
-11.3744
-10.8048
2.65277
-9.82068
2.42852
-12.7778
-8.92453
6.87636
-0.99624
1.02651
3.42764
2.44128
-13.8828
5.84035
-7.99047
1.34028
1.40456
-8.937
-9.81475
-10.6617
1.04314
2.5662
-14.5771
-16.195
3.72091
4.81314
2.04567
-12.7757
3.51929
1.39843
-5.11426
5.026
1.36763
1.56939
3.41903
-9.66155
4.70292
1.02734
-12.3118
-9.35045
1.48614
3.59117
-9.17124
0.926224
3.90806
4.11949
-16.0738
3.03573
2.36184
4.00159
5.42312
3.4092
3.4509
-5.7062
1.82694
4.14601
1.05846
-15.9955
4.45894
1.31554
4.19087
3.6902
1.69324
2.32477
4.432
0.0386245
1.52696
-8.58806
-8.48068
0.82334
-12.331
1.33385
1.60042
1.56099
4.13877
2.98903
2.40965
-15.5866
2.56031
1.9936
0.230038
-11.3475
-1.21286
0.76245
0.681487
3.32336
1.49404
4.21935
2.66903
0.17509
-8.75609
-9.4995
-12.4407
4.38036
5.73996
3.10028
5.61423
4.15219
-9.85546
12.0906
-17.1691
3.90529
-10.6597
5.54669
-11.3166
3.00858
1.61697
2.02757
-12.3872
-2.27841
0.662222
-16.1217
1.49614
7.2775
1.7543
-10.1103
3.9661
2.48303
-9.23883
1.82285
5.02497
4.90282
3.5929
-14.8898
4.12226
2.23832
4.81363
0.711185
4.16547
-9.76208
-11.424
2.96782
-4.13532
4.32458
-11.6541
2.18463
4.79254
3.84715
2.58073
-5.08839
3.10285
3.69229
1.15191
3.29875
2.8401
4.43897
5.16999
-8.41318
-10.4063
-0.504825
-10.092
-5.79401
-10.7577
-9.68905
8.32637
1.45112
1.66463
4.23762
2.65121
0.0816591
3.09493
1.90757
-11.4602
4.22098
4.04219
1.28505
3.64699
2.66974
1.79555
-0.367844
-13.0839
-12.2313
5.88582
-9.7356
-2.0614
-10.6874
-17.08
-13.0778
-12.222
4.44296
4.33854
2.9043
3.96621
3.63074
2.38845
-9.49935
-11.251
3.64971
-12.7403
0.306094
4.42678
1.84929
2.16172
-8.25928
3.91442
1.89411
-2.55613
-8.72427
-13.9074
-10.9059
4.24347
4.37119
1.48461
4.04012
-10.6052
-0.725717
-10.9323
-8.57367
1.4213
-9.97767
2.5046
4.29912
1.02412
1.33439
1.27425
4.50464
2.79897
2.01074
2.41116
2.38565
3.15746
2.33001
2.69517
4.08826
-10.4268
-5.4442
3.52182
1.55921
3.24911
-14.9769
1.70418
6.92946
3.83846
-15.9731
-0.604197
4.09526
2.35422
-10.213
3.70934
-14.847
2.53764
-15.6559
-10.545
-10.5548
4.77326
-9.19259
0.433131
4.2045
-11.2583
3.64822
1.85822
2.20755
-13.8192
2.35415
3.23936
1.57565
-12.5247
1.59021
3.51597
-5.80829
4.57195
3.41017
0.345413
-10.5955
-11.4426
4.1779
4.50979
4.09156
-15.9693
-5.14181
3.67543
1.73656
1.31612
-13.6466
4.44243
1.86628
-11.6678
6.77063
2.24155
4.89056
5.67709
-14.5634
2.24454
-16.0392
4.0759
2.08399
-10.253
4.04522
4.48947
4.48813
0.84883
-16.0394
-11.6522
4.2281
4.31525
2.13502
-8.49513
-14.88
2.83863
2.4538
-10.5558
-6.77527
2.49389
1.29112
1.23352
-9.28855
4.22282
-14.0175
3.15255
2.49938
-11.3737
2.82004
5.12077
3.77557
-16.5942
-10.1026
-8.64209
-8.98015
5.34931
-12.4981
-8.90575
4.07646
-2.80404
1.72592
1.25904
-15.5776
2.39559
1.72125
-16.6977
4.01695
4.57576
4.50023
-13.7114
0.494608
3.12103
-11.5998
-10.6106
-9.68603
4.08327
2.28035
-9.64119
-10.3901
-9.87803
-15.1117
-12.7089
0.0658891
4.16261
-1.23943
-8.95793
3.48781
4.11191
0.120124
-4.96496
3.28008
-1.63916
-11.1764
3.06964
1.32026
4.46862
-8.55489
-3.99289
-10.3201
-9.39308
5.40472
0.881292
-0.911236
2.1243
-10.9637
-15.4375
4.1731
2.36738
2.32371
4.35761
-15.5089
-11.7495
2.21408
-9.38931
3.40751
-11.8834
5.02296
1.76779
1.97677
-0.916676
-10.899
0.694735
-15.5851
2.78926
2.95036
-4.96453
3.5609
-7.73401
-9.23937
-8.06035
2.21298
3.63119
-4.11509
2.8161
4.04796
2.03743
-8.89698
2.80734
1.05921
-12.0703
-3.86326
1.31476
2.30069
3.26821
3.78942
1.28538
3.51301
-15.9539
4.0475
2.14857
-9.1479
-15.215
-1.77329
2.61242
2.57318
-1.3865
4.46743
-9.57986
1.40742
1.22988
-9.13631
2.69193
2.22655
0.0601024
1.61686
-10.0532
5.24592
3.9442
3.96767
-3.3917
-3.15267
-12.8716
1.91962
-14.2556
2.91412
3.17495
2.95281
-9.80513
-11.2432
3.18716
-7.41806
4.44344
-9.99306
2.53217
-9.90978
1.56773
1.73688
3.41462
-1.68435
-6.55765
2.38894
4.30225
-15.4376
4.40413
4.02233
1.99777
3.93793
2.44566
-10.0331
3.40163
2.60724
-9.60192
0.931663
-9.01314
4.37384
2.57865
3.26545
5.12345
4.17397
1.27763
-12.8773
5.12342
0.469999
4.34212
2.0324
-1.22116
-9.37636
3.35613
4.54895
2.58326
4.06234
4.50338
3.94862
-9.45909
5.49345
-16.7904
2.73868
-5.28187
-9.60123
0.947314
-15.5671
2.91424
-11.0115
-10.8771
-9.28055
2.12901
2.36573
0.901855
-10.6217
4.24749
3.60778
3.15846
2.1733
-7.5221
0.951252
3.77427
1.27009
5.89735
7.00064
4.89133
-10.7674
8.36511
-13.9683
4.18325
3.36101
4.00783
5.14504
-14.4468
4.4727
-14.7961
-13.8534
1.66506
4.00028
-9.91318
-10.6636
4.40541
4.28867
4.43049
3.99231
5.47544
0.965184
-10.6038
2.46884
6.11755
-13.3286
2.04148
-0.454961
-6.09297
3.84021
1.61145
4.06369
1.082
-12.7258
4.17839
-14.6457
3.3546
1.01855
4.50712
-13.3758
-13.5442
3.65377
6.29775
-12.6973
3.96182
1.26966
-6.05902
-10.5203
4.59561
5.15204
4.50116
0.704324
-11.3548
1.64834
4.59683
-11.3775
-9.40708
4.28933
3.59056
1.40673
6.24512
2.72441
-15.0522
1.89635
-11.0541
2.10399
4.36062
1.80243
-14.6914
3.30905
-12.0184
-6.90398
-7.56099
-11.2474
-9.93671
5.54778
2.91629
-12.6159
-14.8253
2.16472
3.91697
2.2155
1.05379
3.4091
1.93602
2.30096
-4.47192
1.33046
0.897175
-6.25519
1.25155
2.2099
2.87042
-9.3325
4.36411
-12.237
-11.3129
1.24292
3.54076
2.28455
3.17902
2.20366
-13.8937
3.89861
4.4333
2.11278
3.57689
-12.2715
-13.2983
3.37627
2.55138
1.40157
4.29834
1.61588
0.82297
5.50922
1.22502
0.358839
-10.4201
4.37503
2.71692
-2.32262
2.5218
1.87264
2.94773
3.98388
2.25383
3.94152
-12.3243
2.82782
5.23443
-9.48737
1.5233
-1.31996
-6.01963
4.03857
2.49077
4.41869
-8.59042
2.88284
-12.059
4.85479
-5.74192
-12.5769
-16.1291
-10.4307
4.576
2.02717
-15.1875
-13.7933
1.19251
3.98707
4.56192
-11.3416
4.42888
2.73447
4.43758
4.88221
-1.63398
4.47807
1.43852
4.34214
-10.6328
-15.5354
5.20338
5.79432
5.28948
3.49935
2.30444
-7.6483
5.56131
0.0878844
-13.5107
-16.2494
4.06127
-13.4183
-10.1468
-15.175
-11.051
0.407115
-10.3221
-12.0974
-9.09573
4.28152
-9.47487
4.80821
0.820388
5.47185
4.99166
-10.9543
-9.79199
-10.629
-11.8481
0.979052
3.26877
-2.83138
-11.9711
5.09678
-12.5758
4.14517
-15.2149
4.85315
-10.2761
-0.533118
1.21557
2.45867
-15.806
2.15134
0.0360336
-14.8909
3.79516
-9.46619
2.55223
3.23732
-7.4474
-2.6265
2.49832
-14.9337
-7.726
5.73363
-14.5334
5.10848
4.48345
0.863305
1.2933
-11.9508
-10.7368
4.37211
-13.6714
3.41651
-16.4086
5.1225
4.16601
3.33335
-16.6399
-1.50175
-11.8186
3.02775
-9.70058
1.63752
-14.5822
-12.4967
-0.502271
4.49497
-10.2246
3.76434
2.70963
3.88817
-11.9913
-12.3141
1.95501
-13.7481
2.54817
2.45328
-3.86851
3.1263
2.00497
-11.4077
4.666
4.11533
5.16366
2.14086
3.5458
5.80451
-12.5696
-10.9232
2.24282
4.92231
2.65405
-10.8328
-10.963
2.05491
0.434648
1.06646
-13.9786
0.403534
-1.85752
-10.7786
1.79021
-14.6884
-12.6498
1.92516
2.05916
4.72641
5.13113
1.72449
2.90157
1.22226
0.846816
-11.7053
3.22524
-13.1496
1.88032
-12.006
3.72833
-10.9206
-0.530615
-14.4504
-10.2596
1.3219
-0.210882
3.5818
3.65685
3.40317
-9.88691
-9.32819
4.47168
4.22444
2.95349
3.99723
2.02296
2.60875
-12.988
-9.44951
-15.2763
-13.1313
4.87433
1.69885
-11.1535
3.70953
-10.3536
4.06172
2.09225
1.21527
2.78245
2.05981
3.01857
2.04578
-0.283601
-12.8607
-10.6081
5.66801
2.02231
-15.4031
0.479839
2.31335
-9.58768
-11.2041
-9.06649
3.31704
-15.9772
2.22628
4.98995
4.62887
1.89411
8.93285
-6.46193
-10.8227
4.09697
0.996429
-14.8994
2.59228
-11.7768
-8.89576
3.00331
0.639361
3.80909
1.09091
-11.7402
1.38672
-10.4819
1.08141
3.89245
1.16985
5.16982
0.510241
4.84227
3.07666
4.1138
1.67518
2.50159
-14.3408
5.01579
-6.2968
2.73331
3.12428
3.47507
1.20429
2.27639
-1.93637
-11.6393
2.75134
-11.3245
6.30267
-13.259
4.02814
4.64007
1.95975
1.69141
-9.89574
3.16991
3.3369
0.00625785
-5.29779
4.00029
5.32652
4.86759
4.13098
-4.06159
2.18733
2.64742
-14.1187
2.16382
5.82382
3.08109
-12.1455
3.17129
-10.9915
-10.8509
4.66271
3.96842
4.14626
4.04743
-13.616
3.7758
5.47062
3.56169
-15.0912
1.20471
4.48698
1.69629
-5.44804
-6.56556
1.2772
2.42321
-9.02464
4.59785
1.23137
-9.46807
3.02273
-1.47081
-11.1133
6.51172
-11.6858
4.24616
3.04407
4.9924
2.02372
-3.67706
-8.80024
3.37001
5.58443
-11.6609
3.35768
4.5073
4.19919
0.671707
-4.28722
1.7546
1.5646
5.90142
2.73161
1.60514
2.78397
1.19827
4.88618
-7.23462
-14.2135
1.6054
-10.6109
1.24742
-14.9551
-10.8195
-13.9605
-9.23603
4.95801
3.90065
-15.0692
4.45353
3.60033
-9.62066
2.92205
4.59826
-10.8717
-12.6228
3.57619
-9.10184
1.53188
-10.4856
1.34867
4.32525
-0.151347
0.859195
-14.9854
3.22555
4.30898
0.66848
2.69391
-8.02756
0.190554
2.89217
-11.0633
0.74102
-11.2904
0.925119
-13.6055
3.1067
4.44333
2.2925
5.34452
-16.3469
-8.60916
-15.7293
1.51819
-12.1444
-11.0758
5.19001
-15.0549
-1.03708
4.29939
-16.3901
-9.98183
3.3879
1.24815
1.423
-12.9601
1.91285
4.43325
-11.8103
-15.407
0.788099
-13.1181
-12.0938
2.07334
1.02592
-3.05942
1.22996
-16.2803
1.28283
4.1919
2.0925
-8.4333
1.6191
-2.0096
-11.2628
1.80527
-1.79087
-3.33499
4.18899
-11.3106
3.83716
-16.6412
4.05289
2.11596
2.90469
5.19618
2.37911
2.67192
4.07121
1.33146
4.54267
-11.4862
-15.6067
2.41088
-16.6076
1.69214
2.16268
3.13651
3.3907
3.04261
-6.89449
4.45918
-3.66
-11.8547
-5.68927
-14.2485
5.11361
3.86106
-12.2039
3.64923
2.08422
2.94452
1.92601
2.36182
-9.51455
3.74215
4.43495
1.79779
1.08982
1.02812
-5.01003
-1.52764
-2.37562
-10.7893
2.42628
1.99435
4.43467
2.92712
1.82611
2.30918
1.11513
2.0825
5.01492
4.07772
4.44578
-2.40702
-11.9096
-9.8035
1.22058
4.30727
-1.69677
-9.10706
-9.79914
1.52493
2.41585
0.637906
4.11453
1.81498
1.21553
-9.16549
-1.54586
1.96727
2.59183
3.27472
1.21882
-11.2731
1.51201
3.27305
2.36091
2.7822
-10.2052
5.16254
-7.85071
4.8998
1.29939
1.2191
3.9286
-10.1836
-0.673515
3.22882
-12.8617
-15.5108
0.269548
4.34627
2.77037
-11.8588
-13.7598
-13.2557
2.17325
-15.5736
4.35625
8.26117
-7.897
-9.56264
1.92912
2.25761
-2.06166
-4.78612
4.53636
1.6094
-9.79649
2.03403
5.11576
2.90519
3.81198
4.5439
5.40879
4.32975
4.09632
-11.2591
3.64906
1.71036
1.45256
4.04813
-0.231903
1.26812
-15.6866
-1.43399
-1.47793
4.57898
3.69638
3.48015
4.61746
3.01999
2.04976
-15.7531
4.1887
1.31853
5.0912
2.2187
2.68713
1.31621
4.14454
-12.2516
1.82508
-15.2463
3.21587
7.18134
3.75493
3.29694
4.48516
-10.8522
3.769
1.46924
4.09144
4.11438
-11.0317
2.37915
3.93304
-11.8054
-12.7043
1.75759
-10.1487
4.464
-14.0823
4.24863
-12.5838
4.36513
-3.2849
2.28612
-10.9549
0.829303
-11.2058
-9.185
-9.79147
0.345792
-13.0748
2.18392
1.48192
2.16237
-10.708
3.85167
1.38441
-16.1457
-10.2329
-10.8414
4.94466
-13.4915
1.25697
3.39505
1.90158
-0.874577
4.0835
-5.70465
3.17358
2.7225
4.97123
4.47329
4.32952
-12.5916
3.98499
5.4356
-10.2567
-1.05019
1.54653
2.20318
-9.50547
3.63401
3.70572
-11.8168
4.63947
-0.453337
-3.33527
3.63235
1.00249
-15.9679
2.35441
4.23314
4.34152
1.82959
4.62219
2.69041
-12.2385
1.6553
-11.3547
0.734179
1.19536
-10.0912
0.0271246
0.475165
4.20512
1.62964
2.69026
1.66776
-10.295
-10.4373
4.09342
3.18499
2.62687
-12.2163
1.24594
-1.68339
1.67703
1.1911
4.06851
5.08829
-2.62469
1.2332
-14.3571
-13.2359
4.12535
-9.87734
6.27017
-15.3772
-0.870175
1.87255
3.34728
1.23959
3.39702
3.17223
-11.664
-3.51352
-11.6798
-9.78086
-16.0237
3.56332
1.6786
-4.18034
1.75067
-3.03698
-12.6911
4.12539
-9.95295
-15.4808
-8.95147
3.9817
1.64807
2.3845
4.57869
-12.0913
4.41477
-11.5824
3.76473
4.58885
1.06742
-10.2984
-12.9082
2.64626
4.46505
5.2506
4.18895
3.10001
-1.46624
-15.6231
3.28712
2.03876
-11.3019
4.33745
-13.7054
4.41505
2.63319
5.07565
-10.224
3.68068
2.36446
4.03809
4.17758
0.890524
2.83033
-9.88696
0.957203
2.4165
3.21305
2.20395
-15.8515
1.65559
1.53005
-6.45823
-10.4397
1.19713
-14.9664
4.34275
-9.20403
-16.4621
3.76907
0.948102
2.91915
2.69786
1.49175
-13.0242
-0.978959
5.75824
1.81295
-7.07871
-3.98968
-8.44793
-14.2035
-0.0151563
5.10559
-11.0695
1.21101
2.02366
2.22481
4.72996
-14.5562
-12.8947
3.66267
-15.2065
3.4877
-16.0489
0.78481
-9.56561
-12.9873
-9.38256
3.71704
0.954576
4.09466
1.23394
-16.9294
-5.16685
4.40971
-1.19349
1.54877
-11.3278
4.00627
-3.86932
-3.48749
-9.51839
1.19497
-13.0846
0.58389
-12.1208
-10.5945
4.23217
1.37367
3.14935
5.67979
2.72304
-4.7269
4.21788
2.75554
-13.8895
1.51587
0.33488
0.79675
3.72917
4.95833
-15.0605
-13.6202
0.678787
-12.4146
2.29667
4.00746
3.13676
-10.9033
-13.534
-11.2771
2.79849
3.69996
4.06242
-9.70273
0.660595
-1.11492
2.61822
-12.9327
2.7695
0.614384
-13.9929
3.85143
4.54208
1.26719
3.98675
2.5044
5.71232
-0.979315
3.11961
3.77584
-11.8441
2.82127
-11.2482
-12.047
0.678445
-6.13753
5.34414
-9.7684
5.27524
-11.3523
2.1791
3.70675
4.76652
5.14275
3.05895
0.0679494
6.23868
-16.3722
2.98244
3.71527
2.4645
-13.2084
3.69934
3.64887
3.1181
-13.8413
2.54333
-9.05255
-6.34521
6.44895
5.50251
-2.69286
-14.4252
-14.5708
-2.06008
4.40298
1.29249
-13.3053
-11.533
-10.4
-10.6379
3.78028
3.2289
2.77421
0.759404
5.3274
4.11254
4.5228
1.64674
4.13529
-14.6183
3.51024
-13.7169
4.65869
2.60213
-2.85055
2.66918
-16.4627
0.869623
1.49866
2.18759
2.3303
4.46695
1.47017
-5.37968
-0.0493244
2.79078
-3.41333
-12.9436
-10.6089
4.48333
-0.193732
-9.76354
-13.4114
-11.4402
-12.2203
-8.77893
4.23899
3.35473
3.29208
2.42588
-15.291
-12.6509
1.5677
4.41494
1.02774
5.5001
-10.7308
2.84106
-15.801
2.11258
1.35812
2.60853
-10.2612
2.74915
-15.7949
-10.9348
0.691722
0.664766
2.68425
5.09087
1.23614
1.94937
-3.80235
4.46265
4.14249
2.43711
3.92021
0.876451
-11.0459
-1.64238
-1.45175
-3.57332
-11.2831
-11.2525
0.990424
2.91299
-9.74436
5.21352
2.3092
-16.4328
4.1608
3.95306
3.14233
-0.897668
-12.3253
3.12706
5.02793
3.37287
-12.942
2.7641
-14.3371
-13.225
-15.0679
-13.0301
-9.02821
-13.4773
-13.6346
-10.3239
-7.22424
-15.7786
-15.0802
-10.285
-15.3782
2.33662
-13.7561
5.6154
-13.4423
2.49707
-11.4279
1.95858
3.17574
-10.3344
-10.5869
-10.2034
0.533102
-0.88279
2.7045
3.12639
4.3227
1.31703
1.34035
3.52412
2.00597
1.00507
-0.839808
3.90729
2.22923
3.66235
2.82305
-11.8413
1.71525
-6.08015
-12.974
4.09755
-1.66914
4.28952
-14.101
-11.0236
4.39119
-13.3995
-9.27345
-13.6635
0.823102
3.6633
3.72763
4.2558
2.9953
3.56739
3.39448
3.79903
-15.9445
-15.2132
-11.8214
-15.62
3.53648
4.14667
5.20067
3.95605
1.07243
4.87523
3.86732
-0.28368
4.43045
0.799857
2.77589
-13.6997
-11.9878
-11.3393
3.99099
2.67373
1.52103
-10.0683
1.40269
-14.183
3.73
5.2206
-8.5252
-13.605
-6.83311
6.98803
0.244318
4.44143
2.79481
-11.973
1.21464
-9.34621
1.20106
1.24648
4.42534
-13.7995
-3.53392
-2.2279
-11.2955
-15.2322
-8.9614
2.23108
3.33648
3.70787
-10.494
1.38464
2.03302
1.43284
3.21696
-9.16848
-3.73754
1.56783
1.42345
4.38726
2.35933
-15.5453
-13.6464
-16.0961
4.16272
1.49348
-9.79607
0.317594
1.69224
-13.7521
-15.8391
1.27158
2.90966
5.13619
1.01141
3.90784
4.31134
-16.0836
1.25499
4.20342
2.37977
-8.94555
-13.2272
1.19025
-15.8509
-12.729
3.55535
2.54934
0.553266
3.80504
2.64306
0.65761
5.35609
3.4137
-13.078
-13.1059
-0.00234488
2.98439
3.59088
1.98979
4.40726
2.91535
1.43768
4.82676
4.85319
3.99887
1.53479
2.6108
1.35268
-10.0932
1.13996
3.17723
-16.4086
3.77612
2.25009
3.29818
1.59937
-9.71745
-11.6066
4.39518
-7.18101
2.60457
0.701092
-12.3367
3.6885
2.57297
-1.15356
-9.04192
-15.1441
4.96332
2.56468
-15.137
3.31001
1.99124
-10.8779
-6.59831
-12.5659
-7.44137
-1.32512
-0.661004
2.27738
3.27195
-14.7566
-13.2549
4.42508
1.18707
-11.9837
0.792246
-9.61272
0.923474
3.43253
3.80194
4.27857
-11.2882
2.9981
-12.6402
5.09482
-4.27301
-12.4437
-9.60335
2.67271
-15.2609
-7.64104
4.30308
1.43513
2.13513
-15.6114
2.41448
1.24111
1.22172
-15.3994
2.12266
4.31029
3.13602
-8.11134
2.44576
3.00582
1.96849
-11.2585
-14.0989
-11.794
-8.49514
4.45326
-3.89157
-12.6651
-15.7788
0.894709
4.87765
1.49733
3.25958
3.46445
-9.29641
1.58606
-12.8038
3.62683
-6.76587
-13.7577
-0.265203
-13.275
-1.46209
-12.5079
4.81028
1.33057
1.38854
-2.74426
2.04784
-9.06716
-6.26701
-6.24829
4.69026
5.04635
0.829264
1.76574
2.55927
1.99094
1.42969
1.9641
-9.70947
-8.86422
3.92219
-9.29037
1.41577
-10.0187
-12.108
-5.10703
5.00737
-10.3145
-7.1355
12.048
-12.2226
-9.45154
-9.35906
2.08269
-16.2274
4.41778
3.27945
-7.63763
-12.552
1.3998
-5.97445
-14.3252
1.2678
4.04585
-8.11036
-6.57225
3.86558
4.42321
0.427558
-9.21905
5.01539
-14.8067
-15.4578
3.65036
0.898257
4.26618
1.16048
-6.3885
4.3829
1.241
-13.6496
-10.9008
3.13518
2.52377
-5.22009
-15.0799
-9.93614
-11.11
1.87206
-12.3766
-8.56301
4.43145
-9.39945
4.45525
3.30449
2.62981
6.14531
3.46402
2.32243
-5.2374
-8.13755
4.07679
1.14167
4.39795
-9.98193
-8.57438
1.83183
1.97339
1.68604
0.192614
4.43385
-9.64149
-3.22863
2.19475
-9.7376
-13.4742
-7.50948
1.86352
-13.4061
1.76533
-10.1061
-14.8527
-11.4041
-5.78274
5.03219
-13.5853
4.35879
-13.4699
-12.5019
4.23084
3.15805
4.22925
-13.206
2.43513
3.34395
1.95749
2.53486
-12.7681
-9.64931
-12.1023
2.3793
4.35043
-8.82033
-13.2336
1.67901
4.31689
2.75836
5.50634
-9.17981
2.62903
-6.51974
2.0616
3.8267
-11.5497
-14.6188
-13.3363
-10.318
6.4291
1.26207
3.67472
-12.5147
3.80983
-1.81319
-12.1515
2.76549
2.25618
-11.7688
1.9719
-11.8236
-10.9565
-11.2491
4.79387
-3.50489
6.56892
4.21007
3.44835
-10.347
4.42437
-13.8406
1.82918
2.60244
-1.85306
-2.68613
-11.4684
-9.12464
4.23154
2.74743
4.03126
-13.5539
-7.31369
2.29036
-0.570968
3.93437
4.77195
1.39963
4.40099
-2.68007
3.7513
4.82559
-0.320303
2.01778
-12.1436
3.29177
-7.54594
1.77478
-15.7392
4.95096
-11.4607
-10.6664
-13.5111
-2.55917
-10.6076
1.22784
-12.9563
1.23967
3.77083
-10.0674
1.38046
0.429816
1.79855
-9.45694
-2.60066
2.27039
-9.29457
2.50776
-5.76602
-10.6439
-4.37661
1.18017
-10.5688
-10.3579
0.993952
-0.839016
-11.8469
-15.3686
-10.2376
4.35583
-1.14871
2.07011
3.99647
-3.20506
2.71123
2.87567
3.48119
3.08441
-12.1263
-10.9395
3.51641
1.6726
-11.2392
2.0027
0.85699
5.24341
-9.18616
-3.96983
-11.3392
1.96461
3.07303
-15.982
-0.85586
-9.10114
-5.36068
-10.7415
2.01815
-14.3435
-6.97924
-1.1888
1.92397
0.725714
-6.87202
4.84905
3.40083
-12.0784
-3.72322
-8.92962
2.39019
-3.20927
-7.70367
-6.19685
0.914464
3.73464
2.84205
-12.4045
-13.3895
-13.4609
-10.5872
1.20486
1.22472
2.66145
-6.11764
-12.9928
-4.48098
1.78795
3.95326
-5.96336
-15.2435
-15.023
-13.0551
-12.5946
-8.40813
4.36095
-9.56562
1.4434
4.21218
3.78071
-11.6576
-12.2426
-5.63883
-12.0971
-6.41847
3.57993
-8.86068
-10.842
-14.7575
-11.8015
0.246213
-1.97745
-3.2487
-0.432774
2.62958
3.93683
4.47553
-13.9105
-9.43301
1.88343
-10.1233
2.80843
-2.89464
-9.66922
3.96338
-4.79707
-12.1523
-12.116
-4.82144
-15.5856
-11.4959
-11.2446
4.11821
-7.07398
-9.58199
-12.0165
-12.2862
-13.0159
-9.42588
3.73672
-11.4611
2.24158
4.31773
2.2452
-10.7264
0.797489
-8.43319
-10.9237
-6.75428
-8.9625
2.19185
-14.6797
1.88232
4.53117
-10.3778
-9.27069
-8.62517
-0.751285
-12.1992
-1.80529
-9.3355
-2.54416
-14.1218
0.499466
-12.4643
4.27664
4.14276
-10.0709
-10.0519
-10.7609
-10.8938
-4.83046
-9.4643
-13.5879
-9.28214
4.38458
2.04774
1.46902
0.390029
-1.90002
1.87047
-1.02769
-11.811
1.82439
-11.7547
-8.67319
-6.0175
-10.5912
-11.7843
1.55818
0.388815
-11.9565
-1.63141
-9.7274
-11.1516
3.82738
-7.19303
3.66822
1.64498
-11.2414
-11.1332
-12.0085
-12.2061
-6.73173
-7.87845
-9.51443
-11.1832
4.33613
-0.0853868
-9.33416
0.852326
4.34008
-13.1491
5.13359
-3.69501
4.50638
-2.28161
4.51238
1.95229
-11.0737
-10.0264
-10.2306
-1.86548
-14.7039
3.60052
2.19101
-4.32711
-1.17283
3.92908
2.09687
-1.38697
-1.24916
-13.0728
-11.8062
-13.2548
-7.18664
2.11947
4.70617
1.54894
-12.4781
2.43173
-5.24969
3.3177
-12.1341
-11.7541
-1.00413
2.6974
2.28026
-1.33854
1.90489
-0.550024
-11.7308
-11.3186
3.28559
3.87423
-0.171962
0.227831
1.26494
4.82876
4.44145
3.32743
-13.6527
1.99784
-6.11067
-0.272636
-8.29515
-10.7106
2.02518
0.983277
2.65478
-1.16913
-8.6352
-5.3844
6.8646
-7.48868
-10.8925
3.44934
0.731458
4.33377
0.978208
5.02093
-7.08871
-8.51082
3.43545
4.06037
-15.3084
2.58587
-7.08386
-12.576
-10.3142
-12.6239
0.24735
-11.4225
-8.40914
4.29819
3.24401
2.08828
3.2537
4.186
2.20128
4.85508
1.56893
-0.710825
0.815986
2.5974
5.93069
2.32763
-10.3367
4.79078
1.33439
-14.4184
1.97488
0.132874
-5.278
-12.2721
-6.68497
0.708506
2.05656
1.71925
-4.82662
-11.621
-10.3213
1.45554
2.43608
3.81536
1.69358
-10.0453
2.34424
2.14921
-7.04814
-6.56519
-11.227
-5.25606
2.4556
2.0562
1.2347
4.47034
2.38818
2.00331
0.599371
1.76464
3.42344
-0.54048
3.06533
-9.91467
-9.54684
-9.10259
-10.3328
-1.66476
-10.6487
3.93568
-1.70667
-13.6314
-11.9374
-8.69544
-5.44552
4.18392
-13.8106
-15.8731
5.40448
2.38184
-10.0735
0.260472
1.7163
-13.076
-6.26396
2.53617
-13.2024
-12.981
-3.20218
-4.82674
-2.92553
-0.169421
-9.75577
-0.717742
-11.5602
5.23867
-12.8852
-3.01016
1.79266
-10.4944
3.02671
-11.9084
4.36455
-12.6588
-16.094
-7.72481
0.729816
-14.6681
-14.5366
4.07059
0.482118
-10.7565
-11.5714
-6.73135
-12.5789
2.22924
-12.693
0.652857
1.34184
-11.4516
3.98889
-14.3484
-10.3268
3.12339
-9.64873
4.6195
-1.03746
4.30842
4.54632
-0.418877
-11.0966
5.92727
4.64005
-0.1393
6.08849
-13.1255
3.33329
4.94337
-13.3526
-17.3993
-0.00262475
-7.78634
3.39683
-13.11
-7.9331
-10.5559
2.26566
1.55929
4.62551
-12.2438
-5.43222
-8.89432
-14.6423
-4.6488
2.98547
-10.4651
-2.41553
-8.90724
-9.5075
6.03776
-0.267509
-12.0883
-6.13888
-10.8099
4.90648
-8.9882
-10.2901
-8.65547
-5.73091
3.81413
4.30021
0.00678578
4.97473
-11.0915
2.76208
-0.110431
2.67175
-7.8638
-10.537
-0.423682
0.924781
-10.3453
2.86116
3.62985
-10.9211
4.56026
1.28016
2.07651
1.953
0.636169
2.44678
-14.7112
-5.23803
-2.21733
1.91698
-15.4777
-5.99613
-7.53222
-1.32901
-13.9728
-11.7725
4.39097
-11.4936
-12.4026
1.92662
-10.9174
-11.0679
6.53651
2.40524
4.28633
-6.0221
2.66126
-4.47128
1.93138
-10.8055
-11.626
5.50512
2.11307
2.34692
4.17733
2.8968
4.10116
-10.791
-10.3402
1.29311
0.447609
-12.6511
5.54054
-1.52188
2.23673
0.00888524
-11.9773
-0.504203
0.631085
-12.2879
-14.872
-11.0807
-8.83534
8.2865
-0.422021
4.30978
0.162502
2.27594
1.07973
3.19204
-14.5046
-16.0002
4.4365
-1.13569
-2.10524
-11.9794
-9.32641
-3.28896
-15.3399
4.37678
-0.749048
-12.2486
3.38971
-0.340824
4.16003
1.76997
-2.22742
-2.62823
4.40714
1.19091
-10.0736
4.09014
4.74262
-12.7201
-12.0689
1.97937
2.52285
5.36617
1.27206
0.431039
-11.7357
3.13978
3.62621
-9.87248
0.945914
1.37038
1.88031
-13.0272
-10.1846
-0.174565
0.066349
-12.35
-9.79979
0.836977
-0.208242
3.50719
-3.84211
1.40541
-2.26193
1.55462
1.55652
-0.132325
-15.0275
4.29116
2.50919
-13.6912
-12.3165
3.50179
-2.44901
-15.4488
-0.123628
2.14103
2.7345
4.22167
2.38413
1.36801
2.83852
1.28909
3.91091
-12.7557
4.28307
-4.51714
1.42737
4.1245
-10.2442
3.85468
-12.3392
3.48003
0.0338527
-10.0843
-9.70985
3.3888
-1.61066
-0.276359
-4.11888
-9.23663
0.771729
4.04845
5.08685
1.41064
-11.5877
1.33102
1.18411
7.34427
2.41562
0.738866
1.48904
2.46468
4.27361
-10.4375
4.4993
-11.1354
-8.10043
1.3261
4.67957
-13.1629
1.29337
1.89315
-3.19629
-5.12896
0.566923
4.39602
4.49185
2.40703
-10.4621
2.35076
-10.0049
3.8794
2.42304
2.56083
-12.3232
-1.01002
-9.54655
4.60105
1.44513
4.16913
-9.72644
-0.351348
-12.3067
4.17479
2.18995
-10.2864
1.69569
-1.8261
-11.7599
0.171948
0.00332494
2.67361
-1.34849
-13.1122
4.1614
2.48818
0.928029
-10.7252
1.16071
-9.9388
-0.0367445
-10.6241
3.34227
5.43869
0.756595
4.34237
-9.11922
-7.69004
0.199203
2.99243
2.77493
4.27344
1.20028
0.235546
-0.392808
-12.3407
-14.6635
-15.2533
1.45204
1.50207
-0.114843
2.91349
-0.972593
4.25537
-2.76026
-1.47673
1.52481
2.00248
-6.83527
2.36377
-10.1291
0.604996
-4.03317
1.76098
-12.9675
-1.71277
2.88152
4.9183
-8.44634
-2.67391
1.85366
3.02184
-10.4418
1.8704
-14.3409
3.16381
2.0945
4.41303
-5.39402
-14.4236
-13.6435
2.25324
3.65354
-9.05008
-14.5698
2.84452
1.20616
0.797835
5.25049
-13.4133
-10.5502
3.82802
-12.7961
-10.1555
1.54875
2.29305
-1.53416
0.892802
0.744328
4.18511
4.86722
0.18604
-9.59087
-13.6389
5.06794
-15.4651
-9.69474
1.10757
-2.0293
-13.1361
-11.9094
-2.94816
-0.743966
-0.372205
-12.6488
-1.7162
1.95228
1.203
0.489758
2.81393
2.48909
-10.1691
-12.049
4.78826
-13.7895
-13.8086
-9.80075
-12.3439
0.772632
0.910734
-7.99414
4.38701
-15.1452
-4.25435
-9.98095
-16.0596
-9.84958
-14.9547
-13.1214
4.46483
5.04691
2.89052
-12.7523
-0.831421
-12.849
4.76393
2.08521
0.467686
5.082
-7.1077
1.60883
1.34309
4.15754
-14.4921
0.0987882
3.26145
-11.9012
-11.033
2.99935
-1.18154
1.18432
-0.315432
0.741152
1.60585
-10.2818
5.25899
4.20673
4.20187
-1.39132
-3.06888
-9.79384
-11.5969
-11.4152
-13.5426
2.25795
2.42338
-5.59602
-9.94843
-12.1582
-2.70552
2.82508
-4.96855
2.40596
2.26659
-3.53289
4.45692
-4.14282
-2.86843
2.59459
-11.7402
1.74439
4.10978
-14.5154
-14.6816
-13.1584
-13.6864
7.11789
-0.0798601
0.693598
0.680075
-6.06435
-11.3917
-9.9904
4.38882
2.98564
2.91442
-10.8309
-0.329689
3.13142
0.87805
2.22344
4.28923
-6.35187
-9.74328
1.35016
-13.0439
-7.33628
1.75805
1.67748
-11.7214
1.02245
-8.9621
-13.1426
1.10553
4.53055
1.50012
-12.8484
-12.5092
-3.24621
5.42147
2.23059
4.38132
3.4048
1.26165
-12.6042
-11.3234
-12.2252
0.540523
-10.8785
-0.7529
-9.62039
-10.3164
-13.2426
4.89549
-9.14678
4.31758
2.37438
2.6344
2.05177
1.35636
1.42554
-8.85499
5.07282
1.5173
1.05053
-5.10525
-10.7131
3.62599
-1.78824
4.07186
1.38687
4.08188
4.16515
1.09281
2.15084
0.507305
0.933309
0.47038
-4.22816
3.1663
2.35184
3.471
4.37923
-14.9268
-12.9252
3.02344
1.91442
5.0665
4.72687
4.03159
-9.97459
-10.2757
0.0879184
-9.63697
2.06648
-2.208
4.04757
4.36184
-10.6562
0.531277
0.100572
2.09728
2.19914
-12.1785
5.32276
-0.106652
-9.98631
0.622611
2.45135
-2.26654
-8.13894
0.919891
0.265615
-11.6964
1.39387
-9.62705
-2.03916
4.88393
0.582178
-8.92314
-14.8387
-8.54645
-0.210627
-12.0015
1.42813
4.39782
-11.3646
-10.1126
4.37145
2.90611
-1.01706
-1.43268
-8.08592
-14.3986
-9.24374
1.65178
4.5212
-12.759
-10.2865
4.34332
1.31894
5.56717
-13.6744
-9.89904
-14.2965
2.31845
3.11717
-9.07579
4.12602
-11.3895
-11.7198
-10.6705
3.72991
4.02615
-12.8239
-4.20416
-15.9204
4.44104
-13.6997
-11.1128
2.08004
1.10158
-0.23928
-1.08114
-0.228282
3.99382
-13.137
0.859919
0.423044
5.15455
0.126484
0.888902
4.30339
0.767336
1.42684
-11.982
-11.2295
-11.045
-16.2886
0.518152
4.94855
3.86202
3.33497
-0.971038
1.17553
1.8912
3.12057
3.76216
-10.7393
0.646457
2.82071
5.08347
-13.0509
4.06445
4.3884
1.50801
2.14643
-9.432
2.29161
4.2148
-11.6687
-11.2919
1.66077
-3.86356
4.3845
3.08964
4.61033
1.62022
0.332808
4.26182
-7.32078
-7.72267
-3.41728
-1.38389
-0.503965
4.14705
-8.96504
-2.37472
3.13154
2.36839
1.56948
-0.0410344
1.7405
1.56038
-12.4508
2.3049
-12.2399
2.72377
2.39685
0.507315
2.58997
-11.8585
4.60443
2.58027
0.759624
1.69665
3.92583
1.60396
1.28038
3.1087
0.983733
4.71489
3.67127
-14.371
-15.0582
2.38511
4.14604
4.41004
-3.55231
4.30105
-7.4315
3.17066
-14.9353
2.10049
1.25082
4.29119
1.21691
3.45983
0.458782
1.35531
-10.9267
-10.612
2.41446
4.29888
-11.8804
0.531874
-5.35798
0.504401
5.48977
-14.2245
4.12468
1.18289
0.191365
4.27857
-11.4096
-9.43877
1.12498
2.92286
0.60412
3.57339
-0.0227945
-11.8986
4.61862
0.675035
1.71306
2.03994
2.24226
-1.14696
3.4595
3.91359
-10.5004
-5.04907
0.694224
-10.6929
1.45613
3.09405
4.62952
3.64416
-12.625
3.57491
2.32904
-10.4992
4.36451
0.539945
-11.8134
0.586253
-11.3517
2.2853
4.2924
-13.8246
4.79581
1.17455
-12.7225
4.32696
3.20715
4.2732
2.20746
4.26106
0.624275
-7.27766
4.24472
-13.233
3.1295
1.1005
-0.0940995
3.62796
1.19891
-10.9462
2.27614
4.22585
4.41719
4.20532
-15.1417
4.24191
0.175461
4.29917
-11.8634
-12.3313
0.533963
5.5721
2.17329
4.60269
2.75484
-13.0585
-1.75176
1.95355
-13.99
3.15052
-6.09565
3.99286
0.260729
1.64806
2.46032
2.82351
3.80129
4.86261
4.44885
-8.58764
4.57653
-10.5762
-0.445156
3.4186
-9.75759
1.56534
-9.17899
-9.56104
5.04134
1.99843
0.606707
1.68586
2.96623
0.734398
-8.74907
2.5927
-0.912076
2.01085
4.28524
-6.79262
2.71158
1.23335
4.11997
1.51588
4.164
5.08574
-9.31183
-11.7129
-12.6171
1.76493
5.06709
4.44663
-10.1294
1.86207
3.30038
-12.1747
0.657817
3.40899
-11.3647
0.615569
-10.0618
0.793621
-0.401722
5.4506
-11.9411
2.10323
-9.81993
4.91759
-1.01154
4.06285
-2.41469
5.02931
4.45707
-1.92992
2.32444
4.19434
3.45883
-15.7125
-11.9147
-11.178
2.42493
0.495005
4.41624
0.454582
-10.5204
-9.5183
1.70733
4.79014
0.454038
3.2604
2.68188
3.04536
0.327748
1.16108
-13.3575
-8.65154
1.72439
0.203417
-1.73632
0.0549195
-1.62269
3.45766
-10.5964
-9.53207
5.24598
3.68157
0.652652
1.39428
-0.790203
-3.12002
-10.2471
0.546156
3.46575
4.78771
4.34995
-12.5051
-11.0316
2.136
4.61784
1.45762
4.55821
-11.5426
4.43714
-8.42564
4.61008
2.68806
4.92374
-14.2603
4.31286
5.44411
-7.31773
-8.38006
-15.6578
-12.0066
3.16672
4.33617
-0.860186
-8.73786
2.80592
0.483886
0.525979
5.1831
0.534458
5.25842
4.2614
4.46911
3.06413
1.61506
-10.0468
4.64634
-1.54186
1.98763
2.91553
-9.37365
0.561173
4.59746
2.26192
-10.7034
2.57334
3.32317
-8.46013
4.21001
4.284
0.349009
-0.158581
0.600995
4.03044
3.80156
-11.3374
-4.62596
1.14883
2.98688
-11.1216
-12.1237
2.65327
0.970519
5.43292
-11.657
4.58232
4.94781
1.82601
2.34784
2.06052
1.93461
2.11178
1.64267
2.66859
1.28833
-1.6363
-2.10236
0.110521
4.26768
-11.6708
0.612302
-12.4297
5.34744
5.60508
2.61267
-15.7219
2.33198
-0.18649
-12.5645
-10.0636
4.26507
0.684658
4.37332
1.92029
3.46617
-2.20541
4.72488
2.64043
-10.9843
2.46935
0.617378
-14.319
4.4289
5.44666
-10.5236
0.0168437
-7.77337
3.93991
4.68212
2.81017
0.556041
5.31434
4.44738
-12.9533
4.09874
0.207747
2.70217
-5.92401
4.68567
-13.6831
5.35251
-11.2066
4.73402
1.2414
0.723797
1.43769
-11.5883
4.0715
-13.1161
4.46198
1.20338
-1.30468
-14.894
4.60249
-12.1038
3.56607
1.38907
5.18207
1.79719
3.02227
3.79592
-0.714546
3.6737
-4.61006
5.47647
-0.420587
5.52271
2.48239
0.581512
4.89168
-11.8104
-8.23029
2.69518
3.58972
2.79971
4.24338
0.734335
0.557807
-9.53851
-9.77806
-2.09343
5.42923
0.580166
4.94078
1.51525
-10.219
2.55745
0.318312
4.29993
-7.87553
-2.25471
4.80376
-1.53645
5.17837
3.35506
2.73458
-11.5004
-14.2902
2.56917
0.761212
3.28763
3.23476
4.48789
-7.73855
-11.5188
4.28985
-1.39291
3.51277
3.56969
4.95652
3.47726
5.04739
0.275813
4.20502
-12.8886
-11.0271
0.815821
5.37882
0.241503
4.03135
-11.1533
1.79575
5.38839
4.49457
4.07701
1.43871
3.38198
-11.4323
-12.2546
1.94807
4.01467
2.28621
0.849643
1.08991
0.697534
-0.0503028
0.481132
5.26087
0.241583
-16.3277
-7.50022
-1.37915
-11.8269
3.93752
2.75423
-0.120291
-11.3286
1.86749
-11.0108
2.9158
6.04264
1.24504
-10.7694
5.3101
2.82804
-10.7564
4.93842
4.48853
1.55654
4.16868
2.66609
5.37085
5.39229
3.82305
0.842152
0.9279
1.36697
-10.0985
3.27816
-15.3642
4.95857
0.877701
-10.8421
3.43601
0.435326
4.41807
1.83851
0.456138
-2.47568
4.41374
1.83173
4.56073
5.38219
2.49861
-10.6303
0.86981
3.95781
4.31964
0.442746
1.13454
-0.344858
0.239146
0.347935
0.580945
0.811384
5.13331
0.980148
-2.76956
-3.34652
4.94031
4.80538
-10.2566
-12.1229
4.18581
4.50663
5.23925
-12.1307
-7.4907
-0.092758
3.4629
4.39398
4.98739
0.268272
1.98672
3.08632
1.43526
1.82661
3.388
2.2622
1.44167
0.90098
1.35372
-5.47182
2.74767
5.27501
-15.2906
-4.77642
-0.290724
-11.3716
-11.4683
1.72766
1.72395
4.48689
0.155803
-10.5923
-10.8085
1.47939
-4.06976
-13.6161
-4.95069
1.08029
5.34729
3.43265
5.32504
3.57769
2.78781
4.44742
-9.94214
5.27298
1.52571
1.79293
-11.1723
0.505763
4.68929
-3.34721
4.3467
5.10727
-11.4357
1.05411
-6.04903
-13.8403
2.24252
4.47922
0.446612
0.84787
-3.28177
0.144684
1.03358
3.91465
0.44145
5.26467
4.08034
1.7641
2.7369
4.27201
-9.34145
1.94303
1.2923
-15.0159
2.61018
5.24351
6.89387
4.48101
5.25221
4.79367
3.46304
4.66896
5.2277
0.34141
1.49794
2.49396
1.95763
-6.83913
-4.47609
-0.148061
4.71466
2.40385
4.64577
-12.0303
3.76432
1.68894
2.46417
4.92205
2.44902
1.41164
0.826448
-0.292949
-10.5891
1.45594
4.38346
4.75028
3.92295
3.23461
3.38842
4.52809
0.34236
3.46725
0.79491
1.37666
5.30438
2.52726
4.35342
-15.8999
-13.12
-8.09542
4.46878
-16.0908
-8.3857
-15.7146
-8.21188
-8.17282
-15.535
4.78727
-8.52363
-0.535229
1.55585
-7.96426
-15.2861
1.82503
0.536494
1.37385
-12.2357
3.34355
-10.5519
-10.5893
3.24624
1.88668
5.98326
-10.5695
-14.2737
0.965683
3.39005
-15.132
-8.18711
-16.5812
-8.4266
-11.7458
-15.1859
-2.27027
4.86061
4.92725
3.20928
1.62346
1.72254
1.49041
-14.6838
-15.1441
-8.31844
-16.8856
3.83043
-0.722771
-2.52753
-4.32986
0.304166
-7.5476
-10.9103
5.03052
-10.3533
3.50694
0.832108
1.03708
5.56891
1.63961
4.32131
2.60316
4.37769
-9.30151
-5.00122
1.63756
5.15371
3.09749
4.33315
-14.648
1.63468
4.6863
4.7965
-16.3413
-14.9622
4.63694
-13.8244
2.03544
-8.19414
-8.29287
0.937383
4.67355
4.46174
-12.1782
1.96618
1.03597
1.14868
1.27643
-7.6591
0.989112
-1.26987
2.63587
1.67148
0.775629
1.13458
0.909121
4.36397
0.278864
-7.02296
-10.3678
-8.97881
-9.45758
-7.7501
-9.79438
4.35743
1.99354
0.328096
-0.109004
-10.3489
-15.7361
1.12661
3.86345
4.18876
-0.397668
-4.57428
-5.73493
0.751193
0.404504
1.57753
3.19363
4.47459
2.34569
0.540703
5.34975
-11.5456
2.69913
0.98145
4.9269
5.51729
1.97043
-10.5335
8.97739
0.801613
2.85698
3.51104
-9.99649
-6.09625
-1.68305
3.80871
-2.17519
1.41976
-0.994711
0.616762
4.29501
-9.7278
4.5804
4.6654
4.64623
-0.21177
4.7549
-12.7062
-10.0483
1.11848
0.248982
2.63246
1.07679
1.52278
5.14733
0.119153
-12.1335
-13.3114
4.12423
-15.9041
1.31845
3.8205
4.91704
4.32009
-0.942351
-0.0741456
-9.82465
0.33934
0.374461
2.23897
-15.1986
-0.444644
-11.7246
0.710189
-4.93568
0.0642833
3.33051
-16.7195
-2.39787
5.04176
-10.7349
-15.1168
0.434202
0.850271
-16.0097
2.4663
4.73676
-8.87698
-3.47092
0.883172
2.39372
-8.14675
0.962863
-9.79524
-0.0470005
2.57911
-1.68346
0.280801
1.2793
4.31613
0.221557
-8.16799
-17.288
-0.861938
4.26145
-5.17315
0.691886
-12.35
-10.0228
-6.98263
2.3445
-0.656028
-11.8572
-10.1419
4.7943
1.06905
-4.90128
-17.1176
0.715586
0.7396
-13.358
1.47059
1.78288
-4.8697
4.68382
1.43756
1.11839
-8.33213
-10.1211
0.101977
-12.7816
3.10718
4.25371
-3.06619
-1.02783
3.1888
0.107361
4.68591
-11.316
-0.0564003
4.99967
4.45771
-0.258122
0.959954
-1.75904
2.28245
0.956368
1.85271
-7.22477
-6.25723
3.68121
0.282561
1.05435
4.98371
-9.95771
5.1109
-10.6998
1.87882
0.510113
4.438
0.137961
4.44065
5.1056
3.17544
5.47998
-4.54268
1.00686
-7.40717
-12.4412
-1.34298
-6.85901
5.33846
2.70065
0.120661
-0.071035
5.53107
-9.65874
-11.7858
-0.453431
3.8973
4.5522
-6.24243
-8.0814
4.39588
-13.912
1.27693
-8.13622
-10.4353
1.09586
-11.5846
3.00586
5.21721
2.96379
0.363569
4.55462
-10.8731
-2.75852
-3.58516
3.37021
-11.6765
3.07682
2.91559
-3.56849
-1.04614
1.27533
4.05691
4.73903
-11.0099
4.35211
1.8691
4.2191
0.0795054
4.39355
1.3422
4.25113
3.60319
-14.5142
2.0498
3.57138
0.844683
-13.4502
4.77436
-9.25297
4.63254
2.43774
5.7979
4.30826
3.33343
-0.152797
4.27365
-13.7229
-11.2121
0.310315
4.1117
-12.7535
3.97913
-12.5606
-1.73252
4.31446
-10.5391
-2.04272
4.16025
5.4117
-11.5655
0.123821
-5.10813
-4.38944
-17.484
-8.1972
-12.3825
-11.6023
-17.5025
-8.09545
-11.747
4.05319
-15.8016
0.133706
-13.827
-0.233947
-13.9985
-0.957356
-9.11267
3.59161
-1.02781
4.24424
0.247612
2.59934
4.40068
0.769383
-1.08015
4.66063
-12.9947
-2.03823
-2.33171
-0.193692
1.3561
3.86812
2.36023
-15.8854
-15.1489
4.76882
4.8009
4.51077
4.70988
-11.7098
4.43334
-1.69373
4.90251
1.63616
-1.05018
-9.73483
-9.75319
2.96964
1.67342
3.16604
2.29615
-6.4327
-5.27785
-11.2707
5.49402
-10.0923
4.74184
0.00980897
-1.65057
-12.6184
-12.1209
0.752195
-9.4254
-1.19818
1.06446
-10.1839
-10.3052
0.984459
-0.320078
5.65709
3.79252
-10.49
-16.5938
-10.3883
-8.24197
-8.78733
4.66111
-8.34498
0.374429
-3.47428
-0.846662
1.74724
-7.99997
1.85696
4.2293
-8.54344
-5.63355
-12.3572
2.86374
-11.334
-3.51346
0.141871
4.14753
-1.21135
4.44703
4.46616
-1.80917
1.67688
4.51239
-13.3799
-5.57629
0.648989
1.01559
-0.983352
4.89342
-8.35626
-8.3736
2.67219
3.70826
1.22572
-8.28516
-12.1467
-8.34073
1.05108
3.25698
-0.154404
4.31856
1.7483
1.3129
0.806655
-8.75222
-9.98782
3.49674
2.22211
4.41637
-11.7053
4.53265
-12.8153
-5.55735
-8.5186
-3.89003
-11.9993
-4.56323
0.735833
5.23786
4.5968
0.484088
-8.43494
-16.4705
4.49631
4.6794
-9.2099
-10.9276
3.15903
2.82213
4.54268
-7.21983
0.678984
3.2613
-5.64421
-13.312
-9.03403
-11.3554
0.0245382
4.7862
4.37219
2.68904
-8.3929
4.8798
4.05652
2.7449
0.806204
-8.80667
-10.7541
-10.3777
-11.5064
5.0166
-4.88477
1.16647
3.09213
-8.45938
2.56029
3.60554
5.33457
-0.743597
-10.9142
5.56598
2.14435
3.9564
-10.5544
2.27693
-1.65423
5.4052
-11.8031
-7.29834
1.24493
0.769765
-12.1466
-0.528043
-10.9372
-4.2499
2.00595
2.97176
1.40226
4.34002
-11.7612
-1.89629
1.15343
-5.77912
0.72741
2.23833
-0.340865
2.41891
0.819092
7.61117
6.2587
-8.25307
3.49921
-6.71514
4.24608
-13.0279
-8.60558
-11.2517
2.4623
-7.81661
-0.239348
-13.1813
2.72882
-16.2579
4.28824
0.328283
0.289932
-11.5338
-16.9627
0.225633
4.1447
-10.8172
-12.417
-10.1522
4.50576
-0.262852
-12.9322
2.53023
0.927445
-9.14367
4.3075
1.18123
4.67561
4.08775
-8.37269
2.00021
1.36809
4.34235
-8.37988
0.980541
4.2569
-2.95198
-2.57562
-8.57242
-18.0582
3.04812
-11.0841
-10.6866
3.7343
1.14793
-7.99569
4.44482
-10.3143
-11.1622
2.81354
1.71169
3.9346
-9.51588
4.16767
4.2774
3.78229
4.29807
-4.62837
4.1628
4.47975
-11.0739
3.05476
-15.9365
-9.23255
4.3559
-12.0175
3.157
3.96515
-0.330269
-7.90079
-0.115277
5.36282
2.72159
3.57182
-15.172
0.473813
3.21693
2.12497
3.81435
4.12815
3.70273
-0.899808
4.72546
-10.2595
-13.7128
-8.52047
0.95523
-11.4627
5.45182
2.9683
0.907606
-8.68765
-2.05148
1.51939
-16.8297
1.78126
4.12429
0.540756
-0.961393
0.383814
4.51535
0.0901486
-13.2163
4.42365
-12.9272
4.25192
0.458822
-12.9608
4.40064
3.3377
2.93071
1.15505
-1.5786
-0.162368
1.89423
-13.6146
-11.564
1.35603
-11.9234
-10.9911
2.09287
4.58808
-0.802895
3.65337
4.93625
1.77083
-11.3973
-13.9597
4.28104
-10.0158
3.71716
0.41369
-9.54294
-5.37106
-6.03584
-1.02011
-10.2521
3.99594
-2.8271
-15.0728
-14.0342
2.12642
-0.10716
4.26212
1.46628
1.50436
5.70382
-0.52716
0.754436
-11.4105
3.00985
2.14283
-4.30676
2.41398
-0.646186
2.64516
-10.9507
0.33913
-1.0635
-1.21726
1.31995
1.13201
0.772649
2.12352
-12.3074
-8.35117
3.76839
2.35586
-10.3048
5.62124
0.204857
4.91847
0.154058
2.77146
-0.829618
-2.31889
2.59341
-9.79007
-1.52114
2.48663
4.20121
3.45625
4.30264
2.70208
-9.9643
1.64098
4.29888
5.50126
4.39945
4.27358
-17.1321
1.34057
-11.3445
5.01954
-0.723095
4.22514
2.53793
1.15044
-1.33429
-0.884447
0.289096
0.0512819
3.85483
1.6193
-10.5331
2.27697
4.32221
2.14492
-11.5977
-10.3492
-10.2716
-2.89662
1.55514
-13.1835
4.47208
-13.6242
3.9551
-15.0747
-7.8822
-11.7149
1.05632
1.92248
0.455557
4.28417
4.39074
-6.62273
-6.49234
1.1241
-11.9247
4.49825
4.3409
3.27205
1.90465
4.21491
4.44196
1.72637
-11.5023
4.06299
-0.38687
1.34384
4.73854
0.581975
-10.3436
-0.0251892
-10.6381
4.61798
-14.3978
4.57704
0.16822
-12.9489
-4.04229
4.06953
-4.23719
4.35338
4.34099
3.76436
-3.87411
4.39723
-10.8852
-0.443686
1.86847
-0.739118
0.842962
4.2443
4.17746
-12.3215
2.94761
-8.3806
-10.7367
-1.11253
-0.430973
1.71456
2.54394
1.15768
-0.830669
-3.09748
2.21227
-17.7398
2.23631
1.25002
-11.1128
-0.0446185
1.55713
4.54966
2.06145
-14.0468
-11.902
-1.58023
3.07634
5.55667
1.94336
-3.82389
-8.24545
-17.2663
-3.83379
1.30597
0.299003
-5.59105
5.33914
1.02217
0.3998
4.15713
4.01243
-7.73912
1.0504
-8.34673
-10.5856
2.43119
-13.4265
-4.98347
4.34634
1.0845
2.70658
-0.287582
1.18777
2.73746
4.51985
2.34575
-7.18937
2.64268
1.08902
1.85744
-10.261
1.12042
3.97924
1.25185
-11.9776
-0.358185
-17.1912
4.22157
-1.7681
2.56724
2.17701
1.05543
4.08858
5.26565
4.36549
-3.7228
3.99783
-1.53004
-0.462856
-0.802067
-10.8084
1.99521
-4.8114
4.58008
2.43896
-7.50163
4.46054
4.22202
4.17145
0.941775
-10.1868
0.225603
-11.9522
-1.93957
3.82743
-11.6315
0.13903
4.11362
-1.51901
1.10597
4.01403
3.02058
-1.85963
3.41161
3.75847
-0.866235
3.19063
1.7257
2.38165
-2.80066
4.06379
6.71471
-2.03904
4.36104
2.36516
-1.58331
-1.35285
-0.076868
3.06479
-9.80208
2.33297
4.07128
3.57293
4.52402
-7.86373
1.13951
4.30321
-9.05568
0.53636
1.63963
-8.59792
-11.6137
1.92459
4.25633
-1.31012
3.7675
-0.70214
2.38229
3.5826
2.40416
-0.772678
-5.26742
-10.1522
1.96172
-12.9482
4.36699
-7.65546
4.11997
0.937232
3.89235
6.62833
-0.201956
-14.1274
1.12437
-16.4163
-9.48157
1.71406
0.091719
2.35998
5.14201
4.74508
1.80156
4.3883
-10.254
5.01889
-12.1608
3.35896
-12.3849
-6.37088
1.09612
3.2699
1.64182
1.94006
-9.60871
2.04788
4.3328
-8.41244
-5.98884
-6.31124
-17.4524
-8.20185
-4.09857
-8.86979
-0.36861
-1.12912
4.36368
-11.7641
-9.25099
3.47667
1.69845
1.69299
-2.49915
4.25745
-1.62995
4.30567
2.88674
2.22222
-1.58088
-3.22105
4.33074
-11.6465
5.28392
4.66892
4.27882
1.43786
3.18918
-10.869
-11.0292
4.48175
-8.88301
3.72821
-0.126854
0.947583
0.56515
5.28099
4.41004
2.58104
-9.0679
0.750073
-11.5238
-12.5413
4.47027
1.42
-0.656946
1.3076
-4.9023
-14.5191
1.87454
3.95939
-0.640708
-2.0014
-11.5321
-6.98866
-10.8465
-11.6287
4.53121
2.42307
-2.27445
2.23138
0.283572
-8.10616
4.3902
-12.7961
3.85724
-0.990588
1.73362
4.15765
-4.12647
1.23792
4.28032
-14.4682
2.02062
-10.3293
-12.7542
-1.52898
1.68951
-3.23799
-4.66712
1.24159
4.50497
-11.574
3.50543
-4.64015
4.15244
-8.49735
-0.313531
4.3135
2.16272
2.2174
7.59067
-1.89654
1.59028
4.38487
-10.1421
-1.7866
2.57372
0.867798
3.70407
3.03262
-11.9329
-11.37
0.987221
3.77325
4.26209
1.76936
2.38153
4.35575
-10.7065
3.51792
-14.4764
1.10538
3.68275
5.48057
-3.46573
4.36878
2.21492
4.3484
-9.05266
3.47868
1.08913
-0.464374
4.41623
1.57021
-16.228
-11.1566
4.3717
-13.8459
-1.94748
-2.43612
1.77759
4.45238
2.26671
3.15475
0.478012
4.52986
4.32112
-2.99395
1.53061
4.10851
4.5012
-10.6955
-3.0722
2.22913
5.59394
-12.4843
-11.7004
-10.2667
-1.97846
-17.9383
-0.264541
1.33399
-1.406
2.32145
-3.97313
-13.7918
4.44271
-2.67962
2.56541
4.4644
3.82993
-3.07757
3.85841
2.01252
-8.35432
-5.06344
-5.47035
0.625326
-4.1717
1.85342
1.69582
-4.45912
-9.05148
2.55643
4.57376
2.2307
-5.37601
4.26235
1.87625
-1.70112
-4.07236
2.29977
4.32901
4.50339
3.25318
4.82881
-13.2161
-5.19064
3.10349
3.39921
-11.9726
4.3939
3.59049
3.69138
-2.77201
4.37304
4.26916
0.749609
3.39652
2.69256
-2.06012
4.28177
4.27498
-6.90605
2.91622
-2.09326
4.42085
2.10716
-12.6043
-0.240376
-7.04164
-2.6276
4.39837
2.69575
-13.0717
1.19717
-8.42677
0.656413
4.05481
4.77463
1.14209
0.48635
2.23367
-5.27751
2.40178
0.768677
3.94144
4.35911
0.988947
-11.9658
-10.8945
5.3234
4.17617
3.82196
-6.03304
1.58949
4.26516
2.10481
-2.99667
5.69559
3.78277
4.24373
1.05209
4.25742
3.78373
4.84339
-8.39487
-10.1215
-6.28365
3.37769
1.06516
-3.01839
-8.16722
3.00538
-8.71774
-2.29539
1.04187
-3.07937
-15.3593
1.63669
-10.7842
-5.21721
1.11233
-13.0729
1.02913
4.00185
-8.1562
1.31431
1.66366
-9.66539
2.34514
2.3182
-7.29338
-14.0626
1.75487
5.82639
-11.2796
2.61473
0.956158
-5.49019
3.58019
-8.8962
-13.8257
1.48845
4.21949
5.58577
-7.58244
2.37328
2.33416
-3.76697
-8.06699
-3.31031
-10.7246
-15.4473
3.91561
4.57113
-2.59394
4.87106
2.20609
2.32717
6.59608
2.59786
2.19476
-1.74545
1.12106
-13.9824
-2.93441
-0.567936
1.16736
4.31341
-13.7803
-6.89793
4.61875
-12.8017
-8.67073
-7.70896
-10.8892
-4.33186
-6.26975
2.53789
4.7467
0.742891
3.40847
4.76802
-15.6625
1.90742
-9.8186
-9.47535
3.98934
2.92299
-4.35542
-9.98395
4.36127
-4.48342
4.3496
1.81682
3.19241
3.95016
2.17097
2.74877
0.782565
2.14749
3.51598
3.09338
-10.0929
2.2558
2.30005
-14.1395
2.30803
2.63417
4.79898
4.18972
-0.467403
1.98476
-9.98651
3.29644
-3.96766
2.27395
-10.5697
-6.03244
2.6325
7.23915
4.19536
-14.9004
4.2609
-10.1842
4.3426
0.227581
4.22756
0.503185
-10.0692
0.592341
-10.9969
4.29186
4.46147
2.3352
1.2893
1.97562
-6.72896
-12.2905
-10.9955
-6.68832
-0.758003
1.87772
-9.15909
2.0638
5.79555
-8.31893
-0.256155
-4.91641
-2.56552
4.31402
-11.9187
3.59153
2.11166
2.88346
4.4095
-14.4414
-3.23976
1.34501
-2.28359
-8.91894
4.11773
4.40643
-13.8649
-11.6481
-16.5323
0.860897
4.42434
-1.13205
-11.6893
-12.0933
-10.578
-6.39437
1.70881
2.50748
-5.97643
-3.12096
4.41935
-11.3996
-10.7453
4.2122
3.65584
2.27796
-2.31187
1.1639
-3.43466
5.49221
-6.79503
-12.4143
-12.4657
4.19175
0.0165845
4.41938
1.90563
-11.2715
3.47028
4.56007
3.27385
-12.5519
3.93227
2.76473
2.08506
0.379341
4.26952
-1.15521
-12.3914
-9.03028
0.890962
1.11493
-10.3301
-12.56
3.99294
1.2293
4.59058
1.02327
-11.0987
0.698874
-4.64631
4.26383
4.23885
4.79684
4.37466
-12.2345
2.88221
5.31033
-3.36765
4.22685
3.96487
4.42467
2.695
4.17634
3.39509
1.25302
1.77175
-13.9606
-13.2794
1.33352
4.502
3.21894
4.05158
-18.2438
-11.1671
1.84407
1.90954
1.46501
1.36963
-11.8116
2.38731
1.01465
-3.61457
2.34216
0.586456
4.42892
4.26926
-6.50488
-10.7557
-2.60155
2.01866
2.53629
4.09641
-5.02446
4.35886
-14.0411
-12.6885
-8.69244
1.94019
4.346
-14.7538
2.97688
-0.426715
2.16469
4.24705
2.3224
-12.9233
1.48082
-10.0375
2.77089
-3.17632
-3.6247
4.20345
-0.806595
1.02152
2.27824
-12.3505
4.13804
3.41854
2.32778
-15.1443
-13.4099
3.74655
-3.41472
-10.8471
-12.3447
4.24467
-9.50132
-9.49365
-14.3109
-11.2916
-12.5937
8.33644
3.98661
-11.5664
-15.1193
-4.74458
-0.241949
2.48052
-1.0899
2.42745
4.60904
-0.482925
-6.15688
-1.02775
1.49011
4.23164
-8.45832
1.43904
1.30054
2.61739
-3.60197
3.37315
1.52043
-14.3588
-11.9116
1.71331
1.23073
-12.0024
4.49369
2.99567
1.37647
4.15484
0.738449
-2.37858
-1.265
-8.28541
-12.8122
2.56421
2.3804
-4.19271
-12.9487
7.6775
-12.1969
2.51018
-3.46531
2.95894
-8.06153
1.08614
3.55382
2.70885
-11.0677
-4.4807
-17.7654
-0.758366
4.25766
2.47711
3.88682
-1.62198
-12.8286
-15.3222
-10.2108
0.556878
4.22638
-2.7293
2.84773
0.618073
4.22602
-11.2172
1.20573
2.88778
4.42596
0.920536
-13.0636
4.33382
-0.487775
-8.53213
-13.8849
2.25607
5.06762
6.04655
-11.1426
2.65984
-11.7152
3.23277
1.9416
2.15318
-7.11542
3.04687
2.23058
-8.88011
4.28867
1.06695
1.3191
3.79433
0.465283
2.84248
2.58234
1.57605
0.55467
-8.75989
2.24061
-16.2351
2.26947
-14.3661
-12.5516
3.34632
2.18687
-10.8619
-8.82774
3.13271
3.37156
2.4179
-14.0123
0.357326
3.71231
-14.8335
2.92031
-11.9492
-3.40121
5.19243
-8.44656
3.79288
1.1691
4.76195
-7.27396
-11.2247
1.3596
2.83235
1.65624
6.92972
1.03761
-7.47858
3.92578
-13.5523
-6.91191
4.08411
-10.1582
-15.0201
5.00366
-14.208
-8.99428
3.70192
-8.81635
3.92017
-12.7998
-8.41147
-17.8004
-13.8965
-1.70585
3.85344
4.56556
-0.984573
4.3717
4.00655
-7.24115
-10.8634
2.97708
4.14427
4.71575
-8.0454
3.73819
4.51267
4.60659
-9.7958
3.99339
3.74238
-8.44287
-15.0887
-8.90527
2.27653
1.29549
1.04414
-8.78449
4.2606
-9.8539
3.58844
4.22935
4.30057
3.3699
-5.13263
1.53651
-12.8265
8.27154
-9.3681
-2.20949
4.43559
2.17007
2.62206
3.72892
4.42422
-11.9771
-0.622624
4.31267
2.32398
3.88537
2.28491
-4.07394
2.93369
3.64929
1.42851
-12.8131
2.37063
3.73724
1.01816
3.85449
-8.57266
-12.3861
-11.9634
2.81162
3.51697
4.80471
3.88607
4.53931
3.62344
-11.0777
4.19984
4.37459
3.70204
-9.92989
1.42537
3.00875
4.27133
-9.83578
5.76762
4.4745
3.69294
-7.79071
3.56186
2.2528
-12.1581
4.25896
0.336058
4.05507
2.2339
-11.9173
1.41784
-2.81718
4.2155
3.2453
4.67711
-11.5876
2.60217
3.68637
0.323421
-14.2729
-6.61518
1.62555
3.03126
-14.5171
-11.5178
-0.915201
4.06299
4.0813
4.49629
4.45025
0.193981
-16.2843
4.44998
2.28477
3.26251
3.10829
2.46192
-8.51619
1.25769
2.96732
2.34544
-4.13891
-4.79122
3.91059
0.838036
-8.86663
3.80654
-17.9648
2.30232
2.61929
0.71578
0.575695
2.6939
4.29717
4.47409
3.39364
-5.38981
5.11115
-8.79306
-8.50086
-5.29468
-1.82826
4.05874
2.00386
2.30251
-10.5274
2.28287
1.38184
1.24188
3.32632
-11.1935
2.75977
-12.0194
-12.2848
6.14942
5.10243
4.14254
4.28263
4.72543
3.90721
-1.50789
0.853128
3.95585
4.92659
1.9259
0.680455
1.89286
4.47938
1.16034
2.73169
2.55117
1.50811
-13.3345
1.88635
-11.9281
4.3186
3.83077
2.37883
4.30623
2.411
-13.8774
1.37476
-12.1571
-11.4876
5.29623
-3.42344
3.79579
7.145
3.83243
0.676475
2.23058
-11.2587
-0.825334
3.26765
0.772848
4.0216
2.99064
5.31941
-13.1156
1.05795
2.35462
3.45057
-13.1894
3.60429
3.00142
-11.6464
-10.2912
3.22847
3.33258
-9.90106
4.40504
0.616536
1.76634
1.51533
5.47423
4.11388
2.7991
2.2679
2.02212
0.627865
1.53022
1.87906
0.703223
-9.4414
-0.775366
3.59582
-15.2315
-10.8114
-6.51597
-12.63
-1.56549
-3.47221
-0.728563
-13.4594
7.83638
3.81998
2.97529
4.26714
-13.4999
3.06601
3.38284
-3.90227
1.85998
-9.66328
-1.25945
1.15886
3.15093
0.722281
6.02298
4.4692
-17.3329
-14.8436
0.0565992
-10.9854
-4.02234
-9.16255
-3.29245
1.07868
-1.30722
3.24861
3.86302
1.9901
5.39059
5.02103
-13.4693
-13.4074
2.95744
4.41231
2.17665
4.15129
4.36388
0.689679
-3.58964
-2.76337
1.56951
-8.42647
2.48182
1.84766
3.84027
2.59601
3.68456
-12.613
-8.41498
-13.7545
2.87963
-10.7249
-15.0876
2.99519
1.9523
-0.265574
-3.27906
1.70636
-10.7787
4.39032
-15.3976
2.9194
-16.5017
0.944263
-1.15016
2.85875
8.72289
4.04615
3.20664
5.79894
1.94982
2.20115
4.25376
3.68671
3.79433
-7.29072
3.8261
2.67034
-0.40271
1.50962
2.21392
3.11168
-9.18422
3.33352
4.01269
-3.60015
3.6066
2.61447
1.57731
3.76626
-11.4966
6.09879
2.26292
2.10605
2.30011
-16.9628
3.20327
2.97087
-14.6297
2.38499
2.31075
3.88315
2.30799
-0.331555
3.80156
3.93467
3.68985
1.49614
-7.71817
-8.63247
-13.6736
3.09439
-10.8745
-15.1011
-8.18023
3.27559
1.60548
-7.99322
2.8177
2.96552
-13.5412
4.94163
-10.46
1.99855
0.152292
-4.87489
-9.0392
3.64948
2.60417
2.04929
3.62668
5.77619
3.0359
4.54104
4.15894
0.970018
4.6304
5.74907
2.23013
3.76458
4.23926
-1.43604
3.41135
0.429215
1.12684
1.50211
5.35414
-6.08267
-1.61047
6.17361
-5.63758
2.74508
2.20905
1.49573
3.52301
2.39944
4.22323
2.8847
-15.0395
4.38459
0.80262
2.57955
3.84874
0.0232357
3.81254
5.11793
-10.5204
4.29033
1.1577
3.02627
4.25308
4.68232
3.08825
-3.60569
5.54286
2.48661
-6.01706
0.364243
1.02208
4.57024
-4.09056
-11.4282
3.24213
6.19711
1.32448
-4.9611
3.55349
-14.802
-8.10655
4.35309
4.28472
-12.0196
1.06882
-12.0209
1.05106
-4.63239
-9.09696
4.39357
4.31467
-0.176718
4.42201
-10.8249
4.28321
1.67101
2.72272
4.16103
4.29646
-7.15494
3.07372
4.4569
4.81197
2.7634
-11.7262
1.15063
4.63038
3.68581
-12.5611
2.84897
3.33499
-7.20982
0.14075
3.396
3.3667
-14.7331
3.57824
3.78011
4.42551
1.11632
-13.8269
0.392316
4.23047
-12.5282
4.4742
3.57965
3.15268
4.16621
3.3426
-7.16389
-13.1399
2.40414
1.77271
-7.05458
-10.2009
-17.5147
1.14537
-15.1214
-8.35864
2.3253
-7.04945
4.01208
-9.24223
4.35792
-14.4383
-0.251042
-11.0739
4.25742
4.34368
-7.92399
3.30007
4.71267
4.43099
-15.2525
-2.10807
4.32156
2.34741
2.35049
-0.819466
-12.0838
3.02188
1.0567
2.95843
3.27678
-7.32914
3.95795
-7.8603
1.15706
-13.4326
-12.4744
-10.2242
5.07823
1.26745
-13.5457
0.531546
-0.0120263
2.17371
-11.8173
-9.57474
-3.07758
3.1358
2.74716
-10.7285
0.551489
4.46058
-12.014
-1.17658
2.3072
-13.4813
1.81361
4.39168
1.55855
4.34632
-9.9124
2.23553
4.02757
0.424693
1.60926
-12.5126
0.960306
-2.48206
2.63224
3.14726
3.77574
-0.070335
-9.17931
1.9217
2.19639
-5.79754
3.54313
0.770944
-8.47684
-12.6097
2.53703
4.20008
2.71509
2.44432
2.46879
2.18626
4.81599
-10.9412
-10.8057
2.25054
-12.957
-5.3796
4.45305
-13.0553
-1.75806
5.15287
5.9055
4.33014
2.34646
5.60328
-3.2147
3.3812
1.04729
1.03868
3.50793
2.14813
-12.5519
4.59267
3.75254
-7.43409
5.04613
3.80422
2.20993
3.99591
2.66821
-13.781
-11.5184
3.3525
-3.55799
3.63471
1.96309
4.28588
2.73234
-10.9477
4.38578
3.58548
6.18902
2.53372
2.37214
-6.51705
2.5464
-0.254987
-7.87759
1.66054
2.47371
4.46871
-5.26235
2.55553
-12.3056
2.2105
-12.4622
-8.99325
3.32325
2.80965
4.10645
4.00533
3.46385
-11.619
4.59846
-10.2667
1.8268
4.105
4.98591
5.43185
4.73648
2.20005
-12.6264
3.92106
1.75651
4.24782
4.13217
-13.61
8.40465
-11.2568
-2.91549
4.35244
-1.92309
-2.62997
-7.29064
4.05812
-12.3109
2.85282
1.32336
1.83241
4.16108
3.17107
-12.7223
-10.0883
2.89864
4.32688
-10.9849
-9.74173
0.955622
3.4787
4.22562
2.41813
-11.1223
2.63459
0.0505181
-9.75111
0.0147142
4.46482
4.24739
4.40951
2.26464
-17.8122
-13.5824
2.30772
3.06018
3.79479
-10.5458
2.59546
-14.8718
2.76719
0.865082
-13.3369
4.39641
4.31882
2.6106
2.25824
4.3931
6.78603
3.74719
2.44374
2.92744
3.90088
-0.604146
4.04656
4.49473
1.41383
5.44105
-14.9934
2.28161
1.2741
3.67063
-11.434
-10.2572
-9.98547
9.69977
0.924306
-8.63091
1.74083
1.47476
-12.0268
0.560842
-2.35741
-13.8369
-10.4178
1.44053
4.34944
4.19339
-10.8735
-14.6117
3.89295
2.47227
-2.46193
2.21178
-13.337
3.84508
3.10083
-3.38888
-14.8032
-15.1079
1.37864
2.14035
3.78992
4.21766
0.326249
-10.8865
4.0067
-13.6887
-14.7674
5.33861
3.00743
3.32856
1.63084
0.00653545
3.90483
0.743591
4.44659
-11.0054
-13.5239
2.3454
3.00281
-8.48147
-15.5235
-13.7061
4.12814
-14.387
3.97916
1.34783
4.38417
-8.94484
5.63113
-14.4418
-14.2554
3.45113
2.42933
3.66163
-13.7856
-14.5658
4.2245
-6.90578
5.66577
7.03863
-11.8063
4.01601
2.32441
-12.678
0.917471
-0.112327
-9.02193
5.5747
2.69776
0.424245
2.47844
4.32706
1.26461
2.50936
-8.24188
4.68468
4.32129
1.92285
3.69045
2.50406
3.63299
-11.1345
1.87773
3.69982
2.86692
0.545741
-13.4103
3.34805
4.10166
-13.4136
2.88205
-2.72582
2.26205
0.292038
1.80905
-14.9343
4.18973
3.22922
4.00829
0.421527
4.27042
-13.3315
2.08435
0.111824
-9.20136
4.10503
-6.95473
-16.3212
0.414739
2.91049
6.47486
3.74351
1.94828
4.06015
2.46864
1.84426
3.95016
0.819238
2.00665
5.51756
2.17088
-4.66868
-13.0457
-16.2912
-6.1172
4.36677
2.78699
2.02745
3.27893
-12.4973
3.03977
1.87508
1.8512
-11.7404
3.65243
6.20686
-10.5244
-11.5633
4.09458
0.728344
-13.3219
1.34556
2.60768
5.15304
2.12327
-15.3791
1.26481
4.55835
1.21155
3.42109
4.63267
1.3321
4.07006
4.77937
1.03744
3.45453
-13.5531
5.33949
4.85337
-12.5098
1.89409
3.8922
3.71804
-15.0129
-14.9686
3.69218
3.8413
-7.21657
4.4511
-11.0383
3.97266
1.01521
4.50171
2.25449
2.7481
-0.592455
4.4078
3.64202
3.1543
-8.95352
-0.613032
-16.5068
4.12071
0.765889
-9.17933
-12.2616
0.944002
0.729496
4.02333
-11.5897
5.57393
2.20154
0.951311
1.91102
1.34756
3.44072
-14.2804
1.88417
2.5343
2.41594
-15.0347
2.80042
3.94332
-17.3649
4.36683
-2.93916
4.07888
5.18782
-14.3681
2.00185
-6.18759
4.18105
-1.00909
2.29288
-12.5086
-8.59797
-16.5591
-0.378005
-14.671
-1.88808
3.33191
3.75818
-6.15926
8.39561
4.41383
0.980847
-10.3456
0.861022
0.575379
-9.22715
-2.5103
1.87164
-5.64315
1.96436
4.12871
3.28186
-11.6294
11.3204
2.52216
3.04059
2.23775
1.81942
-5.68284
1.87328
-12.6534
-9.55544
1.02181
-3.49897
4.94758
-9.44414
-15.0042
0.346786
0.965488
2.05284
1.88483
2.40962
4.72749
1.90009
1.91026
-16.037
2.42027
-1.14331
2.17479
4.61397
-3.75039
1.35243
2.43986
-16.0549
-17.7168
-11.7298
-10.2504
-9.3145
-13.5709
3.83493
3.4968
2.14151
4.12275
0.334714
2.21057
3.87041
1.83318
1.44938
-1.12459
3.81287
-11.6506
-2.65219
5.06287
-17.761
1.15402
3.31016
-4.56098
-17.819
-10.3607
4.32581
6.54535
0.603704
2.70766
-11.6694
-5.88043
2.81674
-13.5743
-10.7101
2.84965
6.23206
-11.9939
-5.7082
4.61852
-17.27
2.15411
-1.05281
2.3052
2.54509
0.88685
2.42911
1.7619
-9.92161
1.14531
-8.53769
0.562075
1.32587
8.15755
4.12661
1.68221
4.26821
-1.60133
0.568304
3.32538
-8.80934
-16.0538
-8.58958
2.33949
-12.0467
-0.645282
2.5055
-11.5625
2.25865
4.71205
-11.6345
0.528959
-12.0623
2.00771
0.323838
4.15762
2.96906
1.74156
2.34736
1.07163
4.48079
4.51499
2.85899
4.43165
4.25813
2.29118
-17.6614
3.32112
0.247173
1.86477
2.62711
2.13752
2.22764
-10.5415
-14.9168
-15.2725
-13.8225
-0.287488
-5.7301
3.86876
0.73438
2.96493
4.19401
-0.996217
6.35913
1.11874
-10.5136
-2.6386
4.24953
3.6913
3.17981
1.86257
4.63887
-4.048
-4.05447
-4.63381
-13.2085
1.73754
-14.3092
4.82345
-10.4071
0.70097
1.89424
-11.8387
4.8005
-12.4928
4.32175
1.98781
2.94643
2.91403
-10.3541
-8.83505
-11.0988
3.82333
5.47378
1.94956
3.30441
2.21623
1.32855
1.94251
-10.6889
2.17891
2.10059
4.19364
-8.91628
2.76241
2.51196
4.2715
-11.9536
3.39408
-15.0828
-12.7758
5.37734
5.97742
2.71277
1.32306
5.8151
-8.91914
4.29081
0.942026
-8.80261
4.28087
-15.1157
1.85784
3.42946
3.74145
-13.8746
4.63162
1.8048
3.04406
-1.65431
4.90158
-0.576467
2.14076
0.889868
4.54828
3.63025
-14.4145
2.58409
3.02754
2.54958
-5.06057
-0.0358736
2.06149
-0.0920185
4.70703
-9.60083
1.74772
0.561257
2.82818
1.65023
4.05566
4.33959
4.4244
-15.3393
4.30432
4.34406
7.67647
3.64609
-4.4567
0.871152
4.0734
0.616278
5.22866
1.38919
5.13422
-15.3331
1.59841
-11.3371
2.16631
5.23441
3.07895
4.20996
-1.27546
2.39661
-10.7209
4.02871
0.142336
1.89079
6.18749
2.28228
4.24607
1.64081
2.58591
3.90542
3.31302
-0.323128
2.7444
4.3089
-15.9532
4.57337
3.35922
3.28877
-6.55676
6.14668
4.9685
-14.41
5.79816
-11.2029
3.08261
3.6938
1.83064
2.00029
2.71246
-9.46386
5.72531
2.76692
2.21056
2.34029
-11.3838
4.61613
2.25172
1.23966
1.18081
2.43134
0.313584
1.49966
2.29669
-2.73707
1.38289
3.95213
-7.36075
2.3746
-7.26658
2.31887
-2.49026
5.65961
3.15087
1.48534
-10.5313
-11.5008
3.44134
5.28948
-7.89475
-8.82785
-1.20547
2.50126
0.565174
1.69721
0.431749
-14.3056
3.33068
4.14768
1.92922
2.99215
-14.4112
4.44882
3.16492
2.09933
3.69339
1.51163
2.83576
1.57893
-11.9532
3.86896
1.17452
-17.664
0.0120487
2.44838
1.14502
-10.2132
2.73868
-2.45044
3.10856
3.68648
4.60256
5.53106
-10.2777
1.37368
0.963592
2.60895
2.04163
0.615752
3.40349
1.69428
-12.5973
1.97609
-11.168
4.44449
3.3455
3.7525
4.52817
-10.8205
-6.17033
3.96123
1.04711
5.62444
4.81916
2.76839
2.69729
4.25695
-12.8298
-7.10741
-9.65465
-3.95777
0.982348
2.34967
4.36067
3.51992
3.85855
1.33309
4.31004
0.811236
-17.8339
-10.3186
3.45433
-13.3109
4.43884
-15.9744
-12.1564
3.3206
3.4464
-14.6983
-8.23895
-11.2339
5.20402
0.567197
5.30828
1.51363
-10.9085
-9.58526
1.69151
2.77242
3.71414
2.45437
0.966103
4.32494
1.28842
3.38808
3.10139
3.59341
4.55247
1.61422
2.57597
-10.9833
5.17489
-8.33122
3.68368
4.10082
3.78741
2.42265
3.70047
3.58172
-16.6979
4.45476
4.17832
-7.86064
3.28418
4.07179
3.98519
1.73886
5.20957
-8.48134
2.09922
3.86097
3.19469
3.0301
-11.5592
-6.20359
-10.5041
4.12639
-0.398936
0.969619
0.819379
-0.764572
4.4641
0.741681
4.28423
3.51795
-8.47901
-13.8888
4.03076
1.25273
3.82412
-8.91117
-11.8623
-7.25762
-10.9781
1.89957
-14.7788
2.56252
4.30013
5.49593
1.3085
3.52621
1.45127
1.67825
3.56889
2.09263
-6.51361
2.37308
4.05925
1.58216
4.2399
1.03492
2.39936
2.98663
1.60851
1.19603
-0.771841
-9.0914
3.44812
1.72011
4.41672
3.91503
-10.2161
-12.0906
3.00921
-13.7536
1.75863
1.52234
4.16815
-0.529245
5.03996
-11.6442
0.501581
3.25404
-13.5643
4.7416
3.85517
-11.3561
-3.11143
-16.712
-8.638
4.74692
6.62427
-13.8988
-11.5203
-10.1045
2.08513
-8.87351
-12.6213
4.30871
3.25307
3.35399
1.70313
-1.97921
2.01972
-11.1925
4.21798
-9.81258
1.23869
-4.3057
6.8268
2.49587
3.42452
-10.4434
1.764
5.37026
6.01043
-3.85856
-16.1275
2.96502
3.43245
2.04353
3.30857
2.13359
-13.947
-13.4814
0.555105
1.22532
1.6749
2.3605
-13.2437
-9.02404
-1.76623
-4.23415
-9.37649
-13.6124
-13.2752
2.88143
-13.1932
3.78965
-7.98287
2.6138
7.74436
1.02488
5.48549
-10.0372
2.43538
1.42029
3.42207
-11.8847
2.53157
-11
-4.89011
2.05992
-8.79917
4.60911
-16.0655
5.53743
-12.7298
-8.92281
1.72551
-12.2144
-10.0809
-11.4603
2.31684
-14.7443
3.41702
-9.39035
-11.4048
3.62016
-10.156
1.44167
3.82655
3.23358
-12.575
-12.7383
0.617876
3.26974
2.2594
4.47892
5.90079
4.27981
1.98878
2.34753
-0.702481
5.42675
2.76361
4.46564
1.47906
3.09713
1.11294
5.96468
-12.311
-4.62874
3.50491
-8.55281
-14.113
-9.60638
3.74952
4.80813
-10.7282
2.97184
1.51452
4.06958
2.38009
-5.44937
-10.5582
-5.3419
4.05741
3.10312
-8.99328
2.92953
-11.6159
5.85743
4.21263
-9.07897
3.24654
-14.6967
7.9165
2.2181
-7.14238
2.23215
5.78175
2.1174
1.39254
4.85451
2.62853
4.41936
2.73664
3.9425
0.716791
2.37252
3.95106
-7.0953
5.04763
3.32507
-13.7205
4.145
-11.706
-11.8492
4.94082
3.44815
2.40892
4.16276
4.1696
-8.80354
3.73951
4.42996
3.61953
3.2578
-1.41841
-6.8193
1.50007
-10.0009
-4.85615
2.32736
4.41886
4.10994
-10.844
3.77789
4.6847
-13.2696
-12.5781
-9.92102
4.30338
-7.96438
2.9559
-2.05525
2.96955
-12.8565
2.47881
0.817981
4.38423
1.06407
-17.1232
4.39215
-8.74006
3.50148
2.72734
3.6006
3.36019
3.9844
0.685302
3.41302
2.97021
-4.74396
2.24238
-16.7645
-12.3168
1.90899
-0.847321
-2.80542
3.5623
-2.53168
1.80744
4.6966
-0.629096
4.15172
1.76914
-8.21221
-4.65786
1.62346
3.35774
-10.1466
1.52664
-14.8922
2.20384
-13.6317
-1.65862
1.99715
4.51721
0.708175
-1.0154
-3.19219
-3.88565
-11.9394
-13.9519
-8.68372
0.623499
2.10884
-11.0326
10.3719
4.51625
3.85542
2.2112
5.67626
3.87296
3.5834
-13.0238
4.68439
-11.3001
5.09585
2.39001
4.81033
3.92953
1.93159
-8.38804
0.0031529
-8.35249
4.24371
-9.99977
1.86477
2.15663
-11.5683
-13.9517
2.60143
3.23284
2.41595
-13.1056
3.34888
-15.7924
3.94042
3.26746
4.5453
-4.16814
-11.7351
-13.4569
-10.0893
4.53328
-16.9691
-2.75232
1.6104
2.69127
-14.9684
-10.454
1.5546
0.498558
-13.1198
4.40442
0.591199
1.79463
1.46768
3.20176
-14.8459
2.41018
1.91543
1.085
6.70742
-10.3539
1.56489
-6.61217
-16.6811
6.69965
4.69447
-16.1015
-1.95328
1.30939
4.02626
0.678691
3.32374
-13.7034
1.37228
1.24614
-12.5888
4.43041
3.58527
-9.86317
2.64611
1.70213
3.68271
1.29962
-12.0636
-12.3177
2.26169
3.21165
3.5061
3.37076
2.82115
-4.03499
4.44115
7.26735
2.65821
2.73027
0.699138
-13.2103
3.5552
-12.8148
-12.8882
3.45158
3.80813
2.02092
2.07219
2.81871
-4.05842
-10.9703
-14.2641
-3.35399
0.873398
-11.6136
-8.61203
2.06487
-12.0647
-2.28302
-11.2284
-13.0157
-10.2898
5.1989
-1.08547
2.22642
-9.8092
1.99108
1.25864
3.7818
2.3062
5.33171
5.55312
0.271858
-17.0977
0.812402
-0.658548
0.921138
0.61847
1.4942
-8.38804
-2.01526
-12.0593
1.797
10.7089
4.17231
-11.7588
-13.3065
-16.84
4.27817
-11.8896
-8.20375
-12.3651
6.42249
4.66784
-1.77386
2.60665
5.64575
0.933077
5.798
3.68595
-7.8608
-11.0211
0.998593
3.54389
-3.75556
5.33579
0.432335
3.26061
7.78245
2.32392
2.0539
1.85114
1.17099
1.34069
-13.5278
3.76182
5.47132
-17.6504
1.3161
0.74911
2.88142
5.40229
1.87198
-16.7775
-15.5455
0.95393
-9.01543
3.01084
4.84833
1.29751
4.41475
-11.311
-10.4451
1.69738
-0.550584
1.92947
-8.64112
-17.3183
-4.35873
4.3762
-11.5168
-8.63844
3.37876
0.57038
3.16518
-12.8357
1.72528
1.08318
4.51725
2.85072
2.84429
-16.4103
5.1535
0.528036
-9.23075
4.31974
3.04914
2.78609
2.05566
2.4452
2.45909
1.86908
-12.8382
3.83986
1.64773
1.95501
2.47704
1.05154
-6.39086
2.16352
-4.69891
1.83384
4.03911
-11.7224
3.6826
-13.186
1.38512
-12.8612
-14.5534
1.61041
3.50742
3.06686
7.96372
2.79377
-10.8498
2.18401
-9.39056
2.45775
4.15598
-14.111
5.20056
5.42667
4.96948
6.58641
0.431096
-9.99619
1.97811
1.81755
-9.89491
3.94422
2.18432
3.20704
-16.9817
-14.8975
4.51669
4.40575
-2.86273
3.66122
0.282451
-11.7045
3.79485
-13.0014
-10.1294
3.31729
4.14369
-16.649
-8.68305
4.33888
3.08043
2.39948
4.20938
0.671293
1.92675
-15.5627
2.92491
8.42704
2.23301
1.9755
2.96833
2.0964
8.59365
1.94995
-10.1975
-11.789
2.0348
-10.0432
-12.8578
2.21456
-9.59792
0.786782
4.97133
-10.3622
-9.28949
-4.77797
-8.39057
1.6181
3.42278
4.00348
5.75816
3.62091
5.40598
-8.63422
5.54478
3.91674
0.2505
4.41542
1.62988
3.38428
2.15647
-13.3725
-9.54345
2.89413
-3.17821
0.397118
-13.0677
2.56017
4.00478
-12.4672
-8.77944
4.51136
6.32975
-14.0545
4.44102
2.50338
1.52276
3.28723
0.354108
-17.5675
-2.50871
5.59294
2.81792
4.60875
-11.2726
1.42984
4.11046
2.298
-14.8538
3.98421
4.42173
4.38239
-16.8055
-11.7539
-11.7441
1.11099
-8.93317
-11.5175
1.93267
-9.64707
6.15701
9.44077
-8.04251
-14.3312
3.99168
4.32521
-8.96617
-9.62518
1.33832
-10.4758
-17.9148
3.04348
4.30637
2.65435
1.14708
-10.1755
-13.5586
-13.4641
0.277481
-10.791
-0.0827341
-10.9066
-8.96398
1.64114
2.601
2.4919
3.81403
1.10303
3.19205
-7.02536
-10.111
3.97904
0.761492
1.47721
-10.6956
0.76073
-16.2305
4.41396
-15.8516
-14.2507
-5.79582
4.34721
-0.679607
-16.7185
1.64953
-8.66803
-16.4045
2.09167
3.9531
-14.007
-8.48481
3.94423
-8.60499
2.10321
-7.01317
3.43106
-4.14054
-2.57881
0.439038
0.503224
-14.0927
2.26807
-12.1033
-4.88163
-17.2492
2.21131
-9.02081
-10.4035
-3.04347
2.35422
1.68287
1.08777
2.11929
3.86345
-8.72645
3.3153
2.1198
-8.5199
1.36931
-13.5614
-8.86054
-8.10956
2.15549
-8.50998
-14.9462
3.95332
-9.18034
-9.7535
2.51291
0.791112
5.60641
-11.7717
2.29299
5.68582
3.33351
0.883045
-10.8066
-12.9857
3.95618
-15.2659
2.15111
-16.3497
-15.4023
2.54178
1.18774
2.33205
-13.8272
2.88785
2.91094
3.97583
0.244737
5.49315
4.57566
3.46949
2.29761
3.608
3.03676
2.96073
2.54315
6.90446
1.16538
2.45505
-3.51344
2.05153
-10.5127
-13.043
1.78436
1.661
-12.1436
-10.3353
2.15478
5.74046
4.21302
3.16043
-12.6889
-6.15455
-8.53784
0.362749
0.284412
-3.406
2.30227
-9.74021
1.58173
4.47027
-11.6704
3.99705
-5.82121
7.86774
3.8885
5.51541
-7.57174
-11.4945
2.74644
3.2195
2.86349
4.11468
-13.1774
2.26343
-8.65017
-11.7946
-9.82551
7.23686
1.87538
0.305193
5.13152
-17.0457
-11.1462
2.34956
-9.42516
1.77648
-0.784122
2.85
-9.95282
-5.46115
-9.55731
-15.1756
-9.80633
3.49291
1.62737
-15.12
2.23086
-2.83654
2.84333
-11.456
-0.283713
2.13334
-11.4521
-13.569
-9.11312
4.65775
-10.2786
-9.15972
3.45306
-8.87171
-9.3029
7.95232
2.28797
-17.8275
0.376837
3.57434
-6.75179
-3.90868
-12.0143
-3.98038
3.56463
2.76264
-10.9753
3.9093
2.02997
0.621694
4.01465
-2.83555
-11.2145
3.79741
6.48797
-11.5782
-10.2161
2.02896
3.176
2.3802
-13.3209
4.54593
3.39405
-8.56486
4.48883
0.668143
3.34473
3.8663
2.59189
1.20046
3.59088
4.18448
-11.0639
4.27106
3.71828
4.0107
-6.18364
-13.4015
0.864265
-11.9633
-11.7526
1.92507
4.90549
4.64192
4.43145
-2.28541
-8.5795
-13.6403
3.35494
2.16464
4.74301
4.13909
-2.26163
2.20798
3.94749
-11.6183
-11.7589
3.58274
-8.65694
-12.243
0.961383
2.92317
-9.94606
1.998
1.62176
-11.425
-1.59997
2.50595
4.34085
0.412724
5.49526
7.22756
4.31801
-4.52845
0.558963
3.66462
3.86155
-16.0334
-1.89688
5.05688
-13.0885
-2.43009
-0.725928
0.864103
1.92667
-12.0753
8.88372
0.249685
2.21862
-16.6327
2.38362
2.29189
-10.3038
-10.3429
-6.18257
1.60101
-16.4201
-14.498
3.70239
3.65377
2.96898
4.44417
-12.4524
6.17162
3.75475
4.98206
-10.1522
2.14948
3.60748
4.35989
-2.17978
2.33101
1.90212
1.01979
4.19192
0.850718
4.29889
2.67636
-2.47299
-3.76974
0.607177
-11.873
2.45396
0.684621
4.39578
0.31083
-0.0706438
-17.5438
-14.8847
3.22837
-14.1994
-3.10632
4.07557
4.81351
-10.0287
-11.6718
-13.8536
-8.73114
1.91496
-14.267
-13.1026
2.53534
-11.8877
3.3446
2.01686
-10.8603
-10.4381
2.2824
0.456375
2.35957
-3.21332
4.3372
1.21769
-11.6796
1.87127
4.43335
0.566576
-10.9475
-15.064
-8.27127
4.26736
5.87668
-11.8959
4.69777
4.76307
5.1311
-13.7395
2.40383
3.47249
-8.50089
2.6778
1.62219
5.50987
5.07753
-10.0925
3.55542
-9.99025
4.59122
0.487462
4.33033
4.48021
3.06768
5.38559
4.43197
2.3834
-8.70317
-11.2278
3.22338
2.70725
0.0593678
-16.5001
3.55261
3.69327
3.7633
-5.81091
4.19578
1.62607
0.464276
-8.6169
-9.84996
0.671475
4.40467
2.50417
-13.2974
2.0486
1.98931
-6.04798
-12.9534
-5.92369
3.02821
4.51468
1.99949
8.05464
-2.41158
4.30497
3.73696
-0.543746
-10.7138
-12.1597
2.73482
6.48526
1.96104
3.3652
2.54543
-11.4158
-16.6201
-10.2622
-8.926
0.235409
3.43868
-11.9546
5.92252
5.93606
0.25568
6.99366
4.35725
1.73807
3.6175
1.0449
4.69323
4.20962
-2.6543
4.85548
4.51867
1.94603
2.5013
-16.6019
2.52273
-10.3255
1.05887
-3.64674
6.50461
2.19449
3.6419
-8.90733
-9.45727
4.44209
-4.98015
-14.0866
2.96762
-15.5043
-8.82922
-10.2753
2.29076
-11.3808
4.1198
0.16226
-9.71388
-11.8971
7.6362
-10.5826
4.07234
5.53474
2.35751
-11.7911
4.24458
3.47226
-6.8367
1.2906
8.27461
0.489338
3.64657
4.24637
4.08214
7.54942
0.510861
1.39118
-13.3655
-0.129318
1.43439
2.53707
-14.9063
-4.78937
3.62056
-2.28859
4.2822
-11.1947
1.12494
4.08784
-10.0636
4.52909
4.79673
0.647679
4.13639
4.4493
2.25651
4.6498
2.0375
-0.954736
-12.5766
4.2718
-4.24003
0.918073
0.198158
2.54709
4.47626
-10.6391
-4.1989
1.92008
4.40617
2.1757
-5.87757
1.64774
-7.88981
4.46101
-13.3312
-9.76834
0.887195
-8.80959
1.71628
2.20072
4.10686
5.85579
5.30181
2.15172
4.78565
2.92897
-5.2564
3.60107
-9.0137
2.33674
1.0167
-13.2011
4.58727
2.57748
4.01562
2.23615
1.1542
4.11515
-12.4722
-1.4717
-10.7456
3.04109
2.12608
-16.5714
1.41075
4.07072
2.70156
-12.062
-13.9228
6.52127
1.50902
-14.7943
3.41705
-10.6807
-16.3947
2.26231
2.13738
5.32389
-13.5754
-8.45733
0.953746
10.3985
0.795765
4.17338
-11.3362
-15.7421
3.29568
8.98479
-10.3415
-12.6692
-8.3453
-14.9301
2.88477
-1.03704
-8.97034
-5.19253
-2.3717
4.89911
-8.90193
-14.2091
2.49522
-10.7136
2.53387
4.48608
4.81255
4.41694
2.03707
2.0834
-12.1855
-11.7202
1.64884
-12.0857
6.06209
3.67764
1.28334
1.05319
3.27529
3.40488
3.62651
6.33423
2.69726
3.25009
2.92351
6.61989
1.82792
-8.95607
-13.5532
2.87363
4.23309
-9.55721
4.41924
-11.8328
-1.91126
4.31426
2.21891
-11.678
-10.0673
2.47011
-9.79352
-8.83156
-11.0749
3.62327
6.40353
2.98304
-10.4969
3.40649
4.78513
-4.10027
-11.558
-13.6034
-0.339798
5.96837
4.1144
1.42195
-17.051
-7.83756
-16.6407
0.967686
-16.6642
4.27612
3.11408
-8.7394
1.7346
-10.4696
4.34039
-9.60694
-11.613
-3.45868
-1.4272
3.59959
4.88289
3.49709
0.716792
1.31101
3.69403
-7.95923
-12.8496
-2.10454
3.14001
2.56971
-8.87167
1.38606
-13.1094
0.845014
3.04467
4.33693
3.12066
-5.19511
4.09955
4.45186
3.54631
4.98125
1.31527
1.24688
3.0717
3.18655
4.58246
2.94193
3.86893
-8.95663
4.3227
2.56483
2.08003
-12.9428
7.68596
2.30728
2.61054
2.96371
0.23469
6.19684
-13.6548
-13.2027
-8.88286
5.70592
2.82864
1.37078
1.56966
3.03846
-6.03579
-3.17001
2.41558
-13.6294
4.19564
4.3816
2.34171
-10.3672
-12.6811
2.16997
2.68398
3.30819
1.985
4.26555
-11.599
3.1615
-10.8993
3.1579
-6.3698
0.601656
3.129
-8.83783
-0.597719
4.43046
-14.3255
-9.95069
6.06246
1.20548
7.5181
-9.39135
4.2825
-9.94555
0.622138
-11.038
-10.7609
2.63781
-9.75288
-12.9025
-8.38114
-11.888
-5.57915
3.19217
-12.0593
3.6725
7.27626
-0.679543
-9.47562
-9.19952
8.08505
5.60252
-9.81237
-9.70022
-13.4798
3.33745
-4.25054
-12.2702
3.97004
-9.42407
2.60323
-12.6432
-10.2905
0.347148
1.98448
-10.8769
-11.8765
-13.5799
2.14302
3.00335
3.38554
4.70227
-3.53182
2.01926
-2.31838
3.71052
-12.0818
4.44212
3.19774
-6.30231
5.57843
-9.22548
2.5513
1.54832
4.1717
3.70517
3.67119
4.62209
1.29265
-7.99241
-13.9589
2.04872
-2.43675
1.28527
4.19529
3.44019
5.5894
-9.11801
-12.8664
2.1287
1.92536
5.01821
3.48592
-11.1877
-13.8287
7.14985
1.56146
2.12708
-12.7339
2.61012
7.5707
-9.87942
-2.80313
4.43644
2.04733
-8.87664
0.369457
3.3043
2.88803
3.99649
-0.512509
-14.8334
-15.4225
-11.8478
-2.66121
3.05567
-9.15068
-11.7144
2.187
4.13462
-13.1803
-1.02275
-9.37009
-14.1981
-3.63198
3.20348
3.64704
2.3209
3.73337
4.22384
1.916
-9.12201
-12.1368
-3.13088
3.63342
-10.5623
10.8637
2.40366
1.31969
-10.3338
2.17258
-11.1576
-9.17004
-10.0061
-10.2917
4.70785
-11.6274
1.83279
6.31001
0.410266
-12.4596
-10.4899
-5.92557
3.36515
-13.9578
-9.12507
-10.1826
7.72706
-14.4212
1.48763
-13.4603
3.98139
4.19284
-13.4893
-9.91863
-9.8927
2.45139
4.00485
1.50885
-12.2085
4.39505
3.13369
2.99919
4.01803
-12.4686
2.15796
2.80455
9.5037
1.33484
3.87738
-11.7663
3.00084
10.3919
5.21563
4.15929
-10.302
-9.79924
2.20398
-12.0941
-11.7144
-8.7924
0.355495
-9.75722
-8.80669
-3.65724
4.02879
8.44834
2.99878
4.24989
-11.2862
-11.2333
5.8378
2.67662
-8.9237
-15.525
3.17428
-14.4485
0.194635
4.54017
-9.15313
2.71887
6.17909
4.3971
-9.88622
1.87472
0.391899
7.01929
4.7894
4.3125
2.14995
2.78383
1.82206
-10.3502
-11.8494
-17.0863
-12.3141
8.678
2.18745
1.3597
0.227306
1.6522
2.77747
-13.7254
2.01724
1.72847
6.02689
7.46791
6.03918
11.3623
-2.70306
0.782247
2.59498
-11.4677
3.83797
-10.3015
-10.834
2.79096
2.76529
-11.6506
4.17201
4.42167
2.33888
4.89791
2.78574
4.18778
-7.30696
1.82045
3.31271
6.3338
6.15437
-11.5809
-11.1423
3.51283
4.21207
4.14424
1.9053
2.65619
8.15688
2.56296
-9.60408
-10.252
-9.51111
-14.4734
7.35345
-9.88601
-9.86684
-9.54306
-10.3638
-10.7964
-11.1867
7.3101
2.56384
-12.4791
5.91365
1.56298
8.09642
2.7836
3.92378
-11.2757
-10.8564
1.96165
-10.1619
-11.0322
2.80567
1.61459
3.51543
12.3948
1.02709
1.359
0.643164
-11.7086
11.7771
-10.5316
-8.06876
-9.57207
-10.8657
0.942295
-9.70615
-10.1529
-9.55764
-10.4638
-11.4648
-8.33391
-10.1663
-10.8134
-8.66332
0.863485
1.54907
-9.74991
)
;

boundaryField
{
    back
    {
        type            empty;
    }
    front
    {
        type            empty;
    }
    outlet
    {
        type            zeroGradient;
    }
    circle
    {
        type            zeroGradient;
    }
    walls
    {
        type            zeroGradient;
    }
    inlet
    {
        type            zeroGradient;
    }
}


// ************************************************************************* //
