/*--------------------------------*- C++ -*----------------------------------*\
  =========                 |
  \\      /  F ield         | OpenFOAM: The Open Source CFD Toolbox
   \\    /   O peration     | Website:  https://openfoam.org
    \\  /    A nd           | Version:  10
     \\/     M anipulation  |
\*---------------------------------------------------------------------------*/
FoamFile
{
    format      ascii;
    class       volScalarField;
    location    "1100";
    object      nut;
}
// * * * * * * * * * * * * * * * * * * * * * * * * * * * * * * * * * * * * * //

dimensions      [0 2 -1 0 0 0 0];

internalField   nonuniform List<scalar> 
10435
(
1.52486
0.579781
0.673927
1.01287
0.463946
0.419516
0.741393
1.09488
1.53915
0.497731
0.47757
1.01817
0.50923
1.95959
1.95436
0.882638
1.94771
0.453745
1.91101
1.44482
0.966226
1.29073
0.798405
1.82123
0.557445
1.9088
1.91874
0.59212
1.7426
0.457239
0.701855
0.452654
1.20722
1.73793
1.15515
0.940508
1.03794
2.00479
1.76465
1.82324
0.426859
0.742829
1.77884
1.08925
0.903142
1.83369
0.426166
1.80132
1.69435
1.69074
1.05154
0.540874
1.71751
1.71651
1.80217
1.66664
1.19736
1.95893
1.87259
1.36432
1.76135
0.665458
1.88928
0.548973
0.842477
0.632143
1.8135
1.89439
0.998793
1.90078
1.71975
2.00068
1.64374
0.678998
1.92201
1.74699
1.88261
0.793577
1.33328
2.01547
1.82768
1.82778
1.67088
1.71518
1.87047
1.25947
1.2663
0.877252
1.65387
1.13421
0.821002
0.775952
1.765
1.54916
1.02707
1.11912
0.807598
1.83908
1.92188
0.675006
1.75919
0.391241
1.41053
0.944628
0.397473
1.038
1.7149
1.76469
1.87182
1.99431
1.65859
0.388944
1.8943
1.95167
0.634025
1.29591
0.711458
1.0972
0.686802
0.885524
0.761587
1.66725
0.95351
1.41994
0.365444
1.82998
0.85408
1.64325
0.565568
2.11951
1.56382
0.364869
0.974301
2.01754
2.02444
1.53691
1.00304
1.03261
0.75349
1.33127
1.38122
0.77916
1.78293
0.713366
1.32123
1.78457
1.21276
0.479088
1.90418
0.876638
1.79728
0.990415
1.32106
0.815682
0.500623
1.82807
0.371478
0.839699
0.487286
0.391543
0.869134
2.00043
0.600019
1.3586
1.87078
0.632978
1.25266
1.09293
1.33143
0.626863
0.560963
1.5977
1.74721
1.75107
1.03818
0.434679
0.785121
1.8752
1.65801
1.79354
0.518277
0.418134
0.908803
1.7787
0.841725
1.71907
1.70298
0.841322
0.446994
0.626747
0.85985
1.63135
2.091
0.802034
0.379692
0.915962
1.83148
1.42134
1.83593
0.942183
1.76332
1.93753
0.551939
1.94737
0.599602
0.52654
0.634696
1.06955
1.86318
1.365
1.72683
0.74453
0.758693
1.24774
1.8543
1.8992
1.80587
1.66907
1.9214
1.96688
1.76451
1.90451
1.83277
1.63961
1.88998
1.04212
1.83002
1.56982
0.644692
1.72401
1.88566
1.13735
1.87103
1.06697
2.11179
1.92603
1.35692
1.93756
1.43233
0.632168
1.15024
1.83221
1.64866
1.69239
0.546706
1.39669
1.30859
0.97312
1.43176
0.512995
1.53831
1.67514
0.498975
1.38734
0.891376
0.531505
1.3364
0.83907
1.74136
1.87513
0.792632
0.580121
1.87178
1.63464
1.71678
1.88825
1.22566
0.745984
1.68895
0.545527
0.74725
1.10585
0.964806
0.579794
1.98396
0.907626
2.06129
0.444357
0.879004
1.19597
0.516903
1.84783
0.704276
1.6848
1.56018
1.61136
0.463348
1.78432
1.71232
1.76412
1.49508
0.372154
1.83361
1.03418
1.78216
1.7034
1.81554
1.61844
0.435031
0.641244
1.87484
1.44856
0.666344
1.53434
0.437051
1.87919
1.90098
1.14878
0.639952
1.70569
1.67737
1.94083
0.63468
0.457376
1.38235
1.66812
1.75843
0.735382
1.88174
1.08211
0.400218
1.82484
1.43651
1.59587
1.30424
0.552934
2.06411
0.631554
1.86023
2.02249
1.44539
1.76696
1.69563
0.692579
0.95824
1.91839
1.6318
1.50272
1.69359
1.68405
2.10105
1.91901
1.72146
1.7535
1.68599
1.85597
1.891
2.13795
1.56425
1.4402
1.68929
0.571347
1.87686
0.597001
1.42258
1.82819
0.50958
0.722869
1.71007
1.73142
1.55418
1.86139
1.64782
1.64702
1.79999
2.11023
1.91214
1.12043
2.06568
1.53703
1.8304
2.1304
0.487098
2.06268
1.58696
1.94552
1.92538
2.02576
1.7351
1.96598
2.31367
1.80346
1.2503
1.86565
1.04979
1.53702
0.563145
0.53174
1.65663
0.62674
1.2456
1.6731
1.66931
1.7353
1.69076
0.65731
1.72672
0.483125
2.26068
1.81371
2.12664
1.80319
1.74126
0.797482
1.98603
1.14338
1.22153
1.6341
2.02243
2.16691
1.99138
2.23059
2.05248
1.8189
1.65395
1.86896
1.75557
0.636287
1.71086
1.99511
1.74983
1.72069
0.448932
1.55114
1.53315
2.40325
1.71736
16.4926
16.5038
16.4076
16.2739
16.1463
16.0632
16.0797
16.2841
16.818
15.4228
15.4607
15.4429
15.4038
15.3767
15.397
15.5133
15.7944
16.3234
14.1437
14.2021
14.2395
14.2723
14.3247
14.4276
14.6232
14.9676
15.5226
12.6919
12.763
12.8367
12.9199
13.0299
13.1929
13.4463
13.8395
14.4279
11.1245
11.2009
11.2945
11.4076
11.5526
11.7518
12.0386
12.4585
13.0704
9.5158
9.5915
9.69098
9.81513
9.97324
10.1844
10.4777
10.8932
11.4866
7.94907
8.01986
8.11342
8.23215
8.38402
8.5855
8.86071
9.24227
9.77298
6.50664
6.56729
6.64498
6.74542
6.87626
7.05164
7.29116
7.62008
8.06767
5.25451
5.29676
5.3508
5.42474
5.5258
5.66567
5.86006
6.12928
6.49676
4.22373
4.24058
4.26747
4.31253
4.3816
4.4836
4.63079
4.83975
5.13219
3.40607
3.39864
3.40169
3.42154
3.46219
3.52984
3.63359
3.78617
4.00491
2.76949
2.74879
2.73747
2.74007
2.75944
2.79993
2.86817
2.97351
3.12867
2.27998
2.26222
2.24757
2.24152
2.24734
2.26871
2.3108
2.38041
2.48638
1.92285
1.91456
1.90264
1.89354
1.89157
1.90046
1.92458
1.96913
2.04035
1.68596
1.68344
1.67401
1.66359
1.65687
1.6576
1.6696
1.69707
1.74502
1.54691
1.54387
1.53406
1.52186
1.51149
1.50643
1.51
1.52557
1.55677
1.47738
1.47029
1.45789
1.44311
1.42939
1.41977
1.41713
1.42429
1.44393
1.45133
1.44076
1.42533
1.40772
1.39081
1.3773
1.36976
1.37067
1.38247
1.45245
1.43983
1.42186
1.40157
1.38169
1.36473
1.35303
1.34885
1.35439
1.47184
1.45805
1.43796
1.41518
1.39251
1.3724
1.35703
1.34848
1.34871
1.50481
1.48993
1.46769
1.44238
1.41699
1.3939
1.37519
1.36279
1.35858
1.54907
1.53233
1.50727
1.47908
1.45088
1.42493
1.40311
1.38717
1.37889
1.60418
1.58331
1.55403
1.52233
1.49115
1.46243
1.43773
1.41854
1.4065
1.67146
1.64117
1.60548
1.56963
1.53536
1.50409
1.47679
1.45457
1.43892
1.75472
1.70291
1.65875
1.61867
1.58151
1.54818
1.51877
1.49371
1.47329
3.65933
3.73397
3.82023
3.91792
4.02697
4.14697
4.27747
4.41769
4.56699
4.72438
4.88899
5.05986
5.23581
5.41585
5.59861
5.78289
5.96735
6.15058
6.33117
6.50777
6.67883
6.84286
6.99828
7.14336
7.2771
7.39967
7.5107
7.60964
7.6961
7.77166
7.83713
7.8934
7.94195
7.98498
8.02519
8.06594
8.11129
8.16592
8.23536
8.32602
8.44508
8.60073
8.80157
9.05688
9.37628
9.7693
10.2443
10.8069
11.4572
12.1876
12.9803
13.8063
14.6272
15.397
16.0688
16.5988
16.9538
17.1123
17.0752
3.61519
3.69038
3.77654
3.87377
3.982
4.10095
4.23018
4.36909
4.51695
4.67296
4.83623
5.00579
5.18056
5.35941
5.54112
5.72442
5.908
6.09048
6.27049
6.44662
6.61745
6.78157
6.93761
7.08417
7.22003
7.34431
7.45654
7.55668
7.64518
7.7228
7.79027
7.84851
7.8989
7.94336
7.98436
8.02498
8.06898
8.12082
8.18576
8.26995
8.38045
8.52529
8.71348
8.9549
9.26004
9.63942
10.1024
10.6553
11.2986
12.0245
12.815
13.6414
14.4648
15.2393
15.9172
16.4546
16.8171
16.9832
16.9515
3.53618
3.60787
3.69037
3.78386
3.88832
4.00356
4.12923
4.26479
4.40957
4.56277
4.72352
4.89081
5.06359
5.24071
5.42097
5.60312
5.78583
5.96775
6.14749
6.32366
6.49481
6.65954
6.81643
6.96416
7.10158
7.22784
7.34242
7.44517
7.53631
7.61638
7.68608
7.74636
7.7985
7.84423
7.8858
7.926
7.9683
8.01683
8.07658
8.15341
8.25425
8.38714
8.56131
8.78714
9.07581
9.43862
9.88566
10.4238
11.0542
11.7698
12.5535
13.3768
14.2017
14.9826
15.6719
16.2254
16.6079
16.7966
16.7888
3.41373
3.48142
3.5598
3.64908
3.7493
3.86034
3.98188
4.11345
4.25445
4.40412
4.56161
4.72595
4.89611
5.07095
5.2493
5.42989
5.61142
5.79254
5.97184
6.14793
6.31936
6.48472
6.64262
6.79179
6.93108
7.05963
7.17686
7.28252
7.37668
7.45973
7.53228
7.59521
7.64971
7.69735
7.74019
7.78079
7.82232
7.86868
7.92458
7.9957
8.08884
8.21205
8.37469
8.58741
8.86178
9.20955
9.64132
10.1646
10.7813
11.4854
12.2604
13.0789
13.9031
14.6884
15.3875
15.9559
16.3578
16.569
16.5857
3.25581
3.31906
3.3929
3.47759
3.57321
3.6797
3.7968
3.9241
4.06103
4.20689
4.36087
4.52203
4.68936
4.86176
5.03805
5.21699
5.39728
5.57756
5.75644
5.93251
6.10433
6.2705
6.42965
6.58053
6.72202
6.85327
6.97363
7.08278
7.18066
7.26751
7.34383
7.41041
7.46834
7.51909
7.56453
7.60703
7.64958
7.69587
7.75044
7.81885
7.90779
8.02532
8.18086
8.38517
8.64998
8.98727
9.40791
9.91977
10.5253
11.2191
11.9856
12.7983
13.6204
14.4081
15.1145
15.6952
16.1142
16.3467
16.3875
3.06545
3.1237
3.19254
3.27227
3.36299
3.4647
3.5772
3.70011
3.83292
3.97496
4.12546
4.28353
4.44816
4.61828
4.79273
4.97027
5.14961
5.3294
5.50823
5.6847
5.85739
6.0249
6.18585
6.33904
6.48336
6.61795
6.74213
6.8555
6.95795
7.04958
7.13085
7.20244
7.26539
7.32105
7.37118
7.41802
7.46438
7.51381
7.57073
7.64056
7.72993
7.84679
8.00056
8.20199
8.46285
8.79511
9.20978
9.71489
10.3132
10.9999
11.76
12.5679
13.3879
14.177
14.8889
15.48
15.9143
16.1669
16.2318
2.84562
2.89826
2.96156
3.03588
3.1214
3.21816
3.326
3.44462
3.57353
3.71209
3.85956
4.01506
4.1776
4.34612
4.51946
4.6964
4.87565
5.05585
5.23559
5.41345
5.588
5.75783
5.92163
6.0782
6.22645
6.3655
6.49469
6.61356
6.72194
6.81991
6.90787
6.9865
7.05681
7.12011
7.17806
7.23284
7.28712
7.34433
7.40877
7.48572
7.58165
7.70439
7.86326
8.06895
8.3331
8.66764
9.08344
9.58857
10.186
10.871
11.6294
12.4362
13.2566
14.0483
14.766
15.367
15.8156
16.0875
16.1762
2.59613
2.64205
2.69893
2.76723
2.8472
2.93896
3.04241
3.15725
3.28303
3.41914
3.5648
3.71905
3.8809
4.04924
4.22298
4.40091
4.58179
4.76421
4.94668
5.12771
5.30586
5.47974
5.64815
5.80995
5.96399
6.10947
6.24569
6.37222
6.48882
6.5956
6.69306
6.78193
6.86327
6.93842
7.00895
7.07714
7.14557
7.21739
7.29686
7.38899
7.50011
7.63789
7.81147
8.03153
8.30968
8.65753
9.08576
9.60196
10.209
10.9026
11.6692
12.4843
13.3136
14.115
14.8436
15.4569
15.92
16.2093
16.319
2.31476
2.35175
2.40056
2.46194
2.53627
2.62367
2.72385
2.83623
2.96077
3.09723
3.24405
3.40001
3.56386
3.7345
3.91113
4.09261
4.27808
4.46615
4.65453
4.84162
5.02615
5.20684
5.38275
5.5528
5.71577
5.87103
6.01779
6.15566
6.28443
6.40441
6.51648
6.62141
6.72013
6.8141
6.90493
6.99578
7.08921
7.18662
7.29267
7.41248
7.55249
7.71997
7.92348
8.17467
8.48579
8.86744
9.32977
9.87705
10.5113
11.2314
12.0276
12.876
13.7399
14.575
15.3343
15.971
16.4479
16.7429
16.8549
1.83041
1.755
1.69577
1.64369
1.59557
1.55091
1.51043
1.47566
1.44876
1.43255
1.43068
1.44648
1.48183
1.53704
1.61179
1.7067
1.82308
1.96101
2.11926
2.29576
2.48898
2.69873
2.92624
3.17476
3.4504
1.73909
1.71379
1.67436
1.63041
1.58565
1.54219
1.50194
1.46699
1.43977
1.42323
1.42059
1.4348
1.46797
1.52133
1.59556
1.69117
1.80828
1.94623
2.10368
2.27896
2.47087
2.67936
2.90589
3.15391
3.42971
1.71018
1.68678
1.65224
1.61169
1.56863
1.52571
1.48532
1.44986
1.42196
1.40453
1.4006
1.413
1.44411
1.49569
1.56878
1.6637
1.77997
1.91636
2.07132
2.24301
2.43042
2.63354
2.85373
3.09407
3.3597
1.69602
1.66759
1.63177
1.59098
1.54772
1.50434
1.46322
1.42684
1.39785
1.3791
1.37351
1.38392
1.41284
1.46224
1.53325
1.62602
1.73961
1.87231
2.0223
2.18753
2.36703
2.56078
2.77004
2.99765
3.24812
1.6854
1.65155
1.6125
1.56966
1.52486
1.48012
1.43764
1.39983
1.36929
1.34879
1.3412
1.34933
1.37573
1.4224
1.4904
1.57961
1.68872
1.81565
1.95826
2.11435
2.2829
2.46393
2.65873
2.87009
3.10243
1.67517
1.63637
1.59363
1.548
1.50095
1.45421
1.40984
1.37014
1.33762
1.315
1.30509
1.31065
1.33418
1.37757
1.44168
1.5261
1.62915
1.74839
1.88146
2.026
2.18096
2.34637
2.52356
2.71529
2.92618
1.66439
1.62125
1.57495
1.52637
1.47671
1.42758
1.3809
1.33891
1.30408
1.27904
1.26655
1.26931
1.28967
1.3293
1.38878
1.46735
1.56299
1.67295
1.79463
1.92557
2.06464
2.21177
2.36818
2.53672
2.72249
1.65214
1.60598
1.55675
1.50533
1.45294
1.40114
1.35184
1.30729
1.26993
1.24232
1.22715
1.227
1.244
1.27951
1.33379
1.40567
1.4928
1.5922
1.70096
1.81666
1.93792
2.06433
2.19673
2.33779
2.49274
1.6392
1.59145
1.53997
1.48584
1.43059
1.37592
1.32381
1.27659
1.23677
1.20668
1.189
1.18611
1.19976
1.23097
1.27965
1.34422
1.42199
1.50977
1.60453
1.70379
1.80584
1.90994
2.01569
2.12392
2.23868
0.455178
0.466909
0.42879
0.229153
1.10649
1.04548
4.05428
1.79683
0.408585
11.6542
0.231381
1.38894
8.96027
0.811237
6.09406
2.82361
0.291524
0.20816
16.5664
0.57177
4.51992
5.22964
0.259373
1.56506
1.38066
2.04606
1.4641
1.2176
0.37739
0.267363
15.2694
2.33657
0.391909
7.23189
0.260392
1.50081
6.51582
6.08071
6.60504
2.33257
0.330386
0.156164
3.90607
1.86431
1.44865
7.01345
0.249379
0.261938
0.343638
0.399857
0.243839
0.30537
8.02973
0.195583
4.04671
0.415267
0.800701
6.91588
0.652308
0.247598
1.55522
0.439717
1.06188
4.11348
1.85891
1.68567
3.37094
1.19914
8.45251
0.389381
0.416245
5.76881
1.08341
0.747147
1.57816
4.87923
1.33832
0.280485
1.19206
0.180147
7.4567
1.79111
2.19314
0.219645
1.28275
1.50536
1.30054
0.283874
0.392717
1.42967
1.49071
1.92679
9.29043
1.40714
1.02206
0.233781
1.97788
0.23188
0.379497
0.248341
0.93746
0.337478
0.96976
6.30178
0.721201
1.23193
0.266937
7.45237
0.403074
0.270365
4.65247
0.977654
0.282066
6.38262
7.86071
0.346871
0.372657
2.52836
9.43054
0.581227
0.0845869
0.984275
1.55392
1.26139
0.387
3.68961
0.31093
0.872378
0.850366
0.262778
2.08824
0.802658
0.385915
6.61666
1.34613
1.25007
1.45257
0.846385
1.74808
0.491092
6.93682
6.34955
0.249457
0.109082
0.362672
3.15295
0.253266
2.18529
2.73666
0.261582
3.3471
1.09144
0.250942
5.29745
1.29138
0.218551
0.989627
2.59356
1.96142
4.00329
4.08088
0.409356
3.3935
0.236099
6.23315
0.228293
0.91787
1.50645
3.80842
0.896137
0.740723
4.4336
1.23528
0.223194
3.28311
1.22359
5.06484
0.379219
0.304622
6.79436
6.56257
2.2071
8.51908
6.07753
1.63027
0.879581
0.231419
0.417589
0.403999
2.34195
0.256281
0.250182
0.317689
6.21814
5.6692
0.405134
1.57356
5.1124
0.355536
0.414305
5.81126
5.00713
1.71999
2.30948
1.85242
6.60052
2.95968
0.944624
0.354854
2.94573
0.748663
1.30157
6.71026
1.74571
4.07265
0.317024
0.823776
1.71619
6.2629
1.36904
0.783938
0.184323
1.15271
0.447998
0.327854
0.358866
1.57753
0.294664
0.347861
1.07144
0.215214
1.55578
1.99201
1.26939
6.54971
9.56748
2.58124
0.973983
6.23875
5.44677
11.4818
1.5102
5.7292
1.48815
1.14438
1.55997
2.60305
1.46323
2.82969
4.69389
0.294025
1.27813
5.91694
0.354062
1.09813
1.38029
0.274784
1.49074
2.11952
16.691
1.39024
0.82365
2.13737
1.37184
0.900965
1.12152
6.29777
0.284864
3.91792
1.52008
4.15958
0.331306
0.472144
1.52199
15.8359
0.289186
2.53082
0.376744
0.911303
0.264051
1.75324
3.56194
1.23805
6.97139
0.299833
1.87286
1.24766
0.221485
0.258044
0.258074
4.91526
3.55153
0.133666
0.258674
3.54912
0.322974
0.322591
2.348
3.99319
0.2783
0.262525
4.23813
1.64037
2.37043
0.324358
6.1039
4.13245
5.31388
0.485839
1.85447
5.92119
8.31972
0.406295
0.918024
0.410647
5.97215
0.258853
5.52267
1.37321
4.05496
1.97056
3.1846
1.54534
15.0488
1.30164
1.12251
0.373175
7.2778
2.52085
6.68654
6.38716
5.75519
0.715829
10.891
0.290455
1.55139
2.1663
2.34964
0.167363
1.34063
1.28914
1.40879
0.257071
8.66144
0.974829
0.788553
0.861212
1.07934
1.17542
0.237488
0.245374
9.04972
0.161049
2.21488
0.261715
0.354928
2.84916
1.97071
5.41643
0.240279
0.361651
0.250565
3.96577
0.361366
0.162415
1.24089
3.75583
0.267004
2.15316
0.400667
7.5787
5.20062
0.385939
0.337275
8.89571
0.874492
0.730334
7.4236
3.15825
10.0253
0.325777
3.97804
0.38469
1.91876
1.96159
2.86512
6.41876
0.593226
0.233909
0.255855
2.68582
6.4375
1.39033
0.368455
6.30116
13.9269
5.77882
0.386124
2.56357
0.376258
1.77701
3.962
1.24347
0.389334
1.41047
0.105443
4.88891
1.40265
2.98886
11.1636
0.391711
2.07812
0.27355
1.71006
2.82863
0.516814
0.331643
0.238168
2.57821
1.96556
6.29486
3.37017
1.42272
0.992703
4.0116
0.266105
0.125094
1.6629
7.06872
2.49039
2.24078
1.28594
1.41204
1.30049
4.59081
3.63543
4.76125
0.132841
1.16729
0.968508
4.3322
5.44894
0.266606
2.41335
7.97398
0.431666
1.04404
0.413887
0.757005
1.15925
0.343471
3.91684
3.2555
0.284379
8.51444
0.38892
0.235922
1.59513
1.50796
1.19299
3.70747
1.62173
0.386356
6.69438
0.265664
1.42777
0.709886
0.448354
4.33476
0.23807
1.44942
1.2689
0.251491
0.900801
1.25528
7.80317
1.44653
1.14336
2.40935
2.69105
4.03027
6.96939
0.132046
1.39302
0.217951
1.16406
1.90364
5.67572
0.374729
6.45623
5.57505
3.16288
0.77115
0.373217
2.10983
0.612527
5.63105
1.95212
8.08288
0.401231
4.04392
4.73371
1.90975
1.35728
5.22752
6.98815
2.23747
2.3749
4.70293
2.39711
5.38492
7.06437
3.29706
1.49144
0.748729
0.266905
0.332804
0.325802
0.843196
2.24641
10.3699
0.258772
0.559133
0.342289
7.21221
6.27895
0.264454
0.354909
6.34517
4.77907
1.21802
6.6059
0.322908
0.426896
0.59882
2.442
3.92975
0.306515
0.355962
3.27862
4.01117
0.276271
5.17012
0.274491
0.200274
0.445661
2.73595
0.721989
2.00354
0.365478
6.6844
7.00831
0.880061
0.357672
0.331285
0.263493
1.23036
8.70496
9.55493
0.353846
6.25303
6.84916
4.0235
8.43081
0.266834
13.6492
2.42291
0.722412
2.45785
1.35029
0.404226
6.23095
6.60712
0.665129
0.966908
0.283846
0.2442
0.35705
0.772081
1.34341
0.559846
8.79608
4.88025
10.0193
1.83102
0.382838
5.18022
1.00698
3.68525
4.93201
1.11177
1.3936
4.07545
4.87037
8.22847
0.634144
7.64816
0.323674
1.12782
2.34392
0.258822
1.25817
0.187945
1.62224
0.919122
1.16233
1.85206
7.30233
0.256627
3.66254
4.15678
6.81535
1.61542
3.73504
1.14131
6.85048
1.7159
0.894787
0.445031
4.59081
1.53002
3.1237
9.27656
1.35537
1.45317
0.24837
0.24919
1.14419
0.381947
1.58138
1.46733
1.27313
0.414833
3.21503
0.544425
5.61645
1.53505
1.02854
1.03991
4.55905
2.478
0.831487
1.68219
4.99822
1.06149
2.05878
1.51433
2.40402
0.249548
5.00578
2.31158
0.33278
11.9567
0.14246
6.32404
8.30201
0.245405
17.4938
2.62129
3.33124
0.352116
0.166701
0.227083
0.0871316
1.31618
1.7171
0.34543
0.418095
1.5477
8.35592
1.4683
14.1404
1.20858
0.258603
0.149885
2.7413
6.95665
1.50386
7.51376
8.7518
0.453614
7.23885
1.50218
2.26335
5.98743
0.912662
7.26034
0.365362
0.283923
2.47825
5.23975
2.32761
0.237752
1.88435
8.68302
4.58745
1.73343
3.17651
1.85351
5.61026
0.644104
1.26771
1.26414
5.79528
6.36492
0.250574
5.57802
3.38568
0.26365
5.65219
0.376806
0.258263
16.0604
1.04412
1.45285
0.115174
2.96874
1.75507
2.84218
1.56769
9.29913
12.3259
9.08523
1.57495
4.12778
5.20054
1.76361
3.40576
6.9571
0.337008
13.3615
0.312702
3.30184
0.377848
2.64561
0.346339
0.255882
0.318498
1.45041
2.61128
0.113893
1.3063
3.093
2.90145
0.398578
9.31516
1.66145
2.46967
1.65187
1.80354
1.88285
0.244715
0.441273
2.10709
3.67023
4.85944
8.4569
0.339316
0.0573037
4.54375
1.56085
0.148065
0.415348
3.07081
0.255852
5.08536
1.2481
5.0967
0.415736
0.143111
1.54506
1.10749
0.879136
3.71162
3.78631
1.1838
2.5586
1.07992
4.19395
2.75669
1.11701
2.31233
0.26674
5.72574
5.36985
0.267005
4.30074
0.561882
1.34586
10.5393
7.51862
3.45401
3.85307
0.168739
6.48751
0.240217
0.43685
2.51158
1.7313
2.73246
3.95017
3.61579
0.438198
6.96866
1.25878
8.35309
0.25845
0.30704
1.72414
1.44335
0.403138
0.426103
1.90423
1.37955
0.401868
1.32127
0.444537
0.400022
6.59721
1.88084
0.385245
0.391583
0.380775
6.20906
3.53468
0.354048
2.86958
6.63398
4.21269
1.54929
0.608038
2.61755
1.13908
1.5656
0.387389
13.7073
2.78293
0.404602
12.4307
5.16526
0.894493
3.28863
4.12561
0.919397
3.53562
5.70061
9.18088
7.86523
1.35323
4.77213
0.285602
1.86445
5.61144
2.97092
6.45618
0.524931
0.445363
0.44793
6.58805
5.93492
0.0283034
1.33944
0.598055
0.214439
3.25569
0.88951
3.23404
0.0916054
5.80406
2.52306
0.35401
0.35351
2.20655
0.258853
0.249769
0.246271
12.0605
0.384818
6.75618
7.91226
4.2269
1.61783
0.5863
1.03845
1.87136
1.37312
2.38276
0.441261
0.707121
0.668863
0.399807
1.15109
2.37079
4.76862
0.387424
2.48152
9.79714
1.48192
0.262692
0.256149
4.08898
5.96489
0.391972
1.47888
0.916927
2.74542
0.311709
3.50665
0.720597
1.17286
0.401339
3.34902
4.5539
0.388913
0.111148
0.658628
9.52211
0.2783
3.26078
0.33339
0.351836
5.58892
1.36029
2.14537
1.3872
0.405842
6.74621
4.21957
2.15887
2.00236
0.353442
2.97653
0.239845
0.744479
0.28872
7.41277
2.77887
11.9075
1.45067
1.72411
0.418207
0.359949
1.18761
3.91369
2.23036
0.885149
4.97032
7.98935
3.48198
6.33671
0.342399
0.913031
1.14397
4.78907
2.65008
4.50969
1.65861
0.342849
2.29275
0.885296
2.91722
5.04861
0.685042
1.41448
6.13228
5.97571
0.612485
1.12537
5.7
1.38499
1.51937
0.29404
0.568223
0.411901
3.56721
1.51993
3.87304
0.620678
0.363879
0.988883
0.690071
0.292924
3.07712
1.54115
1.49171
1.48135
0.352985
8.92926
0.998684
0.547233
3.60979
3.80466
0.380464
1.09781
2.45182
2.28369
1.14698
2.97481
0.286004
6.51622
1.40272
0.277809
1.16657
0.241706
2.09373
0.361454
1.46434
1.63675
2.45635
4.60707
5.88322
0.57301
9.60048
0.949295
3.5433
9.56393
0.979289
0.449997
3.45008
0.264536
3.80154
2.85239
4.66082
1.27202
0.245546
0.345382
8.50541
1.6483
0.401849
4.41673
0.649648
0.355214
0.375349
1.87713
3.24974
1.40155
2.59451
0.285982
6.39568
10.067
1.66736
4.26878
2.71341
0.737939
0.257566
0.192334
2.46626
2.11454
4.99355
0.349007
1.15394
1.30705
2.77537
0.385149
0.249236
0.242518
1.75483
1.86773
1.15695
0.343014
5.54601
0.443789
1.59388
1.45252
0.38542
1.5411
2.10977
0.864292
10.8463
15.7798
0.537914
0.393642
14.6402
0.402005
4.17714
2.03301
1.41518
9.42149
7.38537
1.12542
0.613366
5.30922
1.20603
3.99435
0.360387
0.223227
4.13581
2.26533
6.09364
0.627906
0.171807
1.17962
0.262395
1.93377
11.2515
9.12786
1.78255
1.93549
5.27307
3.1151
1.27289
0.172469
0.658348
6.09763
0.427816
2.34468
11.0618
1.11612
9.95356
0.3653
0.348741
5.28416
11.3451
1.74921
3.6282
0.596168
0.356303
0.386757
0.883001
9.58628
1.12263
1.44717
0.393573
1.43927
0.683291
0.39494
0.296789
0.129455
2.15745
1.50966
7.33422
1.23877
8.7954
2.45911
3.36072
1.82507
8.02236
1.39757
6.48875
1.5172
0.263738
0.383516
0.337599
0.40608
2.47736
0.258466
2.45629
0.346604
6.72741
2.00026
1.25543
0.821973
1.08997
3.98975
1.81736
0.65541
0.407375
1.35064
1.20008
5.05421
0.675643
1.50406
1.19123
0.241611
0.315567
0.268222
0.234606
0.804044
1.20888
1.4666
1.35479
1.43408
2.86484
0.438837
7.80142
0.880032
3.74819
5.16563
0.353885
3.02913
1.51703
1.13148
3.69769
1.47939
1.27548
11.1699
0.801604
1.58618
0.366753
8.00468
1.52244
0.338319
2.5696
1.4609
1.52636
0.349357
1.52949
0.922354
9.68614
3.60534
0.385188
0.308408
1.346
3.72474
5.91048
5.66939
1.87612
7.7196
6.61062
2.40174
8.23112
9.65123
5.18365
0.394979
0.866221
0.369013
0.906133
1.60569
1.04723
2.58913
1.09357
5.45629
0.952936
0.244321
7.7679
1.51364
1.30516
6.1499
2.61385
1.16763
0.932388
3.83041
0.331328
0.944501
9.96118
6.707
13.2324
3.55659
2.16732
0.367183
6.8698
2.75888
0.397571
1.30851
0.107806
2.15056
0.390126
0.530702
0.38859
1.45784
5.44698
0.341823
0.253547
0.315892
0.321554
6.35463
0.396333
0.1979
13.1555
8.11835
5.767
0.267121
6.82504
1.14424
4.17736
3.71845
0.393373
0.455659
0.336917
5.37093
0.538958
10.5281
0.336136
2.0784
0.716101
2.34702
0.746356
0.833246
1.35305
0.441249
3.59325
0.344771
0.449702
5.28247
2.52964
3.41635
1.47901
8.32231
5.76826
5.31837
5.47786
0.402196
9.64347
1.33355
1.60467
0.391826
5.89428
1.26601
0.339231
10.7602
5.32547
0.395501
8.03708
1.28552
5.24709
4.13553
4.24524
0.945208
0.258552
1.42885
5.89086
0.294937
3.14768
5.41529
2.93464
4.55972
3.2269
0.10731
2.69989
0.398045
1.64452
0.402412
1.5206
2.29193
5.77802
4.47886
1.34176
7.32589
7.20382
4.28813
0.42603
1.02703
5.53057
7.16009
0.387025
0.366756
1.40382
8.63568
1.30503
6.96323
0.270063
1.75602
0.850733
1.16987
0.395169
0.863333
4.7747
7.54182
1.68432
6.41089
0.343879
1.78873
1.37334
6.59164
0.338469
1.34838
2.84928
1.08457
1.362
0.384827
0.276781
0.393495
1.14445
0.231625
5.66803
6.08481
3.59688
0.608221
0.364793
0.839574
3.19078
4.63596
5.21093
3.69112
0.328423
0.299142
9.30284
5.91011
1.08335
5.65448
1.37144
0.51749
0.319742
0.256577
1.07831
0.383474
5.95147
1.5562
6.68797
1.52119
0.367252
0.490741
1.79148
0.7589
2.22051
1.7266
2.86381
1.56381
3.18699
0.362681
0.344184
11.5504
1.47596
2.40544
0.410277
2.58771
0.338664
0.394451
0.249682
6.2835
1.01928
2.10105
6.55698
6.97979
1.7141
17.1734
0.360941
0.357639
7.38806
1.12596
0.442491
1.52388
0.38489
0.260813
2.93954
0.781833
2.79168
1.10466
6.87414
1.58089
0.362473
1.78886
7.7326
0.761417
4.83884
1.50108
4.93495
1.28552
8.31623
1.25872
1.4526
6.23069
7.13571
0.339235
2.87404
3.79581
1.31005
0.708712
2.79895
0.401593
0.387471
2.91611
0.373491
12.0765
2.35083
6.04509
5.52362
1.85353
1.45737
0.320686
1.97265
4.6198
0.392041
0.351339
9.98272
9.12933
5.91405
5.62652
4.35018
0.651783
3.24449
0.394906
1.6167
12.1628
5.79583
0.38359
1.8577
0.359679
0.382806
0.636697
0.419808
5.38636
0.51742
0.357585
0.638166
14.8642
0.120934
7.8088
0.861729
5.44561
1.41808
6.01918
0.284502
0.833179
1.31549
0.287598
9.12541
0.263746
3.99131
5.14209
3.05721
0.272799
14.0261
6.9939
7.93596
3.26612
6.09402
1.95875
0.412048
0.307122
5.22256
10.2549
0.346275
4.67079
4.75992
1.43164
2.09986
5.74512
1.57672
1.08533
10.5968
3.10515
1.40428
0.0627651
0.656269
6.67844
0.292994
7.96398
1.29842
2.49079
1.05587
2.4382
0.269058
0.81603
0.264368
0.478391
0.112942
7.15264
6.35763
5.28758
0.346295
3.00387
0.428583
0.365174
9.55341
6.48269
0.249621
1.17984
0.308327
0.891404
2.04054
0.40563
1.26353
2.70606
3.91018
2.42481
0.862224
6.25836
5.60553
2.38975
7.32762
0.416655
1.44872
0.377237
1.47152
0.363428
4.99188
4.48749
1.53944
10.0043
6.10833
0.249933
3.24706
1.1398
0.385665
3.46487
0.380461
0.50215
4.1382
0.364813
2.79334
0.272413
7.04236
0.569694
0.918091
0.388395
1.44369
0.52693
3.2072
4.56014
1.08616
0.337444
6.74785
1.43506
1.06614
4.3831
0.785042
2.73369
0.588859
7.43349
2.19129
0.294591
1.4194
5.14036
0.373396
1.4195
2.80773
0.323992
7.88034
0.227937
4.00504
2.28982
4.6088
1.00597
2.99457
9.64327
0.610592
1.60158
2.28298
0.799796
0.984418
0.385902
3.8665
2.15356
1.90101
1.18073
1.95803
1.91341
5.42
3.09197
5.49718
0.640183
2.80099
0.391928
5.34671
1.25844
0.417038
5.48908
0.262036
3.87903
1.32378
4.80968
1.27682
1.41585
0.228276
1.9914
5.1344
1.30528
1.07419
0.727903
5.10199
2.30632
3.65488
0.372121
2.35319
2.16377
0.255695
3.93159
1.48665
0.615572
0.8594
2.03189
11.8521
6.22708
0.538221
3.92161
0.389636
2.79235
0.755901
8.59604
4.24528
0.251264
0.327906
1.13517
2.91067
2.0381
3.96286
1.6335
0.702772
0.274367
2.88774
1.73254
3.13266
4.23347
0.797543
0.378794
1.46737
5.30769
1.77286
2.28758
0.335938
8.49493
5.33909
0.44696
0.78045
1.58571
1.5576
0.301276
2.81873
1.52636
0.351811
3.24893
2.47345
1.84399
3.38605
4.5191
0.372543
0.332887
1.02687
0.860892
8.04945
14.34
0.289869
0.31606
1.29435
0.364299
3.78645
4.30478
8.09251
1.40627
0.310808
1.99257
0.368498
1.5364
2.34586
0.275016
8.9047
5.86992
2.08575
0.401923
6.89774
1.48218
0.99981
8.18417
1.49815
1.05936
6.22733
4.17036
2.49476
6.81921
7.03966
7.96319
0.638961
4.58586
1.83576
4.09978
2.86322
1.14713
0.44541
0.230093
1.6697
1.44574
2.04814
0.272248
1.41058
2.51846
0.222211
11.2424
0.11469
4.78038
8.41307
0.268959
5.51865
1.03757
0.810814
7.18047
3.6654
2.10707
4.25485
0.380991
0.401209
1.59601
0.327867
6.67328
2.89815
0.0274839
0.391542
1.99623
3.31519
2.93351
0.337545
1.53135
6.23313
0.232176
0.260314
1.03003
0.377785
0.747389
1.58503
1.10886
0.318931
1.50131
0.808588
1.44905
0.220199
0.391031
6.07883
0.369794
1.61213
4.44585
1.45538
2.42249
1.53991
5.34124
4.43775
1.82224
9.15168
0.603636
5.30705
0.382788
3.44218
10.9075
0.265558
2.65848
1.28136
1.3873
0.260734
7.07799
5.28212
0.338937
5.20719
0.429316
4.54101
3.70016
1.42113
0.754519
0.560679
5.35286
3.67041
1.65173
5.26659
1.49489
0.397081
1.35844
6.79637
1.08962
0.571799
0.307462
2.18683
1.00859
4.45764
1.49062
1.25615
1.44319
4.71151
0.416375
3.71229
3.77601
3.20953
5.32497
0.900093
4.62632
1.52938
0.546343
7.72613
7.314
3.09258
0.743132
6.61256
3.73485
0.0419552
5.51799
8.8305
2.88019
2.36166
1.99906
3.57512
1.11212
1.16179
4.84577
5.39881
0.348576
0.378005
0.321441
1.27295
0.121148
1.51222
5.5486
1.50452
4.07777
0.286798
8.83479
0.223312
2.04961
0.216422
2.13145
1.38466
2.64243
7.98825
0.389242
4.24959
0.379385
1.29075
0.930917
0.987549
0.238068
4.30006
2.09257
1.2581
0.335393
4.91875
3.65271
2.48939
1.66178
1.17898
0.922411
0.232491
5.65805
3.14665
7.9574
3.40243
6.48353
0.356364
0.106695
0.612176
3.71352
3.64078
0.985659
1.14652
0.264996
1.19398
0.515037
5.35386
0.814428
1.53913
1.38217
1.40177
5.50187
0.291107
0.609556
3.05292
4.95768
0.295291
2.02896
1.64763
0.890679
3.61527
0.886974
1.0126
8.85325
4.22742
14.5164
1.41228
6.54328
0.406454
3.50769
1.22781
1.95308
9.8107
0.253131
0.651425
1.91705
1.74927
4.47966
0.685385
0.330496
5.07663
3.32859
8.50849
2.88913
0.390781
0.267745
0.400154
0.275137
0.29289
0.804257
1.40596
0.639603
3.0221
5.34271
2.01585
2.99405
1.17877
0.24207
5.43155
5.66684
0.392718
0.256312
0.56834
4.00921
1.40187
0.378084
0.305769
0.733764
1.53272
1.64706
9.91375
1.72109
5.58064
1.84625
0.110573
3.48362
1.06297
1.12485
1.61285
4.15055
8.21102
2.75232
0.367517
1.48149
4.55636
1.97378
3.30522
2.04164
0.327081
2.09639
0.366554
3.24537
3.43703
5.17491
0.30249
1.43257
2.78666
3.22938
0.317208
0.987723
0.953597
9.46595
0.131445
0.933667
0.746596
0.288339
2.82028
7.94766
0.388911
3.67147
3.16119
0.233968
2.67165
5.67462
4.83623
1.0609
5.38904
10.8887
0.225553
11.6605
6.65352
2.65661
0.259619
6.00596
8.52904
4.4276
1.63946
10.5268
2.42381
0.821299
3.74848
6.99632
0.365069
5.02078
1.50396
3.40649
0.379141
2.98146
0.249751
0.361208
14.9244
0.202318
3.70053
2.95555
0.75234
2.74896
0.478803
0.773877
1.61541
0.239125
0.236675
6.49443
1.5236
1.29082
1.36491
1.20494
0.272659
1.25627
5.56599
1.22585
2.79416
0.740095
3.57963
0.3957
11.3786
1.13179
0.334602
0.404776
2.92408
1.39585
1.56371
0.81454
2.19661
1.25809
1.53473
4.94257
3.16744
1.43084
4.03774
0.34734
3.84443
1.16216
3.15763
0.265661
0.380013
0.390544
0.399721
0.251909
1.98989
0.140192
4.52579
1.38636
2.25302
0.328607
1.23895
1.88347
0.800638
10.8622
6.63469
4.62676
3.42684
2.69155
1.58227
0.371203
0.277594
1.04244
0.701614
0.225647
1.59174
1.37708
1.51329
9.74199
0.559556
1.09038
5.31084
7.82772
1.88685
1.51118
1.50422
0.891376
0.349226
4.78498
0.297074
0.400408
0.382111
0.388564
1.2294
11.1289
0.253947
0.385774
2.44091
1.49616
7.78969
1.53121
3.76129
0.364762
0.310868
1.27537
12.6172
4.23888
0.304596
1.79489
0.395401
0.399138
0.464975
0.393691
0.24767
3.44645
0.377798
6.58939
6.85189
0.859102
0.464678
0.288399
1.29105
2.8953
0.376381
13.2784
0.37073
2.4128
0.242475
1.70753
2.05018
0.369642
6.20298
0.384129
0.856392
0.295584
2.07811
4.54163
1.15416
0.751389
0.827016
3.48728
1.67421
0.726153
2.18542
2.14378
0.935295
9.05652
2.30918
0.383502
1.41628
0.361243
0.375032
7.93412
4.31381
7.26077
3.16343
4.30041
0.301589
0.394334
0.267733
0.377272
0.388779
7.77588
4.98704
1.62631
2.97614
3.368
1.62138
4.63418
1.37891
0.863128
5.05951
0.925117
4.70229
8.96665
7.01402
1.58687
0.65996
0.414903
3.01349
2.11204
3.49238
0.989
0.663772
0.367026
4.76401
0.279186
1.42062
1.5059
1.18596
0.279298
1.53425
0.402447
4.84695
12.8359
0.280495
0.398212
6.21447
12.9748
0.430451
9.64471
1.86247
0.295526
1.02584
0.252245
0.605763
0.626474
1.61439
0.374905
0.332787
2.27497
0.397484
1.16095
0.240128
0.759855
3.8066
4.70869
0.295772
0.889694
1.68475
1.0498
0.207231
0.251262
0.316054
1.29672
0.975925
9.59928
1.07072
1.83032
0.369508
1.15835
2.7987
1.04653
0.262846
1.7903
1.41259
2.90446
1.22292
0.939325
3.72177
8.2569
0.805384
3.70946
1.37806
1.57339
1.06692
9.19577
2.93762
0.368479
0.338512
0.886509
1.6903
0.30734
10.2077
2.62724
1.5271
1.70301
0.159187
1.19023
4.75449
0.775888
0.353979
1.54832
1.97498
3.89164
5.00602
1.37288
0.460497
2.40827
0.879954
7.15133
8.422
5.32821
1.07954
0.219559
0.824639
0.270378
0.563084
1.16792
4.48366
5.13773
0.725592
4.19943
1.16822
0.260027
0.28375
3.76619
5.42387
6.81536
1.04441
0.30214
0.108757
0.211521
3.08468
0.261674
1.05431
6.29567
2.47759
3.12541
0.139005
1.25745
5.82453
6.17377
0.303346
0.299767
0.306768
2.99655
0.743271
1.01697
0.619126
0.379629
2.02365
1.0581
0.335259
1.27479
5.16636
0.892383
5.41529
0.0317061
5.8809
0.275382
2.60758
0.401268
0.341538
4.84016
0.290571
0.261319
0.0902497
1.15865
0.283623
1.77207
0.987894
1.71808
2.34785
1.96676
0.728926
1.04927
2.574
0.890038
0.896493
0.358296
0.2748
0.385771
3.71726
1.82519
0.226245
1.16211
0.352025
0.384016
12.512
0.318565
0.29985
1.35702
1.44754
8.96778
1.04547
4.38677
5.02406
0.250819
1.48817
0.335864
6.6558
0.292816
1.46141
2.18143
0.376481
2.24392
0.317932
0.496271
1.56409
0.767958
5.11347
0.984705
0.251198
5.37333
5.44364
9.33285
0.384483
0.890658
0.823154
1.6162
1.15657
1.15505
1.02732
0.260489
5.37097
6.9831
5.85748
0.902151
0.263225
5.19689
5.2283
0.400885
0.265648
5.5602
15.3494
0.345695
0.252166
4.61719
0.438806
0.750678
0.468778
1.83844
5.55652
0.332333
1.29975
6.22604
3.25297
0.642814
3.19386
5.4976
5.52451
5.96829
1.38553
2.06669
0.335998
8.74987
0.667544
3.46326
0.758401
0.985952
1.91305
1.12652
0.288035
1.54157
1.19822
1.83865
7.91476
3.41253
3.10722
5.39477
0.955833
0.261246
4.32393
10.7891
0.280216
5.8243
1.73567
0.253437
1.28663
2.16266
2.83287
14.5567
4.98788
0.781375
5.62219
5.2926
1.44185
0.603584
1.43937
0.289683
5.31543
1.36165
1.07496
1.48959
2.07248
4.20277
0.332192
4.77527
1.53565
0.255192
0.396943
6.71974
1.2094
0.349237
1.34271
0.261633
0.719296
3.16612
5.46592
0.375032
3.75763
7.32528
0.362933
0.287946
10.5347
3.45948
0.262309
0.40366
0.493198
6.06755
1.18234
3.07909
0.312697
0.253668
0.306371
1.46096
0.49556
0.37001
0.39104
1.25468
9.30863
0.360459
0.278071
0.250536
0.348885
6.49919
1.44424
4.00956
0.284297
0.811764
0.393811
0.264386
14.985
1.57367
4.25549
0.28277
0.333843
3.12789
0.301788
3.60974
0.784204
0.251411
1.4552
0.366951
0.350898
0.357046
0.414253
0.410452
13.9016
0.303602
1.53403
7.07863
1.48458
1.31665
1.32102
0.195483
3.25897
0.410125
0.252256
0.252012
6.73212
0.704698
1.97633
1.65411
6.60072
0.797939
1.92384
4.00833
0.472381
1.65005
1.21632
2.88399
3.9276
6.50291
2.48305
1.95553
0.27274
3.65682
5.85508
0.346929
1.89725
0.376054
2.96055
0.350897
0.392962
0.358841
0.243959
0.551683
2.0725
0.560372
5.69023
6.44461
0.807445
2.17312
1.27639
0.278447
0.33308
2.32302
0.231365
1.51472
0.296068
0.267646
5.68122
0.542971
0.268667
0.247708
0.834265
2.61873
0.288794
0.863962
0.369573
1.00057
3.32862
1.18102
0.0337529
5.11748
1.90122
0.739647
0.0877006
0.00889255
0.39348
0.269923
0.923781
1.46851
0.345197
1.20496
1.40912
0.319331
0.259253
4.68132
0.273363
2.11327
0.934996
1.93257
2.28234
0.257672
5.91513
4.99669
1.61419
0.930013
6.82198
3.73653
0.435185
0.992604
5.44547
0.373038
0.957144
0.250002
4.1435
5.77301
0.483109
3.88135
6.74703
6.30386
0.802517
0.0141294
0.0151814
0.275008
0.352205
0.384253
0.266929
1.18037
1.30833
0.928072
5.98755
0.333283
0.305444
1.34669
1.45317
5.73242
0.785489
0.606032
0.363442
0.315353
5.27843
2.85046
0.219935
0.910794
5.93119
7.74407
0.29161
0.369751
0.35104
0.257893
0.335699
3.3193
0.206075
3.55245
0.47593
0.35798
1.93261
3.28292
4.92914
0.395207
0.0771571
0.0118482
6.8789
0.386713
0.380119
1.31827
0.263686
3.02724
4.86452
0.381905
3.4374
5.24387
0.274166
0.238139
5.44136
0.796557
0.279271
0.273504
0.206698
5.40336
0.260389
0.268037
0.365778
2.28751
0.211628
0.423563
0.33601
0.903136
0.437007
1.37699
0.377488
1.26919
0.367755
6.82376
5.45892
5.26456
0.853379
0.798196
1.32069
4.84422
5.43017
0.259013
5.44153
2.10746
0.272247
3.45924
0.326052
3.87732
1.05045
1.20785
0.270209
1.76004
2.47684
0.25916
0.264133
0.222484
0.368948
5.70385
0.256118
0.380083
0.260539
0.568845
1.43384
0.728227
2.19127
3.117
1.69109
2.95862
0.246022
1.33615
0.259519
5.19864
5.43917
3.94984
0.260373
1.13443
0.431406
0.269616
3.38402
0.332334
0.342098
6.14635
5.58837
3.24445
1.44813
0.22679
0.275027
0.243874
0.353799
5.58535
5.54577
0.25844
3.02405
1.20075
2.91157
4.91173
1.29617
4.41836
1.4906
0.295134
5.52841
1.03947
0.335477
0.709355
1.45103
0.285269
4.30505
0.269305
3.28156
0.575254
5.51476
1.03958
4.96731
3.4583
2.90978
0.930789
3.34273
4.17435
0.388402
2.47493
3.1811
5.52241
1.13212
0.519875
1.57177
0.282712
0.518701
0.305235
0.907728
0.238877
0.239959
2.73918
0.580637
0.831778
3.12203
1.67602
2.1849
0.262221
0.360226
0.968186
1.87034
1.61378
0.432852
1.7035
0.426821
1.60447
4.91044
1.05248
1.17562
5.55218
0.372488
2.5103
0.385693
1.0142
0.436133
3.25433
3.8806
5.34508
0.360171
6.8984
5.50268
0.341239
1.25439
0.359241
0.226591
1.49526
0.338168
0.284217
5.38674
1.08474
5.07053
0.575806
2.71511
0.355604
2.4051
0.265337
1.74696
0.325168
5.31698
6.90433
1.42714
2.30324
2.44222
3.49363
0.252207
0.426586
7.73976
1.5322
2.31451
0.987499
1.15817
11.5961
0.709061
6.06933
0.266793
0.738492
0.910734
1.9495
1.23735
5.13347
0.275766
0.302559
1.10137
1.21414
1.43477
0.350502
0.251882
0.346155
1.59722
0.217174
5.42955
0.427475
0.358216
0.668518
1.08243
5.42185
6.60497
3.57795
6.23123
0.364886
1.03964
1.13871
1.16662
1.80555
1.52038
2.12479
1.18704
0.317265
0.389468
3.15191
4.95519
0.351199
0.235493
0.262789
0.349536
0.382081
1.57178
0.395573
0.324449
2.67107
0.212473
5.50233
5.09723
0.382621
4.55652
0.16443
0.673993
0.317344
0.356538
1.48331
0.395477
0.361568
0.269334
2.72773
2.94043
0.33046
0.345878
2.3655
1.81294
0.253835
2.14936
0.254114
0.373104
2.54218
0.329417
1.451
4.03904
1.53813
0.35291
1.20454
8.99474
0.730088
5.45055
1.43683
3.30507
0.69776
0.113316
0.39986
0.265703
3.28493
6.27596
0.291041
0.439108
0.367726
1.0188
1.25351
5.02048
6.88812
0.843421
0.265588
1.57044
0.257023
5.29494
2.4907
3.3481
1.12036
0.371441
0.271961
6.53724
0.230649
2.04852
8.84248
0.389977
4.40831
0.40872
8.57445
3.79963
2.16059
0.358823
7.25395
0.369988
5.44745
0.225771
0.170213
1.55964
0.409253
2.21012
0.297802
0.207537
0.528588
0.306885
0.434791
0.26423
0.317652
0.236176
0.215353
12.5493
1.85837
0.374445
5.31165
0.26914
0.411635
0.254088
0.370697
0.371823
2.45591
6.3351
0.128704
2.35463
0.191278
0.245604
2.46391
2.36459
0.180335
7.013
0.266909
2.63081
1.31255
0.392092
1.54762
0.879297
0.223072
0.214474
0.72552
1.5329
1.65262
2.00091
0.429143
0.568379
0.380319
3.66326
0.421039
1.47005
5.2311
0.367746
0.380676
1.42987
0.246841
3.39722
0.227448
0.32428
1.11077
3.33472
5.49482
12.8987
0.461581
0.423214
0.30144
0.441543
4.8258
1.40527
0.313514
0.39122
0.172088
1.09166
0.0556144
0.0653236
3.16931
0.962539
0.278
0.248776
0.630397
1.34675
0.378009
0.161289
4.63056
0.933094
2.5083
0.246604
0.304919
2.35156
0.252789
0.660288
0.254888
0.25359
15.7065
2.52505
0.706657
1.36103
0.828477
1.01239
5.85865
0.63806
9.17733
1.26749
0.35878
3.596
0.238607
0.252925
5.25948
0.724773
0.659042
0.368181
0.385662
4.79215
1.70127
3.43949
1.43194
3.26493
0.413147
0.723939
1.06791
0.263341
0.0136537
0.402517
0.361915
0.276544
1.28537
2.80289
0.192971
0.416142
0.860599
7.71684
0.3763
0.0498849
0.364331
0.830166
1.05464
1.38729
1.19852
0.259957
1.86913
2.32786
0.307241
0.233156
0.427569
1.66405
1.82435
0.341217
0.409872
2.09865
1.27863
1.43825
2.10219
0.562361
1.07387
1.51828
0.383944
4.89041
9.10732
0.337406
1.61631
2.30123
0.431664
0.0287153
3.1827
0.665324
0.99952
0.431531
0.731184
3.96291
0.325504
0.123507
0.380566
1.39282
5.68183
0.264146
0.014334
0.278778
0.991677
2.16345
0.229984
0.257625
3.19331
0.321218
2.38956
4.86153
0.385869
0.842583
7.50218
0.186503
1.28117
0.384069
0.696729
1.29588
14.5037
0.113131
1.33299
1.54042
0.567326
0.818896
0.284206
1.03844
4.61412
0.388941
0.74352
7.10094
0.343807
1.52148
0.40991
2.17787
0.351998
2.06834
0.394952
1.00561
1.2291
5.18056
0.91362
0.258987
5.21469
0.333033
0.184257
0.284653
3.07022
0.248207
0.425039
0.434455
0.250271
0.261436
2.73263
8.5391
3.06036
1.00234
0.226864
0.432383
3.52005
0.240631
1.49199
0.344851
0.439332
3.45913
4.06336
3.3692
0.250932
0.557317
0.360555
1.03379
0.25491
1.78098
0.233426
5.5854
0.215165
0.743902
0.774074
0.253009
0.373315
1.14136
0.441993
0.441959
0.631642
0.536573
2.20167
0.427829
0.283328
0.532301
1.43817
1.32553
1.20481
2.76261
4.59045
2.21215
1.95989
0.32757
2.0467
1.48372
1.55234
0.393968
0.420194
0.373088
0.819855
0.394867
1.48774
0.378716
3.19507
3.50956
7.97271
0.356612
5.25528
1.21974
0.631007
0.380288
1.34073
3.51844
0.443248
1.80838
1.71367
4.97149
7.74
8.19825
0.0463006
4.8715
0.210806
0.565451
0.427829
0.572824
1.13192
0.245074
0.361765
5.00522
1.46274
2.76697
0.384399
1.51453
0.767549
3.47205
0.584884
1.19911
1.345
0.20331
1.35786
0.26124
8.49448
0.498337
0.794491
0.214445
1.02974
4.75711
0.370532
0.254718
5.25077
0.322352
2.03313
1.9024
2.84914
1.47168
0.692764
2.12874
3.91157
0.439405
5.85302
0.267564
7.49956
1.22477
0.384886
0.292144
0.378553
1.83859
0.632269
5.39795
0.68878
1.28672
4.97014
4.46191
1.02581
0.234356
1.17041
0.392681
3.29802
0.482769
1.96842
4.64306
2.71657
2.95985
0.381295
0.440586
2.16902
0.231651
6.85692
0.960398
1.56954
0.113721
0.604646
1.80552
4.62928
0.384217
0.223387
3.27998
4.30708
0.992848
1.92631
2.11752
1.13301
0.350899
0.353851
1.7132
4.29221
4.32853
4.10675
0.256551
0.236276
0.276239
0.40009
0.573743
3.07124
6.35289
0.256857
0.297673
3.84169
0.792412
6.0309
1.95991
1.78855
4.39653
4.22306
4.68581
0.397029
2.11557
5.65121
1.39094
8.11162
0.6553
0.512732
3.19365
0.360461
7.21228
2.04786
0.766091
2.03198
0.370486
0.224355
0.231275
1.05493
3.89061
0.576558
3.63823
2.23353
0.667168
0.419582
0.839092
1.1069
6.63339
6.05292
0.862968
0.39476
0.363159
1.33747
1.54125
0.271689
0.975994
0.226985
1.90939
1.13911
0.663452
0.971609
7.20183
0.285876
0.402211
8.80381
1.57103
6.64581
4.58636
1.51446
0.39969
0.256463
0.278719
2.06637
0.347975
2.40235
0.249151
4.86677
3.44356
0.340953
0.254309
9.00313
3.36836
0.138454
1.31375
0.787399
1.51876
6.01446
0.351435
1.43345
0.850506
4.90108
0.37239
1.4691
0.374986
7.78041
0.428814
1.67915
0.242205
0.747591
1.10239
2.09476
0.519094
0.831651
0.308985
0.405001
0.379551
0.655237
6.89329
0.773025
2.09264
0.0444697
0.38063
0.341503
0.207883
0.0156751
0.215378
0.228474
1.64334
0.279306
1.00718
5.2268
4.30492
0.219961
0.271112
1.05064
2.44946
1.18975
1.00194
0.278717
0.317195
2.33861
0.349176
0.738396
0.0183391
5.08326
5.94978
0.715581
1.05953
0.271437
1.01052
5.08805
3.01963
8.5555
1.0349
0.231198
0.45767
0.204691
2.18202
0.395384
1.52366
0.46351
0.270952
0.252165
0.465676
0.052498
0.426261
4.76116
0.383081
0.632549
0.216078
1.44011
0.999355
1.72064
0.256741
0.405581
1.23257
0.161383
0.952592
0.218861
0.782853
2.01612
5.41066
0.346921
6.84566
0.2754
1.97109
0.222671
1.56395
8.58234
0.336797
5.37676
4.86409
3.047
1.35788
4.4289
1.11665
0.821246
2.54254
2.21262
2.4574
0.390159
0.396809
0.795693
1.52727
0.208082
1.79754
0.566938
0.232389
2.12461
0.907079
0.292472
0.222959
2.81403
0.980762
1.30566
0.202402
8.29358
3.83891
3.85828
1.02635
1.57206
0.845998
1.10927
0.278839
1.10956
0.407635
8.05633
0.390998
5.55199
4.06036
0.432397
0.913362
0.254611
0.0559226
0.10069
0.230776
3.84674
1.45229
0.312951
3.72368
0.319266
0.852618
1.50703
1.86155
3.7433
6.38984
5.43009
5.66681
0.410331
3.85622
0.205621
0.226486
0.402079
0.813327
0.423692
1.33628
3.01299
1.61242
1.48453
0.276686
0.688753
0.279089
0.113388
2.22887
0.833358
1.45553
0.297235
0.50402
3.07478
2.08105
1.33506
2.93643
1.32813
1.43629
3.35783
1.07845
0.198764
0.273937
1.0848
9.63271
0.0221655
0.00808961
1.29004
4.51334
4.72156
5.45025
4.43033
0.708389
0.991761
0.811416
4.2104
1.08471
0.337902
0.822511
0.846402
3.05752
0.245063
1.10114
0.253168
0.248373
1.15442
0.310963
0.795025
0.220757
1.13545
0.297737
0.540097
1.48095
0.111368
0.256306
0.255664
0.561881
0.209327
1.13299
0.413878
2.85506
0.25133
0.196017
1.97127
1.59249
1.26588
0.0147157
0.399738
0.28373
0.24664
0.234649
5.0842
0.837262
0.374622
0.396246
2.63121
0.418451
6.49305
0.295348
6.17027
0.653707
0.263613
0.525242
0.747893
0.25445
0.727115
0.354926
0.753984
0.144638
4.09776
0.223319
0.857911
2.34794
0.275633
0.672806
0.130419
0.33562
0.00552473
1.2076
5.48322
5.90124
1.3702
4.34071
1.61687
1.44658
1.06064
0.890187
0.385941
0.0131453
0.0134901
1.0822
2.4186
0.604005
0.97754
2.49209
4.06983
0.258145
0.3852
0.761492
0.167856
0.801441
0.2333
0.340777
0.347934
0.353172
1.62592
0.851689
0.0715096
6.27384
1.95531
1.13259
1.44713
2.44492
0.513282
4.87373
0.193486
0.64352
0.248593
0.843464
0.254982
0.375449
0.276622
0.252573
1.54406
4.68983
0.227307
0.283119
1.07699
1.23235
1.48711
1.98577
0.67992
2.48642
1.54581
2.05021
0.965762
8.32573
0.308881
4.20836
1.59495
5.84784
0.954095
0.394441
9.46306
5.34225
0.369204
1.54325
1.59085
0.195826
0.597286
0.222414
1.41713
0.433265
0.285622
0.673473
6.81545
0.241625
0.699727
4.46841
1.90539
2.20021
0.188377
0.349256
1.3995
6.79501
0.465281
3.32525
0.350021
0.384421
0.232063
0.399523
3.76215
0.0126215
0.019481
0.374694
1.48933
0.236965
4.76662
1.31303
0.417418
0.448678
0.928607
0.273446
4.76014
1.46678
0.346035
1.43633
0.216453
4.08537
0.233207
1.80381
0.56586
0.363067
0.303195
1.5325
2.06256
4.65892
2.71634
3.19015
7.11781
4.13395
0.260404
0.179601
0.270914
0.660344
0.855451
0.397976
0.333091
6.83617
0.797619
8.55679
0.279689
0.624195
0.314303
0.271039
1.24085
6.16176
1.59788
0.949506
0.349604
0.201058
0.388955
0.368646
3.38306
0.23618
0.756193
0.165448
0.172803
0.393424
0.266423
2.08867
0.278495
3.3952
0.222707
2.9478
6.01539
0.994371
1.91621
1.2507
0.199441
1.34455
6.50325
7.58474
7.44252
3.52233
1.62403
0.260885
0.283623
0.393094
1.00725
2.81094
0.386207
0.378275
7.84032
0.675313
6.84171
2.64104
0.228329
7.07784
10.3282
0.206942
1.66138
2.45785
1.61017
3.20211
5.72257
0.27405
0.369905
0.603095
4.65937
3.78051
0.299448
2.17842
1.54413
0.171545
3.42495
11.7581
0.33771
1.36929
0.395784
1.61445
1.3288
1.41309
1.43934
0.283469
0.67443
2.98319
0.417208
1.96933
1.31062
3.07587
1.32696
0.305248
0.182029
0.181013
0.295842
7.51292
1.75954
2.97395
1.83478
0.298812
0.623251
0.697495
4.41409
1.17394
0.846678
3.39523
5.60955
0.441531
6.83077
0.552797
0.697718
0.861773
0.235613
0.217442
0.253975
2.61438
5.48787
5.10293
0.833103
3.72682
0.769792
0.183457
1.38867
0.403908
3.45171
1.62406
2.29697
5.27349
0.578226
0.383182
0.176425
0.294916
8.27413
1.61574
0.635684
0.910603
0.279235
1.36517
0.35486
1.20222
1.41269
4.59198
5.47643
0.738931
2.1352
0.225452
1.37837
0.302904
1.5878
0.155281
0.951892
2.60823
2.52135
5.11772
0.185749
3.62534
11.0349
0.438258
0.714501
0.240532
0.30108
0.251332
0.372515
0.806307
0.0920754
1.0031
1.42586
1.48472
0.352881
0.333913
3.86288
0.170068
0.868325
0.586767
1.02979
0.219293
0.340388
2.19556
0.689769
0.366046
5.07316
0.663841
0.401172
0.184226
0.8677
0.295328
0.276168
0.802374
0.262366
1.07568
0.416949
4.87932
6.75764
5.33092
0.273518
0.270916
4.70368
1.57555
3.23615
0.527473
4.95732
6.71379
1.2241
7.19843
0.367488
0.270503
1.08013
0.205072
1.99763
0.408819
0.272088
1.37536
0.207196
0.342724
0.308818
0.939326
3.37996
0.383117
2.85714
0.406464
1.17556
1.64547
1.20841
1.18
0.637972
1.56351
0.942065
0.241855
1.85151
3.50938
6.99194
2.71939
0.263196
1.63757
1.47323
2.9216
0.365459
1.60909
0.324206
0.211344
13.6643
0.63784
0.230078
0.200399
2.88339
0.240307
0.542123
1.10706
1.1219
3.14519
0.158261
0.247677
0.266621
1.97741
0.596308
1.09248
1.60963
0.2223
4.88973
4.04398
0.473715
1.08904
4.35852
3.93271
1.68495
1.71173
0.270844
0.864296
0.417452
0.685993
1.28247
0.818304
0.244092
0.410162
6.17532
0.721362
0.399299
0.235949
1.43221
0.570586
2.81969
2.59389
1.9828
1.63354
0.732782
5.22227
0.568071
3.96211
4.24295
0.566424
0.686347
5.57336
0.23577
2.61798
1.00082
0.334859
0.337876
0.365746
2.99542
5.23959
4.94722
0.335847
1.11464
1.87981
1.5188
1.18302
1.71349
0.411269
0.422298
1.36951
1.21421
1.12207
6.26009
0.44901
0.235833
1.80395
5.91887
0.423215
4.3455
0.270089
1.41538
1.39176
0.424076
1.24613
0.29328
0.250734
1.47848
4.83142
7.01744
0.389388
0.602289
0.289355
0.438625
0.291302
0.535511
1.376
0.42984
0.36115
0.284957
1.4932
1.59656
4.48303
0.796491
0.815708
4.5395
0.959832
0.454736
0.355946
1.18402
6.56465
0.383608
1.53133
0.375819
1.85037
0.954101
5.53069
2.29652
0.982919
4.41881
1.51971
0.28431
6.6457
0.222404
0.393625
3.25505
5.23761
1.59723
1.2403
4.727
2.83478
12.9532
16.5143
0.84867
0.337032
0.715829
0.227049
0.79422
12.633
1.7376
0.268435
1.03623
1.20254
6.81345
4.77413
1.3417
0.412574
0.348315
0.594536
0.257609
5.41534
1.36635
0.266049
0.285852
0.49554
1.31597
0.624069
3.34238
0.266096
1.03593
4.04147
4.1626
1.86485
0.865383
0.319552
0.669646
1.92726
0.43997
0.956697
0.790921
0.333873
0.197662
3.24045
0.924833
2.69578
5.56933
0.898003
0.699769
0.254032
0.60862
0.259281
0.259042
0.538645
0.623632
0.247397
3.7438
1.24601
0.240452
0.454515
1.41712
1.39708
1.52928
3.08294
3.31685
0.282243
0.261881
2.7576
1.24833
9.06854
5.72533
0.73446
1.11989
1.51395
0.41826
0.225796
0.867774
0.247534
0.290653
1.60069
2.88561
0.346804
0.614504
4.78606
1.18789
0.295359
0.438684
0.545528
1.43025
0.247316
1.04107
0.451012
1.53524
3.51509
4.88461
0.960689
5.41611
0.370523
0.526136
0.326386
0.319313
0.832764
1.11384
0.181685
1.20976
0.925858
0.146487
1.00334
0.335531
4.9692
1.49532
0.313321
0.29643
0.207993
0.876785
1.45828
0.791064
0.726981
1.23045
1.28883
0.771363
0.402839
1.55117
0.256929
0.260281
1.34354
0.661412
2.87223
0.287824
0.36243
1.46431
1.15058
1.57588
0.233511
1.10592
1.78006
0.475975
1.30931
0.61934
0.428218
0.957564
0.914144
2.27085
5.66595
4.01667
0.257451
6.12495
0.246941
0.375625
0.843791
1.65324
1.42106
3.01181
0.316093
0.69134
0.537479
0.227708
0.353577
0.347587
0.316081
5.42527
0.758767
1.21559
1.51814
4.83796
6.05668
2.89761
0.883854
0.277262
0.239876
2.99134
1.35392
9.33274
0.21796
1.10762
4.83023
17.3899
0.65623
0.843985
0.128526
0.258537
0.312047
0.345992
0.853514
2.06458
0.440688
3.45691
0.735865
0.277496
0.255775
0.797254
0.837701
0.691088
3.37479
0.565918
2.58147
0.251192
1.27082
2.21163
0.208479
1.26098
1.57018
0.203296
2.09176
0.240897
0.389866
1.03286
0.651779
1.07072
0.526314
0.589046
0.346087
0.366393
2.55938
0.266554
0.389198
1.01854
0.884572
0.434395
0.281201
0.280245
1.28595
6.61999
2.83321
6.7607
0.94381
0.345127
0.443545
0.277174
3.56495
1.60647
0.644992
1.13145
0.131984
0.555453
6.0585
0.384308
0.828206
0.588984
0.248315
1.23355
0.259455
1.74834
1.4789
0.372933
2.00644
0.991729
0.312722
2.05525
0.25015
1.32867
4.30469
2.14165
6.16928
0.955738
0.296549
6.17073
6.99774
0.687991
4.06025
0.242707
5.41608
0.692729
1.47316
5.38108
1.16635
0.850109
1.1802
0.38333
1.16806
1.38267
6.68642
0.790954
1.61017
1.60841
0.256043
5.05466
1.18086
0.388146
0.0932659
6.36624
2.39645
0.397522
5.51129
1.22411
0.799809
7.48426
1.59526
0.506196
2.69696
3.34064
0.959653
5.34943
0.787676
1.44449
1.41908
5.83519
0.292273
4.24468
2.25384
0.863242
0.540142
0.257673
0.279923
0.231854
1.27754
0.334503
0.596488
2.71382
0.886161
8.66913
0.955848
0.240341
0.382875
1.24009
5.45275
0.262053
0.356284
5.43653
0.18281
0.182531
2.52893
0.411821
0.261214
0.300413
0.24739
1.44047
0.347261
0.914718
0.345922
0.304506
1.03143
0.38834
0.600326
6.90309
0.25742
1.38133
0.273009
0.278177
0.200287
0.529738
0.417946
0.932433
0.321595
0.368463
2.76116
0.273263
2.45308
0.571591
2.08843
5.15993
1.65082
1.20344
0.211533
0.640805
5.21387
3.07698
0.237715
1.50344
1.20482
2.79478
1.61227
0.864766
6.81288
6.20342
0.971319
5.75549
0.587183
0.370845
0.687232
6.72127
0.826389
2.27819
13.9605
0.191726
0.342262
3.13424
0.783846
7.23367
0.237466
0.418121
0.963293
4.19451
0.321676
0.28676
1.92055
1.02694
6.27679
3.38993
9.19688
0.30455
0.394318
2.11179
3.18661
0.340705
1.54047
0.25299
0.328806
5.14336
1.8156
0.257386
0.251879
0.290111
0.633028
2.36374
0.406588
2.67696
0.931894
4.35938
0.337806
0.871567
0.376858
1.06025
1.59907
0.26966
5.2621
0.643584
4.48553
0.606962
0.389962
3.55578
2.21728
1.34628
0.964142
1.43375
0.342287
1.75962
0.428586
10.2851
0.610669
0.749146
0.494883
0.227462
1.1871
0.422813
0.626615
0.245459
3.013
4.68614
0.29997
2.0137
1.30003
0.305459
1.39171
0.307846
3.61071
0.248749
13.0763
0.405969
0.694989
2.90482
5.03457
0.37607
1.97903
0.692022
0.271364
4.39113
1.02323
4.38736
6.36143
0.718823
3.50136
7.38792
0.0799674
0.288664
0.908599
0.274771
6.52692
0.270208
0.772439
0.252638
1.37948
2.5708
3.31899
1.40604
0.277168
1.33219
1.00365
0.283067
4.02252
0.295103
0.477165
0.387117
0.359592
2.34185
0.298735
2.82336
0.942784
1.11963
3.73382
1.48899
0.95345
0.394569
0.378674
0.720516
1.53015
3.12269
6.58024
0.258288
0.260215
0.618042
1.77721
0.577222
0.255585
0.309574
0.260061
1.37241
5.97591
3.2572
0.513656
1.40623
1.02703
0.600054
4.62035
0.270084
3.23056
0.0346918
9.84487
0.246866
0.932807
0.387857
5.85229
0.236663
6.29009
0.393824
2.97353
0.958175
0.236202
0.768842
0.949842
0.228975
0.806466
1.02955
0.771892
5.02298
0.251771
0.10445
1.52834
0.90117
5.69354
0.656685
0.551072
0.325569
5.17522
4.83264
3.7068
2.66663
0.723653
0.831033
0.11704
0.247135
0.597371
2.03784
5.76265
0.588957
0.267659
4.05317
5.31335
0.244598
0.297982
3.38794
1.40345
2.13195
0.24719
3.5253
0.428717
8.13492
4.28587
0.296396
7.34198
2.14498
0.340458
0.219771
0.720953
2.99108
0.225712
0.236407
0.294489
1.57209
0.665844
0.278766
1.5847
0.259749
0.399899
1.58749
0.571957
1.23319
0.361704
0.269362
5.08255
0.698817
3.80324
0.634281
0.244261
3.5846
0.561209
0.687293
16.034
17.321
6.99664
6.16971
0.371906
1.67295
4.33298
0.272709
5.31299
1.19963
4.30412
3.05484
0.318154
0.378417
0.784124
0.610293
1.5141
2.57003
6.71368
1.10573
2.15129
0.522061
6.81637
3.0333
0.257859
0.908706
3.39174
0.345593
1.03775
1.10445
0.254879
1.7146
1.49867
0.75138
0.278949
0.257896
2.09312
1.1702
1.07003
0.247791
1.0319
0.265058
4.57403
5.53947
0.280326
3.16412
0.351619
0.248894
5.22967
1.4435
1.48993
7.08543
1.47989
0.376884
0.366063
3.10821
1.39722
1.06375
6.84886
0.423676
0.128774
0.233591
0.1925
3.24883
0.16898
1.16151
6.77987
4.74756
0.680112
0.360737
1.97981
0.235498
0.0151416
7.39244
1.58263
0.24912
3.25638
7.90662
0.290487
1.69219
0.447797
1.96203
5.66843
1.47173
3.39635
1.32611
0.213503
1.81889
0.662813
4.59724
1.05288
2.80966
0.39576
0.243388
0.203096
3.1997
0.716588
0.288409
4.08639
0.362288
0.99486
1.40419
0.21019
2.01131
4.51809
0.892555
0.822021
0.330346
1.84951
1.08725
3.45743
1.28022
1.85144
3.98952
2.31624
0.437027
0.715181
0.53875
4.2792
1.46276
1.55669
0.405246
0.302813
0.70855
3.36245
0.242291
0.297247
0.729488
0.341862
7.41352
0.517466
1.40472
0.264544
6.40295
0.22603
6.90136
0.343279
2.16374
4.90564
4.5473
2.74121
3.73287
0.384015
0.946374
0.377833
0.646986
0.905288
2.36359
3.02052
1.17678
0.996962
0.228643
6.49631
3.98681
1.35532
0.388688
0.455583
1.12872
5.14722
0.41707
3.917
0.266382
6.74847
1.81521
4.24296
4.68005
1.11588
1.01458
0.603894
0.621786
0.284791
0.249228
1.90115
0.931976
6.91112
7.84967
1.07413
0.482711
2.56131
0.421232
3.0666
0.317497
0.298467
0.224191
3.84464
0.439866
0.210013
1.48169
0.273885
0.262132
0.288545
1.61027
1.28217
7.537
0.413095
0.106059
1.24884
0.244243
0.342486
0.472165
4.20407
0.551431
1.53043
0.289778
2.14749
4.44642
2.03705
2.63699
4.8209
0.341584
0.372392
0.810854
0.584313
1.86715
0.229787
0.26753
0.262298
5.53982
1.27813
0.331267
0.74118
0.388797
0.428439
0.406388
0.215989
0.238069
1.53626
1.98312
2.28236
5.53562
4.9083
5.82979
0.371153
0.80381
4.86896
7.49933
0.42762
0.105612
1.2548
1.14567
1.07855
1.40715
2.81126
5.11688
3.39545
0.316974
0.331888
2.13975
0.371379
1.25187
6.87663
0.679586
1.00451
7.79287
1.94386
0.331142
4.58429
0.826147
5.9281
0.379822
0.498758
1.11457
0.328827
1.38919
0.375964
3.78349
1.37292
4.33452
0.435354
6.83631
0.643812
0.292616
3.54579
0.250255
0.262858
3.77956
0.318984
1.388
0.359762
0.652948
0.413181
0.323603
0.882016
2.61942
0.900762
0.232589
0.390675
2.73702
1.50956
0.845528
0.414525
1.07262
0.383986
5.26225
4.61645
0.164202
1.92768
0.377432
0.25147
1.43433
5.93968
0.894021
1.03254
2.64312
0.267074
0.947268
0.407592
0.736822
0.231564
0.331966
0.432461
0.248337
0.269365
0.511897
5.31468
0.305606
1.15929
1.15055
0.482806
0.289411
0.340299
0.297825
1.01994
0.580388
6.23807
0.233664
0.476258
1.28463
0.216892
1.59051
0.204294
1.60884
0.362508
1.46061
1.99165
1.16246
5.20001
0.993949
2.55189
0.379634
1.09209
0.26301
0.418068
0.338455
2.25323
3.28946
3.74813
4.17404
0.260281
1.55828
4.87452
0.682589
0.529688
0.313249
1.87521
2.46518
2.19102
0.314506
0.255729
1.74699
0.290076
2.60865
1.15566
0.278965
2.22176
1.793
5.10088
0.39438
1.30579
0.186387
2.44475
6.33479
2.32184
4.40093
4.17829
1.43071
0.679581
4.28961
5.89056
13.9319
5.23752
0.795766
0.60252
3.14857
2.86311
1.43143
3.25732
0.21731
0.72519
0.442506
3.11587
0.89945
0.391317
1.59656
2.404
5.82861
2.19424
0.43817
5.51814
0.391556
1.48515
6.88643
4.17153
0.96377
1.71368
0.626144
0.389893
0.320769
0.311991
5.14953
0.341185
1.11213
5.86721
1.11509
5.64074
2.94691
1.25138
5.14754
6.48371
0.418587
1.97559
0.945007
0.841899
0.366877
1.36292
0.387868
0.436934
7.25449
0.673496
0.884108
0.831518
0.279408
0.307535
0.243145
0.250459
0.293823
5.37915
0.867327
3.42039
1.42801
1.14665
5.3361
1.22098
1.80969
6.79351
5.27911
5.66874
1.67417
0.254915
2.83393
0.387439
3.14209
1.94786
2.10096
0.236559
0.310443
0.459648
1.41686
1.53055
0.350259
0.12332
4.85611
0.381289
4.44467
0.0736376
2.72483
0.362381
0.747466
0.359047
0.237367
0.339792
0.83898
1.60207
3.26838
0.268933
0.274224
1.06861
6.75363
2.65621
2.546
0.572387
1.7061
0.273666
1.02271
0.338282
5.34179
1.59945
0.269392
3.22713
1.04083
0.864433
0.373331
0.822736
0.376048
8.94928
1.61227
7.78001
4.10686
5.44444
0.243744
0.327101
0.286502
0.305432
0.816253
2.46972
2.87911
0.406877
1.70286
5.96498
1.65048
0.32042
2.65443
3.48001
1.35177
2.25291
4.34494
0.992247
0.188564
4.46786
1.01046
0.397577
0.316116
2.2582
1.38728
3.92088
0.321196
1.16711
0.772026
6.5574
0.202798
5.31877
1.24387
0.245055
3.63265
5.04187
2.2882
1.36242
15.7974
5.47487
1.48243
1.16891
0.342748
0.35349
0.443203
1.07469
2.98213
4.34155
0.287764
8.4389
0.654497
2.82647
0.122177
1.5095
1.43806
2.1893
0.393296
1.90839
1.43787
0.537309
0.172155
7.70525
4.23463
0.545813
1.2422
2.44406
0.256531
6.72793
0.57899
1.73638
1.7981
1.44817
1.09447
0.229199
1.21578
1.00178
5.52392
5.66339
1.45434
1.10271
2.66656
1.45748
1.72546
6.86573
0.280169
0.34186
1.30409
8.43977
0.865951
0.307019
5.94218
0.839814
6.93725
0.326949
0.375789
0.263981
2.67565
3.78329
3.05394
1.18082
4.91828
0.528742
4.84692
1.24894
1.01435
3.31401
2.52998
7.12004
0.38653
5.67776
4.82536
0.320663
0.325056
6.78676
0.370566
1.82706
5.01398
1.42666
1.42106
6.04865
0.258894
0.532965
4.63409
0.760294
5.38017
0.222774
2.182
0.349425
0.320923
2.81068
0.599838
1.04792
3.22461
0.616967
2.28588
4.71585
0.116144
1.50501
0.388761
0.574748
0.23017
0.756648
5.68114
1.75572
0.138241
1.41305
0.211284
1.5336
5.52699
1.32448
0.157984
5.38437
4.02591
5.61824
1.06447
0.889987
0.320335
2.72796
5.36594
3.05162
0.875095
2.89721
0.322517
1.19705
0.376896
1.85887
6.91917
0.686542
0.650401
0.428243
0.837605
0.309096
2.13037
1.36022
0.303269
0.648904
1.03852
0.378941
0.310743
6.90408
0.367794
6.93249
5.86815
1.41791
0.135721
1.00511
3.71685
6.35706
1.36243
1.49105
0.537609
0.478932
0.24015
0.593973
0.252746
0.273523
0.297077
3.14678
0.58055
3.49791
0.248855
4.84617
7.0098
0.361043
0.973373
0.415358
3.8147
0.596716
6.82138
4.62155
0.539112
0.390263
0.262813
0.280053
0.311577
0.682564
1.50711
0.383902
0.909133
0.712514
0.288181
0.970639
1.56323
12.8457
0.244241
0.565691
1.21184
4.9129
1.43175
5.43953
0.397479
1.5294
1.30315
0.235783
0.319122
0.286988
2.76098
4.22217
0.282821
3.97268
3.33149
0.524772
0.178881
0.752943
4.04155
0.626086
0.969044
0.517145
7.26891
3.4439
1.0227
5.3003
1.55216
0.833105
6.03015
2.53843
1.55841
0.462421
6.28229
5.42524
0.760506
0.337263
0.275057
5.62982
0.383363
4.39285
0.374828
0.466319
0.588491
1.38214
2.39038
0.710233
0.650504
1.5706
0.30925
0.261533
1.81772
4.17265
6.31145
4.55094
0.383057
4.51728
0.440622
1.5841
0.595563
1.29113
1.65616
4.26239
0.28648
2.12641
5.8815
3.53808
0.255873
0.67357
0.789295
7.37098
0.658628
0.754673
12.0737
0.170697
3.52024
1.52522
5.19308
5.25614
6.063
0.207928
0.25192
4.96437
1.80095
13.4298
0.142243
3.45851
0.0849439
0.262056
0.513518
1.3443
0.550685
1.68195
0.292299
1.81658
0.306293
0.161649
1.05258
0.368672
1.17507
2.0212
0.395178
0.319084
0.251508
5.13832
3.80114
1.47954
0.31671
1.44686
7.02193
0.331455
3.14868
5.1109
0.352894
0.318128
8.98216
12.6491
1.1902
3.55247
7.43265
0.983784
6.19976
1.62263
0.325744
6.29964
1.14132
1.134
3.82319
0.269242
2.95916
0.731223
0.902522
3.70437
0.267195
0.352433
5.18825
5.35337
1.46906
0.167508
5.24693
6.00392
2.87581
0.382455
0.26725
1.39143
15.1996
0.810444
5.5156
0.749074
0.393182
0.197248
5.72093
3.26123
3.47184
1.6799
0.301261
1.29264
1.29683
3.9092
6.46971
0.775039
0.202264
0.297697
1.38031
3.74958
2.33319
0.306374
1.42453
4.76538
0.284187
0.384806
2.14897
1.61326
0.260382
0.327478
0.932049
0.620573
0.843293
0.656573
0.28259
0.260036
3.77178
4.04072
0.261504
0.587098
2.93446
0.356111
0.136259
0.304999
4.1519
0.415443
13.7759
5.96767
5.53807
0.639485
4.21893
1.19665
1.63735
0.393314
0.401911
1.1177
7.3468
0.143621
0.818692
4.47856
0.318292
1.78801
1.3718
1.214
1.29905
0.249646
2.54336
0.598765
6.39994
0.694684
1.62038
5.26689
5.06229
6.91355
0.28876
4.85484
1.03714
0.0222354
2.95409
0.350444
6.5444
0.994368
0.304988
0.211923
1.09055
3.00664
1.43492
0.267738
3.7267
1.08666
0.361041
0.727379
3.71208
1.1365
0.379428
0.277018
6.17384
6.07279
1.26544
3.93474
0.941036
0.302342
0.385577
0.716784
2.15978
0.686306
2.22002
0.391318
1.3104
6.18495
0.373671
0.313739
8.53152
0.355129
5.3321
0.666365
0.296331
0.307198
16.3004
10.2958
2.34268
1.78085
4.30328
2.95207
0.416409
4.60493
0.537711
0.713026
3.95569
0.317499
0.425306
1.199
4.48295
5.437
1.07769
0.722237
0.917519
4.40005
4.01019
0.918307
1.7668
0.311967
1.44916
1.60595
5.64632
0.977044
5.42332
1.46209
2.7038
1.01975
4.20049
0.32756
6.10308
0.30944
1.48555
0.588708
6.42019
0.317975
15.3023
2.02743
0.29507
2.37447
6.99068
0.388849
0.542285
3.04682
0.122988
0.292867
6.59788
2.88114
0.413285
1.22307
3.26768
7.972
3.70847
0.296322
0.506003
0.373127
1.52801
0.214639
5.89582
0.216425
1.71439
0.307219
0.302038
1.02012
1.86703
2.33452
0.570504
0.322985
1.19685
2.66983
0.256027
4.65377
0.86864
6.11619
6.56636
0.26947
0.231596
0.282963
3.34091
1.99787
1.34006
6.37364
1.63819
0.292162
0.248335
0.147043
1.16185
1.62385
8.538
1.80224
4.22064
2.66149
1.26038
1.67628
0.285067
2.51078
3.37623
0.75328
1.60254
1.88629
0.119561
2.30456
0.26555
0.258726
6.85787
6.60283
1.47197
0.398845
0.277759
2.08623
4.61962
0.17337
0.221053
4.53377
10.1656
0.295402
0.982056
0.750306
4.46595
5.79807
0.332046
1.05043
1.88084
1.31999
12.2626
1.16122
5.47009
7.97978
0.398106
0.320705
2.479
4.86558
0.442147
8.34179
5.10501
0.260638
3.78563
0.31762
0.425218
3.71337
0.302018
5.20543
0.389009
3.96437
2.61547
10.5892
4.66251
1.6163
0.201343
0.393216
0.382092
0.139902
0.54587
7.6567
0.347355
1.68374
0.916868
7.76605
0.370643
0.229887
1.39103
0.220461
0.415232
0.252428
1.41436
1.03115
1.13378
4.7092
7.1149
6.523
0.654636
7.37325
1.24136
5.25377
6.39112
1.36462
5.34154
16.0589
0.377253
5.60194
0.51165
1.18278
0.122427
0.275394
6.26479
0.242476
3.99432
2.24245
0.59215
4.92217
0.699621
3.79844
0.234
6.67078
0.904394
0.30937
0.292383
0.206341
0.874211
0.324483
0.264904
0.287655
0.251997
0.325727
3.80309
0.510709
1.35615
0.901583
2.9217
0.386235
2.05013
4.27179
2.77753
5.45468
1.09922
1.38944
0.313981
0.275321
7.39796
0.9764
0.799657
7.08668
4.61137
0.592566
0.38129
0.477444
0.990604
7.09502
0.903757
0.383888
1.61246
4.43895
1.50689
0.684935
4.65852
0.361597
3.04273
6.71652
1.17421
1.96792
5.3478
1.50305
2.63303
0.629563
0.308822
0.420612
5.21912
1.62255
4.64398
1.40254
2.64675
1.80274
0.724685
0.609848
0.118604
3.53476
0.49096
7.08226
0.990503
1.67603
0.624768
5.10866
0.305937
1.03707
1.10073
0.324826
0.675207
3.46852
0.676095
0.783542
0.395221
1.54003
0.627571
0.54256
0.771002
0.20459
0.321446
0.421326
0.259763
0.25283
4.85469
2.87904
2.03848
2.02803
0.7851
6.07753
10.1356
1.60235
0.994168
1.85573
0.290424
1.45593
0.282601
0.379754
6.31847
10.1908
3.90812
0.41735
11.372
1.36423
3.56073
1.25789
0.789019
0.542671
0.22889
1.79527
1.78232
5.7093
0.702549
3.90031
2.28187
1.13447
0.396242
1.53294
0.365382
1.58755
0.46539
1.85697
1.13487
1.38261
0.393388
0.849196
0.398474
0.262585
4.85418
5.94734
2.36737
13.0627
3.71544
1.01324
1.03982
0.372232
3.43204
0.405075
0.749431
3.53684
1.44913
0.304683
4.84883
0.601587
1.80051
3.99088
0.405305
1.73935
0.40437
0.3787
5.32803
1.56784
0.282353
4.37451
1.44849
1.9286
0.638768
1.3884
5.04199
2.25206
0.227834
0.764355
1.40054
1.52592
1.55356
1.19941
1.8946
6.38195
3.77712
3.35851
0.468281
6.74562
5.4084
0.385117
2.89184
0.354084
1.92998
8.96628
16.2673
3.04139
3.55699
1.56213
1.58786
1.94546
3.18976
6.39173
1.22541
0.253627
4.92212
0.32368
6.59961
1.61687
6.18118
0.586767
1.7072
5.14501
0.273658
6.64463
6.30693
5.06846
4.38369
0.917612
4.96581
4.9134
1.74647
2.10177
0.281852
7.86813
5.71214
5.6819
1.54553
1.56649
0.980806
0.140509
1.43399
1.53128
4.69548
0.370851
1.36686
4.97734
2.53082
1.73504
0.26245
3.3256
2.94917
0.293868
5.27778
1.15227
1.49151
4.23924
4.45449
1.47337
1.16982
1.50606
6.06857
1.52569
0.376179
0.490061
0.73385
0.148146
1.40066
0.570158
4.72004
0.181201
16.7065
1.2546
0.456298
6.97254
2.01543
0.411215
0.182096
6.57622
1.53676
5.46103
1.18221
3.80471
3.58028
1.57057
0.809778
3.87709
4.06484
5.37898
4.81351
6.27797
5.65851
1.97453
1.12105
0.346691
0.376756
6.04035
0.601098
2.40551
0.457296
1.68672
0.118868
0.122838
0.506802
0.598281
0.620788
1.25422
1.41991
1.66978
0.373379
5.46233
4.75402
1.42609
6.84648
0.352092
7.86243
2.99388
0.39725
0.391609
0.197526
0.162556
1.53355
7.01031
0.1445
4.28164
1.79173
5.71764
0.222848
1.63135
2.55811
6.28944
5.27483
0.209762
0.821326
2.31553
2.79204
5.89178
0.251671
7.08548
0.0985445
0.242932
7.21321
7.49349
0.290339
0.544765
0.447537
5.0711
5.4121
0.943062
1.10893
1.34942
0.275633
5.37717
0.363404
5.7363
0.388644
4.87039
0.121083
1.29626
9.55949
0.849163
0.148135
3.52816
1.5824
1.83796
0.801298
3.75091
2.16774
2.86753
1.93754
0.373235
4.70587
0.535393
0.891631
6.21107
0.152475
0.686453
4.58671
0.33832
5.56651
0.415505
5.34789
0.892946
1.05009
9.20671
0.36198
4.04716
1.68418
5.40156
1.25294
0.391326
2.36787
3.93062
5.41279
6.73794
1.52127
0.373463
0.55887
0.217808
0.642735
6.41783
6.98732
0.549883
0.469838
2.7445
2.02667
0.300626
3.22142
1.59699
0.220778
6.76287
7.25453
5.44437
1.55934
2.63827
7.28096
2.9878
0.233365
1.15854
0.735297
4.27166
0.294477
3.65697
0.226255
4.68383
2.81902
7.79772
4.64619
0.473439
6.77036
4.05782
3.00762
1.66793
1.12076
1.7962
0.17766
0.382147
0.442832
1.83092
1.72674
2.68806
2.95451
7.05025
0.392982
0.777097
1.35762
5.23983
4.65257
6.32571
0.802933
0.392391
0.191032
0.376188
3.98914
1.34454
4.45445
1.85253
5.8676
3.33313
0.255677
2.89681
1.3089
6.20613
4.29843
8.06823
1.25138
1.99015
4.20363
0.316824
2.37579
2.16094
3.694
0.377351
1.54298
0.85473
1.50313
0.313647
5.1919
7.33833
6.564
0.926214
0.399781
0.396983
4.48364
15.1542
0.963213
0.404251
1.55956
2.57983
2.61378
0.238294
0.315406
4.06002
1.59619
0.166525
0.223378
1.43561
6.32876
8.32667
0.371774
2.80687
8.21401
1.59556
0.405523
1.55123
0.283389
6.9772
2.68681
4.52479
2.00191
0.405322
0.393617
0.642073
4.41096
3.00253
1.66174
5.16231
2.96139
6.43591
1.13308
0.975348
6.87609
0.214891
1.40645
0.292363
0.30374
0.369982
0.854489
2.45532
0.502915
3.97287
1.04042
11.9098
0.266338
0.264268
1.21243
5.33219
4.29003
1.02201
8.3549
3.83392
0.412352
7.67582
0.283795
0.971515
12.5223
0.413897
4.53147
1.04706
0.559204
5.77729
0.900891
0.385942
0.817643
1.59596
7.07327
11.1472
4.7301
0.622776
0.0773926
3.64893
4.77446
0.224548
1.66411
4.33114
1.70038
1.67973
0.416095
1.64917
4.17065
6.1626
2.33112
5.05817
3.46793
0.629581
4.75949
0.334331
3.55527
0.263487
1.50576
2.84484
1.30241
6.70818
3.39316
0.394558
0.0256982
0.383159
0.338844
1.4861
1.60056
0.248735
2.70311
5.41635
0.371775
0.829207
0.301048
1.61691
5.61586
6.10062
0.353025
5.09456
2.36963
0.316137
0.446872
1.40017
0.138488
6.78581
1.52913
16.1269
0.315117
3.63718
6.48563
3.05595
5.93825
0.34929
4.66488
0.378809
2.75212
1.56037
1.47548
1.18305
1.55812
6.21119
0.272543
0.366667
2.85343
6.56939
4.81607
1.26342
1.99095
0.128083
0.222064
0.265604
0.217688
2.88691
4.75976
2.78716
5.91888
5.38735
2.42205
1.231
4.12926
0.40579
1.13021
4.26755
6.01421
5.07927
0.286411
2.23219
0.205877
1.31992
0.330623
0.412377
2.90799
3.38312
0.692604
2.68279
9.66019
1.84991
0.218165
2.79226
0.634513
1.84885
1.82727
1.00024
1.46822
0.250369
1.18948
0.615504
0.958824
4.31583
6.09657
0.263096
0.306861
17.0618
1.18689
0.258058
1.30387
1.03978
0.382425
0.848065
5.77881
6.52105
6.73825
1.10777
1.54183
2.84486
0.329482
1.75153
6.47896
0.445958
5.79515
0.783857
0.308598
1.36908
0.43717
0.344113
1.58406
1.76938
1.20006
2.4355
1.5092
0.412832
1.31532
0.298004
7.73469
5.14127
0.8615
6.52586
1.51858
1.76656
1.23116
1.27684
8.13829
1.52696
0.76595
0.250352
0.389732
2.33759
1.53079
0.319644
7.25499
0.406734
7.50328
3.62375
0.570178
0.716189
2.13394
0.365237
10.8907
2.12067
4.54673
4.59651
1.45043
0.596412
9.336
4.16975
0.105846
5.44546
12.1218
15.8449
0.260525
2.71297
2.68846
0.308462
1.42124
2.45079
4.94098
0.319156
0.208793
1.00047
0.16854
2.0452
0.695096
0.422544
0.247997
0.433728
8.17713
1.52996
7.83445
3.93876
0.562407
0.304993
1.86728
0.403741
0.122577
2.33336
9.20254
0.691772
1.28318
1.31551
0.245755
3.18434
2.3192
1.22292
1.39679
1.98291
0.474905
1.58326
7.29991
1.74514
0.00625606
0.400253
0.826352
2.23738
0.250775
7.28039
5.4633
5.44686
1.65691
3.40922
16.1915
8.33774
2.02047
6.78838
0.252408
1.2687
8.76458
1.44469
2.21162
5.27584
2.33663
0.405202
0.40488
1.66373
4.85601
2.42691
2.7531
1.11532
1.64333
0.303787
0.23249
1.50869
0.41291
0.228895
8.99547
13.8865
6.12315
3.84591
4.14674
1.44047
0.404806
0.759327
1.46693
0.375567
2.53468
0.493008
0.929492
0.935891
1.00897
0.471229
4.98561
1.22136
2.48098
7.3191
1.21975
3.85319
1.07878
6.31969
7.51562
0.391668
1.90426
0.606189
6.37663
4.07275
1.27543
4.48023
7.83031
7.0142
3.75173
0.381562
2.24303
1.04595
1.01932
1.04754
2.93616
2.06437
5.70354
1.80451
0.391937
5.08244
0.282501
8.70108
0.0814307
1.37515
0.223257
0.38411
0.721412
1.70134
1.12281
6.74735
0.196954
1.56154
1.07361
1.56711
0.775907
2.99815
0.665577
1.88014
1.45313
0.534851
0.443461
1.77319
0.764211
2.16407
7.15899
6.05537
1.64425
8.44032
1.59719
1.5057
0.397261
0.473826
4.60797
2.66617
0.402728
0.325281
7.78818
1.69784
3.70514
4.07989
2.32682
5.60508
6.85762
12.6966
1.18937
1.11311
6.88288
1.18916
1.40971
0.248655
4.73266
1.76821
6.68484
1.53575
7.14765
7.86217
0.321254
17.4232
2.01748
3.18782
2.58131
1.74501
6.60203
1.54538
0.297956
6.22107
0.54571
6.31549
0.454912
7.01267
3.84298
0.938881
1.11535
1.26887
1.83487
0.275305
12.5286
1.87424
1.96462
1.01837
2.9558
2.08859
2.44828
6.41881
4.39066
0.740528
0.91347
5.93157
2.90226
0.393262
0.323014
0.252026
0.40647
1.16742
7.61916
2.52676
1.84299
0.267577
2.49489
0.880455
1.85702
0.995673
0.288677
0.707251
0.232812
4.81985
6.63802
5.97207
0.898455
3.53356
5.72859
4.83972
0.226347
1.4266
10.4368
1.53608
3.47875
0.370005
3.29597
1.53415
0.405459
0.377534
0.305727
6.23146
0.274131
0.393377
5.49183
2.3649
1.16603
2.42
1.63668
2.16158
1.30023
2.07011
1.49936
0.36892
1.60962
0.339092
1.88858
0.695624
16.5854
4.63465
1.51415
0.831083
0.421488
1.43206
0.131217
0.299094
8.26339
0.33014
2.92051
3.52875
2.73038
3.05702
0.314001
0.686527
4.5169
0.392466
1.62404
0.365158
1.89059
0.395579
1.8527
0.0129778
1.67609
2.59446
0.890953
1.04743
4.3223
4.29837
3.77371
0.363035
1.44268
1.9838
0.469135
2.36177
1.81874
2.28198
1.11005
0.688158
0.365515
4.60764
4.01519
0.396568
0.387362
6.91112
0.852319
1.37747
3.37944
7.17649
2.30321
5.25071
1.13502
0.402286
5.84013
1.85868
8.64098
1.48787
1.52369
5.01786
4.39268
0.314403
5.78314
0.334908
2.03815
3.87761
6.97677
5.34285
1.68511
1.46913
3.57896
0.541675
0.381918
0.198579
1.38252
0.340042
0.115337
5.76999
0.272455
0.391689
7.66363
8.21829
1.47928
0.609459
0.492707
0.927655
1.25276
0.384924
0.952432
1.29861
4.47908
0.353493
2.93796
1.90715
0.115718
0.3195
0.158464
2.40857
0.30487
0.227838
14.6837
0.23319
0.975259
6.08652
7.06142
8.15359
1.32027
0.222636
9.03508
0.673886
1.31073
4.02344
0.508709
6.81042
7.52843
1.54936
0.369109
5.18716
4.71428
2.13388
1.15848
1.27112
7.09173
4.31816
1.62075
0.0960409
1.89281
0.362093
0.29699
0.3794
1.27809
2.85122
0.687718
0.321252
1.54043
1.75255
0.165433
1.50951
5.79025
6.93147
2.29177
0.477963
0.363473
1.38335
15.0883
2.46918
4.51932
1.19102
8.66007
1.90335
4.91033
0.809732
0.376258
9.06838
1.44404
0.256458
1.03066
9.89522
0.221586
5.45396
4.78993
1.88095
3.94047
3.32156
1.57869
1.43282
15.2238
1.52971
0.126034
1.46351
0.135353
1.98861
2.9279
0.272557
2.60973
0.199784
0.802738
0.718687
2.89456
1.5846
5.39807
10.2132
0.422396
5.9345
5.93844
0.380642
0.214426
6.05949
1.68321
1.07147
2.0142
5.52436
6.85309
3.26403
1.59479
1.667
0.391365
9.48447
0.701078
1.05324
1.61708
2.95825
0.930782
1.57112
2.33999
5.97071
0.871629
2.46167
0.284183
2.09255
0.388723
0.228555
5.68376
6.61894
3.4303
1.21336
0.374573
0.226981
1.3956
5.78404
5.2054
6.41107
0.35723
0.453108
1.47178
1.37871
0.280982
9.29543
4.59518
5.42877
1.61575
4.17481
4.05215
0.914047
2.98295
1.0352
3.70274
1.26182
0.0989249
1.40258
0.375557
2.2008
1.60163
1.9677
2.6699
2.27256
1.00689
0.259124
1.51416
3.50425
3.64461
4.17492
3.77958
0.175011
4.7589
1.3839
1.25683
3.20576
1.99036
2.29462
4.43367
1.383
0.400859
1.69054
0.372914
0.860577
0.144861
4.88629
0.69987
0.247735
5.38204
0.220709
0.318139
5.61708
12.2144
0.275058
3.38895
0.0920833
0.305591
0.281929
0.341647
0.370508
1.18659
2.27551
1.26336
0.602465
0.235664
1.32181
5.17084
1.31692
2.38316
0.378788
3.58972
5.69361
1.47568
4.8648
0.389478
3.57796
2.72275
1.05158
6.21365
0.383359
10.2098
1.5999
5.72271
1.24214
0.296925
0.264385
1.35505
0.17632
1.65069
3.17468
1.17515
0.408333
0.716813
4.11794
2.97469
2.66563
6.92445
1.21855
1.34833
0.335113
5.44803
5.65813
6.28344
0.484261
1.702
2.11664
2.03534
5.8346
2.15393
1.43415
0.351988
5.71949
4.42257
0.245968
3.40947
1.57834
7.09369
0.334551
1.49636
7.55751
1.38455
3.08146
0.249177
0.329298
6.35316
5.19421
1.61392
0.593161
1.34557
1.99601
1.31762
1.61353
1.38423
0.162582
0.343141
9.36426
7.67486
1.14883
7.69128
0.259825
9.82611
2.79996
0.273966
1.60682
0.937465
0.370087
6.44548
0.166425
1.61916
3.23332
1.53231
1.43205
2.60332
2.3946
0.380239
1.49515
1.77364
1.17614
3.19346
1.12951
3.86993
3.3141
1.64633
0.801986
1.99361
7.04311
1.72606
1.36585
0.599736
2.43934
0.259949
5.46902
0.113021
0.397809
1.48189
1.34247
4.80848
2.30506
10.6501
0.2439
2.40428
3.07837
0.401854
9.88091
7.24935
0.328895
5.91843
1.61369
0.259623
8.56113
10.9969
7.21391
0.31081
6.24225
1.55141
0.251736
5.62953
7.21022
6.6653
2.79382
1.43186
0.345179
0.217549
0.380395
5.6849
0.337609
1.16703
5.32071
15.6505
0.644476
4.00914
0.313366
1.39898
6.1863
6.497
0.333538
0.811413
0.1936
1.78819
1.43239
4.50031
0.250511
0.782828
0.391197
0.272895
1.0888
1.71811
1.28348
0.346925
0.37504
5.13719
6.49789
7.01553
6.88408
0.335384
2.62893
0.352986
8.888
6.19443
2.42435
14.7829
0.546649
0.165996
6.75008
0.770064
1.57994
0.143216
0.392208
1.49839
0.371506
0.405196
2.26265
5.43358
0.851386
7.33827
9.97522
0.29689
0.260812
1.34164
0.367974
6.92481
3.03115
2.01294
1.09454
7.98271
0.266265
0.380263
0.124255
5.43048
0.8912
6.47858
3.9497
0.376313
5.80298
1.61437
4.95986
2.54449
3.58927
9.08835
0.129752
1.96676
2.46015
2.50415
14.3948
1.52598
4.53174
1.17162
2.27489
0.957885
6.36862
0.39608
0.403745
5.16607
0.346903
9.57561
0.261301
5.00203
8.15005
5.761
1.51673
1.54633
4.60175
1.70253
0.327013
0.376178
5.08476
12.0101
4.4504
0.264745
4.39282
0.245115
6.68088
8.94586
2.78815
2.4689
4.39827
15.5695
2.99874
3.44422
0.198685
6.03828
1.54817
1.06462
9.37146
0.132019
2.19564
0.21719
6.66166
1.2959
2.11158
2.008
5.39295
7.56635
4.98932
0.404611
0.409436
0.381907
4.19306
5.45388
0.68022
0.467129
5.37795
4.88709
4.88368
4.14529
1.252
2.21825
2.36281
5.00265
5.43657
1.17288
0.261193
0.360126
2.71459
0.856523
0.54722
0.269886
4.62404
5.73677
7.64669
0.292862
0.255455
1.66238
3.99235
4.26661
5.29155
1.52
0.40397
0.211064
1.26139
2.65238
1.10883
6.00301
0.578434
0.305457
5.6902
2.56228
5.52493
1.63372
4.69812
1.98149
0.611808
4.7111
0.332327
2.58529
1.60633
5.79689
1.90086
3.13777
5.30643
6.35739
4.2488
1.35739
9.95165
1.81811
6.88368
1.37109
0.368291
3.95791
1.26727
5.84924
0.380663
1.12701
0.525629
2.58996
0.401455
2.99449
1.48258
5.98964
1.48103
2.60345
0.381548
4.4251
0.37868
9.72501
0.350552
1.43542
1.16731
0.393453
17.138
0.445459
0.494649
0.481153
5.88275
7.42774
5.72158
1.45383
6.73276
0.279383
12.4664
0.507334
13.1511
7.5389
1.96418
0.308094
1.29169
0.272267
7.03392
5.43967
1.25275
2.47704
6.80666
4.19879
2.33107
0.118814
0.520626
0.403974
1.5994
1.99834
0.253414
3.7288
0.910141
6.60966
2.51736
2.11862
3.83093
0.751112
1.27835
4.60664
1.35326
0.120514
0.429226
0.401829
1.18888
1.82867
1.36396
9.0013
1.68933
1.62908
1.55066
1.55268
0.492855
2.18303
1.19998
1.61209
6.79186
6.00437
1.51239
2.45632
2.29585
8.75851
7.50087
5.24168
0.310846
0.927394
0.682431
1.54742
6.23117
0.350625
0.907192
0.91246
0.384549
4.66034
1.5107
5.01091
3.60873
1.45353
4.64535
0.924635
0.242871
9.86557
0.38922
4.17677
7.43021
6.02291
1.86374
0.406219
1.60469
17.0982
3.11893
0.115347
1.49429
0.321477
0.282262
6.3486
0.308288
2.05547
3.97168
1.57708
1.66609
2.78857
4.23023
0.280779
4.69931
3.73403
0.662187
0.332389
0.260366
1.46977
3.74336
3.58581
2.80596
5.64331
0.315229
4.09632
2.40883
0.909824
4.24024
2.15194
1.62055
4.4875
0.464776
0.302368
0.175563
2.29114
1.46639
1.44413
1.89867
1.07499
0.87212
0.934426
0.254416
3.40085
0.38528
1.34191
16.7706
0.0807673
0.233989
8.54326
1.45642
7.04405
0.264021
5.02698
0.397236
11.7316
8.31291
2.86186
1.76248
4.83494
0.551238
11.6704
6.00976
0.375171
0.396254
1.02094
1.57734
3.99471
6.08816
0.256617
2.51726
16.1694
0.15716
1.29068
1.69205
0.618328
1.14085
2.39335
7.7134
5.77473
3.47736
0.654425
0.245749
2.86505
6.73536
1.42855
1.13091
0.611628
0.626461
0.377748
7.17341
11.2703
0.925961
4.3163
0.286347
6.56573
1.35633
3.40982
2.55294
0.25263
3.19641
6.518
1.29562
0.39167
0.255655
6.00633
1.42087
0.450407
7.93513
1.56643
0.910408
0.695037
3.47112
1.48117
3.51375
7.19422
1.77958
0.382423
2.09746
4.10145
4.45231
1.40144
0.48591
1.97734
1.4972
0.391309
8.64171
1.51981
2.74919
1.21396
0.97827
5.38978
0.759293
2.32559
1.36142
7.85507
0.378284
2.83296
0.404873
0.944172
1.64633
5.25381
1.41741
10.9107
5.01296
16.8456
0.135261
6.84072
0.979091
0.253181
0.896317
8.75675
4.29122
0.306968
5.93643
9.24731
6.44487
1.59375
0.362539
0.260788
1.27717
6.54514
3.76071
0.907185
5.48716
3.8006
5.6522
0.746161
1.24972
3.85694
6.16278
0.998117
0.238116
5.9618
1.56871
0.368193
7.29151
8.62519
7.48588
0.323203
0.25893
1.2894
2.11302
2.45223
1.76802
1.36748
3.97885
3.82437
13.3796
1.71015
1.37427
2.88866
0.866769
17.3664
1.68321
6.54513
0.393687
1.17487
4.69513
0.386618
0.909096
4.19915
0.899587
0.457431
0.398707
0.222573
2.43701
0.381891
1.53018
0.133321
0.164036
6.60698
5.94047
11.7137
8.79819
13.2781
4.44593
2.5318
6.88463
1.48699
1.55846
1.09851
1.2864
5.79558
3.73132
4.99214
2.28328
7.36757
3.23176
1.7996
9.85003
0.359789
7.08784
7.13352
4.98966
1.49843
2.05309
1.41447
2.91016
1.10847
2.17224
4.11303
13.2464
2.72836
0.869051
0.231521
1.41564
4.22847
1.55071
0.492712
1.21706
0.713418
2.51094
1.38958
0.238529
0.248879
1.16635
5.02393
0.321614
2.26237
0.336782
15.1342
16.9725
5.17565
1.78239
1.21511
0.400521
0.363752
9.76993
0.687303
0.221596
6.35303
4.10851
0.168091
0.243604
1.07958
0.373246
2.51382
4.72318
0.97159
4.78087
1.3583
9.60266
0.367865
1.3894
3.13863
2.03726
6.10204
0.857112
2.70423
5.23438
5.0863
0.392501
1.53652
1.45005
0.224962
1.53749
2.05967
3.58473
8.46273
0.726033
0.400141
1.89494
2.07577
1.22017
1.54911
0.328534
7.99716
1.09249
5.11311
4.63897
0.31381
6.42045
0.317046
2.26771
0.381324
6.13432
4.58407
4.75123
2.28598
1.62922
0.391228
0.235514
0.24737
5.00585
4.1062
0.0971831
0.372492
9.38593
4.19091
0.112494
1.34256
0.917066
2.47827
1.76527
0.26064
4.10899
0.853811
0.332866
0.75703
0.317598
0.3373
0.26001
0.814121
0.202381
0.429686
1.75458
0.377472
9.12394
2.31691
1.47741
10.5758
0.381332
1.50297
11.9079
2.68995
1.30675
0.401813
0.404994
3.68762
0.641384
1.04471
1.13082
8.87427
0.139397
0.971849
2.08367
1.79998
3.92191
2.13204
6.79516
2.57477
0.21595
0.814091
3.76982
0.128823
6.30495
4.14314
1.63062
1.93703
9.67002
1.11569
1.70722
4.91229
2.16841
7.41547
2.71843
1.71606
1.56787
2.36617
0.349553
1.77483
11.8873
0.0824544
2.63605
1.80214
3.73722
0.260153
2.01897
2.11823
4.40907
0.300402
0.256184
1.50278
7.39123
3.99686
3.34635
4.71073
15.1627
7.66947
10.6666
5.42074
0.381974
0.147486
4.36408
2.75204
7.36725
2.50156
0.5256
0.377336
0.396117
0.381122
11.4259
1.41694
2.18303
0.408227
3.22861
0.375376
0.264144
0.357994
1.38869
2.66291
0.114809
0.396017
0.395823
3.45546
0.60539
5.89233
5.2477
1.48239
0.679898
0.394382
4.73845
5.68553
0.371931
2.43734
2.15814
0.392785
0.405801
0.260968
0.662636
6.31059
5.15023
1.88446
0.260235
0.370546
16.0246
1.50828
6.94728
2.30202
1.37305
0.38834
4.54078
4.14974
0.361031
1.45534
1.41083
0.38276
2.75829
0.511345
1.02022
1.08156
0.337662
0.285145
2.13567
14.658
0.318689
5.94543
8.15319
8.78054
0.339047
1.38813
0.75887
5.12817
0.311238
1.86171
0.924102
4.93424
7.0492
4.4011
0.959497
6.34688
8.06428
0.378444
0.039203
1.63779
0.697468
5.36738
0.389435
1.19689
0.278422
2.54064
1.33168
10.3786
0.741607
0.629915
4.51585
0.341768
1.68075
2.06635
1.71962
0.613746
5.35781
4.4441
0.216754
4.4661
7.51646
0.291367
0.201304
0.257133
0.396229
2.22995
3.75587
0.21812
2.65399
1.43009
0.322043
2.47217
3.90423
0.355043
0.890699
0.16727
5.56775
5.64958
0.396445
0.813663
4.02505
5.84305
1.00317
0.379957
7.02026
6.58342
3.51137
2.9589
1.47712
2.20583
3.72059
17.5122
1.34827
0.205341
1.0866
2.56622
0.603507
5.75474
0.40808
0.398867
1.42979
1.9283
9.21283
7.47866
7.53437
7.05629
2.52299
0.266333
11.503
1.7715
10.9651
4.02804
1.22451
0.159584
9.97873
4.40076
1.53325
1.37294
0.556222
0.123289
0.61425
0.16922
0.115601
4.51526
2.19498
0.920343
0.321771
1.53857
1.29291
0.688547
2.10619
0.268268
5.59099
2.18335
0.0101637
0.702659
3.45202
0.970741
6.85513
0.260992
0.277277
0.398759
0.259463
1.41051
1.31003
4.36814
1.48243
0.393976
3.71509
1.45356
5.44424
0.413203
2.22756
1.74655
1.66911
5.42283
0.3498
1.14469
0.325265
1.39073
0.751492
2.33859
0.367606
0.405348
0.207995
0.00198206
10.1864
0.244166
0.573566
6.89482
6.04864
1.08466
1.47501
6.75973
0.25411
2.51244
1.51277
0.174756
9.11585
4.50244
0.144952
5.11529
4.94063
1.59152
1.99633
2.33269
1.83296
5.89086
1.4261
0.162626
0.356253
0.245163
5.77164
0.140375
1.56498
1.7268
1.58811
6.443
8.56345
6.9751
1.18275
1.45555
1.12173
0.258367
3.58002
1.77264
0.538774
0.635201
1.21348
2.87456
1.09231
4.32926
7.91468
5.29726
4.70904
3.37735
0.519777
6.84991
3.07323
0.150481
1.90977
3.35384
0.238091
0.337872
4.07555
7.92338
2.05342
4.97133
2.0898
0.241051
1.01635
0.221521
0.257367
2.42502
2.71645
0.374603
6.66203
6.7302
1.94129
16.5592
0.453213
1.52015
1.74319
0.396692
0.605771
3.81343
0.383948
5.77984
9.95674
1.4995
1.95105
1.27538
0.743634
0.380153
1.57482
4.74978
11.3312
0.933623
4.54266
0.352666
0.38801
0.630823
5.10033
0.399553
1.74992
9.46378
0.345293
8.36604
1.3542
0.228479
0.625154
2.60191
0.371443
3.92632
7.1325
0.380567
0.207331
0.177613
0.55121
0.391648
2.24995
1.64386
3.64613
0.617419
16.7904
0.996497
0.144986
5.97446
0.614957
15.1759
1.5052
0.786745
6.25791
1.3795
1.89702
0.127666
1.92217
5.26289
6.11872
0.396451
2.60275
0.372933
1.15878
8.52726
0.346215
8.33541
0.526322
1.43609
1.49061
3.10269
0.541706
0.765247
0.902624
1.97804
7.68525
0.123953
0.354344
1.38128
2.33473
1.97503
0.682601
0.378136
4.21702
1.3518
7.36085
1.57991
5.26233
1.44964
0.381475
2.05932
9.75693
0.39971
0.625253
0.355204
1.49245
0.216402
5.186
12.5339
14.0518
3.20456
8.08323
8.46543
5.17209
1.44682
0.254231
1.81933
0.539878
0.389674
4.19859
0.120983
5.81064
2.49266
0.802619
0.119187
5.77787
3.23521
0.252111
2.04808
0.906397
6.66881
0.863389
6.07284
2.71374
0.37818
9.83072
5.37045
1.81611
0.467563
2.42118
0.251554
0.930631
1.71648
1.67043
4.41858
0.393914
0.255383
0.250137
16.6702
1.49489
4.19291
0.274698
0.641939
3.99549
16.9426
7.43779
5.91194
0.207932
0.423687
1.96409
2.6158
4.01893
5.13815
5.16645
0.495122
0.349343
9.62543
4.14712
0.371744
3.41347
4.88305
0.55168
2.13544
1.36451
2.30416
0.326781
0.242199
1.48258
0.384539
5.21135
1.38021
0.817501
0.855305
2.26492
4.50723
2.94357
14.7496
2.03696
6.00977
3.59026
16.656
1.2916
6.32082
7.78783
3.36656
2.58701
4.0631
2.30086
0.293946
0.348371
8.27671
1.43742
0.239854
5.01333
1.36145
0.342646
0.276941
0.246858
4.41578
7.54944
2.84829
4.74513
2.5125
0.563619
0.316853
0.391271
0.399556
1.68005
13.7811
0.140828
1.59631
3.59763
4.63092
0.984865
1.57935
1.85972
2.62733
1.51628
0.252722
0.388299
0.316
0.315765
0.35713
0.371357
5.47571
3.6679
6.11759
4.84946
3.76549
1.52616
1.62084
1.28693
4.51917
9.66522
4.02145
4.91152
0.709393
0.259904
1.46289
1.53367
1.56283
5.80591
6.75975
8.96038
4.63458
11.6019
2.71424
1.61472
6.4951
0.634597
1.14655
0.295928
5.13948
3.7025
4.47661
4.58364
0.318673
4.92564
2.52778
1.38722
3.93351
14.1362
2.48212
3.90131
2.2462
1.36371
11.0558
1.38476
0.405659
0.313068
5.91615
0.108217
0.899151
1.55655
1.54715
0.395033
0.322032
1.51947
4.41642
0.104925
2.35004
0.229699
0.25436
0.393286
1.20524
2.6453
4.26415
2.34594
0.0472038
0.374518
1.53379
7.71382
1.70752
5.16784
0.920258
0.274113
0.258458
3.07416
0.524973
1.90155
0.344258
6.98573
0.948285
14.283
5.377
5.02264
0.373006
0.939864
5.17125
0.406971
1.6427
0.219117
0.398859
3.83082
0.375411
6.91375
1.62895
0.3744
4.44342
13.2425
3.29421
0.394088
7.9091
14.5928
13.9534
0.405349
6.90657
1.2218
3.05036
5.13728
6.39767
4.01921
4.97028
2.02035
9.83173
0.370851
2.18333
1.2459
0.381038
9.26768
0.395502
2.39983
0.256143
7.16594
0.599497
5.29509
1.33481
4.42275
6.89444
9.51971
4.59728
2.16398
4.27306
0.162996
0.359036
3.68128
0.391592
1.67724
1.44253
5.96389
5.72289
0.633049
5.14122
0.398256
1.46095
5.71259
0.941959
0.0913333
2.52046
11.2507
0.358134
6.93109
1.38541
1.62929
5.95306
1.99469
0.327883
9.63787
6.9708
1.55995
0.324101
0.388738
2.20239
17.1943
0.380435
3.8791
5.62412
2.23921
3.51597
0.901686
5.68982
2.67273
9.77721
2.3569
0.469623
0.65879
8.77737
5.60566
1.79045
0.362088
9.79494
0.786774
5.99988
6.51781
0.353317
0.379932
5.93265
4.347
1.99628
7.29175
1.47635
3.90459
0.113525
1.45755
0.365987
9.67214
3.84455
1.61312
8.95257
17.4431
1.4138
0.945775
0.376928
1.6328
9.46414
0.370272
0.410925
6.30572
0.62322
0.241759
1.52542
12.7276
0.918951
6.65769
0.229475
6.84193
2.64679
0.399449
0.375178
9.22587
13.4951
1.13501
1.46957
6.72598
4.92741
1.3431
0.332029
0.421505
5.28099
2.2233
4.00687
1.4307
0.386148
5.06853
3.91165
2.57705
3.71823
0.389233
0.380134
3.81381
16.7063
0.671053
5.18164
0.377122
1.51279
16.1283
6.54047
1.35336
0.412215
4.45698
2.50163
9.0016
0.373165
0.317081
1.63943
0.384999
0.260636
0.364785
4.45935
15.706
1.98875
2.25832
8.55453
0.229069
12.1787
3.58699
0.2662
0.617077
2.54725
2.20701
0.258735
4.69262
0.260965
2.27427
13.0393
2.01612
0.370425
1.53678
1.52019
15.1389
11.4946
5.25822
1.39589
2.34983
1.56434
0.32064
0.37521
5.59248
9.19496
15.6814
2.41594
0.70217
2.28933
1.43304
1.48688
0.345261
1.12366
1.4213
13.8657
16.449
13.8899
15.8788
0.376459
1.55011
2.43806
0.390734
4.01345
3.99474
0.406794
0.122785
0.110177
0.247636
1.09625
2.10101
2.31485
6.78365
2.12121
1.06484
0.375186
1.49732
4.33884
11.0209
15.9786
3.05704
0.419635
1.41436
1.22746
1.51124
1.67812
1.79377
17.4945
2.12735
0.390959
8.08312
0.261419
2.06787
14.7842
0.402388
0.396862
0.36729
7.11836
7.63032
8.94173
17.5293
2.08659
6.22208
13.4408
1.49148
17.0453
2.21086
4.27475
3.85031
0.412928
1.44664
0.407928
6.5498
2.16016
1.51689
2.08461
17.3542
1.45336
1.50158
1.67992
2.88696
17.3658
0.417273
3.5637
0.434098
0.432124
1.59062
0.433412
0.430759
0.424164
0.424672
5.64909
4.92194
4.1617
4.55511
3.84378
1.69449
1.55951
0.383598
)
;

boundaryField
{
    back
    {
        type            empty;
    }
    front
    {
        type            empty;
    }
    outlet
    {
        type            zeroGradient;
    }
    circle
    {
        type            fixedValue;
        value           uniform 0;
    }
    walls
    {
        type            fixedValue;
        value           uniform 0;
    }
    inlet
    {
        type            fixedValue;
        value           uniform 0;
    }
}


// ************************************************************************* //
