/*--------------------------------*- C++ -*----------------------------------*\
  =========                 |
  \\      /  F ield         | OpenFOAM: The Open Source CFD Toolbox
   \\    /   O peration     | Website:  https://openfoam.org
    \\  /    A nd           | Version:  10
     \\/     M anipulation  |
\*---------------------------------------------------------------------------*/
FoamFile
{
    format      ascii;
    class       volScalarField;
    location    "150";
    object      nut;
}
// * * * * * * * * * * * * * * * * * * * * * * * * * * * * * * * * * * * * * //

dimensions      [0 2 -1 0 0 0 0];

internalField   nonuniform List<scalar> 
10435
(
282.661
343.204
38.5736
210.945
136.788
95.3362
31.6194
15.6974
17.8072
72.0488
302.512
79.9318
41.4298
1.97573
1.88405
19.579
2.27837
52.1014
17.7533
316.7
16.2179
171.057
25.8351
35.2753
68.9371
27.228
3.22632
36.7876
3.96471
62.7708
53.8193
252.787
16.2179
2.66219
23.3971
167.226
24.409
4.74075
66.8372
22.8715
70.9807
29.7975
2.95916
317.213
26.4075
29.1704
84.1925
3.68918
15.4481
130.479
17.2275
94.7211
62.6851
8.69351
50.799
5.29215
28.9067
3.68
2.44396
26.8269
46.0149
312.701
3.2088
105.739
25.4436
45.1945
2.48547
3.52088
14.6192
41.1854
10.4822
12.0129
2.38335
44.0296
3.79838
2.31087
46.2776
22.5428
15.5619
7.06486
74.7294
221.64
56.135
6.67275
63.1109
108.49
209.951
338.414
19.359
287.415
293.083
236.369
268.292
53.6292
338.097
82.1635
187.84
2.54049
2.23525
159.017
6.06127
118.981
122.306
355.476
112.119
266.664
291.863
95.4633
55.7918
31.0509
181.097
128.117
158.13
86.7209
188.384
226.817
137.606
194.181
344.6
125.705
119.737
1.97842
274.555
3.04544
192.08
32.8064
149.881
1.70098
138.349
7.16599
1.49075
236.753
18.2266
2.09607
8.02924
17.6533
56.8805
162.327
355.387
282.497
316.759
36.3196
2.54407
84.8273
127.299
1.88014
14.8634
104.776
2.48194
70.7629
4.49525
29.8259
288.593
64.2212
92.1317
8.53926
160.396
331.096
83.3677
319.924
43.3716
1.69461
252.119
69.2781
15.872
121.922
18.1284
102.695
50.4394
105.148
77.5278
2.75402
3.30869
1.98765
54.373
319.669
250.808
3.15601
239.696
3.26153
337.801
102.453
76.9013
34.1304
37.9981
3.15832
2.43973
16.4938
126.161
89.6253
100.005
46.2369
9.4589
135.766
140.826
14.2751
2.52661
43.6025
3.36452
21.5031
17.571
4.9091
38.9554
4.15373
40.7119
180.044
304.387
126.747
3.18856
97.9547
4.83085
30.226
99.8027
62.8055
3.09443
2.15288
59.017
15.626
27.5691
1.93355
3.47084
2.89229
2.92437
2.17508
15.4628
20.4796
40.1809
13.4123
73.9591
1.97629
3.26926
19.3273
32.9284
35.0621
4.65109
2.5698
34.4522
19.3341
40.0119
66.7879
341.912
20.6128
8.64741
6.37188
210.657
16.7037
26.2139
13.0002
4.68827
284.828
8.33266
56.7624
47.9394
79.9394
14.343
119.949
6.08695
18.2656
8.02746
4.55708
26.191
80.9514
25.2392
52.0061
138.007
2.90971
332.256
39.3682
32.4382
157.022
35.0412
13.192
12.6539
59.1397
23.3115
107.969
5.98863
151.194
17.0069
13.9697
56.3257
2.88573
39.9824
3.85956
129.29
18.3103
118.472
50.5437
4.97768
3.01091
6.53842
286.569
3.09594
12.5024
68.6674
11.5286
2.15367
219.783
173.593
58.7785
3.54006
44.8072
38.4417
4.17181
207.184
1.90603
2.74907
40.7093
53.6649
3.81823
282.69
6.85471
220.577
112.094
20.042
10.2974
24.8204
65.0548
3.27255
87.7925
107.104
3.08738
216.138
35.7078
14.4675
44.2907
19.807
35.1992
2.94695
4.00407
22.9738
2.62989
3.10676
38.2258
48.4105
3.50481
8.05463
5.64196
2.37334
3.45983
16.1971
10.5641
41.9452
3.51689
3.9592
5.99094
3.36853
4.0521
25.6665
14.9516
2.62844
50.8555
3.41371
34.7016
14.5571
14.3281
38.1029
39.4788
7.59867
3.32752
6.43136
33.3335
3.84681
25.6505
3.1042
12.7611
3.79054
59.2449
12.6158
15.3397
40.5175
9.91134
39.0656
13.8384
11.3143
3.39778
3.24752
3.49999
4.15184
22.5597
4.18245
42.9058
14.9726
3.19184
13.5121
14.5602
36.0982
37.6905
14.5665
36.3919
21.664
1.69614
3.64541
4.64146
9.35582
38.3763
5.61033
40.3075
4.46086
3.17072
7.74356
2.90028
14.9568
20.5417
3.42846
14.411
46.0387
5.03654
19.2207
5.046
14.908
6.41882
15.9821
13.847
4.45796
3.89061
3.31017
38.4929
10.8525
16.3801
3.54542
2.25999
42.1684
4.78773
10.3354
13.3712
2.87213
163.076
134.013
129.01
141.52
152.908
149.63
129.514
101.065
71.1974
246.976
219.556
213.039
223.297
228.53
216.013
186.589
148.13
106.199
356.761
329.95
318.997
319.628
310.507
282.693
240.078
190.155
137.015
504.965
473.837
450.869
431.711
399.788
351.701
293.21
230.781
166.767
688.026
646.318
601.892
553.131
492.385
421.445
346.167
271.171
196.741
886.812
830.789
758.628
675.116
583.66
489.88
398.39
311.542
227.696
1075.31
1005.94
906.464
789.871
670.022
555.516
449.44
351.981
259.95
1228.62
1150.69
1031.44
890.334
748.444
617.322
499.291
392.926
293.941
1322.55
1242.71
1116.92
966.412
813.776
673.196
547.614
434.976
330.293
1330.32
1255.33
1138.49
998.734
852.895
715.272
590.285
476.612
369.733
1229.72
1163.99
1067.26
957.174
838.9
722.344
611.675
507.136
406.817
1026.79
970.82
895.742
821.03
742.707
662.676
581.592
500.023
419.668
777.624
728.648
672.072
622.558
575.8
529.611
481.519
430.426
379.723
551.42
519.704
479.293
440.85
406.026
374.906
345.854
317.045
290.703
404.632
392.035
362.956
327.478
292.628
261.823
235.918
214.111
198.319
340.364
335.518
310.773
275.461
238.312
204.174
175.287
151.804
134.771
322.294
316.106
291.453
255.703
217.18
180.872
149.305
123.001
102.317
317.967
308.262
282.563
246.595
207.809
170.866
138.163
110.263
87.1008
311.68
299.021
272.607
237.176
199.251
162.974
130.493
102.359
78.2716
296.632
282.376
256.23
222.538
186.759
152.402
121.353
94.2057
70.7137
269.631
255.598
231.266
200.865
168.634
137.419
108.884
83.7222
61.8867
230.444
218.599
197.996
172.479
145.056
118.005
92.851
70.4438
51.0095
183.016
174.754
159.372
139.702
117.77
95.4446
74.193
55.0531
38.5832
135.424
130.721
120.524
106.429
89.7375
72.0774
54.8727
39.2879
26.1317
96.7547
93.6742
86.965
77.0088
64.4367
50.8517
37.5868
25.7006
16.1122
1.137
1.03277
0.938781
0.851377
0.763434
0.672074
0.582707
0.507636
0.456041
0.429805
0.425902
0.441046
0.474545
0.529496
0.613985
0.743159
0.942303
1.24944
1.7134
2.38922
3.33206
4.58529
6.16755
8.06282
10.2174
12.5507
15.0092
17.6709
20.735
24.5016
29.532
37.0436
48.7
65.7526
89.4477
122.082
163.212
205.625
235.656
239.868
216.103
174.782
130.209
92.1941
63.9583
44.6158
32.0123
24.2948
20.2818
19.3409
21.0865
25.1831
31.3674
39.4937
49.5146
61.4359
75.2809
91.1058
108.829
1.16133
1.07598
0.995438
0.9133
0.826767
0.739148
0.659469
0.59633
0.55425
0.533763
0.533109
0.549875
0.58205
0.628716
0.690971
0.775704
0.90085
1.09929
1.42527
1.95647
2.7888
4.02109
5.72015
7.89126
10.4795
13.421
16.7171
20.4203
24.6258
29.524
35.4876
43.1218
53.273
67.1264
86.2673
111.901
142.391
170.713
185.556
178.792
152.718
118.656
87.4703
63.6952
47.0581
35.6178
27.5601
21.8101
17.9008
15.602
14.8477
15.6282
17.8968
21.6742
27.1457
34.6821
44.7663
57.853
74.0179
1.0317
0.945201
0.871597
0.806089
0.743365
0.682031
0.628176
0.588553
0.566909
0.563401
0.576548
0.604824
0.647595
0.705788
0.782736
0.884821
1.0264
1.23352
1.55006
2.04852
2.83785
4.05253
5.81144
8.16436
11.0774
14.484
18.3424
22.6559
27.4799
32.9419
39.2785
46.8738
56.3036
68.3916
84.1222
103.875
125.552
142.964
148.084
137.76
117.05
94.2021
74.4579
59.0701
47.3563
38.3128
31.1793
25.4899
21.0176
17.7444
15.8011
15.3356
16.42
19.1355
23.7604
30.8381
40.9783
54.4628
70.8017
0.891464
0.808399
0.743168
0.694007
0.656001
0.625525
0.603546
0.592591
0.594432
0.609541
0.638364
0.68217
0.743375
0.825821
0.935153
1.07944
1.27409
1.54304
1.92364
2.47452
3.28188
4.45728
6.11687
8.34217
11.1477
14.4896
18.3101
22.5816
27.3349
32.6866
38.8751
46.3052
55.5826
67.4543
82.4057
99.6107
115.665
125.073
123.872
113.139
97.7076
82.0768
68.4002
57.0711
47.8186
40.2802
34.1463
29.1647
25.1687
22.1261
20.1308
19.3343
19.9413
22.3513
27.3494
36.0396
49.1617
66.1363
84.9612
0.742484
0.664545
0.608321
0.57744
0.569185
0.574333
0.585735
0.602677
0.628539
0.667173
0.722146
0.797432
0.897962
1.02985
1.20053
1.41902
1.69638
2.04703
2.49313
3.06789
3.82117
4.8256
6.17713
7.98113
10.319
13.2129
16.6259
20.5142
24.9027
29.9541
36.0277
43.7201
53.8035
66.8438
82.3003
97.538
108.223
110.943
105.744
95.5985
83.8061
72.3896
62.1544
53.3009
45.8316
39.6748
34.6816
30.6394
27.3601
24.7704
22.9185
21.9529
22.2071
24.4419
30.0966
40.9384
57.5128
77.7624
98.2169
0.605944
0.539132
0.49848
0.493867
0.528231
0.587512
0.65021
0.706183
0.759616
0.819349
0.893258
0.987564
1.10805
1.26091
1.45278
1.69049
1.98121
2.33304
2.75724
3.2705
3.89787
4.67962
5.67608
6.97254
8.67445
10.8836
13.6664
17.0588
21.1438
26.1859
32.7454
41.6386
53.533
68.0537
82.9278
94.437
99.5766
97.9687
91.5169
82.6476
73.1132
63.8594
55.3433
47.7993
41.3378
35.9448
31.4816
27.7719
24.7189
22.3132
20.567
19.5389
19.5099
21.3126
26.6752
37.7645
55.1276
76.0694
96.5516
0.490987
0.443437
0.428871
0.461409
0.540959
0.641358
0.73425
0.810325
0.878636
0.950418
1.033
1.13057
1.24657
1.38523
1.5522
1.75456
2.0004
2.29839
2.65721
3.08606
3.59594
4.20193
4.93058
5.82792
6.97217
8.48648
10.547
13.3923
17.3709
23.0426
31.1827
42.3864
56.2308
70.6328
82.4272
89.1014
90.0806
86.5022
80.1005
72.3296
64.1394
56.1013
48.5699
41.7568
35.7263
30.4084
25.7218
21.7275
18.5634
16.2369
14.6036
13.5414
13.16
14.0695
17.7381
26.2868
40.7772
59.3661
78.334
0.406438
0.390182
0.412364
0.475363
0.558124
0.632113
0.686958
0.733784
0.786143
0.851132
0.930753
1.02551
1.13634
1.26481
1.41312
1.58454
1.78491
2.02332
2.31031
2.65485
3.06287
3.53785
4.08452
4.71951
5.48692
6.49139
7.95939
10.34
14.4165
21.241
31.5067
44.5734
58.2655
69.8465
77.3334
80.166
78.9212
74.723
68.7477
61.8768
54.71
47.6473
40.9533
34.7487
29.0047
23.6759
18.95
15.1912
12.54
10.7798
9.59376
8.7877
8.38795
8.7717
10.9177
16.4359
26.5874
40.6841
56.042
0.345612
0.367023
0.415735
0.475578
0.52052
0.539916
0.544449
0.552338
0.575587
0.618885
0.67864
0.75212
0.839343
0.941629
1.06182
1.20201
1.3646
1.55256
1.77073
2.02794
2.33218
2.68527
3.08307
3.52428
4.03182
4.69273
5.77022
7.91886
12.3381
20.1847
31.1163
42.9055
53.2709
60.8182
64.8463
65.4419
63.179
59.0284
53.8335
48.0772
42.1729
36.3998
30.9351
25.8466
21.0973
16.7706
13.0942
10.3272
8.49275
7.32973
6.56177
6.04645
5.82374
6.16271
7.60586
11.1088
17.5769
26.9267
37.6058
12.8822
12.6918
12.3658
11.8684
11.2256
10.4823
9.67936
8.84702
8.00472
7.17402
6.4005
5.71188
5.1446
4.69298
4.32168
4.01139
3.74588
3.50612
3.27523
3.04017
2.79254
2.52462
2.22604
1.88109
1.46184
11.4077
11.7391
11.6731
11.3242
10.7702
10.0825
9.31642
8.51312
7.70391
6.91936
6.18729
5.52447
4.94853
4.47218
4.08999
3.78024
3.52207
3.29501
3.08096
2.8661
2.64044
2.39554
2.12289
1.80905
1.43407
9.65608
10.3126
10.5188
10.3605
9.93624
9.33556
8.63072
7.87761
7.12062
6.39484
5.72316
5.11797
4.58867
4.14171
3.77561
3.47782
3.23007
3.0142
2.81435
2.61852
2.41651
2.19921
1.95467
1.66832
1.31352
7.7084
8.57828
9.03852
9.09777
8.83702
8.35479
7.73912
7.06073
6.37501
5.72246
5.12694
4.59785
4.13629
3.74087
3.40832
3.13067
2.89685
2.69458
2.51148
2.33596
2.15913
1.97044
1.75495
1.4967
1.1671
5.89471
6.78688
7.41404
7.67973
7.60191
7.2631
6.75995
6.17708
5.58081
5.01762
4.51209
4.0686
3.67746
3.33194
3.03008
2.76994
2.54871
2.35995
2.19364
2.03849
1.88539
1.72325
1.53528
1.3056
1.0056
4.42969
5.16053
5.81181
6.21967
6.31622
6.13548
5.7642
5.29475
4.80341
4.34246
3.9358
3.58043
3.25553
2.95137
2.67093
2.42159
2.20835
2.02955
1.8769
1.73939
1.60782
1.47015
1.30841
1.10835
0.843486
3.3586
3.84258
4.3917
4.84466
5.07049
5.03906
4.80647
4.46106
4.08458
3.73288
3.42606
3.15188
2.8823
2.60702
2.33798
2.09213
1.88198
1.70983
1.56843
1.44703
1.33568
1.22097
1.08436
0.914155
0.68836
2.63315
2.86672
3.24734
3.65877
3.94801
4.03142
3.92443
3.70004
3.43859
3.1953
2.98132
2.77245
2.54174
2.28368
2.01764
1.77081
1.56219
1.39669
1.26744
1.16312
1.07167
0.978363
0.866384
0.726502
0.544147
2.15881
2.17073
2.36792
2.68961
2.98888
3.14559
3.13759
3.01802
2.86392
2.72596
2.59707
2.438
2.22345
1.96255
1.68783
1.43656
1.23016
1.07504
0.96259
0.878452
0.807791
0.734514
0.646963
0.536668
0.403488
40.527
39.7153
22.3525
6.00761
1.24084
1.92135
5.04434
5.05857
10.83
4.00671
6.23986
4.36874
10.5904
9.18443
3.47466
0.543296
0.378653
5.96888
9.58625
1.89609
20.7699
5.07953
6.0659
7.10005
6.08308
3.01396
5.90899
3.12426
29.4443
0.386606
54.4458
6.03581
6.95471
55.2555
1.04512
2.11379
6.97923
3.44782
11.4173
1.03494
15.419
0.281392
7.05838
0.988194
2.84049
28.4406
2.01042
6.88228
18.62
33.6012
1.66017
25.8129
50.8373
6.57562
5.16418
14.6699
15.1774
34.4899
3.13472
26.0406
0.649607
27.9658
1.60841
3.03978
5.16371
1.46546
5.20841
9.92739
9.49009
30.3793
14.5141
5.74952
1.36248
5.64146
14.6868
20.9594
26.6163
9.57885
0.662823
6.77536
59.2803
0.465384
5.68894
0.173341
0.420711
0.402048
2.01578
11.409
7.05038
28.2578
7.87178
147.806
2.10963
3.92268
1.22562
6.94026
2.97865
1.39907
0.538012
25.6822
18.2331
14.6855
13.95
4.78495
3.16935
2.16463
6.59221
60.8976
1.9596
0.299804
3.14565
3.2044
1.45077
4.69136
46.3051
19.6158
24.5279
0.963523
47.1468
2.27235
0.0511142
3.32701
7.01048
5.37522
6.59766
6.81295
25.4602
50.5947
230.227
6.64184
5.72403
11.467
30.7345
18.9351
0.409795
1.87348
3.16591
19.4525
1.04787
0.166315
3.2027
9.75023
25.0851
0.0732184
27.5109
0.408783
5.45078
24.2735
0.53178
0.564221
11.5385
135.939
5.8168
3.78091
11.2114
0.170132
1.6511
0.889716
26.6381
4.85389
9.18435
11.4616
2.26573
1.76505
1.69527
0.164107
16.41
5.61917
0.693328
1.34423
7.45875
3.312
10.0328
0.17066
282.187
1.27381
27.6191
27.618
14.9558
4.07079
20.4399
5.80712
56.0976
16.3957
1.67608
2.3676
0.154903
2.00048
24.5877
0.628066
13.4112
25.5689
87.9769
10.2563
3.74724
15.1294
13.6557
5.18947
24.1058
30
9.23383
1.72286
0.404553
0.509556
15.8551
2.76764
6.46913
12.0739
21.9464
0.842809
3.61565
2.07016
23.2361
17.9935
8.44686
11.3222
1.82783
9.87642
12.8357
30.5375
2.95274
0.234994
9.4456
38.006
6.7732
24.6241
6.31996
0.40513
1.67299
1.2249
0.176129
2.16434
5.12694
2.63394
10.2425
3.62829
33.4845
3.23748
14.9939
1.88646
69.2305
0.55543
1.81402
0.771162
1.56779
3.60345
4.66397
4.47688
0.618572
3.84477
1.38562
1.15915
2.17878
20.9206
1.94333
3.92512
1.37427
31.1094
28.9502
13.5243
8.03883
279.628
1.71772
11.3076
13.9738
4.51517
2.99513
6.04756
5.17369
5.4499
27.3693
68.0219
0.952424
9.88043
2.47493
6.00999
3.69068
1.72093
24.5443
20.5231
2.02548
10.2579
8.96551
20.1082
15.1232
0.679903
1.99318
10.2246
8.34794
12.0151
1.38518
2.4377
0.678071
8.45893
20.2485
11.326
7.96027
243.702
3.84625
22.0078
24.7115
8.75643
4.96987
0.444712
2.50446
2.18172
17.8932
110.686
0.154461
0.415195
5.72903
1.1718
13.1352
132.021
0.789518
14.7208
2.85875
1.48385
5.51603
30.767
33.433
1.55542
5.69659
34.945
1.90729
4.15035
25.7258
57.9862
297.111
35.6316
1.77384
3.58991
2.70783
3.90968
15.0666
0.363361
4.49022
3.71209
0.212771
9.24409
1.30993
4.91391
23.3301
2.19154
22.7696
1.6951
7.67606
2.21953
1.79546
0.134495
146.079
2.54034
0.227729
34.9448
8.78429
6.66839
41.0221
1.95834
1.95428
0.130933
24.1973
4.99963
12.7559
25.543
0.190261
2.04748
1.10862
4.06975
2.54131
29.807
3.05108
4.35362
31.2298
3.00907
12.6473
3.41669
3.60384
1.84351
6.50158
3.50466
7.17801
2.85892
6.27983
1.16285
1.26694
26.6009
1.69678
7.45051
7.2613
12.8792
9.0067
2.91537
19.0963
3.95805
20.6171
5.03382
2.16191
6.36446
0.980036
29.8212
4.92288
3.59605
0.497609
42.3972
5.57325
0.178692
4.17057
12.8603
108.036
49.3521
7.10546
2.07106
21.3692
1.16627
1.75459
7.43967
16.9742
0.137368
2.81594
101.824
1.66829
5.31684
16.7498
6.40526
1.53898
15.0438
0.190162
4.18891
141.244
6.62937
0.622676
3.30847
37.4649
0.663617
1.86245
1.15622
3.30458
0.66216
2.30029
8.57558
5.29855
1.95239
8.83401
45.894
10.8266
31.7131
3.27873
3.29661
4.0752
0.992077
4.11039
7.22769
2.40737
19.3726
1.96912
29.2603
0.144256
0.575025
7.95625
54.5767
2.40091
1.77866
10.2684
26.9048
18.8644
3.02615
1.10172
34.4963
6.57918
7.22059
8.30968
2.35675
4.2621
6.67246
4.87667
46.4174
67.7731
2.06546
24.309
22.8836
8.28426
9.10401
0.220042
4.8156
0.17275
0.954634
0.399013
4.7491
54.5295
6.22613
4.88013
2.66926
4.026
3.90598
2.97759
1.22748
5.14169
0.716307
3.00131
31.386
8.91534
1.7075
1.46104
0.455219
30.3841
48.5906
0.556928
0.695409
4.30169
4.28319
4.83203
51.68
223.074
73.8558
2.12229
4.19354
2.83527
16.7102
3.60989
4.93945
0.586438
12.4649
0.523431
8.8886
52.4792
5.85011
16.7044
10.9246
2.52377
3.02396
0.961866
4.64267
7.65721
11.7632
2.43828
94.1263
2.15518
17.2403
21.839
2.4719
29.2901
0.278838
6.16395
8.11673
0.204974
38.3894
2.64721
2.62943
0.722282
1.27084
7.19941
7.44552
229.24
21.6695
17.2791
3.41194
9.89026
0.723426
16.1664
25.6689
181.428
16.4046
2.73957
27.4077
0.357441
4.92022
5.06976
3.55927
6.14891
6.69754
10.8575
8.8871
4.87787
0.972749
2.63771
0.682182
0.141352
27.797
2.9327
5.53106
0.15512
55.8816
1.67094
0.537263
5.09977
5.8624
7.74088
2.42734
47.3686
1.96816
1.80862
0.31075
3.06226
6.68294
0.958427
3.06302
51.8991
16.5653
1.09064
6.18802
23.6423
3.50187
0.172569
4.83014
45.2255
2.141
0.613331
6.16017
8.9779
7.80545
8.6882
9.28109
3.92083
0.675983
2.72068
41.3684
12.6964
5.80509
39.1105
3.32765
3.74238
1.55636
2.98845
86.5969
6.82407
25.7287
0.110171
3.16634
5.59705
4.1685
4.72698
2.46608
0.608266
0.411207
1.97923
37.4353
7.28363
7.86843
136.957
11.9463
4.8612
2.02384
1.32146
6.43087
1.69271
6.97595
7.35338
77.0624
25.2196
5.93887
33.9422
1.90528
4.08703
0.155804
7.95914
8.82148
0.171543
16.4842
13.0188
8.1841
27.7876
7.97657
1.30716
0.08445
2.6392
4.87184
8.5819
3.37339
0.96032
52.5841
6.53245
1.57992
0.674835
25.914
0.168999
1.91169
13.0285
2.58164
6.39308
2.67874
0.801939
45.2537
5.80503
4.13802
3.0732
1.81083
1.90858
27.0622
8.50438
5.50922
3.93567
3.33642
7.04825
5.19243
0.861191
3.80541
3.48353
55.0789
0.861633
4.62979
2.95366
9.64445
2.19549
4.73433
5.11618
20.3664
6.63301
10.3625
9.16689
3.17319
47.1118
1.74488
3.09444
1.73578
3.27162
0.219339
2.63234
1.83007
0.383952
3.17837
16.0854
2.78084
114.163
1.72643
5.24954
155.739
4.65367
9.02981
48.2879
9.21521
2.59547
18.4666
9.86082
28.1829
14.5375
11.2638
8.40163
7.44261
11.3317
0.57828
0.176203
8.81108
2.35402
14.1989
43.1323
1.03122
20.2933
58.932
13.8168
4.87949
1.75375
0.11814
32.5855
5.16173
4.30714
8.51079
61.5281
25.7394
0.153463
5.04478
2.24761
0.223184
46.8085
119.199
4.70451
5.14314
3.3582
4.98642
1.40411
0.177458
1.00889
1.67492
20.6402
5.66554
3.73397
5.06848
0.528602
2.21401
9.24235
1.98499
9.3647
1.08257
25.2631
3.4099
7.58753
131.257
3.11226
0.329356
0.296754
3.67379
1.91441
25.9346
8.82763
0.269791
5.19886
0.168636
28.7536
24.6538
0.933862
23.615
16.0487
26.4293
36.0455
13.8864
15.3049
3.72611
6.93072
0.413212
4.77392
5.44878
14.0124
21.8049
4.56368
1.21133
31.0802
2.69562
35.9421
4.37995
5.11274
4.74764
2.10028
34.4464
88.3625
1.84866
8.13667
0.453287
23.8004
6.30571
5.51374
3.99039
1.45524
23.4241
15.7309
1.04464
63.5103
2.10531
2.39607
19.5888
2.14432
37.0659
3.10973
23.7563
1.24937
6.22781
14.1295
5.80134
1.67699
2.98769
1.69604
34.0379
13.161
5.93961
2.47733
2.55659
4.36906
0.22295
37.2293
1.37732
14.4347
3.21261
0.171072
9.38868
2.06324
0.176884
1.08513
1.03538
0.544483
0.172256
10.0964
0.669484
9.5082
9.64142
22.7491
25.1467
21.4027
0.11962
2.61022
6.14556
6.05772
4.85281
4.88599
3.15589
2.01493
66.3173
0.930928
30.1695
14.7123
36.6779
10.6659
9.15013
10.4732
21.8536
0.446756
10.9617
32.7792
28.858
0.74862
3.23357
9.06072
3.62932
25.1183
42.1723
41.0935
69.6281
2.08497
6.60023
14.3406
2.80772
6.46426
119.868
4.3837
0.495227
3.93352
90.1457
0.104287
5.13254
0.631409
19.7085
74.6969
23.5132
23.4848
4.07921
3.51857
4.67219
12.4652
44.218
30.7473
11.4325
0.551421
0.959506
2.09433
23.0356
6.85958
0.611631
20.1745
8.58057
32.4233
2.49928
2.40188
4.98232
10.8863
30.6714
3.35318
27.1377
3.39973
1.5976
1.5821
150.022
37.6998
19.4875
3.73083
3.01044
8.51977
1.50136
0.454901
1.76625
0.39038
3.21794
4.83949
21.2134
30.8549
4.01527
1.23473
8.373
82.4118
6.4399
1.32735
2.56112
34.4239
3.17412
1.95438
17.2398
0.39029
9.3042
1.92804
4.15096
4.58223
8.68295
28.0894
2.46284
9.68066
0.822506
0.457559
0.908477
61.9439
4.7132
20.7938
3.38798
7.13034
0.692663
5.88738
3.61199
22.2523
8.56459
27.6003
3.84798
10.4098
0.611367
24.0811
15.3294
9.45112
0.299428
16.4918
0.223855
1.44629
22.9883
0.65568
4.2906
2.40022
3.89915
3.24934
2.40556
0.563934
63.3012
9.57111
2.79759
7.12567
0.516868
2.48686
7.10941
0.835687
2.84474
10.3298
0.467042
0.116
1.57289
1.12286
3.83598
7.08704
1.28651
6.14654
8.6145
7.19651
1.003
7.86719
8.4571
7.8144
21.5441
1.95904
0.517011
46.0847
1.23243
5.22398
7.0515
14.568
7.37646
16.8864
3.06098
1.36867
3.91489
1.92098
55.0232
0.426698
30.9288
4.78945
0.126547
1.32645
1.14179
2.51377
25.3578
3.36413
33.7401
5.84627
1.34091
11.8557
1.08174
1.33422
9.86702
4.15249
60.4444
7.97185
35.9018
2.59196
11.3259
1.1264
5.12494
3.33094
2.82473
50.7333
19.2259
0.517317
25.4839
0.771671
1.72661
23.8355
0.515636
11.2722
4.57288
6.11603
6.77026
7.47615
2.08609
23.3419
3.25719
2.4176
49.1041
1.78338
23.8776
1.73109
8.92869
2.08221
0.229576
2.31813
18.6259
25.8368
27.8427
0.786989
3.39105
123.709
15.3158
14.8198
1.98778
3.45122
22.324
1.24247
1.49529
118.797
33.1362
5.10734
4.12941
24.0313
0.607599
46.0708
6.43364
10.9172
71.2181
19.5027
0.175341
5.62515
5.2127
6.29684
6.66784
59.2376
2.90554
28.6014
1.04725
2.28176
1.85174
41.1438
3.5832
8.40359
13.9294
2.97479
66.3101
21.5084
7.56311
5.05579
25.2155
50.1732
5.56574
6.55858
0.534103
4.03092
6.47011
2.50987
2.82592
3.48714
8.73699
0.60682
1.65078
5.73563
2.97467
9.98727
0.124925
1.02001
8.80245
3.21285
13.266
2.67242
4.70004
9.56317
7.05643
22.4416
33.5259
1.61872
5.64786
0.815678
12.9083
16.0082
0.396497
21.5887
2.81729
13.5571
0.359032
0.673527
3.98267
19.3939
9.90454
24.9303
2.53114
6.53376
0.695552
0.738028
2.18406
7.86348
9.62305
1.94832
7.27224
36.0197
1.76997
14.3653
15.8883
1.04531
4.73057
3.54323
2.04858
0.480407
2.76408
5.2834
3.75949
33.5114
0.555798
1.72439
39.2087
56.7734
24.5298
3.77598
0.386989
58.3438
24.2316
2.14086
4.87691
14.7593
5.51437
5.42445
6.6092
17.4035
5.26882
6.37342
19.0911
1.13823
12.2098
24.5512
68.1859
2.89868
9.77182
17.988
7.33309
0.808563
73.1489
5.25547
121.555
11.7685
29.7274
0.267002
32.5581
31.5542
0.241411
29.972
13.9774
36.518
27.4781
24.8199
0.693154
16.4135
2.1025
5.97482
11.065
1.15377
22.664
5.84571
11.4519
36.2972
1.75365
8.33604
5.43857
35.2575
5.315
27.0745
3.82446
0.241787
0.638882
22.3349
20.835
2.62067
0.857704
71.4872
4.43381
93.9304
0.133038
7.53708
20.2909
0.920037
3.93747
44.4769
7.218
34.083
59.1821
3.199
2.946
40.1636
5.53491
1.0108
0.471173
3.70762
34.9304
16.7952
10.9444
11.303
2.53898
29.4241
5.79015
1.06644
2.95831
23.3544
4.2491
14.614
1.7474
14.8616
6.08793
43.6999
15.3055
13.1535
4.37589
23.6732
3.55061
2.87479
0.169634
33.275
33.6148
1.12641
10.3486
5.4957
0.781398
17.0335
2.84116
3.06009
16.2991
3.44078
4.88291
5.36119
3.70699
6.90532
12.7988
46.5878
32.325
13.8884
3.80361
2.55645
27.0199
13.5663
2.12349
300.757
2.0325
10.9663
255.511
55.2896
10.193
4.41424
44.7613
23.9274
2.98013
23.294
3.04194
5.74368
1.66804
4.44939
2.64541
0.603618
36.7171
0.263586
18.6116
9.83592
3.64391
2.62664
9.8353
9.80726
0.184709
23.6721
13.069
24.7053
1.69251
4.56819
0.855626
18.9696
17.8432
0.569344
1.69199
10.4821
5.465
3.20411
0.903773
11.3076
24.9706
58.4157
18.7586
4.92303
3.61621
41.5339
7.86127
24.0734
0.652965
0.540481
2.5301
108.76
1.53415
174.926
0.851794
9.08067
7.85287
25.1373
0.592434
2.50239
22.1276
12.0644
3.03687
2.33639
43.3757
25.4825
7.04246
63.6874
5.1212
5.25986
2.94942
0.507118
21.508
89.5469
4.50243
2.09662
1.23536
0.13454
3.16746
32.1555
4.17111
101.465
42.202
0.847559
3.98657
41.7277
15.1564
25.7899
1.81304
1.52904
12.106
2.74445
0.822444
2.23284
2.28427
2.04591
1.18834
12.6698
47.6527
6.42792
3.7176
0.389781
1.83873
8.23954
4.9763
1.99446
9.05349
33.8376
2.26258
35.2799
3.99656
30.1123
6.90265
4.10904
3.47128
2.95485
18.6969
3.01671
3.04529
5.61777
93.331
50.5421
4.00254
2.37755
5.00932
2.47989
0.551725
1.96321
10.2863
0.944053
3.50105
6.13457
5.91777
0.751606
30.6051
28.3673
10.8682
22.3704
4.92658
0.733748
10.5205
7.81774
2.20069
0.48674
53.657
15.5218
2.93445
15.1419
3.74146
0.346177
7.84845
2.62186
18.1033
0.808168
174.155
19.3987
7.79279
7.17328
13.752
11.7053
51.8024
2.03497
0.657638
4.91037
2.07901
3.36022
14.0615
6.23815
4.15182
28.3464
3.48729
1.93603
5.98561
4.90627
18.6786
3.89899
1.3152
4.11718
1.66474
3.07822
0.0713984
2.68526
6.08361
0.357511
58.6185
0.51786
16.1985
2.95698
25.7404
11.5631
0.54143
23.5819
7.75248
0.169975
53.299
5.33929
2.59317
19.0291
0.714574
29.4861
30.3114
33.4458
6.09828
0.11883
2.08552
24.5335
4.47871
5.08406
4.83575
0.343107
22.4572
2.07013
5.53586
24.8897
5.84689
4.23498
153.207
1.78409
52.0904
0.717031
32.178
0.894737
10.931
7.34846
1.46923
1.33702
0.738838
35.9238
24.9734
25.1532
1.77339
53.9862
24.8018
6.09763
0.171023
6.69468
1.17051
18.8035
24.5895
98.5245
1.79898
3.46452
21.1277
3.96014
7.28733
27.1732
33.0793
2.91443
12.8544
36.5488
4.721
3.42636
4.66003
19.9189
21.3214
1.46282
2.07254
3.39782
0.472353
0.501661
35.2662
34.4405
7.04825
10.5356
0.695045
1.60891
1.16704
8.21702
17.6581
2.11911
3.72313
0.395373
3.91785
2.57465
23.2204
1.32015
10.3547
11.4363
28.6805
28.6669
0.672511
15.4643
0.990453
1.08712
4.06224
2.94035
0.529309
2.44142
8.30874
82.3741
33.9324
2.08332
19.7468
5.48041
5.20072
8.27533
6.27092
2.11545
5.82898
6.50803
10.0568
0.153878
1.35326
2.30641
1.29101
5.16193
2.35363
2.43014
5.0361
97.8746
66.7634
3.018
5.11589
4.94949
119.084
0.444335
2.47174
20.3122
5.52215
29.1145
6.83256
7.0652
5.35364
36.6165
18.6711
7.16173
2.96751
4.21304
25.4482
18.3327
1.88494
2.9788
3.94082
11.7715
4.49873
3.29925
20.4189
7.50923
4.00711
2.08833
3.23939
3.40623
34.2744
5.73597
7.15268
0.409494
58.8859
21.6267
3.27471
3.63487
9.70219
16.1404
2.30142
3.89802
23.5976
16.2271
3.33115
22.3152
24.9979
21.7347
10.8804
4.07073
13.1791
10.2592
13.5399
3.40126
70.0796
3.29285
1.69063
0.350191
15.351
6.64905
0.485922
5.61519
2.1875
2.23461
3.14584
19.8412
2.96107
7.71605
7.3982
0.960126
5.46547
3.80904
1.88822
1.71575
57.1322
2.87957
3.20583
2.05647
2.0038
49.6442
2.61734
32.7336
4.23656
6.3708
3.19167
1.96728
68.1395
10.9823
4.27348
1.30425
29.7644
1.10277
1.28703
5.4125
30.2462
2.74775
11.6684
2.22272
9.1923
0.270555
24.4818
0.263132
1.2311
0.27264
4.82479
2.73027
15.3251
6.95935
1.31447
6.59686
1.69366
21.3946
0.91612
7.23118
5.08317
27.7059
4.38064
20.6752
3.02834
20.9564
0.0875048
44.4626
12.0123
83.2816
2.18049
26.0057
0.732459
11.2776
0.145062
1.25404
77.8429
21.1199
3.75063
16.3625
0.52421
24.5426
6.51285
1.29265
27.1221
0.23023
34.3356
5.52656
13.6907
2.40546
2.10597
1.71
5.00101
5.57362
1.19783
5.51154
53.2287
3.92402
8.83301
4.01411
47.6098
11.0458
2.94546
7.37428
5.08356
2.54243
16.7835
24.6896
2.28024
2.05567
28.0589
2.41943
10.4526
4.4749
6.8191
0.782921
70.8656
2.52237
4.55504
11.504
4.74889
3.32069
13.2875
34.0803
2.64073
30.9018
2.71395
2.07725
23.1128
175.225
26.3258
1.81872
5.65456
2.36432
3.3441
10.4947
33.5816
10.6468
8.38562
2.80764
11.7942
8.89933
3.86711
0.704323
1.83081
1.26661
3.35726
123.754
17.2601
51.6938
17.3369
0.330226
6.29576
6.53313
22.4636
4.62337
1.36496
8.31793
2.25022
2.69548
3.81844
10.0283
3.86264
4.42457
17.6288
34.9508
0.516451
3.81659
3.87653
3.13618
2.57254
12.091
3.61901
0.214791
30.8491
0.174391
1.13874
2.56315
3.20737
2.00433
45.3595
9.66988
36.5805
7.13631
4.73065
4.68795
0.328082
14.6077
0.594225
19.5296
6.51066
3.95765
8.59295
6.53077
37.9444
2.59227
6.02965
1.13615
2.77445
20.368
1.46861
2.01514
5.9929
24.8154
0.335568
2.83563
12.3122
13.1643
3.17747
2.03974
25.3227
0.472293
2.4333
6.93642
3.75894
33.1823
15.22
3.9174
2.34189
24.3091
2.28094
20.4411
1.98706
16.0813
17.0348
3.80904
2.86965
7.41065
1.71795
1.39327
55.9218
7.25275
106.022
6.03985
4.51989
3.87536
34.1831
20.3911
36.8063
1.58722
6.30409
2.51138
2.49625
4.68856
1.41808
0.753076
11.1571
3.99745
23.2717
0.744916
23.2008
3.90775
23.8483
20.3335
22.9429
6.73371
2.33219
5.92481
3.66561
18.6831
2.50638
12.5194
5.86714
2.00072
1.95886
1.85182
3.84809
7.42899
25.4481
2.03849
16.0389
3.8628
4.83273
24.9462
2.57608
13.5257
3.44362
4.07548
2.87876
3.77997
3.66529
0.106146
18.0276
1.49863
59.9146
1.04369
2.09686
3.69332
22.2218
9.79917
4.224
13.2616
5.00267
0.935443
4.02397
25.3515
34.6355
33.0054
2.34233
7.42846
4.30432
20.3006
3.81021
5.88449
1.80759
11.281
1.84389
61.558
50.2676
0.189839
11.5538
15.0349
6.31705
2.69651
8.34443
7.80875
1.44155
9.74575
5.62442
3.99445
9.32141
12.042
6.51695
1.73944
3.75131
0.167986
0.729488
17.6373
2.07765
0.319005
2.92224
3.66006
4.9343
49.7778
1.03696
19.7788
1.49711
7.26978
2.5999
18.26
2.4366
7.43616
0.454276
10.2682
1.62986
22.8673
124.568
4.86831
7.50144
5.91406
20.4361
1.39857
163.558
5.16993
9.88819
27.2659
3.89901
0.23616
11.2274
6.68075
2.7518
7.97145
0.8811
7.65737
2.53747
4.49251
0.994534
1.3206
1.56568
1.37561
8.28649
16.492
2.23808
0.720231
0.811906
21.2651
0.774616
11.4708
0.470767
3.65734
20.0706
5.72493
1.34987
17.5345
2.49109
3.30309
21.0124
20.3499
22.9207
7.77877
24.8502
14.9863
28.8663
30.6405
24.3301
8.71653
0.559799
3.43277
2.45345
28.1583
22.3424
0.816766
13.2047
2.83028
1.69181
13.0722
3.13856
26.1843
2.79411
14.5078
0.877179
25.2125
2.00101
68.1142
0.827653
4.73617
1.34938
56.7829
3.86641
1.68639
8.82403
3.94257
2.62064
3.03758
6.27741
5.9033
2.30455
27.3037
3.91682
210.108
4.57146
5.39779
28.8768
1.81815
2.47117
24.2095
6.17881
0.551091
23.3884
2.21882
5.88074
8.62165
1.09175
22.014
2.46914
10.3468
4.6286
10.9411
2.85839
7.40154
17.9268
0.142593
40.6221
25.4907
18.9898
8.00151
9.46392
12.0573
67.8772
0.139791
24.6444
58.9028
314.032
11.1836
7.31549
16.2108
2.46745
5.29915
0.59359
4.69327
25.6323
8.40621
31.8931
145.147
146.253
212.587
3.52368
9.04083
1.45864
5.79987
7.69298
4.8639
2.16548
4.5533
1.09139
3.23539
77.8077
3.28841
63.6741
5.82215
71.3287
6.46991
1.00757
4.05914
2.09615
19.6681
12.6699
6.57105
10.7309
23.108
8.49376
240.51
37.7515
2.34592
7.07465
2.16072
7.51256
3.96556
2.37115
37.1581
36.8941
10.6737
64.2089
1.26488
0.643786
2.82016
5.04048
2.17743
5.12086
0.795968
33.4294
1.58502
2.28209
1.27268
11.983
11.5478
19.6526
6.32336
5.4933
2.16291
24.7864
12.9806
9.85203
3.82096
29.4187
0.371811
8.76828
3.75007
1.32396
9.82742
27.0736
2.87848
20.4518
3.66013
22.1381
2.29455
2.59541
14.536
9.63724
162.331
184.63
80.47
60.7111
0.129462
3.32769
9.05069
3.66781
24.9333
1.6278
3.47233
1.95001
14.138
0.140065
0.639904
2.38106
1.26511
0.640783
2.5169
36.17
9.28506
38.2727
3.19343
1.66582
4.3736
9.29515
12.2256
23.1468
47.7023
4.17001
2.77189
3.62245
2.69896
8.08594
8.08798
28.7564
5.43072
0.668583
2.00398
85.5067
11.0768
14.9398
33.6716
11.1087
0.737606
2.26222
0.929227
2.99195
0.35361
3.31913
1.75379
10.4696
19.1571
23.1767
31.6219
1.71435
3.12447
2.75988
5.45303
0.499715
1.02152
2.46429
1.67122
2.20869
1.23915
0.924869
1.1863
25.4802
1.87617
2.3519
23.9646
4.40065
3.32691
3.10158
1.10463
25.6279
18.1847
10.1755
2.48812
3.6087
3.17304
16.8796
0.315349
0.770587
5.45267
4.93822
45.5351
4.77136
0.841076
20.9569
0.440408
5.7448
8.01524
3.76271
11.1595
0.376065
264.659
14.2444
2.97615
10.5667
0.465106
17.8689
12.4607
5.16077
27.8277
1.53724
5.01505
2.70667
2.1118
0.209835
5.2116
15.8184
54.7694
30.7186
5.44465
1.87809
10.5558
2.34048
0.114707
63.464
0.330252
8.47728
1.87726
0.409513
25.4443
224.686
13.6139
5.83784
23.977
5.11079
6.63277
9.21023
0.32411
1.72512
2.13881
4.01
0.773904
12.6238
6.13415
4.14686
0.930732
0.708259
11.0104
43.0191
0.627736
3.03787
1.56222
2.63137
4.55461
23.2578
5.70215
21.1452
4.93174
0.374709
25.8004
32.7943
6.99758
237.487
21.557
10.5626
3.34701
0.942095
3.70868
6.80322
25.1069
1.23028
2.04054
2.57477
14.5096
2.08968
54.0052
71.6844
5.70038
1.09711
7.83455
13.0492
4.14997
2.2894
4.86983
3.26612
11.2317
11.3435
2.71263
8.48376
9.42039
2.56875
4.65676
7.66906
0.17364
9.99517
19.1158
66.8551
5.37396
3.32507
3.01288
23.8586
4.58331
3.94631
18.8449
1.55186
11.8932
3.54391
2.41726
1.38917
16.1276
8.4374
17.2386
1.50207
0.915775
24.7778
9.12553
2.89256
4.54231
2.44481
0.369133
12.8375
7.75087
35.6205
13.6015
82.7255
2.78205
3.25477
33.6301
1.6419
13.6196
0.586536
9.89103
3.88018
13.6944
25.6804
18.8784
2.41058
2.52221
12.6306
6.75119
2.2488
3.52781
3.98694
6.09754
2.13304
13.9996
2.93319
4.14674
11.1756
11.1583
6.63551
206.933
2.00839
18.8866
4.17027
4.22842
20.9358
15.0769
5.0719
11.2317
10.6674
14.0525
13.0849
1.87301
28.5555
2.73149
12.5282
16.9549
1.7695
13.081
10.2489
0.513808
0.952792
5.37901
20.9064
2.37805
44.0379
6.39951
2.15853
11.2927
22.5372
23.6924
3.63258
6.5147
74.2055
17.3943
1.35938
0.575848
8.7729
7.52162
20.9829
0.811488
4.40023
1.12068
1.1887
19.942
2.89485
8.92817
11.283
112.706
3.25067
1.48275
9.86741
8.25431
9.69002
20.5553
1.52912
2.92491
7.13934
0.357623
5.13287
27.6033
29.3243
22.9751
3.51491
3.60179
0.457487
8.94563
39.6587
14.9456
18.6817
8.63959
0.68381
7.9947
3.53949
6.75257
19.4279
1.88616
1.34124
1.51423
31.8396
14.3996
3.26375
8.8757
6.88808
10.4373
2.94905
15.2644
111.143
0.895163
4.50495
211.887
3.42132
9.62033
8.88745
3.15845
132.895
29.5764
8.10668
30.9606
26.7505
7.39546
5.3058
0.472857
1.72717
36.5989
1.85816
5.96072
8.12829
1.00154
10.3664
12.2529
24.0923
0.622648
3.34664
0.147929
2.88537
0.420249
7.74542
3.83577
1.77799
5.39402
0.340168
2.7748
5.18595
18.5433
54.3199
79.8323
8.45889
5.29403
4.66004
0.186443
3.87112
0.501248
1.36622
0.599294
0.102791
34.5245
9.73702
2.11507
16.3759
27.3121
5.31351
0.820043
7.06339
10.0756
2.84913
6.93762
5.64458
11.5875
26.7445
4.82081
0.529458
3.75142
9.24016
1.28801
4.51437
10.5068
5.10188
16.9188
2.08069
2.35301
12.5291
2.22221
7.1734
3.53831
4.55317
2.13595
3.97439
5.27752
4.03201
2.12678
0.256176
0.0166461
9.88144
10.2478
15.6974
9.51666
7.99621
9.74856
1.75745
3.50874
10.9064
0.514029
1.88394
6.68806
3.06822
22.02
0.598609
21.4386
11.1211
4.00344
6.55213
0.170124
4.26779
7.00188
1.83248
9.58562
5.51709
5.9288
7.85925
2.85541
0.442711
0.177547
24.4885
0.134114
5.62419
6.44505
9.13905
4.11971
8.23985
0.109094
0.166369
2.98204
9.46518
4.14883
6.66545
26.0804
3.14727
4.00557
4.44578
9.65887
3.16522
9.53793
7.71231
3.50006
69.2744
16.1032
11.806
0.249214
3.23668
10.8795
6.69574
5.83549
35.3585
0.178846
21.7211
27.6476
3.16963
4.642
1.9866
4.19503
0.470388
103.425
48.0392
2.17401
4.67981
3.60653
3.20289
7.21391
2.53436
7.93272
1.04618
3.93514
4.90304
9.36762
6.6387
17.2947
5.47975
7.54753
10.8993
9.38939
5.23166
1.43449
0.940547
4.80426
0.495454
28.1385
3.68757
0.369218
12.648
8.63433
8.38063
4.32404
106.542
72.4768
9.12093
4.84952
5.24209
7.53251
7.5483
8.13469
4.69159
2.1586
17.3271
4.41627
1.05007
14.0907
7.97851
6.4453
1.81942
5.56006
7.50529
2.87406
7.8834
10.7294
1.03522
17.6719
7.75928
7.0354
2.55503
3.36133
0.720519
31.4491
7.67654
148.598
6.24804
0.757511
1.94383
14.901
7.24238
3.82999
23.253
0.837617
10.8481
6.16418
7.41
13.0185
25.8675
7.55531
0.259725
5.32972
2.76816
2.7313
5.44883
10.0756
4.81434
5.81382
5.05522
7.09728
32.6801
21.5082
2.81407
3.31045
11.0358
4.0695
10.544
2.20145
0.507278
11.0417
7.38236
7.64678
4.98371
1.06045
3.30651
6.3813
4.91797
244.536
5.46411
4.81643
2.11428
1.71113
56.7357
11.3097
2.04403
9.38832
14.8301
8.17882
2.74112
6.66595
2.63791
8.46406
39.9626
96.0279
6.53286
15.3399
2.64545
5.58134
3.86612
6.65065
8.52272
2.98631
4.21432
2.94442
9.69637
0.51853
0.966851
7.33752
0.334791
3.91794
9.60138
1.7734
0.614352
0.719344
5.91595
35.4424
22.3689
24.0997
276.764
9.65029
6.48182
6.76251
5.38495
0.430152
0.561425
0.290969
21.6666
3.15933
16.6628
6.2131
2.71409
2.23325
4.09966
2.72605
7.46287
5.25421
3.82299
4.92946
5.20832
87.4221
1.23872
9.3715
0.415729
2.31707
4.32
5.87286
5.53866
2.99275
3.36022
16.3739
29.0885
5.05998
19.9816
4.60989
2.67235
4.11068
2.86131
13.5616
22.2596
13.9312
1.68469
5.28286
2.76558
20.7234
0.496374
1.52948
5.60438
9.09476
7.48866
5.60621
0.747055
6.57926
22.0423
0.140933
2.45541
1.23497
5.04886
4.08069
4.80143
11.3104
32.76
0.176057
3.06028
3.19156
8.85461
30.5796
10.1894
1.85316
21.0499
11.0879
6.56445
22.5747
6.35621
1.19321
29.5671
24.9886
109.507
133.535
129.692
48.0972
0.282158
6.10655
3.70569
5.99069
33.6765
0.883626
2.68585
16.6675
7.67194
28.6239
12.3036
45.0925
70.611
3.30353
0.618733
18.9058
0.663615
0.255541
269.301
13.1457
26.3712
16.7774
10.3849
24.6535
6.47054
9.34668
5.95844
10.3444
2.05508
2.42446
5.5346
6.36906
0.50628
3.04794
5.64069
12.9927
22.837
1.96992
9.85637
8.64596
4.32973
37.6252
1.42757
8.12616
3.40794
5.22053
48.4061
17.3146
24.8729
5.46537
1.98015
19.2433
3.52973
0.591307
0.158182
17.0396
20.8821
31.4084
0.452462
0.18021
0.142678
0.544127
21.5977
3.60664
213.707
0.137688
0.182312
1.28473
34.7647
5.08227
1.52853
7.92338
22.1601
24.3516
27.7044
106.271
57.1009
6.69816
0.141232
15.9076
4.19233
2.48233
179.523
16.4909
0.525957
6.79283
5.8649
178.86
1.68746
30.3252
2.56058
1.8131
0.57824
4.08576
15.6495
0.971176
0.416155
1.39954
16.7757
0.283904
6.21226
6.01604
12.7428
48.5144
1.21577
114.379
7.23461
26.2901
6.15216
11.7784
1.31469
24.5788
8.72436
30.5018
8.3063
4.34453
2.10789
25.4954
0.439429
24.5343
2.40847
1.58586
25.4393
28.9194
10.9698
3.7146
0.140822
0.307696
4.13681
1.66777
5.82679
0.536503
3.76545
7.27834
5.58669
9.08072
4.15646
2.6943
9.90268
7.98888
288.241
117.911
7.85922
1.00402
2.58247
0.16544
2.93279
22.5458
3.74879
68.0586
3.10435
7.48859
1.64695
0.377865
55.6982
16.5552
1.35661
6.21087
7.34284
20.0659
3.89745
30.8217
10.1062
9.8703
52.836
7.81777
41.4391
13.7367
7.26883
8.62603
6.60469
12.3572
3.26745
3.16493
0.324736
19.0273
7.13755
8.59441
5.26206
3.07519
10.9403
177.715
217.331
8.92823
10.6623
0.39718
24.9891
1.84858
3.10498
13.0665
5.59121
1.30552
45.8063
13.0075
10.8739
0.146866
10.5246
57.7388
4.57915
165.297
9.48044
162.617
0.418149
4.76994
33.6661
0.35256
5.99801
3.74962
7.29846
12.2319
1.63219
0.946665
45.8885
26.8677
24.2462
0.0659218
13.3422
1.62581
2.7355
26.4287
1.60621
1.00106
10.9155
0.0987192
7.0244
6.07637
1.70592
3.6182
0.166944
9.60139
9.85201
20.7136
0.169311
16.9151
0.423826
261.949
26.5772
1.40647
4.90129
2.47815
1.65241
4.65351
0.785947
35.2597
0.837236
9.05392
9.01703
0.181025
2.57627
10.0127
1.35121
4.19581
25.3939
24.2468
10.997
4.428
11.9019
23.753
10.4354
12.829
10.9969
115.347
139.353
1.73916
3.10435
20.9904
0.598123
7.02582
2.2229
16.9059
2.19434
1.33024
0.446478
11.2139
6.00775
0.133594
27.7247
14.46
0.274778
11.0568
18.6693
18.4616
1.56077
3.20027
0.228477
21.0791
6.19167
7.71484
46.5795
299.277
29.4592
5.24951
15.6133
0.78253
0.883228
2.14661
4.66358
3.90833
0.413022
45.6477
0.352935
181.854
9.76594
5.5613
6.02651
17.1648
47.1886
95.4363
27.6736
33.2766
2.2628
181.096
126.225
7.63884
10.2717
0.187929
53.9864
4.15943
2.3673
11.5321
86.7463
4.57337
3.6119
206.825
220.815
6.30197
1.06469
4.03882
14.4891
92.993
122.302
5.45433
6.12821
6.0908
11.7485
5.67421
2.77435
5.1308
3.63094
11.4228
1.13574
4.4656
5.80977
17.6874
30.3554
4.97069
13.9797
1.32887
61.2277
63.7095
0.0509505
2.61467
0.180849
0.148354
18.7533
1.88328
1.96698
8.58603
9.54115
8.47001
7.52168
30.4901
5.85147
0.356336
2.77702
5.80346
3.24609
2.97536
5.66376
4.06642
59.1332
8.84983
58.4826
4.76288
60.6939
0.179047
8.68887
3.80174
7.71242
7.52983
3.74916
296.92
268.104
28.9197
9.78638
0.655697
140.362
100.513
1.28087
21.9647
6.25112
9.04184
2.1228
11.705
13.082
22.258
57.1893
1.98246
2.63131
2.92638
9.24034
54.2378
3.28842
14.0805
48.2426
0.156496
42.034
18.551
10.3291
4.78553
3.12719
13.3668
6.61749
26.174
14.0542
23.2697
25.6831
4.94818
5.57099
40.6972
5.30217
0.32753
0.228035
34.1669
6.36311
8.19009
0.669925
5.38113
5.55654
10.0762
39.2098
11.667
17.6008
3.89634
9.86758
4.58185
10.9564
4.39496
4.25585
24.187
2.23365
12.0795
16.5967
0.67852
1.83844
4.10077
20.9423
10.7806
4.74165
1.49771
3.85562
0.891784
4.66457
3.82964
1.10554
3.47979
4.90473
0.754136
11.3786
8.43324
1.16886
0.348307
0.145788
22.2218
11.6489
31.7944
245.063
19.4491
1.45541
5.99484
1.79589
0.202777
11.8092
2.85251
1.04239
27.9941
26.9642
1.26801
9.04565
3.14589
4.9593
4.67826
5.67005
1.68191
25.0559
110.285
14.2456
0.578788
6.74623
3.31933
0.160036
35.5299
5.9521
9.83002
1.14566
33.6194
10.4648
6.48175
4.26534
4.15761
1.57419
2.30229
11.2002
31.589
2.9825
10.1033
1.62141
4.16614
9.14735
0.15912
8.26357
19.4828
4.97278
0.216529
0.611934
1.66033
0.181554
1.23974
7.35266
4.53011
4.43823
9.81665
5.41279
11.975
1.36313
26.7866
8.50894
9.18349
1.10867
12.6539
4.48061
5.24333
4.05072
2.58028
158.399
215.088
162.969
0.472584
14.8786
9.27677
11.2318
3.08768
4.17329
36.4977
0.0840211
8.52638
8.97491
3.80733
0.240226
0.200763
0.294662
43.153
23.4066
4.60992
3.61596
2.21727
4.5629
24.7144
10.8831
7.8115
3.4041
2.3023
9.7881
7.83445
22.9766
21.0651
95.7856
0.180489
3.64495
3.66565
2.06614
118.138
5.368
1.94795
6.0112
10.8996
3.48942
6.88387
0.153712
0.133845
0.178524
213.833
29.9897
7.07842
4.74143
5.57947
0.429485
4.60908
0.0197707
6.9996
4.43421
3.96262
0.16758
0.185487
9.15049
22.8885
20.8768
0.855839
18.9217
6.65618
9.23356
1.18139
0.192154
1.13564
4.52353
5.68698
21.6095
1.64364
7.31642
26.1276
0.455259
5.83716
2.43028
17.9964
3.80582
28.1386
9.04559
18.3458
12.0651
4.15046
3.02734
152.708
256.548
24.1086
0.426026
33.0039
1.7096
7.12381
4.96593
28.7726
2.74228
0.318991
44.3496
63.7628
16.9742
0.835885
33.197
44.0583
5.00668
4.23681
0.840224
1.69112
7.50746
6.47249
3.61824
1.61891
7.68385
25.8543
2.20616
13.6903
3.2643
12.6033
1.21809
7.67551
146.207
4.02565
18.4676
0.08549
0.246516
2.72591
25.1042
16.3792
0.557534
1.43393
7.59782
6.8856
6.8938
4.90348
1.90988
4.11326
3.14892
3.75959
3.55895
8.60333
0.244967
0.162729
4.24519
12.7346
1.71561
2.85586
28.9746
0.629006
8.74558
9.40984
2.75898
9.26481
0.116592
3.12166
97.581
9.94606
22.1912
5.23409
2.88579
2.5013
3.36032
11.0319
0.379669
11.6753
6.81268
4.24022
3.83717
12.4392
14.5381
41.7962
0.150427
0.348237
13.9062
2.2583
7.53357
2.28205
4.67941
2.11053
5.4357
19.7185
9.20215
3.14558
8.26836
216.084
6.03389
31.1569
0.696559
0.536809
0.778947
8.06427
4.71613
0.55225
145.219
9.93066
13.2889
0.35644
1.75653
39.6348
0.153115
7.63734
16.1923
1.76699
19.3824
3.16109
18.6136
6.41273
8.03228
3.75221
1.6036
1.38162
4.54563
0.0409661
4.40153
0.484497
6.0493
0.472697
1.25651
3.20049
26.146
8.37004
0.419366
4.96229
5.04042
10.5099
5.16318
2.71001
2.97562
6.29226
166.097
7.71977
90.5066
28.7843
0.45161
0.215164
15.5287
4.31287
7.16276
35.9966
0.479033
12.9466
0.250632
0.216306
0.0282307
2.78688
2.75575
4.81673
10.4657
3.18634
1.60632
81.8958
8.79297
4.81074
29.8472
0.0388371
0.189459
15.1227
1.83447
0.64064
3.78795
30.0748
0.992091
5.84326
7.33709
203.689
8.34337
4.39005
3.89469
8.04078
17.7472
1.62057
0.536112
0.941853
0.188686
15.9132
1.90194
83.2987
3.46573
2.45564
0.959216
3.04333
3.99082
9.63808
23.5811
13.605
1.3847
2.75383
16.8721
25.0478
17.1735
27.3563
0.154573
5.0475
7.44045
2.57368
5.05926
0.405223
16.3371
34.4613
3.17798
261.8
6.37093
2.29246
0.451343
2.27314
2.63947
3.07998
1.1501
16.1547
4.06254
24.6018
4.99849
15.6791
1.6321
4.61955
7.6556
0.256689
0.425017
23.6588
10.4871
60.9599
27.7989
2.73177
98.7811
10.5812
1.83462
22.7158
9.44584
28.2691
8.82769
9.30138
9.26039
6.20938
0.401446
7.07079
4.78838
17.9414
5.59974
0.0806476
0.285625
11.2731
43.4868
6.74705
11.8737
0.879565
14.0871
4.63789
76.4405
25.971
7.98055
7.60518
4.77883
3.76271
10.5608
7.88142
26.1314
4.83091
2.09411
9.04324
0.545185
4.1307
11.235
59.7469
37.0068
7.28565
2.00057
14.4196
1.89266
5.46179
6.62002
53.4892
4.13554
9.91307
1.11223
12.8486
79.3035
21.8881
4.42934
7.18421
19.8188
17.3431
0.65797
4.82545
16.5844
3.55418
28.4533
4.16298
4.90497
12.0588
2.77223
4.40362
0.528517
0.292309
6.8703
4.38116
20.8509
28.6014
9.95794
8.04449
0.562069
7.07598
20.3378
10.8122
7.43397
2.77476
5.47808
3.02607
4.63007
1.40702
2.33814
0.506433
1.61085
14.9703
4.21799
9.47678
7.09807
0.451404
5.72185
7.28724
3.34623
2.93747
17.3371
2.51574
19.2796
10.1303
14.603
4.77078
5.01904
181.45
0.934864
12.83
5.26995
8.38919
7.23029
2.22857
3.52032
19.1061
18.7415
2.99956
1.12573
7.71355
23.8904
9.31592
8.72736
7.40347
10.6329
4.59951
5.23767
6.22556
13.6579
0.78134
9.70777
9.45966
8.0721
22.3203
4.42015
29.2925
3.15342
18.5787
6.51916
7.93775
0.977609
43.3077
0.479888
11.0283
29.4577
3.09993
2.74786
30.1103
2.40309
9.94207
1.97975
7.22826
4.41954
28.6857
22.916
1.17447
61.6557
2.16395
4.11148
9.61719
0.954612
6.11312
3.35438
4.2999
3.43123
1.55591
151.848
5.83509
16.8573
24.5728
13.3164
30.9801
0.475061
1.21478
5.18009
11.3549
6.41959
7.59239
3.61812
2.72677
20.2189
1.1501
14.1855
6.04764
9.2566
19.8995
9.3192
5.06806
39.828
10.4725
31.8807
0.446682
6.98176
7.30261
4.6096
0.118966
8.0714
9.13537
7.0946
3.42426
8.27408
8.34797
3.59324
1.68667
124.837
4.73464
9.69278
20.1469
0.754282
1.77855
0.0937989
3.14901
2.46524
3.55035
4.62093
19.9821
5.31606
8.36736
292.806
4.25571
1.38477
0.271578
1.28656
11.8968
4.53698
86.9988
3.65811
3.90882
10.2468
4.8933
1.96913
0.641957
10.2388
1.0217
1.19582
0.776132
17.4907
4.11379
4.87507
3.57116
6.09203
0.396801
43.0375
3.80031
1.80076
4.75931
3.97883
3.98018
65.6739
2.01632
22.4353
6.59248
0.557449
6.8412
4.38113
0.497285
8.1504
7.95951
7.68838
4.51214
6.9532
2.29323
8.5626
6.96044
31.1887
8.51716
6.20534
0.827547
0.552781
2.46037
32.3272
67.4895
204.915
7.80969
12.1541
24.05
6.46779
8.70629
8.44567
4.28991
6.70576
7.62989
32.0249
4.83544
25.743
27.9367
135.748
1.78135
0.497365
7.8864
0.418312
0.642742
4.78459
23.4105
1.13804
12.9713
0.301173
8.59326
7.13212
1.49649
4.53138
0.615314
14.3883
0.180585
5.99873
29.7533
5.12845
0.510625
11.8051
0.797958
4.05172
12.8817
21.0863
312.515
5.14722
5.66688
12.7746
12.1668
7.75816
1.75403
23.4937
1.90663
16.2552
0.355901
3.80193
2.22917
17.2455
40.5823
5.6839
4.20045
3.24123
2.20248
2.40038
4.7423
4.30238
4.21613
3.41281
3.30416
6.50709
2.09148
22.5989
6.95257
7.1318
5.02716
40.9269
4.60967
2.99776
8.42744
146.425
5.24535
2.97912
0.75035
4.44781
0.795438
0.677381
0.940475
0.56752
1.25367
3.99323
0.84895
6.29945
39.1847
3.85234
6.17371
18.0632
4.92084
8.17156
15.2193
4.93613
98.3474
25.2699
1.12818
7.08375
3.62383
55.8661
5.31929
1.87469
7.96688
26.9757
7.99447
10.0849
2.36903
29.14
4.45888
6.88265
7.45111
3.71818
11.1689
249.334
4.36849
3.89817
9.80624
5.37956
4.85441
2.41949
4.44481
8.27509
1.63208
13.0621
5.8642
0.595944
3.70382
4.95271
4.08893
1.05473
3.51716
6.29646
3.50773
87.9795
11.6776
12.3135
5.06497
4.85304
1.42112
34.2146
2.92879
5.25318
71.7392
13.7238
6.55721
3.4927
0.48301
3.36715
6.714
3.99967
31.6145
1.73347
6.3792
5.28012
1.44489
112.642
17.3952
1.27244
11.7041
7.46863
5.07444
0.285747
0.867856
7.77936
2.28684
0.943594
2.09351
41.7058
4.44606
1.89503
9.25652
1.3112
1.8401
1.80548
0.535534
5.34925
4.43471
32.6049
0.7617
0.830314
6.82527
0.470544
11.2088
58.361
25.4636
3.57268
16.6457
71.0904
15.6661
18.8644
6.27007
0.6598
0.204452
4.53863
25.5675
39.7352
0.425083
0.132075
0.127445
4.70715
3.21296
4.49775
27.8948
8.30909
25.7338
2.17311
1.79504
7.65847
5.46612
7.46813
0.556693
0.965123
9.14825
0.127973
0.170379
45.0329
25.8623
21.9289
47.9963
179.945
9.49308
3.77608
2.45102
1.59669
14.8989
18.2381
0.178548
52.2232
26.6987
27.388
36.9561
28.2746
4.88184
34.9935
173.064
3.44269
30.2974
4.43705
21.5912
0.535436
1.09883
2.60464
7.96037
1.27007
5.53829
0.205587
13.263
17.3424
1.32768
16.7264
7.451
7.52938
4.5007
5.76114
8.48563
3.71481
3.25287
27.6134
46.3679
4.04788
11.2182
4.67612
10.7977
2.57994
0.711531
8.81117
4.11369
11.9889
8.11762
1.0506
7.30998
10.4535
0.154586
1.47448
4.83622
41.5136
0.273579
12.037
17.6456
0.775014
5.19178
8.83437
2.75231
20.7478
24.0886
4.82073
26.8447
3.9532
5.46047
1.52478
28.7839
6.51637
23.4142
56.9129
1.66539
6.52587
0.589548
17.7912
0.671412
1.50044
4.40402
26.8
7.38005
7.9108
5.7891
1.71023
284.084
6.91901
6.00278
3.66319
0.806103
3.09054
7.7595
6.72331
9.21805
12.341
5.71065
13.1904
0.597558
18.87
0.5331
0.936175
8.04615
4.57501
17.3305
7.30497
40.0838
4.61979
18.8006
4.46278
3.1886
10.3243
29.735
5.015
33.9998
0.272232
5.42236
4.73788
0.812412
3.34787
16.8824
4.97487
7.14477
5.78032
6.97064
6.15322
56.0973
1.9384
8.02247
3.9357
4.67865
2.44213
14.8283
2.35029
4.71745
162.814
2.38661
0.126578
248.103
9.7934
3.53584
4.40758
46.7757
2.56379
35.0227
1.56061
6.00231
25.3393
22.0069
4.0209
3.84398
44.8845
0.178185
11.1157
3.91698
7.90751
1.02534
2.64386
25.9444
0.767654
26.0375
51.154
5.80516
5.43208
8.78857
3.90837
1.35909
5.33417
24.8265
17.6502
8.44721
2.95346
13.7056
6.23794
14.2075
6.26874
9.82786
2.80449
9.39039
5.06827
1.4076
3.5164
1.36785
25.7556
21.8047
5.42492
3.37771
6.88981
2.33856
6.32384
4.7532
5.84512
15.4355
1.58325
0.161057
6.73923
138.579
11.3345
0.161572
4.56217
5.53756
2.53829
5.34211
133.964
3.16688
21.7265
62.5324
4.87421
7.93832
7.45692
1.26224
11.8578
3.15265
0.848799
0.2899
3.03374
0.400704
4.70073
6.21989
3.1193
5.04256
22.599
5.39878
0.643728
8.26175
17.4504
5.5563
26.3283
4.63048
3.71601
1.90773
7.13616
10.0701
1.13042
2.70282
8.37743
17.6063
1.79968
5.75484
0.450806
5.31186
12.416
7.68438
21.7205
6.55949
70.6145
0.247709
3.33025
5.1452
0.416016
3.91433
8.78845
1.88242
6.1228
1.26397
2.55489
8.82339
30.7452
5.51237
0.890496
6.60982
19.3269
24.0223
0.908755
10.3405
7.20421
31.3285
1.01566
27.3891
3.99528
9.24452
1.50267
5.99059
4.76992
8.89596
10.1167
104.653
4.13242
125.194
9.12793
12.1095
5.99422
2.08965
46.7647
5.4722
6.40307
3.05713
8.24997
4.12622
6.82045
3.67528
0.965339
19.4933
0.44242
18.5164
49.5644
6.07671
59.8225
0.892312
7.03171
6.42329
14.7093
0.245964
11.1423
4.38792
4.61879
10.5026
7.42882
8.96685
7.76556
52.7917
14.0132
12.4399
0.571294
14.5172
23.5723
8.94666
7.74773
12.381
22.2943
5.10206
0.25308
39.7211
8.05688
14.0465
19.095
1.78005
39.5666
2.11671
9.00189
1.2994
5.2257
26.0394
1.12224
3.51701
5.51824
6.74149
10.9078
17.2873
6.41726
4.8625
90.1244
3.50487
7.00071
8.05587
26.0764
0.127854
4.03652
7.82986
5.20072
5.17751
4.5352
18.4213
5.28333
3.89154
47.834
169.291
8.31219
1.73016
3.48565
1.66221
0.239383
32.8462
0.421781
2.87791
6.15747
127.468
30.5875
6.45304
6.91153
4.3101
5.70096
27.0117
3.71856
0.682984
59.1663
8.69064
11.2516
8.96195
3.05186
48.5933
38.007
0.210775
4.56059
39.6672
25.9025
16.1646
20.3172
7.63518
17.7911
24.0149
7.24508
8.84737
5.59703
0.301994
11.5137
5.51713
0.300792
1.60988
10.9263
0.813699
82.0415
0.71303
5.62187
0.382418
207.386
4.30752
22.0464
5.49944
7.86575
3.59934
15.2632
15.6558
24.3124
1.07756
144.959
4.12319
8.57326
1.47649
1.07031
2.24221
1.75357
13.1442
10.3603
4.45018
1.50281
7.42752
7.47797
5.43835
2.48575
2.87772
4.89908
1.56335
0.338064
7.81908
0.0260263
1.10306
4.72874
18.7707
8.60421
19.6891
0.143755
7.34167
29.2454
13.8211
2.4032
5.72895
10.9368
40.2409
0.163173
56.2389
22.9832
4.87974
1.38935
1.74955
0.18737
7.66293
17.0501
2.98086
22.8449
15.1262
0.483264
15.4177
1.47807
19.9957
5.93309
3.75154
9.05146
0.113644
26.3311
4.52023
7.07267
3.70601
6.66892
21.8495
15.3363
1.23707
4.22279
6.79294
6.45298
6.91947
0.500957
26.6977
1.65013
11.6006
19.3119
9.72357
6.24817
35.6128
3.72056
7.28343
0.387006
2.63265
8.7619
6.83283
6.11518
0.36261
7.49283
8.84785
9.18745
16.2386
2.16791
5.29493
1.23177
17.8831
0.86868
11.1488
9.23333
3.81982
2.70221
1.87096
13.7736
0.242385
8.18267
45.4575
2.3188
92.3933
41.9449
11.5238
7.44172
5.18596
5.20271
14.4915
0.269303
1.20757
5.35591
1.58234
14.0603
12.5802
41.8606
61.8542
5.7999
17.8433
55.232
11.5486
24.3717
6.14036
5.77633
30.7546
27.6993
0.711973
3.80047
9.39221
9.95151
9.29056
2.57503
15.5597
6.24041
5.81518
6.4691
6.01521
0.327786
5.8884
4.01445
4.41149
26.2324
2.75261
0.390469
4.37916
3.5864
18.5553
13.1319
24.0779
3.14934
1.31342
7.82644
3.51223
8.02782
15.912
42.407
4.62864
4.62986
2.3335
1.89181
7.97669
5.45622
0.152705
10.2764
0.279311
59.2746
0.27237
22.5701
41.0046
8.43493
67.7677
4.59996
6.35797
7.29589
0.17966
2.08046
32.9735
23.5202
10.8421
23.6941
40.9462
3.3563
0.128096
7.70794
5.67385
4.34761
1.11269
5.6228
0.350011
4.34425
7.37569
9.31533
3.38897
36.6019
7.18229
3.47469
6.9566
5.84865
1.57722
16.8907
4.82426
8.17169
30.8605
6.22278
6.04973
1.25549
7.83831
236.783
11.6655
23.3925
33.2318
8.2259
20.337
5.30697
6.03533
16.2063
7.00884
14.7748
16.2277
1.77079
84.8978
67.3181
1.2155
12.6301
8.78158
3.77506
24.3659
0.936249
11.3863
4.79881
24.9432
1.692
5.88961
8.23945
8.19227
38.2609
0.278562
10.8854
10.2095
9.3482
9.26414
2.75398
51.5678
6.78577
7.99736
1.5335
9.63091
1.24288
1.83755
3.34381
9.07016
4.75623
1.43163
93.1753
10.6509
10.7342
2.50157
54.7598
23.634
1.72747
3.69412
52.8263
45.1568
0.863923
49.0052
5.97189
55.3445
5.71717
2.44593
6.34804
10.9222
53.6443
11.232
25.3066
4.88118
0.502891
14.8444
23.0525
150.963
5.11278
6.55413
0.764262
9.10198
164.094
1.13024
0.162455
4.64813
2.04776
0.238142
3.56699
0.392691
0.665758
23.1865
1.53872
7.76977
33.3414
3.82774
0.15833
19.5904
68.8613
27.4134
6.36703
26.1681
1.6444
2.91296
30.8597
4.69206
12.1524
8.08716
13.2081
2.6593
9.41471
90.9335
2.73201
4.68848
5.08285
5.77756
25.8816
14.8833
3.59599
0.814331
12.1302
9.93989
7.63171
6.58464
0.127758
0.176332
5.28918
1.18834
5.49778
22.3885
2.37477
4.25196
21.66
41.4473
5.48056
13.5263
2.38397
3.25813
0.274952
8.94723
4.8428
18.5379
8.54101
32.0565
2.50908
67.1661
14.9123
8.32923
11.7689
25.3133
119.854
19.8296
10.6449
8.53507
2.95408
18.4125
19.5566
1.58845
1.36167
3.85038
2.15466
4.39754
2.07777
1.1285
11.0927
92.6295
28.5899
5.61517
15.3327
13.7453
1.78273
1.59323
13.9286
2.61806
21.6273
2.71196
108.338
47.3071
1.77873
1.5269
2.49728
11.4941
0.648018
3.03975
11.8005
1.68597
121.374
31.6276
9.45133
3.17966
12.9524
10.9166
6.85381
12.6422
8.52547
7.49687
10.4097
5.49129
11.5895
24.1577
15.9851
3.76692
3.08197
100.954
59.2803
8.28805
3.07158
6.10251
1.41913
7.22839
1.7284
17.6317
24.5659
23.3062
1.34419
21.0472
0.440975
4.54124
2.14311
29.7801
111.814
11.0039
8.14479
7.48749
2.48659
18.1699
0.934387
32.655
8.12987
0.279187
1.56967
6.93516
6.17946
28.8591
46.711
12.1936
3.43018
4.01198
1.69613
3.33723
7.38829
1.96751
6.53393
3.48154
92.9367
8.35058
159.906
9.61826
36.1692
2.61329
1.09227
33.9677
10.8898
2.51146
0.471518
13.2949
9.79659
2.23456
19.9557
1.84581
19.9958
10.1841
7.82107
2.14444
10.7554
8.17727
3.43461
5.00394
4.00452
2.71538
0.106825
6.19311
6.12052
6.60036
20.7446
3.38889
12.5939
29.7242
3.07379
1.32439
6.32329
3.71293
10.3361
1.76965
7.96372
8.34452
83.7775
7.17817
0.174662
2.93653
39.0319
7.59426
15.8404
5.80358
1.90501
9.52322
23.0597
13.703
19.8099
3.98547
29.686
0.868745
1.85641
82.7291
1.70694
6.12808
2.78593
13.3566
8.39386
69.7449
1.23031
22.4816
7.16265
23.0659
4.84541
3.08641
12.5608
2.53872
3.84549
21.156
13.0357
33.1016
13.9215
50.5504
28.5091
45.7941
1.81225
1.60245
42.1242
5.81932
35.1246
13.8827
4.31114
6.97364
7.08487
7.71456
13.2379
1.41588
5.00211
0.745795
6.35357
7.39767
3.50147
2.41691
6.81025
13.9467
1.24267
2.82139
13.3554
22.9302
70.6205
7.34376
12.3828
4.32989
7.30332
7.5372
1.0477
36.5032
7.05248
1.18138
2.4045
0.181256
42.3102
2.93692
5.86585
0.0869521
8.12763
22.5317
7.0942
29.4279
6.48394
8.94841
3.45566
14.3153
8.13658
6.36243
22.6918
16.134
14.7718
1.46617
17.8994
2.42722
1.06673
6.33897
16.7547
0.961396
4.76376
1.26363
4.70353
23.7784
21.1983
1.02858
1.08255
1.96283
16.0805
57.064
1.79421
1.3024
14.013
4.12737
4.91927
1.23079
26.0008
26.5487
11.5056
1.51238
12.2784
0.314528
16.4012
3.38544
10.9014
16.7075
9.02507
143.296
9.79661
8.45933
46.6591
4.18769
0.26579
24.8611
6.21664
33.7477
17.5034
5.00357
14.3672
66.0743
0.82537
2.02285
10.3684
27.614
0.517122
3.67771
5.22082
0.117709
10.9697
3.46728
3.6951
3.8563
11.1486
4.99861
11.5179
10.9923
23.6979
0.78542
24.2932
3.19705
7.8174
2.99998
16.6899
14.7558
1.66145
8.44073
0.209014
3.25842
9.44921
12.0438
33.572
4.78876
35.4461
1.62386
0.34083
28.6072
4.65325
5.97697
3.47141
8.14698
0.290291
3.49194
2.46487
7.13444
10.2097
0.796745
35.1849
1.72754
8.22519
2.12204
9.96681
3.65911
0.296518
11.1546
2.42074
9.1867
3.74346
2.91551
0.592717
0.627011
2.79078
14.8219
13.7372
4.84766
3.63357
1.00031
2.67536
10.4368
53.5493
13.0799
8.74766
15.1007
68.3556
1.2247
5.82586
1.8172
3.94293
10.9964
19.7818
9.55338
0.943626
1.82199
13.8163
3.64198
1.04565
9.47774
0.836942
5.82083
28.593
4.57575
3.90665
0.582771
10.9833
3.88868
9.55261
0.943558
1.43927
0.877009
25.8923
0.280023
5.89607
26.509
0.506118
2.03337
3.95777
20.1336
8.33169
6.31575
34.169
1.49941
0.15065
8.67783
46.2891
8.18187
7.56499
1.44983
3.58787
8.11162
0.247133
2.28556
14.6203
9.33906
14.5914
6.3819
0.257581
1.21296
2.77158
6.28168
3.93555
4.94512
19.054
16.4637
1.25458
13.938
12.5577
0.827909
12.0919
2.2324
3.93565
1.7597
1.9114
4.41575
2.52269
14.9502
1.46743
0.444275
286.483
0.843916
0.16415
6.27989
2.36993
42.0252
25.7293
48.2707
11.6041
1.83558
20.3373
3.35115
0.237201
3.96152
2.23423
17.505
7.52958
4.77012
1.58424
1.38604
0.211104
5.81767
0.1177
2.63138
0.38976
8.00023
2.5072
4.27673
0.11086
3.92162
7.6151
18.6201
2.62396
3.44315
28.0177
114.169
26.3849
1.48314
1.84618
25.1023
68.0083
0.184942
0.479456
6.58178
4.0031
12.0362
2.48934
3.10177
0.331804
3.75229
4.57159
2.39033
4.61871
0.942561
2.49613
1.4183
3.2706
4.18825
8.57561
9.3608
5.67719
7.53851
0.608842
0.72192
1.80951
1.60945
0.282156
1.74178
28.034
0.180783
0.167576
10.6486
1.93376
4.85274
1.30521
2.02001
21.6845
1.50408
1.56477
5.71161
1.87719
0.530883
3.77921
228.189
2.8853
2.75316
33.9986
1.74525
10.4924
9.9623
0.293522
3.42565
9.11198
1.54554
26.9219
1.03169
8.82039
0.467761
6.36405
4.9295
42.212
4.87846
1.94359
0.476692
5.62565
1.5467
3.95536
9.33223
2.10064
1.72992
3.27746
4.8487
1.168
6.37827
4.58479
4.1081
44.9244
4.53388
5.38384
2.27107
1.30504
2.63237
2.91182
58.7516
2.76821
17.5609
159.987
0.243124
76.2451
4.71925
6.26468
30.3047
3.84288
0.186576
2.67434
1.29504
0.62093
3.62312
0.234823
20.5137
0.0875715
16.6831
3.90757
0.641805
1.3759
5.33317
23.6257
1.45383
6.37307
0.258728
13.2649
1.00967
1.42534
5.6227
4.83495
10.1551
4.07595
1.22492
62.5222
1.77593
1.22944
4.40484
48.7193
1.38312
80.0369
1.26399
30.1965
0.704661
19.3824
3.77269
1.54911
2.6508
2.605
9.20068
4.21956
10.6437
98.8789
4.63111
5.60227
6.21916
16.6225
5.43658
16.4571
1.42928
16.0031
97.6205
8.78572
27.0906
8.38726
1.37606
9.18958
0.229363
1.23492
10.717
10.7655
19.4823
4.84308
6.33462
3.61416
2.81245
3.71573
3.1402
8.27345
11.0515
2.8306
24.3301
20.819
4.74148
57.3975
13.2823
0.674924
17.1524
4.40894
10.6757
0.373314
13.2617
6.67545
1.5739
3.47934
40.1416
6.74575
16.234
11.0396
11.2029
6.22885
1.76081
18.6873
25.823
1.4955
2.24837
13.1069
1.83777
25.1477
93.5709
52.6776
0.908378
0.346915
7.3627
1.91324
27.6497
0.0847349
7.0102
1.77281
0.973946
1.75778
2.74989
7.72829
1.32664
3.13675
1.72503
4.18937
7.67024
15.9306
2.05427
2.80976
0.323535
1.27435
17.4771
26.3203
4.74
0.387625
0.67581
1.14984
4.02699
2.18081
1.45929
5.37737
3.05062
2.39241
1.89697
2.47024
5.71065
25.8807
3.83366
4.54686
0.148925
12.3617
81.0342
2.74421
3.44039
13.9256
0.177077
7.64873
11.8052
40.6092
0.0813736
14.8461
1.26962
0.782337
3.20098
17.928
1.06804
30.9652
0.445192
5.2063
3.74838
5.19331
70.1735
3.19605
0.343703
14.5921
1.22169
2.05357
3.10804
29.3478
14.3977
2.5953
7.27387
28.2847
23.5927
0.736234
25.4188
5.2499
0.193
25.9143
16.6042
14.5316
185.502
31.577
41.7369
42.311
13.0823
2.01671
30.1647
1.53824
10.6667
17.0335
0.652205
8.42878
0.620159
2.52134
23.9657
1.68921
9.95956
12.7911
48.7244
2.11327
1.06563
34.1026
26.6652
14.3584
3.96954
13.9691
20.1372
286.841
10.3752
11.4012
21.3956
4.69811
54.5278
19.6562
13.494
4.09973
2.76664
4.04903
13.8468
6.9472
28.5033
1.29276
96.7637
2.42695
7.50625
1.90877
7.62964
0.103362
26.1214
4.48364
12.4735
3.86055
4.92399
366.56
0.984192
5.13359
10.7944
0.145987
27.1371
1.74765
0.248531
3.78715
0.0937247
2.56457
0.521217
26.3789
5.46866
3.12385
9.38352
1.41569
13.2817
6.33762
15.7686
0.214293
13.6697
2.88976
7.05378
34.6978
5.33062
0.822791
14.5766
1.05219
5.51511
3.96957
4.05584
3.04542
0.257021
24.9281
0.235721
2.4075
7.70833
213.01
1.81124
333.267
0.945855
0.357393
5.15216
17.8075
2.22173
21.2853
2.41162
34.2139
34.816
0.551385
4.61051
3.81618
0.733144
245.533
3.10586
7.09548
9.73128
89.3952
5.5659
27.0582
0.0818147
6.39264
4.26465
3.68717
15.2409
1.69249
2.89066
1.30134
22.2128
26.6229
2.70538
26.4467
0.290986
1.08507
2.44534
2.91022
1.11286
21.6569
0.738856
10.0598
31.2621
0.133044
14.1982
23.0653
6.2272
0.967758
0.734925
0.441116
18.1339
13.9228
20.097
7.21417
112.756
8.2684
3.28709
12.1635
8.77412
0.166591
5.73217
16.7662
0.0951047
1.00508
27.613
4.85236
3.93245
16.6488
3.28495
75.2729
0.145693
7.38798
0.173748
0.128908
23.9237
3.56315
2.50893
2.62124
26.8638
2.07933
6.84532
1.43087
1.55137
5.38071
4.52308
4.09715
0.484305
13.8897
28.958
101.596
3.95258
6.15167
3.67035
0.126283
0.249028
2.82271
6.2701
23.3639
8.52411
2.03121
2.53689
2.33645
56.517
0.0739862
2.36256
1.20736
12.3695
0.603491
8.82681
3.08605
0.204225
21.5182
11.6542
7.16439
0.491997
6.74105
10.1115
6.80284
16.6553
7.56461
28.4799
6.97705
1.13209
7.85162
35.3158
2.34169
9.15612
0.649947
23.8078
24.7558
19.9623
1.4085
9.09801
3.32531
0.916164
59.3387
1.66475
102.111
2.4166
2.92866
35.9325
11.9877
4.48015
6.15776
1.4385
1.47807
30.0698
2.0378
1.96675
44.5289
32.3043
26.5178
13.1829
22.4398
0.230941
26.7273
4.41331
2.5649
4.47896
3.54372
13.2794
69.3606
23.1518
10.4873
2.06331
0.33786
1.52698
1.91199
8.46134
3.69264
109.058
2.01375
1.95697
0.478487
1.81912
2.93787
0.986563
1.07505
14.2166
2.49105
1.35079
4.6404
3.79915
25.4132
2.36359
11.0961
0.503478
0.870238
7.51224
7.57434
0.124213
32.8314
10.6534
7.14215
3.81498
2.48303
35.7752
1.83151
7.74164
7.45504
2.97144
25.8102
6.16607
12.853
25.8941
18.7343
1.58803
0.829566
1.35685
149.348
2.92236
145.526
0.273744
1.1544
6.36071
46.31
1.13986
4.96037
3.16743
2.7261
179.543
2.74317
1.94282
30.412
5.10544
29.6592
6.98024
0.54863
4.39099
4.33659
25.1512
8.23455
3.21703
32.4714
3.63842
1.69456
3.6657
7.14532
1.73765
0.707351
2.08706
3.20497
66.266
9.79663
0.668817
1.73196
0.620495
8.199
6.91716
15.5885
1.72834
201.151
8.29367
18.9828
4.13962
0.450826
35.8784
6.49212
7.29475
0.419615
12.7916
11.4303
1.5962
86.0548
0.768196
1.94486
8.5903
0.234682
1.82521
4.60346
1.61513
16.0317
9.68658
1.34412
5.97084
9.1598
0.547463
0.132751
35.4658
1.78019
32.4421
12.1817
38.4063
4.36385
57.082
22.479
0.455913
4.89332
6.02802
31.6753
3.65285
0.491139
4.05091
8.58151
25.9953
7.87883
192.199
3.97551
1.56488
11.393
7.81772
13.6986
36.541
119.514
44.8244
3.89376
5.84568
4.56303
4.53682
15.4265
4.57414
4.50511
5.94992
7.37676
3.41806
25.589
21.0272
8.23106
10.2886
0.501062
0.309926
9.353
0.709256
4.20469
6.15518
3.27809
6.72459
1.27172
4.51993
0.170713
1.57462
1.14627
11.6925
3.9058
5.96108
8.14533
12.9003
31.8345
8.54795
8.2583
69.0556
3.68776
4.49903
27.0857
5.71552
50.5316
0.0905045
21.8788
1.62321
8.98408
0.0783031
28.8886
5.8405
0.775539
43.0541
5.63311
0.247319
0.254619
11.6972
3.54171
2.5972
2.26605
1.74432
24.7483
14.8247
2.99422
2.67338
27.0098
2.156
2.9682
3.91011
1.94049
245.496
1.22821
0.312436
4.329
6.62868
0.432795
3.48152
1.22912
16.1239
0.289859
0.0949467
0.151918
2.81206
2.34621
7.50323
54.1249
31.4349
0.321419
2.41054
3.30832
4.9721
12.6956
4.97511
64.2161
6.52875
38.203
0.1224
0.17213
0.425008
9.22861
10.9391
0.0845801
1.67954
34.1577
4.71455
0.360028
1.81657
9.72424
3.99842
28.1739
11.179
1.3384
3.59931
7.30573
4.31072
8.7456
2.74108
0.340423
124.459
2.54587
31.8073
0.308011
0.797079
40.6756
10.1101
3.18167
88.7807
3.24581
0.607549
7.55741
26.1664
3.56784
3.33554
4.49481
282.437
0.018855
0.624197
172.819
20.0888
0.247116
2.733
45.0392
12.0124
1.57413
331.474
6.46868
77.3669
5.26575
11.9846
9.10501
2.84992
5.09418
235.722
0.253238
9.37222
45.8002
114.584
2.79784
13.1987
1.2749
225.256
1.92667
0.745156
30.9627
15.4506
4.25528
2.51164
1.19579
6.62928
1.60083
22.3794
2.52433
2.48613
6.83853
30.4773
1.56349
6.48847
3.1787
4.07999
8.30778
7.81115
2.36289
101.11
8.56173
25.584
4.23382
1.36464
0.543823
1.80375
2.32096
1.68161
7.18705
10.1667
2.77851
2.7584
5.9453
2.42269
9.5951
4.88911
12.4824
1.50331
0.411624
32.211
16.5349
200.568
6.93359
0.136166
1.81218
7.42401
11.2744
1.41383
5.95962
6.22073
0.252414
41.9908
39.0886
2.28202
4.16731
11.1851
7.80306
7.21381
26.3727
1.76092
9.06463
27.2076
8.52533
25.8558
3.65748
0.120773
0.168158
0.823461
37.2939
6.16337
13.4365
8.91674
42.1832
14.9556
2.3536
12.0344
8.85044
18.722
2.92822
18.5631
15.7777
34.8753
4.50218
0.710673
3.80768
0.99346
8.84588
52.9381
8.52396
4.49815
7.89132
0.406852
4.44758
1.75831
15.605
17.3069
14.4626
27.5195
10.0859
22.2155
5.47483
19.6817
4.32698
20.3645
3.18063
6.31196
16.0854
69.5676
5.76554
0.213326
0.449593
3.05357
1.71058
44.2579
3.60306
1.90798
62.7715
0.388587
3.76354
10.5606
0.962089
14.675
2.23045
0.958275
5.3346
8.48231
39.2255
1.34759
4.33439
1.62688
4.70489
4.32504
14.3967
5.1921
8.30733
0.88194
6.0254
8.83558
0.541971
16.0865
11.116
1.23017
1.71811
2.75708
2.47681
1.7986
0.719846
1.22111
4.17252
3.41409
3.35111
17.1288
40.7764
3.86353
54.5856
5.06116
21.6404
10.1827
0.847688
11.8388
3.20085
4.13415
8.93486
7.80723
1.47932
2.13277
4.19121
23.1014
10.9524
4.90561
8.61439
5.35691
2.99115
0.38784
0.187014
1.63331
18.9164
3.73351
4.21519
1.76037
3.076
2.15388
1.60981
13.216
13.8442
2.39394
1.38956
1.85217
1.57336
2.92564
32.1535
1.51734
17.7905
21.1851
10.1638
2.95143
15.3845
4.61553
2.71311
32.3746
0.00631467
31.9818
17.9715
9.33366
8.51403
0.256927
10.4986
5.10627
33.6011
8.93919
24.206
3.8499
2.54266
5.07859
9.11844
1.93009
315.431
15.4431
40.676
9.74756
0.246036
14.2649
25.2593
10.9714
26.5155
3.66295
2.52647
11.8924
4.24048
5.45911
5.37988
29.373
3.68812
3.83577
6.5115
5.40808
7.59878
23.093
24.2582
0.407693
11.1053
47.8041
6.94652
2.39577
2.32075
0.241632
0.384223
3.76715
39.5395
10.4231
7.3784
63.6657
2.53583
2.88032
10.1919
3.13465
16.5285
15.2806
6.12276
6.50646
7.61364
14.9536
1.28291
29.172
0.29051
0.321237
16.8136
3.11467
11.3345
1.47361
1.55274
10.8457
4.42451
1.99155
0.433532
4.74733
0.846947
4.48984
2.80673
5.44408
9.31368
8.60064
33.2777
1.66306
4.09721
2.39908
12.855
26.0898
22.2271
7.05435
0.459334
0.405225
1.77979
1.61333
33.9037
52.3957
5.62531
49.4825
26.2657
1.25655
8.22718
11.5071
23.6887
36.109
1.75685
2.20665
4.35821
37.1045
11.1133
3.02702
0.602112
2.55629
40.7422
40.7973
0.840083
2.36559
3.31514
0.835184
37.1379
25.8766
19.5572
18.977
6.62322
4.18178
8.54686
3.39153
0.466619
111.49
0.898935
1.08018
12.802
1.78102
10.3773
1.07955
8.32832
15.5901
34.804
16.8315
1.36843
18.1176
0.757717
1.68107
9.53664
4.28565
5.1722
31.1865
20.8462
3.27592
7.60539
1.10009
54.4099
20.6434
0.226133
2.10643
4.25877
14.0471
6.90327
11.0644
1.98326
14.9199
0.791631
128.201
6.30136
8.00253
0.623132
42.763
0.230413
7.90914
12.4122
1.07928
24.3502
31.6761
1.47246
1.42568
1.10279
1.85513
1.10417
26.2329
4.96662
0.497582
0.0881849
41.8133
37.5264
1.58307
5.73207
9.83301
0.0923386
10.9516
3.25009
56.4608
0.719268
35.6043
1.00466
6.22241
1.66265
4.91941
6.35548e-05
23.5907
4.88538
20.8942
24.5645
1.67864
2.3118
26.7945
4.83839
3.3071
45.3829
0.831724
5.68614
3.43885
13.9602
9.19502
0.664273
0.795625
3.8311
2.16227
3.62339
3.89971
25.7858
21.7777
32.3065
10.3048
0.821573
4.77824
4.73588
15.2939
10.413
3.33127
13.2631
4.14916
5.24122
4.34069
43.1532
17.8737
1.93313
1.14727
16.3249
0.914564
3.64889
12.5946
2.69698
0.144171
12.8666
17.643
5.0471
0.996437
5.5557
1.06731
9.9091
3.10999
2.40339
1.92732
3.36026
6.12994
3.20228
32.6534
5.18055
0.817037
3.31552
24.4204
27.6648
2.80852
1.16034
6.74748
0.960346
90.8772
7.96439
1.78625
17.3542
3.01177
353.218
8.97981
2.97974
4.33126
0.476606
5.65494
152.596
52.3166
0.340956
2.16025
0.163735
22.0365
1.77874
0.859845
6.51665
8.82153
7.70235
0.977384
4.23386
1.7807
5.8748
0.868476
0.217767
5.20726
8.47772
2.60583
0.135098
12.9892
1.10473
12.3607
2.94983
5.20391
4.53791
8.5336
32.7751
0.98831
4.90399
0.87596
21.9352
1.96391
30.2785
16.5468
41.755
11.8017
19.0218
4.5811
6.14844
7.40694
5.26563
3.98459
12.8575
1.62772
19.5589
1.77465
3.8097
23.8909
3.86332
5.05968
4.64485
1.28148
1.96679
1.34207
26.2183
41.2737
0.359381
0.935851
2.92513
4.66205
4.39293
0.341248
12.3461
25.6029
1.92276
4.30224
8.53211
10.9449
25.7568
157.805
1.21436
2.66289
5.27817
10.8921
88.7722
5.09872
5.52868
37.8428
1.88835
4.45717
2.86335
15.9441
1.84224
6.6788
1.71161
28.7051
13.2585
29.1597
3.65536
25.8678
17.1877
7.24808
1.43612
3.20232
5.78108
222.703
2.95396
1.39499
5.03674
1.5071
203.928
1.05835
2.25591
3.76669
11.957
23.5484
13.4917
0.701688
19.7463
19.0733
0.428881
7.88564
1.56677
0.864454
1.46681
32.0254
47.0525
8.19295
20.3056
26.697
0.251607
14.699
6.44044
6.12361
3.40389
12.0421
3.78276
5.59888
4.03664
0.514255
2.57026
3.48902
1.27481
84.1072
1.79745
19.5417
2.3391
10.0859
51.8391
1.18481
5.89232
0.000791178
4.045
0.575204
0.518057
14.5817
47.8391
17.0573
1.76961
21.3384
11.8899
1.72425
7.6314
1.09762
1.32148
30.0237
1.45193
27.2316
4.44872
6.90407
5.67704
0.0102387
4.19271
354.022
3.06029
4.56349
1.16016
2.5831
7.13892
0.913472
3.39713
11.7887
0.933903
11.5856
5.07688
2.81648
0.551226
3.1246
4.11007
31.0693
27.7228
9.10319
5.80257
7.16441
1.35656
0.435391
1.35149
2.03581
5.24362
2.10202
2.52118
30.3498
7.66568
6.51598
3.1079
9.32697
5.30991
1.62485
1.65284
0.533999
19.208
11.2329
4.81674
16.8827
2.26382
7.08511
1.06367
5.16971
21.1946
10.0232
55.7338
0.392369
4.78989
0.211661
0.0815279
37.5181
19.8343
34.0977
1.35186
1.01658
4.93825
1.32298
0.414998
2.16086
7.05125
32.62
3.71773
4.16932
1.03133
26.7275
1.00658
0.420825
0.134417
9.43114
0.58553
26.1421
11.7892
7.37489
75.5837
13.4813
2.80334
8.76151
10.7384
0.922144
0.326922
0.170535
8.51259
20.2569
1.06701
2.30846
0.779241
54.3871
3.27471
4.98368
0.308931
19.3064
1.49641
13.0354
0.764008
1.44701
2.90184
2.87274
33.2318
0.138939
3.50962
1.72713
0.442215
2.27602
4.30139
23.3066
8.00419
16.1395
5.06878
1.33505
0.084959
4.52983
2.95632
3.76594
10.277
0.134093
1.27143
9.22912
7.19503
6.72423
1.59074
1.24498
11.0421
3.97348
1.707
3.56062
6.24063
54.3621
3.91722
2.20305
3.54194
3.26032
0.152655
1.25526
30.7504
4.04485
19.8183
0.814638
1.70607
17.0926
9.99097
1.21487
0.241992
3.89606
0.140393
6.05337
0.411842
235.288
3.10248
0.342326
67.5398
10.3014
7.66888
6.28335
3.04034
6.18866
8.19964
39.6585
5.15459
28.4347
0.109746
1.64135
4.41401
14.2999
0.797458
4.31163
42.7552
1.54072
133.283
4.01188
31.5313
6.88633
3.01868
4.45326
2.53651
0.463104
179.318
14.3956
1.48121
7.24513
1.19163
9.0299
0.322822
3.1986
3.89533
0.25368
12.3775
34.1613
37.2727
2.75757
3.93227
2.16704
8.16335
3.50279
27.1107
17.9177
1.15228
1.22951
1.99022
36.8821
250.399
53.9667
8.5658
3.14605
0.456308
2.37961
18.9255
17.9751
17.656
5.22919
2.77247
0.543206
0.0819855
26.8875
32.2438
7.00601
2.18978
14.086
8.63955
1.7754
11.3187
3.09563
7.81526
6.70345
1.59902
2.46848
0.704844
11.2227
8.17276
0.733621
0.302542
2.1525
4.25219
69.0327
8.0248
19.0378
31.1475
0.849145
82.3401
16.1567
0.541142
3.72337
9.57524
1.32829
1.29257
0.144642
222.189
2.7691
4.09646
9.02099
1.49641
0.139861
12.7529
0.326481
18.2961
7.48372
0.609018
1.24153
10.9838
1.35105
0.154019
0.878921
4.07031
2.33894
11.5408
97.5788
0.602165
2.12955
13.4441
31.2131
36.3129
1.82978
7.2645
15.7074
3.72566
28.0358
2.83377
1.40154
3.4648
2.74314
24.7557
1.21673
2.16484
0.158552
3.77512
1.606
2.74882
2.06131
2.10369
2.06606
5.44725
7.10672
2.4698
1.45129
2.7878
5.90942
2.41592
23.0644
4.70202
0.724014
3.18059
0.481617
5.23483
7.36356
13.6637
16.2522
0.532719
22.8128
2.9797
0.209601
0.528192
1.1599
43.9947
17.9182
1.74928
1.38868
9.17962
1.08996
6.69136
1.65799
42.5623
1.3915
18.4548
1.35185
1.85292
4.44418
18.3869
0.787548
7.77938
0.589948
21.6332
54.001
1.17888
2.34722
1.20721
1.38942
37.208
45.5706
20.9441
2.60648
11.0751
1.06408
1.94006
10.2914
6.27929
0.472868
10.7391
6.94085
6.92706
3.47021
4.50885
1.96703
2.58305
1.40783
2.26735
2.21098
2.21286
1.90318
3.99793
15.0806
4.8255
9.7648
3.36623
2.36745
9.29639
8.40551
22.2768
5.1363
0.104944
8.10464
2.96468
3.26369
1.06139
13.2
3.30293
6.08188
35.4258
0.437786
9.96175
2.20636
12.284
26.8432
10.7276
17.9843
1.01788
2.20285
0.517053
59.7711
8.74195
29.647
1.14849
18.1296
17.218
40.5492
4.52504
7.48763
14.6874
0.858174
64.3062
31.4608
1.44321
19.6439
1.83372
27.2184
87.9832
1.22995
2.53502
4.71727
2.42722
12.5122
28.5067
1.67111
62.2579
0.0908838
2.99353
5.30039
8.22138
20.2638
0.294017
12.1504
214.282
2.75412
4.41751
4.53747
12.7792
51.1865
27.7169
5.44131
12.7614
55.8449
11.7459
2.4215
13.5349
0.931396
3.88274
2.98103
5.84425
1.99895
8.90611
22.6163
1.53152
6.84572
0.64578
30.8747
5.43603
77.3428
3.63052
5.2356
4.96763
11.2545
38.6533
4.34383
11.4912
2.88174
12.9866
28.0884
16.9879
30.7336
1.1694
25.6741
1.06072
24.158
30.5741
0.42124
11.0462
1.99068
1.97724
27.3349
27.8309
19.0746
0.819413
3.93433
2.30703
0.560626
3.31947
0.202475
5.45172
1.07687
18.4307
32.5419
8.06177
8.12134
0.769183
4.43266
16.1361
21.6582
31.7476
3.76056
4.24646
23.6761
51.0408
24.2942
2.80736
12.6018
27.4167
8.26885
13.3138
8.53557
166.083
1.29707
26.4363
1.26337
1.46589
9.08729
22.6493
8.78314
6.79088
41.2462
0.722991
31.4882
0.448734
28.7411
20.7612
1.62822
41.9508
0.203965
8.71785
0.931147
2.34711
1.19512
0.135473
12.0759
19.2689
2.27884
2.01098
0.520738
6.4365
1.29094
10.843
3.86854
13.4065
0.661713
72.4351
14.1756
3.59153
1.59185
42.8734
1.60754
3.37653
27.2096
1.00399
17.9309
5.86585
10.731
21.3158
1.98951
0.807923
2.94197
47.0644
1.8577
16.4277
0.901094
19.1363
3.77506
4.7744
64.5101
10.9189
26.0953
6.03131
35.9579
7.53401
24.5216
2.7075
28.7862
42.1195
2.09615
11.1027
3.02981
26.2796
7.9575
13.6293
7.55049
3.38179
6.42669
4.66161
1.53765
1.21105
1.40251
3.37191
1.86864
2.31261
15.1716
12.5994
5.23683
170.7
28.843
1.83266
4.78851
53.051
7.27317
5.53429
3.03484
35.6087
4.40006
1.92523
1.68002
7.63481
25.2948
1.0922
0.210812
2.21396
13.0505
12.9467
1.05755
1.88022
1.2001
216.407
8.19704
1.57205
70.1063
45.3609
25.4202
1.873
0.625072
36.9662
27.2101
40.4224
0.600487
0.534149
5.41727
1.47185
7.43626
14.2493
2.06513
21.2164
64.2
1.82629
45.8507
1.3085
5.46886
13.3893
111.445
0.377833
2.41546
5.50262
10.767
2.68588
41.3689
16.3724
0.471794
0.260964
1.59907
26.721
5.67253
21.9861
0.137666
1.98218
14.3741
4.88869
31.8401
30.3714
22.6321
10.3126
19.9211
51.1823
2.1085
0.122819
0.13195
35.7774
0.67932
1.27768
10.6849
0.642932
0.944477
4.25636
8.12873
8.1334
0.165393
0.490576
7.93624
1.51387
46.7473
41.8943
15.652
50.4192
20.5162
12.0627
19.432
35.5231
159.23
6.35227
0.958906
1.50383
4.07046
12.0224
4.87764
10.2249
41.0272
4.36058
3.3871
31.7359
2.96441
2.86111
5.1094
5.41304
7.19931
28.1153
0.588832
2.68873
1.53399
4.3376
0.418808
4.26639
12.3238
52.4021
1.40295
0.0945735
1.60729
14.7967
0.439364
25.7296
11.5295
1.59365
0.849718
0.42494
2.56
0.391596
1.65346
24.0246
22.8667
2.59432
1.3358
27.6512
1.80977
93.2523
18.6205
5.51911
32.1378
32.3118
21.9626
0.983895
5.88921
3.1241
16.1846
5.76039
3.46536
3.6338
1.03919
7.71124
7.66021
47.0889
16.2794
1.10087
5.92441
3.27733
49.4357
1.79013
23.4699
7.7291
24.9371
0.483281
73.1405
0.303629
6.80236
37.5124
19.1529
2.51627
4.35648
27.2405
30.0323
1.74161
7.78227
205.332
0.728205
1.5896
1.53327
4.48932
2.03461
4.07068
39.4012
3.21359
5.75842
2.39682
9.68562
157.096
0.412275
2.9027
0.16802
3.80831
4.61391
2.43449
4.57984
26.6275
1.39925
4.49976
15.194
2.69168
156.199
5.73837
39.7398
3.98791
24.8183
10.2577
2.74409
34.9719
1.8304
4.13326
2.7907
3.36605
24.1075
34.9544
0.65615
113.67
0.422216
16.7174
14.8281
4.60149
11.163
34.9084
12.816
7.27887
1.42332
28.5953
56.3466
3.76458
2.92326
9.9412
2.00672
2.50447
18.875
3.16224
0.926694
29.021
9.72699
5.73809
2.78905
73.374
1.56434
0.642932
1.5839
35.0413
0.858263
1.65082
2.95859
2.2586
2.47674
1.59031
3.4215
67.6856
43.2057
14.9275
41.5156
1.01693
23.5834
2.00867
24.6456
34.9808
2.58278
98.9702
3.83562
41.8964
0.0872347
9.19997
0.536746
25.779
1.49292
0.68765
17.397
7.66723
6.92894
3.6726
26.9546
1.30862
25.9036
92.7836
10.3728
22.2622
2.49718
0.591794
5.55603
19.3829
35.8063
9.98657
13.4924
100.334
6.46005
125.893
7.06921
5.3641
18.8609
3.90209
1.8829
4.65492
38.1819
16.2742
0.605864
8.60883
1.11708
9.51975
1.03632
62.2803
24.1258
285.61
3.5627
0.587661
26.4911
7.44509
5.09264
15.2921
4.26569
30.1999
32.3524
5.46545
17.4661
43.0653
0.776629
15.8792
1.76549
7.16756
31.1937
0.165195
74.2694
18.1881
13.284
0.630634
0.182891
24.1585
6.09519
4.00095
8.36591
94.0836
7.92426
14.6269
2.28393
14.1894
7.97224
0.850382
9.69108
25.4536
1.95264
36.6345
17.5541
62.2516
1.50681
5.36379
20.398
27.8633
3.11323
33.7211
32.073
14.984
0.55256
12.5588
6.78871
43.4797
11.4626
4.95651
5.10133
0.385904
8.90416
4.5368
18.4212
1.57223
102.916
0.159999
2.42781
11.9424
11.3439
18.2571
5.81227
7.55626
2.43537
5.46614
5.71569
2.57211
18.5066
11.7837
10.5466
4.74916
34.7461
2.42445
2.17202
28.0577
15.5122
1.54006
0.389008
27.2595
4.52946
0.293242
48.9718
3.51173
29.0141
29.3987
14.6995
162.226
12.5406
96.9898
12.5982
28.2384
27.2011
1.56394
0.593816
3.02404
3.18681
6.36114
1.20531
23.0926
11.0818
3.06836
2.68285
0.340634
1.21965
20.1696
2.23102
50.7662
0.317335
3.73113
10.8215
4.49655
22.5767
15.6757
16.7889
45.1078
4.93257
3.19972
17.2615
14.0914
10.3377
14.9873
4.22925
4.05208
5.7397
1.53725
50.5737
27.3944
1.29638
9.53443
72.8836
5.55395
1.29356
22.7269
0.0477189
28.5166
10.6835
2.19422
0.157618
2.43531
3.13154
2.74088
4.80802
3.50189
2.15034
4.35896
17.3255
0.77524
11.6655
18.5021
21.7846
4.61224
0.176431
0.129472
3.16077
28.7793
9.15568
2.15847
0.726146
4.97082
30.3533
1.02801
4.66174
6.76248
0.644476
38.5688
24.5952
0.854065
1.72611
0.577672
30.0654
54.0427
0.155773
6.15037
0.650562
35.5839
5.94382
12.6806
3.2249
88.3814
7.67531
12.0998
6.61171
0.135687
2.90192
2.62772
2.7778
0.631286
7.52664
2.63373
3.78435
37.0682
1.24948
8.67998
26.4843
2.9981
3.52759
31.1403
22.3082
0.842615
0.67213
0.241395
0.414001
24.4225
44.5127
4.95302
7.1463
10.9329
3.27244
0.413587
26.1404
10.2167
1.67606
15.99
0.455196
1.47645
2.18143
17.1871
3.68508
1.50228
29.5345
0.123768
2.73091
1.56776
1.75943
31.1859
0.956722
33.402
30.4222
20.6869
3.2116
0.925275
13.2361
6.35831
16.6416
53.4226
63.9954
26.0896
9.67973
204.944
0.0891511
30.1728
3.90045
29.5695
1.57632
32.3578
4.56994
1.28879
4.43886
0.474486
4.01239
6.76016
74.8745
22.5598
4.08174
37.8485
20.0418
6.74844
9.98236
38.2887
4.64067
2.36964
2.19743
98.379
3.99877
3.90154
31.3693
12.3679
8.40593
3.83206
1.53747
14.6861
6.67502
9.11991
5.60603
28.3161
0.407192
76.3842
2.73597
1.91984
71.5064
22.813
1.60115
6.78577
27.1344
36.1715
1.00555
1.12578
68.0363
14.1378
13.0673
12.7526
13.691
11.9768
3.81858
3.83092
6.10629
238.3
9.19293
2.20334
11.8281
29.717
0.123133
3.69633
1.024
1.51979
22.6148
2.31209
8.48048
32.4055
3.93631
4.63412
8.15357
9.0686
4.1143
20.3808
31.5456
4.31233
161.192
9.2264
3.82051
74.4969
0.121131
3.67839
42.3547
23.3329
0.4306
10.7354
33.9416
29.4057
4.8792
0.19944
1.30279
7.76877
27.1004
6.51119
1.72248
1.2932
126.492
8.29252
2.56227
6.23404
5.23904
37.7574
2.6956
7.44134
54.6673
7.89991
3.70122
31.7843
6.65597
11.2645
0.73182
3.98557
18.5188
22.8046
42.8495
0.151752
28.3353
2.16598
0.370036
9.60702
32.2099
3.98357
0.41515
18.7605
54.7543
1.60579
1.47894
2.71618
11.3232
7.96637
0.812751
2.35899
1.04954
19.9223
0.684951
0.48921
5.95887
70.9282
108.448
41.6831
1.40495
0.272884
1.54982
0.270173
0.115052
4.27333
87.4831
6.22367
27.1681
3.40241
3.41089
12.1491
3.11765
192.866
21.9389
30.4002
0.265451
0.330554
7.02493
1.79293
13.3007
20.4148
8.08355
12.1768
7.09797
1.12349
32.007
14.7848
8.83521
29.963
2.62182
1.3898
9.68735
31.7392
0.482906
1.483
0.452444
25.014
1.27685
1.80007
27.4745
1.33395
13.8156
22.4474
4.25255
0.126813
0.17498
0.0503247
3.20259
5.70706
10.7939
22.873
7.51985
3.71294
8.39071
4.07286
14.6763
0.435155
14.8486
9.80658
0.957632
29.1412
0.568989
31.095
4.34182
4.21437
11.9842
11.4663
7.38771
6.26564
15.0371
0.199324
27.498
5.1051
1.75111
0.14353
1.28231
19.3498
5.90515
2.45517
1.04603
6.68022
2.93422
2.66373
35.2487
8.78272
24.5904
5.77964
6.40112
1.09441
6.52344
1.46066
6.09869
37.6456
63.0856
1.31857
3.52849
3.38998
91.4116
31.3734
13.6092
0.237423
2.04426
99.7801
1.16161
26.1929
2.32896
17.0876
4.41018
235.677
0.462148
4.84552
31.3486
0.322862
10.9179
29.2332
0.378416
4.68649
20.5164
28.391
7.28971
3.8328
4.34649
1.46196
2.95555
4.63633
10.7219
2.66338
8.58338
5.27601
3.17778
0.315977
0.490777
23.7984
1.20349
31.3527
1.25104
1.44875
4.25957
3.26577
6.52189
25.9875
29.2068
8.10694
1.24903
8.7172
5.65277
53.0773
22.4793
8.11167
1.63367
0.701009
1.00311
106.142
29.0124
16.5531
47.284
29.9186
0.192054
10.7346
1.84948
32.9705
8.27003
4.22093
42.1303
2.48858
22.8206
55.7734
0.424585
5.07449
0.90939
3.30662
1.05511
0.891381
41.0624
87.702
0.771211
0.154015
35.5553
1.19856
1.82357
9.51124
10.746
3.99723
2.27133
0.789788
23.3097
0.865045
8.84127
0.597919
3.57541
2.80406
1.27439
9.3491
5.7558
4.34309
63.9227
0.196536
50.7651
0.459287
25.4186
0.3708
9.00659
30.1831
1.87108
4.54228
18.3239
1.32328
1.3362
7.46225
18.981
10.5007
41.8285
28.8255
1.27876
27.1336
11.9464
59.7075
4.36799
3.92834
70.9172
1.75143
7.05684
0.875391
1.30097
8.68081
14.4831
179.593
1.59923
33.2279
2.74527
0.143744
4.80801
2.53992
2.9741
0.315671
15.6114
173.059
3.18509
0.464908
20.636
28.4505
1.12943
2.08708
1.10206
62.1069
32.9465
2.10384
0.834911
0.143992
0.459896
1.48705
39.8463
0.714213
0.565318
1.5835
12.8484
22.9726
181.558
5.9129
0.889236
4.71865
6.66888
24.9639
1.97428
5.53718
8.04995
31.2824
0.176506
0.129229
0.559584
7.07206
25.8231
1.23593
34.2362
9.40509
24.338
48.8496
2.19981
3.84304
2.05342
5.30795
9.24094
11.2298
51.3237
4.16344
27.0027
6.50051
15.9598
30.0493
1.91073
2.88843
2.20643
2.99362
0.465509
3.88827
0.423623
2.33227
0.397235
2.64914
2.23726
6.42737
12.2886
4.24064
59.9434
1.71846
10.2294
26.8836
11.1123
25.1436
0.798646
1.21396
78.1826
5.53397
5.88179
2.78019
19.1391
19.2367
5.32888
3.79916
23.6111
1.15764
24.6159
1.13024
10.3488
0.510472
36.2401
11.2396
1.79406
2.55374
0.314604
10.4
21.3616
31.0796
35.6545
1.24004
13.1926
10.4418
9.08014
16.9899
110.649
3.15711
0.856271
26.9114
4.21375
23.4285
126.836
2.25553
3.57612
2.19459
0.974714
4.36837
2.50649
30.8539
26.6452
106.187
3.65734
1.12022
22.8616
3.26511
19.235
1.19807
7.00619
3.52015
1.98733
1.49322
113.492
10.8076
4.83039
2.36323
1.30819
1.61788
0.129514
4.43717
3.29194
189.42
3.23302
15.4204
5.05311
1.82267
62.2987
16.4796
2.19945
2.40834
2.52378
0.472323
1.04274
0.77436
15.7108
20.6416
14.098
5.24354
0.0895861
1.35859
1.41418
8.63286
3.73843
0.560186
3.39136
15.2414
0.268965
11.5591
0.302471
2.73191
30.0252
1.00781
0.384193
6.70824
4.19275
0.0968697
79.8729
9.07917
35.9147
4.64656
1.21565
68.0617
0.147657
22.5398
12.3217
6.25646
34.4185
21.6306
10.194
8.19324
3.29585
30.8833
3.01016
29.7282
28.5581
10.5329
35.0279
6.44463
0.18055
33.97
34.4651
72.5918
5.61802
5.71235
62.9995
7.6781
2.67303
11.2096
29.0449
7.99081
5.86396
48.2013
28.8297
8.30469
6.47577
7.59196
1.4558
31.6181
0.858661
5.77639
0.532225
24.4272
29.0277
11.6752
0.941937
27.5889
13.249
7.56562
3.20809
0.0913866
2.15603
9.96186
27.8067
0.788841
4.17497
3.18973
23.6939
6.7147
0.391044
37.0762
9.016
27.4365
2.32214
3.21612
4.55764
3.01522
3.73995
2.09187
2.06036
4.84694
8.16452
0.993752
15.6105
3.76392
0.275434
6.7422
1.58923
27.6619
51.3511
43.0747
120.908
6.26285
2.07492
5.00407
18.9456
2.73762
12.7309
97.1366
28.5303
0.441629
10.2424
29.5806
2.69686
3.05495
5.19298
27.4442
168.528
7.67136
0.395155
3.18389
17.4702
0.141634
8.22904
9.61018
17.2791
4.43455
27.9894
17.9847
3.90264
1.71293
46.3112
0.914849
28.9731
27.9689
1.62106
0.403407
1.83843
1.7349
2.34291
0.24252
2.84876
28.1993
14.1556
2.32651
4.68893
8.76276
25.8517
2.92072
3.44352
30.6769
0.665018
11.8255
28.4682
29.236
8.75115
10.2336
5.55046
5.61837
4.39539
134.181
41.9061
0.886538
5.21214
5.20977
8.67446
28.7786
10.0361
4.10587
21.7447
2.44886
47.0306
3.65183
3.26416
11.4876
30.2378
9.67231
0.481445
5.56076
3.95781
32.6777
4.88053
11.194
0.39814
0.620745
26.1518
81.0898
2.77604
5.32011
0.902233
1.92683
76.6552
7.73811
4.40601
17.9279
3.02427
36.0632
10.9838
2.54068
34.0813
76.3392
15.0291
1.42129
29.3043
21.9689
6.66944
8.91306
2.61881
6.88511
11.0345
8.4089
2.91979
3.74205
0.528999
0.688778
4.46476
0.417098
28.9856
190.363
7.1423
3.40777
0.477757
3.34739
10.5484
29.0636
1.35099
0.917021
1.9951
0.647346
1.9337
54.132
0.466909
1.25872
22.8963
63.9127
23.292
26.9407
3.15905
3.20219
0.865675
15.3886
5.46286
8.36247
11.6837
5.8473
5.62019
4.59643
4.2802
3.07163
4.51475
7.89163
1.05865
0.444525
41.9122
5.66112
12.5974
41.0151
0.0884866
0.0993848
6.35943
2.15564
11.2341
0.461293
24.5097
0.392173
2.37444
34.4584
1.84529
7.26572
0.551331
6.44106
12.9412
42.2265
8.99512
2.47218
3.64688
4.18724
139.825
23.9696
0.34441
29.3879
8.19475
5.22074
31.0337
2.90912
29.0369
29.108
28.5186
8.25419
8.10325
24.5194
28.9124
0.333175
28.0362
4.38153
2.19715
7.25414
0.471285
1.89215
11.9118
39.2026
3.70266
29.2449
8.59609
0.444768
2.58667
0.330288
45.4141
12.96
3.7033
1.93345
12.6959
14.1371
29.8365
11.4935
34.4919
39.098
1.541
33.4652
32.6959
31.0067
32.3069
9.36255
10.038
10.7965
10.4688
11.1446
1.77709
1.90963
30.057
)
;

boundaryField
{
    back
    {
        type            empty;
    }
    front
    {
        type            empty;
    }
    outlet
    {
        type            zeroGradient;
    }
    circle
    {
        type            fixedValue;
        value           uniform 0;
    }
    walls
    {
        type            fixedValue;
        value           uniform 0;
    }
    inlet
    {
        type            fixedValue;
        value           uniform 0;
    }
}


// ************************************************************************* //
