/*--------------------------------*- C++ -*----------------------------------*\
  =========                 |
  \\      /  F ield         | OpenFOAM: The Open Source CFD Toolbox
   \\    /   O peration     | Website:  https://openfoam.org
    \\  /    A nd           | Version:  10
     \\/     M anipulation  |
\*---------------------------------------------------------------------------*/
FoamFile
{
    format      ascii;
    class       volScalarField;
    location    "200";
    object      nut;
}
// * * * * * * * * * * * * * * * * * * * * * * * * * * * * * * * * * * * * * //

dimensions      [0 2 -1 0 0 0 0];

internalField   nonuniform List<scalar> 
10435
(
122.89
144.288
29.0919
69.3598
78.2144
65.264
21.7289
18.025
19.6023
54.4697
116.178
51.2211
43.6415
1.84182
1.60583
21.3833
2.09306
48.5186
19.6928
137.598
18.6354
57.4571
24.524
33.224
48.9492
21.432
4.02518
37.9525
3.84643
52.7219
39.929
100.972
18.3228
2.93989
24.5185
36.2839
26.4542
5.23312
49.8065
23.5999
56.7522
23.4757
2.89483
107.482
28.7755
28.5161
61.3948
3.84256
17.7843
48.8872
19.23
58.7676
45.2557
6.14014
40.7212
4.26523
30.0649
4.33008
2.30862
27.2662
35.5544
125.172
3.79115
63.4395
26.3531
35.3284
2.4342
3.65317
17.4175
37.1194
7.04348
9.74183
2.50772
31.7708
1.53497
2.2023
39.9466
18.4832
17.862
1.61796
43.5078
101.086
39.5386
5.18632
43.1401
17.5571
56.4475
120.823
2.7594
102.77
98.0975
81.8384
135.264
7.30501
136.054
11.7225
72.1142
1.56904
2.08597
72.6264
1.70468
78.492
22.4468
139.307
75.9959
83.9763
136.386
44.991
42.6991
4.39848
58.0164
80.7483
52.9783
17.8069
78.9569
69.5586
67.8726
46.941
129.943
60.9931
63.0929
1.96633
92.1494
1.27266
91.822
26.1752
64.962
1.70123
72.8194
6.74357
1.43049
100.73
20.2621
1.4106
7.29388
14.8368
7.68296
61.031
143.171
91.9119
120.58
33.0695
2.60253
53.7002
51.6238
1.77401
2.10808
65.6884
2.26534
49.445
4.76941
32.0207
111.832
47.0494
59.8568
7.86841
86.8361
131.524
57.9873
136.9
39.249
1.59787
94.0971
46.8861
2.66887
66.4729
19.7215
53.4012
42.7978
61.321
51.785
3.10863
3.67727
1.6019
44.5136
144.073
80.1827
2.99067
77.907
3.52304
134.942
68.8729
51.1419
26.6711
35.6543
3.30078
2.41676
17.5663
75.3418
55.4304
57.0085
32.4856
8.04017
27.6213
83.4906
17.1268
2.34333
5.35392
3.32676
23.6725
2.77966
5.22059
41.1501
4.61982
37.5065
83.2392
109.406
56.2777
3.58088
48.8038
5.1309
24.6604
58.1702
46.4271
3.81907
1.99565
9.56304
13.314
21.6697
1.83123
3.59432
2.67141
2.98712
1.49888
12.3306
22.1274
33.2294
2.08669
48.1244
1.90237
3.16537
20.7498
26.7502
35.6764
5.28259
2.35014
33.9963
14.8685
37.5717
44.2653
131.363
16.2308
8.42898
4.80989
87.1828
18.7122
3.25702
16.2432
3.59939
118.956
5.38306
8.41647
45.7503
47.5176
16.3488
68.8289
4.07501
16.9902
7.66874
4.84162
18.5563
51.7415
19.7005
42.5763
33.3679
2.74189
137.53
32.0293
24.4695
77.896
21.3215
16.336
15.9405
44.7642
17.7881
57.8034
6.07255
81.9952
19.1226
16.7546
47.5921
2.69978
25.3333
1.57171
26.5735
15.183
73.0067
40.9354
4.381
3.25223
1.53575
116.803
3.36096
16.0024
51.9497
7.5668
2.02219
78.3837
86.5188
40.3592
3.56686
40.2044
29.9585
3.5778
92.0196
1.7422
2.51197
38.8678
37.8127
3.77463
109.175
6.60626
69.6928
69.9305
21.2769
6.62585
19.4245
46.1916
3.26931
51.8297
72.7089
3.64011
65.22
25.7134
17.0678
42.0287
14.8749
34.2519
2.88032
4.75836
23.6589
2.81867
3.33712
26.3872
42.1324
3.96458
5.41833
4.07566
2.70362
3.60322
12.1865
9.01786
31.5521
3.74879
3.75561
6.02099
3.63821
4.87015
19.6536
17.4536
2.97423
42.1952
3.95262
37.658
17.1551
16.8486
42.7294
30.3814
5.47273
3.48184
4.53097
27.0797
3.66315
19.7995
3.6698
9.875
4.11297
45.9645
9.93941
17.7335
33.3719
8.17733
43.1249
16.2723
10.573
4.1203
4.02052
4.38279
3.95119
17.2823
5.05119
34.5176
17.4238
3.32499
16.6068
17.1636
40.2869
42.1043
17.1289
34.521
22.6208
1.61573
3.98278
4.15092
6.24674
30.6704
4.62226
43.5296
5.23128
3.5731
6.96882
3.10164
12.5701
20.1048
4.30725
17.0879
41.3038
5.45752
14.5537
5.5281
17.282
6.37804
12.1644
11.5227
3.89739
4.09586
3.63703
33.172
7.10956
12.5933
3.69166
2.43553
43.7092
5.33747
9.98479
15.5588
3.16079
198.995
176.743
163.821
161.6
160.965
153.973
137.58
114.917
89.5868
269.399
249.305
234.129
227.665
222.797
212.114
192.443
165.183
132.505
340.302
321.946
305.266
294.683
284.823
269.078
244.502
211.666
171.787
414.529
397.355
379.373
364.672
348.999
326.854
295.839
256.299
208.988
490.887
474.507
455.115
436.037
413.769
384.193
345.785
299.059
244.591
564.767
548.974
527.941
504.274
475.109
437.872
392.092
338.666
278.245
627.95
612.582
589.872
562.042
526.802
483.008
431.17
372.603
308.229
668.741
653.598
629.728
599.29
560.406
512.873
457.82
396.844
331.215
674.481
659.428
635.283
604.649
565.876
518.941
464.982
405.594
342.329
637.925
622.662
598.683
569.874
534.796
492.959
444.886
391.841
335.714
563.644
547.671
523.644
497.228
467.356
432.987
393.844
350.684
305.752
469.032
451.968
428.182
403.829
378.316
350.546
319.897
286.624
253.352
374.993
358.363
336.693
314.578
292
268.379
243.338
217.029
191.681
294.924
283.574
266.516
247.328
227.007
205.801
183.889
161.546
140.125
239.11
233.943
221.688
205.4
187.02
167.493
147.481
127.424
108.12
208.188
205.906
196.448
182.171
165.269
147.009
128.305
109.715
91.731
193.218
190.77
182.194
168.98
153.057
135.725
117.972
100.43
83.5575
183.754
180.438
171.925
159.247
144.007
127.413
110.435
93.7331
77.8
173.695
169.792
161.266
149.015
134.409
118.55
102.357
86.5024
71.4943
160.541
156.44
148.076
136.367
122.505
107.503
92.2329
77.3792
63.4675
143.767
139.788
131.827
120.852
107.909
93.9344
79.771
66.1166
53.5393
124.068
120.471
113.149
103.091
91.2322
78.4649
65.6063
53.3474
42.2326
103.07
99.9988
93.4641
84.4307
73.7813
62.3939
51.0586
40.4267
30.9846
82.9873
80.3237
74.5194
66.5103
57.1375
47.2899
37.696
28.908
21.3201
66.1553
63.2823
57.9247
50.8581
42.7508
34.5423
26.8409
19.9905
14.3051
1.2315
1.14412
1.05152
0.951508
0.846584
0.745602
0.662272
0.609025
0.591759
0.610544
0.664506
0.756045
0.892457
1.08631
1.35525
1.72222
2.21516
2.86425
3.69779
4.73599
5.98446
7.43015
9.0409
10.7692
12.5586
14.3523
16.1084
17.8322
19.5653
21.3278
23.1275
25.0126
27.1309
29.5977
32.5754
36.3409
41.1558
47.1708
54.2005
61.4524
67.505
70.7953
70.4156
66.5936
60.4939
53.6624
47.5314
43.1788
41.2662
42.0644
45.5578
51.6032
60.0494
70.7579
83.5701
98.249
114.447
131.699
149.393
1.21267
1.12659
1.02876
0.921359
0.81348
0.720113
0.654764
0.62355
0.625075
0.654895
0.709806
0.790783
0.904456
1.06121
1.27613
1.57065
1.97374
2.52166
3.25486
4.21073
5.41303
6.86208
8.52884
10.3567
12.2782
14.2446
16.2336
18.2382
20.2671
22.3439
24.5197
26.8908
29.5895
32.7803
36.6802
41.5322
47.4937
54.4348
61.6964
68.0302
71.9596
72.4656
69.4839
63.8646
56.9208
49.8649
43.6341
38.8911
35.9981
35.0731
36.1394
39.2239
44.3938
51.7562
61.4234
73.4452
87.725
103.968
121.583
1.14162
1.06458
0.981112
0.892405
0.804287
0.727973
0.67524
0.65295
0.661549
0.69816
0.760286
0.847947
0.964753
1.11827
1.32085
1.59112
1.95429
2.44297
3.096
3.95438
5.05374
6.41421
8.03074
9.8704
11.8825
14.018
16.2446
18.5524
20.9553
23.4922
26.2329
29.2868
32.8044
36.971
41.9807
47.9539
54.7779
61.9271
68.4106
73.0089
74.7621
73.3962
69.3792
63.6237
57.1054
50.6323
44.7997
40.0221
36.5799
34.6702
34.457
36.1075
39.8127
45.7847
54.2164
65.1992
78.6158
94.084
110.893
1.04071
0.9732
0.906678
0.841172
0.779405
0.726758
0.690951
0.678397
0.691886
0.731366
0.796337
0.887891
1.00993
1.1698
1.37838
1.65235
2.01374
2.4901
3.11399
3.92063
4.94334
6.20709
7.72181
9.47878
11.4542
13.6201
15.9563
18.4602
21.1533
24.0876
27.3527
31.0801
35.4358
40.5868
46.626
53.4438
60.5934
67.2566
72.4216
75.2358
75.3331
72.9195
68.6046
63.1365
57.2039
51.3546
45.9996
41.4463
37.9375
35.6926
34.9525
36.0202
39.2775
45.1421
53.9385
65.7028
80.0237
96.0636
112.716
0.913698
0.853258
0.800109
0.755225
0.719272
0.694157
0.682853
0.689203
0.71668
0.76754
0.843636
0.947726
1.08456
1.26159
1.48928
1.78138
2.15627
2.63564
3.2438
4.00671
4.94999
6.09629
7.4625
9.05785
10.8846
12.9424
15.2351
17.7802
20.6182
23.8228
27.508
31.8243
36.9299
42.9197
49.7099
56.9182
63.8302
69.5412
73.2458
74.5178
73.4101
70.3474
65.9244
60.7338
55.2777
49.9474
45.0396
40.7831
37.3716
35.0076
33.963
34.6485
37.6527
43.6629
53.1918
66.1886
81.8162
98.6652
115.258
0.777212
0.72255
0.679528
0.651311
0.639935
0.645229
0.6652
0.699227
0.748985
0.817505
0.908636
1.02687
1.17778
1.36863
1.60872
1.90959
2.28473
2.74928
3.32042
4.01604
4.85412
5.85274
7.02997
8.4042
9.9952
11.8268
13.9311
16.3558
19.1731
22.4896
26.4486
31.21
36.8908
43.4563
50.5997
57.6943
63.8997
68.4159
70.7446
70.8062
68.8775
65.4305
60.9787
55.9883
50.8444
45.8504
41.2401
37.1916
33.8498
31.3672
29.97
30.055
32.281
37.5398
46.6306
59.6713
75.6849
92.8726
109.41
0.643784
0.596479
0.563861
0.551158
0.562311
0.597146
0.648949
0.712374
0.784989
0.868972
0.969234
1.09169
1.24273
1.42945
1.65995
1.94347
2.29025
2.71126
3.21792
3.82164
4.53483
5.37109
6.34609
7.47981
8.79955
10.3444
12.1701
14.3569
17.0179
20.3041
24.3922
29.4362
35.469
42.2726
49.3106
55.8061
60.959
64.2027
65.3407
64.5134
62.0725
58.4462
54.0509
49.2553
44.3717
39.6579
35.3163
31.4924
28.2858
25.7824
24.1152
23.5608
24.6567
28.259
35.3394
46.4048
60.8789
77.1062
93.0933
0.514601
0.476755
0.455474
0.456964
0.485617
0.539207
0.608166
0.684123
0.763436
0.84824
0.943217
1.05412
1.18718
1.3491
1.54727
1.78962
2.08442
2.43977
2.86336
3.36281
3.94609
4.62234
5.40385
6.30786
7.36156
8.60957
10.1213
12.0028
14.4068
17.5334
21.5917
26.7053
32.7741
39.3616
45.7537
51.1848
55.0524
57.0612
57.2413
55.8248
53.1449
49.5498
45.3674
40.8948
36.3991
32.1104
28.2141
24.8309
22.0183
19.8016
18.2341
17.4749
17.8872
20.1201
25.0352
33.3141
44.872
58.5987
72.7707
0.373666
0.346466
0.337092
0.351381
0.390827
0.447164
0.510127
0.57389
0.638875
0.708351
0.784983
0.872183
0.974176
1.09608
1.24463
1.42713
1.65262
1.92793
2.25593
2.64023
3.08662
3.60213
4.19475
4.87857
5.67856
6.63833
7.83512
9.39348
11.5017
14.4055
18.3372
23.3118
29.0049
34.7479
39.7832
43.6179
45.9829
46.7879
46.1967
44.4172
41.7146
38.3566
34.6068
30.7181
26.8967
23.3473
20.207
17.5503
15.4039
13.7331
12.5318
11.8969
12.0954
13.5946
17.0565
23.1178
31.876
42.6414
54.08
8.72894
8.97241
9.16965
9.24514
9.17176
8.95267
8.60586
8.15544
7.62455
7.03588
6.42563
5.82181
5.2604
4.76811
4.33853
3.96446
3.63762
3.34689
3.08036
2.828
2.58271
2.33781
2.08106
1.79763
1.46835
7.83175
8.37385
8.71883
8.87847
8.85786
8.67427
8.35342
7.92371
7.41348
6.8516
6.26527
5.6776
5.11596
4.60649
4.16291
3.78391
3.46065
3.18052
2.92974
2.69578
2.46842
2.23949
1.99985
1.73771
1.43663
6.82946
7.46948
7.92761
8.1857
8.24498
8.12423
7.85285
7.46451
6.99354
6.47175
5.92507
5.37533
4.84509
4.35592
3.92352
3.55204
3.23621
2.96518
2.72609
2.50679
2.29695
2.08783
1.86887
1.6287
1.3506
5.80099
6.43576
6.94805
7.28547
7.42859
7.38548
7.18233
6.85415
6.43809
5.96802
5.47119
4.96934
4.48225
4.02739
3.61992
3.26642
2.96516
2.70812
2.48442
2.28298
2.09349
1.90636
1.71081
1.49315
1.23617
4.87959
5.42905
5.92658
6.30142
6.51091
6.54435
6.41705
6.15973
5.80896
5.39938
4.95923
4.51021
4.07012
3.65365
3.27568
2.94505
2.66365
2.42573
2.22177
2.04102
1.87339
1.70907
1.53624
1.33921
1.10014
4.11309
4.53386
4.96235
5.32834
5.57346
5.6679
5.61158
5.42624
5.14439
4.79956
4.41996
4.02669
3.6355
3.25935
2.9133
2.60918
2.35088
2.13482
1.95236
1.79303
1.64641
1.50361
1.35216
1.17521
0.954571
3.48969
3.77475
4.10745
4.42997
4.67914
4.81148
4.81176
4.69051
4.47395
4.19281
3.87397
3.53704
3.19529
2.86024
2.54733
2.27125
2.0376
1.84402
1.68254
1.5432
1.41604
1.29305
1.16147
1.00471
0.80586
2.98539
3.14327
3.3737
3.63357
3.86281
4.01029
4.04854
3.97731
3.81614
3.59244
3.3308
3.04844
2.7559
2.46208
2.18287
1.93491
1.7256
1.55361
1.41174
1.29067
1.18158
1.07711
0.96419
0.827984
0.654524
2.57622
2.61585
2.74421
2.93338
3.12899
3.27527
3.33499
3.29783
3.17882
3.00345
2.79353
2.56303
2.31935
2.06551
1.81777
1.5959
1.40874
1.25686
1.13347
1.03016
0.938602
0.851924
0.755616
0.637627
0.48869
43.2744
43.1738
4.55362
6.95003
0.963427
1.29305
3.53168
4.64658
2.08133
7.59533
0.286405
4.49425
14.0366
7.22176
4.31211
0.712842
0.345745
6.66149
23.4519
0.220746
23.4577
5.15739
5.49546
6.22399
5.53527
2.44062
5.34043
1.3908
29.5102
0.355477
107.264
6.21415
8.57723
35.6403
0.654607
2.0489
8.26021
4.1843
13.4713
2.13596
12.6692
0.0362297
5.18586
1.11151
3.04975
25.1803
0.194972
0.7247
19.7478
33.3387
0.20257
19.2537
43.225
6.74692
3.81064
2.95128
12.4472
34.9598
3.16619
21.7917
0.413622
6.37395
1.30498
2.88695
4.58967
1.55437
18.2161
7.37234
12.5154
30.7735
3.45399
5.52272
1.73575
1.24396
10.4649
24.2833
11.3104
4.39975
1.13613
6.59087
36.7611
0.571978
3.60458
0.175735
0.377593
0.345841
2.32593
5.53089
8.91506
27.5939
5.42357
73.7525
1.64938
4.12334
1.53124
0.513284
2.5825
0.240566
0.127505
22.1723
1.06429
12.8181
0.625743
5.79666
3.43164
2.11282
5.64876
37.123
0.388459
0.326711
3.80683
3.87452
0.73673
5.46455
42.1417
20.3734
20.9572
2.10753
36.4887
2.87791
0.0804773
4.35413
6.24034
5.29929
7.95396
5.4067
18.468
42.3015
57.6763
0.651853
3.81286
1.85024
30.2625
21.3656
0.685383
2.20494
2.79828
3.58037
0.93925
0.159661
2.95025
10.7033
20.0401
0.0743945
25.6238
0.635363
6.98377
22.6388
0.68125
0.416898
9.77387
93.6395
7.14824
5.94103
9.53381
0.175389
2.34212
1.7492
17.2396
4.97984
6.82158
2.41471
2.44768
0.229588
2.24131
0.172537
14.8567
5.04736
0.92422
2.06083
5.76848
3.17591
6.43062
0.174935
190.288
1.01712
22.635
27.2081
15.4003
3.28186
21.3516
6.13869
45.4358
17.7136
2.00887
3.70781
0.170335
0.296226
24.2205
0.746278
6.80208
21.1864
39.6799
10.5027
4.39156
15.8116
9.98248
5.04083
22.7377
33.686
10.6072
2.23108
0.476543
0.596038
7.76808
2.91353
19.1272
0.646248
22.4397
1.65356
3.71578
2.71296
23.4637
8.3289
8.56439
10.7689
1.5443
10.4339
11.3979
33.553
2.12956
0.0440042
8.66729
13.0056
7.19139
19.9603
8.20968
0.360499
0.214997
1.58628
0.176774
2.01334
5.67911
2.73598
11.9684
4.33992
24.6822
2.06731
16.7837
2.51632
136.623
0.377549
2.38284
1.02792
1.92832
3.36174
5.00442
5.77513
0.806335
3.4095
0.0883516
1.23387
10.8445
21.5405
2.23807
4.1319
0.731268
15.0453
19.5245
31.029
3.81558
80.1149
1.90725
9.36324
3.02632
4.86085
2.98316
7.70547
3.39337
4.94083
25.5249
32.4265
0.361122
10.2156
7.18329
7.67846
11.4323
0.693924
22.8142
13.8075
2.02857
9.00827
7.66913
20.4305
15.6854
0.456854
1.93369
7.06186
6.19378
4.77556
1.49194
2.52205
0.0404618
4.14166
20.9465
10.9172
6.41851
122.314
4.3404
21.3188
18.7315
6.39636
4.36717
0.497457
1.00132
2.60416
21.5443
150.848
0.162174
0.479134
5.6159
3.86835
14.3109
35.4613
0.227961
13.7433
0.228352
6.29904
5.29717
29.1651
19.5827
1.93266
4.71574
80.7704
2.21669
4.59016
21.9538
36.0251
149.029
34.2174
2.27908
4.25242
2.24227
5.9261
8.18049
0.383308
3.51468
2.6939
0.0244893
5.34604
2.09937
4.66114
22.7468
7.49472
4.62954
1.4667
3.6133
2.93581
2.17135
0.159275
100.535
1.91282
0.0839721
22.5962
5.33396
7.09567
36.2131
0.981128
2.49497
0.157472
24.1599
5.06489
6.63084
21.0249
0.0478986
2.4042
1.12999
0.66873
2.40527
28.7878
7.60232
7.3021
30.805
0.747214
15.6048
4.1509
4.44057
1.89598
6.93136
4.97972
5.4835
2.75154
7.43036
1.26435
1.01121
25.8731
2.18431
0.264076
1.2563
6.76791
6.42793
2.97478
20.5333
4.7076
21.0801
14.1351
2.60615
7.58411
1.80242
29.154
4.57944
3.27031
0.437513
44.0488
4.83424
0.106658
3.90641
14.5756
109.318
108.477
8.48093
2.1211
21.0581
1.08892
1.91395
7.27461
17.4474
0.158681
4.13989
63.6679
2.18819
5.93571
19.0478
0.380457
1.29206
7.98479
0.0272859
3.79752
201.882
6.57061
0.728222
3.71899
34.1837
1.10299
1.63648
1.24779
4.04209
0.0180768
3.25123
5.2979
4.80049
2.69456
7.15211
23.6227
13.2703
24.0981
1.70758
4.19931
3.79644
1.37932
0.990364
5.87518
2.4941
19.3418
6.72034
30.6149
0.164813
0.369391
5.13155
33.3319
2.54782
2.20694
11.2923
25.5005
12.0835
3.25991
1.8653
9.60752
5.32134
1.81702
9.24565
2.73901
4.14688
5.15623
5.03477
32.7492
50.5263
2.69757
21.8458
21.1912
6.76441
10.9863
0.00828884
4.82004
0.176065
1.15579
0.445701
5.31899
49.8918
4.21251
5.76005
2.44237
4.7905
4.98241
2.61577
1.63279
6.06476
0.680943
2.57711
30.7108
6.55486
1.6281
1.58959
0.693627
24.1795
33.6901
0.642863
0.834052
3.77644
4.74145
4.12325
34.2552
166.023
48.7202
3.21669
0.743749
1.16878
16.0277
4.33582
5.09066
1.57527
4.6973
0.228817
10.7315
34.8509
8.927
9.68108
11.2058
2.78566
2.97834
0.783691
4.23065
8.952
6.46444
2.91861
54.8317
2.69812
17.3351
21.9409
2.34098
27.853
0.313436
5.26658
7.06981
0.0921751
17.8868
2.59406
2.30616
0.757288
0.61898
8.72531
8.90196
58.8405
22.3523
17.2507
0.333231
8.7731
2.06285
19.3676
22.8526
230.009
19.4574
2.99822
24.3359
0.343058
13.7011
5.15578
2.83219
6.28081
2.02778
12.6054
10.3413
6.24897
1.64844
2.11816
0.443788
0.1509
23.4624
2.02945
1.34446
0.133714
46.7553
1.9771
1.28752
4.44145
7.00926
5.50342
1.61659
36.7419
2.03063
1.39119
0.494966
2.90151
10.5833
2.74277
2.71381
34.6023
15.4809
1.15871
6.38927
22.9119
2.0006
0.0349356
4.01552
42.3458
2.71096
0.364919
26.3758
7.10377
6.45768
6.08917
11.2064
3.60704
0.887795
1.44672
36.1388
12.7274
3.04398
20.9618
3.24452
3.85351
1.90486
8.6932
65.7067
4.37769
22.7695
0.136005
1.39938
7.12157
3.0594
4.56344
2.92695
0.505191
0.654763
2.58413
31.4699
8.72855
7.7239
96.2952
13.8944
5.01461
2.26236
1.43162
5.15328
1.18029
8.48654
4.05246
38.0516
22.9278
9.17363
22.8454
1.72391
7.71629
0.0658061
10.883
33.2928
0.1512
31.675
17.0493
5.9828
22.0794
6.60097
0.266451
0.0213674
3.01595
4.47035
7.82547
4.06026
1.16622
45.2806
4.09273
4.10042
0.631719
20.8498
0.0398911
1.94955
16.6892
2.4493
12.0413
4.15067
0.242243
38.4629
4.58142
2.76266
3.02958
2.34615
2.00207
25.1031
7.24384
5.82747
4.01692
4.65768
3.39115
4.22262
3.02251
3.44985
2.41653
38.7992
0.785376
3.98321
3.10291
7.41712
2.6802
5.72947
5.20738
14.3086
7.83238
12.5153
1.67448
3.5618
44.8688
1.14039
9.11825
2.40449
3.4847
0.108956
2.38825
1.84008
0.549157
2.80128
18.7556
5.23064
184.656
2.01093
4.39359
187.674
4.31485
13.1206
33.1895
8.23446
5.56855
18.1579
3.1413
26.9733
17.9453
11.3211
5.30844
8.85923
10.9474
0.713851
0.0503947
7.54114
2.47789
16.7286
42.9901
4.19548
11.6768
35.6122
13.3603
4.47095
1.81012
0.147376
21.0742
3.80507
2.08136
12.9696
42.5231
22.5287
0.0772302
3.77206
2.66321
0.00244248
45.5638
120.028
4.23936
8.33481
3.79908
8.25772
1.64203
0.19371
1.26558
1.2608
2.4719
5.80918
3.28707
0.892585
0.649237
2.61905
6.61417
2.025
2.58508
1.95751
19.9283
3.86384
5.53849
83.3132
2.98431
0.228492
0.473003
7.34808
5.26278
23.1337
10.231
0.0187201
4.60387
0.158367
20.6947
22.0366
0.71643
20.901
18.2332
24.5237
24.3948
17.4163
16.7168
9.70032
6.50659
0.0947122
4.56175
4.03065
14.9196
4.44499
5.15743
1.37288
31.5682
3.15989
16.7387
5.66663
4.01366
5.35007
0.741551
33.0514
66.2247
2.37311
7.50058
0.290768
21.0223
7.70092
4.62338
4.07234
1.55972
21.2525
8.94427
1.15792
54.6235
5.04633
2.47286
18.6359
3.644
30.0022
3.1145
22.5595
1.86802
6.63119
16.7198
5.49568
6.40387
2.69876
1.94479
28.3275
6.7477
7.96748
2.78675
2.55707
5.56445
0.179958
13.2873
1.8707
15.8816
3.87836
0.113078
7.48109
1.74846
0.175974
1.77573
0.353737
0.7962
0.0813542
12.1875
0.816222
11.5286
10.5551
22.0827
19.224
15.6156
0.143544
3.77354
8.03668
8.29513
10.2578
3.86509
2.72174
1.846
22.689
0.926562
33.1523
17.9411
23.2255
8.81093
7.26841
12.0333
23.9822
0.455819
12.5344
31.2658
27.7769
2.58495
2.01163
1.54513
2.97952
23.3668
33.1675
38.4871
57.084
3.40719
5.64954
14.3366
11.4506
6.95879
84.1431
5.6093
0.75683
3.43714
65.5419
0.0246428
1.97831
1.93833
19.8291
40.8833
20.9511
22.1652
4.0286
1.79559
4.93892
14.9535
43.5726
33.2865
5.93026
0.601519
1.091
2.12763
20.1216
4.18014
0.568277
19.7771
14.1092
25.6036
4.85113
2.41044
4.69892
5.72308
23.6747
1.80304
24.7843
3.58424
1.59699
1.72309
216.959
34.2531
22.0758
1.10909
3.5261
7.73598
1.50037
0.58446
1.49091
0.46628
1.00902
13.3632
1.97522
26.0437
3.86497
1.9877
8.26605
132.695
5.47565
1.92146
3.25369
30.8259
4.40816
1.26725
17.5306
0.282866
5.22005
2.33061
1.87383
3.60822
7.04302
26.5036
1.88464
2.9307
0.465301
0.678035
0.956807
56.2415
4.52028
21.6377
3.86714
7.21033
0.371443
3.1035
1.96521
19.8258
8.05082
24.418
4.27173
6.25025
0.831592
23.3398
17.3713
6.81289
0.316491
10.4616
0.159463
1.67481
22.8739
0.869758
4.26183
6.97497
3.52216
3.83774
2.6158
1.42701
10.1886
8.2264
7.89098
7.16208
0.203782
2.40103
0.86285
0.956183
2.51565
14.989
0.747976
0.145658
1.52454
4.05762
4.56009
7.18834
1.42051
2.2661
8.26877
7.2951
1.00314
7.71617
9.34784
6.1611
20.8204
2.43416
1.05142
36.4463
1.25499
6.28562
7.24019
6.91615
7.00245
19.1884
3.00558
1.56857
1.62304
0.629672
29.8579
0.579559
29.858
5.02625
0.151574
1.33878
1.21617
1.71178
21.3543
3.61592
18.3272
7.16437
0.766788
13.3546
1.45438
2.55194
3.63533
5.08811
110.318
7.58597
34.782
6.99567
12.6689
1.77833
5.59422
4.6518
5.01503
39.5479
11.236
0.293805
21.9856
0.880308
1.48442
23.0207
0.232777
6.7853
5.85992
5.46237
7.01474
6.65377
1.3805
16.9022
2.38289
2.70573
35.9266
1.77804
10.8956
2.08565
6.3949
2.41692
0.0173548
2.27767
19.3834
20.6282
24.0495
1.23492
0.905747
197.454
14.236
13.3631
2.54502
4.02861
13.245
1.89651
2.04654
76.8684
31.2434
4.72179
3.92616
13.401
0.810297
46.0136
4.31249
9.129
57.8398
19.1782
0.176992
6.09516
3.5157
11.8828
1.44254
43.0948
2.57345
25.1439
1.03816
6.36848
2.02784
34.6513
4.34837
7.75526
14.6756
0.761678
55.6517
22.5328
8.02484
5.47459
19.6095
36.6556
4.16268
6.45186
0.560518
1.24984
5.28265
2.28872
3.61414
4.53873
7.28665
0.502259
1.8394
2.21202
1.62058
4.68209
0.153078
0.773604
7.71993
0.20978
4.76968
3.51116
2.90267
6.72808
5.71163
21.8051
22.8918
4.64032
6.15607
1.73139
14.4728
14.0942
0.604128
23.513
3.3965
7.81172
0.533556
0.557677
4.8172
4.47941
11.6874
25.0409
2.14826
3.25191
0.48806
0.916931
2.67446
4.47444
10.4954
1.12311
7.35258
30.9353
2.26014
15.2735
16.1666
1.23751
3.85764
4.11743
2.53671
0.585915
7.08935
7.15623
3.98548
27.2893
1.0071
1.99877
38.4776
38.9724
24.7554
4.14361
0.391639
11.0991
22.366
1.51821
4.93145
7.31639
5.65702
10.8011
3.32517
14.3779
7.72785
5.68125
12.5613
1.61358
7.98437
22.1196
15.5936
8.45674
13.3818
55.2065
6.03562
0.95643
56.7011
9.03795
109.159
13.3602
30.8729
0.000954808
24.5216
31.5186
0.212377
31.3702
16.6549
28.6963
22.0732
23.1575
0.852704
15.4273
2.53738
1.30641
7.04714
2.86005
21.4584
7.15396
4.35477
29.6775
0.487176
6.2708
3.09891
30.2412
5.60064
21.2348
3.85776
0.226035
1.0246
19.4718
10.0842
3.08752
1.05656
10.6588
5.34728
63.4638
0.130494
5.43924
20.4065
1.25027
3.73546
38.241
2.59345
29.9281
43.588
3.80361
2.99786
30.8253
5.7502
3.87116
0.89713
2.84001
39.5061
17.8535
10.4653
11.1596
5.59496
28.3829
5.82343
2.96126
3.71456
26.0223
3.53175
16.0007
2.02268
6.93588
4.12039
32.8431
8.51069
11.9071
4.57221
23.8443
3.48278
2.76006
0.0587663
25.7925
28.5134
0.984452
12.446
2.59602
0.941338
14.4108
3.46251
3.38827
17.1709
7.60404
3.93122
6.14155
4.81889
4.98229
16.8747
43.0718
25.4616
16.1089
3.38871
2.2692
23.6614
6.81826
2.00768
100.889
1.08308
12.9458
108.243
38.2525
12.4831
4.32311
35.0558
18.1935
2.56827
26.7423
3.00503
5.89183
1.93785
4.444
1.74316
0.663375
29.0015
0.0981409
18.3937
9.05848
0.205881
2.97958
12.1725
10.4185
0.137845
24.0213
4.13768
40.1679
1.60386
4.64953
0.981992
17.3198
17.9093
1.24609
2.28737
4.30468
5.37937
3.52993
0.936907
10.4395
23.3887
33.4437
17.5754
6.11724
3.711
30.7617
6.59491
24.0752
0.417037
0.667721
3.0823
76.7584
1.5266
128.238
0.602062
14.1423
7.82463
20.8496
1.292
1.97915
21.4617
3.05072
2.62778
0.836533
43.7892
21.9261
4.6925
28.697
3.19745
8.42514
2.64751
0.643375
43.3834
63.5369
2.94303
5.43365
0.354478
0.132469
1.44151
30.2432
0.392638
97.2533
12.4814
1.88729
0.683835
31.6863
9.74079
24.7897
1.8009
1.64932
2.64147
2.66727
1.09861
2.20188
2.87647
1.71322
1.547
15.376
33.9325
11.2218
0.931077
0.564167
2.36179
7.41361
1.97683
1.99823
4.81848
30.4598
2.16561
26.4348
6.38723
24.982
5.3153
4.18497
2.85777
3.15146
17.9658
6.42093
2.99084
4.67326
60.5273
106.921
3.70536
2.70803
5.22814
1.822
0.502838
2.29766
12.3179
0.703115
5.26016
5.52037
8.33155
0.569365
23.513
28.5271
9.1486
19.0451
4.92582
0.632846
10.7584
7.23101
6.16146
0.00128432
41.8563
3.57245
3.22023
11.4709
4.37742
0.332452
3.96947
2.57584
18.3518
3.11182
111.406
20.3073
5.41627
5.43154
7.16733
37.8489
34.7449
1.81982
0.915118
6.69788
2.07524
4.41704
14.4262
4.73736
4.56984
23.8948
3.99442
1.82172
4.73425
1.28256
15.9514
3.95314
1.39836
4.45283
1.9602
3.36542
0.0258366
1.84611
9.67194
0.349429
42.288
0.479666
18.55
1.72257
21.723
4.81286
0.208187
22.8576
7.44827
0.0694471
38.6553
8.36789
3.01313
20.2159
0.963002
23.6464
25.409
29.0594
3.93714
0.134817
2.60378
23.4173
3.03874
6.40267
4.18538
0.630162
20.2992
2.52099
6.64688
8.60427
5.22011
4.99342
102.982
1.89705
48.9506
1.24726
28.5393
1.29782
11.4705
5.35826
2.05658
0.984548
1.02658
32.3363
23.095
22.2518
2.18259
49.3753
24.2193
6.33804
0.179205
4.51247
1.47456
20.2229
23.8912
155.98
1.86617
2.58905
19.6977
4.14747
6.22367
25.2164
27.1132
2.71841
12.0535
29.3881
4.0608
0.328351
3.75588
4.22419
21.0893
1.79257
2.05348
2.8201
0.370834
0.719688
25.7373
26.9635
6.02516
6.57152
0.485676
1.63329
0.259979
4.89552
19.6855
1.8433
4.30802
0.59061
4.25999
2.67404
25.2486
2.18372
4.57226
6.10419
29.7681
24.3708
0.7733
18.866
1.31517
1.22682
4.71425
3.20494
0.758258
2.78116
6.26004
42.9149
30.8435
2.36966
7.89095
6.36268
5.17062
7.39019
5.03451
0.889826
4.79415
6.71174
10.7649
0.168999
2.48841
2.72477
1.61129
0.996658
2.34835
2.33821
5.14671
48.0487
62.4564
2.63521
3.77549
6.49076
131.658
0.639952
3.22908
2.16362
3.61974
76.9862
5.00228
6.00048
4.07213
29.3708
20.4125
1.97939
3.7588
3.56544
22.6205
16.6776
2.37306
2.62263
1.17644
5.97013
4.46051
1.81103
20.451
5.77504
3.18282
2.22297
3.07574
3.69141
28.5732
3.73919
5.10801
0.401787
57.939
18.794
2.67659
5.33991
8.57152
5.07315
2.33298
5.03913
22.6062
12.1812
4.09883
17.5743
21.1982
24.5428
11.0989
3.56395
14.4336
11.196
12.1299
3.64108
16.394
2.93527
4.15548
0.341582
15.0919
5.94574
0.317062
4.20046
1.64956
3.89404
3.50057
19.2777
2.59124
7.56129
6.78731
1.95022
7.0503
3.2306
2.42518
2.48518
51.744
13.8165
3.38122
1.83144
6.11882
18.1746
1.6093
31.8012
3.33369
5.72127
2.70439
2.08327
125.193
9.1971
4.08495
1.381
25.5259
1.8652
1.12574
5.72832
36.416
2.6807
8.33258
2.98739
8.48757
0.377061
21.2211
0.0981611
1.65703
0.0178154
4.50824
2.15306
8.47604
5.5577
1.72229
6.99566
4.27318
22.8693
1.08394
4.44634
7.52173
25.2043
4.38104
19.0461
3.01303
20.0618
0.0244814
41.6763
11.9656
42.3189
2.36742
23.0421
0.932002
13.6354
0.167192
0.128363
67.1514
18.739
4.61456
11.2578
0.734189
23.008
5.65376
2.04481
28.113
0.180223
33.6161
7.72016
13.5131
2.38025
1.73481
1.74435
4.79291
4.47674
1.49913
4.59217
42.5896
3.83903
7.25838
4.10698
45.2018
6.33474
2.95855
1.07137
5.06496
3.07232
19.6301
23.5811
2.24898
2.64549
23.3947
2.59288
6.0718
3.84458
5.32338
1.31714
18.5332
0.698932
4.62129
8.53786
4.67254
3.27613
16.9601
29.9406
2.93516
27.5877
2.80769
2.04335
22.0417
98.49
26.8005
2.40963
5.17202
2.27134
3.61237
11.9303
36.1797
5.82453
6.64204
2.55117
13.5087
3.01756
3.19715
0.903734
2.09031
3.41693
7.90519
53.3266
4.39824
35.9083
17.9956
0.00110564
7.36659
13.3679
19.9545
4.79805
1.55893
6.91733
1.73409
3.38778
3.85343
11.6512
0.957728
6.50766
16.9329
33.3553
0.00675403
3.95831
4.2611
3.24991
1.70935
5.9741
2.9654
0.177504
24.6708
0.175708
2.08994
2.82684
2.73104
4.57569
44.8134
6.31558
27.4569
6.86749
4.33685
3.1518
0.169843
15.5915
0.623884
14.6396
6.862
4.06594
7.01757
5.77489
28.9194
3.31
6.60974
0.230882
2.9515
20.3012
4.36475
2.3462
9.55175
23.4132
0.00772851
1.21473
6.4279
8.47686
2.24448
2.24906
23.857
0.449763
0.687517
5.49384
4.75361
29.6004
18.309
4.07483
2.69374
23.5982
1.95018
19.013
2.49137
16.5987
19.6761
4.43533
2.40306
6.09528
1.60024
1.87053
38.5335
5.46561
166.196
7.00345
5.30711
5.00606
31.556
7.96033
37.6433
5.3417
6.1655
1.92201
2.3162
3.5921
1.45196
0.343965
10.4328
4.02459
19.8818
1.75924
21.5331
1.01064
23.1052
20.3515
22.1066
8.15998
2.40718
4.8285
1.92461
20.4123
2.63563
12.2018
5.10005
2.42875
0.209198
2.4708
4.31889
4.44775
23.3154
2.0994
16.9614
2.58994
6.37271
23.909
3.72394
9.39034
4.18324
3.78017
2.54504
4.16046
4.20478
0.0422097
18.2541
1.92689
58.3078
1.2136
1.83471
9.32143
20.046
10.4203
3.11844
14.3746
3.1285
1.65265
4.64442
23.266
24.3027
24.7239
2.43961
5.89275
4.33885
19.7418
2.11876
5.33085
2.19412
10.5622
1.83179
18.9152
39.7005
0.0902482
6.43435
5.13297
7.66111
2.61328
14.1328
1.98554
1.48945
6.45502
0.230012
4.02135
11.2263
13.2391
4.06048
2.17585
4.00296
0.17239
1.4391
19.4079
2.11125
0.0824662
2.99157
3.17475
4.28696
48.7261
3.1071
20.6216
1.41169
5.11117
2.4244
15.8908
2.88306
6.39885
0.722907
11.4756
1.89755
16.9827
80.5297
12.8019
7.2074
4.06075
19.4576
0.581712
65.8845
4.78291
4.47655
13.47
0.203007
0.166078
13.8572
5.91626
3.51263
3.34133
1.31846
7.49478
3.97004
4.90694
1.32964
2.16223
0.672906
5.13544
9.93659
52.1758
2.07398
0.496215
0.514969
21.3
1.17932
5.96401
0.519281
2.46036
14.7702
3.60472
1.33979
31.431
2.51962
2.03134
16.3336
22.1724
14.0457
14.0055
23.82
14.7788
32.0451
32.1552
23.0392
9.96891
0.026501
3.50335
0.723797
22.9519
15.7999
1.05363
12.5869
2.32377
1.81271
15.6534
3.8166
22.1123
2.48824
8.5028
0.858705
24.1778
1.94325
5.20685
0.262472
3.23384
1.70754
39.8532
3.3397
2.02564
8.55417
4.13576
2.33356
3.44037
3.16331
4.88389
2.49372
22.6807
3.14497
94.5228
5.48224
8.12712
30.9251
1.60032
5.15909
17.6604
6.14
0.662384
25.684
1.99486
5.0851
6.93257
0.583262
14.523
3.17262
36.3889
4.02317
10.2455
3.10854
9.43675
18.5035
0.141491
38.1579
20.7003
19.4734
8.94333
12.3405
14.9511
24.6416
0.14462
23.99
25.6168
178.889
12.1128
24.6936
15.0152
2.09052
5.32562
0.743256
5.24395
24.7135
10.8669
30.498
35.7049
67.8074
97.364
3.81556
9.22064
2.2439
3.40347
6.46375
4.62266
2.3227
4.82211
2.1235
2.8792
140.319
3.28608
54.5912
4.55383
52.0302
7.05871
2.37853
3.32189
2.17201
19.5236
16.2031
7.97872
12.6048
22.402
9.50255
114.813
84.3905
2.77501
8.72439
2.18707
6.18447
4.70582
2.16817
32.3556
3.70262
11.9335
30.271
5.07746
1.76351
2.6959
4.70144
2.27668
5.78745
1.70047
20.9274
2.35961
2.63456
0.749499
12.3845
12.8656
12.8152
5.41407
2.56798
2.75781
24.0749
9.47119
11.766
4.04919
77.7261
0.346117
10.4929
4.46441
3.04877
5.99436
70.2244
2.9379
12.926
1.81672
15.431
2.04608
1.80952
13.3429
10.6422
81.0953
66.5742
61.2438
16.3355
0.156894
4.23727
7.12744
3.62759
24.1202
2.36397
2.88211
2.62062
17.8355
0.131258
0.464551
2.72782
1.52103
0.996105
2.90499
26.8514
9.88498
36.0829
4.50812
1.52406
0.288954
12.3417
9.63955
22.6299
35.0318
4.32904
2.65432
3.2847
2.38746
5.26361
9.0116
27.7806
5.23887
2.15916
2.24903
69.3244
10.6883
1.21271
28.2113
10.3373
2.32946
2.09866
1.24542
3.79545
0.032291
2.65471
1.75634
7.45139
15.7078
11.2862
36.0702
2.37812
3.3141
3.27643
5.03815
0.599607
1.55312
5.45065
1.51472
2.64676
1.47444
0.0217924
1.93114
23.9507
2.13597
3.03062
24.7651
4.62879
4.18766
3.0388
1.45819
23.4873
11.1111
7.9169
3.45762
2.88108
2.50895
10.063
0.000852044
0.00953491
4.78047
0.347447
8.33752
6.95827
1.04937
19.0682
0.125734
5.90877
9.96263
4.42245
10.0177
0.354717
117.822
11.0812
3.77798
7.12906
0.2553
16.6445
12.0707
1.36058
22.7875
1.54033
7.54695
2.47477
2.69144
0.0710347
5.74855
9.09078
63.5917
27.4763
5.82217
1.80378
9.65542
0.15376
0.039904
21.5767
0.335667
9.69816
1.78567
0.408417
22.2489
95.0745
3.42031
5.42968
21.035
5.95769
7.31528
10.2844
0.332713
0.135799
2.45905
3.16191
0.250647
4.82636
5.10297
5.52304
2.24412
0.481152
10.0508
33.173
0.859063
12.8407
2.07655
3.28121
4.02992
17.0593
5.29428
15.5505
3.45944
0.356757
11.5725
25.088
7.73568
99.4957
14.4873
9.16259
2.89419
1.35078
3.78035
7.24212
22.897
1.62134
2.4244
6.14601
14.9302
2.45961
8.75276
44.0461
5.54912
0.973601
7.8631
4.79819
5.56149
2.26289
6.01648
2.45331
3.18745
12.8917
2.65749
7.80905
2.21354
2.95471
12.5674
6.726
0.13109
14.9687
12.4367
27.2077
4.9527
5.89303
3.44685
17.2961
4.69276
4.65657
18.4554
2.24713
7.16325
4.27869
2.79146
4.79173
13.8562
9.44373
18.3311
1.38755
0.456038
20.6358
7.56543
2.52155
5.73868
2.0154
0.350673
11.9506
6.49029
20.2684
15.4428
97.8093
2.6042
3.34106
5.12572
0.139974
15.5954
1.48976
8.20332
4.66193
12.7976
22.8102
14.6368
5.62846
2.37129
38.917
4.96359
2.95973
3.90609
6.01916
5.06023
2.20108
12.5668
1.46689
5.89524
9.73462
1.36396
5.77224
116.752
2.66219
17.3625
3.96196
3.84237
13.7185
16.4939
6.00178
9.85314
10.534
11.1445
4.89995
0.818033
25.3012
2.95601
13.7579
17.5239
4.0939
12.9646
9.47994
1.00032
1.15914
6.76287
21.2752
0.71335
88.271
5.94975
2.38217
10.1748
15.609
16.2841
3.92919
5.73912
60.4828
17.2798
1.71062
1.08148
9.7556
8.34696
15.1209
0.486885
5.14514
0.827733
1.09683
12.8577
1.14523
10.6845
3.51372
166.317
2.82284
6.50114
8.75407
9.43548
5.44733
12.9632
2.11855
3.75891
6.61122
0.335998
4.74978
22.3837
23.454
20.6668
4.62595
8.46739
0.430697
6.47246
29.9997
13.3313
7.6868
8.29868
0.016239
5.07727
4.52492
6.58003
13.2389
2.26343
1.02877
2.38165
15.9704
17.6524
2.53513
5.80604
4.63367
9.08476
2.75636
12.7344
48.4179
1.69093
6.8307
152.839
2.83566
5.2719
7.21183
3.84
64.7913
25.6755
7.64541
25.4525
21.8109
8.93022
1.33593
0.167402
2.09946
23.2108
1.97202
5.50181
10.8421
1.39404
11.6158
10.233
23.3935
0.46382
2.79209
0.167547
1.22517
0.378195
1.60704
4.31031
2.11158
4.12861
0.155824
2.18976
4.80431
11.2247
5.58319
70.4742
8.62022
4.40254
4.88803
0.0915446
3.98674
0.317597
0.967758
0.000250638
0.00501509
27.8302
3.43078
2.4585
12.0926
23.4029
5.6957
1.20677
7.30886
2.95143
2.25962
2.36336
4.05945
5.84294
24.6492
5.01014
0.113842
4.35857
10.7247
1.18417
1.67351
12.7364
3.77326
12.0189
2.60443
2.99195
13.3678
2.65252
6.25946
2.24236
5.47377
0.357439
2.23976
6.48358
4.72674
2.37081
0.00184965
0.0274141
6.41771
10.0612
15.5454
2.59188
6.218
6.58521
1.74447
4.11481
10.1006
0.419085
2.12879
5.783
3.55129
2.05109
0.363982
17.8267
9.91043
6.1538
7.17447
0.175578
2.85266
5.39084
1.77567
8.26605
5.57969
1.95205
7.33374
0.709661
0.706403
0.173507
23.9604
0.130321
4.85237
9.46781
4.28659
3.99832
1.9773
0.0155302
0.348549
3.72427
11.1396
5.64221
6.66633
22.9355
2.9145
3.93772
6.18516
5.97111
3.04523
8.70154
2.05497
3.67507
9.84623
9.29206
5.57733
0.0485923
4.33025
2.89329
1.82977
5.69257
25.1735
0.176631
18.3528
23.9291
2.42312
4.48348
2.77846
6.0914
0.546987
77.5158
33.3862
2.52676
6.65036
4.68984
1.24963
6.28046
2.94927
9.21268
0.116741
5.00119
4.76425
7.31723
4.6593
15.9947
3.98386
2.8062
10.5733
6.41793
6.31606
2.34864
0.134517
0.356553
0.240875
26.4286
4.15024
0.122315
13.2508
1.63945
6.9233
4.30457
22.0111
18.5824
5.55094
4.69482
4.74554
4.94304
7.29686
7.56334
7.14224
2.50645
20.6871
0.505579
0.904879
7.37291
2.84543
4.7694
0.680938
3.83618
4.88195
3.29405
6.15896
7.45404
0.275627
10.8686
4.04805
6.36672
2.97386
3.94331
0.118187
25.3228
8.50051
134.943
10.1978
1.16958
1.53959
7.92304
7.41964
4.20298
11.1791
0.525856
9.20727
4.32722
5.91932
17.753
23.5471
5.05904
0.170207
5.32857
2.54144
2.41591
4.16946
6.98245
5.85603
4.64441
3.52308
8.80489
23.5726
21.7908
3.19065
3.30419
9.46151
3.22774
7.51419
2.24427
0.413715
6.98697
2.81961
3.00262
4.8512
0.715551
2.32336
5.10573
4.76227
152.615
0.93438
3.74016
2.59185
2.80227
27.382
6.80039
2.22423
8.39727
13.705
5.53886
0.943737
7.38795
2.98901
5.91468
35.655
70.0766
7.19694
8.74897
2.56328
3.78119
5.43902
2.95555
12.4277
3.42686
2.28849
3.70297
7.06646
0.286412
1.33266
7.35179
0.334617
5.21083
7.77397
2.25772
0.286305
0.915105
3.12549
24.7272
15.9386
13.9442
148.012
11.0784
8.56369
8.27765
5.7572
0.506097
0.813437
0.208083
4.90628
2.94147
11.9514
5.03791
2.60627
2.11797
6.37964
3.02986
9.68627
6.92858
1.88166
1.82697
3.77696
72.7932
1.44336
4.10159
0.373328
2.82996
4.27135
3.91757
1.53481
0.21659
1.49523
10.6382
35.9377
5.2667
5.45887
3.28342
3.02148
5.03429
3.76505
16.4468
23.2781
15.2878
0.12205
5.39683
1.77763
13.2867
0.340427
1.3281
1.37441
1.31266
9.03128
4.78851
1.01294
9.73918
21.57
0.164222
0.173323
0.605717
7.44939
5.20945
4.90827
10.817
24.811
0.174366
3.27849
3.13781
10.2841
27.2685
6.77498
2.61699
20.022
7.29153
5.66073
21.3774
3.48399
0.0145826
25.8045
24.1347
55.0908
77.4147
50.8449
30.4566
0.134155
5.0322
0.268614
6.70725
26.1514
0.524481
2.63446
20.2485
6.2236
23.7023
11.1245
33.2996
18.6951
4.04231
1.09275
18.2632
0.292892
2.94568e-05
130.601
5.84289
24.8927
19.6728
9.44303
10.1792
6.60103
4.74156
5.61605
11.589
2.35709
0.919948
0.559653
6.75432
0.125391
3.15358
5.42986
9.39701
12.9237
0.736042
3.86203
12.4429
5.92709
31.2742
5.71111
10.0343
3.25515
5.7445
33.9025
20.7423
30.615
3.69718
2.20606
16.8532
4.39551
0.238546
0.116153
11.921
18.6364
21.0868
0.391947
0.175015
0.133662
0.43066
16.3985
2.46646
94.2368
0.162682
0.180616
2.85734
16.2526
5.67249
1.98789
1.98636
19.7996
23.1064
25.7589
78.4484
41.1327
4.17642
0.182436
22.9927
5.43907
0.206062
110.509
18.4503
0.0391255
8.30267
0.737808
143.504
1.84062
31.3339
2.89672
2.02409
0.261451
5.59923
4.76913
0.77437
0.536353
1.41339
13.427
0.186465
4.27734
3.85903
10.1783
29.9401
1.51743
79.4631
5.8182
11.6804
6.14191
9.40862
0.274133
17.5424
8.63193
25.7243
9.75371
10.0037
0.326108
20.9228
0.386438
14.4608
2.10846
1.74246
23.9957
31.6117
6.7705
3.90916
0.129044
0.0876432
3.74206
2.74215
4.27008
0.158704
1.88395
6.84855
6.30193
6.71122
3.19793
2.01228
16.1184
3.08157
143.626
63.8456
5.97797
0.510417
0.205618
0.120982
8.65158
17.6375
4.82583
62.1763
2.88752
1.36816
2.27261
0.199407
46.4948
13.565
0.634047
4.39877
1.04145
13.3568
4.09656
1.58889
8.25912
6.55462
47.8655
5.39472
17.9447
8.23538
6.17853
4.72834
4.51307
9.15705
1.80155
0.202602
2.64159e-05
17.8062
6.96849
3.33427
5.21754
2.69345
7.09871
76.4791
101.492
11.299
11.3019
3.49141e-06
23.8467
1.74387
3.62236
15.7725
2.20037
0.141531
35.0369
19.9304
9.53429
0.163946
6.84771
34.1489
5.33098
85.2509
7.09236
57.3097
0.580122
4.73395
32.6645
0.254285
7.21882
1.63927
8.60944
13.5344
1.40674
0.547049
27.7433
28.2885
6.68302
0.00914897
9.06597
2.35964
1.68619
6.34776
2.37613
1.03504
9.84216
0.133601
4.12437
5.67019
2.34627
0.251613
0.00976466
8.85532
7.69401
27.9165
0.168269
9.26557
0.667583
112.25
22.4532
1.33198
6.70227
1.95208
1.77672
5.62734
0.971703
29.5668
1.53604
5.53266
28.5289
0.0212793
1.00275
5.32963
2.05685
5.4028
24.1938
11.5018
13.3351
5.86389
4.66551
23.6282
9.87908
7.484
9.1164
47.829
81.9508
1.12439
3.26853
9.74037
0.938566
8.57761
2.79723
9.28222
2.64278
0.0347368
0.0194528
5.25267
4.68814
0.141435
22.4471
9.78328
0.155479
2.88294
15.7798
19.2191
2.44017
3.02947
0.175172
7.14877
4.54408
1.94931
49.8625
150.473
10.2507
4.29148
16.3986
1.72063
0.0030896
2.12075
3.51485
1.80645
0.136206
43.2652
0.177742
218.913
7.22925
2.96498
6.68781
11.142
40.5893
78.6205
16.7792
12.2677
3.24193
60.6967
53.2072
4.80506
9.28069
0.148184
24.4028
4.39468
2.9652
17.4847
119.848
4.75471
4.64916
93.3706
79.1054
5.79967
1.0932
5.33157
12.3381
75.5926
30.0588
6.27883
5.40274
6.88385
4.12994
4.73543
3.33372
3.48395
3.67777
10.0982
0.642735
6.46626
5.79975
17.8326
15.8498
4.04569
13.3105
1.36664
41.0322
40.9275
0.0605048
2.95877
0.176645
0.132751
15.4598
2.34917
2.03984
7.47478
9.71312
10.2122
6.52257
26.0627
8.36596
0.514762
3.35947
4.5006
2.53079
3.00312
4.76463
5.35423
58.2581
1.55195
38.0989
5.49833
5.25366
0.179165
0.46522
3.28366
8.11898
7.11417
3.92743
136.878
145.583
17.1748
6.37699
0.456216
33.6606
30.2421
1.16557
14.6708
7.8472
8.24516
3.2894
4.75116
13.7925
21.3514
52.2944
1.92308
2.18683
4.08617
8.24508
17.3642
2.8353
17.5511
39.178
0.164377
10.7962
20.1831
9.11138
5.71992
3.44797
14.5668
5.0507
24.7257
14.214
11.5388
4.04911
6.4427
6.54352
5.20618
3.41099
0.0152372
0.150482
39.5108
4.75299
11.3543
0.267376
4.84123
3.84574
1.2204
21.9948
1.92789
2.17873
1.89214
11.5875
4.7047
5.9936
3.29014
2.6982
17.637
0.227154
5.96795
17.4344
0.499694
2.16513
4.90261
13.7498
9.43458
2.71046
1.20047
4.54986
0.968095
3.30043
2.68072
1.24502
2.70521
5.45073
0.869201
13.3168
7.18582
1.40267
0.181506
0.133581
22.5059
11.9751
29.6882
146.551
7.0036
1.38603
4.09457
0.248516
0.170294
10.5493
2.74852
0.421706
25.2266
15.9934
0.916296
5.95593
4.15876
6.53478
5.50477
7.46048
2.44516
22.8977
77.1704
11.4304
0.771073
2.10737
2.43083
0.171705
22.2915
3.67861
8.16832
1.55251
27.1405
8.33072
4.46044
11.0468
3.6026
3.31993
11.2618
5.96647
33.3971
0.233316
5.30096
1.24211
2.39001
5.87682
0.141649
10.8793
20.1472
5.74058
0.120789
1.38118
2.13193
0.050376
2.09119
3.69142
3.36364
5.70007
11.3039
3.6672
1.50107
1.3881
26.6215
7.00429
6.85754
2.59252
8.89272
3.86361
6.44534
3.56391
2.59068
70.576
79.6294
81.7805
0.396027
14.156
9.29748
7.54999
3.45023
1.34904
22.7723
0.0150916
7.93764
10.6543
5.24682
0.0569906
0.18166
0.179451
46.2008
22.4988
4.97594
3.39629
1.91533
5.81782
19.1828
9.57954
13.4522
3.43734
1.99291
4.31586
9.3929
27.4305
21.3682
25.7383
0.0381881
3.5175
4.54671
1.8308
89.3326
1.52251
2.63612
8.53507
5.93347
3.58064
5.38335
0.170911
0.131712
0.174046
136.254
34.3158
4.08506
4.53646
1.34717
0.146859
4.61152
0.106215
4.57077
3.43936
5.16839
0.136887
0.181186
6.3966
10.3756
11.8741
0.144162
17.1985
6.06422
6.70584
0.396638
0.184613
0.433995
2.77927
5.40587
21.0496
5.50077
2.83963
15.9453
0.232876
5.55088
1.88336
13.9941
3.98975
27.0174
8.68045
7.84161
14.8736
4.62944
1.80717
119.163
136.571
23.9484
0.179186
31.5724
2.21397
7.79504
6.17255
35.9874
2.41411
0.289783
7.62378
9.47914
9.7265
0.279716
25.2897
40.737
4.63049
5.68585
1.99934
1.60779
4.779
5.24278
3.09813
1.72331
7.42756
21.947
2.80749
12.8532
3.33821
14.7155
3.41625
6.27409
57.1986
5.18202
11.3824
0.055099
0.0869906
0.24516
23.9608
12.2141
0.438184
2.1127
9.39513
5.5948
6.11591
7.39564
2.69843
4.90529
3.96821
4.18961
4.14354
12.5363
0.0740354
0.173581
4.89675
6.00937
0.209869
3.3346
42.634
0.805146
5.16068
8.50138
3.36346
3.92075
0.0592638
2.26197
60.0526
11.342
14.7303
6.03798
2.60487
1.26008
1.08133
7.37434
0.576597
7.63439
6.0589
0.390265
5.35689
9.48509
5.17587
34.1556
0.0124586
0.00177241
12.2048
1.81613
4.62445
2.7918
3.9953
0.849739
6.44181
3.09839
4.94552
1.82912
9.58456
90.1625
3.56393
25.4004
0.171693
0.688284
0.361429
4.16957
3.94753
0.424894
69.4228
7.26153
4.98276
0.196203
2.18173
45.3414
0.1143
7.18088
9.08392
2.11815
24.7187
3.11035
16.7338
13.1447
3.0555
5.23201
1.59165
1.43925
4.41814
0.0113436
4.52347
0.103583
7.15351
0.186766
1.46228
2.73829
26.3486
6.5906
0.544503
5.91314
3.49101
9.75461
5.75359
3.32476
0.210312
5.93557
60.3252
6.55037
42.7642
23.5517
0.482965
0.220674
16.3016
5.92835
1.11759
24.8784
0.391348
7.37905
0.144445
0.184015
0.0204064
3.08381
3.13714
6.11209
4.81771
3.23252
1.86548
51.5839
7.83738
4.60562
29.929
0.00194542
0.0389895
12.1437
2.88821
0.383331
5.33741
27.9685
1.10403
0.879738
10.0411
59.7249
6.8074
5.23443
5.30766
9.49928
14.5796
0.662167
0.700877
0.32955
0.0446279
18.2891
2.54288
73.2137
3.75053
2.11074
0.297491
3.25179
5.4375
7.93213
17.6887
7.90715
0.159277
0.848403
13.1482
19.1318
11.8435
25.6945
0.169943
5.7341
7.88123
3.1418
3.55628
0.481189
6.38017
31.7975
2.38828
115.55
6.43184
8.69645
0.380975
2.92207
2.52222
3.06109
1.48973
15.3574
3.63615
25.2455
4.93394
8.0736
1.84136
5.84204
5.95586
0.19405
0.335541
18.2882
9.31418
19.8103
68.8749
0.212129
30.0505
15.704
1.78246
11.9832
6.76012
23.3756
10.8494
12.457
8.31871
4.43166
0.214249
6.45351
5.6371
16.7325
3.51995
0.00569012
0.0247765
11.8278
30.9714
0.396335
15.8536
1.59501
4.3162
4.47023
59.3399
22.397
12.9214
6.51468
5.728
3.64943
14.1097
5.53606
24.0508
6.28152
2.47093
9.16778
0.37803
4.18932
16.7932
45.8352
42.3782
5.23796
2.07973
18.734
0.135514
5.99809
8.05763
21.9328
2.69906
2.97983
0.558016
15.814
48.7726
61.1149
5.55402
7.03342
12.9719
10.5637
1.15111
6.44936
10.2389
4.05321
23.8579
5.36875
6.51499
12.6666
2.57054
5.49666
0.212283
0.241151
6.36726
5.75927
21.183
24.1918
8.82989
6.97626
0.290965
5.02246
23.2014
2.68428
5.65904
3.24028
6.32436
3.50448
4.85666
3.65887
2.29847
0.774302
1.67248
7.11009
5.50548
3.16159
6.96508
0.61115
7.8568
5.54235
3.09273
3.69837
19.5254
2.28084
17.5128
13.1866
47.5853
5.73677
6.31142
135.879
1.11992
7.77597
5.4468
3.23069
3.46515
2.17554
3.75387
21.616
11.3239
2.77558
1.46996
6.51479
23.9944
34.2503
10.2818
6.8265
10.0769
4.28162
5.19792
6.4949
10.2253
0.212142
3.06941
6.0112
4.92255
30.0298
6.43688
25.5099
3.40952
11.4618
6.23186
7.01513
0.447496
39.6479
0.352508
16.0453
16.6393
1.48621
3.73727
10.112
2.97395
9.38482
2.14642
4.6143
4.81158
12.1623
23.4459
1.81676
30.7836
0.803122
5.37639
6.8621
0.154275
12.1413
4.00673
4.36148
4.2785
2.19631
38.8938
6.04168
14.3697
23.8389
7.49766
38.2337
0.534663
1.52103
5.8379
12.486
6.37606
5.94614
3.37419
2.50018
8.53104
1.73657
7.67521
5.32327
8.96925
14.1315
5.10169
3.8141
29.819
8.17195
20.531
0.0947337
6.23425
8.78096
4.57039
0.0676365
7.68744
5.8638
6.5793
3.14223
6.58111
13.4113
7.42638
1.7489
45.1808
6.3749
8.30914
12.9836
0.227232
1.8004
0.0257725
4.76911
0.997722
4.088
2.43896
17.8088
4.13239
6.91264
82.3032
5.02543
1.56435
0.184941
0.83035
2.26673
5.43292
66.0799
3.2532
4.78678
4.27105
5.80112
2.22369
0.0992735
4.6708
0.379757
0.0760166
1.22052
15.6861
3.82793
8.15487
5.325
2.09223
0.473545
43.0248
4.66508
6.7883
5.29252
4.31722
6.35525
63.1707
4.27438
18.8915
1.58111
1.06789
6.29023
7.55017
0.250973
2.74928
6.79839
6.4755
5.73941
8.28425
1.96407
7.29409
10.1451
26.2059
1.65508
6.29433
0.540894
1.04491
2.54514
14.5
45.151
116.373
7.84576
16.8885
23.1537
7.68247
6.33144
7.7326
4.11834
3.26629
13.8948
24.3514
4.79914
23.7354
29.7664
197.08
2.41123
0.201096
7.34707
0.565312
0.182655
5.33592
13.0076
1.47706
9.58181
0.0407113
6.7039
7.9973
2.70331
3.05608
1.13434
7.79744
0.175664
4.6759
24.2249
5.56157
1.04575
15.7523
1.01695
5.30284
12.1823
23.3729
102.406
4.2223
6.31216
10.8416
7.91175
6.49433
1.35891
21.8883
1.72271
15.3944
0.283398
4.25799
2.54195
17.2437
38.6591
8.15704
1.93203
2.18006
3.11136
2.30988
2.93146
2.91163
5.10434
4.58513
4.81499
3.45721
3.25416
10.3997
6.3237
5.70425
4.22722
53.3663
4.87662
3.21835
10.1816
92.1575
4.52249
3.71329
0.693319
3.45282
0.234611
0.378236
1.14696
1.07699
0.959192
4.80411
0.299321
6.1332
26.6337
4.48886
4.26025
20.3363
1.18866
6.39663
11.8817
5.99307
75.1009
24.2647
0.166595
6.27365
2.98369
35.4558
4.40014
2.16759
6.65537
18.9131
6.85509
7.51767
2.58408
22.4973
3.94547
6.26134
4.36176
3.75589
14.4158
78.7034
4.84952
2.90595
9.2961
6.28029
3.6049
2.45347
5.31507
9.71282
0.932742
13.2268
6.59118
1.08873
4.01937
9.79243
0.407741
3.49518
4.30104
6.10191
2.89479
74.3341
11.5597
9.77694
7.06999
4.81936
1.52943
26.9022
2.69992
16.0114
113.069
7.79807
6.13967
4.53352
0.10008
4.38349
23.846
5.6682
30.2879
2.10383
7.00174
6.19762
1.3857
50.3026
17.8687
0.0821991
9.83184
2.18975
5.14823
0.327988
0.00581558
8.54856
1.90793
1.13726
2.11076
59.6363
0.408718
1.43139
6.8621
1.17295
2.72847
2.04336
0.121601
5.99723
7.08103
9.87942
1.18426
1.45625
6.70913
0.0127403
9.65459
36.6453
23.9241
4.20806
8.85458
10.0856
8.55537
0.3235
1.37748
0.110947
0.208104
5.21243
20.2176
59.7878
0.503917
0.155687
0.145005
4.38141
3.80717
3.301
25.5293
7.14103
23.8472
0.166797
5.54891
6.754
11.9792
9.13875
0.231165
0.348507
6.7112
0.133189
0.173814
43.2897
19.6194
14.7813
25.916
79.8988
10.7911
4.91622
2.32892
1.93892
15.8248
10.3841
0.142217
21.2746
22.7515
33.8714
25.3548
10.9659
1.94667
27.1976
108.677
4.43885
26.8677
5.58441
19.94
0.11653
1.32626
2.10161
7.06952
1.63011
6.63539
0.0362748
11.0884
18.3992
1.43853
12.0463
9.05716
9.72879
5.45447
2.05127
5.45983
4.61926
4.49042
30.8439
14.7229
4.87827
13.3116
4.63031
4.24802
0.296944
1.21481
7.90576
5.32779
6.07382
8.14732
1.52353
4.68583
5.25082
0.16962
1.61359
4.92667
14.6748
0.38943
5.74202
6.19828
1.21728
5.74966
13.3894
3.24678
21.6795
23.1426
6.39995
21.6072
5.33361
6.01949
1.46532
35.3767
14.5069
22.0321
2.37828
2.10028
7.4002
0.634391
9.74791
0.461456
2.05945
3.41271
30.8776
6.45784
5.45548
5.60513
1.97025
113.908
8.08995
4.82575
3.38113
1.31552
2.36048
7.52916
6.3201
11.4484
26.5788
3.17537
4.63124
0.0308967
11.554
0.408816
0.553283
7.62506
4.9176
3.33212
4.63461
26.4122
5.63879
11.4445
5.20184
4.19318
8.55127
47.1742
5.63072
26.0894
0.145073
3.25846
9.14396
0.0339717
2.41406
10.8893
5.71487
10.0008
4.27503
8.42337
6.44333
1.73626
1.28823
7.06817
5.17914
5.82173
0.797342
21.1192
1.36839
1.14798
105.212
1.60778
0.137173
127.189
8.62197
2.77359
5.5049
53.6607
2.46538
39.824
0.636568
6.61178
20.4101
19.158
5.16052
2.52018
37.1769
0.071031
9.4968
5.00525
7.75705
1.31108
2.37452
23.2108
1.27378
23.038
42.5557
3.30425
1.34941
5.67745
4.17696
0.894702
8.57239
23.2061
22.8939
9.57304
4.11389
14.4396
3.39091
8.07333
8.41011
11.9796
2.72578
14.8129
4.73632
2.03851
4.79643
1.70789
23.5671
27.9043
2.96456
2.38328
8.06549
2.94787
5.8912
5.96131
5.66774
8.6456
1.89557
0.114137
9.06388
84.4925
13.7475
0.0435372
6.45578
5.41112
0.786492
5.3836
74.8427
4.2504
20.6512
48.6451
5.91972
8.24178
14.9096
1.46981
10.8376
1.88976
1.31484
0.450899
3.66972
0.362967
3.94118
10.8995
2.03869
5.95469
15.6858
5.83979
0.212377
8.29173
10.9458
6.30822
34.7468
5.30278
3.58933
2.32112
7.59167
10.118
1.48899
3.23453
3.65374
9.98729
2.28223
6.21279
0.0499093
11.2872
4.17164
8.08562
20.8741
6.24425
25.1633
0.0907654
4.14148
1.55572
0.357579
4.45368
10.5569
1.63759
7.66611
0.148965
2.14446
7.85589
23.5399
5.90696
0.310693
1.36001
8.85499
22.3831
0.535977
6.50126
9.1397
22.9034
0.472488
35.6443
4.08947
6.14477
1.54649
6.52241
5.43068
10.1291
9.33599
76.3059
6.39285
80.7607
8.95891
6.05849
6.46204
2.22363
32.7909
5.64022
5.50402
2.60587
8.74437
4.92945
9.5215
4.58397
1.1969
56.5334
0.280063
13.0561
63.9719
6.6008
36.8246
0.201983
4.6743
6.72114
16.4107
0.0935571
7.55359
4.79751
5.13305
12.4817
4.43187
14.8985
9.006
49.7153
20.8939
3.70358
0.444539
19.1538
22.886
7.69858
11.6773
16.8138
22.3167
0.407721
0.105129
0.708207
13.7232
15.2888
20.6024
0.635025
52.0472
0.663919
7.72383
0.60332
5.6135
33.5473
0.199715
3.35211
4.17388
5.69201
9.12308
19.2733
4.35156
5.09593
36.0506
2.06797
6.15807
9.25755
25.3809
0.135186
4.83801
7.48451
5.83197
5.8884
0.207575
13.7199
4.1572
5.15392
45.8785
139.667
13.3424
0.771471
4.01029
1.97063
0.0982078
32.7982
0.364585
1.49293
6.17865
194.957
33.1078
6.49074
15.2714
3.59827
6.24114
17.8195
3.01193
0.466323
61.0518
0.94698
16.2157
10.5752
2.43108
67.9867
35.8563
0.0820505
2.7225
42.1189
23.3679
19.9174
20.6675
6.52427
10.8817
29.5958
5.94652
5.47491
4.29237
0.320058
10.2202
5.93834
0.31109
1.26325
9.66135
0.202818
62.4279
0.495548
10.8781
0.258546
131.902
4.99201
13.2997
4.22726
6.75889
4.35433
16.1176
15.1094
17.2364
1.51875
133.218
6.09805
2.64885
0.160111
1.0461
3.34294
2.26568
6.40182
9.00998
0.681089
1.72105
5.24551
16.2646
6.35381
2.67237
1.65495
3.66181
1.3327
0.326844
6.79479
0.00271512
1.19358
5.02193
8.86963
10.9918
20.6675
0.16352
7.86903
33.8871
5.85327
2.03177
5.96343
8.12107
37.7296
0.172275
40.2568
11.1393
5.33744
1.34773
1.39959
0.0483996
4.16068
8.38933
3.50498
13.7242
8.69414
0.400642
16.3443
1.33853
22.0231
12.9547
4.89452
8.61734
0.070341
20.6499
5.58272
7.36294
3.51401
4.25539
21.602
19.238
1.44262
4.62558
8.38337
2.12303
3.81719
0.365421
22.2107
2.17108
8.22028
24.7327
13.4952
4.32983
33.4492
2.98985
6.60621
0.211552
3.49112
5.89258
7.26134
3.9531
0.334234
3.89768
6.43047
4.13029
7.84891
0.171366
4.37983
1.36872
8.89947
0.993143
11.7387
8.30941
3.16932
1.95345
1.30548
8.76295
0.19637
15.5132
14.2781
2.23983
136.486
70.6285
14.741
4.66806
4.32725
5.69558
15.4749
0.314184
1.58778
0.8587
1.29304
14.4848
11.0126
22.624
35.1899
6.55028
22.7017
44.0904
13.5212
30.72
10.3684
6.53138
27.5899
25.4655
0.526081
4.61143
20.0731
9.3523
1.5696
0.858354
9.00466
7.52182
3.31497
6.20498
6.09965
0.105515
4.24985
4.28573
4.84144
22.9976
0.961971
0.415676
3.9245
3.48798
19.0073
17.7188
16.4447
3.19514
1.38327
6.80162
2.50818
10.0255
14.2563
39.6381
4.37291
4.30357
2.44511
2.73355
11.0334
6.24622
0.138441
8.56632
0.241023
38.8377
0.0509627
13.9375
31.5409
5.63447
4.74666
3.9953
7.63708
0.739843
0.0813639
8.6392
12.6799
16.6325
22.4059
28.0841
28.9491
4.43938
0.140654
3.48472
4.41306
4.27121
3.50454
4.93486
0.0763082
4.68613
7.11353
13.3606
1.32241
33.1529
5.3883
0.207801
7.00267
5.43591
2.07536
17.4491
3.96247
7.43177
36.8764
5.41688
6.14058
1.1145
7.91293
115.83
7.59796
13.1918
18.3391
4.96198
21.3641
7.07617
2.62044
17.3324
7.88262
9.74443
5.91353
2.20304
65.5667
27.0694
1.08665
14.4498
7.28384
1.75341
24.1951
0.188541
13.5925
5.48031
12.6564
1.88531
6.4303
7.03997
7.47587
29.1454
0.284258
14.1758
7.80092
2.06095
13.4361
2.10377
39.9304
4.28199
10.9827
2.32045
8.01931
0.563726
0.658382
2.97988
19.0912
4.77714
2.00783
77.9255
13.6894
19.2652
2.69599
50.7817
12.971
1.99155
3.51263
24.445
64.4484
0.209652
34.0243
5.85378
65.5733
4.69489
1.90322
4.68706
6.22635
13.9555
5.61113
23.2246
5.73706
0.57854
17.6856
27.1986
98.6559
5.63935
13.3297
0.157915
5.7176
74.7863
0.431006
0.172845
3.80306
1.4051
0.130774
4.37764
0.451618
0.100514
22.2171
1.64799
5.58719
33.9431
3.88406
0.124746
25.1849
59.007
23.702
6.73046
41.1261
2.39878
2.41375
24.3932
4.99109
17.2034
2.70831
21.987
2.94348
8.99772
73.8481
1.58969
5.33747
3.78349
0.238068
21.4911
7.26703
3.75393
1.02067
11.5025
7.05395
9.40948
6.54589
0.129245
0.175459
4.48469
1.62846
4.39889
7.78701
2.73365
3.44008
24.392
34.7225
1.49273
14.8916
3.11302
3.45884
0.0718023
8.89013
5.02285
12.8649
10.4123
24.9865
2.82563
84.3223
12.8744
9.74953
4.39779
24.9886
61.7258
21.4753
8.84129
3.10108
3.21814
26.0682
14.2395
1.43246
2.0996
4.48599
2.32355
4.79432
2.95825
0.539438
11.1539
71.5228
47.0607
5.51997
24.1425
8.41168
3.00557
2.3884
7.4257
2.5115
14.8256
0.196692
98.5046
23.008
1.02969
0.840624
2.19759
5.23098
0.471798
4.0608
16.3507
1.23366
93.2443
33.6811
15.6081
3.13906
7.90247
2.06508
2.59843
15.4984
8.09206
5.15731
6.73478
3.98496
10.3045
23.0608
20.8241
4.35125
3.55689
81.2447
40.5303
7.22471
1.43039
4.49228
2.2072
6.60884
0.520948
7.56045
18.1385
17.1411
2.03758
19.7588
0.377924
4.31821
2.00184
13.8716
57.6765
9.07839
10.7013
4.78733
0.714772
21.7064
0.0927501
8.05092
7.09108
0.190006
1.89275
6.9611
3.43439
23.6797
16.4269
16.4887
5.31903
3.39941
1.94829
2.81195
5.92143
3.17395
7.67746
3.64628
51.7053
7.8318
80.9319
18.8452
52.6269
0.196962
1.19137
27.8287
9.22229
1.95508
0.374155
12.743
9.40111
3.25723
14.8182
1.29867
27.3086
8.88249
6.16813
3.10449
5.14837
13.1217
3.37353
4.47971
0.983565
4.35771
0.0745988
5.5665
3.96747
6.46916
31.348
15.0634
9.95016
7.41149
2.09511
2.95574
19.6117
3.2197
9.13587
2.56763
5.42196
6.03607
44.8302
6.50489
0.177539
2.70298
23.8168
6.53631
8.25369
7.45487
2.05776
10.2109
24.1533
3.94188
9.8015
4.83835
34.0762
0.682697
2.09071
74.7162
2.18352
5.28635
2.3953
13.3516
10.223
33.0652
1.54453
19.5529
7.79238
21.7891
4.23673
3.57099
9.07005
2.75776
3.88758
17.0226
5.36739
23.1758
1.6421
42.9052
26.9514
44.2132
0.694444
0.259221
36.8537
6.20181
4.71559
10.3784
2.66136
8.59161
4.91657
10.0179
7.39588
1.86542
3.8947
0.980627
4.60663
6.77657
5.28987
2.76053
8.17985
17.6083
1.63749
3.28805
17.8176
22.634
41.2174
9.54421
14.5681
4.70632
8.34496
1.31702
0.497556
10.7091
5.58823
1.22665
0.744907
0.125514
36.4746
2.92382
4.38839
0.064513
6.16818
15.6406
7.31612
23.927
7.27652
10.1123
4.79131
7.64067
7.15875
1.21683
16.419
8.04795
18.4463
3.92514
23.0126
2.25475
0.874678
7.74482
12.2392
0.813747
6.27814
1.46426
0.886802
23.715
11.9372
1.67212
0.576389
2.70931
14.5607
45.7293
1.94306
1.59908
24.5887
3.74232
4.96432
0.466432
22.7719
21.467
7.80128
1.79739
6.44701
0.271224
22.27
4.1778
11.6614
12.1569
7.04383
112.318
8.83495
8.69981
31.9775
1.95361
0.227804
20.6424
6.14877
33.7903
11.896
5.11269
11.483
37.5063
0.482183
1.9807
7.41572
25.5608
0.0973347
3.74328
4.97384
0.146433
22.3026
3.45567
3.1808
3.7959
30.5447
4.73607
7.18276
6.33322
19.9585
0.505698
5.17607
2.40224
6.48392
3.38762
9.57953
16.6433
2.08967
6.64835
0.141373
2.96565
9.63187
11.7321
32.9129
5.55529
15.7756
2.07623
0.0545347
31.3589
3.32067
6.01111
0.730732
8.60489
0.11181
4.77898
2.61121
5.45874
11.0657
1.00956
36.5988
0.250839
5.39641
0.756319
9.04956
3.50347
0.372337
5.93862
2.48415
6.0625
1.43459
2.93306
0.403615
0.465531
3.29249
20.8976
7.81973
2.77734
3.9003
0.793219
4.29978
9.33415
52.4752
5.41766
6.34374
19.6705
78.6029
1.21073
5.26199
0.490967
3.38273
4.66759
11.9935
2.83008
1.19488
1.98764
13.687
3.95866
2.94751
10.667
0.413864
7.23715
24.4015
1.64724
3.60847
0.424054
8.42216
4.60947
2.98272
1.36223
1.68688
0.683459
24.8075
0.257831
3.85022
13.8529
0.41016
2.23919
4.79866
9.88891
7.25635
6.57236
25.4081
1.4317
0.0474895
6.84522
46.5175
6.93796
9.07931
1.24926
3.68883
9.41632
0.190881
2.54986
15.1797
13.1858
12.387
4.94479
0.198467
1.50755
2.81469
5.99381
4.27174
5.38251
13.0629
20.2392
1.75929
4.83665
10.3147
1.08313
11.1407
1.98291
4.94668
1.73818
2.18849
5.37577
2.12156
6.78581
0.999661
0.377099
127.815
0.65352
0.0653868
6.59828
0.70837
42.64
24.1698
33.4028
12.0353
2.08601
22.0025
3.68211
0.154051
5.25913
1.3814
13.6368
6.9637
6.95553
1.99748
1.99569
0.0551874
6.3102
0.124012
1.44396
0.348172
7.04402
2.56399
1.74998
0.136203
4.38302
10.1688
11.7291
0.837813
4.18987
22.8431
30.3054
25.4607
1.30344
2.23177
26.3303
51.6475
0.0682795
0.365299
2.31581
4.10182
14.7451
3.06166
1.61148
0.323849
1.38594
4.50607
4.58955
4.99753
1.25709
2.68686
1.33391
4.24184
5.30583
10.815
7.5856
4.65073
7.69476
0.389477
0.0645115
1.99471
1.29325
0.317746
1.30334
25.0336
0.202472
0.0301293
8.29987
1.4068
5.7252
1.16489
0.444512
23.772
2.0344
1.50313
5.35721
1.98614
0.204254
4.03792
142.447
2.34708
3.35942
27.4175
2.19308
7.83338
9.05981
0.326563
3.99102
12.3372
1.29045
24.3619
1.53581
8.10902
0.92153
6.45403
5.60798
0.978767
4.87748
0.814762
0.377778
6.44395
1.24874
4.81458
14.235
2.24793
1.50856
3.60502
4.78905
0.657535
6.1555
4.07264
3.64231
31.6157
3.49042
4.17649
2.2828
0.919649
3.51096
2.97198
39.5286
1.10504
4.79644
226.593
0.0809544
92.7453
4.75792
8.03539
67.6962
4.54031
0.135853
2.41888
1.31261
0.364291
7.83242
0.0679706
18.63
0.0730871
9.43115
4.52915
1.05364
2.01339
4.04387
22.6918
1.51335
4.3793
0.230731
6.65887
0.190787
1.38791
4.26234
6.24172
8.88803
4.33421
1.35924
80.3193
2.21988
0.531617
4.45484
36.0798
0.480821
91.0733
1.58234
17.2884
0.824863
20.3525
6.73817
2.04137
2.57958
2.57377
3.23828
4.70478
5.227
46.1893
6.27528
5.79682
4.51325
17.0319
1.35865
19.2415
1.95976
11.1502
101.377
4.0604
22.0461
9.65907
1.82588
7.72939
0.0475742
1.64111
9.89617
10.0578
21.4718
0.562166
4.99349
9.93634
3.3138
3.37666
1.70671
4.45779
7.08625
3.37114
24.0702
21.8835
6.94894
31.6533
11.6149
0.738433
20.1413
3.31252
8.05138
0.0994892
8.24159
6.05474
2.25951
3.0958
23.4689
5.61869
19.7178
6.50993
13.607
1.41532
2.00159
11.5527
19.0953
2.11704
2.68838
7.57832
2.17563
19.8955
66.5091
36.1168
1.09729
0.341041
7.21809
2.97239
22.7679
0.0698587
7.10301
1.37015
1.34371
3.85542
2.88135
5.46207
1.96749
3.30191
1.75876
3.39266
9.75779
17.3543
1.62944
2.79398
0.0810091
1.83999
22.0541
24.091
4.24669
0.330233
0.743846
1.32065
0.248103
2.02222
1.94352
6.26441
2.33722
1.00707
2.39304
2.47299
6.76313
23.6221
3.7693
5.8188
0.111246
8.47569
52.1533
2.86313
1.28528
9.4998
0.175048
7.16485
10.1863
16.9943
0.0797784
28.4948
1.47475
0.997512
2.25672
19.0282
0.82324
29.4391
0.0711918
5.58672
4.36029
4.76259
82.5939
1.70935
0.212686
16.9848
1.80017
4.39011
1.73968
23.0987
15.2166
3.78883
7.464
27.4207
16.1442
1.43351
23.4017
6.69612
0.134853
20.5626
10.4648
35.7139
253.377
21.9299
24.6795
32.6599
16.9266
0.882698
38.041
2.28936
8.69253
30.7573
0.424416
5.12921
0.574463
2.34277
25.3531
1.14833
3.73232
2.28936
31.8227
1.99978
1.49723
21.1288
20.8994
10.8824
2.72439
15.5419
9.78876
291.79
8.18319
9.29295
8.90418
3.94492
25.0332
22.9343
10.1777
1.57408
1.26335
4.97099
11.1768
18.494
18.4502
0.0143629
45.3015
3.84419
9.35669
2.23589
6.75618
0.0664457
22.3621
5.60337
16.995
3.9713
4.47757
231.603
1.9352
4.09781
9.64748
0.184872
25.7261
2.26244
0.175822
3.8355
0.0699556
1.04216
0.555259
22.9968
1.71377
3.60078
9.63817
1.78533
11.4666
4.67488
9.9061
0.111109
14.9231
3.62656
8.66184
21.0778
0.982876
0.0973065
7.9239
1.28579
4.0318
4.01718
5.00197
3.73022
0.184254
19.8945
0.205342
2.39199
3.97496
274.907
0.921869
273.473
1.2042
0.412415
4.60127
18.2525
2.23404
21.9887
1.22659
18.5257
19.5636
0.00524417
3.07097
0.334144
0.109715
289.105
2.76465
4.58063
11.9197
54.8856
6.07308
21.8758
0.0710628
2.03373
3.31992
3.31634
15.8939
2.22758
1.80731
1.66425
25.1491
23.8417
3.31905
31.4142
0.335488
2.17512
2.15937
3.38749
1.48588
21.9903
0.417943
8.8221
26.1216
0.136699
20.4262
20.4936
0.856393
2.94272
0.409023
0.153999
19.5054
14.4844
24.7764
8.90701
75.8178
6.81696
6.95532
14.963
10.0046
0.0207492
7.25345
19.2835
0.0607212
1.34813
30.0286
1.84603
5.10099
8.47995
3.23013
65.0604
0.0258153
6.73588
0.1751
0.131899
22.9621
3.32045
1.51879
2.00713
26.0942
3.70832
9.48199
1.00391
3.27457
4.50548
4.9983
5.00059
0.702713
15.3436
65.8785
76.82
3.66469
5.40779
3.95393
0.0724501
0.0732023
2.9037
5.37111
39.5428
9.70488
2.85637
2.85881
3.17015
36.21
0.074831
2.40732
1.88292
10.3336
0.111449
9.09001
2.18466
0.0742581
21.5813
6.6388
1.53868
0.0831759
5.46274
8.8942
6.33085
8.11891
6.59765
29.7995
8.12843
1.41869
6.61773
28.3031
2.98227
5.61058
0.779328
23.0074
26.3236
10.2067
1.34544
11.253
3.3442
0.56956
51.8949
2.33714
79.5137
2.38137
3.56185
27.0767
5.96257
3.93147
5.43972
1.1594
1.9475
23.9862
2.02429
2.20111
47.6138
23.0159
27.8757
8.18253
38.5605
0.147499
22.6046
3.92854
2.84756
5.67612
3.65647
12.8709
59.1839
23.8323
6.90068
0.725138
0.0477369
1.64239
2.13733
10.9539
1.90298
55.6618
2.85238
2.06626
0.401217
2.53253
1.11236
0.446449
0.672257
18.7177
1.02844
1.49405
1.1005
1.779
8.13495
3.21514
7.12711
0.101277
0.468112
7.34974
1.62344
0.123395
29.7751
6.44044
7.6035
3.04386
3.2256
28.1901
5.3091
4.06746
1.64675
5.00933
21.0489
2.69082
6.61036
22.3639
12.4934
1.50471
1.07005
1.8524
221.328
4.09723
97.4521
0.536075
1.3687
6.6523
48.2291
0.907586
3.70702
3.06919
2.06157
167.38
2.21584
2.52644
29.4244
4.97144
23.9651
8.09317
0.16156
2.74259
4.42184
27.7683
10.3137
2.15383
30.6801
0.386458
2.29571
4.1284
6.63949
3.61161
0.938635
2.57163
3.64452
62.1338
6.4186
0.190739
2.06384
0.839544
4.62011
7.22167
16.3263
2.11267
95.5247
6.47299
20.1453
5.14496
0.140631
26.5836
7.72319
6.05954
0.103217
17.4587
11.8025
1.60035
20.246
0.986249
2.68987
8.43857
0.0667444
1.01842
4.77668
0.824037
10.0529
9.35062
1.41704
8.26517
7.00662
0.75264
0.152416
29.5154
2.20712
33.5494
6.47749
24.0496
4.66939
41.1105
53.3854
0.624927
4.03135
6.15403
15.9327
8.30867
0.680352
4.89482
7.64332
22.3382
7.7994
103.235
4.94216
0.856836
9.5188
6.41238
18.0116
27.8618
71.3509
32.744
4.6817
9.14608
3.48976
0.683488
16.3659
4.64178
5.5158
4.18594
8.37203
3.24471
22.7807
20.3009
5.6218
11.1964
0.601198
0.0215223
9.89036
0.864015
3.5172
1.58575
3.63605
10.9275
1.56927
4.06362
0.0522157
2.04716
3.16718
8.58095
5.88055
2.52191
6.55606
17.233
25.1339
5.0608
8.51695
32.2154
4.14861
4.40336
27.1923
5.15143
2.59078
0.0669599
25.4484
1.86994
9.67955
0.0701359
60.5709
5.68741
0.262895
32.2212
4.417
0.24596
0.172883
39.8204
4.74867
3.01994
3.25423
2.32322
42.2298
8.43593
3.78068
2.69912
25.3444
2.9215
3.08153
4.58052
2.54007
105.823
1.58271
0.0908097
6.12712
7.45949
0.423061
2.87042
0.359112
19.8912
0.0562101
0.0500636
0.135872
1.94356
3.18602
7.17332
44.3509
12.684
0.0993872
3.20411
4.05539
4.92992
15.9011
2.58343
40.6417
6.30966
37.5907
0.122216
0.167662
0.0943663
7.58124
13.7785
0.0707855
1.32938
20.9719
4.63692
0.209763
1.71032
17.3102
4.8593
25.8671
10.6043
1.66605
3.05207
6.79477
6.04018
12.2057
2.81447
0.00407221
92.3386
2.63626
32.1442
0.211349
0.298196
17.598
10.0222
15.6673
68.1438
1.70224
0.828548
7.38402
26.9752
0.948602
5.03554
4.48112
270.835
0.0141646
0.82413
243.82
3.24527
0.104157
2.57257
21.7509
11.7368
2.14882
244.683
6.50303
79.0279
5.95619
13.6999
12.2945
3.67134
4.61136
273.204
0.171438
8.0496
81.3421
63.2049
4.19647
2.44893
1.67276
113.131
0.337127
1.05074
22.7173
18.5051
5.726
3.64561
1.32835
7.65601
3.68565
19.2596
3.62455
2.71888
7.35698
24.2922
2.02183
0.828335
2.94659
5.02458
11.3714
6.33782
3.04081
91.2422
9.47326
24.2034
5.24552
1.43869
0.0632014
2.14491
2.40481
2.42892
6.14191
9.8386
3.01413
2.61757
0.261643
2.33116
7.70197
4.21634
7.87223
2.1408
0.1013
31.7843
27.4985
262.013
5.15038
0.130932
2.11519
5.89451
10.1981
1.74167
2.40089
4.22822
0.139627
41.869
23.7142
3.56445
6.68703
9.63237
7.11874
8.56864
26.9614
2.43775
7.81822
28.8208
12.8541
30.2083
1.44977
0.12015
0.163039
0.240426
34.3845
5.60469
17.3928
10.0084
30.5856
28.6795
0.192525
9.89374
6.72565
22.3319
3.149
23.9689
12.6419
24.7327
3.80976
0.746043
2.88092
1.20672
5.8794
51.2517
5.50526
3.31578
4.42352
0.10982
7.20274
1.90666
19.2932
1.65828
16.0283
24.4707
14.7517
58.5887
2.17884
19.6869
4.2242
27.1307
2.78359
4.34466
15.9733
38.5628
6.20902
0.0617164
0.214272
1.28706
2.60289
32.0024
0.972821
2.13504
39.3301
0.516356
3.78801
8.28178
0.479578
17.8104
2.36721
2.27932
1.53118
1.65286
39.9524
1.87189
3.86002
1.75423
6.46924
4.79855
26.2045
7.16082
7.65828
0.887305
7.4664
10.5104
0.826664
16.6798
10.175
1.22682
2.79144
2.43029
1.41506
2.50006
0.863159
2.79816
0.464531
0.295542
3.49885
17.5285
33.2348
4.09149
35.9285
4.03466
20.0606
15.6115
0.471171
1.63773
5.3616
4.19693
5.93895
0.598094
1.9543
2.64376
4.75141
24.8258
7.19402
4.93021
10.4286
20.7982
3.11075
0.406371
0.0813689
2.25654
18.0929
0.213735
5.19315
1.42733
4.17709
1.99527
2.1111
19.1304
17.7352
2.71298
2.98191
2.1738
2.11667
1.90058
31.6411
0.432358
32.9863
21.5339
8.25004
2.68195
13.3077
5.7497
2.57687
36.7784
0.000297387
33.3444
19.0397
6.67735
13.4916
0.0889831
7.81639
5.31206
25.1689
6.44742
23.258
3.67203
2.8099
5.96455
11.2431
2.67612
146.558
11.2856
17.5582
8.27111
0.134604
16.5778
11.7905
27.5657
23.8919
1.7649
2.76226
5.65491
4.31326
2.1569
3.78567
24.0433
3.52787
3.03698
5.61587
5.48926
5.9807
22.4856
23.6096
0.102468
10.3822
33.448
11.5709
2.5619
4.28499
0.100768
0.0384791
0.432351
38.7289
20.4622
11.9756
64.279
2.79
2.9638
10.6358
3.25676
20.9381
16.9859
0.892757
4.535
4.93281
16.8969
0.189183
23.0967
0.0638817
0.692069
13.1174
3.32135
10.3679
1.98017
0.813734
10.3037
9.66704
3.24158
0.0617374
4.8934
0.569581
4.70164
2.99507
4.32767
7.59903
7.32671
9.95684
0.704555
2.14097
2.20872
14.8942
21.8995
21.2495
17.8725
0.425331
0.106139
2.07881
2.22771
25.9794
39.994
5.51414
33.525
25.3294
0.888971
9.35346
10.1406
21.4679
21.6649
2.17901
0.865224
4.27779
6.29017
10.4451
4.18566
0.194125
0.737696
20.1421
23.5623
0.886703
2.32197
4.57169
1.08584
42.7045
23.9433
23.508
18.4267
2.12608
5.48825
5.03136
5.02401
0.415783
69.7601
1.76008
0.78282
7.72081
0.184903
12.0746
1.35522
4.86676
14.6326
36.8739
17.624
3.03915
17.6923
0.537009
1.37683
10.0621
4.42065
9.44795
23.5039
18.8436
3.67384
5.79496
0.551718
44.6054
18.5708
0.0956809
2.50771
10.7241
37.8083
1.68607
8.33984
2.16924
10.1388
1.23555
86.0739
10.7236
9.54725
0.057674
41.8121
0.0343943
9.45553
3.89349
1.51582
18.7986
24.3247
1.49412
1.33406
1.845
2.47002
0.517591
23.6959
3.6557
0.12996
0.0700558
14.0923
30.2216
1.33254
5.41263
4.77551
0.0719114
4.66363
2.40126
57.2264
0.609106
24.2822
1.37765
6.07626
2.65241
5.71382
0.136977
23.3088
5.58877
4.17231
18.7427
2.99852
2.66157
27.6989
2.61257
3.0564
89.1368
1.39258
4.32037
5.48078
19.6361
8.10692
1.28762
0.733724
3.07044
3.09229
2.96921
5.1052
25.681
23.743
30.534
10.1736
1.05711
5.76432
5.71175
9.4845
15.0429
3.06312
2.46735
0.2053
22.5625
10.5995
31.5947
20.4648
1.59461
0.730395
17.9593
1.65721
1.2456
14.2579
2.65426
0.173338
2.17097
8.27482
1.8394
0.386111
3.91768
1.16489
8.42429
3.10212
2.5372
1.88582
1.26414
4.93956
3.05068
26.4842
4.42016
0.419042
2.97671
20.2275
10.7946
2.71519
1.69808
7.99154
1.665
68.436
7.46324
0.409681
8.3448
3.41258
200.33
5.79569
2.98541
5.34502
0.149771
9.17197
78.8998
47.6506
0.00249628
2.4005
0.173519
23.7216
2.18004
0.931127
6.62727
10.5579
7.21038
1.09603
1.56299
1.67054
2.85044
2.10788
0.139626
4.24418
7.38119
1.36877
0.135643
20.4009
1.11147
16.5216
2.93056
5.38055
5.92939
15.4236
17.0407
1.0254
6.24559
1.09326
29.2903
2.11025
28.7895
16.1272
41.3614
6.69531
17.9581
3.79797
6.37124
5.2095
6.35309
7.47813
7.8197
0.5019
21.4198
0.620053
3.31493
18.3955
3.68666
3.86764
5.63667
1.32527
3.23832
1.54294
19.5783
66.0971
0.349428
1.20309
2.72101
4.00935
5.41216
0.436871
8.76293
24.9527
2.0791
5.016
7.87921
14.4659
20.971
100.632
0.413316
3.01779
4.02411
14.7377
159.648
4.49314
4.2205
39.1083
2.00791
4.75852
2.77883
14.7436
1.51128
2.77379
2.27182
29.6668
17.4621
32.3432
1.68499
21.4097
18.3697
7.12038
1.7367
2.8182
6.91515
140.01
2.76714
1.68322
4.32158
2.16635
96.3857
0.777666
0.234062
3.54904
14.9555
28.2337
2.84412
0.914147
17.9429
23.4763
0.20278
7.74638
4.3983
1.075
2.02508
24.637
38.0821
5.2701
20.393
26.932
0.0800902
10.5676
2.28085
7.4084
3.23466
16.3323
4.15944
5.42617
3.10102
0.516663
2.77058
2.34209
1.21217
72.0057
2.04229
19.5703
0.984525
3.36928
92.9848
1.88318
5.21023
0.190916
3.95585
0.941693
0.048308
15.1974
45.083
17.4161
2.04706
22.5186
7.2467
2.06587
5.89597
0.693952
1.66535
35.3022
1.65719
22.6965
3.3857
1.52584
7.18942
0.026356
3.92741
178.723
1.53269
4.1381
1.42932
3.18187
6.56383
1.18772
3.08263
16.2062
0.34602
16.6664
4.11816
2.35687
0.779892
3.96127
4.44377
24.2805
22.1965
11.3057
1.37458
8.76716
1.48221
0.835863
1.53443
2.66095
5.23368
2.56293
2.08859
32.564
7.28501
8.49852
2.43039
6.2221
5.01631
2.18459
1.3743
0.427923
18.4068
10.9162
3.59125
17.0649
2.82991
8.24722
1.22028
5.08429
22.5202
8.86149
49.7419
0.263816
4.93364
0.099896
0.0662452
29.034
20.2648
35.0214
1.76475
1.32846
4.97712
0.839224
0.358764
2.88133
7.37401
30.4524
4.97241
4.41757
1.86626
24.2284
1.27311
0.335886
0.11849
8.11152
0.0943419
21.9851
10.0688
7.51662
135.378
19.8395
1.99649
7.98603
14.1352
1.53729
0.658854
0.175948
14.7819
0.873302
1.33804
2.26775
0.261088
35.3737
3.12212
4.75648
0.11934
17.6141
1.9533
7.1027
1.17032
0.635099
3.01171
2.79086
18.1477
0.0876944
4.13569
0.43699
0.384178
0.777546
4.60331
34.8123
7.34102
15.061
4.75287
1.43016
0.07039
4.4109
3.12971
7.03783
10.8016
0.161097
1.52458
9.03756
20.6406
6.52784
1.3818
0.520747
17.5443
1.27967
2.302
2.09366
6.86256
48.4209
4.04122
0.182936
4.08903
2.67277
0.0899121
2.41163
33.5931
2.52793
21.7844
2.00561
2.22586
16.0072
29.7909
0.846342
0.132825
4.03246
0.0538554
6.48423
0.577418
131.933
2.86488
0.261356
26.3895
8.41105
7.01479
5.92597
4.20193
11.0539
7.68199
29.2245
6.27366
28.579
0.0829783
2.22883
3.8064
1.71952
0.874792
5.19031
30.2823
1.69299
78.8319
2.86218
35.3568
12.448
3.87924
1.6664
2.34568
0.656205
107.658
10.4593
1.76946
7.04557
1.44706
7.56898
0.321564
2.29953
5.08361
0.123925
10.7834
22.7799
61.588
3.29739
5.48584
0.239333
7.18923
5.10982
28.6769
21.1468
0.598851
1.79548
2.39244
34.3899
145.863
41.9462
5.86012
3.05683
0.36295
2.8868
17.8472
10.5385
36.991
6.37761
2.63635
0.703924
0.0623386
24.3678
24.9377
6.78604
2.27945
17.8202
16.7925
1.9836
0.784196
2.2136
7.10312
3.60383
2.17628
2.38043
0.951264
6.84836
11.7135
1.22294
0.528914
2.11551
3.28153
23.2221
5.36154
21.5738
30.5142
0.570497
68.4086
9.01536
0.0823837
4.23843
7.65875
0.182394
1.72154
0.0283847
122.611
4.2063
7.31186
12.4412
2.00798
0.0934433
9.78571
0.32818
19.394
3.07748
0.439204
1.53379
8.06138
0.834939
0.0403432
1.18278
3.36672
2.5198
16.0245
73.2213
0.843784
3.05834
13.1951
28.0958
28.2805
1.91266
6.85468
5.10798
4.68537
28.7211
2.40527
1.73509
4.49035
3.26948
18.1733
0.725437
2.41557
0.0648967
4.60163
2.01007
1.01866
2.45874
2.74732
2.75352
5.39054
6.63642
2.83895
1.79679
2.30959
4.0643
3.58183
25.5866
3.56778
0.696178
3.66493
0.305516
5.90785
5.4039
17.3864
14.4645
0.483049
25.6604
3.35701
0.0609573
0.757281
1.32285
35.0268
18.4888
1.62486
2.01697
7.21809
1.34567
6.4729
0.530696
31.7761
2.09454
8.39431
1.84948
0.774383
4.68511
14.8151
0.947762
6.70283
0.0901227
20.6889
46.8647
2.31021
2.20326
2.02084
0.126898
32.308
38.4368
14.4133
2.32921
3.24604
1.20187
2.59251
6.76305
3.55235
0.683964
8.36953
5.04292
6.66028
2.94112
4.50838
0.845319
3.13575
1.75736
3.35385
1.8761
2.54903
1.9617
3.96509
2.44904
4.75144
13.17
4.57793
2.63942
6.87093
7.18123
15.4824
7.90853
0.0356329
10.0684
3.07567
3.63481
2.11826
7.30923
9.08127
5.69051
20.8928
0.628054
11.7113
1.80488
17.0403
24.0053
9.73151
21.4907
0.117584
5.95515
1.10516
38.4267
7.24712
26.7083
1.25981
12.3351
17.8562
35.1273
3.24843
6.97983
11.214
0.5345
60.8433
29.2942
2.33683
18.6994
1.77208
22.2965
138.862
1.87487
2.73677
2.59838
2.53835
9.88521
18.2289
0.599391
34.3799
0.0736971
4.44148
4.40196
5.8221
25.8021
0.161103
13.5721
134.738
1.81005
4.21449
0.851516
12.3385
45.1514
23.4769
6.55024
16.2733
36.6976
11.446
2.30467
12.9184
3.7059
5.02218
2.69992
16.0516
2.19035
6.67776
23.3381
2.18812
3.85003
0.0784078
31.2945
2.76656
68.1601
4.82327
3.53306
6.09513
6.9231
38.0238
8.9325
9.30419
0.206486
10.9953
23.2965
19.6843
25.4507
1.36093
7.06445
1.556
23.416
30.8027
0.0152895
12.975
1.72156
2.29687
56.1175
23.302
19.2784
0.874281
4.55466
2.26834
0.816494
2.57573
0.18338
4.49014
1.36138
11.168
79.7723
5.6449
5.25267
0.591916
4.96798
1.01677
13.9694
31.3564
4.44234
4.87656
21.8143
42.9204
23.397
2.74793
18.853
24.1245
10.5858
7.45915
4.85361
81.2517
0.512327
26.307
1.38988
2.40501
6.18071
22.1726
5.87264
5.50825
25.9405
1.08088
29.4186
0.547354
22.7516
54.0135
1.92756
36.5945
0.13533
7.41774
0.948524
3.01216
1.21701
0.0817097
11.7221
26.5683
2.607
2.12612
0.438625
6.7752
1.78589
16.2843
4.47147
15.3535
0.663586
58.6465
16.8501
3.24286
1.28867
22.0742
2.20207
3.36147
27.468
1.24695
13.9477
6.21087
23.7056
21.6748
2.38101
0.664452
0.17509
34.4885
1.97367
10.3172
1.09837
12.4438
3.6342
5.31607
39.3908
9.13733
21.2774
8.06675
33.5546
5.08571
19.5358
3.3433
28.4757
44.4039
0.771144
10.751
1.82942
29.1266
6.11063
14.0072
5.47186
3.23506
5.53322
5.33449
1.72654
1.26229
0.922286
3.90851
0.598339
2.4315
19.4313
14.4978
4.5421
130.351
21.3112
2.25932
3.94584
52.5158
28.9034
4.98915
2.99597
35.7203
4.47486
1.36936
2.00587
5.31561
26.0824
0.785003
0.165678
2.33909
15.0493
5.93014
1.04628
2.43323
1.76697
101.417
3.7098
1.31241
57.8648
37.7487
22.9919
2.25111
0.987744
38.0926
53.1356
20.9234
0.203538
0.39645
5.66291
2.42323
29.5127
7.4584
2.43204
14.5479
130.22
2.29882
103.857
2.52671
4.45662
13.5493
60.9863
0.353384
3.15504
6.57489
9.9786
2.67313
30.8888
16.7067
0.363448
0.042768
2.31181
26.5912
5.79103
22.4929
0.0357137
2.02877
7.38771
6.08505
23.4843
23.6551
22.9427
8.06293
25.1554
31.8398
2.33933
0.0593344
0.132956
35.8189
0.530294
1.37719
5.16039
1.08448
1.11729
3.52898
4.3955
6.3668
0.147701
0.362568
8.29612
1.81249
30.4268
31.1844
10.5121
40.2978
21.074
18.2952
22.9186
30.0799
71.076
2.56833
0.975029
2.06438
3.3814
11.9896
2.92017
2.77863
40.4386
4.03536
4.47583
26.6798
2.91433
2.82917
4.32283
2.56961
1.08811
27.1803
0.316916
2.63173
2.20729
3.64628
0.359055
4.31733
12.5822
84.8791
1.59481
0.065576
2.12373
11.7277
0.0979144
24.1885
10.3964
2.93841
1.09224
0.583321
2.27933
0.53033
1.3206
18.0976
19.9082
1.49683
1.82671
23.7241
0.170197
70.3537
20.6331
2.58137
25.0995
25.6769
20.8333
1.23783
5.52206
3.79361
19.4178
4.01884
2.63359
3.49389
0.403264
8.93955
6.8014
12.77
20.8947
1.63921
5.04245
2.16454
14.1823
1.70478
22.8186
3.57771
22.1257
0.402553
106.943
0.00705499
3.00028
29.3227
23.1425
2.91187
0.653184
28.0266
32.7515
3.7284
14.6065
115.383
0.439894
1.99509
1.85503
8.31888
2.50592
4.70715
39.4692
1.53578
5.66137
1.58511
8.2991
102.649
0.486259
8.30366
0.0975068
3.81725
3.76098
2.78788
4.67455
23.3145
1.62671
4.82458
19.227
1.52128
110.161
5.78789
27.0899
4.63472
30.6602
0.383574
2.30595
33.2616
1.97225
13.9686
3.36811
3.75654
17.9092
29.1337
0.598673
116.201
0.532494
11.0316
18.6616
5.65457
9.34484
38.6839
6.60776
4.7843
1.86498
24.0724
36.1373
3.3361
1.21489
8.11863
2.06196
2.97067
21.1343
3.06825
1.07721
30.1568
10.5627
4.15798
3.44568
65.568
2.14038
0.550475
1.80121
34.1134
1.1688
2.08958
2.7027
2.34104
0.618293
2.04342
4.22059
41.876
44.1815
19.9599
41.7641
2.55171
23.7342
2.74102
12.8651
26.6738
2.78819
172.451
4.57549
77.6111
0.0692254
11.0895
0.63173
20.586
2.0293
1.16913
17.1887
9.05853
6.26498
2.98696
16.347
1.59096
24.196
63.7545
9.74589
23.2234
2.50293
0.63109
5.42684
21.7443
27.2541
7.68256
10.6243
52.0258
4.27069
91.7991
0.5521
5.75011
10.1795
4.76097
2.03209
11.4789
38.8651
15.5211
0.326388
3.47262
1.34801
9.64315
1.189
60.4358
24.0617
222.748
7.01758
0.359463
28.8066
6.9686
5.59678
31.4517
4.18627
27.1006
31.2377
6.16097
18.832
40.8432
0.744249
19.4884
2.35221
7.14744
32.5554
0.174017
42.1848
19.5673
9.94454
0.00163556
0.0116366
20.2154
4.40242
10.3425
11.8775
162.446
4.49625
21.8334
2.55662
9.5623
6.14779
1.11286
4.51151
25.0078
2.49269
25.4694
12.4879
38.3767
1.93313
6.19571
22.7826
26.4518
3.0659
29.8392
24.931
14.0044
0.439272
13.6012
6.564
45.5244
15.934
3.99817
14.9378
0.529221
6.0914
0.201806
17.8147
2.18641
59.3729
0.14207
3.56485
7.59411
11.0161
22.9184
0.291133
1.92209
2.05411
9.40856
3.62911
2.43153
18.4436
34.9042
24.5616
7.77329
20.6563
3.48797
2.43965
27.4288
19.4911
1.35181
0.205994
30.6965
3.66922
0.238388
39.1316
1.76967
26.7876
25.3731
15.7367
105.349
14.7747
48.8349
16.9243
28.2957
26.39
1.94759
0.539918
3.01238
1.20408
6.36506
1.4369
22.0627
13.484
1.27418
3.60813
0.187382
1.78597
21.4229
3.14973
46.3059
0.158182
4.92433
11.3773
4.80578
27.7955
11.2978
16.9284
43.0751
6.08677
3.10398
17.1914
13.5385
12.9635
14.0775
3.39042
4.67411
4.07199
1.35106
32.0053
7.52334
1.43845
11.435
57.0427
0.402759
1.32857
23.6863
0.0141323
29.0212
14.8897
1.59647
0.0833672
2.73592
0.798514
2.50159
5.73249
0.35589
2.74653
4.94414
18.0176
1.44121
10.8485
19.0455
21.9847
5.29842
0.171655
0.128224
3.24388
29.6457
13.0845
2.22424
1.09345
9.13498
31.096
0.822839
15.0889
6.62746
1.10152
38.1179
24.8424
2.28737
0.557679
0.725663
33.7395
48.0157
0.0446013
2.07132
0.711508
20.3889
4.36247
23.839
4.33066
66.1728
7.47669
7.70443
5.06962
0.078039
2.83886
2.89167
3.32445
0.44615
12.9641
1.96736
2.50448
26.2473
1.51584
10.8242
24.6188
2.57524
3.53502
22.2337
21.7415
0.611283
1.60154
0.0916105
0.485884
14.7027
36.5012
0.743573
8.79348
7.884
2.3045
0.185793
22.3603
5.83696
1.82947
18.6867
0.705244
1.35562
5.46706
21.4758
5.84919
2.00072
29.2236
0.0632591
3.23968
1.75315
2.02734
25.7384
0.51128
31.6852
32.0128
22.3606
6.09629
0.862702
7.42115
6.84645
19.6616
51.4902
45.7816
24.0546
8.17102
149.335
0.0673158
31.7081
4.54485
27.9506
0.387347
27.6174
5.0628
1.23099
0.797892
0.32518
3.86433
5.52694
65.9984
14.9425
3.2276
40.0454
20.8738
0.849273
8.53515
30.204
7.84035
3.8456
0.148198
77.4038
10.2065
1.8838
34.4378
15.576
7.32701
4.82183
1.32336
16.9979
2.10201
7.04092
1.85149
28.8817
0.522377
25.532
2.7551
2.97829
37.579
16.2302
3.10537
20.3839
23.0176
29.092
1.36856
1.2373
37.2588
6.76934
10.8927
39.6575
13.4717
12.1444
3.09926
3.84101
10.5348
221.835
1.94498
2.46961
17.9143
28.6791
0.0782646
4.90229
1.244
1.98769
20.895
2.21302
3.64782
23.883
3.97067
19.0096
7.01127
6.48333
3.75052
20.1217
15.957
10.9883
73.1967
8.3131
3.36969
46.4565
0.0892429
3.48461
31.1864
16.4441
0.0869164
4.61222
36.6409
5.70365
3.87139
0.180538
1.57341
9.23054
23.6227
5.72379
2.43784
1.39982
80.2913
6.751
3.71607
5.51497
6.32215
29.618
2.65063
5.05706
37.4258
2.37158
7.33672
27.333
3.97219
7.04658
1.15162
3.23607
20.3679
41.8305
47.8073
0.0911827
33.6671
2.09235
0.378598
11.1591
34.2979
5.25497
0.620577
20.9728
47.8011
1.78151
1.91335
5.56149
10.8698
2.84424
2.01311
3.55174
2.82334
21.4686
1.19683
0.0717978
10.8196
41.736
68.935
43.194
1.8326
0.0309685
1.85735
0.240113
0.0740891
3.89014
44.037
4.69604
21.5585
2.53219
3.05173
8.36056
1.13402
109.797
26.4761
23.2154
0.0472246
0.164692
2.91054
3.02283
15.9387
13.5266
3.31798
14.1861
1.59326
1.15902
12.3047
15.7539
10.0379
31.886
2.56456
1.39822
11.1161
34.5886
0.500362
1.54726
0.365622
19.0563
1.30628
1.61647
22.537
0.890759
8.77797
14.9616
4.68301
0.127302
0.172151
0.0726934
7.25956
0.257521
9.3051
21.5859
7.91457
1.48125
7.37942
3.55841
8.72334
0.449398
10.9127
6.77093
1.13789
25.4459
0.0672233
26.0571
3.80136
4.59591
11.787
11.3172
14.8097
6.08476
13.9448
0.0739945
25.3954
5.40313
2.37852
0.061221
1.79048
21.9784
5.82562
2.55447
1.24719
8.09256
4.83499
3.74661
38.0588
2.81488
23.6831
3.09943
5.45782
1.66994
2.92053
1.65262
7.06425
33.7838
38.454
1.79056
3.47449
4.43967
29.2155
25.4915
5.05117
0.220753
3.4079
109.54
0.209369
20.1552
2.74881
22.1409
3.37934
242.04
0.284405
0.222589
36.7594
0.190159
4.66024
21.9543
0.514015
5.73212
19.6414
23.3194
6.83003
10.7795
4.33168
1.76151
4.16902
1.08139
9.17994
3.49465
3.49134
5.28013
5.30012
0.432019
0.307245
27.9528
1.74836
28.9536
1.63858
1.33154
7.8336
4.4122
5.025
23.5485
30.6537
6.39013
1.35049
10.899
11.0915
44.9992
21.2104
11.0955
0.77657
0.229405
1.30688
83.3915
28.5222
18.6049
37.8385
28.1927
0.0255979
6.86709
2.59126
38.3413
9.28777
5.034
36.4737
1.64486
49.3761
50.3931
0.0427804
6.83475
1.02358
7.78556
1.63305
1.61396
30.016
37.574
0.695444
0.0681482
23.5365
1.43063
2.33238
4.34148
10.6815
5.42934
2.22313
1.20895
20.8745
1.30979
8.10926
0.924603
5.28548
4.00061
0.548583
7.25783
6.10821
4.70369
38.4786
0.152376
33.8149
0.780264
12.4007
0.378642
6.87116
27.9279
1.44377
4.53953
21.9178
1.52248
1.80068
4.94548
19.7339
10.8944
35.042
31.5461
1.78463
24.7961
9.33018
55.6401
3.48137
7.42927
133.742
2.06831
13.2737
1.21842
1.69959
7.12607
8.72491
77.312
1.96298
33.0546
3.3616
0.0865204
5.8233
2.29443
1.70681
0.000984765
16.8778
100.292
2.9159
0.290654
2.75717
32.3851
1.83727
2.53615
1.37363
54.5713
29.7485
3.05192
0.664582
0.136822
0.407654
0.171559
41.7701
0.4231
0.359973
1.37791
14.3348
22.6237
122.802
14.8096
1.42441
4.05135
2.58857
0.636202
2.64755
14.779
10.0727
25.6935
0.173168
0.128664
0.353449
5.93018
23.8402
1.38311
23.9862
8.43839
22.3263
40.2763
2.86321
5.18239
2.36891
4.11038
8.37391
11.2629
52.0423
3.30118
20.9636
0.550871
11.4718
24.5976
2.66776
4.04038
2.89845
1.38751
0.315876
3.66953
0.611939
5.35552
0.281239
2.87044
2.55867
16.9815
10.713
5.58296
37.1273
2.15259
10.2861
24.7865
10.9272
19.0929
0.514703
1.3719
62.7976
4.86881
10.0399
2.38701
19.7592
19.6228
5.55966
3.56329
26.1174
1.41349
22.9555
2.52934
9.04986
0.414739
40.5153
13.3988
1.93213
5.1524
0.00871274
5.21363
22.3861
30.8478
39.3079
1.60583
17.3526
10.0852
5.76134
10.8398
49.3686
1.40839
0.71167
24.7361
5.21722
18.0193
66.6329
2.599
3.56186
2.24864
1.43848
2.9681
3.6816
30.3196
25.7537
63.6774
4.40072
1.55148
22.4419
4.47742
9.89827
1.64148
4.89954
4.05134
7.25551
1.31657
187.246
10.4868
5.34036
2.71985
1.43265
1.4407
0.0892731
4.91993
4.13961
192.739
3.27034
14.4294
3.64877
2.00676
58.5211
18.2255
4.69241
2.13043
2.53057
0.440924
1.41978
2.04658
7.20432
21.598
13.8095
6.53294
0.0631397
1.50792
1.67354
5.91203
4.74277
0.438889
2.68762
16.0601
0.0342676
11.1905
0.10432
2.21669
25.3778
1.58888
0.498915
5.31152
3.10533
0.0800057
65.0061
6.05615
28.2853
7.83041
1.36676
19.3996
0.0907379
22.3458
8.51574
5.34364
22.991
20.4275
13.9206
2.25336
7.00645
26.7518
3.05603
27.8634
10.1295
12.2319
35.952
10.8555
0.177992
32.5531
32.1419
60.4816
6.84672
8.77065
58.1235
27.725
5.17315
8.01766
31.0968
10.4544
17.0121
104.901
32.1203
10.0065
2.81264
6.98767
1.78972
26.8177
2.04797
9.81351
0.349525
25.0124
27.0393
10.7708
1.6124
28.0852
16.6786
9.74682
2.90084
0.0835749
2.50412
8.7732
21.7647
0.851611
3.69373
5.59716
23.7932
4.86982
0.266323
34.0617
6.68966
25.4332
2.3597
0.898505
6.54887
4.25693
3.42866
2.52442
1.49785
8.23408
10.3663
0.876108
13.0293
2.35822
0.0465594
6.6452
3.72147
25.869
33.8945
42.2332
60.6562
6.85259
3.7328
2.87044
21.3337
4.89823
9.50756
52.9089
24.2614
0.282271
22.5821
29.9562
1.63815
3.915
3.64728
26.236
98.169
5.40362
0.496943
11.9423
9.59247
0.135036
0.693027
12.9692
14.1236
8.76458
26.8618
21.1677
4.64033
2.29478
32.1182
0.546152
29.9105
24.3127
1.3302
0.297058
2.28074
0.765247
2.3644
0.0676737
2.88427
27.8249
18.2678
1.47539
5.19223
12.4628
47.4078
0.811174
2.37505
28.6173
0.402055
15.9912
28.6406
32.8928
10.2399
8.85868
5.31256
5.05714
10.4848
87.8105
30.7684
0.239662
6.47186
5.50368
10.6703
29.3437
14.0389
9.32171
7.22903
3.44184
32.4525
4.37401
5.37722
11.2064
34.4047
10.9705
0.390828
4.46562
5.09418
25.8268
3.78387
32.5417
0.501229
0.877937
23.0796
38.4406
2.66948
14.6106
1.39873
2.39686
61.4848
7.98483
12.5334
17.3062
5.02695
37.4134
12.6076
2.50035
28.2444
64.5724
14.2495
1.56153
30.4114
22.0125
1.94787
4.80554
6.9225
15.4588
11.1925
11.5964
0.214007
6.95663
0.800156
0.480558
0.434749
0.469639
23.4608
120.01
4.27994
0.226809
0.353925
6.41424
10.9992
28.0018
1.57764
1.32645
5.30139
1.56234
2.67099
49.6207
0.396548
1.46532
21.3737
57.7169
26.9122
24.9395
7.98812
2.81721
1.34425
14.1702
7.02723
8.39218
11.6362
6.85102
7.24455
11.7794
11.3751
6.26327
12.6284
2.63174
1.38546
0.437721
44.1598
4.42868
14.9445
40.7047
0.0693843
0.0596913
0.728139
3.70889
11.3669
0.434149
22.1142
0.264918
3.99393
31.227
2.40389
5.53483
1.28731
16.7707
15.0784
42.6157
7.22716
4.20833
5.62376
4.01938
65.8521
40.8263
0.274433
30.941
10.874
0.428018
23.5201
6.5634
31.917
31.3743
27.6366
10.0835
10.3024
23.3072
47.361
0.286958
24.9874
10.488
2.92821
17.7531
0.309956
1.47864
13.7868
39.7191
5.11405
32.6058
10.1698
0.27733
3.21167
0.357254
66.755
12.6274
4.56234
2.12723
14.6466
28.296
33.8576
13.094
38.002
40.9709
2.03381
37.2612
36.5725
35.0778
35.9472
10.6759
11.3539
12.218
11.8324
12.6503
1.85959
2.27528
30.3823
)
;

boundaryField
{
    back
    {
        type            empty;
    }
    front
    {
        type            empty;
    }
    outlet
    {
        type            zeroGradient;
    }
    circle
    {
        type            fixedValue;
        value           uniform 0;
    }
    walls
    {
        type            fixedValue;
        value           uniform 0;
    }
    inlet
    {
        type            fixedValue;
        value           uniform 0;
    }
}


// ************************************************************************* //
