/*--------------------------------*- C++ -*----------------------------------*\
  =========                 |
  \\      /  F ield         | OpenFOAM: The Open Source CFD Toolbox
   \\    /   O peration     | Website:  https://openfoam.org
    \\  /    A nd           | Version:  10
     \\/     M anipulation  |
\*---------------------------------------------------------------------------*/
FoamFile
{
    format      ascii;
    class       volScalarField;
    location    "500";
    object      nut;
}
// * * * * * * * * * * * * * * * * * * * * * * * * * * * * * * * * * * * * * //

dimensions      [0 2 -1 0 0 0 0];

internalField   nonuniform List<scalar> 
10435
(
9.96973
12.6329
19.2125
20.8571
22.7173
18.091
19.6798
19.939
19.2302
17.774
16.8406
26.1549
17.5313
2.25421
2.333
20.1319
2.2569
15.156
18.8656
12.529
19.9699
21.0638
20.0716
23.915
19.1756
4.27283
3.56797
18.8577
3.06083
16.0866
22.5468
18.5169
19.817
2.70277
21.0695
5.97651
21.7063
3.67887
5.55427
20.4086
15.1062
19.458
2.42158
16.9381
22.0794
22.3184
16.2834
2.78333
18.8003
21.096
19.9987
22.6521
5.21213
3.08118
5.12867
2.99163
22.8324
3.50948
2.2767
21.8365
4.77284
10.2807
3.32944
23.8909
20.9767
18.8192
2.37874
3.01683
19.9854
25.063
3.13835
3.91485
2.12284
19.2855
2.57386
2.17069
25.6394
19.8813
19.6819
2.47417
23.9977
7.59561
4.82449
3.00858
24.9634
4.93541
7.12068
16.468
3.21142
9.37128
18.5139
20.4904
10.0909
3.96449
11.8047
4.41205
22.2533
2.5276
2.17397
23.4928
2.79869
20.6071
5.26795
14.2134
20.3679
18.9826
12.6597
22.7018
25.5818
2.99711
19.2875
20.5176
5.4794
3.94695
22.2077
19.2267
24.5699
6.64872
15.7734
24.8582
25.3415
1.98549
8.77136
2.33182
18.5573
4.38071
23.7507
1.973
23.9906
4.06765
2.06683
17.265
20.1374
2.21531
3.85124
3.31611
3.79374
22.5314
13.5259
17.2118
14.9788
22.1188
2.51936
25.3652
22.6926
2.29964
2.87112
22.156
2.3233
25.9514
2.98061
23.2646
9.74873
25.4011
20.6197
3.37832
19.5203
11.1372
18.9295
13.7496
24.4649
2.1162
19.6969
25.8063
3.07202
24.9314
19.7635
25.0433
26.1349
25.0276
20.2519
2.23356
3.22689
2.41641
26.0494
11.5731
7.98067
2.57779
17.3019
3.05018
14.8567
19.3914
26.1726
4.32283
23.3448
2.47678
2.17163
19.8895
22.8877
24.2944
25.8654
4.392
4.05347
5.19678
20.1744
19.956
2.30382
3.72609
2.6678
20.8044
3.17575
3.45857
18.2896
3.43672
18.6829
21.9072
17.8055
23.9558
3.16905
24.0547
2.86865
19.5492
25.7137
26.1981
3.40689
2.30554
4.00131
3.40485
4.30467
2.10908
2.97429
2.46133
2.73828
2.40095
3.79457
20.4893
4.75033
3.00432
23.0352
2.13548
2.70792
20.091
4.47009
24.4141
3.98422
2.3213
24.1005
4.01819
25.1742
21.3387
14.6925
3.8756
3.02659
3.02518
20.9447
19.459
3.3251
20.1094
2.61865
9.27904
2.80893
4.03459
16.9342
25.1021
20.0733
24.2431
2.4392
20.0251
3.1561
3.20492
19.9422
21.5221
4.12075
25.9553
5.47211
2.50915
12.2513
20.9547
4.05739
22.9526
19.8144
20.13
20.1518
18.594
4.24119
25.5636
3.88974
21.8876
19.8548
20.0313
17.3503
2.42448
19.6886
2.64505
5.42261
3.43193
22.7895
5.10372
2.92256
2.85416
2.65838
15.6562
3.0059
20.1673
5.70734
3.14078
2.26385
7.51767
20.9642
20.3939
2.86317
25.7807
19.5609
2.82265
19.8739
2.35942
2.38922
25.3282
19.4595
2.8269
15.1029
3.57944
7.06895
22.5578
19.8168
3.05807
3.90036
24.4078
2.83015
25.7748
19.8459
3.25137
7.38187
3.99097
19.8774
18.0157
4.2683
19.3549
2.62524
3.73741
20.5246
2.66777
2.73134
19.5257
25.4573
3.309
2.9605
2.73996
2.56154
3.088
4.23459
3.67839
4.49067
3.25352
3.11713
3.29002
3.12211
4.03582
3.62599
19.571
2.64008
18.2246
3.49501
19.0273
19.6876
18.6715
17.9179
19.9818
3.05863
2.8416
2.82037
4.47733
2.99825
3.74358
3.27194
4.1686
3.2178
26.2834
4.07641
19.2462
4.76944
4.14972
17.6162
18.199
3.09265
3.64624
3.49276
3.79867
2.94179
4.18575
4.36279
4.79123
19.873
2.93727
20.0808
19.422
18.6101
18.1713
19.1012
19.2405
20.3926
2.18804
2.5463
3.02948
3.0716
19.4369
3.01579
17.2757
4.28586
3.15794
4.10637
2.8336
3.48961
19.6869
3.68034
20.0005
25.9
2.70894
4.17816
4.1264
18.1638
4.27411
4.14041
3.59453
2.9872
3.03378
3.16064
19.1347
3.13583
4.03729
3.1098
2.45288
16.2728
2.53413
2.97901
17.6463
2.7386
109.528
107.408
103.104
97.3771
90.6591
83.2988
75.5542
67.7166
60.1561
113.517
111.747
108.085
103.041
97.0164
90.3491
83.3565
76.4159
70.0618
115.514
114.083
111.038
106.723
101.464
95.5772
89.4045
83.3687
78.0566
115.303
114.189
111.732
108.159
103.708
98.6591
93.3548
88.241
83.9401
112.725
111.897
109.979
107.114
103.459
99.2541
94.8275
90.6392
87.3865
107.76
107.181
105.718
103.473
100.542
97.1242
93.5249
90.2009
87.8862
100.613
100.232
99.1092
97.3478
95.0083
92.2601
89.3788
86.7925
85.1863
91.7918
91.4976
90.5702
89.1249
87.2094
84.9719
82.6587
80.6573
79.5603
81.9752
81.6204
80.7341
79.4387
77.7799
75.8879
73.9816
72.4157
71.739
71.8119
71.2832
70.3217
69.0555
67.5271
65.8445
64.1992
62.9144
62.5282
61.7929
61.061
59.9966
58.7205
57.2648
55.7117
54.2228
53.0777
52.7524
52.2037
51.3615
50.2784
49.0391
47.6652
46.2206
44.8411
43.7607
43.3741
43.1213
42.4703
41.538
40.428
39.1787
37.8551
36.5795
35.5467
35.0688
35.0001
34.7107
34.044
33.1224
32.024
30.8319
29.6646
28.6867
28.1395
28.3907
28.3812
27.9411
27.184
26.219
25.1457
24.0796
23.1628
22.5972
23.4733
23.5304
23.1814
22.5092
21.6284
20.642
19.6568
18.7909
18.1946
19.975
19.9219
19.5382
18.8727
18.0261
17.0931
16.1681
15.3474
14.7389
17.357
17.1654
16.6989
16.0025
15.1626
14.263
13.3846
12.608
12.0216
15.1826
14.9058
14.3757
13.6542
12.8215
11.9529
11.1177
10.3823
9.81726
13.2289
12.9263
12.3762
11.6582
10.8509
10.0243
9.23865
8.5474
8.00119
11.4293
11.1409
10.6101
9.92616
9.16663
8.39785
7.67319
7.03654
6.52845
9.80085
9.54615
9.05829
8.42899
7.73435
7.03688
6.38306
5.80792
5.34185
8.39361
8.17279
7.73343
7.16642
6.54496
5.92636
5.34924
4.8397
4.41877
7.25996
7.05008
6.64767
6.14004
5.59179
5.05374
4.55462
4.11128
3.73747
6.44046
6.18508
5.79862
5.34349
4.86239
4.40159
3.97815
3.59759
3.27049
2.02549
2.04373
2.08886
2.16325
2.2688
2.40661
2.5773
2.78089
3.01728
3.28601
3.58667
3.91865
4.28103
4.67281
5.09235
5.53762
6.00613
6.49474
6.99977
7.51698
8.0414
8.56768
9.09012
9.6028
10.1002
10.5839
11.0552
11.5135
11.9579
12.3925
12.8208
13.2447
13.6671
14.0939
14.5338
14.9983
15.5018
16.0636
16.7085
17.4688
18.3862
19.5154
20.9269
22.7111
24.979
27.8586
31.4857
35.9866
41.4485
47.8886
55.2204
63.2345
71.6038
79.9066
87.6892
94.5194
100.051
104.047
106.449
1.98741
2.00592
2.05022
2.12264
2.22492
2.35822
2.5232
2.72014
2.94906
3.20989
3.50242
3.82633
4.18105
4.56557
4.97792
5.41578
5.87649
6.35761
6.85591
7.36748
7.88777
8.41178
8.93432
9.45032
9.95531
10.4465
10.9229
11.3849
11.8344
12.2746
12.7083
13.1381
13.5681
14.0041
14.4545
14.9305
15.4468
16.0225
16.6823
17.4584
18.3925
19.5389
20.9679
22.7683
25.0473
27.9264
31.5312
35.9727
41.3217
47.5772
54.6371
62.2882
70.2186
78.049
85.3777
91.8291
97.0958
100.961
103.355
1.92912
1.94739
1.99011
2.05932
2.15659
2.28303
2.43932
2.62586
2.84288
3.0905
3.36877
3.67758
4.01661
4.38519
4.78212
5.20564
5.65346
6.12286
6.61055
7.1127
7.62491
8.14235
8.65996
9.17283
9.67664
10.1684
10.6467
11.1114
11.564
12.0071
12.4439
12.8781
13.315
13.7612
14.2263
14.7222
15.2647
15.8739
16.5755
17.4026
18.397
19.6123
21.1151
22.9864
25.3198
28.2163
31.7745
36.0744
41.1571
47.003
53.5141
60.5077
67.724
74.849
81.5474
87.5006
92.4399
96.1667
98.5999
1.84053
1.85824
1.89905
1.96479
2.05688
2.17631
2.32375
2.49963
2.70427
2.93791
3.20074
3.49285
3.81413
4.16419
4.54217
4.94672
5.376
5.82752
6.2982
6.78439
7.28188
7.7861
8.29226
8.7957
9.29229
9.77892
10.2537
10.7163
11.1678
11.6106
12.0483
12.4859
12.9297
13.3882
13.8722
14.3954
14.9751
15.6329
16.3952
17.2951
18.3726
19.6764
21.2642
23.2021
25.5624
28.4188
31.838
35.8697
40.5331
45.8035
51.6017
57.7888
64.1678
70.4942
76.4961
81.9038
86.4795
90.0361
92.483
1.72699
1.74396
1.78259
1.84457
1.93124
2.04356
2.18217
2.34752
2.53993
2.75967
3.00698
3.282
3.58476
3.91504
4.27218
4.65521
5.06261
5.49225
5.94138
6.40666
6.88425
7.36989
7.85914
8.34768
8.83159
9.30785
9.77448
10.2309
10.6781
11.1185
11.5562
11.9972
12.4493
12.9226
13.4297
13.986
14.6105
15.3253
16.1568
17.1353
18.2956
19.677
21.3229
23.2799
25.5961
28.3181
31.4868
35.1314
39.2622
43.8617
48.8764
54.2099
59.7215
65.2292
70.5212
75.3746
79.5793
82.9571
85.4047
1.58882
1.60433
1.64
1.69744
1.77793
1.88242
2.01154
2.1657
2.34523
2.55039
2.78141
3.03848
3.32168
3.6309
3.96572
4.32531
4.70847
5.11345
5.53787
5.9788
6.43279
6.89599
7.36439
7.83403
8.30127
8.76326
9.21807
9.66514
10.1055
10.5418
10.9789
11.4237
11.8854
12.3758
12.9089
13.5017
14.1732
14.9451
15.8406
16.8842
18.101
19.5166
21.1566
23.0469
25.2134
27.6823
30.4785
33.6236
37.1311
41.0003
45.2078
49.6991
54.3829
59.1282
63.7694
68.12
71.9912
75.2123
77.6704
1.42529
1.43823
1.46973
1.52127
1.59417
1.68935
1.80742
1.94884
2.11391
2.3029
2.51606
2.7536
3.01567
3.30228
3.61323
3.94796
4.30544
4.68423
5.08231
5.49712
5.92562
6.36442
6.80999
7.25875
7.70742
8.15341
8.59496
9.03165
9.46464
9.89717
10.3348
10.7855
11.26
11.7711
12.3338
12.965
13.6825
14.5044
15.4475
16.5262
17.7521
19.1348
20.6821
22.4026
24.3068
26.4094
28.7302
31.2933
34.1235
37.2407
40.6513
44.3382
48.252
52.3041
56.3666
60.2813
63.8759
66.9836
69.481
1.23039
1.23864
1.26363
1.30695
1.36975
1.45305
1.55754
1.68367
1.83182
2.00231
2.19539
2.41129
2.65026
2.91251
3.19816
3.50707
3.83862
4.19144
4.56356
4.95256
5.35584
5.77058
6.1939
6.62279
7.0543
7.48625
7.91698
8.34619
8.77522
9.20806
9.65151
10.1149
10.6101
11.1501
11.7489
12.4219
13.1827
14.041
15.0027
16.0681
17.2342
18.4948
19.8445
21.2815
22.8102
24.4426
26.2014
28.1176
30.231
32.5844
35.2146
38.1407
41.3516
44.796
48.3774
51.9569
55.3695
58.445
61.0446
0.992328
0.991694
1.00588
1.03658
1.08527
1.1529
1.2401
1.34722
1.47541
1.62557
1.79697
1.98972
2.20392
2.44028
2.70001
2.98362
3.29219
3.62436
3.97569
4.3433
4.72562
5.12104
5.52767
5.94356
6.36654
6.79492
7.2265
7.66087
8.09975
8.54846
9.01644
9.51455
10.0542
10.6458
11.2986
12.026
12.8336
13.7073
14.6385
15.616
16.6249
17.6479
18.6711
19.6964
20.7336
21.7947
22.9086
24.1125
25.4555
27.001
28.822
30.9863
33.5315
36.4512
39.6808
43.0968
46.5162
49.7391
52.5853
3.39393
3.28572
3.21712
3.16956
3.13513
3.10998
3.09127
3.07626
3.06401
3.05555
3.05205
3.04743
3.03148
2.99616
2.93675
2.85501
2.75559
2.64359
2.52467
2.40521
2.2924
2.19324
2.11181
2.04969
2.01048
3.19803
3.18489
3.15458
3.12328
3.09597
3.07375
3.05611
3.04221
3.03205
3.02587
3.02157
3.01274
2.9908
2.94891
2.88456
2.79957
2.69805
2.58516
2.46676
2.34912
2.23892
2.14279
2.06604
2.01199
1.98278
3.09253
3.08583
3.06664
3.04317
3.0202
3.00004
2.98352
2.97092
2.96246
2.95734
2.95222
2.9409
2.916
2.87162
2.80524
2.71803
2.61366
2.49793
2.37753
2.25972
2.15177
2.06006
1.9895
1.94328
1.92199
2.99798
2.9837
2.96377
2.94139
2.91946
2.89999
2.88412
2.87246
2.86503
2.86033
2.85455
2.84173
2.81521
2.76952
2.70193
2.61305
2.5059
2.38739
2.26511
2.14745
2.04211
1.95519
1.89057
1.85014
1.83299
2.90059
2.87664
2.85138
2.82624
2.80286
2.78263
2.76649
2.75494
2.74762
2.74262
2.73594
2.72184
2.69406
2.64734
2.57873
2.48831
2.37906
2.25842
2.13531
2.01858
1.91626
1.83369
1.77325
1.73577
1.71974
2.7982
2.76426
2.73208
2.70244
2.67618
2.65407
2.63669
2.62426
2.61609
2.60998
2.60191
2.58634
2.55723
2.50941
2.43977
2.34798
2.23729
2.11554
1.99249
1.87748
1.77816
1.6988
1.64017
1.60258
1.58409
2.69096
2.64735
2.60826
2.57377
2.54406
2.51936
2.49991
2.4857
2.47581
2.46785
2.45783
2.44036
2.40954
2.36023
2.28927
2.19612
2.08443
1.96233
1.84009
1.7271
1.63017
1.5521
1.4928
1.45114
1.42584
2.57748
2.527
2.48259
2.44389
2.41075
2.38312
2.36105
2.34448
2.33239
2.32213
2.30976
2.28992
2.25671
2.20514
2.13213
2.03722
1.92448
1.80227
1.68107
1.56985
1.47424
1.395
1.33206
1.28085
1.24168
2.46048
2.40711
2.35935
2.31727
2.28095
2.25044
2.22568
2.20692
2.19316
2.18101
2.16661
2.14426
2.10756
2.05236
1.97575
1.87778
1.76299
1.63997
1.51897
1.40844
1.31227
1.23022
1.15919
1.0908
1.02527
17.1029
17.4107
0.125149
3.0882
1.12245
1.26591
2.39484
3.61844
0.13265
23.7194
0.200157
3.1976
16.9575
1.41623
6.46647
1.24478
0.258703
3.66909
37.0724
0.202701
13.9164
4.76112
0.28999
3.40474
4.32524
2.4676
4.28828
0.784303
25.027
0.293781
74.9916
1.97776
0.231171
16.4401
0.300266
1.10346
12.4757
6.23362
15.6932
7.26863
0.213498
0.0655115
3.39784
1.51764
2.37441
11.7585
0.201404
0.176946
13.1445
0.14722
0.198997
0.162103
16.4964
4.16246
2.47236
0.128313
1.80892
15.8965
2.11304
0.129956
0.797784
0.124396
1.13761
3.36218
3.53242
1.85919
23.8222
2.65445
16.7562
0.097008
0.126088
6.49389
1.89916
0.242801
3.95954
14.4632
0.721667
0.204329
2.80174
4.70631
16.2322
1.02388
3.13376
0.184378
0.969983
0.884941
2.24939
0.20364
0.234269
7.95217
2.97839
20.9092
5.92864
3.19308
1.49018
0.203177
2.3674
0.192652
0.30755
0.136901
1.03219
0.216983
1.04699
7.92207
2.36069
1.94141
0.289057
16.0968
0.810219
0.288694
4.43533
2.56361
0.288849
7.92929
16.5248
13.7783
0.171088
8.26454
17.4092
2.47789
0.0487964
2.80248
3.47097
4.23657
0.238537
3.26356
0.168622
0.479798
5.66738
0.178295
3.16168
0.27485
0.0936692
18.2238
1.35712
2.23082
2.31309
0.948132
0.718878
0.166034
6.59531
13.7848
0.108155
0.0636677
21.5942
1.56896
2.42123
4.18851
1.15877
0.3008
2.12485
3.46136
2.49757
9.21131
4.59271
0.182842
2.91935
6.92974
1.81814
4.51785
3.12737
0.13106
3.03535
0.19498
3.2178
0.189669
1.81022
4.26509
2.40639
2.64644
1.41626
3.82982
2.39408
0.186546
40.9037
1.62024
12.8047
5.85335
10.2205
6.51543
14.5144
1.72407
16.8311
12.2575
2.25603
0.866552
0.191901
0.795533
0.165327
0.864687
0.147739
0.103502
8.87537
13.3043
6.68583
0.189262
4.09454
4.53562
17.6157
22.1285
16.5524
4.55094
0.954771
0.802941
1.99916
7.88299
21.6212
0.956345
2.62532
7.86015
2.4176
2.814
15.4909
2.0857
3.12225
0.230809
1.43131
2.67944
8.09872
6.13346
0.538863
0.100492
4.58858
0.121366
5.36049
0.17928
5.73582
0.249834
0.703595
1.62783
0.180066
1.08356
1.54767
2.57376
14.8492
15.1196
3.80047
0.604355
12.1593
7.04025
79.3095
0.829318
2.98782
1.60391
2.0701
2.54763
2.53492
2.59297
1.28073
2.97545
0.568562
1.75053
28.9569
11.0225
1.28709
3.92882
0.291576
0.957852
2.31661
41.366
1.98715
5.93377
1.3483
4.59708
0.32538
4.0683
5.46261
1.76021
2.22406
4.23848
12.4253
9.12896
0.405029
2.43745
28.5462
1.72185
16.6995
0.160359
2.32286
0.146669
2.15292
2.33858
2.95666
11.4188
11.038
0.679166
1.90478
6.07769
0.215336
0.154882
3.31176
3.08403
0.0168665
0.209329
18.7678
0.234279
0.281899
28.6174
4.80147
4.45062
0.127777
3.09832
3.56282
0.840846
0.259715
3.71006
13.6552
53.0474
0.168718
0.935243
6.88206
11.9655
0.196331
5.32858
0.351345
14.425
0.204414
23.5067
4.23984
22.8624
1.76128
3.20138
3.37332
69.5959
2.03468
3.93258
0.16317
16.055
32.3499
15.509
3.34098
6.49694
0.51887
19.4323
0.198182
0.924385
2.81084
3.0101
0.241325
2.2106
2.70553
3.27365
2.38476
14.8829
0.392559
1.44274
1.06275
0.822496
2.38582
0.1955
5.68957
5.6424
0.120703
2.46074
0.211223
5.14864
24.8308
1.36951
2.85155
0.197019
0.536526
0.291868
3.18014
0.172338
0.0786738
2.57499
2.3427
0.206174
1.67559
0.158104
12.2501
9.70062
23.2866
0.175898
16.9274
3.75711
3.60818
4.11647
3.84472
18.3969
0.27907
3.1216
0.234054
1.65573
1.46857
21.815
3.33032
0.211903
0.219126
0.147266
1.49335
6.96462
4.20786
0.161063
13.912
31.6046
3.39073
0.219688
6.30021
24.1086
3.60071
3.60663
1.00397
0.632947
3.28571
0.10504
3.56828
3.66568
6.41458
73.6693
2.07153
1.43388
6.50714
0.753784
3.03987
4.21328
12.6764
0.195899
4.35526
19.9485
3.30079
4.12951
6.31825
0.988092
2.71623
0.165758
0.156724
3.99119
68.1256
2.05732
0.791595
3.73392
8.41571
2.65515
2.75206
2.20554
4.54579
0.0216889
0.861043
3.1294
4.52957
7.40701
0.216937
1.91066
16.602
0.181479
0.678142
0.302261
2.39414
2.98635
0.166833
2.73692
2.90147
8.43751
14.1316
0.0836174
0.194585
0.805885
2.81128
0.876725
3.25583
2.33496
3.61699
15.7094
0.154032
3.17711
2.11878
0.122422
4.26268
0.224473
2.94751
2.95974
0.296824
3.24843
4.12783
16.4664
11.5711
3.21479
4.68239
6.75872
2.95234
14.3196
0.118225
3.25072
0.182617
1.10292
0.908895
6.4186
4.7846
6.40207
7.34583
2.27594
3.85381
0.149734
1.79979
1.43544
7.34138
0.669464
5.08426
0.151684
3.28551
2.97625
0.992827
1.31226
13.3819
16.5142
0.766982
0.923302
3.25328
2.36638
3.564
16.2219
39.0187
12.4714
0.794737
0.20708
0.253019
12.157
3.83961
1.64003
11.7645
0.156074
0.195418
0.80345
16.5121
8.26229
0.158607
0.242056
8.15621
4.26389
1.52619
7.36244
1.23157
0.109567
2.31647
3.23047
3.64621
6.11713
13.2309
2.25593
22.4553
0.285909
4.41574
0.282007
0.151363
0.123924
2.77385
0.511754
0.689152
0.168293
12.8416
12.6863
5.77102
6.2777
11.366
0.204871
4.62866
10.4748
17.3729
0.128926
65.6906
17.2433
3.68571
16.6962
0.298426
32.0625
1.75665
2.26512
2.14682
1.74562
0.206406
8.02892
8.59054
1.80336
1.14443
0.282998
0.198281
0.0584081
0.550735
1.66126
0.146281
17.1649
4.28238
10.3461
3.46737
0.212324
4.06224
1.24041
22.721
4.40133
1.66221
1.1506
3.42435
9.53281
10.6495
2.04481
16.383
11.504
1.1105
1.75743
1.50522
0.71099
0.120467
3.79253
0.558887
1.20676
0.709153
40.6214
5.94153
2.68361
3.40823
14.5459
2.75014
2.29231
1.67534
15.4046
3.32233
1.13063
0.130472
4.04053
3.54929
3.17367
17.1223
2.62979
3.23138
0.216565
0.198763
0.757282
0.19443
2.99655
4.12392
3.22837
0.424488
1.63244
2.30196
14.142
5.25933
4.47698
3.96303
8.36226
1.8048
0.70905
1.76259
4.18272
1.21018
1.94629
2.44688
2.7205
0.277353
9.21812
2.81514
0.876544
23.1192
0.110679
8.40595
45.8186
0.198456
45.1121
10.1737
2.35569
0.0708768
5.55291
0.191006
0.026064
3.2013
3.54541
0.274176
0.164173
1.65134
16.8513
3.19049
20.5631
1.0239
0.112094
0.0989338
2.98663
16.4983
1.30964
12.9898
17.666
0.382332
15.7094
3.40892
2.97124
5.27812
0.566427
3.91796
19.7391
0.283292
2.27906
4.13793
4.03441
0.225691
3.3308
11.8914
2.8324
2.35866
23.0478
0.676607
3.73689
2.09329
2.70602
1.41469
6.73109
7.59312
0.127791
7.72131
2.22203
0.174234
4.89298
2.74535
0.300789
29.5432
2.97763
3.37478
0.124298
2.10688
2.02461
1.2465
1.51866
17.1765
20.7189
76.1241
1.90837
2.59595
55.6355
3.38505
2.34807
16.1067
0.276523
17.2648
3.04054
1.63244
10.807
9.79098
0.239041
0.212325
1.23313
2.69099
1.06196
0.0516824
2.96619
2.86967
17.5859
10.8434
14.3232
1.01107
2.24389
3.53119
3.47403
1.10068
0.198354
0.139052
2.90362
1.83957
10.7046
16.4383
0.0977984
0.0602049
3.02245
2.08809
0.13464
13.4515
7.58454
0.2956
9.48602
3.66159
9.63887
1.41282
0.162638
1.80391
1.5687
0.983658
4.22061
3.48389
1.76788
0.999168
2.52232
3.2597
1.76889
1.8892
5.68858
0.127085
5.03613
4.29551
4.92239
3.57621
0.172059
1.15467
19.2806
11.279
10.1592
2.8345
0.167364
7.33695
0.196547
0.151275
3.82454
0.704578
5.9093
17.5212
8.24178
0.154285
16.4518
1.73077
14.8122
0.281758
0.230993
3.66924
2.60555
0.190139
0.124592
1.64872
0.953604
0.14581
3.43149
0.121906
0.460693
6.88994
1.51392
0.156784
18.0396
11.5837
3.33158
3.79044
0.351999
6.8868
12.072
2.6984
3.71173
1.2252
4.13714
2.82832
1.58663
5.70069
18.2824
2.87213
0.286174
13.5745
13.6335
2.11623
10.0836
8.11717
4.2488
17.3788
6.19191
15.6615
5.16809
2.00444
13.125
0.199232
1.77395
6.99457
2.76492
7.84094
0.166764
0.120866
1.69298
16.3578
5.80795
0.0696033
3.42228
0.815361
0.179452
7.11609
0.181867
1.66801
0.120887
9.33946
1.02821
0.689646
0.874531
4.6896
0.121014
0.123954
0.198638
12.6785
0.185771
10.0082
13.7534
2.7083
1.47148
0.813229
0.580543
0.701574
6.57762
8.44122
0.142773
5.35423
4.62829
0.19941
2.27325
0.850934
8.30808
12.7515
22.4639
13.1191
2.06567
0.172519
0.298872
19.1487
14.4017
0.197088
2.45546
0.84924
1.83206
10.7549
22.0804
3.98057
3.08347
0.689027
1.78837
3.66319
13.6294
0.0619103
0.969219
11.5476
9.09896
20.3149
0.0726903
17.419
6.0019
0.775866
1.69601
4.37068
12.7763
15.953
3.35425
0.720429
0.797421
0.967177
6.4119
0.228598
1.16763
6.04952
12.9272
4.4943
19.3561
1.34551
3.70313
0.113498
0.0870904
0.71296
11.7637
2.3781
1.04145
3.39713
73.9757
24.26
19.0728
0.19456
2.35698
3.14995
3.06047
1.06097
3.55323
0.965816
0.206999
15.7184
0.947235
4.88419
3.77165
2.07578
3.55502
56.076
6.49179
1.68417
0.890986
14.3634
0.950738
1.78414
9.42511
0.188861
0.114225
3.27454
1.9131
2.81534
4.42334
22.7483
1.15502
0.674606
0.278311
1.48116
1.52688
2.56483
4.12526
6.21838
13.6041
3.62401
0.47791
1.88835
1.93021
0.176209
4.5787
3.48313
2.31954
2.36499
1.41979
0.133172
13.0359
2.62246
0.27821
2.81262
0.197042
1.17474
11.9589
1.40865
3.6401
13.9148
3.6973
5.54408
1.94308
10.25
0.439258
3.64132
17.4537
4.42723
0.397469
2.41769
0.180984
2.38975
2.15585
10.6406
1.55737
0.198627
0.786711
12.5017
1.42843
4.74628
3.39862
0.813481
0.270185
4.92027
1.42821
3.71564
3.59517
1.50596
3.98073
3.57583
9.22265
13.5447
3.13275
3.82738
3.73744
0.150119
4.50067
8.11885
2.37465
3.47043
0.208195
1.3983
1.02715
1.17188
9.56158
0.29331
0.197652
0.822076
0.79313
1.78047
0.0789413
5.85885
0.125268
5.25948
1.50371
2.92523
2.54319
6.6994
1.07084
14.5208
73.7529
4.20688
14.5631
22.3442
0.200363
8.86862
1.70162
0.984886
20.951
15.6596
2.94713
0.174251
12.9593
1.03643
2.71502
15.5223
0.186433
3.56309
3.69213
6.94385
3.79377
5.15494
1.68887
0.134596
2.4564
10.1127
17.0378
1.03255
1.94353
4.14068
2.2237
2.50733
0.160681
0.551771
12.9833
0.184415
3.226
9.62842
1.46205
80.8731
0.214283
0.21748
2.80007
11.5968
1.19094
7.20719
1.64855
16.9706
19.1984
3.3614
10.2598
4.00335
1.32897
6.24459
3.23044
5.43679
10.2428
5.10821
0.139772
1.5686
3.08271
12.3971
1.70904
16.8332
1.98358
7.26274
0.728385
12.7889
1.17646
14.9601
1.27145
0.228135
4.2234
0.194422
12.2395
20.2834
2.50561
2.31586
0.179528
15.0193
3.27624
3.45115
1.31916
1.54479
2.67901
1.35572
3.08122
0.132322
3.54141
1.34913
3.55788
0.642693
1.91872
2.10595
0.197567
0.60366
0.220417
0.196273
0.923223
0.923469
2.30864
2.53116
3.02345
4.66917
0.150866
11.508
4.1931
10.4287
9.27127
0.213658
1.42911
9.0957
3.42793
3.114
1.13096
1.11996
13.0981
0.857572
1.33079
0.423135
4.53572
2.13693
0.196334
1.11008
2.26294
2.4986
0.868661
1.71038
3.64651
17.6409
3.35311
0.389837
7.78765
0.956935
2.65624
5.50366
3.13908
1.02525
12.4015
9.02351
2.47558
16.6007
8.13199
3.87255
0.162972
0.451167
2.84683
3.55486
0.905317
0.52732
3.96816
1.68096
5.90875
3.16161
0.270203
13.4747
2.08747
3.43377
7.81975
1.75329
3.01504
2.01617
3.4254
0.0852702
0.457926
30.6138
10.0118
63.7222
2.53909
0.835663
12.0038
10.3925
5.85126
0.186631
1.51798
0.108352
2.49936
22.8157
0.177097
1.80285
1.69481
18.4847
0.162086
0.224896
0.438147
7.85544
3.76241
0.140565
6.17527
16.8008
16.5966
7.58693
0.17642
16.3563
1.31117
2.99483
1.98701
0.129115
5.19627
0.166518
5.52697
0.182965
8.71838
0.143825
1.87689
2.36064
1.01263
0.304693
3.66258
2.5405
0.141983
2.4764
15.4508
1.30828
3.34955
25.2028
1.68995
9.45121
16.4347
6.09107
5.30919
13.9818
5.35584
14.5785
1.67827
2.95549
0.24414
16.4563
2.41356
0.23992
18.1763
14.2204
5.38977
10.5623
1.09305
14.7038
3.11259
7.80493
0.996855
0.152586
3.20045
14.374
0.201814
1.96228
5.74146
20.9172
4.16917
3.16901
0.0115342
4.11344
0.140685
0.757154
0.209748
2.05656
0.913065
13.4876
4.22465
2.97433
16.431
11.2595
2.7325
5.07784
2.98902
4.0298
12.1521
0.339947
0.0907503
5.21377
8.05188
1.84285
16.4844
0.175909
1.14921
6.15175
1.58449
0.211147
6.03027
12.0789
16.5092
3.5904
14.7794
0.186188
1.51033
5.34004
6.07537
5.46008
1.22376
2.79807
1.76197
1.19248
0.120849
0.230927
0.178699
4.49389
0.195364
3.39521
9.84193
2.42803
0.148667
2.30912
0.995093
3.16421
3.79026
5.38806
2.24068
2.16426
7.16955
9.10558
3.04851
2.10288
6.3237
3.05096
1.12823
0.248132
0.133362
0.689954
0.188728
7.19795
3.33214
16.7418
3.34767
7.20539
0.458212
1.10393
2.50278
23.2204
0.893793
32.6006
0.769946
2.15716
0.266063
0.066068
11.6594
2.06752
5.75136
0.128221
2.11156
0.231845
8.12414
0.112202
6.27154
0.587072
2.99063
9.21711
5.967
1.10556
48.0403
14.2409
0.221507
11.0544
1.1565
0.144639
1.79056
0.104427
0.178394
30.7137
3.85415
8.80339
1.36612
16.6921
3.64102
0.0949762
1.98259
4.68731
0.695412
4.31835
1.69103
4.43437
1.37272
4.76577
1.18113
6.1366
14.7409
11.5948
0.182259
1.27164
3.51691
3.1033
0.62104
2.99025
0.119841
0.115472
1.92711
0.110562
17.7739
3.09209
6.30251
5.88603
1.75605
2.94248
1.7171
9.92972
4.00247
0.899198
14.4228
69.2155
9.65428
7.75813
6.31516
2.45184
0.992598
3.07988
0.216939
0.747614
14.6868
6.18772
0.169179
0.669378
0.0972802
2.69816
5.27986
0.215416
5.7534
0.494578
0.24896
3.53439
23.3105
0.00225504
16.07
1.02126
5.59942
4.39137
5.80468
0.265454
1.00794
2.44386
9.72386
12.8776
6.2855
17.9371
3.85937
1.99621
0.179329
54.8786
16.6642
4.42205
1.72743
7.62941
1.31341
0.161623
11.2826
3.61269
13.14
0.135486
4.27796
4.0515
3.28818
1.47056
14.504
3.51612
1.16294
11.9281
3.15078
3.39291
0.0338391
0.598652
9.74145
0.255759
16.0672
0.938042
18.4178
1.65128
3.78315
0.179486
0.165684
1.54353
4.32375
0.00195404
15.3625
8.5306
3.08944
10.1228
1.48606
0.199717
0.0757011
17.454
6.00025
0.198914
3.01198
0.0878031
1.09367
3.43623
0.493173
1.46798
4.5298
3.5936
3.61257
3.8768
7.17951
7.0602
5.60374
4.17327
12.9249
1.90583
0.0961766
2.54889
0.238845
4.01846
8.00449
1.62855
7.60644
14.7764
0.557525
9.16803
2.4791
1.08158
7.38418
5.34409
0.173149
3.06706
0.528326
9.16677
0.0924333
63.4146
1.03735
1.12549
0.173723
3.28215
3.75139
6.00365
12.7219
0.516153
0.224394
15.9642
2.60176
1.11001
2.84075
0.793609
7.95021
1.36059
3.99871
2.03003
0.269686
1.32336
11.4707
0.104627
4.45049
1.52548
0.198067
4.61849
0.190686
2.80284
6.8895
3.78485
3.81568
1.40117
13.3052
1.87017
10.8351
5.24194
0.940702
3.05363
0.0676705
11.199
0.754748
5.62125
1.16189
0.835446
1.78585
3.2784
1.51329
5.57681
3.81863
21.3297
0.122201
4.32337
0.540963
5.0075
5.94792
0.223346
2.56616
1.73969
4.09713
3.33339
4.23566
0.190218
5.66775
6.76713
1.12128
1.43585
0.506562
3.66899
1.67698
16.4812
6.2763
1.97147
3.01095
2.41637
41.3193
1.21723
2.86512
0.874007
3.08655
68.6037
6.54774
3.66919
2.49808
0.127367
19.1568
0.660399
14.6109
3.22618
0.114794
4.47455
2.77393
2.34559
1.36211
3.03242
3.7819
0.594835
8.30591
1.86746
1.84768
3.14546
3.68799
2.58747
0.106953
3.11761
3.84253
0.86918
22.0132
0.506577
5.61184
8.75704
4.43156
0.855228
2.70135
1.02676
0.116089
1.81972
1.37975
0.191852
8.27936
1.30653
3.09833
3.2163
8.00103
0.240316
0.220507
2.49782
0.390254
5.9519
22.2245
0.265243
8.46536
4.41747
0.547373
2.42417
2.36333
17.8774
3.60856
1.71175
1.69232
4.90687
3.88291
6.70804
2.03362
7.24449
3.14064
4.78769
11.0372
32.8326
3.1631
1.16874
13.0382
2.27517
1.60789
15.1247
3.17032
1.63071
5.24415
4.39113
64.0787
5.34004
4.066
0.852683
11.9025
6.39454
1.57412
5.1748
3.82034
2.03807
3.48743
4.42522
0.229959
1.01654
4.25308
0.169808
9.85562
0.0130684
4.19404
4.96546
0.169095
4.75242
1.99358
3.92901
20.518
7.98882
0.856884
2.95535
0.159879
0.152773
3.82481
0.415763
6.71549
4.8609
0.0298183
0.216093
3.40808
19.1393
2.94331
0.106506
1.39724
10.788
0.192887
0.194751
4.83751
0.183838
3.53345
3.92644
2.02351
0.0908357
3.56252
2.48229
1.98417
0.18397
10.7898
7.56176
0.219652
2.80418
3.47823
1.00354
1.82018
3.5856
5.07847
2.85498
16.1123
10.9565
4.4654
5.44122
0.621801
2.54721
9.53927
0.182522
1.86508
3.43372
5.31648
0.144826
5.19423
2.89434
0.147685
5.02555
0.106768
3.08325
2.50933
1.91997
0.321228
0.980543
5.64437
3.47723
3.8499
5.23822
7.35743
0.135516
2.97507
16.3553
0.4883
0.794953
0.130858
6.02274
2.53567
6.90632
4.26318
1.69745
3.59086
16.5774
19.367
2.73196
3.16804
2.45949
9.08588
1.16673
3.83483
1.39488
1.0224
10.4583
11.6472
17.4188
0.739121
15.0016
6.73618
0.0906599
7.66437
17.7032
5.70194
1.80206
1.03675
2.72435
1.83395
0.968292
4.63143
8.49977
0.162178
0.164485
3.3615
1.28049
0.00409153
3.7385
4.87422
2.88404
2.1304
0.206351
6.46842
0.186406
2.94984
0.181352
5.54939
2.73932
2.29251
21.1967
0.448767
3.78724
0.118637
3.33976
3.38904
2.63633
0.195475
7.67853
0.696177
3.69088
5.4772
4.81007
3.03802
1.57598
1.94414
1.04576
4.09624
0.19272
6.36561
5.37868
11.6337
3.13485
9.02082
0.28667
0.00589877
1.13787
2.85252
3.23078
0.578692
1.41542
0.087093
1.27368
0.967378
4.49509
3.31397
1.88008
4.54252
3.95318
5.2812
0.0846026
0.653463
5.71809
7.24427
10.6577
5.75017
4.14203
0.515221
3.15653
1.3498
2.27813
16.7557
3.2388
83.2916
3.06347
7.80392
0.519959
23.6685
0.540655
1.99166
16.2383
0.28296
0.583951
1.4463
3.03989
3.50151
0.173878
0.2524
5.01297
7.68968
9.39607
7.96001
0.145497
0.803534
0.168108
2.5767
1.90755
0.485244
3.33021
0.685347
10.251
4.24117
3.55339
2.03251
2.74595
0.198065
2.88386
5.25405
0.123492
0.0943533
0.798182
7.28229
0.684656
0.188518
0.0974737
0.837287
3.65277
1.54135
9.4361
2.15835
4.7856
3.78755
0.0634517
6.225
2.26045
4.34769
1.62167
3.00256
14.3116
4.80483
0.25058
0.660835
7.96371
2.90225
7.93645
1.97108
0.103726
2.27335
0.108013
3.20006
2.42615
5.26426
2.58325
0.759814
1.90068
3.13278
0.240736
1.30146
4.79654
17.546
0.0226133
3.14561
0.815314
1.9089
2.72613
14.7001
0.138666
2.28999
2.27731
0.198077
2.69965
8.74564
8.14372
3.71606
4.73785
10.8982
0.188156
11.405
14.172
1.77124
0.179348
6.32892
6.98968
2.78157
2.37356
14.9717
6.84081
0.915832
2.54896
5.35112
0.203332
2.80616
3.43697
1.86124
0.235448
3.10773
0.118951
18.0925
26.4842
4.22612
2.17232
5.09604
0.188259
16.9451
2.27788
0.923941
0.974136
0.19831
0.19468
11.5278
3.5665
1.17794
1.90595
2.92722
5.89068
0.921545
6.09825
1.11884
5.79253
0.193977
17.6502
0.209026
60.3153
1.75983
0.194616
0.889898
9.04548
2.59949
3.34527
1.30237
2.83028
4.05529
3.10794
3.40611
2.82349
1.80185
2.14235
0.197379
8.88392
4.14026
2.23653
0.0931816
0.208155
0.125619
0.137929
0.867521
2.64988
0.0730928
4.19095
1.5281
3.4347
0.191509
1.02852
3.7215
0.510691
8.89716
12.7063
4.30612
9.31694
2.04143
3.4884
1.03221
0.093375
1.45081
0.274043
0.1889
0.708468
1.97999
11.6579
8.14641
1.30349
4.38101
4.36632
4.52321
4.08447
2.23595
3.56031
0.472619
0.101266
4.12581
12.4141
1.15508
0.151199
0.324072
1.80045
18.3765
0.12047
5.38251
0.91077
2.41365
4.28097
3.65676
2.8499
0.17451
0.18625
1.25676
55.2081
2.59021
0.231395
2.03106
0.227935
0.175984
0.157728
0.173309
0.116281
6.12341
0.255779
11.1555
16.5734
0.407281
0.161074
0.0857386
0.940405
37.3039
0.230267
46.5415
0.208863
2.82563
0.264847
1.18935
1.84556
12.988
9.5415
21.7598
5.15225
9.86486
24.6344
4.10853
1.93199
2.40178
1.04969
2.57237
3.67375
0.515023
1.77518
5.95403
2.07899
70.6745
2.49094
3.37163
3.2625
12.76
0.25148
9.52176
3.36621
3.8932
5.45817
8.72716
1.59612
0.182183
2.74322
0.253525
7.51338
56.8688
2.70696
1.96244
3.05619
2.43085
1.30562
3.87741
1.43315
0.336061
8.18372
0.484071
20.4798
10.2965
6.35823
3.84385
0.561486
5.08484
8.74556
1.84689
6.16724
0.464734
0.959075
0.229475
8.17927
0.166652
3.43525
1.93323
3.22847
0.0845713
3.79499
0.210105
4.72077
70.4613
0.278225
0.210541
6.5393
15.5241
0.117312
60.533
2.15255
0.181605
1.56882
0.12509
0.648182
0.671487
3.80355
0.245851
15.9868
17.6928
12.4795
0.682649
0.196894
3.09091
3.02455
4.37352
0.0954985
2.78711
1.60729
3.13452
3.45383
0.198795
0.204966
2.88413
1.50927
7.3304
2.74585
2.30033
0.255391
0.997887
4.3393
1.14963
0.185109
1.39833
3.65298
4.76199
0.985466
2.91544
3.03891
7.74214
0.499634
2.57266
1.93272
2.18093
3.12071
11.5339
3.00781
12.0925
0.248888
0.87057
2.16448
0.236747
13.2731
2.87796
1.83636
4.38173
0.227976
0.584275
4.02531
2.94825
0.203023
0.842014
2.04302
3.65589
2.97782
3.02766
2.77407
0.870538
1.98472
10.452
4.96078
2.94533
1.26432
0.401339
2.461
0.0930605
0.821011
1.11475
13.4773
5.23824
3.20755
3.7304
1.28136
0.0885914
0.178149
3.64575
8.11349
5.61586
3.36426
0.200812
0.00111926
0.351155
2.11006
0.18154
0.505972
8.23571
1.10506
6.22977
0.0787
3.20047
8.51901
6.31752
0.247058
0.249724
13.4593
1.89099
2.73024
2.62269
0.169292
0.196047
3.66346
1.52529
0.15353
1.82971
8.91588
0.497222
3.03422
7.31704e-06
6.96969
0.17629
25.1622
0.147161
5.36083
3.16678
0.235471
0.190603
0.0403976
0.71713
0.269697
2.3958
1.23622
0.885829
4.11471
23.9371
0.692543
3.02524
4.64974
3.82349
1.3902
0.877776
0.279787
0.663436
3.34682
1.93079
0.188962
0.398496
0.261183
0.136576
15.4131
0.199057
0.239388
1.27271
1.40072
35.9255
2.52749
4.10538
3.21786
0.118606
4.24279
0.196893
6.05152
0.250606
0.764424
1.8103
0.255
15.5579
0.19149
4.72545
2.89282
1.66881
4.42775
4.17403
0.184006
5.44982
4.88197
25.2703
0.396914
0.472456
2.78228
14.0108
4.30791
1.48026
4.36324
0.160084
8.015
4.81597
7.27094
1.16078
0.169396
8.60346
3.94859
4.41765
0.178088
5.44878
27.6324
0.273038
0.199189
10.5012
0.119532
0.330471
2.73371
8.02541
6.17809
0.18613
3.71922
6.44738
5.88937
1.99259
2.4217
7.05969
4.89973
21.5191
3.87982
0.746022
12.5838
5.33159
0.184218
8.59226
3.21973
0.518951
3.47585
1.9431
0.255314
3.19508
3.20117
1.51296
16.5522
34.4698
2.63768
4.29136
0.398191
0.195229
8.14271
12.1263
0.217973
6.69844
3.70914
0.0967126
4.09552
10.8832
2.95559
54.292
3.45745
2.91198
4.79422
8.92979
3.43768
0.650746
3.40098
0.290365
8.49969
3.70528
1.92713
4.39377
7.32939
6.2548
6.85942
3.5519
3.22872
0.134312
0.176488
8.78558
4.44966
0.252361
4.39928
0.162583
0.206712
6.19224
4.52494
0.461833
6.78847
10.0982
0.223929
0.229764
9.51253
1.98548
2.33302
0.165106
0.96713
50.0477
4.40648
2.95711
0.251647
0.126607
0.174712
3.28627
3.32235
10.2761
0.186264
1.33722
8.10404
0.909314
1.96966
0.124348
0.843431
7.51791
1.52796
2.69924
0.171584
0.21809
0.192872
0.171624
81.5915
2.89101
21.2648
0.220911
1.17935
1.71263
0.186741
3.43773
2.62275
0.234251
0.913743
0.229611
0.0933531
0.111677
0.249648
0.308987
20.7022
0.352895
2.9881
16.5963
3.73725
0.548698
3.53967
0.322295
1.8955
0.46322
0.273787
0.129693
3.56157
1.10057
5.03233
1.0892
17.8149
1.69402
1.94845
2.7076
4.61132
2.93017
3.40818
18.8666
9.94104
8.83046
10.2471
1.84259
0.212756
2.89337
6.01986
4.41885
2.81415
4.59377
5.44959
0.0654276
0.218612
0.152779
0.198067
1.30028
2.07499
1.0219
5.80252
10.0981
1.6946
0.836897
4.49824
0.228923
0.205068
2.10717
0.192353
1.68219
0.23958
0.186272
5.0932
1.03981
0.294429
0.199361
2.42418
1.86278
0.182875
0.355059
10.4012
1.73108
2.29265
2.9706
0.0217886
4.2602
0.741895
0.927942
0.00250722
0.000383073
0.13765
0.185624
0.75503
4.23844
0.115741
3.14991
2.62104
5.33124
0.161556
2.962
0.199829
3.10159
2.3788
3.1765
1.7301
0.195413
5.54822
8.30021
0.799937
0.244772
15.4285
2.65307
0.129563
0.46612
7.31695
0.484442
0.817489
0.22699
2.28077
7.07087
0.826173
2.02737
9.17145
6.72813
0.488333
0.000895347
0.0055955
0.213975
0.259022
0.201076
0.18041
3.0926
3.18068
1.50985
5.75428
0.260048
0.221074
1.42105
3.47483
5.15864
0.281088
0.18508
0.191755
0.260192
9.41475
3.69992
0.183816
1.12025
5.89575
4.35424
0.276633
0.238505
0.16136
0.233239
0.18313
1.74836
0.172625
7.8442
0.141285
0.252268
1.18193
1.70659
3.73167
0.136592
0.0114603
0.00442709
7.99555
0.234403
0.139301
3.33954
0.102651
3.03493
3.79261
0.14429
2.46699
3.97639
0.23621
0.211313
4.39685
0.331289
0.180351
0.185587
0.207197
8.1435
0.163669
0.209532
0.249629
2.70442
0.176898
0.199052
0.13357
1.86304
2.25554
2.97522
0.154844
1.16838
16.2277
16.768
5.45193
8.4789
3.17332
0.225309
4.48639
6.12649
7.95347
0.19236
7.56609
1.84393
0.21611
2.15662
9.58329
2.3631
0.30291
1.3229
0.213568
3.2569
5.25884
0.197883
0.186199
0.186067
0.0572784
5.01584
0.197583
0.219818
0.168583
4.1899
3.29109
3.9497
2.98954
1.77291
3.78409
2.02732
0.218006
3.42092
0.241111
8.98982
4.6862
8.912
0.206731
1.09033
0.109964
0.210594
2.21915
0.242282
0.262387
5.81795
5.87888
2.31507
3.46266
0.19179
0.169399
0.215153
0.266832
5.26356
6.66295
0.195163
5.92292
1.72138
8.55566
9.70227
2.69613
3.40019
0.695755
5.62985
5.03124
3.54713
0.186813
5.53519
3.29683
0.289266
9.94432
0.102242
1.98927
0.158983
5.82512
2.21487
3.42573
2.39194
2.10193
3.64558
2.27418
3.14366
0.194394
3.54629
5.5192
6.04299
2.57411
4.95742
3.03327
0.21641
1.66203
0.222363
2.63985
0.221567
0.215805
1.91321
1.00944
1.67806
2.09404
3.80378
10.7673
0.208246
0.232355
0.875445
5.09048
2.16036
0.10865
2.81258
4.45788
3.83499
3.66786
0.239914
3.58003
4.82869
1.95501
24.7765
15.583
4.01943
0.109701
2.77542
2.78261
8.44921
0.150313
10.7787
6.43585
0.254711
1.00473
1.81396
0.362468
2.57763
5.04278
0.264115
7.96946
2.89177
4.67941
0.195884
1.22531
0.16212
3.06125
0.141323
1.21621
9.69352
8.23818
10.7971
1.73702
2.07195
0.890333
1.96822
0.285588
0.122426
5.88377
4.19082
1.81257
0.49549
1.91108
18.6936
2.0606
8.80472
2.1592
1.19104
0.250174
2.56245
3.19984
3.97569
0.212269
0.238916
0.461264
2.8834
3.15472
0.159552
0.202808
0.233373
3.75427
3.71952
5.54684
0.120119
0.196678
2.1306
3.01923
7.97648
17.2511
7.52682
16.2002
0.649752
4.25297
1.79516
3.25415
0.779486
1.79172
1.98315
2.20077
1.53943
1.19698
1.6364
9.08331
15.9406
0.194671
0.195966
0.172264
0.154982
1.04324
1.29023
0.239189
4.25213
0.178617
4.55104
4.87916
0.24467
12.9631
6.10454
2.63776
0.477823
2.2727
4.38902
0.163983
0.151129
0.478051
4.14507
4.85881
12.7535
16.7456
19.6646
2.00214
0.198943
1.84027
0.204401
5.19458
3.49647
0.187938
1.56948
9.316
3.42147
0.14326
2.67501
16.8979
0.307903
7.32394
1.81352
6.23846
0.169522
0.0863526
8.69797
0.169821
6.41769
18.4357
0.223709
0.114693
0.255889
3.7596
3.52493
8.15281
3.78774
0.206706
0.188026
4.44542
0.197848
5.73401
1.72999
3.12166
3.49395
0.158334
0.188401
9.27961
2.9094
1.86797
14.4623
0.185435
3.89087
5.20404
16.5829
13.0435
1.90982
0.162318
6.14173
0.197242
7.42371
0.188269
0.307341
4.02249
0.262983
2.5615
0.232907
0.173392
0.145332
0.216375
0.147019
0.297819
14.8842
0.195317
0.180052
17.1704
1.98082
0.21167
4.36784
0.188705
0.253842
0.533332
18.0975
17.7078
24.5668
5.59471
0.148582
1.84846
4.38209
0.200131
28.1782
1.09227
0.281636
11.3742
0.189757
8.76945
1.94145
24.1462
1.78456
0.697423
0.186747
3.27181
0.761335
0.783687
1.03564
1.85234
0.161933
0.162858
0.13211
2.06084
0.201083
1.36592
4.38063
17.9605
2.21263
0.753783
0.265175
3.36632
0.194151
0.180418
4.23084
7.09539
8.08909
26.5292
0.814264
0.204057
0.233877
0.119496
3.1694
1.03821
0.107906
0.089757
6.14049
2.65256
0.105889
0.0340129
3.07056
0.787485
0.293528
0.199685
0.803626
0.969235
0.220959
5.80061
3.85667
1.83482
1.79923
0.208635
11.7424
3.94294
0.218647
0.19013
0.20337
0.1981
27.4638
1.75872
0.959494
2.94551
1.91526
1.4018
3.0409
0.160998
17.4762
3.77911
0.167515
2.21983
0.204678
0.130894
4.44957
0.259639
2.01949
2.5704
0.598083
3.82409
2.09463
2.89018
4.47848
1.75883
0.110553
2.48734
1.72707
0.191323
0.0257008
0.294185
0.263949
0.210346
3.11733
2.40344
6.26927
5.42358
5.9674
16.5859
0.621361
0.00218802
15.9923
2.41825
3.24885
4.10349
0.33729
0.198532
1.97588
1.83658
0.265039
0.193133
0.144856
2.1219
1.3675
17.2077
0.302275
18.9737
1.26736
4.07517
1.86008
0.177424
1.3834
1.78827
0.250248
8.30396
5.71276
0.182407
1.64299
1.77899
0.119121
0.0332116
2.77096
2.39289
1.30204
0.121212
2.36178
2.63054
0.264039
0.127715
0.131666
3.86186
2.99037
0.192217
9.07193e-06
0.226761
2.88727
1.9462
0.19098
0.147324
1.60338
14.6627
1.75412
3.16757
0.190003
2.86673
4.47205
4.61241
1.55892
0.115483
1.86105
3.06705
46.8185
0.0459227
0.903557
3.30024
2.08509
1.04502
0.103126
4.1017
8.55434
0.167437
0.865497
12.1864
0.262929
3.36425
0.287847
20.8815
17.8569
1.69716
1.38139
3.3425
2.33232
8.25886
2.71668
0.150038
2.81214
0.543238
0.27684
0.208652
2.07972
0.19912
0.201214
0.124077
0.269719
0.165452
1.77856
16.7554
5.71236
2.2604
0.188861
0.116602
2.28682
0.207789
2.90455
10.9226
0.117019
2.40024
7.3801
9.85426
0.403903
1.54251
0.208573
1.60525
0.19948
2.13089
0.192871
60.7899
6.10904
2.78792
1.26265
0.135089
8.57991
3.70633
0.124825
0.118354
0.770911
5.51448
4.19529
0.119053
0.239138
0.154238
1.17914
3.80426
3.41553
1.86383
45.0977
1.80406
3.76068
16.0568
16.9857
4.14296
1.63001
0.15549
0.205363
14.8896
4.8425
1.90831
4.32056
0.240984
1.60317
3.2119
12.7799
0.172599
4.81331
4.30737
0.705798
0.145228
3.26143
6.42514
0.120415
3.26068
3.69284
3.47948
15.7986
16.1501
0.166604
2.71134
0.176009
0.145719
0.171526
1.66929
3.26301
6.07862
0.259716
8.41826
3.38666
4.24972
0.236941
1.09263
2.29625
2.35343
1.91847
0.505504
3.27381
4.54834
3.17898
0.169535
16.4264
4.92365
0.31526
0.179268
1.15522
4.03853
0.261687
0.251019
4.62221
12.9291
12.3239
1.59513
1.63205
0.82014
4.73573
3.68157
2.56011
0.125603
7.85472
0.241581
15.2294
0.418066
0.213207
1.67152
1.59402
2.04886
2.09103
8.4779
1.78868
0.849002
3.46263
10.5292
0.68566
0.193714
0.629986
0.167597
3.50465
4.8689
2.13912
8.17685
1.8817
4.89417
0.431974
0.114139
2.29899
2.91265
9.64675
2.86841
3.07684
0.126522
0.152537
2.29215
3.9021
0.160559
0.187747
3.06546
3.32769
1.29947
1.93677
2.22133
2.56154
0.221792
0.651938
3.53571
3.5171
3.37801
2.30606
0.124392
0.196016
0.18871
0.178505
0.860327
3.08096
6.94072
0.13711
0.261025
2.05034
1.05847
5.93533
0.731705
2.90815
2.62983
3.06774
3.0168
1.5035
0.766929
9.54982
3.43212
5.3899
0.158194
0.145414
5.58182
0.233117
13.052
9.78981
3.39832
1.92866
0.141563
0.191867
0.191812
2.42758
3.26458
0.720292
8.2284
1.81042
0.684035
0.199318
2.83971
1.26165
8.16374
7.95303
2.75335
0.157168
16.702
4.26061
1.2888
0.209701
2.58085
0.189455
1.76284
2.8069
4.98456
1.82051
16.5555
0.21814
0.116273
16.7679
3.07209
17.0702
26.0816
3.22992
0.140045
0.204287
0.213375
1.87357
0.24488
1.80657
0.19911
8.78466
6.16519
5.09165
0.197945
9.14829
3.24113
0.165223
2.75822
0.999661
3.04305
7.24389
0.683181
3.07512
0.794162
3.29546
0.0829025
3.17668
3.04856
9.5216
0.145624
3.78887
2.72114
2.34752
2.36982
5.24018
6.5348
5.58552
0.229622
0.307034
0.650978
3.00102
7.54071
0.23964
2.10001
0.012465
0.705669
0.791501
4.34292
0.0177076
0.179995
0.189985
2.50731
1.19219
4.11759
4.90394
3.26729
3.15031
0.134557
1.34502
1.69951
2.7013
2.00391
0.211776
1.14038
1.79645
3.78042
4.26044
0.0217123
4.53
6.62756
2.29192
4.09799
0.208647
3.09042
8.76154
1.62677
11.233
1.00759
0.191915
0.142313
0.171316
8.28494
0.129808
3.18178
1.85929
0.201274
0.199859
1.23229
0.0328455
0.108678
4.13033
0.132152
0.151119
0.180198
3.38878
3.90862
1.05409
0.199671
0.286375
3.41584
5.84536
0.196491
0.182759
0.179885
2.80839
4.93859
16.3143
23.4702
0.202263
1.52811
0.186122
3.707
5.04752
0.206835
4.34535
13.6739
3.53959
0.577626
8.57163
2.87514
0.594236
6.44382
13.2242
1.74242
0.351555
0.159808
0.525829
1.01087
3.52639
2.3715
1.63817
0.339821
2.74766
3.40802
0.193058
0.188197
4.87034
0.6526
0.748053
3.62571
9.49667
2.52123
2.69893
2.86233
1.77306
0.859116
3.38208
0.127114
0.474001
0.298697
10.3208
0.167408
17.7271
4.02779
4.56551
3.34176
0.137484
0.136209
0.110997
0.199602
9.01964
4.12172
0.212713
6.7872
1.5913
3.31236
4.35527
0.918219
5.9195
7.21996
7.67088
5.48157
0.457817
3.01589
0.217167
0.18886
0.967564
2.42375
0.68912
3.61986
2.7621
1.27731
3.29784
0.222294
2.47444
0.208887
0.0629368
2.76814
4.63298
5.06484
0.175255
4.72626
2.47689
2.00457
2.06933
2.17741
1.25325
3.35401
3.01172
1.18862
3.7371
3.61365
0.409643
17.6334
0.0249903
0.0104561
3.17493
2.66875
3.90231
6.85636
3.89603
0.213164
3.76665
0.799493
3.0682
1.77526
1.17709
5.87186
1.04065
6.0674
0.198899
1.94014
0.450872
0.211508
0.750088
0.215744
5.12669
6.11089
0.398875
0.299271
1.32693
3.054
0.108377
0.261786
0.142757
0.849074
3.50385
0.609724
0.244866
1.98283
0.207395
3.992
1.93098
1.79706
2.97549
0.105609
0.891504
0.219592
2.68529
0.193661
3.77861
0.867718
0.669196
0.487752
1.04014
4.7534
5.26636
0.227928
7.55917
2.58466
0.19704
1.41957
4.94036
0.222179
3.89609
0.117649
1.17311
0.180863
7.60173
3.07832
0.76762
2.85969
0.431588
2.74004
0.134178
0.511644
0.00528796
0.478799
6.32004
7.04215
0.497151
3.95924
2.61014
2.37042
3.14049
2.72444
4.62771
0.0832335
0.0173613
3.18717
4.80776
0.191049
1.05896
1.5283
2.80828
0.20687
0.162704
5.22912
5.47025
3.76706
4.42291
1.26413
0.208141
0.167051
1.1881
0.17737
0.0386093
17.7624
4.71082
4.07033
3.77643
2.79412
0.740196
2.84237
3.93271
4.83649
0.120247
4.59851
0.201332
0.153464
3.45002
0.112381
3.91847
20.9653
0.189554
5.18355
4.06257
0.471322
3.09065
0.946816
2.91024
23.7518
2.18225
14.7348
4.40729
30.2954
0.231632
3.93056
2.8078
5.59576
1.62993
0.360825
8.87524
20.9008
0.216342
0.733606
1.84812
3.86737
3.4266
0.185653
0.886774
0.156969
0.247397
3.49542
50.3412
0.198503
4.03706
10.0587
1.97912
1.82974
5.99613
0.149789
3.51901
11.9482
4.40017
2.25653
0.333437
2.6557
5.02521
0.315413
2.09252
0.0464162
0.0118549
0.611297
1.49381
0.21733
10.9424
2.66623
0.122641
2.24363
4.6508
0.119359
10.4234
4.49347
4.9128
0.543715
3.29678
3.45192
3.41433
0.546917
1.69287
0.263524
0.263378
3.88959
1.72065
11.1604
2.1257
2.04477
4.72235
9.2447
0.190653
4.67572
2.30399
3.17952
1.13587
0.130882
0.181682
13.5733
4.00689
54.9343
4.81275
1.42434
0.196231
0.165581
2.43549
7.79262
3.68352
3.60608
0.129216
3.8286
0.241218
0.546581
2.64072
4.82093
0.162668
0.236965
5.27675
0.214396
8.29295
3.23987
0.253398
2.91337
0.368227
1.98148
20.1331
1.93706
0.78213
0.508449
3.86098
0.472988
7.7429
10.3696
4.14352
2.01459
1.8131
0.157574
4.6061
0.131187
4.48664
1.20839
0.300439
1.18431
6.65566
2.95793
15.045
2.85319
3.47776
14.7865
56.3907
3.46323
0.815873
7.80304
1.53628
2.52948
6.54884
0.195883
0.140955
0.643825
4.42914
8.07128
0.192135
2.47056
2.53727
5.56616
6.70992
53.6658
0.857262
3.39103
0.432533
3.47502
3.17039
3.05282
3.70709
0.631325
0.732088
1.73388
0.109748
2.1302
1.29891
5.69622
0.491573
0.196578
5.3499
4.98701
0.769451
16.1859
0.80221
1.94812
1.42159
0.286269
0.81886
3.26884
5.92404
4.20525
0.717147
1.94876
6.15079
0.116401
16.1683
1.84257
3.29351
0.202813
4.22471
6.01638
0.200461
1.73051
6.96819
5.15569
3.69299
3.53272
4.84947
5.09424
3.99758
0.158154
2.76287
2.69907
0.791113
4.65355
4.78557
0.224864
4.82053
0.288952
8.66614
2.86801
2.68706
2.24843
0.186414
3.39459
0.267839
4.14042
3.10212
3.82783
14.0356
4.92899
2.27114
0.149589
3.7623
1.39781
3.95301
0.11138
3.39454
1.82828
1.7772
3.74215
5.80261
2.72398
25.9218
1.40333
4.31816
2.69396
0.278846
0.132032
0.714442
0.660814
0.0518631
0.999222
0.948974
0.487396
0.196296
3.42098
2.58538
5.4377
6.03959
4.75995
1.31771
0.183171
0.942205
1.70203
1.04143
13.1439
4.63294
4.5556
0.124315
4.39612
0.771101
0.529903
0.193811
0.177331
0.517797
2.86255
0.231416
3.03757
9.88088
9.09702
0.205383
0.37962
9.03665
1.19088
17.9446
4.98776
4.91859
9.37179
3.7692
9.88099
0.185376
0.19563
2.72274
5.5858
0.829407
0.382734
0.193489
4.56119
5.76329
4.50669
1.53745
1.2444
2.77783
0.173746
4.60431
0.134401
3.55989
0.740829
2.62255
2.07802
2.73251
2.2364
5.07538
3.02196
1.70419
10.9522
10.9889
1.61205
0.261114
3.99666
1.98697
2.02761
0.113832
3.95672
0.110639
3.51251
86.0523
2.0096
0.190798
4.35042
1.31756
0.196736
4.98343
4.30579
1.34296
2.89611
0.210785
5.88817
2.24641
5.92375
2.03509
2.56947
3.4441
0.185583
3.27682
11.3768
5.15982
2.58613
8.98579
2.60182
0.523788
3.45548
3.47932
6.15472
0.109556
4.3961
4.22305
4.86562
5.80174
1.14836
16.5567
2.35208
0.338859
0.3535
0.602611
1.73666
1.79135
1.94127
0.617036
0.871139
2.58959
5.07208
1.76457
2.194
2.48444
4.71898
4.28526
9.1355
0.237245
4.76583
4.37519
5.59026
0.274599
0.151338
3.13146
5.39294
5.67872
1.03163
3.10621
3.47858
1.48097
1.29852
2.05253
0.36598
0.630438
1.63799
2.58662
1.38349
6.67411
0.782701
5.55196
2.12692
5.70418
0.153063
10.4069
0.205474
3.38315
4.12969
4.54689
2.9585
0.104452
0.200786
4.06359
3.26036
15.7359
0.123807
0.684737
5.76877
0.140699
5.76956
3.32021
1.67109
0.180912
0.184271
5.67698
3.22002
3.26801
8.79661
5.74459
3.49692
2.84375
1.95453
4.74007
0.244118
2.04267
7.85166
0.247911
1.60364
0.502822
0.604281
2.61932
5.25377
1.26569
0.925679
16.9335
0.492502
5.58728
4.92507
4.71428
0.426372
3.21142
8.44875
3.89108
1.85918
12.9199
2.92802
37.6921
70.4626
4.48282
5.56926
4.3316
0.159605
4.14791
46.9397
0.582994
3.97061
2.05964
3.43373
9.28671
3.01571
2.54699
0.344402
0.557333
5.47202
0.208064
5.72898
0.97494
0.423319
1.85091
1.36777
1.65243
1.14721
4.46948
0.194176
1.16164
3.81729
2.94435
4.85117
0.816424
0.264182
4.54339
0.671645
0.118881
2.72712
1.93112
5.54811
0.300124
3.40222
0.507574
4.16879
6.77692
4.32192
0.283075
0.142313
0.221661
0.166308
0.188007
0.189017
4.7671
0.117717
5.75652
1.19189
0.196865
0.16326
3.2753
0.516775
3.03136
5.37979
2.62424
0.111692
0.199391
14.5375
4.55351
18.0007
8.11974
0.164159
1.09195
2.99291
0.14834
0.18786
0.493849
0.119982
0.169578
1.53877
15.7161
0.765482
4.47148
4.17389
1.97073
2.93814
0.112068
0.15087
1.11536
0.188776
0.969307
0.16529
2.30376
1.72071
18.2649
4.39723
7.80514
0.078252
4.60669
0.161112
0.25273
2.56268
2.66222
4.94646
1.39911
1.25248
0.189867
2.69157
13.726
3.45498
3.96647
1.21137
2.00568
3.98859
0.264986
3.32317
3.65399
4.05784
1.41805
0.812709
4.36416
0.203572
3.75191
0.154128
0.178005
2.57868
4.43909
4.12774
0.210631
1.06647
2.65146
2.89402
3.21059
0.192729
2.61276
2.09675
0.129461
1.08228
2.4066
0.117094
2.52531
4.06708
0.831678
5.48581
9.61674
0.692585
7.64897
0.129165
0.148584
4.18431
0.870133
2.94037
2.18147
0.0805061
0.260346
1.09813
3.03338
0.405057
3.6239
0.204265
6.38196
1.10896
2.78222
4.3074
3.49155
7.1008
3.07586
5.98875
1.94747
0.239361
2.97913
2.6065
6.28994
3.70432
4.46342
8.62086
42.2013
2.42563
2.19587
0.00439041
0.145097
0.220262
0.180444
3.43391
1.76075
0.132584
2.32966
2.81368
4.19355
0.13977
4.33893
3.94082
5.05499
3.97705
4.88292
3.61943
0.19959
2.86439
1.02125
0.378685
2.77874
3.75552
4.96585
0.686917
0.257116
0.211199
3.7583
0.247854
1.45127
3.57818
4.41398
4.28518
0.157592
1.80768
0.297582
0.144395
3.88092
1.63573
0.155954
11.0989
0.263898
0.606972
8.89512
2.76672
4.55298
0.66224
0.171431
4.67233
0.13446
8.07982
0.64335
2.27113
0.869084
0.171664
5.15998
6.95356
3.39946
2.48044
1.58259
0.442365
2.6045
0.0955684
2.09648
2.37637
0.1473
0.894341
3.0652
0.679704
0.683228
1.2334
2.5766
3.66148
4.06305
15.559
3.41673
0.207978
8.49678
14.8734
1.77778
3.5552
0.272518
6.61727
4.00728
2.71746
18.367
1.54603
3.11485
0.622933
0.249053
3.39398
3.32612
9.91435
3.46073
3.529
2.65172
0.195032
8.65996
2.89486
0.164679
0.0628615
8.34436
1.49741
0.153334
5.53291
2.7211
3.89138
16.4618
2.2463
4.54858
3.48545
2.54633
2.52186
7.51525
1.48285
2.56686
1.09212
5.71604
0.248501
2.65355
0.856332
0.572776
4.31847
0.132757
5.34163
0.192063
3.57815
3.10273
4.47793
1.83924
4.13257
10.2127
0.926182
2.98758
4.41118
2.64555
7.04363
0.209616
4.38475
6.2443
4.45639
0.270432
1.53302
0.123831
2.39594
1.21902
0.243022
2.4145
0.289757
3.78634
0.171473
0.253627
3.68457
0.238451
0.981137
10.4067
0.200384
2.79688
0.272735
3.21626
5.18358
0.619311
0.141356
4.07199
0.081411
0.182182
1.46315
2.3417
3.66577
0.608792
17.8407
4.15904
2.2114
1.85939
3.37281
4.72651
8.08083
3.47582
4.55439
1.33416
2.85324
3.44786
3.3045
4.05249
4.1649
14.8633
4.29115
5.68107
1.44736
0.260801
4.56838
10.3962
4.171
1.04007
63.7035
0.302021
3.22366
4.02618
4.13616
15.8172
0.195329
0.219949
3.81626
7.87951
0.280507
0.216147
1.94806
3.8219
16.352
1.87106
19.7134
1.36707
7.45328
1.87861
1.57385
0.218432
4.19668
2.95255
0.279973
10.8801
6.32185
5.46637
0.204232
0.266384
0.234637
0.942608
0.192205
1.75067
0.203001
7.49317
0.220173
3.17658
0.165967
3.77968
2.6432
0.610069
5.22575
1.47743
3.75705
5.23523
0.17036
2.10447
1.59944
2.38475
1.2582
3.42572
1.36714
2.84429
0.152488
14.9943
4.14005
4.41771
4.88412
0.195469
3.94545
0.112269
4.1804
4.40436
10.6525
10.2496
0.280347
2.07032
1.477
0.272812
7.56902
0.252035
1.75928
0.275263
86.6576
22.4191
3.77356
2.01089
4.77673
0.234459
1.9708
1.17066
0.289677
9.37542
1.3163
9.76482
16.4635
2.25195
5.46099
14.5443
0.00975408
0.292987
0.575647
0.111081
18.8006
9.06115
3.6814
0.136649
2.6139
1.45482
2.17812
3.2322
0.275037
3.82502
3.86968
0.279083
2.04638
0.251513
0.630516
10.5312
0.202743
1.04099
0.315867
12.8522
3.9856
4.26437
2.50988
4.47647
3.82159
0.190886
5.83056
2.28885
2.59319
9.61538
8.86155
0.160142
0.183406
1.17574
4.79764
1.65944
0.148048
0.273083
0.172227
2.71917
5.67444
2.55492
4.31647
2.28766
1.48329
1.60282
2.63858
0.301851
2.46795
0.114991
6.9921
0.288819
4.53087
0.169285
18.1849
0.194851
11.7008
0.117022
1.50976
3.113
5.38648
5.02099
3.30955
0.189828
0.396617
4.43151
3.5211
3.4836
0.303148
0.0834885
2.35661
4.41529
5.86169
2.32521
2.82267
0.236862
10.2882
3.02147
7.68759
1.61472
3.80944
1.76015
0.0952777
0.120708
4.14195
1.4362
3.72145
1.91232
5.99273
8.86934
4.78851
0.297187
1.49215
1.65176
2.99049
0.72605
0.14426
3.33275
3.3694
17.7347
3.92458
0.290999
14.05
2.15726
3.84113
0.184104
3.34247
1.81052
3.36356
0.238659
0.266436
3.08827
1.6476
0.201157
2.23703
0.201729
0.116765
1.66197
2.60545
1.56951
0.655988
0.251082
4.74264
0.554789
1.87805
2.00411
0.391603
2.87111
2.50705
1.00222
75.0247
58.045
16.0627
5.52407
0.141811
3.29669
7.7497
0.292335
5.53056
1.62861
2.29792
1.90203
0.221813
2.86288
0.365296
4.27191
2.0995
2.2872
16.379
1.23245
1.33268
4.07946
16.8815
5.16599
0.303493
3.99264
2.91449
0.268486
1.7902
0.829471
0.141622
3.05836
2.9914
3.61672
3.98756
0.192009
3.23463
3.46341
3.69828
0.265662
0.780036
0.343841
3.22107
5.69199
10.5921
12.2131
3.06109
0.302818
4.10279
3.29654
2.88849
12.87
3.90378
3.76273
0.206141
2.99122
1.60165
0.777622
11.5617
4.09148
0.122978
3.71295
0.275629
22.1879
0.185485
3.73999
17.1544
3.66685
0.265799
0.17297
3.20562
0.211993
0.192636
29.0184
2.21387
0.12421
2.76837
17.03
3.16587
4.60668
0.159946
0.976779
3.97245
3.54282
14.5597
3.33292
0.130686
1.98796
3.99869
9.26811
0.255495
24.1424
0.569647
0.199682
4.04896
2.96563
0.591809
11.2627
2.85411
1.23162
0.805857
3.31425
3.83616
1.61864
4.02468
5.56182
4.86254
3.81803
1.46666
3.0645
6.34436
1.4056
0.935906
7.33149
3.35905
3.13895
2.28965
1.35945
11.5061
2.30371
0.804644
0.195867
0.284583
1.17196
6.38879
0.197964
2.56978
4.50073
4.58652
5.43342
4.29576
4.57119
0.271835
15.3572
0.311446
13.2032
3.62089
1.49037
10.846
2.75124
24.6492
2.58866
0.413986
0.738144
3.78844
0.202378
0.200673
2.75965
2.23535
3.48189
2.5215
5.19106
9.09835
3.76097
2.14329
4.50401
2.74956
2.31928
3.83469
2.83785
6.67958
0.611937
17.0555
0.638383
8.49713
4.10047
1.89827
2.78118
2.11987
2.57106
0.212175
0.713165
1.26424
1.54154
14.7707
16.4834
3.46204
5.09786
1.36117
0.6553
2.0129
13.5596
0.760117
0.187092
2.77029
1.14666
0.245575
1.16289
0.397099
0.494397
0.740291
1.77759
2.97102
15.4072
1.77589
0.0966659
2.01854
4.97847
0.121806
4.45716
5.86291
0.668427
2.06866
3.9737
1.68602
4.61397
1.12907
1.40441
2.66058
1.76399
14.003
1.46933
1.03279
3.12933
0.200617
0.119294
0.160324
5.48955
0.985424
0.22739
4.53901
0.243409
3.85041
0.140924
0.182596
0.253433
2.64591
3.23929
1.50485
3.3803
3.39399
20.1376
9.34822
0.689085
8.93922
13.0777
0.951474
0.0713044
3.72408
3.58239
3.81644
3.34966
5.04106
2.94149
6.11446
2.76308
0.973995
1.20196
8.17619
2.54053
16.0348
5.23996
0.31046
10.9302
2.09305
0.201403
2.69559
0.708505
5.95604
0.917071
1.00948
0.818215
0.185816
2.76602
14.0795
5.0969
3.2796
4.88573
0.111277
14.95
0.694106
0.205222
2.59871
0.127599
0.200676
10.5985
5.72408
1.87411
0.94238
0.555294
0.118503
0.201863
2.72124
10.5943
1.60701
5.78547
2.72218
1.88886
2.5372
4.89454
0.131566
0.302288
0.2017
6.47358
3.78182
6.08882
2.72681
4.88877
1.91354
3.33708
6.26393
2.8701
4.70025
23.8705
5.89265
0.683125
0.380651
0.702545
3.86901
0.206676
0.113438
0.120972
0.141667
2.026
12.1448
0.240469
3.31864
1.98909
2.61437
7.86925
2.09746
2.12289
3.14596
0.984383
19.4419
0.478324
0.132522
4.59512
0.181348
2.71051
3.59178
3.05905
0.144119
2.29782
7.32537
1.09755
5.12857
1.85247
2.37248
0.947804
0.833836
2.26419
1.43213
12.9876
1.61074
14.8328
3.34634
6.70021
0.202587
1.61756
19.1111
5.48287
1.35562
0.235074
3.67746
2.27662
4.42334
3.28277
0.303041
2.26056
0.267287
1.55897
0.822927
0.196749
1.57261
4.0646
5.1553
0.142184
0.975779
0.137516
1.45306
5.25937
1.59274
5.67786
26.5367
4.54733
2.23195
2.42329
16.0212
39.4274
5.05984
1.98407
2.58783
1.94089
1.78077
2.35571
2.89575
0.181641
1.74084
0.142212
2.30931
4.73205
0.642512
2.78365
2.90647
19.9711
1.38412
0.112208
7.22292
0.256986
0.803597
3.88688
10.5191
0.727203
2.14492
1.55724
0.437261
1.82166
6.97762
3.9548
0.967971
3.89824
13.5749
3.25326
6.06473
2.49173
2.09958
5.09955
8.98442
0.118123
2.06685
1.18426
0.445999
22.8469
6.22898
0.161082
0.695253
13.6731
3.76633
2.40539
2.71556
0.294994
1.33198
0.224562
2.72005
0.210399
5.32881
2.55122
1.9088
3.26424
4.54012
9.02637
2.6539
3.04215
17.5874
4.56353
5.11606
5.22359
4.10774
22.2711
0.790132
1.98741
1.81724
3.19081
0.214327
0.265512
0.124872
3.33073
1.75515
0.164861
0.118914
9.83188
1.28939
3.82224
0.194252
1.68685
7.00266
1.40847
0.130568
2.94369
0.900993
0.970913
3.46005
2.78512
0.193492
0.148164
2.91058
17.7673
12.1155
1.77037
1.77832
1.24967
1.9739
3.42114
0.976626
8.04042
1.90024
0.203734
5.7497
4.25253
2.2203
0.175942
2.68558
6.2468
17.1794
1.88895
5.77294
4.38311
5.94559
0.273712
0.204972
0.127417
0.149041
4.99416
1.50946
1.49288
0.602048
2.02721
6.33593
2.96852
0.207915
1.86703
11.6677
3.59128
1.93031
18.782
1.44972
0.264415
11.1364
4.40197
20.1149
0.204407
1.5148
3.9733
17.8922
0.196981
1.99781
4.81251
15.3891
0.130243
4.17315
3.41806
0.198343
3.39814
4.8227
2.8413
3.27152
42.7546
6.44828
3.44495
2.90542
0.224819
0.187654
0.12742
0.578706
2.15439
3.95515
0.188686
16.724
0.634328
2.00364
0.122907
1.79433
4.24166
3.60214
20.1691
1.38451
0.98675
1.14069
0.084793
16.2384
2.54637
1.26943
1.60188
3.34055
0.195954
8.62585
1.81046
2.10847
3.00834
1.51349
0.931935
0.192565
2.97406
0.22086
8.08981
6.20261
0.979645
2.95859
2.90108
2.51668
0.987146
5.59642
0.457578
0.207953
3.61714
18.4156
4.70609
0.28572
6.91565
1.39171
9.04444
0.271039
2.45653
0.167254
1.46484
13.421
4.5668
1.67461
4.77148
0.833913
3.34276
0.429703
3.99595
1.62409
1.21992
4.09014
0.446871
5.75038
15.9486
2.0392
0.229099
11.5194
8.39628
1.02035
3.63811
0.847649
3.54041
6.19531
0.16069
1.41652
3.80108
1.21154
19.1693
0.296608
3.1753
5.64669
0.221307
2.99781
0.946906
3.07822
2.63863
3.92507
2.76913
2.91519
0.0963989
3.1668
1.70735
1.80758
3.01981
0.609758
6.0005
2.92899
0.17405
2.17554
3.52534
7.04835
9.34567
3.08393
0.212118
5.18833
3.56423
7.48867
3.5385
4.18611
0.200839
1.77716
6.03742
1.52699
2.45349
1.43679
0.225813
1.89202
0.140344
1.93634
3.64288
3.79969
0.561108
0.11347
1.42202
0.241634
28.3053
1.12669
0.251121
1.27119
0.829362
1.13866
0.115642
11.2525
0.623455
3.70134
18.8869
3.78696
0.147256
3.23014
1.81671
8.44282
3.26431
1.44626
1.23714
0.604918
0.162982
3.99402
0.197328
0.295493
0.259379
2.48165
1.82061
1.7018
0.198293
4.42669
12.1188
5.45479
0.781215
0.129259
10.4927
3.85266
16.8913
2.74712
1.4473
0.185511
5.25117
0.245086
0.245775
0.976449
3.91359
1.14355
2.93816
1.30985
0.275192
0.239165
3.99341
20.9134
0.285624
1.33551
2.09076
3.22244
1.06473
7.61168
0.225284
4.14409
3.16764
3.16215
0.226571
0.444593
3.03751
2.19191
0.291363
1.98286
7.08079
0.183237
0.125538
5.18004
2.04647
3.96307
1.76116
0.834965
13.076
3.33495
1.96106
6.00043
2.78872
0.167395
7.58108
12.478
2.87699
0.760924
15.1421
5.86946
4.63316
0.272741
0.301898
6.47991
0.32338
2.41412
7.55267
1.52794
4.40875
1.70085
1.92074
3.67614
0.239644
3.9777
0.273529
0.303613
1.23352
2.96155
7.48453
9.80712
0.812968
2.61524
0.876072
4.01758
0.590349
3.44665
3.32646
3.80134
4.66602
2.67828
4.17464
2.39825
0.30455
3.29349
1.9512
15.5138
1.14176
2.12908
87.3842
0.196303
7.2384
3.86854
8.33733
43.0052
6.52422
0.344057
0.305472
3.64403
0.726105
19.4038
0.165622
7.32548
0.0900772
0.155865
0.923599
1.762
0.632561
0.686895
0.235242
1.78632
0.288181
0.225101
2.95289
0.571303
1.76798
3.12525
0.466752
0.275618
0.302768
4.29611
7.50268
2.10139
0.257822
3.68766
12.0596
0.219052
5.66624
3.78242
7.11822
0.48201
16.9762
17.9448
2.47401
2.9652
4.58212
0.317729
8.7848
3.2559
10.8141
7.87773
3.6391
3.12371
7.17137
0.208709
10.585
0.69574
3.20161
9.48109
0.211387
0.164548
8.1113
5.02108
4.54096
0.231046
4.3364
11.8784
3.41886
0.503179
0.195892
3.1386
25.6323
2.22142
5.84324
0.601999
0.12387
6.18327
5.41229
5.89905
6.4486
1.46807
5.64388
2.77964
0.941619
8.15582
4.92775
5.13235
0.148098
0.212567
3.41286
3.55186
2.92518
4.71018
3.07174
5.90411
0.21456
1.58069
1.77942
2.65316
0.148213
0.174764
0.717576
1.98512
4.0948
0.599853
0.14112
6.04586
21.0394
2.77016
0.32499
4.06918
5.16097
0.157606
0.0919619
5.65026
2.13994
0.51256
21.3141
4.42423
4.35747
0.656018
3.82602
1.94041
2.02337
0.235898
0.180459
1.80168
5.1651
0.106553
0.682686
14.3345
0.124161
3.22608
0.915179
1.37945
1.75583
0.202634
2.91142
0.797869
10.6933
1.51348
1.03702
8.03977
4.7213
10.2161
0.120225
3.9365
3.40939
0.016105
2.36958
13.4126
5.00222
0.240417
0.212694
0.177961
4.56142
3.12314
1.03095
0.2601
3.91128
2.118
0.452839
1.50092
6.8405
1.30182
22.479
0.419673
9.59774
6.88754
3.33752
8.53203
0.645318
0.467577
0.17677
0.661104
9.59273
1.31221
3.2242
0.198462
0.909525
11.0651
0.0596705
0.180662
8.30285
19.1681
8.02576
0.148946
0.148047
0.204358
44.7682
85.1005
2.88445
1.92632
20.5967
1.87824
0.970409
7.22319
2.28374
5.289
4.49989
0.212357
0.106463
1.21137
3.64472
21.0942
1.3646
0.90168
1.88542
17.7589
2.82616
1.81611
1.65055
0.156099
4.46369
2.9552
10.6063
4.536
63.2244
3.74691
2.30845
4.26585
2.92509
7.1122
20.0874
0.215658
1.71981
1.14022
8.27991
0.216335
31.6139
1.97988
0.509657
21.5231
8.7376
1.20979
1.49519
2.31638
0.0886509
0.13481
9.56508
11.4189
0.324963
3.26888
43.6099
8.57162
2.58964
0.223057
0.178488
14.1261
2.26095
0.263271
7.16675
0.225976
1.07241
0.374005
0.135569
1.51723
1.98763
3.24713
1.1384
0.219778
3.07784
1.79753
0.195467
8.43675
2.42809
7.64254
9.30469
0.199373
0.470665
0.190271
1.88695
2.88343
3.43926
7.31851
1.65011
0.443818
0.111627
0.179167
2.06695
3.13671
79.7712
1.20111
53.3721
1.31532
1.10477
0.62156
10.7425
1.77849
11.0417
1.29216
1.26349
1.55777
0.00775763
3.06644
0.199138
0.192646
72.1112
4.60339
2.73237
0.216914
6.39806
1.41356
11.8539
0.124873
0.210183
2.90481
8.64513
11.7944
0.731532
0.579546
3.53879
20.5787
0.119911
3.25139
15.2769
1.00474
12.9443
1.95073
6.7517
6.24731
0.170394
0.21544
1.98807
18.4677
0.15308
17.745
12.1492
0.173098
14.4522
0.248093
0.366277
6.94468
12.1445
15.0447
0.243874
12.7018
1.82306
25.9624
5.06337
2.83939
0.172811
0.897964
0.688745
0.0992222
0.569201
15.7153
0.183288
1.12729
4.68593
8.89358
9.12941
0.192715
3.31936
0.184798
0.144883
1.70034
2.93415
1.41434
1.89558
21.4509
9.03364
9.73623
0.551905
9.37225
3.16556
5.26328
7.28873
1.33984
10.0333
61.7619
17.5361
6.34984
3.18708
3.48446
0.102359
0.197986
4.91979
0.236513
5.16999
2.57816
2.76863
2.71186
3.11021
20.0876
0.212819
4.23069
2.47806
0.220345
0.451311
3.50776
0.553045
0.259468
6.94329
0.21377
0.20584
0.475772
2.59465
4.65011
3.39425
3.88749
2.14654
0.174521
1.7601
3.19426
1.97992
18.9279
3.32889
2.29323
0.417154
0.618824
13.8974
4.39869
0.630928
14.076
2.65644
0.897414
1.37834
0.637898
5.06407
5.81069
3.35177
0.128407
3.32949
3.09767
3.18278
0.656317
3.89734
0.124841
1.91688
3.90576
3.93073
2.1147
21.1131
3.5181
22.7327
0.151668
0.142693
0.179978
3.13659
1.11841
5.21145
2.9771
2.89992
3.34823
4.00699
0.977788
0.0724677
2.16837
1.69843
13.2186
1.40912
16.4975
2.83485
3.67308
0.227804
0.759523
0.785202
0.24
0.548913
12.8332
1.13577
1.43008
0.142638
0.848976
2.29942
0.746636
4.3513
0.140551
0.200683
4.55195
0.166933
0.197516
20.7166
1.5861
1.51111
2.07697
3.13741
16.9767
16.8688
3.16452
1.39976
7.37385
0.141243
1.88068
0.195348
0.157806
8.23655
7.4777
2.60221
0.56943
86.4103
0.92365
12.7875
1.32532
0.63738
4.14972
4.20423
1.29209
2.31467
4.67248
0.541121
44.0133
2.67928
3.01189
0.165805
4.12
0.137406
2.92634
0.391448
2.68927
3.44343
6.40514
0.23409
1.23119
0.13498
0.206535
4.28395
6.59321
1.61239
19.5484
2.32078
0.537065
3.33621
5.6046
2.23317
0.377126
0.776651
2.07905
2.18407
5.60157
9.71981
0.716915
22.564
2.89675
0.169259
1.23355
0.453689
0.122719
7.9648
3.30229
0.227458
10.2035
2.83644
1.88361
3.23277
1.52991
4.67649
1.78848
0.293508
1.27335
3.94173
1.07866
3.66866
4.04379
1.74418
8.87334
2.58615
1.8521
0.166879
17.3323
5.01712
0.328308
1.51612
9.02861
1.90496
16.9458
55.7305
1.48674
3.28974
3.1297
1.04222
10.8891
1.65109
8.77789
4.63142
0.0958452
5.14074
6.21542
8.25644
1.12097
7.73604
4.02081
5.25819
13.5877
7.39588
17.3616
7.93091
10.146
2.75636
0.822538
6.42705
4.38941
1.14057
3.24591
1.87576
8.20447
13.692
12.8236
2.89695
2.85316
1.67155
0.151364
2.76584
1.31856
3.15902
0.146658
3.79719
10.4978
1.41947
3.0864
0.193519
3.24878
12.2991
0.217368
9.28194
0.326828
3.46903
9.12788
12.2797
2.30813
3.90245
2.26698
7.25695
4.05434
0.108376
1.77608
0.274971
0.0965312
2.276
1.25568
4.72559
0.151761
57.0205
3.48747
0.445407
11.6648
3.29225
0.612325
0.239714
42.9279
1.01887
6.60994
0.832986
3.55564
4.30271
3.52779
3.54015
3.35783
21.1976
5.40117
2.8141
8.39103
3.14272
25.1986
1.53463
0.274457
0.176509
7.26674
0.90139
2.29624
0.700811
4.39234
0.0881363
0.0956895
0.147492
1.3365
2.98888
3.28269
10.0237
2.13467
0.305002
5.61542
4.48382
4.0234
16.9818
0.184414
15.8922
2.72579
13.7476
0.131897
0.166106
0.113265
4.38064
15.7059
0.100151
3.14611
1.5777
6.34172
0.186301
0.962703
1.24203
7.03278
20.1444
3.60018
1.6152
2.64258
2.14669
6.80995
2.80156
5.12462
0.106143
6.37169
4.597
14.9157
0.443273
0.454604
0.123973
5.98972
30.8044
5.02639
1.73923
1.44067
5.83814
20.5348
0.155482
6.36387
0.124426
58.4266
0.203799
1.45577
82.3937
1.99563
0.179671
2.69444
1.39365
3.39251
0.563325
48.2219
1.44271
4.10058
1.27345
0.47498
8.95237
0.795034
2.6807
67.7092
0.201779
4.61837
40.9537
14.4143
5.90512
0.130077
5.14839
5.65333
0.981253
6.57703
8.81653
8.21808
5.63641
5.49395
1.76513
2.51088
10.1559
9.24781
8.2585
4.56953
2.95978
0.137416
0.922269
0.210014
2.07752
7.76463
12.4851
2.04261
0.71498
4.63736
3.08286
0.114028
4.28784
1.73546
0.364303
3.54311
4.13259
7.18485
3.498
3.37495
9.85737
2.65445
0.208315
2.0324
4.45794
2.64881
0.214226
3.48974
0.16697
22.7807
1.86752
75.8386
3.16596
0.142623
3.68399
2.82778
3.34524
2.69329
0.311731
0.764062
0.225207
0.608126
0.142319
5.57775
7.18252
2.45203
2.47882
12.0699
0.173536
2.44424
4.62214
21.9133
9.49719
15.8457
0.65904
0.129584
0.160251
0.576858
23.804
3.41604
10.5011
2.97634
14.5546
3.13034
0.202925
2.75765
2.89077
19.7657
3.95728
17.1516
2.90061
2.5653
3.07311
0.502984
3.06132
0.959942
2.48854
1.81191
2.74731
2.4948
2.26577
0.270217
9.42401
5.02082
18.5515
1.09761
0.188103
0.152339
9.53701
62.1059
1.36396
0.175786
0.558504
1.4298
2.53501
0.23508
6.38244
16.7002
4.38022
0.19403
0.186504
0.886498
12.815
16.5249
0.152147
3.02953
16.193
1.04474
1.73412
4.29739
0.52848
15.5783
2.95998
13.3803
1.20875
0.134912
0.180883
0.751652
3.21575
1.7686
5.95117
5.19687
2.18789
8.54478
4.60812
1.72259
11.6618
3.28508
1.48006
11.4133
0.225428
1.15697
0.780518
2.71831
1.14714
3.7207
1.87976
16.1947
0.200725
0.20266
3.1302
11.1446
21.3858
3.48851
16.3915
2.67949
0.263097
14.0221
0.513113
1.82694
15.1547
0.112598
3.51628
1.24731
0.968565
3.31366
4.02227
0.230692
3.9251
3.87933
13.6557
45.0174
2.71143
0.94091
0.0724542
3.47609
10.5338
0.194682
4.75552
2.34403
4.55678
1.10668
0.600435
10.4019
8.8094
4.07548
8.88234
4.65658
3.36202
1.3269
22.4285
0.778334
3.79754
7.73886
4.4941
2.55211
3.02188
9.1624
2.79306
0.14528
0.1087
0.398611
14.1758
2.82992
8.30671
0.242074
1.99356
5.24539
0.121113
3.50348
0.0818533
2.9634
3.67811
7.5154
0.770455
4.77156
31.4858
0.210594
0.123576
4.60481
0.163644
10.4318
0.827265
38.9601
0.130429
1.78933
4.53295
1.59701
7.82138
0.172193
3.22616
0.143627
2.80449
2.96798
4.37526
3.57138
3.21939
14.1807
0.160041
0.460058
3.3899
17.091
10.1067
2.0597
8.03295
0.149496
0.337426
0.203811
3.58103
1.95594
9.9275
3.19791
4.04081
3.65498
3.19195
2.94791
13.8684
0.182471
1.70415
3.66971
5.16881
16.6436
0.627065
3.0929
0.27369
1.50636
0.209557
1.18625
3.22749
3.31107
1.10523
3.40495
18.7236
5.44774
0.330984
2.71113
0.531712
1.98092
4.33421
3.27998
3.86646
5.97439
0.623342
0.965382
1.29981
3.33861
11.0431
0.111398
0.371583
37.6121
1.1467
0.19235
1.67671
2.7694
0.132381
3.44113
7.99758
15.2617
17.5479
1.22217
2.82114
2.89787
0.0751208
1.68991
3.49268
0.979803
7.3573
2.32189
0.2297
0.924932
0.453426
0.168238
1.34302
1.84831
1.4771
1.79423
1.01472
0.486003
3.44155
0.121331
15.2973
11.2906
0.273368
8.39518
2.44783
6.2305
1.06485
2.63884
8.49289
1.15752
3.83218
0.201514
0.223651
1.17471
2.49528
12.9663
16.3833
0.182506
9.45528
7.15813
0.506491
1.39706
3.14973
0.161772
21.784
2.75406
10.4801
4.36367
3.09394
0.49703
17.5573
9.50137
0.113518
6.04452
30.7558
48.3015
0.208368
2.08219
3.02091
0.210464
2.55884
4.59585
10.3353
1.11459
0.358907
3.61846
0.242417
2.41595
0.768999
1.45758
0.117155
0.187897
4.89737
0.861092
7.77705
3.68479
0.474725
0.129159
2.34555
0.330464
0.0873024
1.95116
17.1028
0.628068
3.44061
0.472608
0.265077
1.63513
2.90783
3.91181
0.853959
2.46941
0.542892
3.90082
7.90337
0.54762
0.00614459
0.168365
4.00134
1.81409
0.112444
8.57402
5.80275
14.5975
0.806801
3.2629
68.0788
7.51162
3.31633
9.2935
3.18187
4.64454
8.22002
1.18486
2.34693
5.17652
2.40577
0.367589
0.154519
3.12409
21.3788
3.3095
1.31449
3.22958
4.87744
0.207549
3.12287
2.043
0.130283
0.195324
43.0153
23.4613
17.4766
7.84042
2.95898
1.10855
0.177727
2.14191
1.64837
0.434203
2.87155
0.17427
1.18642
3.52471
1.50897
0.419551
4.10983
1.67168
1.88277
8.23735
2.05062
2.59059
0.257301
6.97043
6.47981
0.139923
3.28467
0.506087
4.33552
10.0925
0.679596
3.71512
7.01816
11.6531
8.83675
12.8424
1.55016
0.927842
3.01804
3.14842
39.2155
1.87392
4.32778
1.24642
0.382618
10.2094
9.09569
17.3352
0.0992377
2.11195
0.186623
0.256869
0.549229
1.33544
3.58073
16.4809
4.42979
1.59217
1.62427
0.949803
1.07521
10.2359
0.150123
3.03938
3.63757
1.14968
0.150204
12.3021
0.614596
8.17788
5.7012
9.04121
1.17745
16.7728
1.11302
1.5836
0.754846
0.517177
6.26152
3.02442
0.14556
13.3044
16.7219
2.1357
7.73319
2.972
1.78902
4.24983
9.8139
20.0212
2.82836
0.932673
16.7935
0.94133
0.584095
0.115693
3.79124
2.51536
8.59142
1.75016
8.43631
5.11321
0.169028
56.1294
0.841825
1.72026
2.72506
2.90207
8.28418
0.992911
0.216394
18.9425
1.5256
9.26296
4.36411
14.1378
9.82337
5.2701
0.983962
2.78668
2.71636
2.76299
84.1906
3.41169
3.02258
0.76211
3.06689
1.80077
2.92604
8.72534
2.44315
1.03645
2.26241
15.0649
11.2601
0.108294
0.266962
0.100498
0.178516
3.41018
5.85612
2.60539
1.36818
8.61981
2.78703
0.675736
3.19008
2.75099
11.2504
0.570407
0.194616
4.02746
9.73214
15.6369
1.12092
2.03161
16.0729
14.6594
0.188489
2.87421
16.4588
1.55733
3.37456
0.125918
24.0616
2.78167
0.174778
1.19977
0.389808
7.92357
0.208224
1.78788
5.14741
9.3325
3.64636
1.66459
2.7851
0.719987
2.11733
2.65337
1.8634
11.8574
2.71495
15.5386
1.23669
0.861619
67.2909
10.0014
4.29784
0.000560919
0.134849
1.66711
0.0714142
11.8489
17.041
13.88
3.07073
6.77817
1.83559
3.10975
0.285701
1.07466
3.61301
0.164115
2.03349
0.157555
2.16515
0.139354
1.47613
7.02895e-07
3.12142
35.3295
0.651619
3.33655
3.26586
3.96273
4.00407
0.477167
2.77915
7.46059
0.43606
0.959602
2.89151
2.63097
2.03536
3.39811
0.183257
12.4002
10.7032
0.223497
0.142919
12.8349
0.658441
1.61993
1.9858
7.26478
1.55448
5.09907
1.94156
23.0174
9.20519
1.96989
5.44548
2.64576
4.17549
8.57814
2.4048
0.215875
16.6995
0.242714
2.57095
7.5642
11.52
7.92777
1.58999
4.14802
7.02441
4.72371
0.88365
0.303466
4.05301
0.382947
0.084053
17.4133
9.6973
6.54858
6.42878
5.8425
4.06774
0.571107
0.728861
2.96707
3.44845
17.0633
3.17829
3.7467
10.8398
20.5402
1.53765
0.79677
0.111219
0.279955
0.0898168
3.63929
0.22139
3.41042
80.4681
3.27777
1.17541
7.41895
14.999
7.60415
1.43993
0.186289
19.0405
0.237013
1.01708
2.90947
0.425873
15.4249
7.14562
4.11281
0.382879
8.05769
3.98596
1.8504
2.24167
1.00035
8.62948
3.50097
1.23894
0.046565
1.89372
0.803676
0.236635
0.154603
3.88252
2.11474
4.12412
9.78257
4.15221
1.73383
0.139889
4.08343
3.58096
10.2884
3.25141
0.170483
0.555068
2.78288
35.1329
1.76864
2.5785
0.995398
18.4448
1.1444
4.38048
1.22031
5.08321
17.569
3.96625
0.202508
3.67019
7.43283
0.174142
13.5068
7.89703
2.59886
9.2986
10.8969
2.30887
3.48459
44.9142
1.54851
0.138545
3.95425
0.144854
1.30637
1.35367
10.1196
2.76545
0.299481
0.364321
5.21866
2.32434
3.60519
8.42964
21.1208
4.43982
14.7144
6.94724
0.0584857
0.167443
3.17642
2.71852
2.11972
0.721437
7.31381
10.9128
1.93121
18.0223
2.66314
1.05012
19.6239
3.48989
1.6153
2.85483
1.35794
5.16091
4.22156
1.41386
9.78104
1.5873
1.73567
0.273002
2.59915
0.129325
0.361365
9.95131
9.58739
31.1189
3.56116
0.157764
0.192544
3.13742
6.49075
22.0944
19.0056
0.171782
1.71065
2.21661
5.09172
9.48759
17.3899
3.35323
3.94051
0.850921
3.88414
8.74155
3.83957
25.0556
3.63722
2.9112
1.36753
0.0587411
4.16719
0.131813
1.4694
2.71568
6.44554
1.4856
1.49244
1.22175
0.299385
3.90313
1.85146
3.44079
3.16002
2.3949
6.18005
9.14506
1.86069
1.26327
2.06636
2.22494
2.63777
3.63716
4.4897
0.139873
0.721145
9.77459
4.01407
0.087119
4.79039
4.86855
0.200469
5.49961
0.173546
7.27105
6.0266
20.6458
2.55172
3.31915
0.0898348
0.217314
0.267511
10.4228
0.140493
1.09319
1.23363
2.80889
0.519866
0.171853
1.78641
3.87939
2.08235
9.6126
16.3346
2.13201
8.08282
3.14318
13.4358
0.130988
2.28359
2.14777
0.409563
6.88652
0.655159
7.78457
2.12526
6.31558
3.5868
0.160098
0.297461
2.0816
0.193831
4.19104
3.17754
0.829782
0.670142
2.35933
3.8387
2.80943
1.96085
10.1216
1.63723
2.11303
0.26893
5.59087
21.1579
4.64522
0.482224
4.28603
0.736677
1.4048
5.3152
7.62848
3.79472
0.384693
21.0674
4.13955
0.228132
1.89897
1.65451
12.5017
14.637
1.92157
7.16123
2.80477
1.67188
0.252648
0.194041
17.8167
10.5208
2.20749
0.876041
0.982981
1.87284
3.85883
1.37119
2.93087
0.0827643
16.6223
17.7361
8.63908
2.02498
7.83086
0.188598
17.8607
24.9878
0.155138
1.24244
0.329104
1.18225
11.4544
6.0838
3.09493
1.68662
4.03997
3.29725
1.95731
2.55479
0.132379
1.55493
4.47687
1.71069
5.06927
1.92081
3.50615
2.06989
3.35204
0.751212
1.89498
13.8136
5.20893
2.50528
2.52112
1.68295
0.136636
10.3025
0.0849305
0.217744
2.66307
3.78719
12.4768
1.80312
31.1989
0.245191
1.63453
1.51306
0.207585
6.91916
12.5629
0.125997
11.1541
3.62625
0.188323
25.1923
10.7409
15.4817
0.284139
18.7173
1.69469
0.132111
11.7147
13.2812
5.63855
2.3074
3.85449
0.184194
4.32127
0.0942406
12.2832
5.89561
1.92886
16.867
77.4054
1.91773
3.60982
0.279941
1.83637
7.79232
8.99706
0.178616
0.385516
0.145959
5.93807
3.30721
3.20846
3.50711
0.16178
0.209811
7.81749
1.79877
3.40511
1.59601
0.22574
6.25497
9.30279
11.0394
15.3072
15.2942
0.231778
1.88145
0.22246
13.0565
7.10111
2.65964
29.8195
1.56574
5.83456
17.5745
2.2146
3.14491
0.0561853
0.112014
2.19382
8.7001
0.177732
3.12454
7.69971
3.59533
16.227
19.1594
0.219551
0.183778
3.95882
0.150248
16.6063
5.84896
0.936679
0.496391
6.93063
0.353024
0.954994
0.00654239
16.3662
1.36312
3.72616
33.9058
0.150077
12.5524
1.2879
4.61685
3.01757
2.0908
6.13961
0.144855
3.37835
1.26247
1.78177
70.6843
3.01434
3.97112
1.14926
2.19334
1.11753
8.44635
0.127198
0.115974
5.0386
17.7807
17.821
0.316761
4.63848
16.4353
16.8674
5.83332
3.46044
3.68354
20.0561
0.192106
4.13358
3.83311
12.0081
3.37367
4.11526
3.51841
0.228794
9.89679
6.58101
23.0785
0.908404
11.677
58.9359
3.11598
24.3471
0.331915
7.27871
1.54449
3.27342
6.2141
0.090314
3.54828
3.50777
4.17372
1.98655
0.706975
1.33627
5.98871
13.7396
4.91945
0.190533
0.4396
5.67901
8.22985
4.51196
0.59121
0.137103
9.69789
4.52644
22.0806
2.96569
3.24434
1.57256
18.585
7.44589
5.66999
1.06404
0.18681
10.7943
3.01538
3.43392
0.5488
0.157972
2.76662
6.47739
15.8234
0.220115
0.105785
1.77292
23.8348
3.59485
10.0195
1.59117
0.148861
3.78087
0.932531
3.39892
1.79711
15.3731
2.78059
12.1399
4.80366
2.69465
4.93669
4.28669
3.91605
1.70867
0.547583
4.53055
0.181618
2.98219
4.29394
10.3444
3.44695
11.6288
12.0099
3.52062
2.82563
7.66742
48.2062
2.0279
6.10204
5.49445
0.151433
1.9744
1.78147
5.09431
1.75351
1.15983
0.162233
3.01146
0.192638
1.54681
1.65007
10.1003
2.10347
15.0233
0.132238
2.43847
3.83503
17.8569
19.0822
2.15089
2.22636
7.61499
52.45
0.129643
0.42045
0.712501
6.78564
7.90752
37.2292
0.651406
3.80774
0.159993
80.5518
1.97613
76.764
8.64299
3.39124
12.4161
2.53244
0.285633
7.68588
7.70327
4.00405
2.97806
15.9452
8.37439
0.853896
0.0759373
2.23236
0.156213
3.92184
4.19166
0.19927
2.47653
3.40085
10.4307
3.87327
2.56327
9.00722
5.12857
2.0877
15.5212
1.86121
0.0618346
0.146013
18.1511
1.08975
1.69593
0.505427
7.29285
1.5054
2.27805
3.21459
3.16319
0.157935
0.750789
3.73643
2.60362
10.5391
17.895
3.72031
25.1472
5.86602
19.177
14.1432
13.7622
12.2973
1.24956
0.584093
2.24142
4.36884
0.231073
1.13297
1.18808
0.422102
4.86062
1.08703
19.6586
3.39583
2.06013
2.96709
1.22517
0.203365
17.8058
0.586045
3.2442
7.22257
4.14324
0.819012
0.112744
3.12285
62.3171
1.785
0.0759773
2.19545
0.213805
0.208516
14.8068
0.224424
6.90216
2.68554
1.11398
1.24829
1.21217
2.20557
0.147459
11.2703
1.83149
0.833063
0.139781
0.183547
14.3928
7.32071
1.81959
4.97103
14.1701
0.223539
2.90118
1.53624
3.52508
10.1323
3.15437
2.9346
2.61363
0.703471
1.42792
5.07069
2.21462
3.404
2.03483
1.96578
0.617687
4.29255
1.35567
2.47528
1.75161
0.158926
0.906168
67.0649
0.0779497
0.227259
16.6736
2.81575
7.17081
0.207709
22.1844
0.127187
17.4738
16.0806
13.836
0.711153
4.19857
1.25426
22.8198
3.43517
0.140713
10.9278
0.694222
3.70027
2.03423
7.46667
7.79249
0.954829
31.1793
0.26474
2.93158
2.50745
1.98278
3.363
3.3989
5.26119
6.47452
12.6449
1.15133
7.13603
2.68011
10.2133
2.68925
1.2848
0.21656
2.04628
4.81768
4.33764
38.3791
2.96022
5.15031
0.152784
17.8756
0.883943
9.11311
0.973489
0.13525
11.8767
10.0024
2.7615
2.2248
0.147703
4.908
2.06052
0.232953
16.2773
2.2854
0.701652
5.04647
2.23767
1.65736
11.9961
6.85821
1.47103
25.8825
3.02442
3.60751
4.14014
11.7031
1.9564
0.669781
1.95752
0.193656
6.04575
1.96477
2.60468
2.24255
0.828409
5.18687
3.7252
23.6862
6.71855
15.3454
1.38211
10.6264
0.164393
2.9958
1.01161
13.6963
2.50284
81.9781
4.83459
62.1666
0.0958383
16.4429
1.67474
0.106337
2.03783
7.36089
8.97119
1.32845
6.96432
6.90046
8.74755
2.03105
18.6602
4.02643
3.84687
18.3131
2.72049
1.51067
5.19043
12.6915
14.2938
4.95425
2.75649
15.3231
4.94058
4.74812
0.222286
7.11772
0.851942
0.171065
5.51967
16.2743
16.488
12.9647
0.425821
1.93829
1.00355
2.46617
1.55574
9.53431
12.3937
47.4942
25.9322
0.770072
5.17167
2.49122
4.18396
43.2918
3.47254
18.0682
0.120514
3.268
17.0213
0.287234
1.5369
9.96739
0.510628
4.4328
22.5237
0.185997
22.9237
3.3959
4.42646
0.110031
0.133217
9.56781
4.41527
31.4667
16.8943
84.7116
3.22999
1.23271
4.18531
3.63875
3.11929
2.07977
0.448916
19.7286
3.51474
15.3775
1.16552
15.6781
3.228
1.19345
17.6979
23.023
7.31726
12.5912
13.139
3.56907
0.690185
3.46223
2.6144
3.89167
8.58614
2.73133
35.4892
1.13247
3.30225
0.196211
3.69999
7.18998
15.1059
0.154011
0.863151
3.43553
3.46708
2.7098
0.199441
0.205534
1.90945
10.0791
0.277671
1.76516
8.69685
49.4125
38.9164
9.90439
1.50796
0.852044
0.706905
24.0466
17.5659
1.38295
0.185197
15.7379
3.66847
0.241744
3.41902
1.72705
19.358
3.55183
9.11327
4.50456
16.5564
2.42853
17.3977
24.8624
4.48725
3.17438
0.679161
3.8951
0.696636
2.43986
4.47875
17.1418
0.635238
0.929005
2.46111
0.187313
2.15857
4.91061
5.40768
17.1248
0.155427
0.143294
3.13541
1.76262
1.66103
4.26948
13.4229
16.8143
3.38926
3.38553
9.76965
12.7001
8.77974
12.7387
3.0013
0.132
4.66158
2.666
14.3026
1.72717
1.81684
0.228162
3.84241
0.202461
3.67162
12.8861
0.191812
25.4244
17.2169
2.22625
0.196692
2.76038
0.78038
3.0343
1.1494
0.178169
3.83475
4.05352
14.168
1.91133
0.22726
14.9467
6.52363
4.01975
0.16969
0.138416
4.26341
25.8157
17.0408
1.66734
1.77094
20.7436
0.632811
1.50377
38.8294
2.35906
2.59979
15.4944
0.157753
12.5171
0.208419
1.85789
1.10683
17.4025
0.164578
1.38763
0.705718
1.47305
3.47771
16.6576
8.47145
3.35005
3.80245
4.45114
2.52348
0.246264
4.07315
3.78996
1.75408
0.677245
20.5259
1.8927
2.45228
16.4189
1.14325
16.5431
4.20523
1.45187
3.03315
3.20957
1.49472
0.688099
13.2298
0.0897488
1.08169
1.34651
23.2075
0.172326
0.671242
0.951092
2.59523
0.46266
0.0980606
3.34626
4.58127
7.97155
1.79733
2.88031
26.8194
14.7585
20.6707
6.0485
0.0760304
0.13776
4.0884
1.62966
6.02541
3.44278
0.790709
5.70722
0.123034
2.13744
19.8615
0.852028
1.10362
4.83024
11.5532
3.37843
3.48673
19.8124
3.51555
11.046
0.0788005
23.9331
0.118616
22.6221
0.204247
19.0448
5.03708
0.860894
0.224461
0.586472
3.65303
5.21474
7.28238
1.7723
2.45571
5.1058
0.170003
0.174083
4.9177
18.1505
9.75577
6.45815
0.188315
16.0852
34.096
1.97112
16.193
0.931685
3.05873
0.125077
2.59759
8.03871
0.149421
2.91525
1.73151
0.076594
1.1941
2.97871
0.633829
0.808482
10.7949
0.158609
7.76631
37.2548
0.143881
18.6803
6.21848
5.60018
3.19117
0.580184
6.37031
37.4289
12.4513
3.30727
0.825654
4.73841
11.2103
52.117
1.30361
3.7801
15.8856
0.0790509
0.0432932
1.11951
0.607967
4.88391
0.166448
1.96121
0.206348
3.87034
3.02326
43.1747
3.95483
3.22487
3.4406
15.9326
1.12181
13.1629
19.402
4.58644
4.70603
13.329
0.352694
2.65051
16.5319
0.163048
0.121635
0.153811
0.148165
2.08444
3.41825
0.182236
1.49139
3.0467
0.137994
1.48898
3.66181
0.6092
5.48145
5.4965
5.88714
5.37501
1.54353
2.8406
3.07442
4.65456
0.616339
0.137991
10.6443
15.5861
1.91924
1.9214
1.83435
2.6051
7.1707
47.7774
3.46013
0.332097
1.05598
2.97944
0.90138
16.4245
20.8609
0.193914
1.23756
4.73565
17.6258
4.92784
6.5092
10.2313
3.44238
0.210191
14.1797
4.922
15.1246
9.64962
2.40901
0.0721136
20.3267
14.3095
15.8318
7.87442
1.10162
0.134578
1.0595
0.235617
0.0821772
3.29173
22.4984
1.04985
0.157085
2.40508
0.558627
2.74164
1.64024
9.34002
15.3212
3.00588
0.0254154
0.155638
1.73802
0.818101
10.7349
0.144
0.207659
0.199317
0.16633
0.891747
0.762529
8.16289
5.00951
0.112902
2.75141
0.908768
16.4965
20.8454
0.752936
1.82016
0.841718
14.0044
0.644591
1.84368
0.151441
1.63973
3.21445
1.30783
0.192962
0.137944
0.175497
0.00384911
18.519
0.219196
5.11727
11.0504
7.3802
0.269112
3.76663
6.95118
0.141639
0.978871
4.39756
6.04012
6.08891
20.0068
0.0498826
17.8193
4.84316
0.52175
3.55822
3.52237
11.8787
6.86133
3.37282
0.249213
21.8754
0.28057
3.11038
0.142637
2.17075
3.78101
3.66327
4.02078
5.57267
12.086
1.04346
2.4514
3.3469
0.160121
20.4813
0.835796
3.12079
1.71419
0.362899
1.64971
3.72227
22.5392
16.0836
4.48909
4.28841
4.61527
3.26945
10.8606
1.55107
0.202556
6.23248
7.94173
0.195797
0.173848
3.75716
16.0157
2.40923
57.7771
0.739449
0.199353
0.845223
0.184822
0.153871
1.46494
1.12713
0.197911
9.85417
10.1992
0.721202
34.0726
1.35766
1.89301
5.09337
0.141504
5.17688
5.23869
0.131768
6.54714
20.9963
1.01868
0.732819
1.73718
1.77864
18.8179
2.59271
2.94764
21.4368
2.88621
3.03636
19.698
25.6343
4.05818
3.98083
0.219339
9.77445
17.752
17.0726
16.7689
1.56882
0.189934
0.593721
4.1754
24.4192
7.58207
12.8623
13.0007
0.188271
6.14664
2.46734
0.330492
2.31153
4.25642
23.9425
0.948346
51.5962
4.17874
0.0461567
7.23704
0.567441
30.646
2.08772
2.155
15.1493
2.38075
0.667183
0.126498
2.21426
4.66157
3.3787
0.124784
3.29752
0.17745
2.04889
6.75058
0.671332
6.82599
4.35048
1.61635
1.10111
4.69181
0.825858
4.10833
4.28837
1.82993
15.9552
0.125468
10.8758
1.50099
1.45409
0.857651
4.42147
17.0519
2.22043
3.12829
13.4155
1.73497
4.24735
3.28684
4.43182
3.18565
17.8249
24.7927
0.861465
21.1927
4.5089
3.99432
4.11638
24.1792
81.3181
3.19926
14.9768
6.14485
3.91983
3.07866
0.141341
20.8317
1.2933
0.198033
5.45438
0.0895173
6.72094
2.99902
0.603861
0.124939
11.4537
13.7671
0.301694
0.729743
2.03243
16.064
2.43695
9.22666
1.42964
2.11591
17.8085
5.38054
0.67518
0.150453
0.915227
0.201494
0.609478
0.732747
0.790004
3.38342
0.20216
3.76579
7.11654
37.8198
2.00098
2.582
0.205945
0.230655
3.71636
36.9014
16.5982
14.5156
0.175117
0.13928
0.698235
1.68211
19.8004
4.06682
13.1998
4.44179
18.2383
17.7888
3.8431
0.169235
3.30832
4.48667
4.48939
3.31676
8.35864
3.04931
0.163641
0.201618
3.85523
0.142933
5.00326
0.988582
2.67829
0.664843
0.822472
2.68059
1.33656
26.2788
0.763105
3.68654
3.40972
34.5346
4.08078
7.58927
16.189
3.29272
2.9616
20.6625
3.35219
0.15325
0.187602
5.24247
12.6869
0.248947
10.3433
2.24033
7.60241
10.0784
0.283763
2.61044
14.6697
1.53112
17.6577
9.10857
4.91007
0.220371
1.18483
0.204371
2.16502
24.0763
0.14745
3.27925
11.7725
22.9845
0.731012
2.56859
6.21115
2.78413
2.62237
0.136419
3.79338
0.273273
0.557812
21.0065
0.189634
13.0518
14.7227
3.62448
4.51708
2.58788
2.00492
3.00192
0.908089
23.0029
17.5412
13.585
4.6408
1.56889
3.71573
2.48921
0.798888
2.10018
4.43031
7.91723
15.5979
2.74876
84.9678
3.17864
3.94734
9.22246
1.33239
1.76271
0.277224
4.799
4.83955
50.6111
2.61869
12.184
3.61902
1.65755
10.3805
7.48444
23.925
2.93171
2.86623
0.770384
1.89597
13.7782
0.584564
0.165693
11.8041
7.01892
0.0706951
1.51602
1.81302
2.87454
0.122235
0.21191
2.52142
8.56062
0.114886
3.4486
0.356255
0.301806
0.146406
2.43618
1.06252
2.86817
3.08217
0.0481207
7.95325
2.80034
16.5123
7.69747
4.29922
4.73638
0.236925
4.69151
1.95107
2.67855
2.09067
2.33734
11.2185
1.29786
28.0553
19.6886
3.14818
22.3157
4.22061
16.4119
18.8023
8.1139
0.183049
0.154226
23.721
4.77018
10.6604
6.98355
3.49113
31.7205
22.8376
2.09063
25.2994
16.6694
32.896
76.8655
24.0482
16.555
0.36249
2.65518
3.77486
15.2558
12.1728
9.99936
0.701787
17.7168
21.5869
0.921515
2.53508
0.321476
17.1532
0.22926
3.02622
0.225594
6.73221
4.85009
16.0601
0.91529
3.37378
9.72004
17.3694
4.23623
0.800459
23.0203
5.8336
21.7783
2.55876
0.147392
1.35377
1.00623
3.93284
8.30433
1.1388
10.006
0.221561
0.8258
11.7457
1.19165
0.0952446
1.98609
16.8077
22.3912
15.8522
8.46187
16.6477
7.08604
7.42358
0.270132
17.4577
9.61766
4.32246
3.71342
0.147951
0.797719
41.9109
25.2052
1.94807
6.04589
3.11373
21.9266
5.67068
4.61463
1.10325
35.8797
1.79574
0.1474
0.225418
16.8795
11.154
9.3377
23.424
17.6093
3.88694
3.22609
15.3924
0.181086
25.8176
14.3191
2.33895
0.769647
6.70036
1.52146
2.78974
0.124441
2.28607
24.3873
17.4629
1.90377
3.93882
16.9539
49.8889
1.55224
1.15892
21.3991
0.773227
17.2804
25.0512
23.0657
16.5455
5.00796
0.253426
4.24629
28.3682
5.52416
15.7075
0.190924
10.3195
2.51376
0.215204
25.5328
17.1037
22.4272
0.509246
2.34435
15.6905
4.78084
1.13887
0.234781
21.47
16.6484
0.766354
2.56716
2.7263
0.137443
4.41663
30.0427
0.997792
2.2834
0.153971
3.26435
2.9517
34.3014
1.59626
4.92986
6.15639
4.45215
30.4456
9.27037
1.08431
17.8821
16.501
3.02922
16.9439
6.93421
11.4838
1.9195
25.6123
6.05651
0.146771
3.36766
29.7432
13.7068
3.44763
16.8109
0.194132
22.6155
2.09218
0.294311
0.213129
0.995327
2.94185
8.60813
3.56499
0.184066
0.812295
24.2053
3.20586
23.7272
1.81801
1.93183
25.5512
12.9914
5.10599
9.76251
0.855335
1.7362
0.0900429
3.31452
15.1617
17.1017
31.4431
3.04524
1.63327
1.05662
2.87722
4.34694
0.233844
3.56476
2.98091
26.606
35.2394
26.1143
29.3997
0.13821
1.9323
0.914307
2.39579
2.59757
16.7966
14.6543
0.0774065
0.0801072
0.20324
0.904317
3.44966
0.816502
10.4794
0.779547
0.929881
7.54244
2.0791
2.97042
11.663
31.695
17.1821
15.3042
2.89939
0.968204
1.17168
3.27754
19.03
48.2284
0.808262
25.2554
16.6936
0.179564
2.51414
28.384
24.2263
24.8916
23.893
16.555
16.613
16.9407
49.8855
0.804099
14.7847
25.4623
2.1903
39.3687
0.785236
3.15044
16.6773
16.196
2.63424
23.3602
16.53
0.774825
2.1973
0.869237
55.3695
3.20196
2.41715
2.29659
17.248
44.2825
22.0527
16.98
18.309
16.6092
2.26561
18.9278
19.4765
20.7998
19.9369
16.5984
16.6971
16.8528
16.7335
16.9294
2.08982
1.98464
24.7744
)
;

boundaryField
{
    back
    {
        type            empty;
    }
    front
    {
        type            empty;
    }
    outlet
    {
        type            zeroGradient;
    }
    circle
    {
        type            fixedValue;
        value           uniform 0;
    }
    walls
    {
        type            fixedValue;
        value           uniform 0;
    }
    inlet
    {
        type            fixedValue;
        value           uniform 0;
    }
}


// ************************************************************************* //
