/*--------------------------------*- C++ -*----------------------------------*\
  =========                 |
  \\      /  F ield         | OpenFOAM: The Open Source CFD Toolbox
   \\    /   O peration     | Website:  https://openfoam.org
    \\  /    A nd           | Version:  10
     \\/     M anipulation  |
\*---------------------------------------------------------------------------*/
FoamFile
{
    format      ascii;
    class       volScalarField;
    location    "850";
    object      nut;
}
// * * * * * * * * * * * * * * * * * * * * * * * * * * * * * * * * * * * * * //

dimensions      [0 2 -1 0 0 0 0];

internalField   nonuniform List<scalar> 
10435
(
4.6366
2.53026
1.53987
3.88678
1.20721
0.710398
2.11547
5.09254
7.0062
0.832926
1.96137
3.65459
0.783732
2.74797
2.98804
2.91709
2.55292
0.65385
7.81311
4.75481
3.87115
4.99051
2.20104
6.86071
1.02482
2.35677
2.3346
1.10335
2.08184
0.705092
1.70166
1.71583
5.83732
1.99603
4.46591
3.23323
3.58541
2.42138
2.23288
7.21507
0.635829
1.97942
2.21129
4.06215
2.72787
6.90988
0.678467
2.15273
7.8048
6.37901
4.51654
1.17215
2.15397
2.07275
2.26535
2.00912
4.3139
2.35452
2.18974
5.29765
2.19059
2.81423
2.26032
1.28077
2.40351
1.26848
2.06855
2.24634
4.35708
7.17181
2.09208
2.4374
1.99363
1.50479
3.27871
2.38148
7.15119
2.59113
6.64392
3.31592
6.92711
4.80539
2.06974
2.051
7.06769
3.55998
3.85006
3.36428
3.51687
3.80728
3.15676
2.95665
5.12898
3.67731
3.6971
3.3036
2.9644
3.1787
2.33017
2.31892
3.36376
0.781084
3.80344
3.54741
0.747281
3.95064
5.41268
6.69231
7.03433
3.67331
6.1202
0.834973
4.44403
4.05539
2.26986
4.91262
2.36857
3.53686
2.75723
3.16298
2.50901
2.25826
3.41881
2.92115
1.11307
2.26031
3.08013
2.46092
1.69363
2.59148
2.70676
1.2846
3.72708
2.99702
2.45983
1.78929
3.06658
3.92532
3.00688
4.87902
4.83201
2.05402
2.02864
2.0225
5.12548
2.84565
3.04675
0.989235
2.54467
2.7716
2.13174
3.16167
4.20847
2.43072
0.945539
2.18261
0.987722
3.23277
0.870933
1.78522
2.59416
2.72646
2.25509
5.21802
3.59366
1.88211
5.83363
4.1171
5.07212
1.70772
1.07395
1.85114
2.1237
3.03351
3.59393
2.10563
3.06109
2.29596
5.89284
2.12013
2.23597
0.73681
3.06155
2.18701
2.34963
2.06363
2.18729
3.01009
1.08122
1.54791
2.90935
1.99024
2.55679
2.96023
0.900646
3.66525
2.46982
3.48856
2.22519
3.14469
3.57601
2.32344
0.929621
2.33309
1.13289
1.76016
2.49876
4.0374
2.20879
5.29025
2.03202
1.95586
2.33365
4.72121
2.24726
2.72321
3.92402
1.97812
2.37717
2.50539
2.07811
2.33729
2.12238
3.01028
2.29215
3.98995
2.28876
3.36012
1.49623
2.55787
2.25465
4.88649
2.32542
3.61319
2.57533
2.40467
5.01247
2.3704
5.46566
1.34529
4.14709
2.226
1.92766
2.03839
1.97174
6.74826
3.2669
4.25635
1.73879
2.4403
1.87141
3.81354
0.767473
5.36793
3.48441
1.38235
1.62395
2.99314
2.05892
2.23488
2.56149
1.17708
2.29634
6.27071
4.21777
2.24755
4.19926
1.8136
2.04845
1.71907
2.16282
5.31869
4.12963
1.06003
2.44705
3.20937
2.50721
1.25878
3.10224
5.93966
0.832319
2.35211
1.81382
3.22052
4.01435
1.90103
1.02759
2.24782
2.02554
2.05191
3.13723
1.50563
2.15174
4.74701
2.26468
2.08195
2.65497
4.45755
1.35745
1.34617
2.23997
5.5751
1.53428
1.86563
1.50733
2.93742
2.42007
4.10247
1.31788
1.99597
5.66088
2.33609
2.74155
0.978262
6.13529
2.03393
2.13141
1.94583
2.21847
4.02014
0.717303
2.18935
4.15019
1.91605
6.58022
0.939428
2.54097
1.30595
2.17001
2.45072
6.01476
2.02211
1.96462
1.72241
3.11868
2.28777
1.97926
1.82388
1.92516
2.04251
2.58181
2.31783
2.11973
2.13524
2.05204
2.21327
2.23742
2.61188
1.84816
7.20847
1.93806
1.00944
2.28665
1.115
7.14332
8.28486
0.764884
1.69887
2.06148
2.01987
1.8837
2.3105
1.99402
1.97055
2.17419
2.58885
2.27791
4.09403
2.52949
7.46735
2.28677
2.61107
0.697018
8.73189
1.84561
2.37439
2.32234
2.47056
2.04716
2.42006
2.82817
2.24943
6.24554
2.18733
4.89469
7.58155
0.960823
0.841811
7.908
1.28679
5.23411
2.78034
1.9589
2.06943
2.05287
1.48084
2.06061
0.697822
2.76613
2.16037
2.60555
2.09033
2.07966
2.48226
2.41125
5.57844
4.50205
1.89545
2.48638
2.65159
8.38584
2.73129
2.51911
2.18682
1.99712
2.2269
2.11436
1.33347
2.08595
2.4419
2.09844
1.93439
0.59817
1.76273
1.76243
9.25172
1.98429
33.93
33.962
33.7235
33.2798
32.6563
31.8653
30.96
30.0416
29.2847
32.9754
33.0366
32.9175
32.6378
32.2131
31.6636
31.041
30.4348
29.9625
31.3701
31.4679
31.4532
31.3259
31.0931
30.776
30.4248
30.1209
29.9652
29.1658
29.2953
29.368
29.3735
29.3122
29.2053
29.1022
29.0835
29.2525
26.4579
26.609
26.747
26.8565
26.9342
27.0007
27.1057
27.3326
27.8051
23.3877
23.5504
23.7277
23.9055
24.0792
24.2699
24.5257
24.9278
25.6038
20.1372
20.3026
20.4916
20.698
20.9202
21.1798
21.5212
22.0162
22.7712
16.9174
17.0693
17.2408
17.4375
17.6627
17.9387
18.3054
18.8235
19.572
13.9265
14.0382
14.1649
14.3205
14.5127
14.763
15.1074
15.5996
16.3084
11.295
11.3435
11.4075
11.5044
11.6426
11.841
12.1309
12.5607
13.2001
9.06399
9.0467
9.04927
9.0874
9.16781
9.30492
9.52458
9.86769
10.3951
7.2099
7.15
7.11227
7.1072
7.13963
7.22047
7.37034
7.62195
8.02372
5.67892
5.62632
5.57992
5.55347
5.55388
5.59115
5.68235
5.85297
6.13907
4.47401
4.45292
4.4179
4.38581
4.36775
4.3747
4.42153
4.52828
4.72137
3.60257
3.60356
3.57949
3.54613
3.51682
3.50305
3.51792
3.57751
3.70317
3.02568
3.02778
3.00438
2.96731
2.92902
2.9002
2.89196
2.91679
2.98985
2.66739
2.65702
2.62606
2.58222
2.53548
2.49495
2.46979
2.46975
2.50534
2.44579
2.42353
2.38357
2.33244
2.27812
2.22823
2.19042
2.17274
2.18393
2.30501
2.27652
2.23028
2.17343
2.11306
2.05584
2.00833
1.97728
1.97005
2.21583
2.18529
2.13567
2.07502
2.01019
1.94738
1.8924
1.85097
1.82893
2.16411
2.13326
2.08168
2.01834
1.95018
1.88316
1.82252
1.77326
1.74052
2.14343
2.11168
2.05782
1.99187
1.92094
1.85071
1.78588
1.73068
1.68946
2.15137
2.11552
2.05743
1.98813
1.91458
1.842
1.77434
1.71503
1.66754
2.18817
2.14072
2.07504
2.0014
1.92535
1.85138
1.78242
1.72086
1.66937
2.25696
2.18171
2.10516
2.02699
1.94889
1.87485
1.80635
1.74445
1.68974
3.26944
3.33484
3.41892
3.52188
3.64391
3.78459
3.94336
4.11916
4.31097
4.51733
4.73687
4.9681
5.20929
5.45889
5.71491
5.97554
6.23879
6.50261
6.76491
7.02371
7.27677
7.52197
7.75706
7.97976
8.18939
8.38639
8.57038
8.74074
8.89796
9.04421
9.18068
9.3088
9.43099
9.55091
9.67304
9.80306
9.94789
10.1157
10.3165
10.5618
10.8651
11.242
11.7101
12.2896
13.0047
13.8822
14.9504
16.2356
17.7559
19.5146
21.4902
23.6305
25.8507
28.0358
30.0556
31.7791
33.0947
33.9221
34.2394
3.22422
3.28956
3.3728
3.47444
3.59467
3.73329
3.88979
4.0633
4.25274
4.4568
4.67398
4.90271
5.14143
5.38847
5.64206
5.90034
6.16139
6.42322
6.68383
6.94121
7.19334
7.43824
7.67398
7.89874
8.11104
8.31001
8.49533
8.66737
8.82707
8.97565
9.11426
9.24442
9.36836
9.48918
9.61094
9.73874
9.87888
10.039
10.2282
10.4576
10.7403
11.0919
11.5312
12.0807
12.7672
13.621
14.6737
15.9537
17.4787
19.2485
21.2386
23.3938
25.6267
27.8219
29.8479
31.5741
32.8897
33.7161
34.0303
3.14384
3.20553
3.28446
3.38123
3.49613
3.62909
3.77973
3.94735
4.13097
4.32943
4.54134
4.76521
4.99944
5.24233
5.49212
5.74699
6.00504
6.26433
6.52288
6.7787
7.02979
7.27415
7.50986
7.73519
7.94872
8.14953
8.3372
8.51183
8.67402
8.82473
8.96512
9.09671
9.22154
9.3424
9.46289
9.58759
9.72218
9.87367
10.0507
10.2637
10.5258
10.8531
11.2654
11.7869
12.4464
13.2759
14.3087
15.5739
17.0897
18.8559
20.8459
23.0021
25.2353
27.4302
29.4572
31.1885
32.5159
33.3618
33.7024
3.01639
3.07402
3.14833
3.23995
3.34918
3.47605
3.62023
3.78114
3.95793
4.14953
4.35469
4.57202
4.79999
5.03698
5.28131
5.53117
5.78474
6.0401
6.29531
6.5484
6.79737
7.04027
7.27523
7.50057
7.71487
7.9171
8.10672
8.28363
8.44819
8.60115
8.74357
8.87689
9.00302
9.1245
9.2446
9.36747
9.49834
9.64376
9.81195
10.0132
10.2606
10.5704
10.9631
11.4636
12.1014
12.9092
13.9205
15.1644
16.6592
18.404
20.3715
22.5031
24.7097
26.8787
28.8843
30.6033
31.9305
32.7902
33.1577
2.85204
2.90532
2.97472
3.06086
3.16408
3.28444
3.4217
3.57536
3.74466
3.92866
4.12621
4.33603
4.55672
4.78675
5.0245
5.26828
5.51629
5.76669
6.01758
6.26701
6.51306
6.75376
6.98733
7.21213
7.42673
7.63008
7.82151
8.00076
8.16799
8.32375
8.46898
8.60501
8.73364
8.85724
8.97884
9.10232
9.23259
9.37592
9.54029
9.73586
9.97558
10.2758
10.6571
11.1443
11.7667
12.5563
13.5457
14.7625
16.2239
17.928
19.8477
21.9262
24.0777
26.1939
28.1544
29.8415
31.1549
32.0215
32.4166
2.65381
2.70221
2.76619
2.84638
2.94313
3.05655
3.18645
3.3324
3.49375
3.66965
3.85905
4.06081
4.27362
4.49607
4.72665
4.96375
5.20566
5.45061
5.69674
5.94217
6.18499
6.42329
6.65535
6.87953
7.09442
7.29894
7.49233
7.67423
7.84466
8.00405
8.15324
8.29351
8.42661
8.55481
8.681
8.80888
8.94314
9.08981
9.25665
9.45355
9.69312
9.99137
10.3682
10.8478
11.458
12.2294
13.1925
14.3731
15.7861
17.4293
19.2762
21.2731
23.3397
25.3744
27.2648
28.9007
30.1879
31.057
31.4833
2.42373
2.4665
2.52432
2.59785
2.68749
2.79339
2.91545
3.05332
3.20642
3.374
3.55513
3.74876
3.95369
4.16863
4.39218
4.62283
4.85897
5.09887
5.34072
5.58268
5.82282
6.05932
6.29051
6.51479
6.73073
6.93727
7.13359
7.31926
7.49422
7.65886
7.81405
7.96109
8.10181
8.23846
8.37386
8.51164
8.6563
8.81358
8.99091
9.19759
9.44551
9.7497
10.1288
10.6052
11.2049
11.9556
12.885
14.0163
15.3628
16.9222
18.6705
20.5587
22.5139
24.4434
26.2443
27.8155
29.0695
29.9411
30.4051
2.15839
2.19407
2.2444
2.31014
2.39176
2.48953
2.60341
2.73311
2.87818
3.03794
3.21152
3.39788
3.5959
3.80439
4.02211
4.24772
4.47974
4.71646
4.95598
5.19635
5.43567
5.67221
5.90445
6.13086
6.35001
6.56087
6.76257
6.95464
7.13696
7.31001
7.4749
7.63311
7.78668
7.93796
8.08969
8.24565
8.41011
8.58821
8.78676
9.01395
9.28048
9.59967
9.98804
10.4657
11.0555
11.7818
12.6686
13.7359
14.9957
16.4477
18.0729
19.8303
21.6559
23.4673
25.1713
26.6747
27.8964
28.775
29.2852
1.849
1.87439
1.91457
1.97068
2.04334
2.13286
2.23904
2.36132
2.49985
2.65455
2.82363
3.00578
3.19968
3.4043
3.61901
3.84267
4.07455
4.31293
4.55466
4.79753
5.03991
5.28038
5.51773
5.75065
5.97767
6.19795
6.41037
6.61445
6.81011
6.99817
7.18046
7.35881
7.53523
7.7122
7.8925
8.08106
8.28204
8.49715
8.7325
8.9954
9.29499
9.64173
10.0483
10.5333
11.1173
11.819
12.6584
13.6479
14.7979
16.1167
17.5995
19.218
20.9172
22.6242
24.2527
25.7103
26.9137
27.803
28.3565
2.24114
2.15445
2.0883
2.03107
1.97836
1.92904
1.88352
1.8431
1.80975
1.78619
1.77608
1.78187
1.80359
1.83942
1.88696
1.94588
2.01714
2.10132
2.19885
2.30968
2.43349
2.57117
2.72495
2.89918
3.10185
2.12137
2.09693
2.05579
2.00918
1.96115
1.91387
1.86915
1.82897
1.79569
1.77217
1.76127
1.76489
1.78348
1.81639
1.86272
1.92204
1.99422
2.07906
2.17646
2.28631
2.40911
2.54618
2.70009
2.87504
3.07843
2.07078
2.05011
2.01623
1.97495
1.93011
1.88451
1.84056
1.80064
1.76736
1.74345
1.73142
1.73307
1.74927
1.78007
1.82506
1.88362
1.95501
2.03852
2.13371
2.24042
2.35944
2.49227
2.64142
2.81073
3.00601
2.03419
2.00852
1.9744
1.93422
1.89052
1.84569
1.80213
1.7623
1.72878
1.70421
1.69092
1.69073
1.70476
1.73338
1.77632
1.83273
1.90141
1.98137
2.07168
2.17241
2.28433
2.40902
2.54883
2.70714
2.88891
2.00007
1.96838
1.93136
1.89005
1.84599
1.80104
1.75732
1.71716
1.68305
1.65748
1.64271
1.64058
1.65229
1.67832
1.71831
1.77114
1.83526
1.90948
1.99252
2.08455
2.18641
2.29965
2.42653
2.57029
2.73583
1.96572
1.92804
1.88729
1.84386
1.79861
1.75289
1.7085
1.66757
1.63246
1.60554
1.58903
1.58473
1.59385
1.61676
1.6529
1.70085
1.75873
1.82519
1.89882
1.97982
2.06903
2.16798
2.27881
2.40464
2.55066
1.93043
1.88713
1.84269
1.79692
1.75012
1.70322
1.65771
1.61561
1.57913
1.55056
1.53205
1.52536
1.53154
1.55079
1.58224
1.62413
1.6743
1.73123
1.79357
1.86149
1.93576
2.01769
2.10916
2.2133
2.33583
1.89316
1.84579
1.79848
1.75065
1.70224
1.65389
1.60695
1.56337
1.52532
1.49492
1.47429
1.46506
1.46806
1.48315
1.50913
1.54387
1.585
1.63079
1.68017
1.73318
1.79035
1.85253
1.92085
1.99826
2.09031
1.85523
1.80562
1.75652
1.70699
1.65694
1.60699
1.55844
1.51336
1.4739
1.44188
1.41937
1.40778
1.40745
1.41801
1.43784
1.46437
1.49511
1.5282
1.56299
1.59938
1.63743
1.67741
1.71905
1.76213
1.81096
0.612256
0.641048
0.356786
0.217711
1.14464
1.14129
3.54425
2.40007
0.369606
15.7793
0.214229
2.21354
13.0102
0.569158
6.82601
2.30393
0.31421
0.266097
24.1391
0.27708
6.39944
5.24047
0.241247
2.1555
2.60912
2.26415
2.6179
1.08589
0.323384
0.270281
28.5028
2.20719
0.325441
11.0025
0.254716
1.28882
10.0595
6.75538
11.1042
3.93301
0.280194
0.141639
3.72155
2.03977
1.56297
8.05424
0.230319
0.2331
0.264
0.330576
0.225669
0.250977
11.0629
0.29026
3.55577
0.364752
0.573536
9.89567
0.941727
0.187479
1.25439
0.353158
1.12082
3.91263
2.40395
1.80123
7.29695
2.01858
12.8867
0.319297
0.362988
6.05673
1.25055
0.378328
2.61441
7.05144
0.864438
0.247319
1.87635
0.351725
10.8977
1.50578
2.51545
0.204618
1.19075
1.26957
1.45802
0.248061
0.324496
2.06858
1.80149
4.11603
9.33005
2.22187
1.1396
0.216142
2.1804
0.214776
0.328053
0.186608
0.993379
0.285926
1.01548
6.82367
1.07558
1.42954
0.24509
10.6512
0.539921
0.275643
4.63372
1.47088
0.263512
6.93072
10.9421
0.268023
0.308353
4.36604
12.5492
0.984626
0.0276096
1.53072
2.18026
2.50436
0.32078
3.51579
0.257037
0.488344
1.18286
0.233994
2.48103
0.417837
0.314945
11.6045
1.35128
1.4254
1.57518
0.915373
1.32017
0.225454
7.38798
10.5049
0.192469
0.0587514
0.292839
2.67706
0.186839
1.94049
2.20777
0.261522
3.27004
0.843807
0.184223
6.29357
2.63587
0.202736
1.42652
4.2564
1.57905
4.92417
3.74702
0.369116
3.21513
0.218677
5.58714
0.212376
0.655633
2.56033
3.45007
1.26466
0.530012
4.29701
2.0357
0.207758
8.32751
1.34746
6.38692
0.319446
0.226359
7.21578
9.19459
2.03984
11.5724
7.8743
1.80223
0.836273
0.215151
0.558085
0.332336
1.79625
0.217366
0.191154
0.33706
10.3533
6.31933
0.334676
2.63777
5.0761
0.279398
0.427788
12.2282
4.97371
1.42778
1.75542
1.40715
8.10196
6.36868
0.968582
0.279563
4.88332
1.12886
1.9674
9.7679
1.30859
4.58517
0.273869
0.968701
1.79093
6.76079
1.74787
0.687633
0.164873
2.47659
0.328773
0.8837
0.299046
2.28497
0.32102
0.462993
1.19462
0.199445
1.30892
1.85859
1.82484
10.8273
12.3205
2.38001
0.835075
8.13304
6.16512
24.449
1.24567
5.07695
1.53247
1.32461
1.67762
2.56509
1.61788
2.31631
4.21722
0.388078
1.42058
11.6309
0.278227
1.18785
2.21839
0.259785
1.01878
1.78059
24.8978
2.04472
1.03621
1.72504
2.70948
0.487981
2.32507
6.70678
0.155804
3.36579
2.55788
5.3856
0.309562
0.427908
1.59555
22.4612
0.157266
5.16687
0.384652
0.65781
0.214944
1.9413
3.6322
2.01806
7.96632
0.220994
1.39014
1.43476
0.680196
0.236132
0.221838
4.72763
3.35819
0.127976
0.237023
10.2683
0.277357
0.276133
5.55328
5.06376
0.207373
0.20841
3.85668
2.47905
1.81854
0.284434
5.68176
5.80232
12.9647
0.225223
1.50462
6.27055
9.88543
0.333743
1.36281
0.365289
10.6659
0.237876
10.4771
2.56514
11.1256
1.55682
3.17624
2.3306
27.2381
1.40801
2.26552
0.307514
10.4056
6.15354
9.50978
5.76707
6.3944
0.622853
14.2649
0.248896
1.31269
2.1867
2.59258
0.243649
2.04127
1.92144
2.29839
0.187087
10.7019
0.547701
0.936067
0.963255
1.00628
1.41549
0.220537
1.29643
8.98382
0.118046
1.86821
0.239169
0.945618
9.53673
2.21057
4.7592
0.223015
0.287641
0.23861
3.79708
0.299931
0.144018
1.50663
3.38309
0.242819
1.81043
0.331166
8.93993
6.22528
0.350192
0.363643
12.8834
1.927
1.51524
6.98492
3.93971
13.5242
0.277999
3.74043
0.321078
2.18165
2.22556
9.47454
5.78725
0.29004
0.217647
0.217133
2.04973
7.57791
1.62296
0.353327
8.55049
19.2437
5.28789
0.327172
4.10718
0.323309
2.33128
3.84499
1.18317
0.362823
2.33023
0.104104
4.71301
1.59838
5.89415
23.3265
0.291627
1.70131
0.200891
1.30838
2.8977
1.24002
0.248689
0.2212
3.68143
4.15781
5.66532
4.25895
1.93446
1.00489
3.69345
0.22426
0.162556
2.52883
17.0604
2.31472
1.69426
2.0328
2.04623
2.00732
4.21701
3.24377
4.75777
0.113427
1.07673
1.64664
5.14186
6.23369
0.242281
3.52494
12.6223
0.251315
0.91408
0.279797
1.15125
1.82773
0.369468
3.4549
3.0621
0.209934
10.4158
0.322369
0.219038
1.28074
1.83264
0.766118
3.53474
1.81193
0.28359
9.73407
0.218459
1.8291
0.971915
0.34186
4.97037
0.221527
1.6224
1.64314
0.240111
1.58982
2.44966
11.6301
2.33782
1.65399
2.22653
2.69649
4.36543
10.6774
0.131231
2.2563
0.202514
1.16042
1.52447
5.91715
0.335329
6.82466
6.32137
2.82134
1.69982
0.354339
1.80904
0.745255
6.39926
1.4381
7.8508
0.330202
3.77923
4.43092
1.48802
1.34897
6.70333
10.6097
1.68607
1.83715
4.43138
2.38855
4.98283
10.3375
8.24777
2.51571
0.728181
0.243018
0.289959
0.24302
1.90534
1.69184
12.1899
0.222354
0.268655
0.157086
11.2471
6.79635
0.220383
0.298019
8.08513
4.69779
1.31653
7.15161
0.155177
0.333292
0.953777
4.31767
3.83851
0.232147
0.2806
2.92259
11.0491
0.287586
5.09316
0.248283
0.15455
0.30856
2.6101
0.615368
1.48085
0.383506
10.1541
10.0945
1.23407
0.283121
0.249814
0.24135
2.59239
10.0816
13.0615
0.279953
15.5376
11.2804
3.92027
12.2754
0.27387
19.0569
1.88481
1.09117
2.33522
2.09447
0.331873
6.71392
8.02442
0.864785
1.05825
0.268311
0.226488
0.284239
0.691714
2.1181
0.240907
11.8939
4.80449
11.46
2.43156
0.328763
4.98669
1.11088
10.6903
4.87043
1.26311
1.31018
3.89165
5.7085
9.579
0.901906
11.4
0.241453
1.14624
2.11734
0.190052
1.09696
0.167632
2.46213
0.527911
1.20891
1.39099
14.7108
0.756249
3.24689
3.9111
10.7702
1.77642
3.35738
1.30238
9.60121
2.16773
1.005
0.295881
4.48164
2.07983
3.12352
11.8176
1.02629
2.43138
0.184486
0.230309
1.0171
0.335827
2.51319
2.41265
1.75021
0.398205
2.74597
0.916021
7.71692
2.13776
2.25635
0.82973
5.163
1.9579
0.580691
1.78133
4.87104
1.13944
1.92962
1.8149
4.03008
0.184444
5.8449
2.0052
0.408422
15.8341
0.0973274
6.86168
16.5342
0.227479
27.6211
3.00752
2.87202
0.280294
0.446331
0.210078
0.101963
1.76745
2.4188
0.289672
0.296333
1.60166
11.4471
2.44992
18.5584
1.16991
0.201858
0.139268
2.83653
11.1319
1.33685
8.90534
12.576
0.405197
10.0885
2.26982
2.54657
6.44892
0.650622
6.75624
0.29844
0.254053
2.39569
5.24713
3.33991
0.220825
2.42945
10.3073
4.05545
2.0476
9.9807
1.37142
5.24001
0.923713
2.02722
1.3521
6.08223
6.88153
0.203233
6.40875
3.53997
0.231954
5.90737
0.333005
0.251297
22.7915
1.48755
1.93524
0.116724
2.60784
1.92559
2.32714
1.41289
12.9385
16.5433
20.8437
1.79535
3.55487
12.9758
2.1655
3.69376
10.0141
0.28488
16.4264
0.239948
2.63063
0.320459
2.9831
0.29227
0.234611
0.152186
1.57513
2.07489
0.109256
2.03789
2.92251
9.57938
0.432135
11.4572
1.19881
3.81213
2.06738
2.25963
1.49531
0.226773
0.282015
2.18579
3.03458
5.86704
11.4313
0.271362
0.034563
4.12296
1.76212
0.146947
0.511776
6.33126
0.241983
6.00251
1.97492
6.04703
0.616656
0.150703
1.62695
1.24181
0.94515
4.5529
3.67331
2.52271
2.01525
1.64994
3.8853
2.34086
2.10882
3.67812
0.211492
6.02914
5.22997
1.48151
4.12604
0.258587
1.28452
13.8687
8.765
3.9863
4.28996
0.170298
7.00622
0.222939
0.270201
2.29008
1.30742
2.68401
10.5709
3.97122
0.268377
11.0552
0.980241
10.2783
0.239103
0.259065
2.32472
1.61498
0.334448
0.356705
1.84927
1.20697
0.329852
1.8779
0.310479
0.307824
7.06958
1.78501
0.385308
0.375641
0.48606
5.61443
4.13751
0.337714
2.92011
9.8901
3.6719
2.19355
0.708915
2.4342
1.75996
2.08432
0.436789
17.2052
2.69233
0.210874
14.5662
6.89196
1.28364
3.79249
6.2891
1.99104
10.238
5.95204
11.4868
7.67753
1.53818
6.25284
0.24681
1.74842
7.13834
2.78864
7.63008
0.239517
0.326873
0.702829
11.8735
6.47021
0.0800873
2.11321
0.628587
0.198801
5.10257
0.449875
2.7664
0.117936
7.01446
1.98892
0.163484
0.170632
1.9911
0.204129
0.200272
0.228162
13.8655
0.338923
8.57451
9.55576
3.79665
1.42662
0.608551
0.618168
1.3906
1.79846
2.49077
0.279003
1.47706
1.37199
0.334691
0.870874
1.82342
5.43078
0.35421
8.70571
11.8244
1.63492
0.231217
0.243562
10.8281
8.16787
0.332997
1.14159
0.857283
2.19596
0.231602
7.38271
1.67583
0.885618
0.296002
2.89783
4.54287
0.532954
0.11259
0.734544
11.1947
0.203311
9.719
0.263652
0.273044
5.7686
1.2135
1.60543
1.66021
0.461369
9.76409
4.1169
1.61058
1.50668
0.433732
3.01305
0.222699
1.0701
0.216207
8.74691
2.65405
15.7107
1.32171
2.43186
0.345156
0.288198
1.03746
4.88411
2.31004
0.946027
4.79393
19.0152
10.5567
11.8272
0.338765
1.3448
1.98061
4.52192
2.11074
4.31909
1.39482
0.32506
4.61588
0.935944
2.83622
4.93827
0.940048
1.66017
14.5424
6.30141
0.789077
1.07022
7.95858
1.21752
1.70792
0.217874
0.269934
0.34722
3.42964
1.7854
3.67358
1.27719
0.294566
1.07904
0.711455
0.271702
2.58524
2.04999
1.16905
2.42679
0.277146
11.5022
1.88296
0.495296
2.98283
3.18864
0.314628
2.41607
2.19276
2.31097
2.02865
2.47711
0.220784
8.78592
2.0405
0.292854
1.76445
0.224226
1.65548
0.288678
1.43249
2.21692
4.79464
4.5701
6.34353
0.858186
10.9911
0.537956
3.99694
12.2547
2.18281
0.403354
3.11304
0.235157
3.43703
2.51448
5.58885
1.36037
0.227547
0.424135
10.188
1.61584
1.04697
4.20782
0.70016
0.296055
0.990133
2.0441
3.9035
1.62401
1.97512
0.21516
5.86229
11.2086
3.04552
4.01788
3.60232
1.713
0.218222
0.279193
2.55772
2.25126
4.84821
0.324513
1.23735
0.873025
2.24746
0.34163
0.237932
0.224997
1.35171
1.41311
1.33681
0.272853
5.70588
0.300355
2.288
2.19035
0.299103
2.28421
3.50297
0.96546
12.9026
29.0275
1.26929
0.384987
19.2079
0.333788
6.53097
1.94207
1.24615
13.809
10.1849
1.69508
0.283854
6.7616
1.16749
3.67656
0.287685
0.206488
4.25826
3.1682
6.48754
1.61354
0.377577
1.33425
0.210084
2.20198
12.4126
12.2602
1.41851
1.50024
5.3094
2.69264
1.50838
0.170076
0.5638
8.02412
0.249838
2.05638
12.2799
1.23181
22.5953
0.306702
0.294246
4.62119
12.73
1.30014
5.53552
0.763364
0.581056
0.35731
1.59385
10.7354
1.60586
1.43509
0.42369
2.40226
1.46649
0.50553
0.224373
0.129152
1.94876
2.47428
8.58833
2.1421
11.8218
2.12773
3.57938
1.36883
9.6092
1.26295
9.0458
1.47602
0.240248
0.289583
0.34055
0.539047
8.79599
0.166098
2.39827
0.289329
9.23922
2.45618
2.01019
1.17353
1.23438
3.48605
1.5121
1.23156
0.323099
2.14324
1.24966
4.92316
0.684904
1.68596
2.06088
0.224186
0.392361
0.243748
0.217155
0.883125
1.13547
1.63743
2.03495
1.65103
2.75958
0.2722
9.17175
1.93714
6.3741
6.11532
0.298362
2.53372
2.38091
1.7677
3.56331
1.35326
1.23055
12.8383
0.858791
1.3529
0.293483
7.63053
1.86917
0.368765
2.04629
1.5687
1.87197
0.16663
1.77647
1.84384
12.8679
3.48697
0.190246
0.232289
1.19656
3.41978
6.36997
5.09419
1.56247
9.15434
8.12242
2.43984
12.0715
10.4746
5.14263
0.334134
0.482232
0.297561
1.64839
1.335
0.617319
2.38874
1.25476
5.62767
1.57183
0.230422
9.32249
1.91499
1.7797
6.6008
2.0527
1.71321
1.15469
3.93407
0.263289
0.537247
16.1256
7.49073
24.2902
3.10603
1.64333
0.375177
7.75604
5.52612
0.336071
0.899401
0.10571
1.79004
0.362843
0.247797
0.343357
1.20085
11.5178
0.282387
0.188193
0.374484
0.243027
5.90308
0.376559
0.610099
16.4937
12.2475
6.63745
0.230835
10.2128
1.20351
3.76554
3.11213
0.319528
1.17296
0.278871
5.47692
0.254286
11.4998
0.264162
1.64037
1.05867
1.83014
0.389609
1.58878
1.01202
0.194437
3.09303
0.263722
0.645341
4.81594
8.88479
2.75384
2.30303
11.2927
6.3264
5.39331
7.32865
1.11551
11.9052
1.43642
2.51146
0.349741
11.5119
1.38412
0.287595
13.9724
7.49249
1.08576
9.34175
1.25907
7.60336
3.9568
4.71323
0.979632
0.218995
2.38055
7.98894
0.253032
3.00444
5.55476
9.57967
4.47929
3.19035
0.0977236
2.52878
0.323152
1.27483
0.330509
1.81335
1.76363
10.3312
4.43533
2.06603
12.106
8.31086
3.75464
1.0881
1.63765
5.27908
8.30329
0.335192
0.294503
1.79223
9.29519
1.55224
11.7415
0.230029
1.42916
0.996816
1.30106
0.325871
0.908078
9.27674
12.5092
2.2259
8.84375
0.287992
1.52951
1.6947
7.18977
1.01443
1.25414
2.81125
1.26554
1.3232
0.311482
0.231677
0.323567
2.40387
0.214372
5.15835
7.50097
3.8029
0.265822
0.29183
0.927531
4.52297
4.48258
5.31133
3.30376
0.253617
0.224825
10.3997
5.24764
2.05615
5.90364
2.12616
0.669111
0.276486
0.192115
0.659092
0.318127
6.31412
1.98298
11.4669
2.14789
0.296641
0.451031
1.54233
1.13721
4.95132
1.35322
6.943
1.24312
3.40171
0.3007
0.272957
13.4113
1.60288
2.28571
0.366708
2.27033
0.303721
0.42033
0.188566
6.61185
0.604698
2.46652
7.23796
7.2715
1.49182
26.8073
0.43864
0.315855
8.5613
1.14018
0.196236
1.81386
0.312185
0.233101
6.98153
1.18092
4.83388
1.19687
10.6127
2.54871
0.288824
1.97736
7.50196
0.771297
4.76417
1.56209
4.87745
1.35308
8.03221
1.2113
1.99988
8.47773
8.23004
0.353494
2.35999
3.68625
2.04196
0.70207
2.87625
0.355964
0.31446
2.52072
0.301034
14.7282
2.05028
6.35475
5.6839
1.62672
1.75419
0.247781
3.50898
4.50125
0.225155
0.463427
21.292
10.2114
7.65682
5.85777
3.87731
0.95747
3.11812
0.325631
1.26051
14.2498
6.061
0.342776
1.37426
0.288545
0.326031
1.39324
0.237691
5.54083
0.481919
0.299758
1.648
19.8887
0.0294647
10.7208
0.948027
5.56605
2.69639
6.58743
0.304416
0.92835
1.81169
0.211672
10.9907
1.48452
10.6042
4.88405
2.52044
0.232363
23.6199
10.9334
7.55771
2.80718
6.52227
1.59279
0.31077
0.227106
4.86345
12.0946
0.282082
4.621
4.6451
2.16806
2.55196
10.6233
2.0945
1.13136
12.026
3.11233
1.91254
0.0597981
0.640168
7.43845
0.293214
10.8595
1.1848
8.94005
1.22397
2.20473
0.232265
0.395669
0.195824
1.18685
0.102799
9.82429
6.92145
4.72257
0.268326
2.51639
0.242418
0.292881
12.7815
6.76756
0.230705
1.6001
0.2441
0.993688
2.87821
0.243122
1.32709
2.56457
3.79732
3.27117
1.35461
6.71072
6.30734
5.10403
6.92573
0.533697
1.57738
0.304403
2.20113
0.304204
4.81113
6.6118
1.82117
10.6341
8.58965
0.183148
3.59575
1.41316
0.369175
3.71205
1.01296
0.234179
4.35287
0.42627
3.07478
0.208662
16.5945
0.627327
1.01802
0.319727
2.28759
0.966153
3.26979
5.83962
0.873371
0.286201
9.73889
1.58321
1.08945
3.99009
0.82545
2.85463
0.70698
6.93578
1.92848
0.277537
1.37848
9.32244
0.300734
2.67934
2.16222
0.361775
7.60273
0.210978
3.56768
2.23401
4.45283
2.10758
2.498
11.775
0.888607
2.71151
3.56539
0.884359
1.63999
0.319458
4.64929
1.61386
1.6922
1.17642
1.48386
1.90266
4.90497
2.60438
5.89476
1.14707
9.14139
0.318565
5.4314
0.77981
1.06877
5.68036
0.239126
3.34691
2.54994
4.68386
2.12745
1.7368
0.211989
3.19891
6.72591
1.21679
1.19648
0.594183
4.9917
1.75372
9.46692
0.368614
2.03765
2.29375
0.199032
9.64427
1.38755
1.13505
0.895241
2.44942
23.4933
6.59509
0.979834
3.44178
0.315866
9.34762
0.750481
11.638
4.07034
0.188655
0.251266
1.48956
2.61275
2.3582
3.68375
2.31545
0.68166
0.199981
2.32892
1.57723
3.1287
4.08841
1.21524
0.305814
2.43324
5.01975
1.41956
5.03069
0.262581
8.38667
6.27272
1.13636
0.845159
2.41843
1.36356
0.235011
2.51535
1.52034
0.295039
3.49641
3.12306
1.96632
3.30218
5.08683
0.310404
0.28267
1.52588
0.472844
8.09335
19.2968
0.282539
0.237787
2.60526
0.601032
3.29421
3.81074
12.1626
2.03061
0.239501
1.70171
0.971377
2.0203
3.8768
0.172067
9.23866
5.25901
3.23853
0.500519
13.3151
1.85743
1.08169
9.85171
1.09663
1.21743
8.88518
4.11952
1.91304
6.88711
6.76195
18.0135
1.3992
4.48801
1.40795
5.0993
4.48976
1.26887
1.14174
0.383629
1.85946
2.28374
3.1308
0.246284
1.27295
2.3274
0.175817
12.4695
0.091597
4.68976
8.14723
0.226368
5.50324
1.23467
1.74554
11.8984
4.01026
1.5996
3.85082
0.345059
0.326215
2.31157
0.256188
7.5696
2.81584
0.021646
0.336896
2.42273
9.59198
2.83642
0.27097
1.53675
7.88845
0.215726
0.237412
0.809269
0.31375
1.46669
2.66495
1.57935
0.253619
2.21204
1.14711
1.05129
0.203984
0.369414
6.4892
0.309822
2.46628
4.24298
1.24697
1.93574
2.32296
5.6606
3.91862
3.58462
10.6886
1.26475
5.40083
0.336608
3.03908
11.8584
0.235689
2.14805
1.85242
1.74899
0.195899
7.11379
4.6468
0.277802
5.23981
0.321023
4.21663
3.18572
1.56345
0.396332
0.75832
5.48108
3.88618
2.40055
5.32957
2.20266
0.322927
1.7067
10.2469
0.859567
0.571225
0.240135
4.98203
0.742941
6.24663
2.53319
1.45677
2.0446
11.517
0.455495
3.31839
3.53775
2.90461
6.31311
1.01345
4.79965
1.47242
0.575703
8.947
8.50316
8.91266
0.778849
9.0489
3.98161
0.093042
6.31222
11.2723
2.84759
1.85636
1.55794
3.20652
1.29719
1.12821
4.82852
6.32452
0.374784
0.345723
0.246857
0.858436
0.075335
2.18345
5.81386
1.76049
3.51506
0.250806
8.9484
0.207104
1.72284
0.201021
3.40821
1.64209
2.36669
12.7662
0.356419
4.53716
0.306477
2.03201
1.6527
1.54777
0.22093
4.78326
1.55148
1.7206
0.913023
4.93099
3.39797
1.8973
1.26227
1.16961
1.88947
0.215414
6.87444
3.15027
9.38921
3.25556
7.12066
0.282161
0.0569216
0.828334
3.38947
3.62151
0.831304
1.26966
0.202797
1.22098
0.691976
5.27926
1.43925
1.13744
1.65243
2.24676
5.83472
0.226956
0.594612
3.05964
6.77472
0.217322
1.84872
2.44692
0.732664
3.42133
1.05489
1.27132
11.9321
4.62477
29.0454
1.57097
7.76917
0.290838
10.5241
0.754662
1.64586
12.3948
0.236696
0.622912
1.59487
2.30043
4.28456
0.320733
0.282593
5.11023
3.54183
9.65424
3.03861
0.379243
0.200361
0.326914
0.205723
0.163026
0.635496
2.13182
0.657157
3.52037
5.40054
2.39112
2.50099
1.51276
0.224036
4.77245
6.08232
0.358422
0.193488
0.557978
4.37276
1.22534
0.33742
0.242945
0.730151
2.45318
1.65382
10.7604
1.94468
5.80494
2.77277
0.0480159
3.63044
1.30679
0.870694
1.67036
3.87671
10.0297
2.63702
0.306261
1.30529
5.13896
2.38075
5.34115
2.04361
0.261987
1.71529
0.295012
3.21518
2.97176
5.24794
0.231501
1.28119
2.26546
3.13276
0.274585
1.11256
1.47337
12.5712
0.107394
1.57618
0.807089
0.162984
2.65555
9.69485
0.375308
3.29339
2.74353
0.216496
2.6769
6.73752
5.52618
1.68771
5.5892
12.0761
0.209388
13.4183
9.30674
2.25016
0.220491
7.03646
8.83984
3.88127
1.32064
13.0661
2.3876
0.857733
3.23507
7.09334
0.306098
4.39356
2.16529
2.96886
0.315196
3.01019
0.197544
0.651086
19.9317
0.250133
3.14015
2.90066
0.364495
8.27105
0.677821
0.856326
1.13953
0.221222
0.21968
8.44653
2.21275
1.29276
2.06299
1.88083
0.759399
1.11612
5.75804
1.18738
4.27751
0.359533
7.07457
0.333109
21.85
1.39785
0.367734
0.500887
3.21075
2.11414
2.59711
1.17087
2.4835
1.68983
2.50772
4.81023
4.24746
1.61357
3.4739
0.292014
4.32577
1.62331
3.4625
0.202045
0.316874
0.335744
0.32881
0.184036
2.01374
0.133284
4.45522
2.17999
1.97504
0.276115
1.17628
2.17577
0.673277
11.7719
8.9338
4.58936
3.82429
2.34317
2.51708
0.503723
0.21635
1.20917
0.359066
0.208745
1.44832
1.54964
2.53014
10.263
0.656571
2.26173
5.39754
7.45108
2.87284
1.77925
2.25515
0.688923
0.27998
5.16687
0.800809
0.27184
0.344144
0.3342
1.39766
14.4955
0.200907
1.03407
1.89243
1.11238
7.36014
2.27651
3.3926
0.384207
0.26021
1.30741
22.3664
3.63985
0.266737
1.92636
0.326633
0.326871
0.211
0.331686
0.189783
3.57196
0.31175
8.53279
11.3664
0.47348
0.212969
0.225537
0.851336
7.27337
0.313878
21.4962
0.310499
2.60379
0.228493
1.52191
2.00415
0.303486
7.62069
0.347553
1.26304
0.521475
4.68982
4.46477
1.22582
1.08156
0.926088
3.07679
2.43455
0.58075
1.6664
3.47563
1.33552
20.2178
2.40193
0.407961
2.34944
0.387707
0.310472
9.05631
4.2853
6.73556
3.17849
4.86498
0.155135
0.336814
0.19807
0.311855
2.15728
17.032
4.33184
1.60372
3.00382
2.9331
1.55332
4.49281
0.963013
0.466258
5.81733
0.526816
9.02805
10.3281
7.41216
2.3645
0.553488
1.19932
5.13292
1.7216
5.11546
0.754491
0.744992
0.307456
5.41809
0.230337
2.13538
1.92319
1.69013
0.216773
2.48144
0.330809
4.8519
24.8676
0.272755
0.332829
7.00388
15.86
0.291159
19.8633
2.0177
0.246646
1.18725
0.202069
0.579789
0.634242
1.9195
0.311592
0.733384
7.50077
0.541097
0.720301
0.222869
1.30973
3.50195
4.65383
0.233717
1.30681
1.49297
1.55504
0.555622
0.232067
0.3534
1.63582
1.10923
10.1682
1.72699
1.45321
0.306931
0.744497
3.88441
1.10937
0.236224
1.60445
2.49728
2.81014
0.79919
1.46209
3.49274
8.91476
0.663879
3.22549
1.40392
1.18404
1.6763
10.8282
2.87644
0.408114
0.287403
0.906591
1.30268
0.268441
12.338
2.74178
1.61724
2.57957
0.188444
0.990695
4.6369
1.82301
0.297728
1.06677
1.698
3.81092
4.44491
2.11673
0.680735
1.85547
1.10345
8.17358
8.21818
4.72951
1.14183
0.276118
1.15378
0.209362
0.533244
1.18431
6.19491
5.22195
1.31579
4.06862
1.19073
0.198247
0.237098
4.12805
6.31851
7.00388
1.67201
0.257389
0.00010058
0.274561
2.63542
0.234634
0.619272
6.82659
1.96253
3.18336
0.119246
2.04384
6.90132
6.90129
0.265426
0.295596
1.11497
2.74492
1.19633
1.97296
0.284063
0.316037
2.28187
1.20639
0.275545
1.43835
6.02043
0.719498
4.8093
0.0788242
6.2175
0.231787
5.92656
0.32604
1.03644
4.58909
0.258595
0.237352
0.0851397
0.723035
0.282394
1.79281
1.0807
1.39322
2.1224
4.37136
0.749955
1.64454
2.41636
1.71844
0.94717
0.178426
0.27406
0.518888
3.56903
1.65278
0.209418
0.686258
0.294904
0.346908
15.4748
0.357139
0.264019
0.93454
1.4511
16.0505
1.35454
4.33165
4.55018
0.198333
2.51547
0.2828
6.96066
0.303323
0.976385
1.82504
0.31067
7.0686
0.267357
1.22556
2.47001
0.946697
5.29121
2.0032
0.186748
5.77851
5.67939
14.6479
0.190663
0.673639
2.65479
2.9399
2.4588
1.25472
2.16868
0.223626
6.15824
6.88236
6.69252
1.00664
0.228636
6.07272
5.19713
1.03711
0.232975
5.93672
20.8129
0.289852
0.232801
5.51224
0.29588
0.394376
0.705402
3.07257
6.08077
0.278504
2.07523
7.01934
3.31922
0.882934
2.82797
6.16662
5.76939
10.7606
1.71723
2.14086
0.254174
8.65906
0.316151
3.78829
1.7819
0.799546
2.77248
1.33162
0.30358
1.72941
1.88409
1.39503
12.4432
8.1773
2.86072
5.46094
0.535961
0.237771
4.8394
12.7448
0.251281
6.52776
2.0075
0.191551
1.69095
3.97434
2.88311
24.0303
4.60816
1.49155
5.84738
6.22238
2.17017
0.542629
1.67536
0.26278
6.17033
2.42845
2.56684
2.63926
5.14191
5.80462
0.253916
4.5963
2.2452
0.20732
0.3353
8.27404
2.47054
0.294205
2.62472
0.224481
0.35249
3.24946
5.60665
0.181221
4.01743
8.38228
0.304691
0.256238
11.7652
3.03703
0.194792
0.328831
0.663089
13.915
2.51896
2.94627
0.272045
0.203266
0.254102
2.2875
0.817613
0.36873
0.32284
1.23991
10.132
0.182209
0.152233
0.200995
0.437601
7.65043
2.26543
3.69009
0.235378
0.409397
0.336412
0.229304
29.487
2.47595
8.48117
0.253912
0.160125
2.4913
0.252951
3.52922
1.22249
0.231263
1.25576
0.314421
0.2808
0.287474
0.221442
0.29461
17.6071
0.326366
2.07552
11.5957
1.77706
0.829768
2.2947
0.244979
2.65756
0.279295
0.234511
0.204882
6.1464
0.823914
3.11611
1.18225
11.6933
1.10507
1.46312
3.51873
1.18649
2.56179
1.49225
8.86288
6.49465
7.14531
6.39802
1.71332
0.246947
3.33916
6.41986
1.89215
1.55144
0.981501
2.95018
0.278213
0.330042
0.375875
0.226023
0.641591
1.67748
0.607194
5.89418
8.08932
0.989821
2.35728
2.58149
0.212893
0.364358
2.05057
0.214992
1.92113
0.315632
0.236823
6.01746
0.565462
0.247638
0.229144
1.3
2.1467
0.242084
0.469882
0.414072
1.07621
2.93598
1.85585
0.0788221
5.19296
1.44016
0.795432
0.014111
0.111575
0.319241
0.235761
0.881038
2.70451
0.278351
1.9468
2.12657
0.857976
0.225655
4.35253
0.24326
2.30746
1.97807
1.60706
1.7466
0.235822
6.4005
5.72149
1.27004
0.491784
11.0434
3.52477
0.282619
0.742496
6.20207
0.180583
0.93115
0.230015
3.61431
6.53682
0.653224
3.28678
8.39126
7.18264
0.620714
0.00195445
0.0251136
0.249033
0.295625
0.319397
0.233749
1.85084
2.04676
1.14665
6.52512
0.284018
0.338914
1.29523
2.15758
6.06819
0.409034
0.285746
0.304009
0.272784
6.3159
3.63547
0.204068
1.0163
6.16567
7.36712
0.258531
0.311556
0.366874
0.236012
0.355435
2.86362
0.19058
3.86412
0.20503
0.300335
1.80024
2.63088
4.80626
0.374715
0.01797
0.0295441
7.56682
0.319999
0.349586
2.19888
0.204476
3.01918
4.7726
0.34648
2.99778
5.21497
0.247448
0.220322
5.53786
0.424054
0.23537
0.235695
0.209698
6.26742
0.22647
0.24371
0.305471
1.95295
0.195675
0.245528
0.273428
1.26715
0.58686
2.09086
0.34868
1.23896
0.52005
11.3498
5.82951
6.0853
1.44362
0.403151
2.64848
6.25778
6.25776
0.236072
6.17705
1.61735
0.246839
2.91522
0.245807
3.36103
0.587634
0.924617
0.245158
2.55975
3.80056
0.23728
0.23718
0.205658
0.295934
6.00484
0.235569
0.316876
0.229315
1.13074
2.30034
2.742
3.92766
2.49747
2.39717
2.51227
0.226893
2.26945
0.237226
6.08175
5.62425
4.45624
0.239138
1.15046
0.330455
0.245528
2.87839
0.296163
0.289234
6.37607
6.05964
2.80483
2.49589
0.209592
0.228884
0.225125
0.295106
5.92404
6.15646
0.23616
3.07454
1.23208
6.48071
5.79221
1.98242
4.20348
1.00742
0.804129
5.87616
1.57299
0.370988
1.5362
2.41061
0.255337
5.02736
0.209611
2.70544
0.256744
5.70432
1.49792
4.77926
3.14104
2.53052
1.69646
2.88841
4.25525
0.336443
2.25193
3.19651
6.01627
1.68793
1.25804
2.52189
0.252738
0.758121
0.331322
1.93112
0.221788
0.22213
2.26011
0.6907
1.15335
2.62321
2.44331
6.04133
0.239881
0.310067
0.960649
2.93983
1.21793
0.306577
2.56116
1.09492
1.9559
4.6194
0.585163
2.04873
5.78118
0.207615
8.81698
0.55387
1.96468
0.316513
3.02403
3.78981
6.21263
0.367785
7.81837
6.06935
0.291842
1.20226
0.189976
0.300873
2.22547
0.89645
0.292816
6.17805
1.97554
5.05512
0.276293
2.2005
0.36094
2.11685
0.213941
1.29726
1.76417
6.16804
9.0281
1.41127
2.22618
1.89162
3.06762
0.272707
0.354424
7.81907
2.72795
1.83851
0.785305
1.48107
14.5232
1.0315
7.29143
0.175118
0.853421
0.479961
1.92354
0.946852
5.15779
0.248413
0.307934
0.839669
1.8766
2.38729
0.370461
0.232426
0.304497
2.63624
0.506969
5.57989
0.3519
0.334167
0.994337
1.72668
6.27797
11.551
3.85576
11.185
0.487227
2.32121
1.3247
1.68559
1.39548
1.67967
3.04449
2.79043
0.157558
0.226124
2.68294
5.75645
0.272876
0.218708
0.239089
0.378982
0.344067
1.37448
0.243346
0.27871
2.52213
0.197432
5.6504
5.10629
0.316504
6.01711
0.452673
1.26118
0.247021
0.191011
2.64315
0.323178
0.365437
0.355335
2.55139
2.85461
0.476921
0.644103
8.00786
1.42781
0.23427
1.67086
0.234231
0.984694
2.29339
0.367496
1.3716
4.61452
1.98333
0.288586
1.37101
12.2157
0.379674
6.16887
1.54326
3.40809
0.325454
0.127732
2.12571
0.226986
3.40221
11.7886
0.258532
0.329031
0.305049
1.62644
1.9889
5.7517
6.36031
0.425649
0.237921
2.16174
0.236163
6.35913
1.9363
3.32436
1.63309
0.382877
0.237281
7.20596
0.260417
1.70093
10.8832
0.337817
4.28656
1.17181
11.8923
5.17246
1.92546
0.358813
7.59479
0.309341
6.17256
0.208939
0.377189
2.70624
0.219784
1.88569
0.326902
0.191677
0.225815
0.341065
0.271922
0.249603
0.878717
0.219325
0.198931
15.9964
1.43998
0.326675
5.4147
0.237877
0.220879
0.187088
0.308867
0.580196
8.68322
6.51617
0.135299
2.22386
0.558083
0.22713
5.79892
2.82078
0.200946
9.43194
0.238685
6.22807
1.49319
0.362397
1.67858
0.822295
0.206128
0.327715
0.772479
1.22992
1.42231
2.46967
0.263831
0.256056
0.362213
3.07569
0.253366
1.04244
5.36466
0.606387
0.22388
0.946782
0.230929
3.57698
0.210381
0.270553
2.21066
3.52324
6.37494
17.2975
0.620279
0.240475
0.317867
0.302294
4.56551
1.2352
0.251016
0.328851
0.505731
1.64853
0.12303
0.135896
3.11063
0.873499
0.252426
0.230043
0.672599
1.0732
0.323232
0.396312
4.97064
1.30867
2.5058
0.22721
1.41232
4.52538
0.232028
0.314859
0.234819
0.233909
21.7896
2.19376
0.737863
1.05587
1.16786
1.1453
5.19376
0.288883
12.2845
1.59693
0.381268
3.05681
0.22046
0.205467
5.39196
0.369842
0.837058
0.207467
0.351709
4.57535
1.28879
3.23148
2.68897
2.62704
0.338303
0.958206
1.24956
0.238055
0.042374
0.210402
0.300367
0.248595
2.05204
2.53528
0.570834
2.18407
0.854005
12.714
0.192932
2.27462e-06
0.294842
1.29713
1.64738
1.61824
0.71466
0.238034
1.5059
2.23367
0.267948
0.216543
0.274967
1.27989
1.69283
0.815289
0.23942
7.29998
1.27884
2.36143
1.79087
0.261643
1.08114
1.88387
0.316233
5.62537
9.11477
0.372996
1.19791
2.02934
0.346734
0.017107
2.99316
1.17586
1.1173
0.349009
1.05584
3.6346
0.27891
0.128104
0.363874
2.2464
5.0223
0.239041
0.0084724
0.250776
1.94168
1.96583
0.213537
0.215156
2.71826
1.15804
2.0665
4.65035
0.338495
1.34188
7.20717
0.561214
1.3511
0.310941
0.905691
2.01815
22.6219
0.0875016
1.22449
2.56651
0.964804
0.833777
0.223865
1.54997
5.25132
0.337613
0.815469
8.21546
0.290183
2.38671
0.23678
7.75518
0.716962
2.59767
0.494395
1.56818
1.76572
5.94573
1.56775
0.216285
4.57705
0.453647
0.235324
0.251098
2.67544
0.22979
0.241012
0.287301
0.262301
0.227341
2.44983
12.5321
4.54687
1.45346
0.210476
0.34345
3.0157
0.22223
1.19642
1.76901
0.332357
3.0685
4.4575
5.79176
0.336614
0.587581
0.325386
1.20103
0.234877
1.45375
0.216618
14.0309
0.627889
1.13707
0.835505
0.208736
0.328115
0.881152
0.296063
0.326594
0.645945
2.50893
4.45442
0.292458
0.253676
0.234803
0.997299
2.12403
1.79164
2.77372
11.1084
1.70722
2.89425
0.947633
6.87982
2.46101
1.81282
0.334275
0.248766
0.504886
1.2058
0.266398
2.64007
0.315501
2.52585
3.37574
10.7108
0.351879
5.62512
2.41936
0.643959
0.347418
2.19508
3.68971
0.307045
2.38818
2.08453
4.85676
10.5701
11.1612
0.239155
4.232
0.194747
0.24248
0.258255
0.735876
1.78926
0.696181
0.301451
5.7411
2.13393
2.60519
0.337178
1.36057
1.14124
3.01688
0.724228
0.963514
2.05952
0.682387
1.06317
0.229911
11.6033
1.2152
0.420555
0.198139
1.08542
4.95121
0.306185
0.234187
5.48118
1.42683
6.05817
1.48146
2.22569
1.22038
2.75606
4.17551
3.57044
0.29041
6.80881
0.242924
11.0845
0.739719
0.320039
0.223027
0.349497
2.08034
0.884742
6.33902
0.833703
0.836712
4.78411
5.31037
0.618236
0.217664
0.719902
0.334382
3.68751
1.18323
2.06831
5.28756
2.27811
2.87932
0.188864
0.318852
3.44881
0.226916
8.7332
2.83877
2.52897
0.116306
0.266676
1.5244
4.46788
0.340114
0.206502
3.17023
4.56508
1.1065
1.52628
3.28188
2.89643
0.313677
0.16447
2.56873
4.30967
4.44068
3.57971
0.203702
0.218802
0.238055
0.334905
0.855455
3.00541
7.33341
0.208904
0.262226
3.25047
0.879455
6.6618
1.45986
2.2827
3.95963
3.96475
4.36424
0.257309
1.58611
6.83114
2.37981
8.12556
0.296204
0.220774
3.21389
0.302453
8.44865
5.61269
1.16799
2.64546
0.364164
0.207584
0.214753
1.21543
3.69305
0.602462
3.97711
1.83258
0.668576
0.257654
1.34037
1.08462
8.02749
7.09754
1.27817
0.32167
0.540723
2.57464
1.44669
0.245736
1.53113
0.211264
1.48363
1.77872
1.42541
1.1536
11.7294
0.254332
0.348668
11.123
2.21137
10.751
9.47181
2.35417
0.330584
0.236101
0.249455
2.72825
0.298669
1.9493
0.230606
5.60186
3.56873
1.07943
0.234394
10.1065
3.2778
0.154942
1.96152
0.880672
2.47183
6.89469
0.16382
2.37934
0.857805
4.72335
0.299663
2.10405
0.222478
8.87886
0.272649
2.5528
0.238577
1.1347
1.60874
4.65588
2.49348
0.771345
0.338677
0.223294
0.200954
1.73337
7.51848
0.392298
1.70289
0.1116
0.204563
0.157488
0.684258
0.0330663
0.199036
0.212023
1.34249
0.211369
2.23409
5.74185
4.07105
0.32208
0.216632
0.766696
2.47386
1.79498
1.41926
0.250415
0.148139
2.11645
0.272747
1.02164
0.0262639
5.37629
6.67581
1.08173
0.837685
0.245598
1.51014
5.88805
2.37311
10.4744
0.746294
0.214932
0.199782
0.188934
5.51255
0.333495
2.51742
0.617645
0.243516
0.232604
0.573622
0.0701022
0.308112
5.32729
0.349757
0.276136
0.199513
2.458
1.53265
1.25119
0.236337
0.217046
1.94882
0.405889
0.496908
0.202105
0.379228
2.37822
5.45218
0.266378
12.0271
0.244704
1.51859
0.20581
2.26729
8.35596
0.284646
5.4528
6.71923
3.6114
0.868835
5.01341
1.73712
0.744733
5.49846
6.56991
2.18681
0.350645
0.330801
0.588376
1.28453
0.293767
1.5384
0.600095
0.300124
3.70677
2.89524
0.24813
0.20605
2.72851
0.580916
1.02522
0.352785
9.44675
3.49407
3.87987
1.60795
1.47496
0.861492
1.95203
0.22207
0.834318
0.228646
9.87237
0.33719
9.71698
4.63918
2.19992
1.57126
0.209699
0.176138
0.0946972
0.213586
4.32138
2.66833
0.348737
5.52393
0.159592
1.5315
2.61648
1.7174
5.28228
7.40217
6.21815
6.2098
0.262149
4.45747
0.215702
0.210694
0.260416
1.92976
0.580857
1.9909
4.3048
1.49045
2.50185
0.249587
1.07772
0.249035
0.0669105
2.48415
0.693367
1.91771
0.246448
1.36914
2.79022
2.93254
2.7734
2.57461
1.30338
2.25252
3.19293
1.12417
0.43368
1.07327
0.62827
12.7767
0.0480771
0.0782548
1.51505
4.10629
4.89714
6.1208
4.30516
0.348629
1.82682
0.841995
3.88984
1.27271
0.164067
0.840553
0.944659
3.12366
0.226936
1.56362
0.337214
0.228652
0.86267
0.335827
0.738221
0.649352
0.665292
0.29194
0.621043
1.19715
0.105872
0.235746
0.213645
0.524819
0.589727
0.841956
0.231951
3.10945
0.231219
0.545943
2.41007
2.37702
1.97495
0.198194
0.244192
0.235872
0.234875
0.217725
5.04526
0.57962
0.304297
0.222514
2.09012
1.25113
6.57931
0.260078
6.62959
1.06664
0.239506
0.64776
0.794397
0.233377
0.671816
0.286439
1.10244
0.165312
4.52197
0.268612
0.849104
2.03489
0.350022
1.7897
0.135176
0.625234
0.000780449
0.956494
6.03106
6.23576
0.87648
4.24347
2.40066
1.08607
1.95114
1.38213
0.338194
0.142753
0.0108382
1.35094
3.63614
0.2874
0.950229
3.32562
3.771
0.236927
0.341574
0.924983
0.354392
1.61423
0.8309
0.168906
0.293402
0.380127
1.46685
0.422281
0.134054
11.6157
3.05008
0.879281
2.16244
2.61213
0.555375
4.28268
0.440434
1.38322
0.196425
1.45646
0.234547
0.382063
1.11351
0.197398
2.69361
11.503
0.211173
0.936818
2.07781
0.956599
2.44586
1.59835
0.959457
8.74092
1.85686
6.51651
2.2258
14.5879
0.312904
4.13894
2.46179
6.56197
1.11032
0.204587
10.2104
11.8699
0.322584
1.05455
1.86585
0.362848
1.01417
0.205378
1.22447
0.265425
0.255012
0.836534
15.0484
0.223562
0.866439
5.25338
2.22287
1.77653
0.599484
0.286656
1.58689
9.06463
1.17149
3.00123
0.325749
0.237823
0.809034
0.208561
3.17983
0.0794596
0.0337213
0.188814
1.06924
0.219861
5.7268
1.93106
0.359322
0.623955
0.727889
0.215971
5.69756
2.69777
1.10007
1.21647
0.408141
3.8738
0.98985
1.67066
0.728769
0.301808
0.280957
2.30383
1.93259
8.85999
3.89151
2.64788
6.96745
4.72187
0.236529
0.469841
0.182732
0.704129
0.962586
0.369396
0.370683
9.52795
0.654352
17.8695
0.965017
0.736398
0.265293
0.22545
1.80155
6.62482
2.65909
1.70203
0.283884
0.545486
0.332756
0.178021
3.10133
0.817171
0.35609
0.210641
0.492557
0.329886
0.191666
1.78178
0.250249
3.17358
0.299193
2.5521
12.0138
2.10571
1.91911
0.968942
0.310515
1.08667
7.06965
8.75519
6.97774
3.10777
2.15291
0.220764
0.978953
0.369188
2.29423
2.28645
0.333137
0.207148
8.19516
1.19084
9.96177
2.7396
0.930972
10.6403
20.1786
0.415522
1.45391
5.76929
1.65313
2.88319
5.99561
0.241486
0.368183
0.553372
4.62533
4.15334
0.252675
2.3297
2.28344
0.504272
3.58881
21.3151
0.156422
2.31674
0.217034
2.36453
2.13275
1.58383
2.55206
0.332968
0.713246
2.3694
0.337535
1.74821
1.24203
3.09704
1.08007
0.258441
0.577029
0.301279
0.384572
10.5253
1.37746
3.03834
1.39531
0.267221
0.652535
0.982257
5.85829
2.29954
0.814567
2.79555
5.80885
0.323236
10.3602
0.88657
0.63853
0.436349
0.839892
0.681062
0.234064
2.75517
6.14313
5.16466
1.58238
3.64923
1.05396
0.571695
1.7599
0.328613
3.16339
1.35467
1.74311
5.4833
1.43746
0.318723
0.406734
0.260925
9.30067
2.48667
0.790831
1.18033
0.237941
2.07851
0.29624
1.61379
2.1881
5.10386
7.26607
1.42849
1.77809
0.189192
2.20907
0.147527
2.40837
0.108435
1.88247
2.1772
2.20691
5.01313
0.591459
4.12765
15.9402
0.636821
0.76258
0.219923
0.263676
0.205949
0.426261
0.760795
0.0422396
0.954874
1.32814
1.24803
0.334393
0.257314
3.4206
0.344841
1.13464
1.35639
1.11917
0.202974
0.466859
2.95935
0.739799
0.41264
5.53258
1.45685
0.362209
0.460351
0.851015
0.314257
0.240681
0.390313
0.339847
1.71994
0.238393
4.36105
7.56336
6.34017
0.245286
0.333256
8.07084
1.47727
6.5439
1.28762
4.9953
7.47352
0.949764
8.18911
0.306444
0.241035
1.72454
0.677433
1.92041
0.373894
0.239867
2.70181
0.678272
1.13948
0.155831
1.04574
3.10518
0.340217
2.74059
0.369126
1.96199
1.27567
1.89405
1.40352
0.676516
1.19621
0.875549
0.186614
1.66887
4.22662
9.32568
2.10782
0.240178
2.46971
1.9795
3.12863
0.294568
2.46759
0.2605
0.808425
28.3567
0.883384
0.213307
0.25444
2.38426
0.222784
1.32585
1.58119
1.17732
3.03341
0.17328
0.76585
0.160304
3.19559
0.739662
1.72663
2.57554
0.206164
4.45906
4.87127
1.24076
1.72745
4.96889
3.60515
1.49779
1.92028
0.201084
1.03691
0.324465
1.59506
2.48143
1.4599
0.771591
0.573108
11.5208
1.09251
0.211725
0.306277
1.17183
0.742386
2.6152
3.71177
1.94389
1.54578
1.11787
5.27604
0.716351
3.40469
3.76198
1.31624
1.45761
6.59036
0.220303
3.83755
1.52644
0.949565
0.285148
0.36069
4.54512
5.35294
6.12773
0.15427
0.841644
2.42555
1.54907
1.23194
1.61929
0.371468
0.655875
1.42815
1.90016
1.21391
7.15901
0.512048
0.784469
1.41519
6.47565
0.27597
5.098
0.244388
2.40713
2.60571
1.27612
0.943476
0.232441
0.23144
2.42863
4.57912
9.80276
0.355621
0.520459
0.849626
0.277966
0.839497
1.57125
1.52378
0.251149
0.34242
0.876098
2.49264
1.97963
5.10646
0.933264
1.53677
4.16178
1.07436
1.1327
0.302523
1.40354
7.8705
0.316633
1.8965
0.185172
1.75804
1.52899
6.01174
2.33282
0.975257
8.20171
1.28446
0.890405
6.61105
0.875187
0.212686
3.31892
6.04242
2.47504
1.38691
6.03719
2.87035
19.5993
29.7549
1.4419
0.969872
1.5031
0.185325
1.58787
21.0383
1.56433
0.227934
1.44345
2.04167
8.59786
4.5077
0.969679
0.208754
0.481373
1.37174
0.236392
5.58088
1.23467
0.363492
0.151376
0.695299
1.39501
0.490934
5.28019
0.239763
1.11165
4.45022
3.88058
2.91831
0.864526
0.272701
1.55787
1.83291
0.335745
1.53674
1.0113
0.918605
0.259741
3.49995
0.528802
2.52008
6.20622
1.43835
0.358903
0.213445
0.300045
0.227667
0.234965
0.257036
1.43983
0.191038
6.02142
1.2406
0.222846
0.211102
2.3026
1.13277
2.47985
3.06464
2.99502
0.223079
0.238855
5.40408
2.62248
11.6453
6.69074
0.343669
1.11379
2.08238
0.191226
0.210277
0.484917
0.192897
0.239643
1.1746
8.24307
0.161959
1.36954
4.68918
1.33129
0.168577
0.312563
0.238203
0.983656
0.184723
0.637634
0.271269
1.116
2.85909
11.0835
0.826942
6.20983
0.29798
1.2429
0.255863
0.270215
1.31792
1.74365
0.297715
1.23153
0.948146
0.174075
1.2124
0.252343
4.83334
2.67389
0.148497
0.16082
0.685187
0.461078
2.46741
1.52965
1.4908
0.822533
0.833989
1.59645
0.330776
2.42797
0.221003
0.232566
2.0581
1.37725
3.86812
0.253456
0.18761
2.21231
1.79843
2.45175
0.216943
1.73536
1.31131
0.342027
1.24215
0.768981
0.347726
1.51979
1.77033
2.47276
6.06867
4.62532
0.190053
7.13022
0.188241
0.352387
1.72484
1.3075
1.14987
3.43374
0.24868
0.35124
0.551204
0.303609
0.368125
0.193067
0.349112
6.02346
0.530752
0.937524
2.59898
4.49494
6.45479
2.92548
0.975009
0.154854
0.223513
2.97281
2.07312
9.41335
0.216852
2.46352
5.53691
26.8256
0.922901
2.00166
0.111102
0.213083
0.327198
0.376085
1.82453
1.53422
0.373229
3.22025
0.590877
1.00596
0.210656
1.6407
1.61555
1.41415
5.00815
1.40177
2.34921
0.231838
1.97124
2.23772
0.248893
1.95397
2.67837
0.680331
2.14408
0.226936
0.331497
1.87996
0.327368
1.19438
1.52947
1.32965
1.15914
0.381855
2.46694
0.252752
0.379311
0.82824
1.23151
0.200284
1.07545
0.2513
1.08607
8.42523
4.31975
6.57666
0.549654
0.377279
1.1187
0.221726
3.87138
1.3871
0.905398
0.715149
0.167768
1.30934
6.88977
0.248579
1.30556
0.826891
0.18251
1.9174
0.199271
1.39717
1.68967
0.378538
2.10899
1.54978
0.394388
2.04251
0.181612
0.943077
5.10261
3.1601
11.0064
1.53321
0.256437
7.37152
10.8414
0.967644
4.94463
0.230332
6.06372
1.44453
2.2294
11.416
0.761338
1.3525
0.997255
0.31613
1.75638
2.30265
8.93166
1.48469
2.633
2.40111
0.234056
5.8308
0.875025
0.338126
0.129192
6.93161
1.79834
0.3844
5.66502
0.8948
1.56485
12.0218
1.2417
1.21276
3.37981
3.83987
1.5177
7.77706
1.08431
2.17567
1.30466
6.32579
0.315857
3.67683
2.36678
0.752613
1.25989
0.207215
0.920639
0.214991
2.23001
0.178309
1.5061
3.66994
1.72784
10.1403
0.967328
0.188154
0.260163
1.92551
6.14546
0.239697
0.208985
5.99557
0.391259
0.189587
2.68152
0.361569
0.163497
0.231036
0.228818
1.04107
0.303574
1.68728
0.359982
0.289179
1.80357
0.3207
0.662428
8.95349
0.236835
2.11936
0.246913
1.24848
0.678495
0.536216
0.37974
1.49416
0.254873
0.384923
2.1069
0.182113
2.26264
0.569055
4.3191
5.18064
1.20877
1.36197
0.413536
1.48032
5.98837
3.52077
1.23686
1.38964
0.895825
3.37771
2.54526
1.76172
6.46609
8.42378
2.239
5.94377
0.525285
0.306659
1.50053
8.59706
1.63555
1.77614
25.0357
0.257076
1.33697
5.02736
1.70361
10.1326
0.220102
0.258876
1.84423
4.65182
0.28722
0.255466
1.42142
1.83112
11.9843
2.77003
12.0504
0.145297
0.447149
1.96795
2.5085
0.369846
1.21922
0.18209
0.279674
6.22768
1.6374
0.184476
0.2322
0.269441
0.31518
2.59905
0.333884
2.47264
0.483881
7.17064
0.314095
1.85654
0.383942
1.87146
1.34063
0.34656
6.06966
0.51149
5.1557
1.34736
0.334857
2.98623
1.65486
0.974148
1.08347
2.12608
0.171546
1.40515
0.196482
12.6678
1.33882
1.62774
1.33843
0.210717
1.56131
0.310025
1.36992
0.347757
7.1771
5.56981
0.270987
2.06498
1.28718
0.264756
1.93126
0.333638
2.96763
0.233228
27.6075
0.405669
1.40387
3.35069
5.92373
0.316541
1.62517
0.502729
0.261615
7.97417
1.13094
5.10809
12.3328
1.08199
5.78943
8.84547
0.0668938
0.259908
0.51961
0.215996
11.872
0.194852
1.44527
0.209629
1.10929
1.94302
3.06979
2.32656
0.286874
2.42001
1.84399
0.300018
3.46991
0.260468
0.494441
0.497591
0.385525
2.47559
0.302117
7.5065
1.76071
1.57207
3.28468
2.69583
1.73704
0.325278
0.273132
0.563435
2.28401
6.99817
7.25621
0.224545
0.234245
0.774043
2.74103
0.741489
0.217349
0.26873
0.230433
2.10175
6.17009
3.83026
1.43147
1.52311
1.17082
0.540449
4.22033
0.2807
2.8704
0.246218
10.2566
0.237454
1.49505
0.339921
11.5842
0.219635
9.7857
0.334949
2.29803
1.54247
0.792619
1.45013
0.705426
0.212893
0.435906
1.54047
1.4843
4.89794
0.254065
0.108607
1.89321
1.47713
6.18406
0.582719
1.68681
0.353761
6.24265
4.56036
4.02202
2.95498
1.46616
0.946061
0.107056
0.19045
1.33174
1.79244
5.36486
0.624641
0.195224
4.57543
5.55736
0.24022
0.149522
2.72311
2.16332
1.59518
0.186519
3.42362
1.43485
10.2652
5.29304
0.262784
8.72983
1.92994
1.20678
0.203101
1.54381
2.39807
0.2139
0.221213
0.316239
2.42309
0.520311
0.24514
1.15785
0.238266
0.348401
2.00441
1.76902
1.32278
0.173809
0.244053
5.75895
0.650055
3.19869
0.558799
0.466626
4.21535
2.07377
0.498329
29.9189
28.8665
11.1169
6.33207
0.362056
2.47777
4.8377
0.286129
5.7455
2.2503
3.81692
2.93863
0.273164
1.64399
0.418885
1.54108
1.26136
3.92393
12.0792
0.700357
2.0977
1.46328
10.7257
2.98708
0.262903
1.71394
4.19031
0.290817
2.19111
1.01176
0.213148
2.453
2.2966
1.44243
1.0238
0.235072
2.40074
1.8483
1.84938
0.183555
0.9459
0.312519
4.29068
6.41277
0.203425
4.10184
1.41541
0.245423
5.28135
2.10843
2.2726
10.0181
1.85696
0.324811
0.328162
3.03947
1.35543
0.949437
9.08286
1.32889
0.113371
0.876609
0.25111
10.0051
0.181878
1.64492
11.0048
4.48261
0.345591
0.350416
2.7331
0.218227
0.117625
13.412
1.16731
0.19913
4.09373
9.8524
1.35668
2.51532
0.206862
2.06877
5.37837
2.32181
6.45469
2.04079
0.185222
1.34425
1.37586
5.31027
0.582811
9.41177
0.224108
0.225091
0.260645
3.07734
0.538854
0.210084
3.71942
0.188904
0.595649
2.33983
0.691641
2.39818
5.41758
0.897851
1.48733
0.183798
1.40778
1.77024
3.59449
1.24067
1.8732
4.34792
3.05663
1.4904
1.94779
0.619734
8.67313
1.07357
1.24384
0.332378
0.265192
0.818218
3.48255
0.22449
0.162307
1.58706
0.200027
7.51092
1.23289
2.71666
0.241537
8.80134
0.283538
9.57427
1.23996
2.71971
5.92677
4.15763
9.30629
3.62119
0.331432
0.850904
0.235892
0.312946
0.46462
2.31723
3.65431
1.91886
1.31398
0.698858
7.13652
5.03465
1.56964
0.423822
1.65351
1.63451
5.06461
1.80533
6.52734
0.322421
11.1903
1.71952
7.51326
5.42861
1.31426
1.58813
0.64127
2.24616
0.253003
0.18205
1.677
1.33196
10.0378
9.71205
0.835336
1.27453
2.84234
0.453124
2.73171
0.64078
0.394613
0.208062
3.54302
0.608981
0.235844
1.41043
0.341189
0.280059
0.220826
2.03599
1.96776
9.14515
0.534126
0.0916988
0.850721
0.435909
0.277053
1.16836
6.31266
0.566883
1.79406
0.191406
1.6003
5.80211
2.26245
3.20873
4.17235
0.173408
0.490588
1.12115
0.659144
2.38309
0.213262
0.210699
0.22181
6.19945
1.18131
0.282228
1.39909
0.320293
1.35835
0.184229
0.201312
0.224279
2.30169
2.27666
2.99199
5.09411
4.63155
12.0224
0.318389
0.787537
5.67061
10.5071
0.516626
0.138392
2.24533
1.90737
1.45653
1.57952
2.75731
4.55266
6.02565
0.166563
0.154892
2.50226
0.304257
0.910122
10.443
1.42154
0.555596
9.97268
1.74395
0.279532
4.20767
0.756877
6.60846
0.464293
0.58583
1.0213
0.365115
1.98062
0.502783
5.70703
2.253
5.88964
0.304301
10.4809
0.630712
0.253051
3.238
0.202564
0.239603
7.91784
0.219078
2.64981
0.493531
0.584656
0.354099
0.359964
1.37143
3.06967
1.25754
0.871199
0.35685
2.80741
1.64724
1.48011
0.365403
0.604346
0.33603
7.19262
4.41509
0.470417
1.97066
0.248915
0.181804
1.07478
6.7937
1.37984
0.823911
9.06511
0.767883
0.855281
0.241926
0.693956
0.858456
0.329097
0.337947
0.196016
0.216877
0.869987
6.66436
0.331752
1.87968
1.35255
1.77192
0.405272
0.175005
0.161577
1.71106
0.791317
12.0071
0.283472
0.371037
2.65972
0.200477
2.38659
0.538722
2.48431
0.29627
1.06026
1.91281
1.09103
6.16051
1.32946
2.31537
0.205938
0.977662
0.16555
0.529248
0.444786
1.98067
8.62043
4.63738
6.69284
0.238914
2.20063
11.2487
1.48215
0.734229
0.305771
2.2235
2.30861
3.29716
0.172045
0.252359
1.5172
0.25742
1.99851
1.04047
0.242911
2.1656
2.74467
6.28064
0.372171
1.16431
0.147278
1.84165
6.42311
2.03234
6.34642
8.88701
2.739
2.13936
3.80244
9.801
20.7158
5.97667
0.946578
1.13694
2.57507
2.27863
1.06138
3.07991
0.201268
1.01108
0.279872
2.73181
1.49121
0.317684
2.40942
2.42318
11.9035
2.72389
0.32383
6.21827
0.345286
1.21569
6.41599
8.23103
0.882269
1.26018
0.868295
0.203711
0.160771
0.272383
5.154
0.266031
2.0625
7.71407
1.8274
6.1609
2.70953
1.47401
5.19118
7.11348
0.352974
1.57599
1.04522
0.463884
0.301371
1.72985
0.388682
0.608201
8.57127
1.39411
2.60879
1.08113
0.255151
0.149415
0.225176
0.222179
0.256173
5.74115
1.34928
2.98613
2.38257
2.52383
6.32982
1.82457
2.52261
11.5551
5.45303
5.98446
1.41329
0.183012
9.32014
0.321012
3.14445
1.44549
2.80821
0.219331
0.279597
0.344271
2.38291
2.46058
0.378552
0.117132
8.49904
0.465216
4.29069
0.300375
2.1312
0.248859
0.834487
0.291544
0.197123
0.159196
0.832976
2.63489
3.03794
0.240019
0.222096
1.69276
11.551
4.99811
2.39475
0.709491
1.73144
0.159759
1.34559
0.462305
6.11866
1.70127
0.243759
3.26423
1.51089
1.13342
0.388507
1.23435
0.265728
12.026
1.95274
7.96834
5.47441
6.80382
0.230196
0.334131
0.229105
0.249045
1.48864
2.02982
2.21207
0.677241
1.47891
6.63091
2.18552
0.272213
2.30267
7.97535
2.37159
2.06645
10.7328
1.13974
0.243143
5.34732
2.31966
0.395125
0.268386
1.69069
2.55558
10.098
0.354294
1.36414
1.46669
9.2854
0.170466
5.3413
1.97231
0.227126
4.61897
5.04353
2.29956
2.15649
23.509
7.1842
2.54033
1.8302
0.269144
0.376117
0.361573
0.895386
2.59194
4.25568
0.243454
12.6098
0.518829
2.44871
0.11772
1.45007
1.7967
2.47164
0.379686
1.74418
0.975887
0.549783
0.156105
9.47439
3.76615
0.652351
2.33836
3.11393
0.234972
7.44103
0.76651
1.28433
2.34638
1.45075
0.686574
0.212041
1.89443
0.539464
8.11954
6.85053
1.28251
1.7657
2.62599
2.02439
1.70012
7.09202
0.35599
0.371222
1.96769
10.7893
1.48337
0.269459
7.28605
1.18074
7.75751
0.279688
0.345032
0.225944
2.03308
5.25535
5.2483
1.31093
6.00807
0.740606
4.61159
0.761809
1.44569
2.63594
2.03005
6.70715
0.19824
6.39991
8.58607
0.161746
0.30798
9.64743
0.295678
1.86058
4.86648
1.2106
2.4759
6.80087
0.225158
0.761112
4.48696
1.07939
11.5854
0.273498
2.48991
0.219995
0.349515
2.79185
0.659437
1.62473
2.94722
1.34572
1.95473
4.41014
0.0860351
2.11089
0.386571
0.734796
0.301771
0.700539
6.62167
2.40269
0.161146
1.62136
0.723357
2.27832
8.69694
2.02724
0.197143
5.72261
3.88094
7.82526
1.81506
2.06817
0.270969
2.5985
5.90431
2.38037
1.07555
2.40778
0.276533
1.39135
0.355017
2.10442
6.34208
1.42099
0.59512
0.341259
1.16935
0.335667
4.98555
1.30564
0.267118
0.739208
0.96909
0.331958
0.249465
7.8679
0.179809
6.38073
11.7576
2.14885
0.139721
1.6698
3.0869
6.90859
2.06628
1.40508
0.549592
0.506823
0.208958
1.32429
0.233005
0.256074
0.320356
2.82933
0.767357
2.84201
0.230475
4.81224
9.56544
0.226432
0.912317
0.311565
4.44327
2.50231
10.7927
4.28661
0.626694
0.332198
0.332422
0.254804
0.293759
0.764383
2.3003
0.321191
1.64765
0.974129
0.306802
0.518695
2.41362
17.2585
0.23498
0.773975
1.43649
4.7098
1.33493
6.18014
0.327138
2.54703
2.00926
0.190293
0.312585
0.408295
2.83362
3.69022
0.296321
3.37967
3.52852
0.248531
0.162146
1.46554
3.46219
1.36008
1.36029
0.714228
8.53538
3.37715
1.44573
6.89805
2.34448
0.408526
7.75233
6.98709
2.36789
0.532196
8.58613
5.90273
1.42561
0.285422
0.284647
6.2285
0.334039
3.95044
0.295167
0.710747
1.32673
1.47434
2.2084
1.43317
0.325253
2.49687
0.275225
0.266741
1.59096
3.89168
7.61309
5.32464
0.465932
4.10819
0.524164
2.48107
0.584297
2.02564
2.33915
4.14089
0.221682
2.09704
5.63993
3.19031
0.25706
1.41843
1.11779
10.0965
0.899843
2.05427
26.3574
0.190362
6.52857
2.45934
5.96902
12.0434
6.98803
0.39253
0.248115
4.92277
1.36561
16.6829
0.159043
3.67783
0.0493037
0.218704
0.590125
1.4685
0.554825
1.55365
0.225773
1.99572
0.267929
0.20669
1.70037
0.530058
1.32538
2.238
0.315646
0.274923
0.244647
5.27687
6.80589
1.58894
0.284979
2.36352
8.10059
0.316167
5.72496
5.05972
0.246513
0.388152
12.7014
15.3853
1.7445
3.32791
7.10441
0.542109
8.45307
2.57452
0.393234
7.41606
1.92933
1.82883
4.13305
0.244554
3.50444
0.525499
1.21779
7.47386
0.243683
0.291639
5.94926
5.63879
2.73342
0.212485
5.35585
9.84434
3.2511
0.330448
0.24086
2.11114
20.4209
1.1836
6.62594
0.713829
0.360096
0.596798
6.11687
3.31729
3.61915
1.54739
0.236619
1.87521
1.18044
4.31574
6.44675
1.48706
0.159486
0.259154
2.08434
3.6764
2.38459
0.198767
2.14622
6.68333
0.25358
0.3157
2.90901
2.41458
0.214634
0.272445
0.837444
0.862227
1.45611
0.529541
0.227722
0.438249
10.5424
3.73833
0.300106
1.31711
4.26855
0.29349
0.0904237
0.84596
3.60152
0.441916
18.474
5.93693
5.39924
0.616056
4.11664
1.37263
1.57057
0.323933
0.328923
1.29415
7.23796
0.117457
0.744987
6.47939
0.257074
2.09615
1.21371
1.26879
1.40616
0.230484
2.70011
0.495523
9.36181
0.95132
1.57104
7.29744
5.04798
9.0545
0.230218
4.84037
1.77016
0.0191436
2.66396
0.416034
6.59786
0.536117
0.263139
0.196709
2.44916
3.04851
0.978069
0.235737
4.9998
1.5484
0.395766
0.996241
3.95489
1.20512
0.333778
0.272857
8.89293
7.22024
1.98299
7.30108
0.8341
0.494825
0.335913
0.66813
3.86117
0.9346
1.92513
0.323647
1.1785
9.54293
0.300828
0.261667
9.42653
0.278275
6.10496
0.298362
0.240804
0.261986
24.6427
23.5667
2.0397
1.3763
11.0493
2.9296
0.565664
7.21962
0.958653
1.45546
5.45364
0.333553
0.323086
1.21993
4.30792
11.9498
1.18174
0.798752
2.19423
10.5639
3.71205
1.10923
1.33684
0.255812
2.73391
2.4575
6.96628
1.51491
13.8637
2.34377
2.48427
1.60643
3.84325
0.252668
12.0572
0.266593
1.9818
0.795062
8.08065
0.271934
21.1626
1.65033
0.393785
8.3134
7.79675
0.312611
0.634744
2.6987
0.100514
0.235875
8.76838
3.55684
0.260615
1.93625
8.40155
8.91975
3.31974
0.261413
0.238602
0.311603
1.72464
0.248888
7.52618
0.193046
1.70554
0.339576
0.244171
1.17543
1.94897
2.92019
0.501162
0.27572
1.88845
2.29697
0.234739
5.32961
1.29589
6.53995
7.25489
0.242103
0.267278
0.241442
2.90726
2.09044
2.20794
7.39612
1.68526
0.546922
0.191761
0.165796
1.38166
2.54504
20.39
1.86569
10.9404
2.16703
1.22378
1.52697
0.207822
2.12152
4.10081
1.04068
1.14832
1.44953
0.0600858
2.56702
0.241018
0.235894
17.0247
6.45234
1.72031
0.328097
0.353006
1.84067
5.64287
0.143858
0.206098
4.16693
10.8174
0.215592
0.891578
0.7004
4.28652
12.0923
0.268237
1.63326
3.67515
1.22187
14.417
1.36958
6.09862
8.31526
0.333277
0.326192
2.23592
11.2398
0.200924
10.5718
6.35767
0.231179
7.01443
0.291069
0.376752
3.96223
0.220821
7.66781
0.320364
8.78737
2.26788
15.6789
6.1682
2.23831
0.188951
0.308472
0.328331
0.0849133
0.528644
9.35046
0.347407
1.49847
1.49931
9.13307
0.374694
0.210115
2.08252
0.205366
0.188609
0.183017
2.06382
1.1608
1.33609
11.5558
7.98985
8.13773
0.612174
8.361
1.94402
5.35712
7.53267
1.34903
6.45254
27.1472
0.581646
7.05102
0.847256
2.11833
0.109381
0.235127
6.38612
0.224882
5.84174
2.20929
1.13364
4.28395
1.43953
10.407
0.203206
6.36629
1.22617
0.267866
0.428827
0.542298
0.747081
0.281124
0.19148
0.255119
0.231996
0.325993
3.30622
1.24965
2.06584
1.4843
2.55854
0.326002
1.88116
4.04002
2.41499
11.6282
1.68274
2.02888
0.364547
0.208291
8.798
1.49463
0.734718
10.5078
3.9869
0.866665
0.360555
0.517846
0.79993
7.33886
1.80464
0.310681
2.60967
4.12059
2.26177
0.675325
4.53361
0.292731
2.63539
6.27364
0.90626
1.57313
11.9719
2.58347
5.81541
0.27854
0.251175
0.277775
4.72669
1.42557
5.71028
1.92584
4.31542
1.47242
1.26234
0.849232
0.135559
3.14243
0.736057
10.0759
1.13058
3.23508
1.22985
5.0063
0.337486
0.929616
0.99365
0.297495
0.615157
4.66518
0.931325
1.00001
0.377022
1.42629
1.99592
0.584273
1.37325
0.16658
0.347435
1.08601
0.228321
0.233176
11.5517
2.2397
1.81245
1.82425
1.57688
11.4171
12.9224
2.57228
1.1317
3.05982
0.23459
2.00139
0.243611
0.311794
6.85091
10.7053
3.58707
0.465155
25.2445
1.20802
8.3945
1.27837
0.713917
1.26665
0.464043
1.87497
1.73383
5.94374
0.639301
9.77448
2.48166
1.56715
0.33121
2.54248
0.29747
2.28824
0.4132
2.25139
1.87266
1.81836
0.324089
0.967668
0.32495
0.24082
4.78832
7.023
2.06025
17.2008
3.35285
0.735059
1.93651
0.36782
3.27932
0.370356
0.529508
3.13954
2.00292
0.837541
5.72327
0.511972
3.8625
3.58197
0.330458
1.58484
0.389248
0.30608
6.09899
2.08995
0.235602
5.1509
2.00811
2.26196
2.47916
1.41445
5.03594
2.03005
0.210073
1.06423
2.44354
1.4674
2.65875
2.27084
2.14786
7.74715
3.90649
2.92926
0.218049
11.0752
5.67936
0.330861
2.23162
0.285241
1.43933
12.0201
26.3752
2.56372
3.43955
2.31892
1.11482
3.52435
2.73313
8.37979
2.61419
0.193452
6.29447
1.86226
7.24044
1.58598
6.63864
1.13328
1.45149
6.7003
0.474792
11.2461
7.8818
6.1291
3.97103
0.90027
7.05626
4.86121
1.53106
2.44874
0.150787
8.88019
7.47244
7.31196
1.97442
2.13743
1.39016
0.145364
2.06498
1.52186
4.40083
0.377099
2.11956
6.0175
2.06706
1.98802
0.227566
3.25823
5.50511
0.259287
6.30385
0.671058
1.85853
4.83683
5.53295
1.99687
2.16222
1.11946
7.4872
2.42047
0.304503
0.643806
0.377939
0.107399
1.01052
0.513574
5.97607
0.158757
27.3301
1.99621
0.430717
7.99394
2.35601
0.685306
0.224704
13.9892
1.35807
6.07203
1.05651
3.70802
5.21227
2.64094
1.75661
3.70359
11.0253
5.47264
4.23767
8.18111
5.05453
4.44721
1.20939
0.298292
0.342395
6.42707
0.901765
2.17269
0.659252
1.38788
0.121545
0.0542979
0.220029
0.814998
1.21884
2.01704
2.17033
1.24871
0.325217
5.58831
4.74118
2.32834
11.4586
0.344962
10.7532
2.85215
0.406135
0.175933
0.18269
0.132676
2.67735
11.0503
0.118743
4.02849
1.353
5.94981
0.20583
1.31815
2.96578
7.35727
11.741
0.704053
1.09791
2.22696
2.49461
6.20932
0.222786
7.02307
0.100204
0.700975
6.9201
9.03238
0.536583
0.490533
0.309951
6.86274
11.1451
0.75351
1.28958
1.36625
0.771837
11.8758
0.380385
5.9863
0.353705
12.5395
0.329717
1.33658
22.1991
2.31332
0.169873
3.24303
1.14343
2.01455
0.579886
9.70235
1.88734
4.97317
1.69691
0.179165
5.41226
0.588963
1.38614
15.6024
0.18763
1.39395
10.7759
0.527665
5.74632
0.364304
5.67554
0.880078
1.03285
9.54737
0.281437
4.49179
2.53969
5.51959
1.37665
0.274005
4.30157
4.44199
6.32749
6.53085
2.23554
0.303686
0.510883
0.203456
0.925816
7.79187
9.59334
0.736669
0.530957
5.10712
2.65731
0.240262
4.22506
2.24309
0.222624
6.16933
6.8008
6.19331
2.0553
3.14151
9.29253
2.76552
0.216653
1.37621
1.41272
3.69779
0.258331
3.58764
0.181082
11.7571
3.61929
18.8813
4.21436
0.204947
6.23108
3.60197
3.22152
2.46661
0.643343
1.73479
0.212322
0.33406
0.278966
2.8792
2.75615
2.52092
2.72511
9.80263
0.332
1.32566
2.71008
12.0354
5.41357
9.28603
0.770885
0.17513
0.176371
0.554312
11.1804
2.0587
5.29525
2.4599
7.8786
4.41452
0.235278
2.78591
1.98514
12.0576
4.20898
10.105
1.80271
1.63525
3.92111
0.390456
2.58818
1.6635
3.68374
0.342657
1.98374
1.32844
1.96202
0.269817
6.15508
7.28527
11.8413
1.0083
0.328159
0.322637
5.19972
26.0453
1.10141
0.333853
1.36313
3.2889
2.41953
0.222191
0.239182
9.97421
2.22588
0.161393
0.206805
1.32038
9.54145
11.865
0.381031
2.82073
11.2648
1.39075
0.511512
2.65987
0.364023
10.5289
2.68171
7.8204
2.22384
0.370508
0.338943
0.496134
4.14268
2.56845
2.50893
5.25084
3.79357
7.7551
2.50183
1.37239
9.71891
0.402343
1.43155
0.213524
0.265958
0.528765
0.795984
2.58572
0.684958
3.89476
1.46986
15.0094
0.241824
0.240562
1.99491
6.56689
11.1671
1.76418
11.6154
3.44951
0.217566
9.23268
0.36418
2.3116
14.8168
0.325271
4.24978
1.12531
0.50751
5.22029
2.05892
0.332492
1.45124
2.34912
10.3975
19.4631
4.11926
0.932394
0.103088
3.58007
5.70391
0.208003
2.43437
3.84213
2.54663
1.37691
0.473427
2.80234
4.71189
5.88982
4.11242
5.03707
3.41746
0.855165
11.7823
0.448622
4.88638
0.189093
2.73652
2.61459
1.82668
8.57311
3.14709
0.338159
0.231582
0.331058
0.256613
2.06145
2.53794
0.244
2.37309
5.52084
0.300349
1.48138
0.236275
1.85767
5.30043
6.53353
0.162035
5.10014
5.73569
0.26963
0.307379
2.72925
0.152629
7.62868
1.04513
23.5315
0.255108
2.99358
6.33278
2.39783
7.97018
0.356779
4.34102
0.308599
2.76745
2.48914
2.66133
1.94623
2.03746
8.4052
0.207445
0.358014
3.12487
11.3353
5.72474
1.47779
3.39586
0.142085
0.317382
0.241723
0.905074
3.5162
5.61958
4.53299
5.70103
5.12758
2.51572
1.93676
5.86138
0.331935
2.39616
4.09513
6.08565
11.2008
0.375449
1.92705
0.195072
1.37519
0.280036
0.511295
3.01914
3.33339
0.974039
3.09333
12.5724
2.91512
0.301518
2.73982
0.574337
1.37264
2.82125
1.71189
2.37244
0.721202
0.733411
0.868828
1.08642
4.09449
7.71776
0.205425
0.238187
25.6432
1.17424
0.235301
1.33055
1.416
0.309884
0.646192
8.11396
8.94085
11.2306
1.17031
2.19295
2.80157
0.260527
1.32577
5.89936
0.603426
7.72098
2.4385
0.269324
1.20653
0.416916
0.375162
1.13977
1.35786
1.28208
2.06086
1.344
0.428944
1.03912
0.238774
9.42913
6.30691
0.453065
7.15295
1.97382
2.77559
1.1968
0.944529
9.07612
1.48526
1.25074
0.231081
0.322649
1.85188
1.94721
0.234677
10.4052
0.333662
8.53478
3.87639
0.519629
0.855843
2.70889
0.354695
14.7804
1.7821
5.38348
4.55997
1.70604
0.546057
12.4401
4.78064
0.110467
5.95113
17.6399
24.4748
0.238646
2.41058
2.75031
0.264584
2.14711
4.85194
5.94002
0.14794
0.220788
0.749875
0.226244
2.01633
0.744713
0.642359
0.193838
0.249393
7.98181
1.24495
8.60309
3.85296
0.515614
0.246024
1.79623
0.351675
0.0394546
3.44582
12.4748
0.671347
2.00995
0.826364
0.218838
2.52316
2.56798
0.951311
1.19548
1.62052
0.481027
2.15663
8.05102
1.59415
0.00633722
0.333174
1.77289
3.15396
0.195907
8.13686
5.91059
7.79918
1.55743
3.33769
28.5435
9.0316
2.44585
7.57399
0.230264
2.64905
9.63431
1.4015
2.03811
5.34283
2.15373
0.303246
0.329635
1.31284
11.6819
2.93894
2.2516
1.83522
2.38538
0.260686
0.294921
1.51022
0.36595
0.211885
17.0159
17.871
11.4371
4.20421
3.86522
1.38053
0.330782
1.02038
2.02491
0.182069
2.5102
0.231293
1.03643
1.51943
1.16442
0.433902
5.20228
1.33664
2.2049
8.62251
1.43805
3.52059
0.605998
6.76005
7.9052
0.317754
2.23025
0.54762
6.14382
4.71016
0.80765
4.31825
8.40725
9.66554
6.05598
0.502147
1.957
1.0103
1.62637
1.86561
7.44774
1.59912
5.72716
1.62398
0.361432
6.14519
0.567316
11.8719
0.0905664
1.57873
0.207519
0.332464
0.553437
1.74124
1.93944
12.466
0.259144
1.89035
1.23897
1.28338
0.877801
5.33622
0.297681
2.07357
1.77473
0.7253
0.199545
3.22837
0.691582
2.19398
7.3253
8.64229
1.45472
10.611
1.12905
2.2821
0.303571
0.468829
6.76759
2.75939
0.327758
0.239842
10.9688
1.25756
4.02444
3.78694
2.12137
5.42147
8.89092
15.8018
1.83284
1.05416
10.939
1.11042
1.20116
0.19446
4.68143
1.78815
8.27852
1.70672
7.95572
7.79295
0.266039
28.8955
1.56855
2.73228
2.46951
1.91523
8.11086
1.33897
0.260909
11.7735
0.614458
8.67792
1.15043
10.1045
4.38724
0.820218
1.0729
1.92061
1.90258
0.180178
26.4668
2.28899
2.13199
0.616079
2.995
1.57535
2.479
7.00804
3.92695
0.836471
1.4041
8.54692
3.55454
0.32945
0.280742
0.193249
0.332798
1.97287
7.85001
2.37661
1.6415
1.31051
2.43285
0.795026
2.13249
1.37525
0.754493
0.642372
0.215483
4.89398
7.37395
8.81028
0.999403
3.11616
11.041
7.06642
0.20977
2.11223
13.238
1.57193
3.42484
0.299505
10.267
1.91752
0.333792
0.310181
0.290941
6.7134
0.246881
0.286587
6.13719
2.56681
2.17509
1.85455
2.15361
1.61382
1.51937
2.35824
2.594
0.415456
2.42245
0.254462
2.01999
0.763197
29.0954
7.27471
2.61408
0.00280042
0.294758
1.49945
0.140799
0.218826
11.4464
0.244449
2.92089
3.71549
2.3416
3.01954
0.271736
0.978854
4.34586
0.34439
1.75179
0.300703
1.75735
0.376532
1.67403
0.0749018
1.96376
6.44863
0.810236
1.7694
4.0987
4.22342
4.45095
0.407643
2.02579
1.91573
0.438247
2.69522
1.9613
2.46097
1.5784
1.40041
0.342535
5.72487
4.71215
0.326577
0.378725
10.1768
0.773221
1.44752
2.96221
7.79117
1.73172
5.29642
1.34261
0.39317
8.73271
1.78446
8.49034
2.03352
2.56347
7.25774
3.92841
0.34795
11.206
0.284902
1.98948
4.23411
9.68628
6.12041
1.75938
2.55431
3.79969
1.29223
0.347437
0.264905
2.48379
0.318859
0.0325515
11.3877
0.19644
0.371052
8.07694
8.39236
2.52263
0.589809
0.772896
1.41546
2.13313
0.349275
1.57848
2.30802
7.29749
0.273793
2.46421
1.47111
0.112791
0.274801
0.138798
2.16121
0.265852
0.204256
28.706
0.309328
1.07543
6.49283
10.6369
8.87826
1.35549
0.20727
11.7298
0.336999
1.19739
3.74042
0.456616
9.39264
8.21603
2.50635
0.343059
7.958
4.6001
1.68035
1.66195
1.19374
8.68572
4.12747
1.16251
0.0640516
1.92843
0.486442
0.327051
0.382769
2.35379
3.86141
1.38957
0.240971
2.52072
1.87961
0.146877
2.42594
5.33386
7.84226
2.40489
0.223544
0.431173
2.0346
21.2846
2.18031
4.11153
1.12866
11.1145
2.02143
4.85649
0.928559
0.991657
12.2219
2.28647
0.235835
2.07022
10.2707
0.179935
8.8708
7.64472
2.233
4.48919
5.89023
1.77243
1.63719
23.0657
1.95113
0.131344
2.29409
0.143517
1.72918
2.43075
1.09085
2.68078
0.265989
0.431603
1.48369
2.62491
2.16336
6.32468
13.712
1.08799
7.96888
6.27372
0.310042
0.176035
5.41392
1.80554
2.67779
1.497
6.24373
7.7651
2.84403
3.09077
2.13009
0.358048
12.4518
1.50653
1.22056
2.46478
2.45102
0.836704
2.70269
1.89996
9.0074
1.03391
2.14653
0.301235
2.34898
0.344938
0.375292
9.02116
7.34308
7.96903
1.87972
0.35012
0.209955
2.07471
6.05037
12.0379
11.8364
0.380955
0.724101
1.67402
1.67074
1.41538
12.3807
4.24249
5.32515
1.31456
4.09302
4.5575
1.34971
6.67529
1.8436
3.44716
1.29434
0.0224412
1.63978
0.304541
1.91159
2.43409
1.82038
3.10351
1.86072
1.09336
0.247885
1.96127
2.87249
3.5515
3.92937
3.42511
0.522046
5.50535
1.52267
1.25844
2.8166
1.84065
3.86191
4.2143
1.63642
0.326954
1.29251
0.43104
1.35321
0.135024
4.91079
1.4428
0.228898
5.79392
0.198841
1.85058
5.81267
15.4685
0.176808
3.34844
0.0904096
0.265018
0.295809
0.26248
0.369734
1.15653
1.81064
1.91435
0.564162
0.207337
1.46051
5.13093
1.52664
2.62601
0.550388
3.19712
6.56923
1.96608
6.5828
0.315517
3.20495
2.46105
0.603636
7.07943
0.321443
10.7126
1.74577
5.95728
1.91058
0.243171
0.25467
1.4459
0.164426
2.42958
3.13213
1.0647
0.480404
1.0509
4.04252
2.88055
2.35447
9.18859
1.28126
1.70064
0.284748
5.57757
12.1059
6.17428
0.459124
2.59006
1.58878
1.81385
5.94833
2.13233
1.846
0.356326
12.1339
4.3597
0.234868
2.98383
1.90907
8.23534
0.249343
1.62356
8.1728
2.05137
2.6237
0.230593
0.346547
11.4737
7.94908
1.18654
0.491159
1.25659
1.50078
1.75088
1.62951
2.07836
0.144761
0.259465
12.5
8.60871
1.36205
8.46626
0.235652
12.9885
9.42913
0.223801
1.36963
0.512469
0.533397
9.27812
0.48601
2.55251
2.7785
2.5254
2.40301
2.32349
2.25293
0.357838
2.02027
2.73715
1.27256
4.49543
1.32582
3.73809
2.91777
2.05699
0.81675
1.50866
10.1049
2.61514
1.56129
0.851465
2.1181
0.209278
6.58197
0.0763844
0.330042
1.67163
2.09695
7.98409
1.85897
16.7574
0.226657
3.30364
2.60097
0.332037
10.1948
8.46886
0.266386
9.57213
1.2773
0.235412
13.9976
12.5955
9.91371
0.269608
11.7302
1.76191
0.206644
7.0821
8.46878
6.8606
2.56904
2.58222
0.37481
0.711914
0.307974
8.83434
0.25969
1.3505
11.0458
29.6541
1.01522
3.87932
0.273455
1.40902
6.64169
7.13678
0.368409
0.439027
0.161648
2.80508
2.35077
4.11051
0.255787
0.36561
0.323781
1.47212
1.27668
2.13982
2.20096
0.292917
0.331335
8.47114
9.49672
10.5489
9.4526
0.285027
2.24895
0.29746
10.7359
7.10121
2.54127
20.0782
0.641295
0.471503
11.2881
1.24228
2.55594
0.133026
0.321411
1.72405
0.40865
0.319547
2.50427
6.18895
1.48133
10.4052
13.0749
0.261526
0.23484
2.48179
0.30147
10.9559
3.06893
1.54559
0.646312
8.52937
0.20001
0.32885
0.093398
11.5695
1.02094
5.99076
9.12289
0.307601
7.46884
1.61592
4.95934
2.68927
3.18204
9.1137
0.133723
2.38129
1.97518
2.11042
26.6541
1.90889
4.85138
1.18922
2.25573
1.03274
6.92825
0.32388
0.336125
5.23533
0.264032
12.7008
0.195066
4.9749
10.155
11.3715
2.13924
2.61077
4.64472
3.48407
0.352883
0.311131
5.07539
13.8237
4.132
0.193749
4.13858
0.22642
7.45397
9.31068
9.36563
1.91746
5.33217
25.984
3.01154
10.4998
0.429361
6.41736
1.95475
1.63798
9.55155
0.109178
2.54061
0.444349
6.31005
1.49023
1.57204
1.74751
5.91749
9.04377
5.03611
0.331467
0.404114
0.429047
4.67784
5.71944
0.648264
0.307968
7.89758
4.84573
11.7657
3.87664
1.75416
1.97867
4.96827
7.57412
5.86062
1.16525
0.235947
0.330316
2.81326
1.22787
0.521652
0.222112
4.04318
5.98531
10.557
0.259232
0.197854
1.59743
11.1885
4.06635
8.85541
1.58789
0.329219
0.736923
1.16675
2.87764
1.29887
8.75047
0.871389
0.223715
5.67587
2.62232
5.55852
2.33302
4.5669
2.35188
0.582939
4.70042
0.363015
2.63123
1.29499
7.15592
2.35664
7.59082
9.61983
5.80269
3.85199
1.82886
18.7268
1.35359
7.35804
1.69003
0.35868
3.36013
1.33517
5.90692
0.321939
1.16681
0.23703
2.67054
0.329333
2.33062
2.40581
8.52528
1.65266
7.64224
0.366781
3.98353
0.399078
12.8571
0.269294
1.63246
1.67374
0.389607
27.4084
0.296079
0.441475
0.751135
6.18805
8.19605
12.2266
0.968379
6.23255
0.228491
25.8621
0.806594
26.1553
8.45397
2.42496
0.225054
0.945694
0.269179
7.7064
6.20208
2.34757
2.54303
9.72291
4.71933
1.796
0.153123
0.903805
0.330825
2.21352
1.72733
0.22381
3.38274
1.51914
9.1929
2.341
1.76425
4.31939
1.49173
0.882209
10.1915
1.3937
0.0862268
0.193064
0.41609
1.18224
2.00515
0.872963
9.59474
1.75263
1.63492
2.55293
2.10049
0.221359
1.64327
2.15061
2.39145
7.65607
11.5022
2.63822
8.68328
2.16526
11.3451
8.97516
7.10772
0.591615
1.05202
0.621754
1.73348
6.02547
0.295506
1.01623
1.02641
0.332953
5.53324
1.3899
11.5609
3.51991
1.4879
4.13821
1.04609
0.224223
13.0851
0.601923
3.94729
8.05512
5.75362
1.45328
0.337296
2.09643
29.2266
2.68027
0.068199
1.68499
0.27377
0.235969
8.74291
0.268302
3.42549
3.66089
1.40697
1.40115
2.27449
3.70326
0.227288
5.6792
3.10174
0.494316
0.271206
0.234422
2.55968
4.02768
2.94565
2.74111
7.43403
0.245862
3.82058
1.82065
1.8824
4.96853
2.38976
2.48789
3.86279
0.681876
0.145988
0.337228
3.57872
1.11108
1.60977
1.42942
0.912852
1.35701
1.05612
0.184188
2.75187
0.315723
1.19438
29.7288
0.0895267
0.217306
12.1111
1.08286
7.62579
0.241518
11.9048
0.328961
15.082
10.3561
7.79026
1.33306
4.74896
0.52965
16.0595
5.46651
0.357201
0.40874
0.904942
2.25387
3.40784
6.49218
0.736746
1.97359
23.5236
0.29219
1.99215
1.73977
0.86038
1.7997
2.12487
7.71697
6.03086
4.62989
0.754534
0.89102
2.76281
7.54889
1.55825
0.72553
0.300055
0.877235
0.318649
6.8592
18.5006
1.43025
5.46186
0.232935
11.4188
1.18884
7.1079
2.00606
0.208934
4.06986
9.00743
1.93083
0.374178
0.217323
6.00273
1.60034
0.248721
11.3505
1.60371
0.84395
1.46137
3.09664
1.58672
4.5082
7.90192
1.88369
0.330939
2.17621
3.94585
4.39827
2.2166
0.793223
1.45815
1.61513
0.331049
8.84704
1.66074
2.55373
1.65701
0.933807
5.70793
1.70271
8.34708
1.76816
9.6152
0.331623
5.1324
0.331915
1.43227
1.17591
6.82625
1.58831
24.0378
5.05066
28.561
0.112323
12.4013
1.38428
0.196153
1.31057
9.38547
4.8948
0.14664
6.26589
9.45877
7.05301
1.72009
0.292382
1.40058
2.33175
11.6059
3.46008
1.28285
5.58057
5.07012
7.47678
1.47871
1.85491
9.4241
6.16048
0.817899
0.221079
6.33256
1.09266
0.348227
7.42938
10.8171
10.6374
0.238534
0.336556
2.07415
1.63446
2.34963
1.87875
1.98652
5.18567
9.83464
19.0237
1.33044
1.67526
2.69487
1.98971
26.7105
2.15089
11.4943
0.321179
1.94005
10.9969
0.332817
1.27998
4.89475
0.652689
1.14989
0.386983
0.206854
8.5664
0.308122
2.75113
0.0666575
0.155602
7.32048
5.77939
17.527
13.0948
27.5347
4.18
3.06472
6.49545
2.59444
2.07331
1.56281
0.79742
11.8589
3.65067
10.4577
2.74462
10.1894
3.20463
1.56942
13.1554
0.28436
8.0722
8.29574
6.3515
1.92713
1.52229
1.60151
2.75798
0.843684
2.24682
3.69403
19.394
2.19894
1.52551
0.214251
1.62397
6.13033
2.82338
0.218865
1.07693
1.12284
2.78119
1.01029
0.220596
0.229295
1.36807
6.01745
0.277041
1.91441
0.257648
23.7603
25.2565
6.234
1.33761
1.07581
0.477477
0.291688
13.1928
0.822004
0.20504
9.27388
3.97463
0.217214
1.18928
1.26171
0.31572
2.26418
5.48971
0.825492
11.1183
0.995571
13.1926
0.299953
1.64239
3.11746
1.50536
5.72757
0.814756
2.57757
5.40618
11.1694
0.184686
1.44327
1.56528
0.208422
1.70558
1.83451
4.96975
11.6235
0.335019
0.329713
2.40471
1.55381
0.816983
2.73821
0.24357
11.1621
1.84943
4.77534
5.43935
0.229377
7.01355
0.232559
2.37968
0.355341
6.04231
4.21032
9.97169
3.18106
1.72238
0.323119
1.19464
0.228335
4.96375
5.5126
0.325145
0.309323
13.1753
3.65803
0.217226
1.62405
0.881691
2.64043
1.54106
0.232884
4.02968
1.97623
0.247802
0.974268
0.273864
0.252991
0.186463
1.81361
0.187014
0.189851
2.69835
0.319596
13.1526
1.93418
1.56083
14.1642
0.329789
2.09757
19.0628
2.53857
2.01571
0.424641
0.330442
6.62287
0.312192
1.47742
0.72309
12.0247
0.157378
1.11262
1.54652
1.35235
3.76416
4.34022
7.51541
4.48118
0.220537
1.44187
3.2382
0.287342
5.97709
4.03792
1.7179
1.43385
12.8451
1.31699
2.07373
10.6705
1.70613
12.6584
2.54647
1.47455
1.85627
2.11734
0.273659
1.32803
14.2177
0.0913578
2.11171
1.36583
10.8221
0.230544
2.0318
2.32511
3.9682
0.471357
0.196792
2.53911
7.15428
4.40427
2.90209
4.40613
21.4408
9.28375
14.4729
5.94802
0.310192
0.137786
4.30157
2.30854
7.66917
2.24215
0.777629
0.316536
0.326084
0.318976
15.172
1.19898
2.52436
1.05596
4.03947
0.337626
1.3476
0.283647
2.40973
6.84136
0.0341073
0.372761
0.34479
10.4071
0.293192
11.7725
5.3163
1.22449
0.336848
0.647603
4.60701
5.77957
0.397678
2.06201
2.03491
0.391385
0.331938
0.231773
1.39212
11.5691
6.15262
3.05152
0.235928
0.522478
24.0763
1.72305
10.0523
2.61247
2.06238
0.348107
4.15014
4.60553
0.372153
2.07172
2.06034
0.314861
2.24529
2.1508
0.733702
0.965051
0.362042
0.232934
3.6535
21.0525
0.25998
11.6994
8.46623
8.80055
1.67222
0.89909
1.6704
11.3577
0.227747
2.32
0.646546
4.92853
8.07356
11.2686
1.08558
5.89671
9.97571
0.305975
0.0446372
1.4721
0.639093
5.60987
0.319327
1.40347
0.247645
2.35491
2.07393
18.4788
1.41938
1.00638
4.33613
0.258264
1.21144
3.95319
3.50034
1.35069
5.79996
9.42483
0.477829
3.8627
11.6635
0.238742
0.174619
0.221099
0.335308
3.38168
3.62505
0.201897
2.19208
1.59244
0.262134
1.86828
3.82559
0.431472
0.761044
0.37369
5.73783
5.77837
0.277896
0.612133
3.77424
5.77127
0.595635
0.373109
7.99568
9.30957
2.89557
2.62259
1.57711
2.12741
3.98661
27.6534
1.06773
0.455896
0.681851
2.71781
0.942675
12.0036
0.421076
0.325168
1.35891
1.67568
12.3504
7.37443
7.97624
8.02054
2.8785
0.243145
14.0514
2.72507
13.6323
4.64044
1.77678
0.145715
13.2574
9.68354
2.81192
1.89121
0.508034
0.125879
0.486452
0.21558
0.0877136
4.2626
7.94118
0.644705
0.264478
1.95095
1.074
0.968287
2.66831
0.823284
8.24631
1.86918
0.113772
0.321149
2.79783
0.887158
7.74923
0.212645
0.247677
0.32781
0.22787
1.20428
0.844924
4.92408
1.9813
0.325509
3.42441
1.22392
11.9474
0.434712
1.67645
1.88235
1.34169
10.335
0.428506
1.3197
0.266719
2.44598
1.10613
2.94374
0.33615
0.182507
0.193273
0.00259731
13.2637
0.22633
1.33577
7.82784
6.43509
0.610119
1.84414
7.26478
0.213398
1.98002
2.75192
0.539836
9.28459
11.2895
0.134371
11.2547
5.67876
1.38951
2.20243
2.57247
3.34193
6.20052
1.88893
0.2612
0.278297
0.232951
5.13957
0.13739
1.72822
1.40696
2.20524
6.07864
8.59877
9.88696
1.09259
1.57435
0.849764
0.224626
10.4558
1.7248
0.881026
0.948625
0.727181
2.42606
1.96173
11.41
11.0385
5.44072
4.63716
4.49669
2.24512
7.75127
2.40356
0.184483
3.08828
6.67021
0.220649
0.281039
3.97599
9.77823
1.94302
12.7093
1.5707
0.222881
0.615893
0.205065
0.221232
3.20159
2.18852
0.333049
7.41502
7.53513
1.93302
24.6003
0.568773
1.65548
2.65498
0.37434
1.36487
5.10978
0.367848
6.04101
14.1563
1.32314
1.46998
0.872432
1.07937
0.335152
2.33968
4.47036
15.3354
1.47899
4.07809
0.273094
0.345246
1.19541
5.14585
0.328722
3.00164
12.5875
0.262553
12.9957
2.35178
0.211689
0.586069
4.83784
0.311085
4.28109
8.32598
0.330291
0.198875
0.546985
0.98611
0.353902
2.15634
2.37382
10.7738
0.680564
26.5726
0.756991
0.131106
6.33602
0.570365
22.3364
1.66485
1.0491
8.52602
1.00561
1.39852
0.126379
1.5367
5.48401
5.53933
0.36227
2.74578
0.342824
1.37093
8.98381
0.270912
8.82976
1.26244
1.48942
1.32614
4.28519
0.782342
1.42663
2.06257
1.4732
10.7322
0.116908
0.328205
1.4169
3.04949
1.54709
1.333
0.32735
3.68803
2.14049
8.70259
1.85229
5.33702
2.43797
0.302855
2.57711
12.8988
0.375884
0.48609
0.276799
2.75396
0.873836
5.30865
17.5191
27.9924
3.19178
9.91711
8.72402
5.1551
2.08659
0.213246
3.83646
0.55509
0.330939
5.50622
0.0989989
6.095
2.66995
0.741495
0.114638
7.27756
8.28539
0.24519
1.53655
2.44354
9.72923
1.18141
8.3119
2.23553
0.36099
13.0177
5.46389
1.34808
0.20769
1.88737
0.231797
0.538874
1.31511
1.31642
4.20293
0.325134
0.183928
1.23573
25.552
1.63445
3.59713
0.246295
0.318825
3.91125
25.5441
12.7971
7.89584
0.192951
0.18831
1.46274
2.0339
10.8602
5.20099
9.93091
1.22125
0.268042
12.7465
4.06805
0.347601
3.36201
5.42133
1.29615
2.59926
1.89885
2.45272
0.269815
0.223759
2.63928
0.312847
5.24781
1.26559
1.23398
0.798891
1.73453
3.90826
2.43452
20.8552
1.54431
5.56493
3.51446
24.195
2.44154
7.38162
11.1114
3.32682
2.59942
10.9996
2.75331
0.239449
0.374963
8.21347
2.37488
0.224548
6.04806
1.76449
0.26456
0.200663
0.234583
3.79947
9.09335
2.37923
11.0598
4.44378
1.32091
0.347343
0.373538
0.328599
1.83903
19.1656
0.142086
2.59838
4.54758
11.7299
0.586961
2.33846
1.67938
2.58075
2.01388
0.209701
1.97154
0.276576
0.392771
0.281318
0.337442
10.0729
9.06161
5.63421
4.80918
3.43838
1.6575
2.52684
1.16699
11.6239
12.9448
9.11575
4.91897
0.980712
0.188936
1.59733
1.05274
1.7091
5.66345
7.4099
11.1888
4.29579
25.3539
2.80123
2.29801
8.59594
0.756517
1.30554
0.259791
5.16545
4.85828
11.3142
3.94833
0.235486
4.79472
2.11035
2.09557
4.2833
19.5639
2.6654
3.6188
1.69791
1.51877
13.441
0.895123
0.331012
0.230941
6.2453
0.0121787
1.0483
1.74599
2.02905
0.342062
0.354404
1.9841
5.02447
0.10723
2.73419
0.35699
0.245912
0.319559
1.75655
2.11083
3.78268
2.55341
0.0496153
0.41837
2.03594
11.8414
2.75056
5.30267
1.422
0.233247
0.186491
2.80695
0.790954
1.50548
0.26786
7.97639
1.0765
20.659
11.7386
4.57724
0.316735
1.48476
11.5649
0.430521
2.62735
0.20302
0.33075
10.9696
0.393027
9.28902
2.50946
0.358706
9.77655
18.2005
3.12052
0.360336
12.9043
20.2475
27.1357
0.393188
12.6461
0.734816
2.85421
5.07322
8.85015
7.005
5.92502
1.50417
13.0928
0.310993
2.4187
1.82871
0.314958
13.0169
0.326223
2.52294
0.219731
7.66277
1.35048
10.8337
1.18588
4.24061
7.75271
12.8903
5.09447
1.65206
11.4213
0.437605
0.285158
3.35453
0.379841
1.51948
1.30817
5.62081
7.73705
0.728059
6.18911
0.328303
1.20909
9.73615
1.05472
0.0949894
2.29671
14.3395
0.282015
9.77132
1.96901
3.11835
6.2942
3.35373
0.281308
13.0432
7.85244
2.71109
1.72379
0.316221
1.67837
26.8708
0.330162
3.26969
5.81613
2.44993
10.4617
0.815434
5.61822
2.14719
16.8278
1.93291
0.206536
0.326048
12.9972
9.46928
3.06415
0.289269
13.1563
1.78464
5.37872
8.96605
0.378458
0.325648
7.90571
3.86633
1.51896
7.78537
2.07309
3.60698
0.11828
1.54831
0.296825
13.1757
3.22729
2.32359
13.1152
27.7396
2.11864
1.05112
0.327329
1.28565
13.1582
0.305702
0.412547
12.4381
1.37416
0.226325
2.59034
17.5471
0.787232
9.32272
0.212579
9.13437
2.5779
0.330157
0.315674
13.141
17.1684
0.678119
1.59322
9.38231
4.95628
1.22972
0.283137
0.449984
12.024
1.67949
3.43933
1.56021
0.313307
5.46724
8.74862
2.03466
3.34329
0.317477
1.84992
3.55613
24.4457
0.835657
5.20241
0.417816
2.00992
22.7116
7.20822
1.22384
0.45434
11.1863
2.63025
12.407
0.401374
0.235104
1.75077
0.338513
0.187658
0.373954
4.29294
22.7437
3.82133
2.43643
13.0182
0.21198
16.7267
3.18199
0.260174
0.301649
2.01215
1.8876
0.923207
4.60718
0.235081
1.7367
18.2182
2.13587
0.309425
1.69384
1.63433
21.0365
13.7389
5.30859
2.08234
1.81014
1.78534
0.251963
0.363637
8.19221
12.6451
23.1168
2.56687
0.873768
2.68085
1.57855
1.93213
0.291661
1.95702
1.56835
18.3022
24.7884
19.7457
22.0469
0.372046
1.65885
1.89909
0.391168
3.45994
10.6355
0.452567
0.0779658
0.0261602
0.228477
0.996839
2.27185
1.76793
7.62865
1.61171
0.981595
0.315529
1.62098
3.88528
12.876
22.4015
9.92412
0.506735
2.06339
1.10589
1.35801
2.04001
3.67747
28.1362
1.6296
0.353975
12.9102
0.23392
1.7077
21.3733
0.385504
0.369039
0.301352
12.688
12.8238
12.5634
28.2881
1.59883
8.47813
17.6089
1.6219
26.2264
1.67884
4.0218
10.647
0.46974
1.57906
0.403741
12.5082
1.63749
1.67795
1.62859
28.8901
1.64888
1.66884
1.86053
9.8957
27.4427
0.435143
10.7803
0.513282
0.530804
1.77081
0.504987
0.492095
0.462925
0.472034
12.1929
11.8211
11.3158
11.5537
11.0594
1.84832
1.75192
0.339604
)
;

boundaryField
{
    back
    {
        type            empty;
    }
    front
    {
        type            empty;
    }
    outlet
    {
        type            zeroGradient;
    }
    circle
    {
        type            fixedValue;
        value           uniform 0;
    }
    walls
    {
        type            fixedValue;
        value           uniform 0;
    }
    inlet
    {
        type            fixedValue;
        value           uniform 0;
    }
}


// ************************************************************************* //
