/*--------------------------------*- C++ -*----------------------------------*\
  =========                 |
  \\      /  F ield         | OpenFOAM: The Open Source CFD Toolbox
   \\    /   O peration     | Website:  https://openfoam.org
    \\  /    A nd           | Version:  10
     \\/     M anipulation  |
\*---------------------------------------------------------------------------*/
FoamFile
{
    format      ascii;
    class       volScalarField;
    location    "1050";
    object      k;
}
// * * * * * * * * * * * * * * * * * * * * * * * * * * * * * * * * * * * * * //

dimensions      [0 2 -2 0 0 0 0];

internalField   nonuniform List<scalar> 
10435
(
1.15488
1.32467
1.55699
1.59991
1.97016
1.83751
1.4678
1.20068
1.02092
1.76093
1.57808
1.71424
1.64662
0.842006
0.864152
1.44003
0.824605
1.70256
0.945098
1.22315
1.31376
1.47748
1.54238
1.2423
1.7545
0.504855
0.657116
1.59496
0.602474
1.72997
1.75193
1.69001
1.13774
0.608539
1.30636
0.996493
1.42741
0.67967
0.396329
1.05246
1.75322
1.5072
0.665693
1.44361
1.55541
1.16068
1.79317
0.649316
0.944796
1.35768
1.25855
1.88294
0.38541
0.533191
0.422638
0.560475
1.38879
0.697037
0.772257
1.25417
0.415204
1.20287
0.686445
1.92409
1.55702
1.62445
0.725204
0.737452
1.25986
1.29584
0.526962
0.601532
0.520783
1.6218
0.894027
0.660576
1.34824
1.40923
1.07093
0.881054
1.40475
1.04192
0.375025
0.540601
1.40883
0.988405
1.1081
1.49436
0.917031
1.19565
1.59911
1.70092
1.09546
0.965654
1.2911
0.916269
1.76334
0.867294
0.798687
1.87659
0.89004
1.96412
1.03042
1.39149
1.95308
1.52781
1.15027
1.3874
1.40525
0.911906
1.31313
1.9602
0.992365
0.948899
1.83639
1.4237
1.887
1.069
1.49842
1.79191
1.87467
0.576181
1.16208
0.71033
1.75629
0.461233
1.78987
0.611437
1.95284
0.675413
0.660808
1.64343
1.34346
0.855593
0.641078
0.351172
0.825917
1.64683
1.38141
1.35937
1.29177
1.66566
0.684868
1.86006
1.51421
0.78156
0.762491
1.9059
0.799242
1.76445
0.603239
1.54288
1.19055
1.77356
1.84378
0.553933
1.8512
1.26754
1.80055
1.37191
1.684
0.834707
1.72966
1.55066
0.932018
1.94266
1.13694
1.67257
1.50528
1.92571
1.7925
0.462949
0.59918
0.813343
1.64544
1.23719
1.09195
0.760387
1.26127
0.643526
1.4512
1.88369
1.76091
0.439589
1.6687
0.59069
0.598212
1.37576
1.96887
1.88512
1.81604
0.36843
0.648854
0.903108
1.9205
1.31732
0.739361
0.921538
0.709076
1.44508
0.931351
0.662013
1.62447
0.689746
1.61243
1.87959
1.61673
1.66803
0.692944
1.53223
0.542637
1.54412
1.87805
1.58276
0.644554
0.815242
0.976847
0.430838
0.510492
0.816876
0.615507
0.79366
0.718399
0.778459
0.538802
1.33399
0.449573
0.872311
1.82424
0.682074
0.767003
1.2309
0.478233
1.53519
0.701934
0.808366
1.37611
0.541904
1.39596
1.77113
1.35855
0.49435
0.447483
0.557267
1.81236
1.05384
0.85045
1.2577
0.482043
1.11025
0.494276
0.982319
1.67527
1.53972
1.31809
1.96164
0.440172
1.36113
0.51031
0.650417
1.40433
1.82211
0.496687
1.43425
1.02893
0.784527
1.27335
1.65782
0.407765
1.92716
1.44849
1.17406
1.26203
1.71163
0.54592
1.78672
0.673555
1.93307
1.39212
1.12785
1.70208
0.740074
1.48857
0.84448
1.04198
0.392744
1.95973
0.421449
0.546861
0.624863
0.797709
1.50858
0.687765
1.21439
0.402524
0.518931
0.75671
1.08901
1.87248
1.72711
0.733176
1.43066
1.52124
0.522388
1.78768
0.838469
0.789627
1.52938
1.68441
0.549324
1.20645
0.625457
0.997633
1.93676
1.11181
0.522258
0.451688
1.80224
0.755412
1.6832
1.92509
0.650134
1.11225
0.362309
1.07805
1.64984
0.585256
1.55098
0.756131
0.692961
1.14323
0.649818
0.548079
1.51167
1.66438
0.709733
0.526112
0.500745
0.571975
0.57903
0.61356
0.579885
0.406792
0.598903
0.575552
0.600826
0.72283
0.713181
0.356711
1.02454
0.553494
1.67344
0.641097
1.57927
1.03137
0.905271
1.62935
1.62777
0.54764
0.581735
0.512659
0.471716
0.564858
0.3987
0.629365
0.634808
0.71101
1.62199
0.619987
0.991361
0.446392
0.659009
1.64096
0.854405
0.396256
0.659023
0.680371
0.684657
0.577615
0.540375
0.774559
0.432951
1.10574
0.728356
1.21002
0.989833
1.60325
1.62064
0.952185
1.5634
1.20726
0.717456
0.522316
0.586234
0.532142
1.53738
0.56439
1.6505
0.749798
0.65288
0.673134
0.674063
0.47173
1.45207
0.682935
1.15812
1.52708
0.468401
0.572393
0.711098
0.87622
0.719431
0.597285
0.514075
0.563201
0.690565
0.612727
1.5706
0.527097
0.575422
0.610809
0.620797
1.67484
0.40101
0.362334
0.799795
0.575079
0.101347
0.0988398
0.0950489
0.090621
0.0859472
0.0810653
0.0760119
0.0708451
0.0656431
0.101425
0.0985187
0.0945236
0.09004
0.0853523
0.0805509
0.07569
0.070872
0.0662513
0.101195
0.0979676
0.0938058
0.0892715
0.0846046
0.0798984
0.0752269
0.0707011
0.0664813
0.100851
0.0973582
0.0930434
0.0884697
0.0838334
0.0792211
0.074712
0.0704086
0.0664406
0.10055
0.096837
0.0923758
0.087763
0.0831499
0.0786152
0.074232
0.0700844
0.0662589
0.100441
0.0965442
0.0919368
0.0872723
0.0826618
0.0781774
0.0738816
0.0698418
0.0661208
0.100712
0.0966325
0.0918604
0.087117
0.0824789
0.0780118
0.0737682
0.0698061
0.0661832
0.101663
0.0972702
0.0922845
0.087422
0.0827205
0.0782342
0.0740069
0.0700931
0.0665531
0.103581
0.0986132
0.0933555
0.088331
0.0835286
0.0789833
0.074731
0.070821
0.067312
0.106464
0.100767
0.0952319
0.090017
0.0850794
0.0804338
0.0761105
0.0721506
0.0685974
0.109986
0.103799
0.0980916
0.0926943
0.0875984
0.0828135
0.0783727
0.0743124
0.0706646
0.113784
0.107834
0.102165
0.0966327
0.0913699
0.0864134
0.0818133
0.0776098
0.0738407
0.117928
0.113241
0.107798
0.102179
0.0967397
0.0915803
0.0867792
0.0823884
0.0784629
0.124676
0.120827
0.115498
0.109746
0.104087
0.0986782
0.0936245
0.0889934
0.0848548
0.135314
0.131305
0.125738
0.119707
0.113742
0.108016
0.102644
0.0976997
0.0932362
0.150123
0.144931
0.138737
0.132257
0.125885
0.119769
0.11402
0.108716
0.103914
0.168092
0.161358
0.15437
0.147349
0.140505
0.133948
0.127776
0.122079
0.116943
0.187505
0.179901
0.172287
0.164766
0.157455
0.150448
0.143836
0.137708
0.13216
0.20799
0.200147
0.192181
0.184283
0.176571
0.169157
0.162128
0.155572
0.149574
0.229733
0.222049
0.213932
0.205777
0.19776
0.190018
0.182644
0.175723
0.169356
0.253158
0.245782
0.237581
0.229239
0.221013
0.213051
0.205434
0.198229
0.191524
0.278801
0.271595
0.263223
0.254704
0.246365
0.23832
0.230613
0.223272
0.216369
0.307425
0.29973
0.290911
0.282186
0.273846
0.265898
0.258308
0.251054
0.24421
0.339961
0.330248
0.320527
0.311592
0.303422
0.29581
0.288602
0.281692
0.275152
0.377313
0.362651
0.351721
0.342751
0.335038
0.328075
0.321569
0.315338
0.30868
0.175137
0.175157
0.175887
0.177328
0.179492
0.182368
0.185942
0.190181
0.195052
0.200499
0.206467
0.212889
0.21968
0.226756
0.234008
0.241329
0.248604
0.255708
0.262516
0.268905
0.274736
0.27986
0.284067
0.287064
0.288712
0.289209
0.288583
0.286715
0.283445
0.279079
0.273713
0.267367
0.260101
0.252049
0.243343
0.23412
0.224523
0.214694
0.204776
0.194908
0.185217
0.175819
0.166803
0.15824
0.150175
0.142657
0.135737
0.129469
0.123886
0.119013
0.114849
0.111367
0.108524
0.106263
0.104529
0.103263
0.102419
0.101954
0.101834
0.176416
0.176767
0.177785
0.179483
0.181862
0.184914
0.188614
0.192923
0.197783
0.203141
0.208947
0.215136
0.221636
0.228365
0.235232
0.242135
0.24897
0.255625
0.261986
0.267935
0.273355
0.27812
0.28209
0.285099
0.286972
0.287594
0.286914
0.284947
0.281787
0.277559
0.272335
0.266166
0.259117
0.251279
0.242758
0.233679
0.224173
0.214374
0.20442
0.194445
0.184575
0.174927
0.165609
0.156712
0.148319
0.14051
0.133359
0.126926
0.121258
0.116352
0.112177
0.108695
0.105857
0.103598
0.101853
0.100562
0.0996732
0.0991362
0.0989145
0.174941
0.175401
0.176471
0.17816
0.180471
0.183397
0.186924
0.191023
0.19566
0.200787
0.206351
0.212287
0.218525
0.224986
0.231582
0.23822
0.244798
0.25121
0.257346
0.263091
0.268324
0.272916
0.276725
0.279603
0.281416
0.282067
0.281505
0.279724
0.276771
0.272729
0.267677
0.261686
0.25483
0.247194
0.238881
0.23
0.220671
0.211019
0.201171
0.191252
0.181388
0.171696
0.162293
0.153289
0.14479
0.136894
0.129687
0.123231
0.117556
0.11266
0.108513
0.105062
0.102245
0.0999966
0.0982502
0.0969455
0.0960309
0.0954662
0.0952128
0.169734
0.170201
0.171253
0.172898
0.175133
0.17795
0.18133
0.185248
0.18967
0.194554
0.19985
0.205502
0.211445
0.217605
0.223903
0.230249
0.236549
0.242701
0.248597
0.254121
0.259155
0.263571
0.267239
0.270028
0.271818
0.272518
0.272073
0.270471
0.267742
0.263943
0.259144
0.253419
0.246845
0.239509
0.231506
0.222936
0.213911
0.204543
0.194951
0.185255
0.175577
0.166037
0.156759
0.147862
0.139463
0.131666
0.124561
0.118207
0.112636
0.107841
0.103796
0.100438
0.0976979
0.0955058
0.0937982
0.0925198
0.09162
0.0910601
0.0908035
0.162081
0.162546
0.163569
0.165156
0.167305
0.170005
0.17324
0.176984
0.181205
0.185862
0.19091
0.196295
0.201956
0.207824
0.213825
0.219876
0.225885
0.231756
0.237383
0.242658
0.247463
0.251679
0.255185
0.257865
0.259614
0.260351
0.260023
0.258611
0.256129
0.252615
0.248126
0.242728
0.236499
0.229522
0.221886
0.213689
0.205033
0.196025
0.186778
0.17741
0.168041
0.158795
0.149796
0.141168
0.133029
0.125485
0.118619
0.112491
0.107125
0.102516
0.098628
0.0954046
0.0927782
0.0906798
0.0890449
0.0878174
0.0869498
0.0864054
0.0861489
0.152017
0.152421
0.153365
0.154852
0.156881
0.159441
0.162515
0.166078
0.170096
0.174532
0.17934
0.184469
0.18986
0.195448
0.201161
0.20692
0.21264
0.218226
0.22358
0.228599
0.233172
0.237189
0.240537
0.243113
0.244822
0.245591
0.245369
0.244137
0.241897
0.238676
0.23452
0.229489
0.223654
0.217095
0.209897
0.202152
0.193955
0.185407
0.176621
0.167709
0.15879
0.149984
0.141415
0.133204
0.125466
0.118301
0.11179
0.105985
0.100909
0.0965535
0.0928833
0.0898447
0.0873738
0.0854057
0.0838776
0.0827334
0.0819287
0.0814297
0.081203
0.139846
0.140162
0.140995
0.142353
0.144235
0.146631
0.149524
0.152891
0.156699
0.160911
0.165482
0.17036
0.175491
0.18081
0.186249
0.191732
0.197178
0.202497
0.207594
0.212371
0.216726
0.220554
0.223756
0.226238
0.22791
0.22871
0.228591
0.227532
0.225529
0.222601
0.218786
0.214139
0.208729
0.202636
0.195935
0.188716
0.181066
0.17308
0.164871
0.156544
0.14821
0.139983
0.131978
0.124312
0.117092
0.11041
0.104342
0.0989347
0.0942085
0.0901551
0.0867424
0.083921
0.0816322
0.0798151
0.0784116
0.0773703
0.0766488
0.0762142
0.0760351
0.125311
0.125462
0.126117
0.127288
0.128977
0.131176
0.13387
0.137035
0.140639
0.144641
0.148999
0.153658
0.15856
0.163643
0.168843
0.174093
0.179318
0.184423
0.189322
0.193909
0.198087
0.201759
0.204843
0.207262
0.208921
0.209771
0.209767
0.208893
0.207129
0.204488
0.201014
0.196755
0.191796
0.186216
0.180068
0.173447
0.166436
0.159114
0.151606
0.143994
0.136377
0.128859
0.121541
0.114531
0.107931
0.101821
0.0962737
0.0913287
0.087003
0.0832898
0.0801629
0.0775815
0.0754943
0.0738488
0.0725937
0.0716821
0.0710746
0.0707391
0.0706448
0.107917
0.107788
0.108171
0.109092
0.110562
0.112569
0.115085
0.118061
0.121501
0.125401
0.12965
0.134186
0.138934
0.14382
0.148824
0.153876
0.158958
0.16402
0.168872
0.173361
0.177412
0.180955
0.183959
0.186345
0.188041
0.18899
0.189158
0.188518
0.187013
0.184635
0.181477
0.177609
0.173122
0.168104
0.162601
0.15661
0.150254
0.143765
0.137132
0.130364
0.123595
0.116915
0.110401
0.104137
0.098208
0.0927238
0.0877446
0.0833385
0.0794918
0.0761514
0.0733012
0.0709361
0.0690348
0.0675561
0.0664502
0.0656832
0.0652196
0.0650264
0.0650716
0.542934
0.5034
0.468253
0.435352
0.403811
0.373477
0.34446
0.316989
0.291276
0.267473
0.246341
0.228719
0.214793
0.204137
0.195554
0.188372
0.182718
0.178731
0.176417
0.175455
0.175348
0.175664
0.176007
0.175971
0.175051
0.51722
0.491885
0.462291
0.431428
0.400494
0.37013
0.340848
0.313052
0.287098
0.263398
0.242452
0.224623
0.209991
0.198355
0.189301
0.182445
0.177534
0.174365
0.17273
0.172358
0.172902
0.173985
0.175238
0.176277
0.176642
0.513533
0.487174
0.457756
0.426891
0.395643
0.364807
0.335026
0.306822
0.280649
0.256935
0.236025
0.218117
0.203253
0.19133
0.182142
0.175432
0.170917
0.168288
0.16724
0.167448
0.168574
0.170252
0.172102
0.173738
0.174765
0.514424
0.48477
0.453563
0.42154
0.389434
0.357922
0.327623
0.299072
0.272731
0.248982
0.228087
0.210178
0.195279
0.183323
0.17417
0.167607
0.163346
0.161051
0.160368
0.160937
0.162402
0.164387
0.166502
0.168355
0.169526
0.516241
0.483368
0.449798
0.416038
0.382665
0.350246
0.319319
0.290373
0.26382
0.239984
0.219075
0.20119
0.186335
0.174448
0.165397
0.158973
0.154887
0.152789
0.152306
0.153049
0.154641
0.156696
0.158827
0.160664
0.161859
0.517502
0.481755
0.445732
0.410046
0.375243
0.341806
0.310185
0.280796
0.253992
0.230041
0.209113
0.191275
0.176517
0.164757
0.155846
0.149558
0.145591
0.143587
0.143162
0.143913
0.145449
0.147386
0.149346
0.15098
0.151958
0.518355
0.47969
0.441088
0.403377
0.367081
0.332582
0.300225
0.270354
0.243268
0.219184
0.19824
0.180482
0.165869
0.154281
0.145537
0.139382
0.135495
0.133509
0.133036
0.133664
0.134994
0.136641
0.138239
0.13946
0.140036
0.519073
0.476917
0.435532
0.395774
0.358013
0.322475
0.289379
0.259
0.231611
0.207389
0.186443
0.168802
0.154398
0.143035
0.13449
0.128474
0.124639
0.122614
0.12201
0.122411
0.123404
0.124602
0.125626
0.126156
0.125978
0.519036
0.472887
0.428661
0.386974
0.347898
0.311413
0.277628
0.246705
0.21898
0.194626
0.17368
0.156204
0.142117
0.131046
0.122742
0.116884
0.113075
0.110959
0.110165
0.110276
0.11083
0.111465
0.111695
0.111047
0.109435
1.66181
1.65208
5.43739
1.1027
0.0633309
0.0747922
1.19691
0.031918
4.81914
0.0630666
2.81458
0.0622461
0.540836
0.0984328
1.31091
0.0982761
3.36738
0.901113
0.0602945
0.78851
0.443074
0.0944368
3.11774
0.175604
0.0263181
0.0429187
0.0262687
0.321728
1.75688
3.01377
0.0615225
0.0553523
3.27379
0.648264
2.93886
0.0560054
1.10359
1.318
1.15534
0.0858978
3.74658
0.0100597
0.0708007
0.658477
0.254864
0.137609
3.69752
4.08205
2.19225
2.4026
3.50109
3.27619
0.470253
0.788662
1.14724
4.74922
0.0892693
0.445996
0.0342419
2.87264
0.0740275
5.61592
0.0619942
0.104052
0.0329984
0.606311
0.0693115
0.31358
0.555721
2.33242
4.48842
0.117872
0.0417607
0.851464
0.0276044
0.435625
0.977356
3.9633
0.0239333
0.641589
0.617751
0.0972329
0.0389294
2.75068
0.0651829
0.0765762
0.0400536
3.91035
3.31691
0.131693
0.185205
0.0857926
0.0741534
0.065482
0.0467162
2.83806
0.0434852
3.01639
0.024955
2.83101
0.163722
3.75106
0.1824
0.123646
0.0318666
0.234018
3.25785
0.609809
0.0306359
3.03483
0.0944315
0.0557163
3.29583
0.120551
0.460931
2.15954
3.26935
0.0815944
0.495684
0.0368982
0.00198162
0.0537654
0.172978
0.0265729
3.36448
0.0679684
3.32133
0.70487
0.031392
4.0788
0.0369389
0.858275
2.37731
0.997895
0.386071
0.0397609
0.246802
0.117343
0.0724631
0.780846
0.102257
1.10335
2.96129
0.0033463
1.8941
0.114476
1.33335
0.687957
0.0968655
2.95841
0.440277
0.0755121
1.32593
1.5187
0.0301442
2.70172
0.0309225
0.0800962
1.13416
0.0579352
0.0722911
4.53144
0.0779031
3.15029
0.0774809
3.13704
0.106042
0.0261346
0.131292
0.032396
0.0874246
0.110754
0.323779
2.90745
0.0697717
0.264728
0.737118
2.04726
2.4773
0.103266
0.897433
0.0535865
0.476473
0.939277
0.533028
0.0277603
3.31205
0.0307842
2.64838
0.08657
3.6499
2.90448
1.77383
1.07546
1.40515
2.85869
0.0272426
0.091556
2.02483
1.66937
0.631742
0.155756
0.0910454
0.0892264
0.276727
0.0656002
0.0720274
0.180909
2.32504
0.0758375
0.0313781
0.0678828
0.872825
0.256351
0.541721
3.95728
0.0466806
0.032649
0.157314
0.172104
0.150182
0.0119097
0.0315958
5.39815
0.187425
3.36511
0.126765
3.36881
0.0268186
0.0448276
2.57164
0.057473
0.0520044
0.0307841
1.14489
0.0651724
1.20881
0.222937
0.969577
1.5904
0.0606346
0.0733533
0.0743726
0.464788
0.0404375
0.0408559
0.0556811
0.314898
0.096469
0.0621
0.0225087
0.283769
0.0630445
2.1733
0.0396841
0.0264539
3.19802
0.998637
1.15613
0.0604571
0.321421
0.035317
0.0687172
0.0287659
0.884225
0.0268886
0.0657988
1.68255
1.19148
0.0261743
0.509793
1.90613
0.0286848
0.0310902
0.0612803
1.70864
0.0771341
4.74196
0.0973278
3.28524
0.667648
0.467428
0.283975
0.136258
2.47038
0.0810711
0.247732
0.296678
3.52747
3.77075
1.54519
0.0832466
0.00581337
3.65292
0.84547
3.93415
3.76225
0.0773423
0.0595007
2.6128
3.09529
0.073379
0.0951671
0.0937438
3.58377
0.0702061
0.438125
0.0634341
0.77678
0.0954014
0.120335
0.0950762
2.99099
0.028969
0.0274472
1.07707
3.95618
0.0640259
0.0264823
1.10116
1.13197
0.0583419
0.0997186
0.060869
0.0418599
0.0269307
3.22076
0.626613
0.0755442
0.454382
0.0765228
1.38528
0.126221
0.0640597
3.74815
0.081261
0.0482985
0.0418686
0.00662323
0.313631
0.070094
0.0577079
2.60486
0.0916584
0.890312
0.0461305
0.0824592
0.039756
0.0378936
3.53837
0.797091
0.0744539
0.0161199
1.16181
3.69017
0.169741
1.22903
0.650774
0.0730139
3.74278
2.35522
2.88693
0.0534802
3.31393
0.00900023
0.0368665
0.119509
4.04993
0.0648114
2.52904
0.112087
1.49928
1.75755
3.44922
0.540423
0.0278728
0.0349757
0.082482
0.0550205
0.0639479
3.73294
0.102687
3.33722
0.705709
0.674633
1.03547
0.0794321
0.78957
2.6941
3.66066
0.795012
0.0654911
0.217434
3.13507
0.878273
0.0616181
0.0695412
3.20824
0.0792288
1.78294
0.032446
0.0718897
0.0642369
2.00287
0.0536059
0.00024381
1.24201
0.231773
0.80446
0.0602611
2.7549
0.0659868
2.57258
0.0699821
0.0515985
0.0931595
2.27182
3.54166
0.0667963
0.0849291
0.0804406
0.0569989
0.141291
0.205921
0.124557
3.56259
0.00359452
0.112528
0.0625245
0.0563536
0.0847803
0.0268275
0.134552
0.0238209
1.46665
0.113803
0.0944605
0.00479761
0.0403346
0.098318
0.0578576
1.58798
3.68728
0.722815
0.567108
4.40188
0.251895
3.24419
0.0313195
0.0238184
3.4905
0.0678859
0.0761624
2.54313
0.0935363
2.24156
3.57708
0.0772366
0.192058
0.775049
0.0852918
0.511674
2.64826
0.82798
3.35608
0.0337085
0.0354472
5.617
0.0566369
2.74032
0.293414
0.0339555
2.88141
0.0983813
0.0266956
0.58773
0.120025
0.0300177
0.71936
0.641822
0.547242
1.16191
0.00291465
0.0589133
2.69118
0.0554169
0.0957668
0.133187
2.31071
0.105616
1.36146
0.0859059
0.0328844
3.09906
0.0620436
0.0442473
1.33099
0.0794708
0.0746285
2.48999
0.0724536
1.49112
0.0679757
0.397593
0.708293
0.703659
0.0865207
0.0856324
1.24829
0.0538024
0.0844082
0.671492
0.0692796
0.112694
0.0262617
4.03081
3.57127
2.32684
0.0285405
0.551777
0.0738352
3.75953
0.790807
2.58595
0.639743
0.141977
3.46833
3.80119
0.065228
0.125377
0.273753
0.110746
2.09725
3.98359
0.0399002
0.806121
0.0721085
2.56145
2.12624
0.090509
1.0696
3.12402
0.0905297
3.44175
0.0204596
4.9494
0.0620551
0.129214
0.0794476
4.60787
1.13732
1.16851
0.0310583
2.22766
2.31567
4.03353
0.0300007
0.0877557
0.516929
2.50286
0.0635821
1.00693
0.0733845
0.552884
3.01355
0.0616725
0.542809
0.0319552
0.0561844
0.358897
3.1163
0.151438
1.20327
0.0388954
0.0607806
3.27844
3.75615
2.56114
0.143962
0.374448
0.818315
0.473069
0.151682
0.0752954
0.0323228
3.18097
0.0874497
0.0744078
1.22807
0.143602
0.101209
0.0820558
0.0999502
1.4191
0.0950923
0.035153
0.600192
2.35967
0.0567423
0.0536442
2.6342
0.323061
0.0106279
0.110339
0.691593
0.0423103
0.0829378
0.0613132
0.265522
0.0659121
0.073946
1.15858
0.0398154
0.126711
0.204413
0.47109
0.0436335
0.0814763
4.89652
0.115719
0.0313156
0.057554
0.0848773
0.117217
0.0431183
2.77343
4.07707
0.293025
3.07382
0.031684
0.0262547
0.0315252
0.0205492
0.115019
0.0350297
0.501596
0.134763
0.0333325
0.0681852
1.25899
0.521779
0.127309
0.600869
0.087392
0.0702041
0.0371969
0.211422
0.791987
2.74012
1.42624
1.17855
0.0210452
0.0632141
0.0141071
0.147559
0.0606769
3.77949
0.0614125
0.46182
0.0575879
2.67166
0.471418
2.75328
0.00209907
0.0322861
0.0307583
3.77515
3.39141
0.507582
0.468594
0.0402989
0.0629714
0.0610905
2.98603
0.00657603
0.0499117
1.06055
0.052949
0.116041
0.0637121
0.0275488
0.473416
0.111189
0.0404761
0.0643997
0.15232
0.0814664
1.9356
3.55749
0.0557471
1.26714
0.0680766
2.79022
0.0333845
0.0893452
0.0627901
0.0382227
1.25224
0.0760434
0.0863594
0.0344885
0.294776
0.0420439
0.136454
0.116963
3.28071
1.26422
0.421196
3.9601
1.37909
2.3316
2.92782
0.0608676
0.0310882
0.0321941
0.000504258
0.0823157
0.663072
0.106961
0.0516614
0.525643
0.0684584
0.0615872
0.402936
0.0662037
0.0639685
0.0348443
0.424092
0.678283
3.81617
0.0633277
2.61216
1.09029
1.99508
0.476434
3.84739
3.50815
2.06721
0.0303567
0.0931746
0.00388565
0.267352
0.071038
0.790673
1.79865
0.0833091
1.10585
0.736734
0.0406584
0.0341283
0.0654655
3.96527
4.46042
0.0456995
1.22666
1.46175
0.502391
2.8839
4.22527e-05
0.0601403
0.410897
0.00534437
1.73611
0.829779
2.98426
1.46114
0.0268237
1.4698
0.031298
0.00155312
0.491471
0.0941265
0.133672
0.0565399
0.0688768
0.534488
0.0935644
0.0294698
0.0739124
0.0807196
0.391684
0.08322
3.06957
1.34515
0.0901782
0.71917
0.109818
0.814605
0.0794712
0.0758716
0.111182
0.584905
0.500373
0.0063506
0.112254
3.5765
4.23234
0.972265
0.074536
0.714898
0.756228
1.33672
4.66015
1.03467
0.15131
0.0968352
3.1468
0.0224302
0.0315051
0.214427
2.85412
5.20169
0.0519142
0.0574446
2.45168
0.0301143
4.82634
3.02206
0.107665
0.05145
5.13084
1.80305
1.89018
0.0743828
0.052896
0.0185256
0.678567
1.11919
0.0691488
0.0299578
0.0485087
0.955137
0.0770623
0.43469
1.85387
0.0629717
0.060659
3.7269
0.0649465
0.541722
0.0551724
0.552931
0.0678522
0.035191
0.755698
0.113205
0.085336
0.0739616
0.307648
0.54462
3.81252
0.0354801
0.0642688
0.0695571
1.2299
0.798562
5.17722
0.031025
0.608197
1.35152
0.000429579
0.0271483
0.0639189
2.59252
0.0718183
0.937317
0.10869
0.00366036
1.07858
0.0890932
2.79995
2.48214
0.652875
3.05779
3.20053
3.93534
0.0655159
2.98066
1.1525
0.105623
1.15314
0.0533217
0.064736
0.808965
0.0747938
0.161621
0.494926
4.67293
0.0280503
0.0227936
2.94764
0.127427
0.0954181
1.25317
1.89496
1.09091
0.0784447
0.248446
3.97346
2.96496
0.860598
0.518545
2.30219
0.134776
0.0284654
0.644067
2.44109
0.0689381
0.333314
0.0885029
3.00133
0.114096
0.877004
1.8532
0.00410463
0.0568676
0.0798766
2.53268
1.18568
2.76361
2.04227
0.149757
0.362592
0.508016
0.18179
1.76752
0.437461
0.0547906
0.0856913
0.0747706
0.0208178
0.75115
2.84111
0.0453805
2.59
0.119615
1.22532
0.069503
0.0514733
0.0304293
3.95035
2.70336
0.303869
0.534058
0.0501215
0.0371964
1.50679
0.0624757
1.1937
1.02115
3.36936
0.0546856
0.291983
1.52483
0.0977292
0.138577
0.0886994
3.39518
0.0806298
0.144247
1.22462
1.27988
0.0354818
0.183803
0.0623708
0.111791
0.039965
0.0417806
0.477755
0.0365672
0.284502
2.51571
0.803913
3.8394
0.0774282
0.258724
0.69767
0.0225778
1.85925
0.0648726
0.086717
3.37794
0.106922
0.40395
0.134027
0.0263438
2.26761
0.0655314
0.289585
0.0259301
1.15748
1.27226
3.27386
0.0313593
1.05831
0.0522622
0.343044
0.0998928
2.76443
0.971607
0.266444
3.13066
0.0691828
3.60557
0.0699313
2.1099
0.0973086
0.0313133
0.0793743
0.917145
1.35379
0.0407309
0.0783416
0.834612
0.0511866
0.0822095
0.032974
0.0236104
0.0938824
4.04506
0.126267
0.0777723
1.43451
0.306092
3.92278
0.0190702
0.0924601
0.0494279
0.135655
0.145294
0.0648013
3.75801
0.148103
0.642878
0.0527418
0.191726
0.742323
2.62698
0.0736189
0.0741982
0.0983599
0.14019
0.0588262
0.344155
3.62748
0.776988
0.518661
0.0470272
1.53715
3.38681
0.249375
0.804546
0.101449
1.94466
2.83675
3.75255
0.0680827
0.0713656
0.201494
2.76063
0.153005
4.63603
0.129871
0.423341
2.61227
0.0244188
0.0928755
0.093956
0.0659509
0.0619912
0.0806058
1.82709
0.0617369
2.96917
0.0681512
0.0530128
0.035959
0.0629554
0.489273
0.061259
0.837775
0.772055
0.0580213
0.1212
2.0516
2.68652
0.0536509
0.0644424
0.115552
0.363226
0.563443
0.227892
3.16623
0.0406556
0.0674642
0.507884
0.0639726
0.26904
1.50966
0.0552142
0.0376926
0.00687613
0.10681
0.901899
3.98936
1.0324
0.0688946
0.21602
0.0617975
3.60756
3.70908
0.0738586
0.0666119
1.12257
0.0692118
0.0403385
1.99326
1.82094
0.111124
0.0684343
0.0377031
0.450671
1.83785
0.0457469
0.0287175
1.80431
2.59936
0.00104621
0.051834
0.0360441
0.120776
0.391683
0.493166
0.0689292
1.30365
0.0727976
0.101837
0.0530296
0.482447
0.0479789
3.5211
2.57002
3.38504
1.76847
0.972679
1.47794
0.0551482
3.38242
0.522142
0.0352926
0.22518
0.0512298
0.187489
0.0675403
0.0598965
0.0365018
3.32573
0.0269669
0.286963
1.50201
0.0880151
0.259902
0.354892
3.73649
0.0170128
3.68716
3.01927
0.0883143
0.0423817
0.226344
0.285386
0.194454
1.04161
4.46339
0.104855
0.0342464
0.0701459
1.0128
3.64552
0.109986
0.115874
0.0273969
0.0513473
0.0861416
0.358648
0.0662929
0.105975
0.204148
2.3131
0.0771059
0.24379
4.18047
0.0882647
0.274725
0.211594
2.45104
0.294352
0.307854
0.497055
0.0758771
3.33726
2.52159
0.0573881
0.719674
1.3193
0.070777
0.100547
0.108535
1.18006
0.052588
0.561639
0.0760903
1.50358
2.25691
0.727453
2.20062
0.138513
0.0832553
0.85747
1.00844
0.105306
0.124173
0.0694792
2.81495
0.109092
0.258687
0.0437284
0.140224
0.630698
0.055744
0.0394617
0.0515509
2.8436
0.812723
0.0613315
0.138947
0.0601022
0.063405
0.0794297
2.22737
0.129007
0.822312
2.82382
0.652657
0.00201209
1.06403
1.74549
0.795447
2.0059
0.176304
0.822353
3.28284
2.73215
0.0141881
2.46087
0.0718525
4.64861
0.319059
0.0644757
0.562203
1.25576
3.78141
0.766577
0.255559
0.0720522
1.17912
2.62139
0.242371
3.31502
0.13886
0.794521
0.0710085
2.6531
0.29337
0.0319113
0.0813186
0.778851
0.0409576
0.121049
0.750699
0.0591868
2.11873
0.0264047
0.0822118
1.27467
1.13475
0.119176
0.491463
1.40095
0.146072
0.562342
0.283336
0.0803763
0.332107
0.030119
2.06827
0.639135
0.0286623
3.88628
0.0741907
0.463736
0.266574
0.0983736
0.0451626
0.437942
0.800538
1.18045
0.0394243
3.61866
0.0463669
0.548915
3.77273
0.404255
0.131251
0.983885
0.107611
0.0596325
0.00359661
1.20983
2.71697
0.0693335
3.22358
0.244523
0.0820812
1.02906
0.090672
0.0666924
0.58556
0.120402
0.0613853
0.193286
0.0532281
0.0885526
0.128266
2.22983
2.65565
0.156696
0.0699577
0.0370022
0.610729
3.65538
0.0612688
0.0379827
0.23475
3.37131
0.0429353
0.924299
0.579042
0.0320795
0.505965
3.43346
0.0570788
0.182042
0.0664396
0.309794
0.051655
0.0573164
0.120006
0.404121
2.69804
0.0246752
3.20022
0.0337582
2.91878
0.083328
1.07403
0.46049
0.838126
2.24602
0.0974389
0.582678
0.143232
0.11551
0.120572
2.55142
2.55663
0.0799227
0.0764988
0.37492
0.12004
0.0675163
0.027206
3.93216
2.75449
0.770627
3.35289
0.133076
0.0335606
0.657136
0.184793
2.13924
0.0236382
0.100897
0.0309606
0.0793158
0.0654802
0.0718151
0.0709081
0.390496
3.69634
2.69914
0.067973
0.259779
0.634646
4.31604
0.070646
3.48617
1.82637
2.84419
0.10607
0.784362
0.0377709
0.133933
0.0984158
0.0974959
0.0607523
2.12136
3.40686
0.113943
0.265397
0.751702
0.278757
2.46708
4.14001
0.0711544
0.0294949
0.0777359
0.22187
0.750876
0.0280065
2.42553
0.685699
0.0842369
0.115281
0.130342
0.465698
0.139531
0.0430079
0.0783268
0.0517857
0.136972
0.566459
0.125306
3.39135
0.106465
0.0790732
0.255658
0.104085
0.0511679
3.79777
2.53325
0.0834878
2.74903
0.0642748
1.074
0.108555
0.143256
0.0557815
0.036024
2.61336
0.0922905
0.120503
2.85461
2.03673
0.0603592
0.0687126
0.0648263
0.12774
1.40439
0.0387729
0.0702326
3.40358
0.0716211
0.0648213
0.110695
2.87943
0.0788979
2.77355
2.05148
0.0352489
3.75808
0.119008
0.0238953
3.80209
0.372841
0.0617668
0.00133659
0.485146
0.111264
0.151551
0.030406
1.28811
3.22805
0.075176
0.031752
2.51688
0.0845645
0.836858
0.785622
0.0857166
0.724639
3.65585
0.060448
0.691214
0.0797113
0.1072
0.134747
0.0643783
3.32448
2.44447
0.0842293
0.0666865
3.118
0.0870885
0.140701
0.116097
0.694821
1.05732
0.0320285
0.0550074
0.0671888
0.0565544
0.0315022
0.000865485
0.0915898
0.134159
3.26503
0.498112
0.0630757
0.863064
0.112244
0.892072
3.7717
0.912192
2.63947
0.0980206
0.00134859
0.512129
0.137763
0.0795313
2.24382
0.0983882
4.35068
2.58183
0.504785
0.102568
4.08118
0.0324675
2.88083
0.0661232
0.065832
3.08669
0.313257
0.894163
0.08289
0.0599133
0.0272279
0.11475
1.39212
0.886134
0.0839875
1.73542
0.390274
2.53856
0.0241046
3.75178
0.0859459
0.0666
0.319096
0.0730003
0.470811
2.6952
0.613871
0.0368453
2.00138
1.30148
0.216909
0.783091
0.601474
0.0166176
0.520332
2.77986
0.0618924
0.0546003
0.0608542
3.20041
0.0675614
0.0236984
1.25525
0.570714
0.240913
3.8148
0.740104
0.223841
0.234257
1.20522
0.109184
0.57644
0.0456131
0.0797102
0.0611545
3.36015
0.0909405
0.918601
2.6752
0.0261768
0.846603
3.59788
0.0823773
2.81967
0.0575202
0.544603
0.133871
0.0271598
0.110759
0.0662837
0.043274
0.105457
0.0813492
0.0774785
0.0876616
2.205
0.591298
0.0821731
0.528486
0.0527855
0.0724735
0.0512394
0.0818901
0.105026
1.52896
0.0221115
1.23123
2.53298
1.49095
0.989228
0.177952
0.117151
3.5209
0.0644976
0.545868
0.0852448
0.0527606
0.166746
3.10572
0.0976513
0.0640102
0.0531212
0.192248
0.130876
1.46421
0.55327
1.06461
2.17852
0.0662466
0.044348
1.31405
0.066329
0.090232
0.0353616
0.140864
0.0363007
0.0599915
0.108948
0.0228642
1.0362
2.70385
0.892164
0.119373
0.0648004
0.847913
2.80662
2.49608
0.0341801
0.0763839
0.658304
0.0545652
0.0299491
0.106941
2.54628
0.704451
0.0516981
0.0572136
0.101333
0.0302896
2.6114
0.0388881
0.0863944
0.0891093
0.0784776
2.59383
0.0736965
1.5255
0.0778547
0.091285
0.027964
0.0399425
2.79222
0.371985
0.0479409
3.47088
0.680978
0.575571
0.033659
0.0628656
1.18131
3.6936
3.80457
0.0581995
0.792647
0.0724572
0.0630587
3.26259
2.47599
0.026508
0.0193379
0.97824
1.41512
0.0635124
0.0294069
2.65445
0.0602828
0.14537
0.155838
0.0853272
1.52857
0.0712177
0.0731059
0.0852442
1.76975
0.0619805
0.0343688
0.0567975
0.0987034
0.186111
0.103873
0.454022
0.72907
0.643084
0.0953062
0.0879431
0.0611039
0.032079
0.0831727
0.06906
0.56482
0.0744657
0.0933023
0.225732
0.984834
0.0423122
0.0272447
0.0825647
3.65747
0.0771669
0.826229
0.0217193
0.0680247
0.00562003
0.0860402
0.0758721
3.55188
0.0945765
0.040528
0.314648
0.0631206
1.31648
0.0765319
0.0582164
2.87803
2.82096
0.0293291
2.66146
0.066223
0.964858
1.32244e-05
2.21194
0.0428245
1.15171
0.063193
2.94002
0.498007
1.03892
3.30478
4.19194
0.0777854
3.34475
0.0378708
0.0285147
0.0692237
2.89305
0.154082
0.0327966
0.645546
2.68571
1.87551
0.143599
3.62411
0.0284327
0.130489
0.057076
0.443461
0.117987
1.63272
0.0725322
0.0903463
0.0675407
0.0228177
0.132608
2.22476
0.0539294
0.0681024
4.02755
0.550605
0.0295997
0.163857
2.7425
0.0930994
0.0766892
3.19837
0.146197
3.89355
1.20127
0.0621065
0.365371
0.762454
0.0376762
0.125862
0.0504676
0.0293915
0.140039
0.124315
2.62343
0.0346908
0.811723
0.232518
0.0678293
2.78228
0.93708
0.106137
0.0652086
0.0260932
0.0378885
0.0300128
0.662501
1.6847
0.0550257
0.0692884
0.0841516
1.04897
0.101845
0.809713
0.100398
0.0570968
0.104346
0.118399
1.10786
0.0965203
0.552541
1.07568
0.000184633
1.29898
0.0905224
0.787504
0.465582
0.0695527
0.0658017
0.120817
0.0431909
0.113995
1.12403
3.58237
2.9642
2.5627
0.684085
0.00311071
0.0293576
1.21612
0.0369997
1.36126
3.91732
0.0722443
2.81687
0.796166
2.67446
0.0893792
0.0369309
0.0693529
0.0627943
2.04857
0.0546201
2.76542
0.234484
0.124071
0.02839
3.42772
1.1076
0.0836904
0.0404495
0.20934
0.112611
0.06781
0.665053
0.768996
0.0437853
0.0383492
3.07917
0.0638015
1.04001
0.101652
0.0750958
0.138462
2.44969
0.00447924
0.0419227
0.0536171
0.0503269
0.224802
0.0391491
2.82422
0.293616
0.0366575
0.0919035
0.0438205
0.705995
0.188138
0.026543
1.51367
2.81578
0.0793995
0.858181
0.0648043
2.48649
0.547739
0.131616
0.18847
0.0672515
0.0335477
0.0375269
0.511058
0.591539
0.0631025
0.22222
1.23597
3.09358
1.14341
0.972937
0.20074
0.0796638
3.02124
0.0939262
0.0614303
0.0330395
0.144283
0.868951
3.91083
0.122638
0.750142
0.0890668
0.610251
4.73238
2.67325
3.01885
2.63643
1.69079
0.154284
0.129025
0.0755409
0.498973
1.46077
0.0405815
0.63299
0.0348996
3.42586
0.0762072
1.18083
3.63722
2.79969
0.0688627
1.11031
0.352428
3.07549
2.9222
0.0257151
0.0274381
0.0487938
0.0689834
0.0413891
1.27869
0.0826589
0.00582255
1.00411
0.038139
0.0916917
0.551964
0.121101
0.0993071
0.860093
3.74515
0.361386
1.14227
0.036491
0.0724577
0.0516901
2.94491
1.08013
2.8005
0.0593941
0.0604984
0.121646
2.6466
0.377258
0.607873
0.0673007
3.94435
0.0366036
0.027189
0.487606
0.00508248
0.0777962
0.0817925
1.65404
0.0657791
0.105804
4.02425
0.111782
0.0542042
2.94474
0.0550304
1.11679
1.1373
0.024725
1.53618
0.0674
2.94744
0.0673621
0.942116
0.0774673
0.0191915
0.06447
0.0713515
0.0716014
0.154646
0.0743093
0.574093
0.0369393
0.0592096
0.0947106
3.52948
0.0748033
0.176667
0.120249
3.63248
0.0548552
3.10881
1.97371
0.0612315
0.881942
1.0648
0.930476
0.890302
1.11036
0.0222292
0.0701594
1.07945
3.20102
3.40317
1.03885
0.161244
0.0451926
0.336288
0.0234257
0.240713
0.0336925
0.134999
0.0533991
0.0731934
0.882417
0.0695337
3.03635
0.0599136
0.0345013
3.94221
0.0256418
0.548962
0.0237552
0.0333918
0.0514929
0.0404019
0.0345842
0.0348995
1.60246
0.539526
0.0404645
1.326
3.52433
1.34405
0.0344499
0.395699
2.78067
3.49673
2.10493
2.40108
2.66492
0.0350462
0.00499719
0.103252
0.40952
0.828028
3.5053
0.0564861
0.0364542
0.1578
0.0688982
1.00875
0.0882641
0.648736
0.0746843
0.0280659
0.02558
2.87609
0.0360886
0.781047
2.70463
0.39532
0.32584
0.11127
0.0700638
0.0471642
0.0360623
1.22453
0.0763591
0.0864247
0.225682
0.131585
0.177121
2.86812
0.790192
1.47216
2.93062
2.80286
2.07873
0.246976
0.0724074
3.09237
0.233123
0.0905554
0.614442
0.0789178
0.139012
0.0679803
4.78769
3.48648
0.0442549
0.0601258
0.0659449
3.95919
0.0455056
3.26652
3.1063
0.767215
2.30497
2.9331
1.07708
3.6237
1.07086
1.14741
0.771497
0.766766
2.84894
0.833259
0.0723525
3.63881
0.0606751
3.54782
0.0445858
2.78685
0.10085
0.0528466
2.03677
1.10535
1.79259
0.029343
1.53029
0.0819572
0.0836842
0.0279941
0.0325592
0.0617822
0.0637933
0.029902
0.128755
0.466578
0.0906704
0.0569889
0.060907
0.0498181
1.90885
0.051443
2.16515
3.52712
0.0983316
0.780361
0.0786077
1.00384
1.31975
1.82916
2.80801
2.619
3.65009
0.949247
0.0609036
0.0718851
0.0325563
0.0545975
0.0611038
0.0488894
0.130031
0.710868
0.849199
1.1707
0.767345
0.0657056
0.0844297
0.100219
0.132789
0.107225
0.332296
0.0752573
0.258527
0.0675567
0.197231
0.0317038
3.69801
1.21586
3.39234
0.152061
0.278857
0.0304331
2.83275
0.0272431
3.1358
0.107946
0.0601071
3.17653
3.05529
1.28991
0.0644242
3.7226
0.0601788
0.0449865
3.482
0.113105
3.18516
0.0811496
0.0764602
0.0338244
3.69032
1.76854
1.17006
1.80874
0.859677
3.73459
0.0433311
0.0693634
0.112317
2.9062
0.0307012
0.0532349
0.0295606
0.712854
4.07304
3.45327
0.0348732
0.0462182
0.0754815
0.0287952
0.798976
3.72891
0.689713
0.0635816
0.0577065
4.14303
0.228239
0.0392412
1.07714
0.74607
0.0286135
0.0919234
0.0697137
0.158479
0.0578417
0.0302379
0.672329
0.0278308
0.0829602
0.0606975
2.1597
3.89114
0.158767
0.735533
3.94987
0.0755674
0.048835
0.470115
0.120575
0.0118456
0.281282
0.144673
0.374196
3.55898
1.0734
0.202015
0.0757578
0.0773077
0.0699507
0.0248188
0.0913505
0.0393046
0.117927
0.0789164
0.0693007
0.0513233
0.0172683
0.0333277
2.86985
0.0703736
0.0433376
0.46135
0.110681
0.0404013
0.0972897
0.0501309
2.83229
3.5056
0.051842
1.56739
0.0976929
0.0246151
3.71608
0.00212928
0.0147053
0.605443
4.15361
0.878089
0.132541
0.0840899
0.821594
0.00408198
0.0557179
1.14896
1.29265
3.89885
3.32613
1.41149
0.39748
0.0453758
0.350418
0.842465
3.42223
0.0367794
0.167818
3.23513
0.272711
1.45255
0.18599
0.0789824
0.000580189
0.127957
3.55933
0.0742608
2.72228
0.326849
1.48268
3.86404
4.19698
0.00166533
0.833666
3.18536
0.0333557
0.0529661
0.0876687
0.758539
0.0846376
0.0990354
0.0280707
0.790469
0.0412311
0.0260509
2.5327
3.08662
0.0263293
0.0824352
0.0529753
2.77862
0.987695
3.63974
3.03226
0.0660449
3.45372
3.90753
0.743556
0.450724
0.0608638
0.0354886
0.0863227
0.0799228
3.10245
0.0261007
3.54479
0.101642
3.22857
1.03492
0.254552
3.5633
1.11719
3.52836
0.0578523
0.0317488
0.0421073
1.03426
0.0386394
2.75769
1.62131
1.51703
0.0620604
3.22131
0.170953
0.653892
0.100878
0.0268818
0.0875355
0.0359538
3.74065
1.47642
0.0913789
1.28306
0.056394
3.84095
1.08794
1.44772
0.104544
3.91936
1.49018
0.060812
3.7298
4.08478
1.42506
4.089
0.740864
0.0235121
0.100641
1.49658
3.44831
0.0265559
1.26483
0.930754
0.0357717
0.0514961
1.49147
1.47079
0.063779
0.0310602
0.455962
2.24953
0.07758
0.856305
0.716173
0.364375
0.217024
0.0716594
0.144552
3.19188
0.0312913
0.0274932
1.08065
0.567434
0.0683305
0.0770394
1.39144
0.872533
4.1836
1.23534
0.071652
3.89879
1.34675
0.0343727
2.82463
0.0323085
0.086426
0.0529257
0.0605664
0.0817418
0.0277575
1.33359
1.50918
0.1378
0.0861461
0.030436
3.44608
1.49559
0.0410341
0.558483
0.02613
0.983722
0.064456
2.4211
1.15067
0.0302999
3.27466
2.71295
1.20887
0.0338596
3.84711
0.0319445
3.72954
0.864875
1.27083
1.43745
3.0953
1.03894
0.112066
3.68768
3.86868
0.0716089
0.109493
1.36951
2.91228
0.036054
0.0621707
0.0269499
0.0680103
3.91553
3.18054
3.38441
0.0726713
0.0247566
2.23279
3.27849
0.0491169
0.0787774
2.53342
1.70516
3.19975
0.024772
1.24105
0.453118
0.129601
3.42117
0.900427
2.90975
3.82156
0.0638585
0.0311342
0.0666009
3.89755
2.20923
0.939704
3.51688
0.0709629
0.0479174
3.1918
0.0749915
3.41017
2.80636
2.9036
3.99812
3.20181
0.062427
0.0143732
0.204383
0.625485
0.031701
1.018
0.0464828
0.0143009
0.921275
3.14765
3.04819
3.29472
0.0772289
0.0314932
0.0943945
1.06546
1.15286
0.0519873
0.312154
0.058937
0.0682715
0.0312764
0.0278829
1.15977
0.0693664
0.129277
0.967638
0.0573879
3.92429
0.0674591
1.37526
0.695223
0.731708
0.123674
1.25269
2.60587
3.13961
3.65542
3.63442
0.0475051
1.11249
0.0556836
0.106359
1.10231
0.0422466
0.489421
0.0319067
2.73815
4.16936
0.0635434
3.29485
0.311749
3.25914
3.98762
1.24223
0.0573348
3.24637
3.80238
0.0296337
0.47238
3.53158
0.832359
2.10787
0.0266277
0.635838
0.0581121
0.000281154
1.10994
0.0867889
0.0343371
0.0015675
0.000151629
2.79605
3.87236
0.0385064
0.0305712
2.98163
0.0556121
0.0237003
0.187299
3.88929
1.41574
4.008
0.0419577
0.379699
0.697149
0.514099
4.21521
1.27813
1.28355
0.0663204
0.939272
1.16034
0.646589
3.91655
0.189023
1.57695
2.98033
0.0399289
3.19255
1.33095
1.32283
0.0324439
1.27404
1.1943
1.26647
0.150333
0.000483392
0.000723092
3.92311
3.83156
3.42881
3.90132
0.0276307
0.0273749
0.0329135
1.32281
3.8931
3.37919
0.0487925
0.160773
1.38408
0.841537
0.826906
3.44788
3.89804
1.52001
0.0554437
2.71523
0.070291
0.10522
0.0815594
3.6869
3.44885
3.42733
3.3528
3.41526
0.115372
2.43702
1.31489
0.773033
3.57405
0.260143
1.03951
1.19347
4.16376
0.000425697
0.000161824
0.110711
3.55915
2.9988
0.0526488
2.91824
0.0570453
1.10763
2.92246
0.0554723
1.41116
3.65483
2.94504
1.35452
0.794372
3.57485
3.76176
0.00912262
1.54543
3.87087
3.95761
3.53837
1.12684
2.47863
3.78332
3.11882
0.056128
0.0259412
0.0738366
2.95565
0.353343
2.05497
0.669495
1.54793
1.45396
0.0465524
0.890217
0.026536
0.062978
1.23391
4.23001
1.473
0.393044
3.82554
0.901644
2.39702
1.08309
0.969389
0.155751
3.82351
0.0735881
0.0761651
4.15216
4.13169
2.58929
2.4555
1.29792
4.16756
3.56285
3.98926
0.0235211
0.0642385
0.764746
0.862507
0.900064
0.0300894
0.552583
3.13319
0.0495064
3.35015
1.47192
1.49448
1.34514
3.85821
0.0608706
4.09464
3.95813
0.805128
3.52177
3.64842
0.103169
1.48189
0.0582299
0.0401655
2.62496
3.46002
3.10921
3.68141
1.46924
1.48267
4.21191
1.26171
0.0287746
0.875082
1.43446
0.0231208
0.132911
1.07877
0.216977
1.14903
0.0476027
3.75493
0.0266307
0.0512156
3.53432
1.38633
2.91325
0.881163
0.824745
0.110565
0.0607386
1.44063
0.614535
0.0515316
0.0444333
0.716387
0.661559
2.98699
1.20027
1.10855
1.51982
0.0617188
0.0497461
0.0347183
3.96683
0.0383922
3.32683
0.367738
2.84651
2.94348
0.52324
0.0290856
0.0532209
0.689815
0.0295659
1.02282
3.87077
3.4532
0.0405458
0.104167
0.186219
3.86683
0.0284698
0.0923294
0.0356812
0.0827433
0.973974
0.0480045
1.44309
2.53908
1.22868
1.9036
0.0413311
4.08175
0.0791921
0.6287
1.51353
3.43871
0.132437
1.52871
3.59201
0.044139
2.39603
0.00985479
0.0240971
0.166149
3.16215
1.49803
0.321924
0.154232
0.800106
0.0916637
3.33386
1.17665
3.21206
1.11257
1.08011
1.16397
1.14849
0.0310013
0.0548762
0.0952679
0.117947
0.0114736
4.86315
0.0717065
0.029264
0.397547
0.211621
0.0334612
0.0643219
0.0474953
1.14192
1.45342
0.0513002
0.928548
0.0480417
0.0972445
1.59781
3.99704
3.32503
0.21376
0.0607549
0.0436313
3.49005
3.69264
3.491
0.0286846
0.830767
0.106186
4.59138
3.29879
0.0452832
0.0545009
1.55832
1.15911
1.30132
1.14173
0.0257514
0.0274855
0.186922
0.0495408
0.0856425
0.297677
0.810732
0.638804
1.97959
2.78907
0.101986
1.40253
2.08256
3.5078
4.15637
3.86587
2.81899
0.0390694
2.85539
3.93788
1.22145
2.58546
1.40437
0.134567
3.61354
0.514
0.429852
0.0280388
2.70327
2.33622
0.0261038
3.04536
3.38136
0.0193461
1.14778
1.13138
1.84927
1.89695
1.21718
0.204202
4.07954
0.372838
3.72129
0.184118
1.15845
3.55896
0.0486884
1.35907
0.168647
3.15699
0.0278527
0.519994
0.754434
1.53565
0.3937
0.893051
0.875116
0.000800791
1.02915
3.68125
1.27168
1.1634
3.94146
4.51815
3.58095
0.0249878
0.0268778
1.20982
0.0759706
0.919204
4.09116
0.142315
4.16904
0.0623474
0.588352
0.0478116
0.046194
4.28407
3.86595
0.143071
1.05782
0.226353
0.0888771
2.89033
0.106545
0.316601
0.539887
0.44485
0.22914
3.28557
0.0967253
3.47021
1.51717
2.74567
0.00846801
0.0294201
3.64108
1.17038
3.2969
2.43296
0.815468
3.36984
3.99035
3.10767
1.60418
3.51636
2.50724
0.0665577
0.238946
3.25126
1.53353
3.9765
3.81552
2.68566
1.94355
2.01648
1.32029
0.100444
0.00136079
0.262588
0.54806
3.50983
0.0756814
0.548959
0.0153601
1.16209
4.07807
0.916632
0.286251
1.71866
0.0435046
0.0365139
2.56869
0.887917
0.083791
0.0676787
0.0915019
0.77612
3.75725
0.82109
3.45994
1.10026
3.50978
0.804196
1.60219
2.01289
2.62128
1.01948
2.93665
0.0481289
2.61565
3.4079
0.0385568
1.31286
1.196
0.0624421
0.0318971
3.94499
3.29129
4.3143
1.44897
0.0556159
2.97671
2.1881
0.363426
0.0592712
0.000824745
0.000168742
0.0601401
0.0303159
3.3861
3.81678
0.0645942
0.187652
3.28426
0.483288
0.742323
0.0572839
0.299688
3.28797
1.23715
0.85264
3.35091
0.84909
3.82673
4.17061
0.0609342
0.314313
0.0246588
0.114986
0.0530783
0.154039
0.0777503
0.852214
0.475289
0.0289996
4.11101
0.960922
3.06279
3.2851
1.14898
0.820674
0.0226224
2.45687
2.08181
0.0828439
0.214025
0.05005
0.0262561
1.0009
3.675
0.0229062
0.131632
4.16343
0.000154675
3.56284
3.66058
4.02504
0.0585492
0.0720226
0.336401
0.800496
0.0464835
0.577056
2.79774
0.000615731
2.02094
0.0294455
0.0276744
0.201872
1.01723
4.14806
0.201765
0.266997
3.85106
3.32147
3.61786
0.18242
0.0499447
1.77949
3.24224
1.22637
0.0808712
0.0261926
0.226164
0.811458
0.028091
0.288794
3.52248
1.0944
0.0755977
3.70852
0.83258
0.253846
4.75643
0.000331801
0.0477302
0.0278037
0.0809556
5.07722
0.0325242
0.130911
3.89075
0.000808173
3.53838
0.0263906
0.0777815
4.15422
0.000300197
3.79287
0.339762
0.232287
3.15507
3.49536
0.112048
1.48044
0.282947
1.59953
2.87478
0.0275688
0.0848792
0.520404
0.0951393
2.61845
0.0385182
0.0273939
0.060772
0.00072984
0.374316
0.0348674
0.0278711
0.0260211
2.9274
0.0379705
1.29301
2.99225
0.0716568
0.133581
3.85793
0.0275998
3.27929
1.26985
1.89459
0.75256
0.0220394
0.0543116
0.0760817
1.34413
0.0280634
3.48989
0.0702894
0.0212383
0.0117609
3.97195
0.532334
3.93557
4.13403
3.8601
0.0116609
3.86465
0.343401
0.548649
0.0695507
0.058947
2.98
4.50917
0.863676
3.08325
0.134995
1.16653
4.76446
0.690076
1.03515
0.0723445
0.0158595
0.0499432
3.33431
0.123808
4.08714
0.176937
3.2317
0.0640016
0.291705
0.0300951
0.0247987
3.40832
2.34797
0.0839497
4.37501
4.87859
0.0241649
0.847019
0.896478
3.64401
3.76006
0.803829
0.861737
0.0264798
0.0288245
0.323626
0.0645102
0.439761
0.0757699
1.64142
1.17885
0.026186
0.341217
3.10421
3.53818
2.0153
0.0297936
2.8113
0.0261182
3.42555
1.03768
0.0653531
0.0651774
3.27263
1.00239
0.0359901
0.0335771
2.89978
0.0557544
0.966133
4.55141
0.032715
0.0382194
1.59546
0.519539
0.523864
0.00260585
0.072404
2.46694
0.825861
3.77953
0.0400906
0.0239059
0.272492
3.77326
1.31744
0.184826
1.16928
2.76443
0.086561
0.049122
0.772626
0.0408914
0.260782
0.133294
0.49082
0.115544
3.98511
0.530151
0.203287
0.81205
2.50233
0.204428
0.859203
3.6527
3.19638
1.07458
1.31511
1.07716
1.13136
0.815223
0.0693468
0.826984
0.900941
0.123847
4.14575
1.21779
3.50126
0.0641712
1.0126
3.49569
2.68038
2.13449
0.726579
0.0354781
1.55243
0.0230726
0.884671
1.40337
1.41461
0.718877
3.34554
0.902052
2.59593
0.0489352
0.187305
0.0479318
1.06027
0.454996
1.15528
3.07975
4.39074
0.834387
1.10408
1.19474
0.698203
0.0328434
0.00205076
0.837439
0.178465
0.0818728
2.70328
2.5948
0.0625178
0.647502
0.157129
0.233288
0.840898
0.691695
3.43138
2.74132
0.0861215
0.0547936
0.710934
1.28807
3.1083
3.14755
3.76377
2.7244
0.0332052
0.0626583
1.23884
3.27546
3.81021
1.23207
0.0342994
1.24649
0.0757011
0.034148
1.33874
0.14192
1.37841
2.85902
0.0798073
1.04686
0.0460399
0.0841332
0.859255
0.793336
1.13682
3.75002
0.132177
1.02959
0.0295502
0.802021
3.38354
2.58996
3.1789
0.0264132
0.0943539
0.0315719
1.35737
0.288165
0.0348435
3.41855
0.0486659
0.0287842
1.22095
1.20785
0.030484
2.99605
2.04447
0.0338047
0.0963972
4.01832
0.0282842
3.06917
1.06573
0.0276609
0.023699
0.0419672
0.609642
3.96329
3.61965
0.0905049
0.0312106
0.0639626
0.0652083
0.02756
2.36259
3.83893
3.99236
0.793935
3.54492
0.381275
3.95318
1.35053
1.10987
0.359378
4.17537
0.0828691
0.0687659
0.00975644
0.0728691
0.0625955
0.035976
1.26932
2.63863
0.0399192
0.149324
1.57615
2.33123
0.208893
2.52007
0.101107
3.67621
0.0994238
1.15781
0.0315168
0.0624592
0.942761
0.91988
0.0516718
3.6452
3.31519
2.79292
0.391736
0.108
0.867976
1.12825
0.000126261
2.77211
2.51717
0.510696
0.000234658
2.50812
3.00473
0.154953
2.6775
0.0274261
0.929854
0.12414
0.926914
3.11565
0.134142
0.305603
0.062656
0.0599912
4.0188
2.17225
0.255645
2.35382
0.0329137
0.000362509
0.95866
1.32497
0.0317063
0.0719352
4.05376
0.0293662
1.40424
0.918958
0.0666003
0.14291
3.28819
0.77423
2.40954
0.978366
2.22369
0.0358941
0.0218809
4.06995
3.96516
0.0209186
0.00010735
3.69153
0.727523
3.10661
0.867609
2.51452
0.0424409
0.0424966
1.13703
4.07228
3.47093
0.0271056
0.469838
0.960632
2.53894
0.905006
0.037753
0.0964618
2.08668
0.0628805
4.00137
1.21185
2.56801
0.152858
0.0762929
3.65297
1.29479
0.473222
0.0504042
1.03248
1.2956
0.0574256
0.161151
0.875071
1.06671
0.282541
0.0213237
2.44463
0.139213
0.210879
0.86936
0.180738
0.0490731
0.00902864
0.871439
0.752625
3.64663
2.55857
1.25777
0.695644
0.195298
0.789148
0.092321
0.115266
0.567536
0.0283492
0.0488698
0.0381969
0.281412
3.05105
0.202972
3.31391
0.0665817
2.69472
0.0647735
0.0550058
0.734393
0.046991
3.38874
0.00182018
5.97987e-05
2.64576
1.37172
0.0320471
3.54764
0.0677715
1.98929
0.0868202
0.0262046
0.268326
0.0652544
1.25794
1.55009
1.11684
3.15021
0.50104
0.00875968
3.06495
2.96661
0.397462
0.0270905
0.0284661
0.596488
0.0998025
0.0389861
3.79667
0.044279
4.02459
0.00612026
0.0416471
0.0623768
0.146136
3.40711
0.337482
0.0792213
0.820471
0.635037
0.0503291
0.0828508
0.0273409
0.0641153
0.230685
0.705614
0.473317
0.945141
0.493455
0.000294798
5.59366e-05
0.0286688
1.4313
0.0573276
1.58026
0.0798096
0.85474
0.0442896
0.124502
0.0565915
0.143069
2.24604
0.0450989
0.0672262
1.2667
3.65124
0.0714066
0.0150064
3.30609
0.172736
3.34865
0.0518194
0.284618
0.974336
0.015317
0.0477484
0.137075
0.000333493
3.18853
3.5086
0.0702913
0.711805
0.181449
3.54985
0.370855
3.46071
0.606299
0.782634
0.551862
0.0611559
0.0010835
2.94737
0.0234581
1.18891
3.2506
1.5827
0.119536
2.21493
2.99909
0.0986981
0.361308
0.0973012
3.94091
0.123065
0.0415469
4.14585
0.0215986
0.0438952
3.35527
0.0526641
2.96348
0.047282
0.00290036
0.997081
0.999357
0.158163
1.1606
0.0123232
0.402559
0.000133341
0.0165851
9.95029e-07
0.249844
1.54744
0.136323
1.06389
0.0981253
0.0259086
0.14087
0.311315
0.0293467
1.99265
0.000793743
2.59278e-05
0.0262858
0.074094
0.82069
0.0280175
0.627141
0.136992
3.74956
2.78291
0.0374753
0.560949
0.0379606
0.466362
2.26134
3.62144
3.83596
0.0966658
0.927509
0.00220351
1.16185
0.092041
0.0847417
0.0282922
0.0458415
0.0292303
0.0749805
0.670579
0.0234827
3.10636
0.0376803
3.96459
4.21189
0.480569
3.02392
0.03072
0.992219
3.09444
0.374742
0.0411732
0.226442
0.0386154
0.10013
0.0334328
1.1628
0.0371959
1.12385
0.0303241
0.0615074
3.36006
0.0825853
0.0291942
0.0637345
0.0442611
3.23074
0.0695818
1.03566
3.31855
1.10528
0.427517
0.737341
0.022011
2.57277
0.0707184
4.00922
3.75389
0.0378951
0.0614615
3.34376
0.0375585
1.39931
0.758944
0.29948
0.354424
3.20102
0.215878
1.07242
0.0790127
0.563899
0.0188167
2.64751
0.414422
3.40193
1.15149
0.000361692
1.91326e-05
2.79172
0.772438
2.69923
1.47113
0.0769035
4.29108
0.0230442
0.0736771
3.00388
1.43764
0.0263896
0.374315
0.315011
0.845932
0.0731851
0.537579
0.338833
0.0401562
3.74977
3.42556
0.0282348
0.246475
0.88864
0.632265
0.783845
0.0897371
1.35796
4.20542
0.551317
1.4475
0.0449662
0.0564293
4.03783
3.56252
1.01495
0.0633839
0.0604934
0.407007
0.0226686
3.59736
3.44974
0.0736475
0.131129
0.0296799
0.152238
3.07142
0.625703
2.90461
2.84037
0.0868457
0.432481
0.896362
0.00456196
0.472872
3.02057
2.54082
0.762616
3.62358
0.0648683
0.0104402
0.485263
1.07393
0.412403
0.465317
0.21506
0.796749
0.262514
0.1154
0.107142
0.0770333
0.124511
0.510368
3.60457
0.421373
3.93027
0.0306893
0.101066
2.79128
2.65943
0.0704089
0.0396109
0.955748
0.0498512
0.532235
1.10498
0.0599905
0.774035
0.243308
0.920334
0.54713
0.0501923
0.125475
3.94492
3.52031
0.0848985
0.103533
1.31387
3.59641
0.0464896
0.0243406
0.437118
1.26747
0.0600201
2.40885
0.0493094
3.0528
0.0300588
0.0587927
0.211585
0.0370099
0.0232457
0.0745931
0.839193
3.78157
0.20753
0.0308744
1.25678
0.275128
3.63464
0.431613
0.690892
0.0246063
0.460347
0.0850728
0.353964
1.11897
3.52112
0.0237537
0.0330618
0.0630224
0.0383848
0.0375334
0.980948
0.140731
4.62531
0.895658
0.0273917
0.0535545
0.927763
0.479606
0.314623
3.95744
0.341285
1.51388
0.116583
0.139852
0.0721516
0.032812
0.460648
0.0327815
2.81422
0.051277
0.159489
0.0906667
1.61147
0.300649
3.56586
0.574652
3.62361
0.0685167
0.0288526
0.0387693
0.0367492
3.67343
0.157527
3.78399
0.0299077
0.0273204
0.681775
0.59755
0.0376448
1.16052
0.0187589
0.02656
1.9614
0.028234
0.0159788
0.318541
0.41002
0.0526815
1.38998
0.378225
0.46406
0.0623077
0.0336168
0.0440026
1.17915
3.75344
3.35456
0.025233
0.0357738
0.00349976
0.0286185
0.411252
0.287405
3.33155
2.47713
0.939275
0.591719
0.0337099
0.214921
0.0502035
2.63304
0.0279174
0.750201
0.0241504
2.16852
0.884539
0.210957
3.93013
0.590954
0.0385937
0.023518
3.85606
0.912401
0.0207811
0.0247089
3.55995
0.0773825
0.129638
1.53082
4.04651
0.01149
0.811114
0.0474916
0.0711878
0.236461
0.106976
0.125267
0.0986343
0.114079
3.3925
4.03378
0.0250036
0.376741
0.303985
0.0214189
3.94995
0.0267052
0.354435
0.401082
1.89782
0.0525328
0.0646208
2.71629
1.2071
5.367
0.232632
0.0745878
0.0245881
0.183417
0.0457656
0.158229
0.0511361
1.30797
0.222118
0.529075
1.17476
0.754742
3.3358
0.12153
0.291026
0.364293
2.8684
0.0282942
2.98906
0.613357
0.0637652
0.0353784
3.04465
0.882826
0.111665
3.45672
0.25308
0.0316139
0.0492238
0.0465647
0.0126408
0.298549
1.53712
0.0989976
0.0403541
0.0262433
0.0287531
2.82142
0.0797018
0.625414
0.275919
0.0258015
1.34181
0.13599
0.300773
0.0330706
1.39822
0.0369903
3.60187
0.308596
0.0358478
0.0337448
0.317216
0.0326174
0.643387
0.0313616
3.27803
0.00936664
0.228369
0.0396689
0.342718
0.6548
0.366928
0.448874
0.0305403
0.168831
0.0410338
1.24095
1.29439
0.198606
0.175751
1.61108
2.65924
0.0698129
0.0342703
0.258605
3.72636
3.27014
0.642643
0.109311
0.0619134
2.49101
0.0805649
0.0331205
0.0469607
0.0781927
0.0490419
0.0282989
0.0233024
0.103489
0.0250126
0.0817455
1.23034
0.0269973
0.35594
0.830758
1.2296
3.48353
1.4258
4.07476
0.0455604
0.03378
0.374118
0.0991206
2.94349
3.82096
0.0262859
1.3735
0.619114
3.45525
0.0867554
0.26896
4.21865
0.253224
0.400804
0.0411348
4.18282
3.23829
0.303666
0.0382138
0.0344645
1.32267
0.038531
0.111764
1.34056
0.0258762
0.156789
3.52937
0.191166
1.22023
3.58796
0.326277
2.92186
0.386165
0.0265958
1.08108
0.321186
0.208808
0.0669001
0.275393
0.321684
0.0942028
0.779528
3.06204
0.0467096
1.42941
0.0284413
0.11298
0.60644
0.0539297
0.0612582
0.0630609
0.0245262
0.275398
0.19149
0.0200347
0.188613
0.0604875
0.289203
1.35546
0.0307765
0.0504473
1.20111
1.55669
0.13164
3.82264
0.0215242
0.038352
3.68558
0.112388
0.0723237
0.0161667
1.83995
0.0378182
0.101733
0.0748722
0.658675
4.11707
0.0652007
0.0538087
0.134043
0.102092
0.038796
0.0253649
0.294408
0.315124
5.06352
0.0261903
0.0388666
0.22661
0.0119336
0.0472453
0.74376
1.07927
1.45542
0.0248722
0.762715
3.56984
0.785498
3.99067
4.2377
0.787155
0.247894
2.97269
0.679844
0.0756309
3.85437
0.759952
0.0597578
0.239059
0.0348168
1.21898
0.0634707
2.96608
4.12233
0.0757871
0.0271657
0.0875655
1.18799
0.889276
0.269925
0.210464
0.735185
2.97645
0.680126
3.01943
3.37303
0.861498
1.06638
2.5136
0.178756
0.132532
0.0416196
1.65555
4.1708
0.809987
0.886827
2.80467
0.609144
4.98984
0.210244
1.18531
1.12783
0.0562359
1.5346
2.52848
0.166881
2.71004
0.0243603
0.0283629
0.0273226
0.704676
0.0481001
0.02673
0.00949816
0.0256479
2.21184
1.57075
0.0320891
2.07903
1.72603
0.548468
0.905382
0.0417606
0.126054
0.157914
0.630945
0.906411
0.223255
3.19633
0.0286296
3.79285
4.14792
0.0249684
0.0532506
0.0606142
3.97031
2.50623
0.0257192
0.0277303
0.027939
3.40841
0.0270293
0.326891
6.05507
0.0739617
0.0393626
4.37405
0.0274266
0.249454
0.439331
1.44158
1.36848
2.67368
1.23231
2.90464
3.03525
0.268981
0.0644551
0.142409
0.409059
2.80668
0.792892
0.0571192
0.989131
0.017145
2.19123
3.39849
1.6014
0.0984793
0.1264
0.0262554
0.0809752
0.119221
0.0543261
0.0410978
1.64958
2.79076
0.0574197
0.0254541
0.0726391
1.05964
0.0277738
1.32093
0.0608265
0.0343121
0.412932
0.00454361
3.37996
3.36222
4.0234
0.336519
0.480567
6.15745
0.547831
0.0657156
0.446267
3.38194
0.238845
0.170795
0.0379842
0.614183
0.285394
1.17619
3.95407
0.0272016
0.330815
0.0173842
0.0269876
0.030786
0.445912
0.410243
2.71544
3.10691
0.258028
0.777548
0.0876026
0.392111
0.16322
0.412359
3.99454
0.290226
3.11065
4.39736
0.0639209
0.0549493
0.747715
1.2565
3.61093
0.308241
1.16302
0.660736
0.0909297
0.644784
3.68545
0.142543
3.1022
0.785638
0.252852
0.0348074
0.719054
0.00504643
0.0430226
1.28764
2.6217
0.0287921
0.0428381
2.72055
0.0259173
2.88092
0.177543
0.216731
3.86092
0.512262
0.0280969
0.0203483
0.354783
2.65042
0.539528
0.580407
0.0736197
1.12358
0.0255858
3.85877
1.17112
1.15445
0.0473156
0.541792
2.73715
1.60756
0.143188
0.0261978
1.14536
0.573612
0.0272987
0.287164
3.49137
0.0285547
0.0522519
1.1463
0.0870404
0.0296863
0.0262089
4.23789
1.37754
0.0920103
2.68967
0.00340667
0.12862
0.661989
5.96828
0.104392
0.102388
0.15592
0.584386
0.155991
0.151958
0.0528463
0.434413
0.0278017
0.808398
0.0507329
0.0247055
0.0809883
1.3819
3.27002
0.0623551
0.381983
0.180752
0.133946
3.1974
0.357605
3.07024
0.0468786
2.06403
0.329237
0.584588
0.234666
0.0675991
0.0402483
1.24878
2.57548
0.0263405
1.56699
3.76436
2.26895
1.59282
0.63099
0.0167859
0.349303
4.15735
1.53435
2.69007
3.03245
0.167111
0.0208462
0.1685
3.38074
3.40172
0.179874
3.54422
0.0557208
1.16816
4.07271
0.0266971
3.45661
0.501787
0.422848
0.0311213
6.13551
0.0425781
2.85232
5.51775
0.853132
1.4644
1.17818
0.032638
0.0829691
1.1893
0.264022
0.113134
0.791317
0.263851
1.24093
0.0483293
0.70077
0.0329368
0.0956548
0.0501464
0.0286628
0.283207
0.0875824
0.598648
0.0285232
0.104061
0.059844
3.67737
0.227163
1.12785
0.20412
0.0780559
0.0603115
0.00782176
0.456727
0.673182
0.302475
0.604314
3.32288
3.36163
0.277303
1.20501
0.0186763
3.99204
0.400198
0.211599
0.612774
1.02092
0.0868604
2.09903
1.81464
0.240911
1.05249
4.77032
0.508515
2.5943
3.80952
1.52605
0.482476
2.55131
3.59847
0.01595
0.784016
0.423396
2.97956
0.313333
0.951855
0.740999
3.44029
0.346793
5.5283
0.225595
0.163118
0.0230755
0.061389
0.0694631
0.62772
0.0319984
2.59236
1.00062
0.564847
0.143306
0.0816069
0.176181
2.251
0.666851
0.743541
0.0657105
0.0691591
0.27402
0.323221
2.67262
0.0283298
3.60168
0.145398
1.12516
0.919352
1.42409
3.49325
0.0500103
0.0475558
0.0258638
0.144094
4.03519
1.23354
2.93653
0.0629805
1.68975
0.0773129
0.417049
0.759856
3.38948
1.11622
0.0857262
3.09685
0.817611
0.175607
1.38495
0.61395
0.0319901
0.690921
0.127399
0.00325927
3.47219
0.664118
2.95886
1.10696
2.53382
0.0675416
3.46063
0.14595
0.756334
0.502071
0.0524653
3.10078
0.0402051
0.244578
3.52847
1.3976
3.82539
0.029091
1.84455
5.18223
0.369338
0.0149354
0.992857
0.215734
0.0294066
0.884024
0.0264465
0.183005
3.27428
2.49247
0.0693497
0.0251573
0.88153
0.125161
3.89539
4.20077
0.0289657
0.113159
0.0401277
3.68519
3.82941
4.0742
0.0263395
0.102734
0.440994
0.36263
0.0408674
0.0959617
0.0583288
1.57925
3.28674
0.0617385
0.00151174
0.0730519
2.78627
0.0340868
2.78508
1.15709
3.64021
1.05024
2.17394
0.955813
0.0256338
0.375706
0.0337202
0.0899923
3.18737
0.712587
0.0312898
0.0992775
1.64694
2.9263
0.00729814
0.225762
0.0378606
1.43391
0.0571504
0.421306
4.44943
0.941098
1.61975
1.29668
0.38708
0.127292
0.0246808
0.00862452
2.95932
0.131199
0.0411359
0.0863704
0.0476256
2.56953
1.34211
1.65474
2.78416
1.8677
1.13978
0.0271915
0.0900149
2.85703
0.0724647
0.421906
0.103202
0.579781
3.60007
0.128384
0.0581575
0.431118
2.55858
0.0291192
0.800918
1.08705
2.66811
3.76686
0.0277522
0.0702397
3.92781
0.233724
4.05643
3.5251
0.4335
0.435116
0.0940284
2.67932
3.4957
0.81903
0.113313
1.31795
0.0581236
0.0120064
0.469094
0.528378
0.0903934
0.0638525
0.0618652
1.10972
0.100617
3.31882
0.0810156
1.06962
3.27164
1.61708
0.4372
1.49088
0.37806
3.90501
0.502641
0.729243
0.34166
0.171574
0.705033
0.601573
0.592893
0.286084
0.373305
0.836649
1.19901
2.9949
0.200858
0.480808
3.83529
0.434951
0.279014
3.52034
0.0688618
0.0272507
0.0766582
0.455788
4.24378
0.0386856
0.0270341
0.193618
2.76244
0.246842
0.0114178
1.15291
0.949807
2.50106
0.438056
0.467773
2.8374
1.67247
0.200542
0.0269677
1.14254
0.0352461
2.39403
3.28532
0.0600244
0.0473867
0.0345152
1.10068
0.395936
0.000463926
0.511497
0.00613955
1.23237
0.00581687
0.0410341
0.779864
0.081396
0.772982
3.22996
0.0617943
2.79268
0.00182688
0.0619959
0.211304
3.17717
0.488401
0.108984
0.515921
0.127803
0.75641
0.535005
0.0883782
0.0288014
0.0711854
0.147472
0.0162303
0.354168
0.0682449
1.37013
0.983975
1.17534
2.95955
3.37512
0.869209
0.0619367
0.11753
2.48064
0.955408
2.47643
0.628575
0.0514048
0.559095
0.723292
0.622323
0.0450109
0.0258225
1.99353
1.11098
0.108646
1.16716
0.0302363
0.507357
1.14389
0.0565625
0.43111
0.432442
0.047484
0.895512
0.167682
0.0654159
3.08889
3.72942
0.0511787
1.24885
3.50587
1.69659
0.258819
2.10149
0.0914887
0.120664
0.0267997
3.32091
0.689984
0.0086183
1.04668
0.439136
0.701499
1.47949
1.40971
1.29237
0.580522
2.67643
0.0316124
2.53298
0.832424
0.943809
0.0530917
0.456753
0.172337
0.0349971
0.910748
0.147052
0.544708
0.300778
1.85891
0.45685
0.0641895
1.35089
0.526653
0.713675
0.0228584
0.724036
0.400518
0.783076
0.672177
0.135048
0.0284236
0.0469368
0.565708
4.00006
2.68551
0.0465109
0.0609217
0.990983
0.110346
0.0726141
0.292229
0.39731
0.0269451
0.470997
1.69006
0.025221
2.92419
0.771336
0.0345398
0.00844325
0.0469929
0.0116877
0.0224311
2.7057
0.469776
0.102106
0.121227
0.0233647
0.000326718
0.557879
1.09147
3.03255
0.124391
0.664637
0.0229163
0.0385959
1.574
0.520325
0.618881
0.589965
0.493818
0.0693674
2.20501
1.99714
0.0513013
0.0224803
0.0339499
2.68868
3.01101
3.59513
1.01401
0.0574043
3.87004
0.0231971
3.49059
0.40497
0.72276
2.6091
2.68592
0.0257283
0.0384811
0.691112
0.0671583
0.0607195
1.16906
2.33373
0.140254
1.00379
0.064803
0.0199844
0.00341061
0.0445195
0.189361
0.0264816
0.232053
1.23624
0.0668485
0.736559
1.88998
2.28399
0.617005
2.09286
0.11332
0.934162
0.0343058
0.945237
0.0658792
0.21166
3.60752
1.50548
0.0289036
1.17609
0.0196961
0.0210822
0.0388648
3.4876
0.0617734
1.94594
0.637249
0.0556661
0.620323
3.94948
0.0643082
0.0250562
3.85363
0.0938998
3.26427
4.11682
0.870767
1.8388
0.590602
0.0293995
0.102499
4.01216
3.66472
0.0510155
0.448084
0.0554604
0.896102
1.95946
0.328626
0.0401589
0.0305539
5.84206
0.979588
2.61176
0.774875
0.0808482
0.39942
0.045436
2.50167
2.62298
0.525161
1.11948
0.0289479
0.0716138
1.29716
0.24985
0.211829
3.14815
0.0268761
0.503935
3.40537
4.29824
3.09959
3.18073
0.0287805
0.838969
3.62217
0.144571
0.134999
0.475714
1.50448
2.16515
1.72432
0.110068
0.037965
1.1514
0.020323
6.41845
0.027291
2.52622
0.0265094
0.667849
0.0282102
3.13708
0.183545
0.479914
0.0300299
0.80381
0.031412
0.0654779
2.70685
0.0322322
1.47777
0.0215768
1.92963
0.0433548
1.02174
0.509161
0.706051
4.05129
0.471474
1.15015
0.0277354
0.0397778
3.40859
0.0384139
0.0410117
0.0767343
1.84011
2.90035
0.188585
3.70728
0.72619
0.037968
3.85272
0.278656
0.0940198
0.749363
5.72087
0.0334054
0.019738
0.693962
0.0979338
0.0504266
0.660062
0.0660918
0.0285794
0.502724
1.36845
0.0646856
0.0611347
0.864194
0.0240427
0.0290097
0.822114
0.742694
0.145889
0.0631663
2.61822
0.0489912
4.93397
0.0593242
0.0307512
2.82898
0.0270279
0.0385909
1.00946
0.669926
4.29722
1.43833
2.05248
0.0667494
0.0845991
0.860422
0.0363128
0.292512
0.0446846
3.05638
1.98477
1.74171
1.57393
2.51098
0.0434988
0.820298
0.133112
1.45331
0.0465716
0.234885
0.128252
0.156456
4.12775
1.03637
0.142261
0.698478
1.84924
0.186399
5.54007
0.0271642
0.133461
0.0887071
0.610873
0.0237951
3.3642
1.97163
3.00834
1.2352
3.91898
1.59877
0.0296479
0.111095
0.048252
0.0279353
1.52927
0.0650221
0.0630198
1.09585
1.59311
1.41522
0.496381
2.56981
1.2532
2.72311
0.383218
0.426843
0.057184
2.80694
3.51453
5.95097
0.0479618
0.551856
3.68438
0.000273346
0.847166
0.0250368
0.0792889
0.003392
0.720281
2.28779
0.0242034
3.05229
1.20182
2.37009
0.02661
0.0307704
0.0635031
4.04345
3.21965
0.0777395
1.06925
0.0779046
0.28642
0.0414889
0.552825
1.58769
0.0255745
0.0257772
1.4263
0.532381
4.0798
1.18539
0.0271957
0.0364632
5.35379
0.0302565
2.45924
0.47884
0.467417
0.089291
0.584203
0.833557
2.7448
3.40033
3.05508
3.1956
0.0278573
0.0758379
0.904269
0.021657
0.193375
1.33788
0.0506318
3.7265
0.0501936
0.91748
0.0437901
0.0399455
1.1339
0.105247
0.00599473
0.761486
0.028723
1.7452
3.70022
0.596022
0.0358149
1.10702
3.41504
0.131485
0.0242882
0.801938
0.0175159
1.3348
0.167726
4.00346
0.514175
0.129097
0.0497956
0.0289803
0.0607556
0.8226
0.0376906
0.0953326
2.57175
4.95924
5.99655
0.251749
0.0565876
0.0802511
3.61736
0.552196
0.102232
0.0535438
0.000611769
0.0473626
0.160616
0.0387991
1.76785
0.0499612
0.953535
0.0565463
0.0120255
0.115145
1.25248
0.0217862
0.46744
0.053048
4.22454
0.117612
0.0388565
0.289965
0.0504423
0.101333
0.666745
2.80153
0.104501
0.96906
0.846472
0.930373
0.0781804
0.096878
0.0562656
0.256116
0.498547
0.0685324
0.0132697
4.65614
0.0281196
0.097083
0.0260191
3.62648
1.00681
0.0516514
0.115538
3.86661
2.21845
3.70177
0.803363
0.431907
0.721061
0.0995826
0.707115
0.0326074
1.33305
1.02176
0.0258754
1.10243
0.0831675
0.0849084
3.03437
1.05267
0.0661717
1.96031
3.45103
1.1484
2.34816
0.527979
1.32344
0.068092
0.0407899
1.19893
3.88825
0.0269754
0.150238
0.0463824
1.16176
0.00856936
0.0391353
2.16536
4.25508
0.0565042
0.0228753
0.0611731
0.0629262
0.0896916
1.10918
1.53084
0.00995041
0.201478
1.92879
0.0220038
1.00827
0.0336154
0.990012
0.0587125
0.00213357
0.338259
0.595015
0.121955
0.87954
0.110972
0.00366954
1.6529
0.0921442
0.853309
0.16342
0.029667
3.63454
0.315551
1.60761
0.991688
0.0244462
0.0936613
3.91344
0.215906
3.13094
0.725708
0.0787439
0.114033
0.0997634
4.18387
0.0517208
3.94162
0.0817427
0.401841
0.0183572
0.0231223
0.247909
2.315
3.01421
0.149814
2.74255
0.0816886
1.16597
0.0278863
0.00111793
0.0501753
1.27746
0.159241
0.225173
0.0323592
0.0550162
0.0210574
0.0165109
0.102855
4.19172
3.23039
3.69656
0.0615792
0.0388766
1.18461
4.12675
0.0896044
1.12498
2.30056
0.21833
3.41809
0.653612
0.720117
0.877
1.56077
0.0464102
2.48806
1.28006
0.0159281
3.43254
0.0574066
0.0277719
2.60772
0.0277733
0.0468275
3.49756
0.95805
0.0277575
0.0668301
2.75585
0.0274351
0.207933
1.62474
0.0451984
1.44753
3.3629
0.0264914
0.123569
1.22723
3.41772
0.0161042
0.0508765
1.46141
3.30415
1.37639
1.2959
0.786404
0.00951321
0.0304868
1.38282
0.115657
0.0589143
0.0327144
0.127778
0.0670512
0.0610932
0.782055
0.0267177
0.913567
0.989017
1.00973
0.0271285
0.0201623
0.714724
1.59109
0.0420901
3.8452
3.24137
1.44008
2.65253
1.50757
2.40682
0.0270951
0.060868
0.36623
0.0550952
0.100221
0.791233
0.0279067
3.5494
3.00494
0.0398868
0.130918
1.14644
1.39653
0.0189229
1.47516
0.0199171
0.0277948
0.0334013
0.207213
0.0309389
0.0771266
1.51925
0.0497538
0.0901829
0.0982177
2.92748
0.0309797
0.0513184
0.528921
0.0428204
0.453256
0.0636487
0.00569898
0.768465
0.02806
1.37469
0.0631634
1.14737
0.0102256
2.85291
1.60349
0.0821319
0.0629491
0.0034901
0.820501
2.1537e-05
3.48339
0.0212923
0.327249
0.0231729
0.402846
2.75099
0.682198
3.66395
0.00380245
0.0875347
0.0215137
0.106334
0.0407391
2.94992
3.84164
2.84207
1.6172
0.75701
0.293509
3.52635
0.0282175
0.144736
3.43217
0.752301
1.55347
2.17855
0.014384
0.534299
0.0637434
0.0659239
0.0863846
0.0745018
0.932302
1.00856
0.0294158
1.83525
1.21971
0.220346
0.119247
0.962857
4.01938
0.478214
0.111812
0.0242615
0.836344
3.87167
3.28124
1.27736
1.5917
0.0269528
0.00901469
1.57994
1.00889
0.0458446
2.52745
4.1078
0.107718
0.0610057
0.0512242
0.889551
0.126419
3.71465
0.31405
1.41481
1.20765
1.19198
0.034506
1.65212
0.062482
0.0599991
1.30626
0.0949951
0.0277816
0.019586
3.92307
0.18317
0.0700924
0.0485601
1.72604
0.0965033
0.694365
3.99674
2.62367
0.771157
0.0265048
3.38008
3.36518
0.0322173
0.0355766
0.0474543
0.104751
3.14724
1.23065
1.19391
0.138597
0.0114259
0.0793957
0.0680562
3.23903
0.0129327
0.220763
1.41897
0.0192216
0.0642811
0.06585
0.0911192
0.0252446
0.0771484
0.120976
0.0476724
3.41795
3.09479
0.114639
0.0720435
0.0131451
0.0294058
0.42837
3.06393
0.0370119
0.0690889
0.0834155
0.107243
3.56603
0.0463099
0.0828436
1.05869
0.0475842
0.484674
0.0651868
0.140761
1.18777
3.01642
1.02907
0.0489104
0.000223922
0.0478091
2.06041
0.0681973
0.966692
3.87924
2.54678
0.0292473
0.0443533
0.932455
0.0243613
0.554694
0.0636182
0.0168573
0.0488241
1.14236
0.0771091
1.80529
0.0233178
0.996145
1.0942
0.151926
0.791381
0.210471
0.0160464
2.60097
0.0270078
0.0879107
0.046157
0.859878
3.354
0.0403861
1.0187
2.40012
3.42318
0.0870874
1.9824
1.39828
0.853649
3.18816
3.73807
0.0606877
0.0637059
1.21876
0.890778
1.1799
0.349881
0.0327111
0.735445
0.0297046
0.0307366
0.588994
3.38354
3.79692
0.0742907
0.12386
1.06745
0.0810785
0.064385
0.456537
1.10499
0.115411
0.0416079
0.985587
3.24423
0.0291581
0.0278548
0.978419
0.0285659
0.0662018
0.0268809
0.0442663
0.0260772
1.00697
1.90815
1.09951
3.88816
0.320098
0.041315
1.12531
3.84559
0.0610085
1.14842
0.0204294
1.26706
0.112793
2.73444
0.0457629
0.0596006
0.00932147
3.10412
1.12851
0.44387
3.22736
0.140959
0.0713972
0.0956038
0.797776
3.97677
0.780639
1.99284
0.421638
0.00849146
0.952373
0.0216044
0.517315
0.0143037
3.11746
0.13776
0.0479368
0.0500325
0.0655017
3.85708
0.116559
0.370776
4.22379
1.02167
0.0525051
0.149174
0.164039
4.07555
0.020762
3.68885
0.104116
0.0443624
0.0283703
1.25343
0.0474408
0.014214
2.9688
0.00208766
0.163033
0.029156
0.0640932
0.569819
0.0682286
0.0860382
0.0720894
0.378675
2.49532
0.0730284
0.503017
0.0474853
0.980949
1.10847
0.00427683
0.0409989
4.11571
4.2346
0.0648808
0.092129
0.197103
3.33907
1.40802
0.048814
0.732909
0.0187301
2.50727
1.29827
0.0693705
2.45852
0.0358026
0.130497
0.154112
1.16303
3.03583
0.0278115
0.0890818
0.0706778
0.0657262
0.183958
1.55126
0.0888365
2.60986
3.40282
0.0432218
0.816176
0.752794
0.0986452
0.802796
4.07109
0.0693876
3.48877
0.0234271
1.17101
2.43271
0.426658
3.45332
0.937631
0.0511762
0.0621335
0.65725
0.0596372
0.0101554
2.83993
2.54567
0.0133062
0.0236314
0.116363
3.33813
0.0447541
0.0282411
0.0671803
2.19548
0.0127355
0.208511
2.78866
0.731853
2.62743
0.0305041
0.088043
0.169164
1.03149
0.111952
1.13115
0.0326562
0.108407
0.126855
0.103536
1.205
0.0886472
0.978995
0.0610298
1.98754
0.874567
0.022774
0.0276121
0.00703467
0.0194153
0.0666507
2.92006
0.629866
0.0375083
0.031553
0.0686316
0.0287615
1.16962
0.0229252
0.0888913
0.0342631
3.94004
0.0160945
0.678527
0.185226
0.0204786
2.54986
3.99589
3.53567
0.0248549
0.0651728
0.0598368
0.199841
0.0478092
0.0571213
2.12668
0.0379906
0.149453
0.0543218
0.857917
0.0281473
0.29348
0.0141735
2.69512
0.124087
0.0267248
0.0338017
1.14183
0.0702291
0.0347022
2.04657
0.0208435
0.0686343
0.0965216
0.0274567
2.84924
0.0305822
1.10654
0.0932516
0.0353133
0.158425
2.99376
0.0881823
0.0858169
0.10442
1.01416
1.1802
0.0357017
0.0743884
0.847648
3.16465
3.40815
0.0659061
0.0375753
0.0605121
0.0512889
0.729563
0.634097
0.0225894
0.0378867
0.00623426
0.105881
0.0359849
1.12444
0.0964656
0.0961411
0.029673
1.48779
3.48369
0.0350367
0.276936
3.48638
0.0308221
0.435693
0.0429624
0.03071
4.98658
0.422683
0.475454
0.0222204
0.0232559
0.0185469
3.4027
0.118521
3.98906
4.1858
1.18257
0.856458
0.0399731
0.0562425
0.0278553
0.689162
0.0774874
0.0313594
0.139569
0.101758
3.14502
0.309769
3.77537
3.14913
0.170562
0.0712011
0.13998
0.0188682
0.0628931
0.039326
0.949203
0.329524
0.0303084
0.105064
0.949528
0.589143
0.0476233
0.0633109
0.117593
0.0666967
0.0441794
0.031917
2.48002
0.0270463
3.08062
0.0706247
0.0255826
0.0364649
0.16016
0.156123
3.44613
0.0520223
2.53071
3.94779
0.162686
1.06262
0.0496846
0.0657452
0.134729
0.17209
0.0275123
2.14801
0.490451
0.0286469
0.110085
0.129951
0.282683
0.211147
0.935854
0.0858701
0.0901635
0.0699588
2.89754
0.0476575
0.0282844
2.8385
1.33734
0.176783
0.024302
1.3976
0.0557786
0.754214
0.664079
0.0988604
0.166254
0.041017
0.021692
0.047431
0.0272844
0.463779
0.0321344
0.0404801
0.713872
1.16351
0.513331
0.12494
0.767205
0.821069
1.55214
2.38469
0.899676
2.16642
0.390214
0.497322
0.0608776
0.116226
0.0656149
0.0838083
1.03486
0.0916635
0.12017
1.08228
0.0283318
2.87393
0.700535
0.839421
0.117745
0.500531
0.172605
0.0224715
0.503592
0.618197
1.34817
0.766237
1.10055
1.48243
1.25438
0.184795
0.732054
0.0891118
0.0434523
0.0378081
1.73364
0.0681326
0.780485
0.847561
0.193185
0.0551286
0.0628991
0.0036345
0.0671775
0.493157
1.2958
3.78532
0.0272723
1.47155
0.079199
0.0379997
0.0172873
0.0657727
0.0749437
3.98389
1.52378
1.00654
0.168746
1.35282
0.634079
0.264087
0.0430812
0.167476
1.04122
0.0269622
2.27846
0.0216543
0.80841
0.0150565
0.593602
0.0617349
0.659972
0.0194226
0.0610813
0.196348
0.0301068
0.144335
0.0375095
0.0223009
0.00583983
0.061719
0.041785
1.56686
0.0375106
0.0772125
0.604033
0.0321406
0.0281227
0.0907817
0.988915
0.156813
0.0652883
1.05425
0.0804416
0.0847364
0.0461702
0.0225742
3.04014
0.173913
0.0354106
0.0628616
0.0270009
0.537447
0.00865235
0.00913953
0.789866
0.0430606
0.0325651
0.252438
0.127965
0.223877
0.0229249
0.157402
0.091934
0.0262172
1.13392
3.31101
0.534109
0.0602667
1.80519
0.698103
2.37528
0.0150561
0.0265626
1.12833
0.0143205
0.132879
1.02728
0.153203
2.57899
0.0615887
0.450886
1.19026
0.959414
0.587623
0.0302071
0.0544164
0.0575905
0.174346
1.2399
0.0709066
0.00110053
1.03987
0.0733582
0.122305
0.014205
0.0280876
5.32218
0.735441
0.0634591
0.0703076
0.172784
0.0924812
0.235386
1.17892
3.81777
0.174116
3.37647
0.0663764
0.00384408
0.0905777
0.0631045
0.509331
0.00351671
0.0912774
0.912752
0.0338381
0.134855
0.0689892
0.0473619
0.738079
0.0458317
3.15956
1.34992
0.0219034
0.0294103
0.0647512
0.00363898
0.047288
0.0644081
1.8985
0.172302
5.53184
1.60946
0.0462974
0.241322
0.0772794
2.25396
1.29191
0.119769
0.171443
0.106422
2.73243
0.0832207
0.787253
1.56792
0.0707528
0.0779833
3.04242
0.0691037
2.50092
0.0346654
1.16654
1.10139
0.0218693
0.0203433
0.78674
0.0537134
2.99694
0.0592487
0.510804
0.0206644
0.0800889
0.0759558
1.59801
0.166494
0.0475307
0.0658251
0.0726974
2.68069
0.168995
0.047249
0.0684528
3.96329
0.0692786
0.0210208
1.18781
0.522565
0.0636973
0.077097
0.770931
0.0830236
0.0697067
0.0448574
0.0262801
0.99735
0.444926
0.00578244
2.28419
5.07735
0.109322
0.108606
0.0431299
0.0603795
1.16793
2.49126
0.0278751
0.0275754
1.16871
1.39011
0.429456
0.144481
0.69483
2.28257
0.0215715
1.20294
0.173238
1.4121
0.0541534
0.615663
0.529397
3.90652
0.0442584
0.0916975
1.13822
0.0941093
0.104541
0.0567729
0.859958
0.921177
0.0146408
0.0427843
0.0758213
0.523396
2.20246
0.205421
0.0297195
0.252758
0.0258304
1.48971
0.0898371
1.1265
0.145016
3.18479
2.90882
1.38039
0.0606757
0.106812
2.73007
0.337976
0.555998
0.0640889
2.76577
2.52116
1.06969
0.141704
0.0160295
2.74082
0.403586
0.0649028
0.556366
3.97852
0.0544701
0.538231
0.0889911
0.0248144
0.0266806
0.0169647
1.00175
0.0544741
0.0671981
0.610328
5.13344
2.18023
0.0935545
1.01778
0.0895132
0.118974
0.104888
0.508997
1.18751
0.0295218
0.05952
1.15902
0.838159
0.416394
2.47263
3.9861
0.0288131
0.028208
0.0479864
0.0379146
0.075904
0.0630189
0.0684214
4.10472
4.08318
0.0285624
0.907561
1.196
0.150285
0.546901
0.850883
4.01987
0.112844
0.0156199
0.485272
0.0644119
3.51047
0.0784392
0.201625
0.0680841
0.0824417
0.0282503
2.49711
0.053375
0.139599
1.15448
0.0602685
0.0661169
0.037527
0.00191001
0.0672862
0.864884
2.58444
0.130074
1.45334
0.125844
0.0599596
0.0187465
0.10345
1.33431
0.0687489
0.0849765
0.149637
0.0636544
0.0442999
1.19306
0.027387
0.562133
2.53785
0.0269853
0.0703835
0.0516463
1.17578
0.0840242
2.17156
0.00103256
2.39399
2.18308
0.22892
0.1116
0.0124883
0.0479314
0.100624
2.89109
0.0680041
2.8311
0.0377017
0.0659951
0.126669
2.79059
0.164008
0.0778438
3.79018
5.48321
0.0276686
0.00201294
0.139716
1.06121
0.0606454
3.09806
1.23191
0.0692797
0.955969
0.938479
3.3471
0.0595714
3.05672
0.0548979
0.0324612
0.0260598
0.202088
0.178412
0.832606
2.74343
0.0266686
0.0441004
0.711745
1.43475
0.245457
0.0950035
0.00199796
0.0113876
4.07709
0.610742
0.466945
1.42166
0.708231
0.0669147
0.0639044
0.0385777
0.0291883
0.431244
2.98623
0.493816
0.0761473
0.0980939
0.672564
0.0237674
0.946064
0.0202376
0.347901
3.71194
0.0207258
0.043388
0.0642865
0.0423712
0.0453621
0.0818749
0.107768
0.0117174
0.0571674
0.0282824
0.354179
0.0969476
0.123067
0.0266475
0.257318
0.920812
0.0374394
0.0893411
0.121062
1.00751
2.96737
2.73137
0.0606872
0.305099
4.24074
0.0452719
0.033099
2.91872
0.0757309
0.891093
0.614913
0.899142
0.0716798
0.0655849
0.0431487
2.79972
0.962083
0.0824285
0.0342275
0.901209
0.573425
3.97786
0.038372
0.0295386
3.58904
0.936332
0.916467
0.0880976
0.0707842
0.0423723
0.0193781
0.123044
3.03242
0.112869
0.870677
0.892965
0.121425
0.234614
0.110745
0.0678374
0.11012
0.0928476
0.475398
0.022844
3.74095
3.50101
0.0773326
0.222291
2.32357
0.440423
2.87356
0.106165
0.891213
0.0259395
0.0460116
0.0501282
3.19087
0.0750288
0.954876
0.82748
0.0988783
0.186344
0.0303638
0.478817
0.823443
0.000526996
1.57836
0.0619001
0.0607413
3.7777
0.0467159
0.0508767
3.82308
0.024273
0.848687
1.46001
2.2478
0.0193522
0.0926392
0.00840175
0.0358498
0.0739849
0.0277254
3.04351
4.59396
0.081149
0.0623326
0.0956617
0.0786927
0.0300917
3.08308
0.049072
0.025043
0.00907511
0.753479
0.516696
0.035114
0.179007
1.04302
0.0230804
1.01523
0.0418629
0.10187
0.064125
0.891056
0.0215219
0.153335
0.104044
0.348839
4.5457e-06
2.61194
0.0352757
0.762272
3.02868
0.107059
1.55763
0.44825
0.435981
0.0627828
0.0616052
0.0879749
0.0357983
0.12137
1.23036
0.0285341
0.0842215
0.444081
0.0570327
0.166461
0.0592243
3.12071
2.68803
0.608428
1.19042
0.047304
0.0903041
0.0524865
0.130303
3.80738
1.04163
0.0448007
5.05139
2.74858
0.0605087
0.062231
0.743855
1.28603
0.123915
0.436039
2.99346
0.0359094
0.340672
3.30268
0.0539548
0.777155
0.129276
0.0543393
0.125963
0.0296143
0.0589233
0.0997406
0.0444238
0.0667839
0.216633
0.112396
0.986841
0.111582
0.0696151
2.87496
0.0372825
0.0282724
0.0908827
0.755423
0.955398
0.119697
0.0933716
1.17449
0.070028
1.90612
0.0444638
0.244584
0.0695757
0.0278278
0.0728216
0.334063
0.0640264
0.0474445
0.0284579
1.48434
1.41026
0.463171
0.00105036
0.315349
2.89489
2.50664
0.122867
0.566723
0.251435
0.603938
0.838787
0.370651
0.163542
0.060482
0.0566639
0.0751762
0.857874
0.0404901
0.169612
0.0394277
0.753223
0.0951968
0.030539
0.476459
0.0697455
0.962242
0.0367252
0.0962855
1.02434
0.477246
2.93872
0.0217727
0.695769
0.0492043
2.6106
2.27772
0.44981
0.262084
0.855626
0.871743
0.0539033
0.0903954
1.18795
0.0634015
0.0854341
0.280254
0.952194
0.317662
0.325368
3.0433
0.990687
0.0450594
1.20104
0.321284
0.108672
0.0853773
3.32687
0.0621222
0.0954753
0.100471
0.0590776
0.0402474
1.19415
0.0840437
3.96554
0.94672
0.0471219
1.03974
0.0917191
1.05272
0.719718
0.0560027
0.278271
0.0656267
0.0439309
1.46409
0.0613746
0.0352507
0.0418046
0.672103
0.0539096
0.446473
0.0504413
0.154834
1.44963
0.0570734
0.0289146
0.445065
0.450238
2.22551
3.62031
2.91301
2.87939
0.262222
0.0914406
0.0603211
0.0379135
1.02651
0.0553728
0.0329884
0.0382002
0.0327118
1.42553
0.0308485
2.99551
0.951548
0.143257
0.427338
0.117728
0.116469
1.10302
0.428604
2.87231
0.0802971
0.0754052
0.50286
0.0653821
2.95695
1.25411
0.196068
2.73977
2.1623
0.024778
0.168147
4.0572
2.78289
0.0620358
0.463208
0.0272678
0.59647
0.033182
0.0876355
0.266119
0.0402
0.593964
2.12504
0.0269516
2.12954
0.598806
0.0648456
0.0620424
0.0671707
0.0260628
1.94082e-06
3.47953
0.410675
0.0072102
2.44959
0.457353
2.22643
0.0562816
1.23647
0.402203
0.0602381
3.74482
0.0414393
0.152756
2.08239
0.545353
3.21801
0.0517542
4.36123
0.0369671
5.9648e-07
0.0368381
0.075923
0.187994
0.135567
0.148503
0.080732
0.05471
0.0167718
0.0313773
0.472997
0.0301567
0.482628
0.0415073
0.0453358
0.0676051
0.0344075
3.191
0.669
0.689361
3.3859
4.15765
1.16074
0.0332536
0.374531
0.102461
0.102949
0.599714
0.151391
0.161944
1.69582
0.918389
0.034865
0.0742643
0.238483
0.0267378
0.0658688
1.48061
3.62992
1.12395
3.8989
0.0496958
0.925904
0.0650733
1.30457
0.591491
0.0268177
1.25774
0.0552373
2.12177
0.00708755
0.0269486
0.0263975
0.00704149
0.733658
2.52053
1.8999
0.0933731
0.0847448
0.027134
0.0335233
0.0274592
0.0289709
0.0500994
1.861
0.0494212
0.0274335
0.0675722
1.93826
0.092385
0.0900851
0.000142252
3.81369
0.0130487
0.918457
3.96699
1.12622
0.0619496
1.02902
0.0694608
0.169635
1.0829
0.090607
0.357657
2.87552
0.0884357
0.812541
0.0556263
0.11255
0.0277864
0.599986
0.0685261
0.0269785
0.0276446
0.806046
0.157031
0.323701
0.0671757
0.356705
0.0661272
0.113934
1.00051
0.00150238
0.0497711
0.028883
3.31772
4.56989
0.0271116
0.567213
0.0599293
2.41893
0.0266275
0.641092
0.0174447
0.0266664
0.0851101
0.124522
0.0374142
0.770969
0.0166351
0.0744757
0.0610611
0.0532445
1.50733
0.317943
0.0933254
0.576511
0.161067
0.0516975
0.169173
0.467571
0.0268303
3.95196
0.0271522
0.0707473
0.0222336
0.0655518
0.770993
0.0376761
1.35703
0.0725134
0.46585
0.270718
0.0608136
0.350652
0.00110711
0.0270547
0.00785264
0.0440522
0.111796
1.18541
0.0515436
0.00694734
0.7567
0.0259363
0.0594226
0.163604
1.54936
0.0787819
0.104951
0.650657
0.170475
2.28682
0.0218796
0.0797166
0.0412716
0.602237
0.0779264
1.411
0.149586
0.0974316
0.100608
0.0342318
1.98087
0.0838468
0.0317106
0.148319
0.027936
0.103794
0.0528492
0.0275019
0.0735013
0.952596
0.0443582
0.0467476
3.2747
0.0414432
3.14737
0.0115988
0.913562
0.158861
0.0683146
0.0274767
3.02358
2.70678
0.231145
0.170553
1.15543
1.05414
4.21864
0.0290944
0.378859
0.209917
1.07993
0.48659
0.0780784
0.0629645
0.0809914
0.0863459
0.85666
0.0243969
0.0713052
0.0463331
0.0939118
0.084776
0.00378926
0.237839
2.97562
0.0464718
0.0277894
0.50723
0.437723
0.0704612
0.179252
2.99084
0.156783
1.10581
0.0733205
0.115286
0.134794
0.354873
1.37516
0.343774
0.336942
0.0915183
0.0533546
0.817708
0.0779752
0.203792
2.51925
0.0754301
1.99651
0.0238988
0.0115673
0.10252
0.0234666
3.6826
1.61282
0.0126417
0.916202
0.169225
0.0636443
1.48103
0.0626636
0.000133088
3.93117
3.14798
2.27257
3.59296
0.310214
0.0743495
0.0840798
0.031948
0.0148284
0.308516
0.0608641
0.278699
0.455919
1.95127
0.129714
1.66342
0.0470259
0.497022
2.78355
0.104093
0.057523
0.927977
1.28007
2.11329
0.0702163
0.511298
0.163204
0.0276442
3.2808
3.01443
0.0419923
0.0180238
0.134749
0.0618003
0.309309
0.0185294
0.0320976
0.0788934
0.0594575
0.0553576
0.0653948
0.0451433
0.0345993
3.68793
0.167931
1.11764
0.0934786
0.0226723
0.116775
0.0910057
0.0493295
0.0997672
0.493505
0.0375608
0.017415
1.13691
0.0946503
0.0127488
0.12482
0.39968
0.140025
2.17717
0.28422
0.097568
0.259378
0.0956907
3.03717
3.4059
0.794901
0.0661404
0.234873
0.0787104
0.387136
0.399811
0.0373695
0.535803
0.0892302
0.0132307
2.08197
0.472436
0.100661
0.151041
0.0979713
4.22722
0.49014
1.27014
3.29488
0.0560312
0.902992
0.0273984
0.0650671
0.394948
0.0299971
0.119875
0.0267136
0.0467577
0.0555723
0.0580068
3.31362
0.35604
0.107467
0.0441908
0.0649808
0.130231
0.084574
0.0961148
0.0340615
0.128092
0.373785
1.0795
0.119939
0.0386156
0.0220083
0.0478348
3.21326
1.58881
0.0078763
3.16779
0.0386393
0.027095
0.0667057
0.346108
0.0613641
2.91369
0.682811
0.115768
3.08726
0.0718467
0.12568
3.07525
0.976075
0.560194
4.22863
0.0620528
0.0699582
0.556179
3.76651
0.908198
0.340889
3.37439
0.912274
0.134663
0.0988939
0.0589096
0.0355588
4.13263
0.79478
2.47643
0.0654572
2.39874
0.122135
1.10351
0.0631959
0.0275776
0.0889363
3.64871
0.0448986
0.161201
0.162784
3.50142
0.737135
0.0205966
0.110891
0.0574621
0.076316
1.19199
0.928433
3.42311
0.953759
0.128595
0.0342043
0.414356
3.78212
2.34928
0.844049
1.08282
1.03231
0.569142
3.86251
0.0749999
3.7283
0.0874648
1.26941
0.0487662
0.0613575
0.0451481
0.42938
0.93607
0.0280349
0.0325977
0.0105945
2.36575
0.228613
2.06468
3.22798
0.0413158
1.39174
0.0604995
0.450087
0.0795267
3.9815
4.1888
0.0377264
3.16083
0.984035
1.26231
0.0717232
0.915272
0.0910567
2.7065
2.44594
0.00532766
0.639275
0.048704
0.0852138
0.0662011
3.12028
0.883598
0.526118
0.0927902
0.0461909
0.122682
0.0728309
0.00122015
0.0357009
0.0797451
0.342778
0.0605887
0.183736
0.056355
0.0694625
0.0535235
0.163377
0.16596
2.45061
3.39409
0.0996871
2.03745
0.47822
2.70546
0.134986
0.102119
0.681137
0.131403
0.0337043
0.056753
0.0941428
3.42266
2.10337
1.60339
0.0660256
0.0769233
2.58772
0.0770104
3.02791
0.159987
0.0795377
1.10925
0.0943266
0.696289
0.0607814
0.0559964
1.23388
0.00919518
0.162551
0.372931
0.0280965
0.0750246
0.00572162
0.0405927
0.854904
0.0718969
0.271817
0.0878401
0.0431147
1.60985
0.116074
0.101729
3.0815
0.0199799
1.8967
1.26937
0.0617253
0.0341515
5.65289
0.0657882
0.124589
1.0946
0.144611
0.0476612
0.05149
0.0784161
0.768992
1.57308
0.0625665
4.19855
2.19991
0.0493859
0.0237096
0.0239268
3.35573
0.0726702
0.14408
0.55921
3.97798
2.9502
0.033279
1.18814
0.0757917
0.879593
0.045594
2.58997
0.702284
0.349437
0.0417522
0.163767
0.435535
0.0219395
2.42217
0.0951444
0.0521169
0.0963864
0.140178
0.149322
0.737918
0.0330199
0.0987832
3.46603
0.0508768
0.52309
1.01158
0.0345968
0.936879
0.945267
0.0834841
1.10264
0.164591
0.0601495
0.321479
0.0676391
0.195753
3.21448
1.36268
0.0438988
0.0977158
2.48585
0.0680032
0.800196
0.0492279
3.17976
0.944885
0.516061
0.0653162
0.393755
1.06655
3.68251
1.50829
1.9528
0.48421
1.99028
0.355075
0.0687963
1.86507
0.0610253
5.08426
0.0258107
0.0266288
0.163234
0.102173
0.0626965
1.06936
0.074525
3.31963
0.0606964
0.0348825
0.0604529
0.10296
0.0348524
2.40189
0.118393
3.06923
0.106825
1.36126
0.0399231
0.04907
0.703118
0.925554
0.0974417
0.00364249
0.0313997
2.61778
0.151964
0.629423
0.0154859
0.107056
0.0611794
1.11462
1.19564
1.01358
1.35144
0.0259185
0.565126
1.03778
0.044004
0.00480719
0.742752
1.74553
0.0664997
0.676046
1.05818
0.0803548
0.585219
0.0448446
0.0343778
0.189531
0.783202
0.0917574
0.0453155
0.0256841
0.155619
0.785036
0.0335218
1.3116
0.600161
0.0922188
0.119771
0.51146
1.64163
0.0987653
0.0279853
0.440151
0.0914799
3.79054
0.0760286
0.111831
2.28727
0.0593638
0.0453401
0.900386
0.0659001
0.0436385
0.0752377
0.0901128
3.23272
0.49644
0.0214603
0.112034
0.0994995
0.0899035
0.0898797
3.48351
0.0469533
0.0623004
0.0942544
0.00871907
0.397375
3.80177
0.0221834
0.805271
3.97436
0.0947184
0.140221
0.0909344
0.0573775
0.108034
1.45362
3.19963
0.797621
1.27781
0.0926083
3.15566
4.19973
0.113514
1.24164
1.17793
1.23691
0.702675
2.73808
0.145274
0.647443
0.0274223
1.38863
0.0408607
0.0283316
0.0680973
0.0269608
2.0284
0.61947
0.792208
0.532333
0.370696
0.331746
0.257556
0.0273899
0.0491667
2.6059
1.09059
3.11516
0.0653093
0.0635422
0.000576073
2.65561
0.547266
0.56741
0.104131
3.95533
1.11851
2.32857
0.0695378
0.0983859
1.01583
0.079137
0.154573
0.0579275
0.0718058
0.0835255
3.19688
1.82147
0.242976
0.156678
1.35188
0.15853
1.15879
0.0986112
0.0613748
0.00721872
0.0634588
0.0436872
0.0356688
0.0272237
1.0101
0.0876002
0.159862
0.442031
0.0506556
1.02216
0.058648
0.154893
0.241605
0.600496
0.79682
0.0356927
2.42191
0.0865654
0.0607431
0.0286584
0.0605154
3.23809
0.846276
0.0629132
0.843559
0.0969369
3.43177
0.450634
1.09252
0.0759071
1.93009
3.68209
0.095941
0.350716
4.67109
0.575808
0.0435472
0.193553
0.024139
0.0993029
0.043764
0.468736
0.0677585
0.618927
1.71851
0.0357448
0.0737298
0.0854299
0.128384
0.0324137
0.0821034
0.298906
2.38377
0.0810938
0.344317
0.0664378
0.031797
0.217257
1.57878
0.0303548
1.32354
0.173801
0.109056
2.33825
0.0766335
2.68225
0.029098
1.092
0.653168
0.039209
0.0612833
0.0973085
0.0616586
0.0124767
0.59986
0.0614405
2.97141
0.0293702
0.0828762
0.892222
2.051
0.15959
0.0715933
0.167876
0.513786
1.97194
0.63571
0.0417107
0.959634
0.100946
0.0565481
0.09939
0.458597
0.667754
0.0243809
0.0692473
1.02483
0.0959686
0.0646582
2.74472
0.125053
1.08596
3.13127
0.093127
0.0928984
0.445819
2.30558
0.0123658
0.349849
0.073381
0.0400675
0.627889
0.145297
0.488823
0.0679255
0.0670171
0.0810305
0.192876
0.0597668
0.0312622
0.0605953
0.0332286
0.884493
2.454
0.0529785
0.709666
2.27548
0.0560602
1.38207
0.158705
0.113741
1.7134
2.89351
1.29671
2.53469
0.0275918
0.00380068
0.00711265
0.152863
0.092069
0.0616407
0.548347
0.061845
0.0574399
0.509585
0.0733118
0.0354462
0.188163
0.064837
1.03518
0.972307
0.0683817
1.04411
0.597935
0.571656
0.0607801
0.040779
0.502946
1.85294
0.0669373
0.135412
0.676636
0.0404542
0.0860646
0.249084
0.0596708
0.100184
0.462527
1.04865
0.0614642
0.103107
0.0769335
2.86507
0.251513
0.0663546
0.104773
0.782967
0.0350574
0.0224325
0.0411781
0.553666
3.11608
3.41307
0.192644
1.46777
3.68875
0.0665533
2.34664
0.0607421
0.0603105
1.49883
1.04137
0.0360101
0.0185175
1.81649
0.509986
0.0458507
2.64176
0.433343
0.0741377
0.0045727
0.561243
0.149864
1.90633
1.10029
0.964006
0.0580728
0.671262
0.134738
0.518671
1.78434
0.220899
0.0595751
0.0838273
0.0877676
0.167585
0.0579153
1.61729
0.713324
3.3262
0.439776
0.272432
2.87089
0.43849
0.599489
0.0640233
0.461876
0.882342
3.2142
0.0474194
0.465178
0.588245
0.0282979
2.25586
0.454885
0.0500108
0.0628335
0.896257
2.36445
0.148829
2.34719
0.0456899
3.24508
0.0938785
1.53167
1.00025
0.735105
0.563648
3.49497
0.624142
3.45011
1.6079
0.469341
0.0035713
1.75807
0.527865
1.39716
0.00459871
0.0363305
0.189596
0.0450763
0.0425662
4.14153
0.0826678
0.0295226
2.20363
0.0386453
3.94972
2.15765
2.54287
0.0330513
2.40189
0.747233
0.104727
1.73482
0.537834
0.0692673
0.434352
0.0762994
2.43413
0.401979
0.0608816
0.0580613
0.0241542
1.7708
2.68609
0.0701456
0.823938
0.0642504
0.639444
0.466622
0.00736581
0.116756
0.0818924
1.06484
0.0709774
0.0827134
0.115022
0.774848
1.02734
0.0421339
0.0613843
0.00623767
0.0889306
0.0900846
0.0458942
0.082861
0.0826472
0.149628
0.0365761
1.07491
0.0726022
0.585627
1.1049
0.0559108
0.0363825
1.18368
2.40679
0.0766085
0.0673807
0.000313172
0.104914
1.12186
1.23095
4.07334
0.419714
0.536771
1.37072
0.0161034
2.9011
0.0371329
0.0865792
1.26885
0.120304
1.55676
0.0625202
0.114373
0.0635162
1.60246
2.35218
0.0133491
0.0906983
0.0828394
0.0949737
1.11903
0.0303587
2.42246
2.35869
2.52268
0.0716342
0.0624315
0.587707
0.148704
0.464301
2.27994
0.571926
1.9565
0.0435891
0.964287
0.00838852
1.70739
3.3509
1.07269
0.807754
0.896954
0.0985964
0.0616656
0.83016
0.0209041
1.06724
0.0990869
2.0553
0.31558
0.054042
1.87698
2.79322
4.07321
0.0425688
0.834002
1.48723
0.103337
4.21708
2.0311
0.0627041
0.250193
0.436045
0.502588
0.243845
3.22214
1.53223
1.2437
3.57274
0.233102
0.344514
2.2265
0.108375
0.592316
0.16171
0.0329573
1.96299
3.29386
0.090896
0.0611206
3.17824
0.860462
0.0867175
0.0784336
0.557079
1.05235
0.0345057
0.0634528
2.38725
0.0441809
0.134646
0.11911
0.126803
0.0660617
0.129352
0.0862192
0.103845
2.41078
2.94588e-05
0.0451217
0.0276877
1.5676
3.13714
0.208699
4.02324
1.20663
0.063811
0.0603127
0.0598921
0.0220252
0.98361
2.1098
1.07745
0.0862644
0.0933004
0.053351
0.0611188
0.959973
0.00988716
0.0646469
0.601648
3.31853
0.0160991
3.78958
2.23372
0.798204
0.0684782
2.59604
0.0819942
0.267844
3.1443
0.693058
0.0732281
0.0168249
0.0592644
0.53463
0.162672
0.100946
2.85007
0.0773512
0.106779
0.0939012
0.741766
3.82244
0.123558
0.759481
1.07492
0.432675
0.425169
0.0526684
1.21914
0.0609742
0.1212
0.0092624
0.623835
0.0462578
0.0359096
0.629287
1.69741
3.12411
0.0878176
0.576555
0.470594
0.088014
0.0952772
0.119443
0.0430357
3.88833
0.0692719
0.115307
0.0720165
1.36891
0.0709918
0.0117671
0.0800457
0.993434
0.105963
0.151724
0.0637889
0.0020031
0.0759466
0.00407818
0.00738725
1.06435
1.31224
0.124668
3.25649
0.0345892
0.296193
0.0224902
0.740716
1.23853
0.42741
0.917069
0.00361835
0.876005
1.13195
0.0298223
0.136868
3.30118
4.03067
3.26454
3.9866
0.0598708
0.945674
0.992345
0.143083
2.31173
0.0980028
0.0595134
0.63947
1.68258
0.0898403
0.645062
0.0832146
1.01963
0.0172371
0.115167
3.22353
0.513181
0.0227824
0.629145
3.20851
0.719797
2.50423
6.61548e-06
0.0777794
2.77873
0.0435105
0.139825
0.152381
0.991949
0.163527
0.106267
3.57009
0.101545
0.0283571
0.376734
0.0769155
0.913909
0.00986025
0.76744
0.0597789
0.323117
0.0355843
0.0391277
0.0937047
0.153101
0.043559
0.00689062
1.89184
2.78314
0.0797869
0.0116584
0.465224
0.580825
0.161346
0.0880642
0.0803856
1.16805
0.0305687
0.284652
0.108602
3.89443
0.944633
0.464643
0.0222193
0.0276047
1.02244
0.0869059
0.0458219
1.20864
0.563806
1.56698
0.116105
0.0608085
0.63378
0.144864
0.990865
0.00289313
0.102556
0.809726
3.3069
3.34905
0.0861656
0.107711
0.0523036
0.0653348
0.0910229
3.23157
0.635942
2.68813
3.78245
0.644601
0.104145
3.17543
0.148354
0.149196
0.444607
0.0612887
0.0211063
0.326794
0.118963
5.42315
0.0398714
0.0621981
3.76462
0.150092
0.0630973
0.0825823
0.0877066
0.603104
0.0285378
1.87064
0.0252811
1.57483
0.0726892
0.0514692
0.0751641
1.96842
1.70614
0.0222501
1.61377
3.26667
0.100103
0.475892
2.06401
0.561096
0.475795
2.95726
0.0256242
0.802551
1.79059
1.22047
0.139933
1.94769
0.010105
0.35707
0.0325954
2.02943
0.0382152
0.138848
1.23273
0.0568818
0.0608618
0.0860681
0.00943732
0.141499
0.025827
0.0637586
0.4163
0.0361448
0.661788
0.146588
0.0780765
0.00538393
0.9424
1.62502
0.0826263
3.8462
0.0405678
3.08401
0.146452
0.0840496
2.48444
0.086382
0.0716643
0.42121
0.034863
0.0632772
0.0319644
0.0531753
0.0317287
0.427213
0.574479
0.000634107
2.14709
0.394227
0.670158
0.0952449
0.0226295
1.90983
1.42388
0.0617236
0.124039
0.398805
1.54926
0.0437363
2.52617
0.0474099
0.487942
1.68292
0.0856701
1.91567
0.0276038
0.688761
0.0603528
0.0690623
0.0614526
0.0583156
0.102669
0.0831298
1.54111
0.223096
3.55678
0.0891408
0.053881
2.39724
0.0618779
0.00456523
0.141687
0.0447768
0.151398
0.00210134
0.945971
0.991649
2.8608
0.0897372
0.542435
0.432025
0.0341359
0.0651938
0.085366
2.07281
0.49395
0.161274
0.0767692
0.768183
0.0997246
3.8265
0.669788
0.0785862
0.0803474
0.13881
3.34566
2.57501
0.937486
0.0621293
0.418333
0.0644012
4.04068
0.79869
0.0742263
0.0610435
0.58804
0.722512
2.4882
0.738596
0.085602
0.669418
0.899931
1.6123
0.978421
0.0705516
2.02026
0.4823
0.0778817
3.07562
0.0622729
0.0587815
0.0620355
0.0448487
0.153427
0.0445747
3.29682
3.22309
0.0335284
3.00064
0.159986
0.0431355
0.0301163
0.169919
0.0963977
0.0704122
0.105361
0.0633892
0.0916184
0.0860144
0.0655323
0.0603136
0.0376744
1.23776
0.584407
0.0613864
0.0402814
0.953097
0.0448096
3.2325
4.54735
0.081872
0.119905
2.74553
1.47229
0.0335905
2.32321
2.51281
2.83855
0.0654653
0.118977
0.0884497
0.756388
0.0815219
0.0488545
3.92388
1.94924
3.27539
0.593605
0.0651828
0.0038347
0.0316835
0.486967
1.1611
0.656955
0.0249727
0.496887
0.0410734
0.228157
3.46049
0.646361
3.61491
0.015884
1.92108
3.15733
0.990786
1.00837
0.0852828
0.120271
0.105271
0.447518
0.029507
0.0407775
1.14345
0.505407
0.96686
0.0938248
0.0287623
2.58461
0.30363
1.07764
0.47303
0.0921104
0.112103
0.087895
1.55688
0.0618089
0.0414121
0.148412
0.0652822
0.0462417
0.107202
0.025572
0.0952196
0.0606192
0.0653809
0.0677194
2.36265
0.0596804
0.0752392
0.135458
1.19721
0.0641881
0.0448014
0.105024
0.0919259
0.324734
0.0710691
1.04818
2.80258
2.40351
0.144515
0.00644399
0.0457146
0.367102
0.202104
3.26762
3.88157
0.0334768
0.957464
0.00117988
0.0427502
0.0115353
2.88925
2.90819
0.0676601
0.102271
0.0715364
0.0427682
4.2112e-05
1.97524
0.212737
0.585601
0.107665
1.61916
0.0272509
0.0248014
2.56439
0.426854
0.0220467
0.964285
2.42818
0.131325
0.118394
0.0652205
0.921262
0.0637418
1.84145
0.0261984
0.645634
1.72006
0.109658
2.65905
2.43649
1.1585
1.99454
1.17665
0.115008
2.12774
0.0649995
0.0662888
0.453547
1.69338
0.574646
0.0613004
0.0607649
1.67517
0.602294
1.02508
0.0612661
1.51945
0.744442
0.0688743
1.45562
0.087069
0.500612
1.86781
0.524769
0.0696267
2.16759
0.528609
3.32753
0.0461091
0.0240777
0.100558
0.0480779
1.07892
0.0599204
0.937732
0.121195
0.513134
0.0572252
0.0955072
1.20989
0.448078
1.89445
0.101149
5.16224
0.0352029
0.0431776
0.0881888
0.0650437
0.0507273
1.49114
3.25533
0.0638653
0.969383
0.0766932
0.000571735
0.0558727
0.0713006
1.87492
0.649325
0.142928
0.0986288
0.149812
0.096096
3.66605
0.512009
0.118159
0.0271403
0.620558
2.99191
0.095287
0.0617619
1.74164
1.31504
0.160039
0.0421229
1.03058
0.0530443
0.0934844
0.104926
0.0608025
0.332971
0.768846
0.816715
0.546831
0.940575
0.0994146
1.83913
0.506929
0.0309187
0.0809113
0.643173
4.46712
1.728
0.758313
1.4824
0.0910655
0.0989754
0.377
0.107776
0.00112734
0.0416028
1.80328
0.514754
1.31618
0.146298
0.543286
0.0610443
0.383609
0.0709634
1.83956
0.0770763
0.523998
1.77441
1.66996
0.618209
0.0431118
2.81224
0.0262547
0.0622456
0.0588155
0.68707
2.931
1.17122
0.0565456
3.16093
1.749
0.533581
0.0625564
0.934095
0.305182
0.658419
0.0981351
0.0320188
3.89962
1.66038
0.647659
0.0924094
0.0625723
0.251836
2.92803
0.0594746
0.066517
0.0994084
0.13028
3.04251
0.584379
0.0982801
0.0605152
0.041957
0.152147
1.94284
0.146832
0.0604459
0.151717
0.0326398
1.70661
0.669304
0.0465273
0.527705
2.01417
2.39466
0.568293
1.71672
2.55014
3.65405
0.0567006
0.0621226
0.0875575
0.0376097
0.555189
2.75165
0.0696976
0.125033
3.01994
0.80489
0.101363
0.983471
1.13277
0.0577988
4.1884
0.0953748
0.0673926
0.0350215
1.81388
0.336744
0.451267
0.0621223
0.0688145
0.158012
0.134847
0.0969594
0.369592
2.77944
2.09154
0.431917
0.523528
0.0627419
0.0451098
0.0417634
0.560911
0.266129
0.151301
3.83117
0.0480571
0.24789
0.0619799
0.061968
0.0656055
0.0604951
3.7507
0.480736
0.0988401
1.90545
0.0613785
0.706424
1.75481
0.0100667
0.00733626
3.43038
0.0306993
0.0360516
0.0943297
0.145019
0.0939346
0.0299021
2.38936
0.323313
0.073062
0.0702902
0.0604238
0.750305
1.71189
0.24531
0.0320168
0.0342671
0.0351942
0.0903217
0.0618979
0.0956793
1.70408
0.568804
4.13687
0.986971
0.0640097
1.68181
1.69113
1.81757
0.596182
0.582269
0.534011
0.0617381
0.094875
0.770039
0.0623088
0.328518
0.061531
0.0942998
0.129317
0.697544
1.72083
0.281182
1.67518
0.611372
0.0938181
0.364518
0.0983566
0.0627218
0.291883
0.354961
0.587086
0.751644
0.0617676
1.66381
0.709198
1.66446
1.68243
0.482889
1.66141
1.66129
1.66087
1.66656
0.637226
0.658535
0.684312
0.669702
0.697137
0.61329
0.394264
1.7381
)
;

boundaryField
{
    back
    {
        type            empty;
    }
    front
    {
        type            empty;
    }
    outlet
    {
        type            zeroGradient;
    }
    circle
    {
        type            fixedValue;
        value           uniform 1e-12;
    }
    walls
    {
        type            fixedValue;
        value           uniform 1e-12;
    }
    inlet
    {
        type            fixedValue;
        value           uniform 1e-12;
    }
}


// ************************************************************************* //
