/*--------------------------------*- C++ -*----------------------------------*\
  =========                 |
  \\      /  F ield         | OpenFOAM: The Open Source CFD Toolbox
   \\    /   O peration     | Website:  https://openfoam.org
    \\  /    A nd           | Version:  10
     \\/     M anipulation  |
\*---------------------------------------------------------------------------*/
FoamFile
{
    format      ascii;
    class       volScalarField;
    location    "1900";
    object      p;
}
// * * * * * * * * * * * * * * * * * * * * * * * * * * * * * * * * * * * * * //

dimensions      [0 2 -2 0 0 0 0];

internalField   nonuniform List<scalar> 
10435
(
-0.00209775
-3.33822
-11.9221
-4.85168
-10.2396
-12.7096
-11.8235
-12.0685
-12.5522
-11.517
-5.73366
-8.59731
-11.3355
3.58056
3.35287
-11.8023
3.6866
-11.2968
-12.5488
-0.770275
-11.5706
-4.12949
-11.504
-10.0754
-12.3224
3.72435
3.76023
-11.423
3.28372
-12.2943
-11.769
-6.80478
-12.1283
3.59445
-11.5189
0.0476382
-11.4012
2.70191
4.14199
-11.5144
-13.1541
-10.951
4.11419
-2.97334
-11.4738
-10.9787
-12.2613
3.87106
-12.6723
-3.86897
-11.9052
-11.8103
3.71806
3.03798
4.36147
3.05389
-11.0451
3.44675
3.67623
-11.1897
3.84971
-2.1747
3.61586
-11.164
-11.6142
-11.7033
3.67642
3.62252
-11.825
-9.17127
3.53222
3.18037
4.57165
-11.5913
3.00072
4.08969
-8.10399
-11.6947
-12.4964
3.03218
-5.60991
0.812377
3.8286
3.33282
-6.47745
1.03213
0.316286
-3.51849
2.53567
-0.61578
-4.52967
-5.6696
0.102815
1.86012
-1.54972
1.04231
-6.45075
3.23259
3.94818
-8.03237
2.49401
-11.7016
1.15256
-2.5197
-11.9088
-3.92541
-0.6301
-4.68613
-7.31968
2.62285
-3.04739
-10.9839
1.5038
2.04702
-7.21634
-3.26444
-8.56091
0.118969
-4.08648
-7.74548
-8.77797
4.44978
-0.885968
2.99451
-8.54812
3.81198
-7.13061
4.14335
-9.65408
2.82204
3.71908
-7.40226
-11.8201
3.34161
3.33177
4.22846
1.26908
-5.62038
-2.99043
-2.40434
-1.57885
-11.583
3.75117
-10.7545
-4.91884
3.65308
2.27408
-11.8345
3.82057
-9.86923
3.76753
-11.0281
-0.316577
-10.6033
-11.9998
3.75031
-9.51882
-1.91415
-11.944
-4.93379
-11.008
3.57779
-6.27757
-7.361
2.61114
-9.85355
-12.1191
-7.11088
-9.11304
-10.7288
-11.5481
3.77499
2.9362
3.31124
-9.64119
-3.6129
-1.04724
3.74158
-2.1852
3.59168
-4.52839
-12.0096
-9.66709
3.6291
-10.8522
4.27039
3.55091
-11.624
-11.2506
-11.143
-8.93685
3.87853
3.64868
0.184159
-10.3577
-11.7375
4.07661
1.84137
3.83938
-11.5976
2.88878
4.1383
-11.4418
3.51776
-11.6181
-8.19473
-5.2483
-6.39742
3.45106
-5.73513
4.15564
-12.0029
-9.65119
-8.27249
4.00502
3.68501
1.98155
3.88709
2.39746
3.73501
3.53446
3.5191
3.82229
3.1579
3.52752
-11.6591
2.64063
2.52948
-11.5017
3.81902
3.77091
-11.8637
2.54472
-10.6248
2.93649
3.84835
-10.5441
3.04087
-9.84951
-11.7325
-2.06981
3.76617
3.85373
3.02447
-7.57204
-12.5086
1.99317
-11.8307
1.69346
-2.31165
1.41817
1.91595
-11.8554
-6.55082
-11.7347
-10.8933
0.855743
-11.604
3.70816
3.61606
-11.0688
-11.8665
3.28291
-8.22251
1.44936
4.03054
-1.17711
-11.4018
4.1383
-8.87428
-11.4047
-11.8438
-11.349
-11.0829
2.23442
-8.19704
3.52315
-9.70239
-11.4031
-12.1804
-12.1991
3.72166
-11.4941
2.70777
1.30154
4.28611
-11.1643
2.9333
3.40669
3.34258
2.89639
-6.22781
3.3183
-11.874
3.24988
0.725316
3.81548
0.752176
-8.83184
-12.0279
3.75339
-9.13543
-11.3821
1.46367
-8.00489
3.45862
4.05923
-10.1222
-12.0321
3.44954
-1.41453
3.23063
-1.04315
-12.0327
-11.9854
0.694457
3.94558
-10.9844
3.71452
-7.81495
-12.445
2.95817
0.536528
4.0068
-12.5333
-11.7773
1.7749
-11.2472
3.83363
3.40579
-11.7003
3.38628
3.45398
-11.7429
-10.2391
3.50208
3.20134
2.6849
3.65795
2.8929
1.2142
3.75252
4.05131
1.41108
0.709015
3.1419
3.56032
4.22559
4.11988
-12.6078
3.55384
-12.3612
1.35577
-11.1878
-12.7894
-13.6816
-11.1826
-11.374
3.03602
3.51772
2.71848
4.07447
2.92275
3.70301
3.21115
0.893964
3.40735
-9.12907
3.57528
-12.687
4.02882
0.608195
-10.8734
-14.021
4.19543
0.0338477
3.01124
3.29189
3.48982
3.47252
-0.892597
3.11014
-12.1588
3.65047
-11.8997
-13.339
-11.0523
-10.9929
-13.529
-11.2779
-11.7229
3.58706
3.889
3.32537
3.64514
-11.8387
3.36147
-11.8657
0.443331
3.35838
-0.597074
3.8743
3.63621
-12.1962
2.8191
-12.0191
-9.62906
4.03346
3.36893
1.42976
-12.4457
1.28462
3.57153
3.30044
2.95461
3.86617
3.63141
-11.6074
1.60112
2.99869
3.30271
3.98977
-12.2593
4.08906
4.36534
-13.4155
3.68468
17.9121
10.4745
12.4174
10.6122
11.2103
10.5982
10.6563
10.4943
9.92928
15.7511
9.55971
11.1028
9.85241
10.2006
9.82062
9.84271
9.72152
9.63112
13.7377
8.58128
9.99697
9.18717
9.4056
9.179
9.17865
9.09786
8.99971
12.2065
7.9452
9.09518
8.56961
8.72478
8.60035
8.60544
8.56816
8.49043
10.8399
7.47723
8.34143
8.02453
8.1489
8.09835
8.12275
8.13189
8.07798
9.62499
7.11184
7.71941
7.56221
7.67009
7.67196
7.71476
7.75222
7.7454
8.61737
6.86749
7.22011
7.17982
7.27739
7.31761
7.3791
7.44343
7.48378
7.82693
6.71948
6.82608
6.86516
6.95577
7.02248
7.09799
7.18153
7.19397
7.19356
6.50544
6.49402
6.59788
6.68973
6.77525
6.86127
6.9509
7.01869
6.62206
6.15421
6.19951
6.36552
6.46712
6.56617
6.66119
6.75889
6.83728
6.18187
5.84791
5.97825
6.17442
6.28282
6.38735
6.48708
6.58779
6.69153
5.99919
5.71638
5.86485
6.03024
6.13157
6.22994
6.32483
6.41507
6.54689
5.92077
5.69948
5.81626
5.91887
6.005
6.09274
6.18444
6.28334
6.38541
5.80325
5.70366
5.78413
5.82039
5.88868
5.96161
6.04387
6.13617
6.2069
5.72339
5.6963
5.74635
5.72208
5.77524
5.83588
5.9133
6.00327
6.09271
5.63252
5.62718
5.67732
5.61072
5.65467
5.70551
5.77661
5.85799
5.95166
5.43408
5.43234
5.54203
5.47466
5.52091
5.56766
5.6338
5.70482
5.80804
5.21774
5.16759
5.36793
5.32167
5.37726
5.42636
5.49453
5.57095
5.68124
5.05799
4.93625
5.18949
5.16317
5.22572
5.27587
5.3409
5.41394
5.49414
4.9173
4.75269
5.01551
5.00515
5.07006
5.11966
5.17913
5.24464
5.31483
4.74421
4.59716
4.84343
4.85085
4.91462
4.96433
5.02231
5.09122
5.15211
4.49653
4.46821
4.66851
4.69845
4.75539
4.8005
4.85087
4.91161
4.9055
4.13725
4.42508
4.51068
4.56532
4.6114
4.64908
4.69316
4.73958
4.71442
3.72368
4.4574
4.30625
4.37177
4.4052
4.43815
4.49301
4.53903
4.50281
3.55786
4.75444
4.46478
4.52268
4.51897
4.47853
4.51739
4.56097
4.18555
13.5836
13.8782
14.3978
14.9526
15.5486
16.1924
16.87
17.5803
18.3154
19.0625
19.8136
20.5588
21.2816
21.9784
22.6393
23.2504
23.8094
24.3071
24.7334
25.0847
25.3569
25.569
25.8179
25.9941
25.8107
25.4736
25.352
25.597
26.1294
26.649
27.1558
27.6531
27.9253
28.0236
28.0545
28.0095
27.8824
27.6999
27.4636
27.1934
26.8946
26.5733
26.2271
25.8617
25.4778
25.0623
24.622
24.1578
23.6591
23.1435
22.6192
22.0918
21.5763
21.0808
20.6069
20.1784
19.7759
19.398
19.1993
5.2163
5.05518
5.01848
4.96668
4.89572
4.81934
4.75853
4.71906
4.70329
4.71379
4.7525
4.81982
4.91498
5.0362
5.18162
5.3496
5.53871
5.74997
5.98689
6.25606
6.56856
6.93883
7.38998
7.91552
8.54428
9.17796
9.56657
9.62306
9.32259
8.80755
8.34831
8.0235
7.7775
7.58433
7.43831
7.32205
7.22341
7.13613
7.05581
6.98088
6.91109
6.84763
6.79374
6.75346
6.73188
6.73589
6.77227
6.85139
6.96044
7.07224
7.20063
7.37226
7.5861
7.82994
8.09922
8.40489
8.72608
9.0477
9.52878
8.74827
8.99041
9.22187
9.46524
9.71836
9.9817
10.2546
10.5365
10.8261
11.1215
11.4213
11.7234
12.0259
12.3262
12.6228
12.9144
13.1999
13.4796
13.7548
14.0269
14.2989
14.5727
14.8492
15.1185
15.3614
15.5613
15.7035
15.7977
15.8373
15.8057
15.7464
15.6837
15.6113
15.5348
15.4587
15.3831
15.3075
15.2316
15.1554
15.0787
15.002
14.9252
14.849
14.7733
14.6987
14.6257
14.5542
14.4839
14.4147
14.3461
14.2781
14.2049
14.1227
14.0295
13.9142
13.788
13.6657
13.5597
13.4235
6.23133
6.22777
6.29319
6.35839
6.42925
6.50944
6.59974
6.702
6.81776
6.94842
7.09548
7.25999
7.44225
7.64262
7.8604
8.0947
8.34417
8.60681
8.88103
9.1644
9.45459
9.74794
10.0397
10.3219
10.5832
10.8081
10.9784
11.0845
11.1249
11.1078
11.0522
10.9721
10.8743
10.7641
10.6448
10.5188
10.3877
10.2533
10.1185
9.98631
9.86025
9.74379
9.64092
9.55482
9.48882
9.44498
9.42452
9.4278
9.45343
9.49957
9.56553
9.64928
9.74817
9.85872
9.98152
10.11
10.2357
10.3735
10.5605
7.25587
7.40198
7.56318
7.7308
7.90516
8.08573
8.27145
8.4618
8.65604
8.85325
9.05306
9.25501
9.45829
9.66305
9.86862
10.0749
10.2817
10.4882
10.6944
10.8997
11.1028
11.3021
11.4945
11.6765
11.8424
11.9878
12.107
12.1982
12.2601
12.2939
12.3048
12.2965
12.2734
12.2393
12.1964
12.1484
12.097
12.043
11.9904
11.9409
11.896
11.8575
11.8265
11.8035
11.7891
11.7825
11.7827
11.7884
11.7973
11.8076
11.8174
11.8245
11.8276
11.8254
11.8276
11.8236
11.8116
11.8208
11.8141
6.36497
6.40718
6.4919
6.58182
6.67957
6.7869
6.90432
7.03212
7.17082
7.32009
7.48108
7.65347
7.8374
8.03239
8.23738
8.45113
8.67215
8.89611
9.12349
9.3517
9.57886
9.80038
10.0123
10.2127
10.3921
10.5504
10.6803
10.7829
10.856
10.9
10.9196
10.9133
10.8875
10.8468
10.7886
10.7223
10.647
10.5583
10.4693
10.3803
10.2956
10.2183
10.1511
10.0971
10.0594
10.036
10.0295
10.0377
10.06
10.0957
10.1435
10.2008
10.2656
10.3357
10.4078
10.4933
10.584
10.674
10.7779
6.53769
6.62433
6.7359
6.855
6.98153
7.116
7.25647
7.40437
7.55892
7.71756
7.88136
8.04904
8.22228
8.39956
8.57942
8.76227
8.95089
9.13305
9.31841
9.50104
9.68484
9.86139
10.0286
10.1942
10.335
10.4678
10.5749
10.6691
10.7437
10.7961
10.8384
10.8523
10.8527
10.849
10.8202
10.7962
10.7676
10.7117
10.6724
10.6319
10.5963
10.5669
10.544
10.5297
10.5322
10.5367
10.5568
10.5818
10.6142
10.6518
10.6921
10.7338
10.7743
10.8139
10.8515
10.8926
10.933
10.9859
11.0317
6.2835
6.31729
6.38174
6.46072
6.54089
6.64096
6.73959
6.86826
7.0013
7.11352
7.26099
7.40715
7.57053
7.74933
7.92922
8.12933
8.34341
8.49833
8.67817
8.86228
9.06454
9.24848
9.41309
9.60791
9.73164
9.87501
9.96411
10.0602
10.1365
10.1893
10.253
10.2553
10.2582
10.2819
10.2259
10.2344
10.2657
10.1423
10.0803
10.0158
9.96139
9.91307
9.86997
9.83575
9.87514
9.86289
9.91871
9.94261
9.95438
9.98637
10.0432
10.1257
10.1947
10.2684
10.3536
10.4497
10.5473
10.6787
10.7706
6.05897
6.14793
6.21601
6.3342
6.44287
6.57803
6.67629
6.759
6.90863
7.1305
7.19265
7.34132
7.53203
7.67362
7.87674
7.96003
8.1841
8.35294
8.54329
8.67033
8.85888
9.00433
9.13944
9.32995
9.41306
9.55503
9.61612
9.7118
9.83158
9.80201
9.96461
9.96393
9.91937
9.99325
9.92639
9.99555
9.90861
9.76187
9.86949
9.82266
9.79434
9.80432
9.74597
9.73453
9.75054
9.71363
9.7291
9.70882
9.82219
9.89704
9.93025
9.96714
10.0194
10.1228
10.2202
10.2832
10.361
10.2337
10.4068
0.623612
0.460237
0.554752
0.729172
0.996939
1.34336
1.68228
2.00802
2.31825
2.56057
2.77838
3.03307
3.26376
3.49485
3.86202
4.35244
4.87303
5.42929
6.06778
6.81693
7.68472
8.68747
9.87503
11.372
12.711
3.87249
3.92399
3.86015
3.75755
3.66426
3.6721
3.77184
3.92021
4.06519
4.12031
4.05847
3.93828
3.82045
3.75269
3.80157
3.9441
4.05182
4.11756
4.23216
4.42232
4.66493
4.94205
5.25518
5.63974
5.90262
3.1395
3.15839
3.18561
3.21301
3.26422
3.3611
3.48724
3.61816
3.73124
3.79067
3.79792
3.77982
3.76005
3.76523
3.83586
3.97275
4.1446
4.35236
4.61878
4.95526
5.36513
5.85365
6.42992
7.10603
7.92822
3.41381
3.41063
3.44464
3.4718
3.5113
3.5697
3.64323
3.72021
3.78942
3.83697
3.86185
3.8744
3.88738
3.91397
3.96926
4.05664
4.17044
4.31367
4.49537
4.7199
4.98666
5.29035
5.62105
5.95334
6.29987
3.44804
3.43633
3.46818
3.49837
3.5422
3.59628
3.65949
3.72261
3.78036
3.82603
3.85927
3.8861
3.91468
3.95311
4.01128
4.09482
4.20611
4.35011
4.53358
4.76109
5.03734
5.36548
5.75259
6.19806
6.76408
3.51722
3.50977
3.54107
3.5674
3.60818
3.65303
3.70618
3.75736
3.80634
3.84888
3.88389
3.91564
3.95015
3.99132
4.04638
4.12069
4.2184
4.34445
4.5037
4.6981
4.93127
5.20102
5.50836
5.83512
6.22547
3.5971
3.55748
3.59345
3.61287
3.65203
3.6893
3.7382
3.78183
3.82633
3.86753
3.90215
3.93507
3.97264
4.01455
4.06786
4.138
4.2294
4.34775
4.4977
4.67952
4.90135
5.16076
5.46871
5.80707
6.24113
3.66771
3.58926
3.64095
3.65264
3.69354
3.72357
3.77281
3.80919
3.84977
3.89012
3.92178
3.95259
3.99315
4.03481
4.08554
4.15166
4.23654
4.34574
4.48298
4.64632
4.85212
5.08921
5.38282
5.71937
6.11825
3.66275
3.61445
3.69596
3.69136
3.73341
3.74353
3.79863
3.82206
3.873
3.91233
3.94471
3.96869
4.00628
4.04265
4.09123
4.1512
4.22811
4.32821
4.47682
4.63215
4.81387
5.04596
5.28516
5.41789
5.65883
-13.8612
-12.7411
-1.68401
8.27577
4.18596
4.12876
-1.61015
4.97372
-3.16894
9.47951
-11.3881
5.44792
-16.7601
3.38114
-6.97245
6.91906
-8.96019
8.11015
9.51531
-18.2864
-17.6893
7.83976
-11.1217
8.52239
4.92955
6.56678
4.89669
3.72613
-11.3102
-10.3332
8.71292
7.89385
-13.0188
-12.9931
-10.575
4.60709
-2.82748
-6.42611
-4.92329
8.84679
-11.8391
8.9505
7.42619
3.73357
5.61562
9.08849
-11.1891
-9.98082
-10.6087
-12.8871
-11.1857
-11.6287
-16.8946
8.42683
-1.54534
-2.95658
3.34318
-17.7339
4.03321
-9.2626
4.80246
-0.893587
4.21106
6.98
4.91675
3.84487
7.44378
7.44289
-15.4293
-12.0035
-3.44358
8.19114
4.33057
-16.3276
4.64224
-18.3227
-14.4179
-11.0569
3.79003
8.94193
-12.9152
4.99979
5.41047
-9.11292
4.37984
4.84178
4.20368
-11.2323
-13.1144
6.29406
7.06277
6.6402
9.80423
5.51622
4.21333
-11.2406
6.41746
-10.9021
8.74436
-9.34019
3.92598
-12.3371
3.92883
7.7559
4.10577
3.96291
-11.1816
-13.7224
6.39753
-10.0375
6.89857
5.85795
-10.544
7.81137
-17.304
-10.488
-12.466
9.08028
-16.4463
5.93664
7.22078
5.77445
8.85376
5.07302
-12.9233
7.43999
-11.7834
-18.2521
3.40528
-10.2212
5.69735
-16.4446
-11.5125
-9.42105
3.67754
4.25458
5.63431
4.03102
5.24687
-17.4497
7.12637
-3.40191
-9.84038
7.27115
-10.9139
6.43558
6.57131
-15.0467
5.53737
-10.788
1.70869
2.93112
6.22094
-7.37354
5.0732
-9.94449
4.25317
9.09448
-12.2195
9.96063
8.01348
-3.54028
6.0834
-10.9242
9.21121
-9.02572
3.29421
4.67446
7.82994
4.30063
3.39129
7.15103
7.08818
-9.25808
6.8677
3.79534
-12.3884
-11.477
-10.0631
8.68679
-10.8639
8.37698
-16.544
-10.0984
4.183
10.0134
-9.32088
6.33839
-13.3619
6.05421
-9.89866
-10.0538
-6.4067
-2.33761
-7.1034
-13.0749
4.66414
7.79145
-10.6049
-11.0852
-15.3319
7.55178
5.17381
5.7768
2.01236
9.43622
7.73383
3.98928
-11.0572
9.12475
4.12655
5.67948
-10.9514
1.92366
1.48168
-11.4885
4.09661
10.2915
9.74214
5.33671
3.88032
9.04773
5.18823
-0.165963
10.7135
-12.2834
7.20013
-8.72896
6.36473
4.28915
-9.70798
4.76883
8.18082
5.82106
-4.35539
9.31638
-11.6585
3.74025
-10.2295
-6.44179
8.31708
4.66027
9.21789
3.80611
4.33958
4.64366
7.33097
4.10907
6.52128
9.52534
6.48137
3.86872
8.21432
-11.059
7.04789
4.48779
-10.3339
-13.9469
-12.1984
10.559
6.61744
3.3667
5.50765
4.94117
-15.9879
5.19326
9.96445
5.63577
-2.17445
4.68506
-15.4938
-7.02684
8.46946
10.3539
9.86619
5.34221
7.72929
-4.73624
3.22948
-11.3977
4.02371
1.64367
8.304
8.86571
-9.76851
5.71446
3.87638
10.0112
-11.5334
-9.79608
-4.07725
6.25721
8.35794
-11.5512
-12.0786
-11.6304
-11.0576
6.73283
9.78254
-10.3328
-10.7409
7.7634
10.0098
5.92839
-10.8566
9.60277
-18.1268
7.40614
-17.7939
5.17038
7.60777
8.93399
-13.164
3.5197
8.37571
-2.11313
-11.1825
8.31634
4.94926
-9.20844
-12.5691
6.38331
10.0577
8.75027
4.41905
5.2216
-12.7463
-13.7195
6.91108
-17.055
9.06006
-7.3178
3.88922
9.31077
-11.6038
4.77041
5.07052
5.73362
6.40175
7.08217
5.70776
5.3365
-10.187
8.33862
-15.8607
4.12948
4.05511
8.64879
4.44247
-10.0954
-1.2511
9.84017
7.69308
-12.2353
-11.57
10.7441
-8.10287
3.3755
9.16159
-9.15541
-11.1932
-11.1574
10.0162
-12.549
9.14424
4.29357
7.06474
-11.5524
5.29559
-13.0885
9.24186
-7.74323
-11.2455
-7.77557
-15.6796
5.43253
5.63591
9.52544
10.1416
9.03048
-10.9723
6.29074
-12.7333
3.56932
3.61761
-10.394
9.36613
-18.1931
-11.6548
-9.71454
0.525755
9.71526
5.03545
-11.395
-10.4442
10.0032
9.39779
-12.8531
9.3296
-10.9025
4.88697
7.36048
4.27399
-12.9472
5.22058
10.0856
-2.76532
5.0258
1.33228
7.99419
-10.5805
5.17185
-10.1327
5.06272
6.29376
10.6902
-10.4824
-9.91036
9.99706
6.77852
8.79235
9.9106
6.21168
3.86855
8.14593
-10.9084
6.45414
9.58288
7.42127
7.87529
5.11291
4.47698
6.08114
3.85086
-2.7291
7.35733
6.58727
8.29467
8.59823
10.6052
9.9133
-6.39332
-11.7935
2.40236
-15.4345
3.41137
3.82912
-6.71121
4.10315
3.76648
-7.90557
8.45486
5.84264
-10.3956
9.33332
-12.0323
-8.93953
5.09661
7.15377
-16.1751
6.03795
3.51949
-10.7404
-11.2991
-10.9498
4.45496
4.13237
-0.086019
9.90848
-11.2209
3.90538
4.40557
-11.032
10.6467
5.10609
-14.2798
5.81973
4.33969
-14.5106
-14.6979
1.35546
-5.92967
9.57855
5.35756
-9.60504
4.32057
5.03557
8.6934
-12.4602
7.8807
-8.49719
6.48212
5.49776
-11.3235
5.25847
4.03872
-7.77663
5.1563
9.87866
-13.1623
7.60079
-3.52732
5.42865
3.79901
-12.9933
-12.5438
6.35581
5.97206
-2.67105
6.87653
8.30674
-11.8982
7.01278
6.13703
10.0713
-11.5513
-11.208
-10.2425
5.39602
0.996626
9.34311
-10.0998
-18.1869
6.51741
-12.9141
8.95732
-11.0849
-12.432
9.41484
7.8961
3.87858
7.81511
4.08665
-4.68403
5.92429
1.83431
6.56082
-10.4733
-10.6418
6.24566
-9.90208
-10.071
7.13056
-11.3705
7.68252
0.716229
5.97543
3.86059
5.15364
-5.14316
-4.33805
-6.21489
3.43104
-10.9585
-10.3512
-11.0507
5.07161
9.2785
-16.1766
-11.5977
7.0282
-10.1768
6.49333
-14.9283
-10.1959
9.68607
1.16179
3.97728
8.12968
5.57675
-13.265
9.30774
-7.2677
4.14988
4.12913
-10.3567
-10.191
-11.3455
3.84218
5.62617
-16.3048
-17.4903
7.30976
9.4072
5.15051
-12.7853
7.97408
4.12704
-4.75701
8.57051
4.14827
4.30552
6.96444
-8.7111
9.30654
3.94652
-13.7421
-10.6178
4.17137
8.60309
-10.0485
3.74678
9.29031
9.84756
-17.7065
7.3359
5.35308
8.21429
10.3119
8.33142
7.99367
-4.86889
4.76425
7.81494
3.93294
-16.3498
10.4687
4.04042
1.43117
7.25104
4.56127
6.04716
8.99112
2.72897
4.88153
-9.50608
-9.27278
3.69557
-12.634
4.5465
4.59488
4.35875
9.81207
6.62
5.96243
-15.2811
6.90279
5.32505
2.99969
-9.75471
0.95287
3.50255
3.84407
7.57656
4.23133
9.99717
6.84919
2.15871
-9.68135
-8.46354
-12.1661
10.4511
9.46672
7.5804
9.19367
8.2694
-10.2006
11.1475
-18.0717
9.26804
-11.2971
9.487
-11.1474
7.42023
4.44225
5.1449
-11.9871
-6.78456
3.79202
-17.3144
4.82355
9.97257
4.4845
-10.6925
9.4269
6.16621
-8.91362
4.68872
9.25507
9.0778
8.55838
-15.8796
10.0417
5.61761
10.0145
3.45167
9.33166
-10.6809
-11.4614
7.45812
-3.41808
9.97198
-11.3628
5.46388
9.40365
9.33247
6.27668
-4.714
6.25609
8.45625
4.08107
7.81948
6.95505
8.03654
8.912
-9.24407
-8.76322
1.86451
-10.4833
-5.1018
-12.4983
-10.6685
10.3504
4.26731
4.47827
10.0773
6.07013
3.54426
6.71386
4.86005
-15.8977
8.71006
7.70034
4.4986
8.82445
7.19898
4.79156
1.99386
-12.934
-11.7581
9.62085
-10.7098
-0.447531
-11.5987
-17.5371
-12.0106
-11.7427
4.58769
10.3463
6.44857
9.42962
8.46604
5.8304
-12.3221
-12.3571
8.65232
-12.9554
2.36702
10.4653
4.83525
5.31826
-9.08031
1.31797
4.95078
-1.11798
-8.49413
-15.5233
-11.3789
10.093
9.94611
4.64231
9.60111
-11.2111
0.875541
-11.3373
-7.96034
4.37357
-8.64873
6.19362
10.2355
4.04658
4.12211
4.06612
10.0927
6.74214
3.49032
5.93536
5.81477
7.69096
5.67096
5.35049
9.37536
-10.8355
-5.12562
7.93186
-0.546226
6.85262
-16.9092
4.44489
10.3357
8.45693
-14.804
1.65808
9.72244
6.92867
-10.4762
1.34186
-13.3347
5.58114
-14.3324
-12.938
-10.3525
2.99692
-9.04836
3.04594
8.92842
-11.3885
8.69745
4.8765
6.09392
-13.5024
-1.85977
7.82745
4.33557
-12.6244
4.41584
0.373717
-9.85538
8.75135
8.15889
-4.64988
-11.5892
-13.2976
9.52616
10.1678
9.72354
-14.5168
-3.8552
8.73975
4.63112
4.09032
-12.4386
10.6383
4.8536
-12.6875
9.96103
5.62769
4.63397
9.66649
-14.1292
5.95627
-15.2804
9.20507
5.45355
-12.872
7.9738
9.20124
9.55731
3.84068
-14.9395
-11.313
10.0646
9.51859
5.63676
-7.95012
-16.894
-0.613425
6.07725
-13.9307
-6.31193
6.54452
4.39163
3.98831
-9.84363
9.43261
-14.9346
6.78892
6.564
-9.59415
6.38566
6.06652
2.51735
-15.7004
-10.6522
-9.47196
-9.60413
9.44214
-12.7843
-8.10555
8.74273
-1.70711
4.51896
4.0346
-16.4873
5.52285
5.52067
-17.1403
1.66785
10.748
10.697
-13.306
3.14545
6.60003
-9.83111
-11.3726
-10.5848
8.91879
6.08057
-10.0997
-10.9639
-11.7573
-14.9766
-12.904
2.68034
9.9365
0.755567
-10.1466
8.05833
7.84071
2.86802
-9.20085
6.86416
-0.354122
-12.7996
7.53683
4.07653
9.24805
-9.55687
-3.29158
-10.9447
-10.4845
8.92393
3.71892
1.27472
5.81223
-11.7462
-17.4267
9.77314
5.71922
5.50878
10.4101
-13.8789
-11.4465
6.07511
-10.5048
8.06484
-11.4964
9.09597
4.57331
5.07067
-5.30894
-11.4747
3.60867
-14.9895
6.89485
7.13503
-3.95976
7.47973
-7.90089
-9.59858
-10.0784
5.91242
8.18688
-3.31636
6.33965
7.60505
4.84591
-10.5409
7.26089
3.85465
-11.4436
-3.35277
4.1197
6.18606
7.51662
7.78667
4.09774
8.37716
-16.0908
9.60175
5.99136
-10.3261
-17.357
-6.15148
6.1892
6.46819
0.340666
10.6392
-10.5954
4.14187
4.00199
-10.4816
6.31822
5.34515
2.71399
4.59424
-11.0215
9.37716
8.56023
9.41367
-1.73333
-1.64455
-12.4332
5.19218
-13.1038
7.16015
6.73245
6.53175
-10.4168
-10.4946
7.98498
-9.58002
10.6439
-10.2665
5.89022
-10.8313
4.36266
4.63106
7.91211
-0.676086
-5.78012
6.02374
9.12733
-16.4901
10.0881
8.82566
5.3175
9.36354
5.92723
-10.3975
7.00337
6.11266
-9.03516
3.88064
-9.66176
10.4264
7.97999
7.81721
10.7721
7.75375
4.04966
-12.2789
10.564
3.47289
10.0542
5.75717
0.683431
-10.3267
8.94933
9.27649
6.67548
7.60838
10.179
7.4976
-10.0485
8.87124
-16.7203
6.74607
-4.20651
-10.9778
3.85081
-15.8284
6.55135
-11.937
-11.0849
-9.80765
5.14745
5.49207
3.76984
-11.2129
7.9676
0.665004
7.61885
4.79493
-11.1763
4.04035
8.76918
4.02448
9.6883
8.93463
10.7919
-11.6697
10.3969
-13.5557
9.14726
8.02217
9.57416
9.08354
-15.5653
10.6657
-16.4981
-12.0295
4.38165
7.48748
-10.8923
-10.6961
10.0683
10.0322
8.3833
7.10701
8.81748
3.86553
-11.0603
6.08707
9.99059
-15.6162
5.05702
2.01311
-5.20471
9.24545
4.28689
9.65247
3.87846
-11.3782
2.27609
-13.4765
8.70308
3.89768
7.87605
-12.5465
-12.7513
9.02793
9.96557
-12.9592
9.21129
4.084
-10.5698
-11.3972
10.554
9.5589
10.6497
3.755
-12.2954
5.03454
10.7462
-12.5018
-10.3912
10.2117
8.59492
4.67242
10.0236
5.59797
-16.2444
5.16601
-10.7506
5.25288
8.95373
4.59095
-15.523
7.94088
-11.5901
-10.6766
-9.88556
-12.5198
-11.6825
8.44458
7.36473
-12.2048
-14.9577
5.41633
9.32887
6.05394
3.90317
8.46541
4.97333
5.77552
-8.68953
4.41644
3.83512
-4.81137
4.01372
6.05886
6.23218
-9.87135
10.4056
-11.709
-11.0952
4.01128
8.44679
6.08652
7.77235
6.1239
-12.4095
1.7231
8.97855
5.48666
8.59172
-10.4202
-12.461
6.97206
6.61675
4.39832
9.9975
4.35851
3.78684
9.57875
4.00287
2.92848
-11.1915
9.49213
7.18417
-6.74166
5.97017
5.02703
7.37777
3.17922
5.98762
8.21125
-16.3818
6.47552
5.5077
-10.6336
4.30462
0.386115
-5.29206
9.49454
5.35065
8.9323
-8.1354
6.98278
-14.4915
9.5087
-4.72501
-12.9783
-17.8866
-11.2935
10.4095
4.83986
-15.9336
-12.5867
3.96201
7.75738
10.7256
-11.3037
8.89975
7.07641
10.5898
8.63613
0.474115
10.7005
4.15943
10.0187
-11.0922
-16.6258
8.87423
9.46032
8.47777
8.55262
5.61804
-11.5515
9.33029
1.57154
-13.3207
-16.8628
9.65469
-12.8365
-10.9879
-17.4191
-11.7383
3.00406
-12.0991
-11.8767
-9.93363
10.1842
-10.5443
10.0155
-3.96298
9.83338
9.30577
-14.1987
-8.54111
-10.8184
-12.0558
3.87664
8.09833
-1.43433
-12.218
9.93516
-12.4439
7.83848
-17.5262
9.31222
-11.0421
1.93023
4.11859
5.83221
-17.7311
5.6392
2.68585
-17.1786
9.1302
-10.6771
6.248
8.17392
-7.86051
-1.00752
6.40416
-15.9527
-6.76135
9.22373
-14.0703
9.53372
9.22166
3.86621
4.47761
-12.5406
-13.7489
10.3729
-12.7778
8.43626
-16.4579
9.64218
8.90101
7.96434
-17.3807
0.0210123
-10.2356
7.32095
-10.2341
5.01161
-14.1826
-12.0542
1.75022
8.17214
-11.7273
7.45415
6.73581
9.25616
-11.5812
-12.3725
4.88492
-12.9693
6.87444
5.86013
-1.96321
6.92305
5.64632
-14.446
8.89653
9.63086
10.3999
5.77569
8.10508
9.59155
-13.0714
-11.4352
6.16189
9.5909
6.4593
-13.5571
-11.0667
5.10325
3.30363
3.95172
-13.2197
3.25386
-0.288736
-14.8234
4.76667
-14.9099
-12.1651
4.95979
5.43631
9.67423
9.19474
4.48297
7.06142
4.04684
3.82106
-12.0271
7.79864
-12.6559
5.2158
-11.688
8.64212
-9.65424
1.76038
-15.9952
-11.11
4.08883
2.02895
7.18627
7.47651
7.05065
-10.803
-10.4283
9.25336
9.59885
5.89434
7.80749
5.63952
6.41478
-12.2019
-10.2748
-16.0118
-12.5417
8.61297
4.53338
-13.0351
8.98061
-11.2354
9.63159
4.93031
4.10594
6.94759
5.09245
7.03372
4.89356
2.08586
-12.3154
-11.3155
9.94406
5.64287
-14.618
-4.09265
5.74045
-10.762
-12.2923
-9.91067
7.70003
-16.9336
5.61942
8.80009
9.08248
4.71912
10.0494
-10.8128
-11.5775
8.58281
3.88188
-17.1958
6.55642
-12.2969
-9.61722
7.17581
3.56339
8.72204
3.94929
-12.0922
4.55441
-11.1804
4.05019
9.0249
3.95824
8.6627
3.71803
8.36556
7.34102
9.30759
4.38503
6.55659
-14.0621
9.12567
-8.94641
6.32035
6.69856
8.49924
3.98947
5.94762
-6.15099
-12.0271
6.30881
-11.7218
9.62554
-12.4926
8.14565
8.19172
5.00001
4.48263
-10.8017
7.70751
7.00126
-4.21905
-9.90565
7.83485
9.58591
9.67264
7.90093
-2.76139
6.07667
6.17181
-13.3608
5.09316
9.50895
7.22014
-12.7315
6.40873
-11.4788
-11.5762
10.7731
2.25404
7.87541
9.63724
-12.65
6.65051
9.28617
8.55268
-15.9277
3.95949
8.01416
4.94903
-5.26054
-9.32222
4.0361
5.90721
-10.2622
9.31421
-1.62294
-12.0493
7.6663
0.361504
-11.1334
9.03406
-12.5976
9.42606
6.62242
8.69519
5.11696
-8.03113
-10.0096
8.11224
9.56508
-11.7434
7.44767
7.9787
10.1537
3.35193
-2.34986
4.66685
4.26396
9.68213
6.51435
4.45027
7.03413
3.9797
8.73304
-9.49801
-15.5036
4.34359
-12.6895
4.02279
-13.6606
-10.9423
-14.9734
-10.1031
10.6983
9.28104
-15.2162
8.33183
8.6887
-10.6255
6.44654
3.41496
-11.4967
-16.1975
8.01819
-9.74404
4.31103
-10.9984
4.0907
10.1231
-4.41549
3.84435
-13.4345
6.77775
10.0733
3.59922
6.88636
-7.15566
1.55352
8.51487
-12.0209
3.81073
-11.8479
4.00146
-12.5784
7.52149
9.47763
5.90917
9.76325
-16.305
-9.54747
-14.5984
4.20906
-12.8872
-10.6212
10.1449
-17.3589
1.01577
10.2184
-16.2131
-10.6741
7.57914
4.04871
4.15161
-12.5633
5.45771
10.5742
-11.1277
-14.4396
3.59595
-12.1663
-11.8437
5.81222
3.89553
-2.18119
3.98527
-15.5665
4.06594
9.41143
5.23293
-10.0523
4.37618
-0.279272
-11.7427
4.85757
0.082859
-7.48246
9.34255
-11.1538
9.45726
-16.5334
7.66326
5.32894
6.50925
9.31558
6.06519
6.71409
9.51651
4.08121
10.6733
-12.1394
-14.4792
5.77649
-17.1505
4.39289
5.3764
7.58333
8.3748
6.60246
-5.99102
10.6049
-3.45487
-12.1887
-4.90347
-14.601
10.3121
7.70547
-11.7522
8.87339
3.79984
7.2664
5.48365
6.21149
-9.95337
8.98259
9.56971
4.59539
3.93299
3.83038
-4.24051
0.784488
-1.42012
-12.7645
5.68674
5.07785
4.83994
7.26098
4.59984
5.78186
3.92455
5.40798
8.27927
8.22615
10.6039
-1.22247
-12.1385
-11.808
4.0043
8.95161
-0.406247
-9.9313
-10.7848
4.27885
5.81303
3.29372
9.71656
4.76432
3.99232
-10.4148
0.325382
4.9166
6.38298
6.88702
4.19978
-11.7131
4.82783
7.86181
5.25464
7.03828
-11.0568
9.70858
-7.1696
10.7573
4.05743
4.37277
9.3652
-10.873
1.73458
7.74916
-12.2881
-14.0512
2.68646
10.3038
6.95612
-10.1257
-12.7645
-12.3947
5.85909
-16.964
9.41702
10.5361
-9.86626
-10.7464
5.00845
6.18603
-0.744208
-3.19189
8.92664
4.47028
-10.6871
5.1328
10.6475
7.44053
8.97831
4.90812
9.90077
9.68572
9.56814
-12.3051
8.16495
4.56601
4.16352
8.83887
2.32097
4.06391
-16.5461
0.296261
0.631871
9.08692
8.78227
7.65255
10.7392
7.18801
5.15087
-14.6584
9.4011
4.091
9.98253
0.0652768
6.60327
4.43756
9.74713
-11.7767
4.54798
-13.9315
7.79047
10.558
8.96318
7.44583
9.46576
-11.0022
8.00036
4.1491
8.27625
8.61096
-10.4309
5.70842
9.44393
-12.7674
-12.6213
4.68518
-10.9761
9.69795
-12.5529
10.1078
-12.9773
10.3454
-2.56548
5.6549
-11.3282
3.85023
-9.64102
-9.72624
-10.2001
3.06609
-12.5873
5.63071
4.66932
5.90634
-11.2347
9.55431
4.21349
-16.549
-10.4506
-11.7128
8.61774
-12.5693
4.43459
7.04128
4.85268
1.33745
9.8607
-4.86848
8.20291
6.77259
9.41327
10.6466
7.93078
-13.3874
9.54258
9.63855
-10.5466
1.01031
4.40128
5.95365
-10.2736
8.55978
8.93489
-11.7865
8.13731
-4.72169
-2.36094
8.91288
3.95602
-17.9883
6.21575
7.91924
10.048
4.82364
8.22928
6.65264
-12.4209
4.5109
-11.3308
3.53469
3.99131
-10.7875
1.25201
3.1513
9.41916
4.65698
6.57141
4.53501
-14.2061
-11.4369
9.66367
7.65533
6.06779
-10.1364
4.03674
-0.0853613
4.46524
4.00394
8.73194
9.27651
-1.78224
4.00578
-14.235
-11.3903
9.80518
-8.58922
10.0738
-13.8099
1.345
4.96401
8.20032
4.03076
8.11954
6.98417
-9.70897
-7.43002
-12.737
-10.7514
-16.6361
8.53057
4.57621
-3.46774
4.63614
-1.78214
-12.2678
9.33823
-10.2266
-14.6514
-9.58884
9.31007
4.42264
5.72926
8.84267
-12.6553
10.0446
-11.917
9.04128
10.5345
4.09227
-10.4751
-10.8551
5.97444
10.6087
10.2699
7.94233
7.62938
0.647772
-15.3786
7.87184
5.46517
-11.1826
9.60725
-12.0619
9.02889
6.06176
8.8127
-10.9648
8.79873
6.2028
9.66639
9.88321
3.72125
6.8709
-10.5726
3.88378
6.27561
7.5032
5.73521
-15.9024
5.62462
4.49386
-5.79429
-11.1625
3.97768
-13.2265
9.5069
-10.5407
-16.5233
9.15905
3.76292
7.35723
6.57998
4.22879
-15.2411
1.16327
8.18372
5.53455
-6.84915
-8.45572
-8.82555
-14.5523
2.51471
9.35909
-11.1627
3.98588
5.14562
5.56002
8.27575
-15.9543
-12.0921
7.35555
-13.5089
8.57157
-14.9513
-4.04375
-10.3896
-12.6001
-10.3134
2.80509
3.75343
10.082
3.99495
-16.6892
-4.68449
10.3529
0.734387
4.30281
-11.1572
9.26537
-3.44963
-7.4711
-10.2792
3.97889
-11.1237
3.46522
-12.647
-11.095
10.0807
4.52753
7.55648
9.78887
6.57404
-4.07034
9.97009
6.94915
-11.9923
4.2638
3.02951
3.88002
7.28457
9.33317
-13.4784
-12.6486
3.48071
-10.4018
5.72635
9.08371
7.5045
-11.3336
-12.9457
-11.7109
6.90885
8.93633
7.81856
-10.6753
3.52908
0.817272
6.12477
-12.1437
6.7539
3.54855
-16.6949
9.17022
10.6732
4.03858
3.48829
5.76008
9.7516
-5.5084
6.68455
9.21034
-11.5044
6.96839
-9.66931
-10.1575
3.66445
-5.40053
9.54742
-10.1214
9.62278
-10.4516
5.32346
8.82082
9.84067
9.6785
8.18462
2.65848
9.9789
-15.8142
7.2336
9.22575
7.69047
-12.5093
8.81382
9.19938
6.7152
-12.876
6.06176
-9.83221
-10.5859
9.54701
8.66254
-1.30099
-12.7598
-15.8121
-1.63236
10.5011
4.05252
-13.4137
-11.2673
-10.5874
-9.8094
9.30739
7.72468
6.32714
3.78441
10.2702
9.7578
8.14413
4.37533
9.50497
-15.9267
8.12876
-13.399
8.32277
6.36394
-7.22034
6.55794
-15.7587
3.92123
4.77836
6.04479
5.82089
10.5856
4.73692
-4.18914
2.1632
6.73778
-2.04728
-12.3431
-10.1493
10.6325
2.19556
-10.4633
-12.6272
-12.1003
-12.423
-9.71091
10.1431
8.11368
6.96733
5.22551
-14.1851
-12.1647
4.26699
10.4095
3.84227
9.68657
-9.71161
6.61535
-14.2446
5.47565
4.53605
6.40095
-10.8702
6.68078
-17.8919
-10.8715
3.46347
3.72344
6.53076
9.52764
4.04264
5.33639
-3.36801
9.50723
9.78748
6.70976
9.76272
3.67027
-11.5006
-0.03713
-6.1592
-8.20864
-12.6069
-11.9744
3.93721
8.24927
-10.3558
10.1197
5.76021
-16.8643
9.34476
9.61665
7.86767
-5.62002
-11.9701
7.49454
8.52126
8.67233
-12.1749
6.80143
-13.8774
-12.7656
-17.4777
-13.4814
-10.0098
-11.7257
-12.8125
-9.22537
-6.80577
-17.2677
-17.5384
-10.9344
-15.6947
6.48675
-12.8003
8.85054
-12.6715
6.13132
-11.3455
4.77768
7.65299
-11.2329
-9.12109
-11.0576
3.45517
-5.57242
6.60215
7.13107
10.3062
4.16095
4.08667
8.53618
5.14061
3.79599
1.37588
9.07786
5.96031
7.70234
6.85217
-12.7703
5.16823
-10.4524
-12.5385
8.84838
-0.0973774
9.44802
-12.326
-9.82043
4.32852
-13.3758
-10.1733
-12.7618
-1.97509
7.84395
9.01
10.1554
6.99532
8.69525
8.08683
7.34421
-16.213
-16.3907
-9.83308
-16.8463
8.20265
9.04578
9.57747
9.55002
3.85867
8.65821
8.8943
2.18614
9.7103
3.58034
6.77725
-12.7278
-10.0164
-11.3574
9.86412
6.90999
4.34526
-10.6501
4.54099
-13.6632
7.36139
8.39197
-10.2517
-13.1203
-6.45865
10.0837
-3.90187
8.18786
6.76792
-11.7387
4.01516
-10.0116
3.97641
4.00574
10.4766
-12.8059
-8.48039
-2.0108
-12.6132
-15.759
-9.62799
5.77911
7.95772
7.20679
-11.0055
4.26133
5.11191
4.27378
2.52034
-9.74978
-7.5667
4.27762
4.10443
9.27837
5.76394
-14.9706
-12.7027
-16.9033
9.86155
4.21482
-10.2485
2.86419
5.06034
-12.2836
-16.3548
4.25284
6.48588
9.6819
3.81287
9.39036
10.2595
-16.1081
4.26725
9.05507
5.8026
-12.0293
-12.2869
4.01396
-15.5481
-11.9829
8.64317
6.29606
3.71686
9.13733
6.71905
3.50774
8.92581
6.23485
-12.3653
-13.2996
2.56117
6.76997
8.61016
5.58745
10.5214
6.54755
4.19559
9.0495
9.75216
9.434
4.24862
6.59567
4.09384
-10.6922
3.94509
7.62857
-16.5613
7.51242
5.75054
6.89872
4.28681
-10.3979
-11.4933
10.079
-6.82812
7.4631
3.68581
-11.8593
8.81006
6.58717
0.748845
-9.59334
-15.9001
8.71769
6.02403
-13.3301
8.01578
5.56598
-9.1743
-5.8623
-11.9477
-9.67265
-5.98977
1.70119
5.86845
6.68671
-16.371
-12.6139
10.4107
3.99465
-11.919
3.7539
-8.32566
3.7329
8.59213
9.05574
8.00455
-11.2937
7.21439
-12.6729
9.006
-3.4015
-11.8423
-10.055
6.83202
-15.7767
-9.63261
10.235
4.16731
4.94872
-14.5151
6.52978
4.01361
4.25389
-14.0136
5.59753
10.2708
1.13411
-9.83552
6.37325
6.56844
5.00991
-11.142
-14.5946
-11.7692
-11.2274
9.05028
-7.73516
-12.0275
-16.0959
3.88827
8.75063
4.24756
7.12504
8.31953
-10.0269
4.63116
-12.2116
8.1578
-9.39112
-13.906
2.24609
-12.6939
-1.08542
-12.0447
10.7768
4.5234
4.14414
-1.7216
5.4876
-9.94983
-5.41173
-5.42054
8.7944
5.09225
3.61012
1.78702
6.54209
5.102
4.18916
5.34817
-10.1954
-7.68573
8.78832
-8.0142
4.15694
-10.4016
-10.2301
-4.35703
10.6828
-10.5921
-6.13051
12.1232
-12.0134
-9.95675
-8.90996
-1.63235
-18.8429
10.5427
7.79093
-6.60209
-12.0962
4.43222
-5.37247
-12.5288
4.10441
9.61068
-7.06773
-5.64754
8.43234
10.5066
3.04094
-10.3941
9.62873
-16.3297
-13.684
6.69592
3.71026
10.0821
3.97809
-9.09671
10.3913
4.30803
-13.3555
-14.5678
7.32348
5.97697
-4.50081
-15.9902
-10.2835
-9.75796
7.74815
-11.7603
-7.40788
10.4489
-10.1658
10.5766
7.80943
6.47833
9.06868
8.12958
5.67256
-4.59125
-7.40864
9.94292
3.92658
10.4371
-10.7519
-7.59086
5.26553
3.10252
4.73448
1.0455
9.70692
-10.6515
-2.3251
5.47207
-10.3147
-13.3961
-6.84753
5.20817
-12.5138
5.07283
-10.536
-16.244
-10.9868
-5.00896
5.43065
-11.6011
8.77505
-12.5625
-11.8893
9.18183
6.7127
4.21968
-12.9911
6.27788
7.6668
5.07972
5.91801
-12.1141
-10.2786
-11.9403
5.87576
10.4124
-12.0744
-12.6773
4.37733
9.2334
0.356139
8.04343
-10.0045
6.47909
-5.97305
4.62166
7.43134
-11.4699
-15.7429
-13.2345
-10.6363
8.45358
4.4626
8.19485
-11.8693
2.70623
-0.139501
-11.812
6.40772
5.88872
-11.4618
4.75914
-12.0672
-11.5202
-11.6248
4.22926
-8.05071
9.81612
9.99195
8.56345
-12.7859
10.4733
-14.1625
5.31356
6.62533
-0.242484
-7.23957
-11.5009
-9.87917
9.42728
6.70167
9.37532
-13.5365
-6.74425
6.04883
1.85027
9.4826
10.5831
4.5963
10.4664
-2.31632
8.77358
8.63544
0.49156
5.1409
-11.5982
8.01418
-6.80466
0.131192
-15.1975
10.2857
-11.1587
-11.4118
-13.136
-6.62605
-10.7251
4.03425
-12.6009
4.02418
7.76302
-9.228
4.13286
2.99687
5.08802
-10.0285
-7.01131
5.59456
-9.83345
6.37707
-8.67275
-10.8201
-4.05299
3.9759
-11.0104
-10.5631
3.97539
1.30842
-11.6456
-16.5934
-12.4599
10.3359
0.719733
5.69489
9.50004
-2.31618
5.69083
6.99649
8.40558
7.54812
-12.1465
-11.0273
8.37467
4.93215
-11.5596
5.60297
3.91562
10.6004
-9.84965
-3.08984
-11.2093
5.07785
5.86237
-15.3695
1.24856
-9.69146
-4.74704
-9.19817
4.97616
-15.2076
-6.18236
0.679263
-1.62154
3.49319
-6.25591
4.99398
8.11982
-11.72
-2.32504
-7.86789
6.28333
-1.72257
-7.36887
-6.02618
3.70007
8.9068
7.15287
-11.8091
-12.499
-12.7559
-10.7991
4.27693
4.31732
6.48617
-5.81054
-12.2144
-8.00624
4.5527
9.69234
-5.57583
-16.5991
-16.8441
-12.5095
-11.987
-7.54461
10.0801
-9.98285
4.23459
8.28551
9.11294
-11.4939
-12.2426
-8.90787
-11.7481
-9.43729
7.26528
-9.52122
-10.4518
-16.7911
-11.8633
2.77853
-0.41297
-2.72027
-5.00182
6.75833
9.36614
8.76078
-12.9772
-11.6863
5.41202
-10.7116
6.76431
-2.23213
-11.8299
9.41786
-4.31659
-11.7048
-11.7203
-4.46712
-17.1588
-11.4086
-11.2366
9.77734
-6.65026
-10.1406
-11.6093
-12.1697
-12.4498
-9.91176
1.53664
-11.5711
5.99031
10.3395
5.79694
-12.1277
3.76697
-11.7845
-12.7682
-5.9247
-7.93788
5.76873
-15.8583
4.96456
9.75158
-9.0098
-9.85971
-7.51705
1.57086
-11.6337
-0.294786
-10.4202
-1.28099
-14.8023
3.14281
-11.8989
10.1513
9.56496
-10.3902
-10.4154
-10.774
-11.5671
-4.58888
-9.97142
-12.7025
-9.90975
10.4782
5.55897
0.707006
2.18717
-0.247912
4.87363
1.00565
-11.4482
5.32856
-11.4656
-7.80836
-5.36507
-10.0123
-11.4635
4.26644
-3.87691
-11.5033
0.0254745
-10.8623
-11.3977
8.08546
-6.4048
8.919
5.02328
-11.1009
-11.1694
-11.6139
-12.0188
-6.00846
-6.93855
-10.0226
-10.983
10.2923
1.2008
-8.52871
3.89171
8.01687
-13.4061
9.57521
-2.90056
10.7094
-6.61568
10.6692
5.3634
-11.2486
-9.48107
-10.7961
-0.294921
-16.4012
7.56463
5.90764
-3.57351
0.715682
9.39757
5.62998
0.380613
0.669869
-13.1546
-11.6831
-11.7728
-6.36534
5.80046
10.6557
4.7885
-11.8622
6.11538
-8.44935
6.28559
-11.7597
-11.3918
1.05701
6.59904
6.05162
0.432925
4.93417
0.198392
-11.3794
-11.7419
7.86481
9.10696
2.36921
-4.05577
4.41469
10.327
10.4845
7.86949
-14.3233
5.53469
-5.49359
-4.643
-8.7295
-12.4701
5.50052
-3.19492
6.12761
0.734653
-7.58385
-8.67737
10.3277
-6.5282
-11.4335
8.22697
-3.15082
10.3284
4.05266
9.88873
-9.52692
-7.46836
7.46817
7.72037
-17.5239
6.07162
-9.78989
-12.159
-10.5893
-12.7481
-3.17433
-9.68702
-8.07264
10.2307
7.75606
5.54356
6.89815
9.9411
-2.15345
9.70539
4.80361
1.55742
3.6226
6.31282
9.36782
6.01389
-9.15994
5.63988
4.0827
-15.3345
5.04061
2.85118
-4.41077
-11.7732
-9.21009
3.45875
5.70102
5.07091
-8.28061
-11.378
-11.2004
4.6607
0.71674
7.73354
-2.66145
-11.3281
5.99559
5.77444
-6.52254
-5.99152
-10.579
-4.03983
6.36811
5.22493
4.05612
10.622
5.33338
5.71542
3.03016
2.74727
1.99206
-4.9516
6.65601
-8.71693
-10.6188
-9.71412
-10.5763
-6.20391
-12.3913
9.40703
-6.31093
-12.7896
-11.6353
-9.41693
-4.99215
7.87192
-12.8448
-15.31
8.26041
5.82619
-10.9052
-3.80066
4.75131
-12.7777
-9.38662
6.49992
-12.181
-11.8123
-8.06949
-9.64504
-2.7333
2.36429
-10.1615
1.60937
-11.279
10.6155
-12.2029
-7.09193
4.5921
-9.93156
7.45706
-11.916
10.3924
-15.1016
-18.4821
-6.86379
3.82031
-12.7624
-15.8935
9.67236
-2.26662
-11.0111
-10.9485
-5.89361
-11.8851
-1.7934
-12.3912
3.6398
4.38432
-9.69628
9.34174
-15.384
-10.5863
7.54749
-10.0838
9.8419
0.966068
10.0329
10.6972
-5.18681
-11.1042
9.50919
5.53686
2.36201
10.152
-13.2103
6.9103
8.90178
-14.98
-18.0786
2.49643
-10.2794
8.28523
-12.4373
-7.00722
-10.5948
6.22236
4.78779
3.69427
-12.1774
-8.69086
-9.5784
-16.4611
-8.2102
-0.0527356
-11.1385
-7.45508
-9.5433
-9.96316
9.77854
2.22159
-12.3753
-5.16673
-10.9151
4.22325
-9.85144
-11.2956
-11.9274
-5.85714
8.19216
10.2402
2.47222
7.15206
-10.9423
6.86543
2.56385
6.72395
-7.54474
-10.7251
0.831825
3.91368
-11.3638
6.91102
8.6272
-10.903
5.4857
4.03376
4.93912
4.76196
3.52572
-0.82439
-16.4488
-8.8666
-0.901501
-1.53837
-15.5091
-4.97584
-11.265
-6.00688
-14.1428
-11.6743
10.1309
-11.2861
-12.0606
5.35678
-10.7811
-9.27364
9.44826
6.29175
2.88911
-8.93944
-0.875544
-3.62451
4.69634
-11.2057
-12.2494
9.83812
5.78013
6.33528
9.92992
7.00736
9.77436
-11.2056
-10.5165
4.0607
3.07194
-12.7035
9.47069
0.293926
5.9965
2.45811
-11.5587
-4.66563
2.27084
-11.8393
-16.4783
-10.9353
-9.52262
10.1571
2.02362
10.2262
2.80124
6.0157
3.89367
8.67374
-15.9712
-17.8527
10.5066
-5.82006
-0.720274
-11.5848
-10.0061
-2.78739
-16.9443
10.4159
-5.20712
-12.8109
7.74737
2.22556
9.83666
4.82825
-0.615602
-6.90498
10.4567
4.01234
-10.4132
9.72263
4.2654
-12.3633
-11.6284
5.57278
5.96598
8.87935
-0.626146
3.24019
-15.7681
0.967357
8.68618
-10.7691
3.94322
4.33058
5.26671
-13.7977
-10.443
2.40457
2.56036
-11.9038
-10.17
-3.17175
2.39356
8.40337
-8.71308
-2.23501
-2.47947
4.29167
4.58632
2.40613
-17.0459
10.2233
6.59921
-12.9441
-10.2443
9.01329
-6.81348
-15.1863
2.35021
-2.00484
6.94942
9.91465
5.82639
4.14105
-1.27473
4.14793
7.5426
-12.1314
10.1953
-8.28162
4.48935
9.28742
-10.5129
9.17343
-11.7686
7.07901
2.56004
-10.3642
-10.2344
6.92403
-6.32924
2.18764
-3.36443
-11.7737
3.72423
9.04835
7.55914
4.18019
-11.9724
4.11984
4.29116
9.25335
6.42475
3.66592
4.77647
6.01398
10.1828
-10.9298
10.6892
-9.62658
-11.1229
4.07664
8.77915
-12.4124
4.43363
-1.4261
-3.42256
-9.81174
3.40286
10.4793
10.6882
5.9884
-8.87186
5.7247
-10.4726
9.26373
6.37418
6.59327
-11.874
1.03046
-10.015
3.42282
-2.42207
9.89288
-10.2233
2.0325
-15.4146
9.53243
5.89421
-10.4885
-2.50372
-0.340714
-11.3842
2.77707
-3.54482
-1.24268
0.377855
-11.1373
9.01838
6.48021
3.78087
-11.6195
3.95111
-10.2782
2.5631
-10.7284
7.33473
10.1849
3.6926
10.3021
-9.8696
-11.6632
2.91658
-0.179778
-0.946043
10.1382
-0.513443
1.84536
-4.7264
-11.8537
-16.4544
-15.2856
4.46148
4.36271
2.29694
7.33781
1.2938
9.98409
-7.60351
-1.64655
4.58907
5.56145
-10.2456
-0.723618
-12.3904
3.4928
-8.67612
4.8197
-12.6251
-0.177349
7.12543
9.28914
-10.4921
-1.71965
5.22965
7.33101
-12.1876
5.42321
-12.3006
-0.212488
5.3445
10.4706
-4.18802
-14.9803
-14.8489
6.21585
8.89513
-9.64618
-16.2333
0.00826188
4.02402
3.79648
9.18403
-12.5404
-9.12392
9.3702
-11.9087
-12.2943
4.32746
5.95137
0.055106
3.76475
3.51923
10.1942
7.06667
2.84262
-10.1553
-15.0072
10.2384
-16.9639
-10.0851
3.94183
-0.616827
-12.4562
-11.7022
-2.25124
-4.88472
-0.1696
-12.6331
0.0954557
4.73825
0.339475
2.07961
6.41172
-0.874425
-8.65129
-11.7158
9.12651
-14.2643
-13.0234
-10.7393
-13.2031
3.95601
3.81623
-7.11464
10.403
-15.4348
-3.6563
-9.23833
-17.147
-10.1893
-15.4323
-13.3268
10.1959
10.2491
6.97064
-10.6306
1.3361
-11.7471
4.47829
-1.71688
2.70973
6.83601
-6.81241
1.75088
4.58754
9.87698
-16.0483
2.64926
7.49904
-12.9509
-10.9667
7.17572
0.77646
3.9801
2.23072
2.95664
2.40321
-11.2633
6.17753
10.0127
9.95506
0.372013
-1.97173
-10.3139
-11.3678
-11.3185
-13.4041
6.13955
5.9114
-5.35748
-10.4658
-11.7336
-1.42201
6.87706
-4.72459
5.65926
5.64551
-2.56182
8.02567
-3.27583
-7.55518
5.99817
-10.0925
5.18921
9.05113
-15.961
-16.562
-11.7312
-12.7265
10.5869
0.432834
3.60765
3.48512
-9.30833
-11.1958
-10.2618
10.4072
6.55163
7.10624
-10.4308
2.10242
7.55363
-3.0101
5.83549
10.1998
-6.12501
-8.65832
4.20737
-12.8836
-11.2827
5.0903
4.48068
-11.3521
4.06164
-9.5831
-12.8413
4.17769
10.7182
4.31939
-14.6393
-11.8506
-7.31908
9.65745
5.53594
8.85674
8.01343
4.41486
-12.8647
-11.1162
-11.6631
3.2496
-11.4345
1.55381
-10.0517
-9.03861
-11.5706
8.27437
-9.74015
9.17425
5.91743
6.72499
5.69637
4.10212
4.66125
-7.95741
5.69576
4.82111
3.82712
-4.01847
-11.451
8.98257
-6.51716
8.77608
-2.33094
9.8124
4.2227
4.06463
5.8443
1.66199
-0.951788
3.25111
-7.91233
0.87093
-0.486327
5.78918
8.65944
-16.1892
-12.5635
7.44277
-1.26519
6.01988
6.62155
9.58016
-10.2746
-10.4523
2.70495
-10.5015
5.21795
-1.03631
7.68494
4.90881
-10.9728
3.18722
2.5568
5.75256
5.93811
-11.6758
6.80459
2.40146
-10.8867
3.49382
6.4851
-1.02741
-7.31232
3.85725
2.97603
-11.415
4.2644
-8.48855
-0.278294
9.37523
3.26457
-9.59377
-17.1254
-9.30464
0.777297
-12.4386
4.70884
10.4845
-11.2485
-10.3775
10.3964
7.23926
-5.35813
0.406053
-10.8771
-15.8585
-9.82048
5.04024
10.7003
-12.9865
-10.5158
3.08681
4.38156
9.74666
-14.5137
-10.2638
-15.4299
5.807
7.24029
-10.1812
8.54958
-11.1877
-12.5
-10.7475
9.22425
9.2072
-12.0914
-3.88387
-16.1529
10.1893
-14.0079
-9.72643
5.7248
3.91903
1.21497
-0.546995
2.23581
9.47477
-13.2122
3.64035
3.01691
7.27496
2.7031
3.71629
10.2438
2.6583
1.37666
-11.6439
-11.1137
-11.3106
-17.7192
3.16127
6.66402
8.8072
6.919
1.09704
4.21322
4.81295
7.51562
8.49387
-11.0791
3.38074
0.0789928
9.50316
-13.2998
8.64144
10.0334
-0.148015
5.70649
-10.0686
6.26547
10.0193
-11.4008
-10.5349
4.94347
-7.76971
9.5273
1.27471
10.6549
4.69303
2.87674
9.58712
-6.50249
-6.87639
-2.84794
-5.91889
1.75577
9.84369
-9.60126
-7.04821
5.41803
6.29263
4.43814
2.1569
4.5372
4.89505
-11.8752
5.92101
-11.7927
6.90631
5.99496
3.24547
6.59839
-11.6574
8.28323
6.03513
3.30115
3.15092
9.4496
4.34769
4.41136
7.49169
3.85225
6.1014
4.54428
-14.948
-17.359
6.37657
9.86065
10.4447
-2.74404
9.84821
-6.43928
7.28567
-16.4007
5.62585
4.02709
9.89899
4.00763
1.93385
3.28462
4.09665
-10.8642
-10.6982
6.04367
10.2636
-11.4587
3.20172
-8.55359
3.29822
10.4662
-14.758
9.78523
4.01945
2.82485
10.1848
-11.3035
-10.0756
3.91908
1.93792
3.29434
1.55273
2.37794
-11.4697
6.05051
3.67261
4.2718
5.65102
6.19964
-5.72355
8.27225
3.57998
-10.599
-4.22595
3.42103
-11.4611
-2.06207
6.73716
7.88702
8.24834
-11.9246
7.6104
5.90077
-10.6728
10.3951
3.35313
-11.4182
3.36016
-11.6428
6.0932
10.2208
-11.612
6.05463
3.95531
-12.2932
10.3066
5.29123
10.1707
6.15714
10.141
3.39829
-6.40495
8.11862
-13.6385
6.78672
4.2163
2.57207
7.83007
4.21168
-11.7631
6.24649
10.0469
10.4696
9.73501
-17.0858
10.1173
2.5846
7.85511
-11.4836
-13.0072
3.38704
9.541
5.61508
6.58103
0.467723
-12.3084
-6.26215
4.75105
-14.9574
7.69338
-5.19271
9.51056
2.96624
4.52949
6.16098
6.90795
8.89999
6.58245
10.5965
-9.47085
10.7466
-10.6607
-5.21302
3.97574
-10.4593
4.81346
-10.1761
-10.0136
8.35613
5.46671
3.32022
4.97339
5.92086
3.62386
-9.56806
6.33667
-0.881703
5.26379
8.54013
-9.29543
6.45874
4.39958
9.51719
4.24544
3.0739
9.55779
-9.80036
-12.1141
-13.1881
4.68624
7.11481
10.5902
-10.3883
4.62845
0.701476
-11.7234
3.50667
7.76122
-11.1442
3.4672
-9.34687
3.85924
2.03746
9.46511
-11.8497
5.53625
-9.2935
10.7768
0.989203
9.63892
-7.24626
7.93005
3.68805
-0.842593
6.30839
9.96706
1.7733
-15.6834
-11.5454
-9.58185
5.96744
-3.96358
10.5249
3.18482
-10.9469
-8.85161
4.78457
7.94326
3.25605
2.41684
6.90572
2.78181
2.97937
4.02943
-12.5422
-10.2348
4.64406
2.71348
0.0234608
2.32174
0.066166
8.567
-9.84874
-10.0329
7.99822
2.86466
3.46371
4.12231
-5.28384
-7.1924
-9.79977
3.29765
7.82216
7.51106
10.3548
-12.013
-11.1597
5.823
8.46016
4.67469
10.3657
-11.7046
5.52402
-11.4187
4.45602
6.17431
7.56747
-15.4179
10.2759
8.94717
-10.7707
-9.47137
-14.7514
-11.7003
7.64222
10.3369
1.26631
-8.95454
5.03892
3.16659
3.22533
7.45355
3.27238
9.23832
8.79627
9.58434
6.66694
4.44335
-10.465
7.08974
-5.98144
5.25106
6.51319
-11.9209
-3.39223
9.55532
5.77736
-10.4219
6.43053
3.34615
-8.08021
8.0758
4.90919
2.93981
1.01736
3.73777
9.64258
7.70581
-11.2307
-8.30186
3.94817
6.7508
-10.3377
-11.7542
6.54199
4.06762
8.9608
-10.8409
8.32454
5.69564
5.30908
-0.628347
5.21697
5.50441
5.74619
4.98944
6.59919
4.05451
0.131321
-6.41167
2.62998
10.1481
-11.182
3.35645
-11.964
8.68601
9.61928
6.46416
-17.0898
5.18555
2.21893
-12.584
-10.837
10.1542
3.57669
9.66891
5.35029
8.27214
-0.683514
8.39245
-1.0602
-10.9699
6.03036
3.40591
-15.3159
6.10033
9.79586
-10.6597
2.4463
-6.87549
7.67897
10.47
6.57682
3.4441
8.49097
10.5272
-12.7929
9.741
2.76873
6.17267
-5.05431
8.93958
-12.7136
8.32425
-11.3667
9.48058
4.42754
3.58027
4.20094
-11.4731
9.96554
-12.4371
10.5642
4.3175
0.680576
-13.8129
10.7489
-12.0569
8.51789
4.46446
6.72829
4.74162
7.42501
7.89928
1.53229
8.86529
-3.87203
9.50114
1.87212
9.14371
6.17305
3.40056
6.15803
-11.6196
-9.21813
6.63798
8.54204
7.02339
10.0986
3.65405
3.24323
-11.0729
-10.7068
-0.821195
8.00669
3.39605
10.0711
4.24491
-10.4197
6.35346
2.89755
10.2391
-11.5304
-0.718419
9.95742
-5.9082
7.68653
8.02187
6.75383
-11.3759
-15.4006
6.50906
3.77843
0.80737
8.18746
8.50833
-7.19983
-11.3109
10.2022
0.517843
8.35788
8.03161
9.79934
7.27753
8.90255
2.91737
8.61282
-12.3645
-11.0289
3.82039
9.14382
2.79197
9.57851
-11.1319
4.88425
9.27998
7.05777
3.50904
4.15397
8.06995
-12.8141
-11.599
-2.82425
9.34086
5.16822
3.90317
3.93884
3.51984
2.53768
3.14471
6.86692
2.76498
-15.5124
-6.89531
0.471967
-11.6763
9.5022
6.96888
2.27367
-11.6614
4.86883
-11.3996
2.1521
8.21185
4.109
-10.8077
7.27565
6.38612
-10.7987
9.71211
10.6214
4.25655
9.88925
6.75054
9.68545
7.80589
8.86922
3.70538
3.95571
4.5508
-10.3847
8.117
-13.9119
9.40462
3.91939
-9.68185
7.0472
3.06539
10.4111
-0.968055
3.32345
-6.80411
8.61228
5.20631
10.7339
9.62265
6.25502
-13.2788
3.81592
2.38466
10.2884
3.0883
3.99652
2.02766
2.49085
2.92158
3.4391
3.73811
8.54254
3.83685
-1.60495
-2.18349
10.1087
10.2257
-7.88008
-11.746
9.71619
10.6751
9.82485
-12.2181
-10.1349
2.04613
7.36227
9.74207
5.81321
2.83157
5.18132
7.45683
4.17394
4.7477
8.11967
6.18237
4.23175
3.93987
4.09718
-4.84989
6.73211
8.97975
-14.7906
-4.13
-4.56353
-10.0844
-11.2683
5.15827
5.06073
7.51787
2.82243
-11.0904
-10.8546
4.56631
-3.24975
-13.4956
-8.66437
3.88402
9.99364
0.613462
10.0428
5.69954
6.79139
2.8377
-11.3744
9.45582
4.84424
4.71061
-9.72948
3.35002
10.6085
-2.53278
10.3513
10.583
-11.7624
3.91601
-5.44276
-12.9024
5.97378
3.85103
3.10348
3.83651
-2.32214
2.62408
3.88104
8.53117
3.12018
9.33314
8.80764
-0.514787
0.150901
10.0166
-8.14276
4.98844
4.09831
-13.8027
6.55958
8.77258
8.77952
10.6373
9.79066
10.1759
8.29596
10.0958
8.64552
2.95599
-1.55718
6.06836
5.52216
-6.22594
-3.54974
2.48014
4.39971
6.35538
10.7104
-11.5882
7.60246
4.4075
6.45475
5.81283
6.18268
4.20917
3.58175
1.7774
-10.7495
4.1872
10.0213
8.28178
9.32566
7.76512
8.12998
8.86318
2.89558
-0.485282
3.79908
4.13714
10.3574
6.56233
10.1095
-17.3095
-11.9933
-7.06303
10.6032
-18.7547
-9.36959
-18.4203
-9.15404
-9.07706
-18.3585
9.59719
-9.39265
1.48746
4.29025
-8.92908
-18.2341
5.32385
3.19683
4.61443
-11.3728
8.15143
-11.0119
-10.7349
7.85435
5.00226
9.96306
-9.15124
-15.4875
3.86936
8.59552
-18.0417
-9.09276
-19.1254
-9.49517
-11.6328
-14.9809
-1.44833
5.17886
10.3281
6.8819
4.26992
-1.22096
-2.45076
-16.4568
-15.1953
-9.43262
-19.2809
1.95609
1.98122
-0.888502
-3.00721
3.07187
-6.85965
-11.5281
10.4624
-11.1327
8.38706
3.81008
4.08481
9.23425
4.35767
10.2596
6.688
10.4232
-10.5859
-4.02297
4.92312
6.3614
1.40861
5.5316
-15.6328
5.00833
10.4913
10.4012
-17.3166
-15.2378
9.78038
-13.1402
5.14354
-9.15138
-9.21599
4.02285
10.7231
10.0213
-11.649
-1.09892
4.14885
4.21578
4.43185
-8.68384
4.0501
1.40751
-0.464644
4.4251
3.63457
-3.24234
3.93146
9.407
2.78279
-6.14274
-9.81556
-9.79414
-8.17268
-8.61329
-11.7884
9.1156
4.92368
2.90224
2.25651
-10.9434
-17.7812
3.95266
3.6494
9.95211
-4.86131
-8.05802
-5.53671
3.49092
3.01199
4.66743
7.88865
8.455
5.84584
3.28508
7.37239
-11.3296
6.76847
4.05598
9.59773
8.4842
5.12475
-9.15619
10.3511
3.70021
4.90601
8.39495
-10.4432
-8.92642
-6.31442
7.48982
0.462305
-2.70154
1.0468
3.34988
6.10881
-10.314
9.64552
10.2756
10.7689
1.90268
9.13256
-12.0472
-10.3518
4.20104
2.73117
6.63418
4.17277
4.77652
8.03436
2.78224
-11.7994
-13.0989
9.15134
-18.622
4.07721
6.19336
10.345
6.61254
-5.56042
2.39829
-10.6602
-4.41034
2.98299
6.02173
-18.1515
-4.78911
-11.4871
3.53358
-4.17535
2.16993
8.29382
-19.1259
-6.70905
10.4679
-11.0076
-13.1511
3.03673
3.75244
-16.8871
6.5079
10.7793
-7.60605
-8.27535
3.85116
6.11283
-9.13458
4.04031
-10.4155
2.52295
6.54373
-5.93624
3.0484
4.26259
10.317
2.80101
-9.21553
-19.5034
1.35116
9.94162
-3.70377
3.67492
-11.7984
-8.63569
-6.6822
6.06026
1.59973
-11.6314
-7.37524
10.4211
4.17438
-3.62684
-19.4449
3.67833
3.58547
-12.6697
4.35198
5.27955
-4.2136
10.6936
4.65713
4.25842
-9.23608
-8.75735
2.80351
-13.2363
7.59618
8.21215
-0.440209
-5.24647
7.28112
2.68331
10.3308
-14.1825
2.56859
10.4394
10.21
2.07124
3.9682
0.292041
6.07629
4.03545
4.61018
-6.29109
-9.24684
9.14202
2.7583
3.87376
10.6147
-10.4459
8.6469
-10.7251
5.38825
-3.4963
8.21027
2.42705
9.57931
9.48279
7.62383
8.23009
-9.25461
4.07125
-6.53076
-11.9399
-6.12244
-6.02664
8.18756
6.76968
2.55441
-4.52396
8.0739
-10.4586
-11.5619
2.22624
9.26482
10.216
-9.15255
-9.95389
10.078
-12.9449
4.05894
-7.49124
-10.6024
4.19261
-11.5214
2.99096
8.34367
7.21494
-3.89439
10.7359
-11.5351
-6.75656
-1.14744
2.14852
-11.6537
7.44819
7.0858
-2.80068
1.65275
4.08846
4.30683
9.4583
-9.2702
10.1236
-0.129228
10.0493
2.8081
10.1749
4.53462
8.87984
8.71343
-13.7486
5.2442
7.7362
3.65765
-12.696
9.86379
-8.72361
10.0067
5.81903
8.68905
10.2635
4.11545
1.86845
8.55162
-13.9104
-11.1317
-3.82973
8.81476
-10.7716
9.4566
-11.9117
0.970633
9.759
-14.048
-0.500594
8.70534
7.25041
-12.6905
2.62101
-2.67368
-7.99721
-19.647
-9.24989
-12.2115
-9.31457
-19.5594
-9.15769
-11.4046
9.62647
-18.3265
2.64369
-13.3365
2.17717
-14.8882
0.999886
-10.6254
7.08766
-5.61654
9.59826
2.83828
6.49971
9.79679
3.57327
1.04727
10.7668
-13.3691
-0.628375
0.226653
2.45212
4.10483
9.57134
-0.285957
-15.6982
-17.9379
9.21469
10.7703
9.1858
8.57042
-11.411
10.5376
-6.11505
10.5128
-1.2216
0.191231
-8.99892
-10.7931
7.16447
4.4185
7.66932
5.94948
-9.1868
-3.49063
-11.2596
8.00731
-10.7654
10.7221
2.37264
0.274856
-12.5028
-12.2526
3.49308
-10.7455
0.58482
3.89979
-9.4454
-14.565
3.95267
1.61381
9.55942
9.043
-11.0866
-18.8182
-10.8492
-8.17972
-10.2554
10.7305
-9.29478
2.97933
-0.9387
1.26525
5.18479
-10.1043
5.28088
9.35265
-10.2708
-4.04881
-11.8812
7.00516
-12.5068
-7.37719
2.63343
9.84951
-0.313606
9.81753
10.6028
-0.356015
4.77239
10.1327
-12.7473
-9.9871
3.42251
4.12695
0.448915
8.79317
-9.27014
-9.25672
6.52444
9.02617
4.07109
-9.21465
-11.7721
-9.23947
4.15864
7.59198
2.17633
7.48509
4.5785
4.08524
3.59983
-5.62626
-10.911
8.45127
6.16943
9.34154
-11.5978
10.7142
-13.1958
-4.45623
-9.33585
-2.31115
-12.5923
-1.98721
3.70661
8.76526
10.758
3.17767
-9.26667
-19.0586
10.6655
10.6065
-6.10514
-11.302
7.71706
7.27798
10.7215
-6.53244
3.45212
4.8147
-8.75835
-11.1874
-6.13346
-10.5037
2.44895
10.5562
10.3697
6.84132
-9.38591
10.5003
9.6517
7.69561
3.64033
-9.71428
-9.96498
-7.45625
-11.5374
6.21602
-2.77499
4.29143
6.39715
-9.48395
5.89277
5.20864
9.47671
1.47221
-11.2379
9.50009
5.32319
5.64875
-10.656
5.6211
0.0825217
8.2078
-11.5335
-9.62865
4.40714
3.52428
-11.9122
2.04707
-10.9733
-8.3256
5.10244
4.27438
4.17676
3.84581
-11.4916
-0.168568
3.9438
-4.37597
3.50853
6.19149
1.97682
2.56314
3.59258
8.97115
8.9488
-8.21726
7.93266
-9.78532
10.1401
-10.9111
-10.2424
-7.54797
4.67623
-5.25796
2.02106
-12.3667
2.6825
-18.5762
7.90902
2.89544
2.52645
-14.5443
-19.0284
2.72039
7.08504
-11.3169
-11.5143
-10.9824
9.94153
2.04072
-12.2105
4.51434
3.79673
-9.83055
10.2438
4.3079
10.6862
5.59138
-9.24285
5.16447
4.39309
9.96844
-9.3942
3.83529
10.1163
-2.19328
-1.16956
-10.0064
-19.8567
3.56194
-11.3365
-7.10791
9.2266
4.28521
-7.47537
10.536
-12.9087
-11.9056
7.02235
4.51187
9.35438
-8.73313
6.62678
10.1802
4.45273
10.2266
-4.1787
9.88416
10.6406
-11.9885
7.60986
-18.3796
-11.0929
10.2073
-11.6286
7.67779
8.34996
2.21828
-8.84501
2.16091
9.46256
2.398
8.59537
-17.8979
3.22457
7.9541
5.29797
8.41848
10.1077
8.82102
1.57683
10.7117
-9.22626
-14.4457
-9.16757
-2.85486
-11.2084
8.49599
7.32709
3.6816
-10.2622
-0.793776
-1.84526
-18.9967
5.25833
4.97471
3.39397
1.18012
3.20466
10.6924
-4.04144
-13.0581
10.5294
-11.4228
10.1511
3.28817
-11.0511
10.202
4.6722
4.46095
3.97656
0.0112252
2.41846
4.76747
-12.9262
-11.4955
4.1046
-11.0305
-10.9605
-0.628623
9.37613
-5.33031
8.65949
10.5577
4.88244
-11.3389
-12.9833
10.1791
-9.353
5.10906
3.13813
-8.64665
-3.87479
-6.10655
0.999134
-12.4755
9.51547
-7.65801
-16.7846
-14.9521
5.35008
2.25054
10.09
4.23343
-1.30761
9.30407
1.72034
3.75668
-12.1161
3.76814
5.85732
-3.84531
2.19885
1.29003
6.56114
-12.4264
3.08122
0.811059
0.817116
4.11377
4.1758
3.5945
2.11377
-11.7855
-9.3604
8.99671
6.07285
-9.81558
9.62895
2.93946
9.24607
2.56162
6.80559
1.33659
-7.62542
6.44475
-10.1669
0.00205539
6.25699
9.97583
8.25322
10.2408
6.69279
-10.8346
4.60106
10.4376
9.49154
10.4964
10.1704
-19.096
-1.73538
-11.6039
10.6308
1.36326
10.0578
6.29416
-2.31771
0.987294
1.31821
3.1119
2.47682
9.19459
-1.63689
-12.7979
6.07788
10.2874
5.42452
-11.3025
-10.7818
-10.624
-1.73848
4.16544
-12.2798
10.6341
-12.6952
6.13747
-17.9436
-8.82384
-11.5176
4.16375
4.98701
2.93561
9.69051
9.86105
-6.02629
-10.8657
3.91581
-10.1449
9.10858
10.3494
7.92005
5.38574
9.91176
10.5284
5.17849
-11.2864
9.49177
1.48277
-2.05603
5.14835
3.2095
-11.2115
2.64565
-10.4952
10.7566
-15.1289
9.25422
2.70977
-12.3521
-3.06481
9.68738
-3.50551
10.3871
10.3347
8.88473
-7.64701
10.5032
-12.7197
1.63928
5.39139
1.42851
-3.17576
8.86657
9.95737
-11.8629
6.52259
-9.34113
-10.8229
0.40179
-4.94143
3.37313
6.34502
3.93949
-5.19144
-7.267
5.85943
-19.6936
6.02708
-1.71761
-11.8974
2.39319
4.3704
10.7289
-2.54999
-14.687
-13.0303
0.452258
7.47949
9.97595
4.99231
-8.63289
-9.25781
-19.1295
-2.94886
4.234
3.01991
-5.47317
9.94529
3.84445
-3.67087
9.86631
5.02285
-9.90481
-3.18591
-9.30701
-10.8135
5.96734
-11.5319
-8.49668
10.325
3.93145
3.22516
-4.72847
-2.32191
0.681927
10.584
6.21261
-6.80441
6.60509
-2.22494
4.99084
-10.4592
4.26002
4.36996
4.41734
-11.9211
2.25441
-18.4131
10.0597
-0.0203958
6.2427
5.43342
-2.65627
9.70087
7.28032
10.4163
-8.62329
9.56323
-0.66406
1.82687
1.209
-10.7988
4.77025
-3.50636
10.7491
6.19796
-9.64381
10.4569
9.96769
9.74857
-2.65284
-10.8763
2.76417
-11.6923
0.109685
9.10055
-11.4291
2.6164
9.78507
0.440987
-3.66941
9.65936
7.40373
0.315463
8.01401
8.99108
1.2699
7.75553
4.97443
3.01941
-1.95554
8.70981
9.24607
-0.531668
10.3821
5.80167
0.0946099
0.459988
2.53491
7.5548
-10.1735
6.07517
1.85444
8.66301
10.6989
-11.2457
4.27897
10.12
-9.74461
3.16389
-2.43369
-7.49888
-12.3905
4.74289
9.37309
0.353066
8.94583
1.82298
6.12716
1.71747
-0.145327
-5.28139
-4.42632
-11.0345
5.46328
-11.344
10.3828
-6.62702
9.79032
3.84069
7.58259
9.96552
-4.62705
-13.5195
3.90234
-18.685
-10.2974
5.24305
-4.79698
6.27986
9.14998
10.6403
1.97105
10.4478
-10.858
5.90237
-11.7915
2.2699
-11.8265
-5.50084
4.09847
6.89804
5.05578
5.10362
-8.06183
5.7335
10.2581
-8.28884
-5.05869
-5.55366
-19.2295
-9.2128
-3.93888
-11.7638
1.99926
1.27461
10.2233
-11.4007
-10.4737
-0.0933057
5.13724
3.99099
-6.80122
10.1261
0.246063
10.3098
7.14233
6.17393
0.32414
-8.19802
10.3133
-11.7711
7.57719
4.62371
10.1682
4.66952
7.81016
-10.9451
-11.2298
10.6654
-9.045
8.30759
2.32245
3.81824
3.57379
7.0967
10.4919
6.36917
-7.95294
3.86263
-11.389
-11.3961
10.587
4.19706
-5.54463
4.19682
-9.60667
-16.7188
4.91948
8.94539
1.57161
-0.147034
-11.4471
-9.54682
-11.164
-11.6809
10.7121
5.83896
-0.327162
6.13706
2.848
-7.02003
10.4271
-12.0769
9.26574
0.289996
5.17899
9.87819
-2.88892
4.01833
10.1807
-12.5315
5.23194
-11.1284
-12.1733
0.707068
5.05417
-2.1752
-8.14721
4.05062
10.6827
-10.9384
8.3786
-3.96813
10.0371
-9.33168
1.94116
7.93029
5.46624
5.47582
9.69562
0.00644217
4.92601
10.5586
-10.9087
-6.37781
-1.59425
3.69923
8.92617
7.16007
-11.6935
-14.9431
3.76988
9.0886
10.1374
4.57927
6.47428
10.293
-11.7284
8.45781
-14.4737
3.91349
8.78586
9.51138
-2.34383
10.3739
4.32511
10.1725
-9.71733
7.75932
3.98918
1.97681
10.4022
4.35059
-17.3865
-10.9955
10.5085
-14.6092
0.0122745
-1.04675
4.55077
10.5992
5.60073
7.97825
3.39987
9.6299
10.3083
-7.21784
4.42061
8.66688
10.6672
-11.1615
-1.73619
6.05331
9.52222
-11.9055
-13.0391
-10.5661
0.0499908
-19.6836
1.70482
4.11917
0.672217
6.21119
-3.30467
-14.2746
10.5599
-1.07861
5.96996
9.38516
2.39292
-2.25702
8.52932
-0.789823
-10.1526
-4.11689
-9.93151
3.44925
-3.41559
4.63083
5.09846
-4.12237
-9.77979
6.2871
8.09636
6.07305
-4.17753
10.1306
5.03951
-6.48718
-7.90993
5.71106
10.2703
10.695
7.99889
10.7059
-12.5948
-3.89349
7.60026
8.74219
-12.8568
10.4308
2.97348
8.77343
-1.66438
10.3388
10.1551
3.78176
3.21884
6.83677
-0.119215
10.3626
10.164
-5.42149
6.53903
-0.141159
10.244
5.36592
-12.0014
2.21766
-5.88179
-0.790815
10.4319
6.18455
-12.1874
4.05414
-10.9959
3.7997
9.3166
10.5547
3.93366
-3.87035
6.04829
-8.58571
6.30776
3.75529
9.35616
10.3391
3.84529
-13.2246
-11.25
9.13265
3.15073
9.11857
-4.95526
4.49607
10.1442
5.70563
-1.83397
9.14064
9.12133
10.0889
3.89303
10.1031
9.00401
10.6071
-9.2519
-10.98
-9.1063
8.23498
3.94728
-1.53801
-9.05795
7.06237
-8.14068
-7.25168
3.88155
-7.49797
-13.8462
0.746779
-10.9744
-3.81776
3.97504
-13.3984
-2.43783
9.50215
-9.99884
4.08027
4.56992
-12.2857
5.71948
6.13566
-9.61685
-14.8668
4.70434
9.54113
-11.3632
6.35918
3.85499
-4.15696
8.5064
-7.67299
-12.8758
4.59799
10.3006
8.76798
-9.74813
6.35318
5.8757
-2.80344
-9.94204
-2.11538
-10.5283
-18.1067
9.31268
10.7423
-1.40677
10.635
5.97828
6.22431
10.1857
6.2535
5.94731
0.281418
4.26122
-14.9447
-1.61211
-0.0199907
4.30174
10.2671
-12.5185
-5.96217
10.758
-12.2845
-10.2735
-6.88165
-12.6654
-3.31693
-10.5718
6.2119
10.7063
3.79093
8.21407
10.663
-17.8722
4.93804
-10.8113
-10.5643
9.54049
6.56266
-3.52409
-9.19192
10.3812
-3.27513
10.3405
4.80487
7.6921
9.53631
5.42635
6.81337
-2.85248
5.35676
8.14598
6.57883
-10.903
5.61374
6.01227
-14.7523
6.15144
3.94126
7.77643
9.94793
1.23019
5.06804
-8.64032
7.66722
-3.46734
6.2323
-11.0507
-4.71231
5.60679
10.0289
9.96925
-13.0125
10.1394
-10.4992
10.3089
3.41891
10.0304
3.27205
-10.8511
3.7724
-11.3079
10.2155
10.6216
6.28697
4.07307
5.09886
-10.4219
-11.9292
-11.2644
-5.18051
1.10724
5.10775
-10.38
5.20505
9.51269
-10.1667
1.53501
-4.18522
-7.46323
10.2645
-15.4236
8.61776
5.79518
6.48363
9.53108
-15.206
-1.71527
4.54461
-7.48223
-8.20032
9.54325
10.4908
-11.8466
-11.3127
-16.8619
3.63535
10.4917
0.590851
-11.2248
-11.7729
-9.09765
-5.43223
4.83019
6.55529
-4.99293
-1.48718
10.222
-12.9681
-10.8327
10.266
8.50044
5.97065
-0.642583
3.95433
-7.60948
10.2028
-6.13754
-11.3066
-11.1639
9.97695
-4.14587
10.577
4.63488
-10.2608
8.17151
10.7412
7.91342
-11.9152
9.6634
6.61297
5.28587
-3.69009
10.2941
0.997804
-11.7968
-12.0148
3.38983
4.24374
-10.7261
-12.3
9.48595
4.10401
10.7465
3.82674
-11.3232
-2.91474
-3.77499
7.91011
10.067
10.6815
9.80645
-12.0774
7.16009
10.319
-2.03321
10.0491
8.69372
9.75734
7.13793
9.92313
7.35293
4.06799
4.70654
-13.1268
-12.745
4.10315
9.59647
7.81892
9.63743
-19.868
-11.4348
4.87018
4.66558
4.21718
4.1642
-11.4913
5.98612
3.82082
-2.22141
6.10668
3.5455
9.45003
7.83577
-6.25501
-11.1159
-1.74331
5.59718
6.60717
9.72626
-9.87874
9.68701
-14.8279
-12.0219
-9.38232
5.14573
10.1089
-14.7914
7.29087
1.79998
5.89541
10.0828
6.10897
-11.213
4.22091
-10.8581
6.8492
-1.60379
-2.88953
10.1731
0.900273
3.86192
6.22746
-13.1389
9.82543
8.0652
6.13376
-14.0997
-12.7116
8.93885
-1.75024
-11.5207
-12.0401
9.10133
-10.619
-8.18101
-15.601
-11.3378
-12.0229
9.9817
7.52422
-11.9884
-14.6087
-3.81428
2.13795
6.2898
0.932204
5.95312
10.7656
1.68135
-8.97253
-5.38814
4.21926
7.82552
-9.06025
4.18566
4.06101
4.14617
-2.34599
6.97591
4.26446
-13.9542
-11.8742
4.92767
4.39835
-10.4062
10.6457
6.97979
4.48956
9.84122
3.66171
-1.29418
-6.14841
-8.42727
-12.07
6.45972
6.19809
-3.49068
-12.1622
10.0015
-12.2077
6.47832
-3.48905
7.62584
-11.5207
3.92596
8.57577
6.86052
-11.2906
-3.49549
-19.2372
-5.13526
10.2776
6.53697
8.76693
-0.0131503
-12.0968
-18.0963
-11.0137
3.7076
10.0374
-1.14946
7.03588
3.5357
10.04
-11.4193
4.01462
7.06482
10.2722
3.73053
-12.2477
10.4515
1.73086
-9.30946
-11.352
5.91897
8.72228
9.49471
-11.1108
6.6289
-11.5028
6.81708
5.06623
5.3607
-6.65532
7.3252
6.16216
-9.68713
10.2042
3.92261
4.51399
7.38748
3.43635
6.85137
6.06354
4.28626
3.26826
-10.1795
5.32927
-16.0139
6.09643
-14.1797
-12.4449
8.09249
5.60514
-10.9242
-9.52335
7.09114
8.33056
6.45815
-13.2705
-3.68825
8.89384
-12.8069
7.21255
-11.5861
-2.62159
9.55127
-9.86839
9.01323
3.95778
8.26427
-6.65186
-11.517
4.28417
7.01608
4.38093
10.0881
3.89573
-6.55156
8.87428
-13.5772
-9.38757
9.73939
-12.1842
-17.5152
9.2545
-12.185
-9.71254
8.37767
-10.3128
9.29997
-11.1682
-9.82638
-19.6776
-13.1614
-0.222637
9.20741
8.71423
1.1577
10.389
9.51836
-10.8771
-12.6889
7.34346
9.85615
8.98409
-10.267
8.92285
10.6842
9.41816
-12.4972
9.48716
9.2781
-9.26792
-17.866
-9.98013
5.62579
4.06441
3.90561
-9.7488
8.60847
-8.70245
8.54046
8.7237
10.3751
7.31941
-4.83035
4.30345
-10.6874
9.56262
-12.2478
-0.522639
10.566
5.36563
6.74493
8.88901
9.68554
-11.6972
1.52265
10.1296
5.76317
9.29421
5.62922
-3.17048
7.20693
8.70119
4.22891
-12.0282
6.3379
3.74818
3.83163
9.15413
-9.54327
-11.7853
-11.559
6.92713
8.62844
10.7334
9.50073
10.72
8.77705
-11.686
9.95776
7.94308
8.95035
-11.661
4.35219
7.39984
10.1484
-10.75
9.67249
10.625
8.81416
-7.56354
8.82381
6.1315
-12.8436
10.1335
3.08515
8.72878
5.49418
-12.0947
4.64673
-1.77908
10.1974
7.79454
8.17373
-11.8086
6.07929
8.86426
2.97036
-13.6132
-5.80084
4.95145
7.30883
-16.0745
-11.6322
-5.34025
9.55317
9.68149
9.85388
10.5523
2.19495
-16.0684
10.5893
6.16004
7.92602
6.67727
6.12905
-8.20914
4.03435
6.8164
5.77407
-3.72724
-8.44344
9.29097
3.73032
-10.3841
9.02764
-19.3224
6.14837
6.40042
-4.05451
3.46896
3.48269
10.1944
10.6259
8.14902
-8.51935
10.9116
-9.53414
-9.28559
-4.44431
0.0719488
9.69316
5.11505
5.64354
-12.8556
7.84057
4.60753
4.04199
8.00747
-11.3853
6.74792
-11.7935
-11.9655
9.50993
9.58842
7.67176
10.1678
7.69008
9.26961
-0.266331
3.81497
9.40512
10.6797
-0.430094
3.64787
4.88044
9.83335
3.94954
7.07625
6.26617
4.31638
-13.4292
4.90509
-11.9966
10.3099
9.09304
5.89893
10.1864
6.12851
-12.9799
4.09444
-12.3615
-11.2614
8.712
-2.32477
9.0976
9.95006
7.38066
3.39831
5.49352
-13.083
1.35844
7.86791
3.51983
7.5634
7.40546
10.6193
-11.0365
3.84286
6.24489
8.14097
-12.8267
8.60904
7.30876
-11.8913
-8.78384
8.15453
8.01511
-9.38467
10.5013
3.66112
1.23839
4.30598
8.86646
9.79427
6.92752
6.09672
5.11174
3.61972
4.79822
5.33727
3.76393
-8.66322
1.44781
7.15292
-17.951
-11.4974
-5.57737
-13.2879
0.23823
-8.46471
1.59889
-15.5536
9.42615
7.38361
7.12307
10.2145
-13.4883
7.52542
6.95308
-2.92359
5.03166
-10.4415
0.832262
-1.03847
7.43245
3.67189
9.41069
10.6328
-18.5451
-13.6329
-4.11783
-12.1066
-2.96555
-8.09813
-2.28872
3.90983
0.792301
7.45775
9.20482
5.17447
7.53194
9.63467
-11.8118
-11.6601
7.72134
10.4574
5.97253
9.85585
10.4527
3.74088
-2.76707
-7.03925
4.49614
-8.18897
5.83257
4.79366
9.13835
6.14086
8.35264
-11.9322
-7.49321
-14.373
6.93026
-9.76448
-13.6711
7.58654
5.44416
2.34751
-2.25863
4.61783
-11.4959
10.4343
-17.0384
7.2366
-17.3283
3.75414
1.0236
7.08358
9.8129
9.72334
7.74501
9.49042
5.05092
6.13095
10.1073
7.99871
9.07413
-6.39751
9.12538
6.46158
1.77182
4.77233
5.50261
6.64933
-10.6205
7.0599
9.52006
-2.31645
8.73353
6.49493
4.26018
8.9498
-12.1905
9.44189
6.1208
5.38413
6.21947
-17.6221
7.7945
7.34545
-16.4663
6.15933
5.75313
9.01563
5.94347
2.22388
9.04918
7.68387
7.47891
4.53142
-7.48987
-10.5433
-14.6469
7.51306
-11.8899
-18.0378
-9.05699
7.93109
4.71579
-7.6277
7.0361
6.67198
-13.2559
8.48267
-10.6176
4.98534
2.56381
-4.17495
-10.2906
3.8395
6.33868
5.283
8.61336
9.16178
1.58268
9.65483
9.87936
-2.38267
9.68591
9.65564
6.16869
8.96084
1.28736
0.673668
7.98025
3.13476
3.9897
4.26785
10.3063
-5.23405
-6.04012
9.48954
-9.25669
6.91613
6.14903
4.25988
7.31068
3.28727
10.0329
6.15855
-14.8527
10.3903
3.55681
6.75495
9.18676
1.88221
9.1048
5.69009
-9.23533
10.2126
4.14945
7.09969
10.1127
10.7666
7.51596
-8.68998
8.93474
-2.11624
-5.25412
3.18955
3.88612
9.39345
-9.06623
-10.1988
7.94265
9.46171
4.13489
-9.48685
8.1849
-12.8201
-6.81057
9.66484
10.3011
-12.074
3.88717
-11.636
3.97739
-4.177
-8.75388
10.4622
10.2429
1.66814
10.3092
-11.2167
9.90715
4.43101
6.76681
9.35322
9.50004
-6.50167
7.7983
10.2694
9.42685
6.21819
-11.422
3.98663
10.7432
8.87689
-11.9303
6.59001
8.03164
-6.69046
2.409
7.29719
8.07487
-16.7767
8.85142
8.75688
10.211
4.23474
-14.4618
3.18265
10.0528
-13.2944
2.29317
8.53991
7.66909
9.8894
8.08098
-6.88137
-13.3798
5.87253
4.92312
-6.82247
-9.15202
-19.2841
3.93149
-17.8693
-9.20325
6.2623
-6.98239
9.83747
-9.06175
10.329
-13.5753
2.02919
-10.9865
9.99186
10.467
-7.52609
6.95977
9.0573
10.5882
-14.4904
-0.891415
10.296
5.76125
5.62251
1.29958
-13.2662
7.77542
4.06252
7.58101
7.89363
-7.15538
8.96554
-7.63751
3.94894
-12.8647
-12.2752
-9.33488
8.40432
4.04315
-13.2044
3.26913
2.47929
5.46231
-11.5442
-10.6409
-1.74389
7.85293
6.87044
-10.7749
3.52346
9.08021
-14.069
-5.76479
5.72273
-14.7159
4.60893
10.4805
4.69488
10.373
-9.73022
5.58156
8.76828
3.25115
-3.07678
-13.0102
3.7498
-1.36919
6.17459
7.65263
7.61392
2.26466
-8.07367
5.146
5.98577
-4.9685
3.07081
3.83526
-9.83228
-11.8115
6.27744
9.96763
6.59179
6.23625
6.23332
5.94764
9.23644
-10.936
-10.7865
5.55122
-10.9563
-4.44391
10.3123
-14.5654
-0.359991
4.83409
9.92115
10.3358
3.73645
9.53524
-7.53537
7.93375
3.90335
3.82738
8.62457
5.39409
-13.2518
10.7298
9.22084
-6.8859
8.66171
9.25233
6.08798
9.49955
6.51125
-11.6635
-11.2658
8.23478
-2.43655
8.83338
4.93055
10.1971
6.92323
-9.91947
9.73404
8.36122
9.42894
6.34002
6.16585
-6.08562
6.39502
1.92448
-8.70282
4.80906
5.91228
10.6083
-4.86314
5.94238
-12.8721
6.14914
-13.2775
-10.1754
8.32982
6.93265
9.74892
9.55212
7.50179
-11.901
10.6988
-10.8036
4.68708
9.57745
8.71572
6.75219
8.24136
6.28121
-11.924
0.940366
4.92726
10.0982
8.16171
-13.734
10.1093
-11.4796
-1.26485
9.64902
-0.162533
-1.03284
-9.91535
9.56797
-12.3021
6.90727
4.53593
4.77963
9.77354
7.8823
-11.4332
-10.9078
7.10429
10.1505
-12.5856
-8.86185
3.87648
8.10348
10.0466
6.41986
-11.0262
1.62028
2.37246
-8.87921
2.0517
9.7677
9.69445
10.2851
5.58159
-19.1423
-13.1265
3.94103
7.31924
8.14038
-13.3674
6.5041
-13.7423
6.87279
3.84763
-12.6998
10.4617
10.1046
6.23137
6.11343
10.2219
10.25
8.83204
6.45587
7.28605
9.27862
1.78832
9.58492
10.4854
4.51626
10.5227
-15.4521
6.15384
4.0404
7.27578
-10.126
-10.8059
-10.7705
10.5371
3.84307
-9.4107
4.41363
4.2549
-12.1439
3.27234
-0.504063
-13.4311
-10.9506
4.1693
10.386
9.96373
-11.5951
-14.2291
9.11034
6.30281
-0.639714
2.51179
-12.5723
9.21521
7.51453
-7.4486
-14.6026
-14.6142
4.13879
5.31556
9.03354
10.0087
2.96929
-11.2287
8.56647
-11.6475
-15.8028
9.10777
7.68155
7.9685
4.356
2.72316
8.80528
3.724
10.5628
-10.9375
-12.5124
5.67822
7.70935
-9.97644
-18.8607
-13.2898
8.71082
-12.4224
9.46938
4.12076
10.2877
-10.9668
9.4114
-13.5104
-12.1534
7.16533
6.53543
8.72408
-16.9239
-12.4296
10.0445
-6.04209
9.14324
9.34271
-11.3947
9.60968
5.7801
-12.0089
4.01031
1.51714
-8.43123
7.55754
6.72367
3.09156
6.51318
10.2112
4.02779
6.16849
-9.02949
3.21452
9.30733
4.8365
8.63259
6.12625
8.66354
-11.3804
4.89378
8.81447
7.15147
2.82496
-15.7978
8.01847
9.90469
-13.8227
7.08959
-0.936467
5.75244
2.95314
4.57662
-14.222
9.96227
7.88696
8.60349
3.09414
10.1649
-13.2225
5.4677
2.6417
-9.89236
8.6065
-6.04509
-17.0698
3.30429
7.00024
8.71423
8.78706
5.15272
8.22223
0.352968
5.034
8.92517
3.79451
5.13123
8.90909
5.41537
-9.03422
-13.0258
-16.4928
-5.11093
10.2471
6.29569
5.63028
7.93727
-11.9172
1.68961
4.77406
-2.74023
-11.4335
7.9645
9.57654
-12.4681
-10.4579
7.69748
3.71847
-12.8808
4.13451
6.19511
5.44618
5.40869
-18.1597
4.02926
10.7373
3.99226
8.20049
10.0206
4.1121
9.68902
9.55443
3.92241
7.00034
-14.3357
9.20348
9.69917
-12.6008
4.94904
9.235
8.53628
-12.9827
-15.2308
7.30739
8.75424
-6.47667
9.36868
-12.2193
9.48489
3.87923
10.6839
5.536
6.71794
1.78593
9.77251
8.70694
7.63531
-8.38635
-5.00349
-19.2322
9.79036
3.78623
-9.71572
-13.1853
3.73084
3.74419
9.12013
-15.2919
9.30021
5.52543
3.7826
4.77069
4.10557
8.36738
-15.6531
4.95096
6.49325
6.22264
-17.519
6.92422
9.35661
-18.3905
9.55823
-1.18705
9.7121
9.49786
-14.2954
4.62768
-10.3468
9.9219
1.08688
5.78822
-12.5712
-10.0757
-19.1027
2.08895
-12.6075
-0.392734
8.28612
8.37333
-5.54162
10.5879
10.5935
3.86375
-10.5833
3.77787
3.36069
-10.1122
-1.41534
4.83124
-5.35326
5.35227
8.5889
8.58501
-11.286
10.7209
5.63601
6.58634
5.51327
4.77784
-4.99856
4.64371
-11.9539
-10.4337
3.86129
-2.18933
10.7534
-9.26544
-13.2469
3.10821
3.84635
5.70509
4.88918
0.201407
7.98409
4.99904
4.97528
-17.3136
5.96282
1.18854
5.47968
8.36816
-2.66337
4.09398
5.96193
-16.9199
-18.5755
-12.2114
-10.8661
-10.0078
-13.1837
8.8274
8.60276
5.43126
9.79606
-3.13978
5.50635
9.20346
4.84235
4.23222
-5.86558
9.07281
-11.4073
-1.40373
8.84378
-19.858
3.97328
6.88618
-2.94875
-19.1131
-10.4799
10.3881
10.2511
3.74604
6.46441
-11.8643
-5.77837
7.43497
-13.2841
-11.4929
7.01171
9.59364
-11.6857
-9.85401
9.90272
-18.338
5.35506
0.991566
5.70944
5.86923
3.83096
6.02141
3.86793
-12.7253
4.28269
-9.92582
3.49152
4.08548
9.49556
9.09361
4.76889
10.1589
-6.03864
3.68958
8.03007
-10.2567
-18.8699
-10.0882
5.82137
-10.9282
1.60586
6.00845
-11.6782
6.11525
8.21667
-12.2001
3.78407
-11.7998
5.05625
-4.35261
9.86969
7.35068
4.64041
6.46197
3.87528
10.4453
8.05002
6.75328
10.0311
10.1238
5.6706
-19.4111
7.98056
2.74618
4.85344
6.42778
5.90762
5.63725
-11.8198
-13.2419
-13.458
-12.8605
-4.98683
-5.22062
9.17376
3.80067
6.50162
8.67524
1.09607
9.73825
3.95716
-11.4133
-0.671133
10.0927
9.05043
8.06165
4.88173
9.53876
-2.82687
-7.75356
-3.29622
-12.2112
4.71382
-12.1524
9.34483
-8.77438
3.80195
4.9105
-10.7792
10.8017
-13.2051
10.301
5.05873
7.20766
7.24243
-12.4679
-10.5148
-11.9439
8.7954
9.9732
4.99962
7.92553
6.12157
4.26025
5.47686
-11.663
5.76835
5.23691
9.02892
-10.3017
6.24125
5.43786
10.1651
-11.6682
8.15963
-13.711
-12.0048
7.94716
8.44526
1.11455
4.07925
9.2404
-8.76018
9.06905
3.91443
-9.48727
8.79407
-16.7697
4.5481
7.00341
8.8864
-13.6664
9.59785
4.77178
7.40119
0.372548
8.38967
1.82942
5.86737
3.8073
9.45319
7.26044
-14.2078
6.67466
7.33845
6.41253
-8.32352
-4.90454
5.18877
2.26439
10.754
-10.7948
4.71746
3.71732
7.03134
4.61115
9.01271
8.46897
10.3469
-18.3387
10.2475
10.4471
9.85994
8.76081
-3.20552
3.78625
8.63562
3.43612
8.65995
4.1307
10.3204
-19.1162
4.53209
-11.2797
5.34824
9.68491
7.5161
8.90994
0.707554
5.96544
-10.2363
8.73924
3.4921
4.91301
9.10998
5.79918
10.0967
4.57835
6.67704
9.32645
6.91624
-4.52366
6.67698
10.2623
-17.7851
10.7605
8.15372
8.23745
-6.42301
9.80518
10.5499
-13.1869
9.20536
-11.8893
7.52607
8.82782
4.76361
2.87037
6.02285
-7.96841
9.42738
6.29727
6.02939
5.80593
-12.1306
8.95387
5.6189
4.07411
4.34428
6.0067
3.12828
4.70189
5.58993
-0.982614
4.13291
9.44943
-9.638
6.03951
-10.4809
6.29004
-0.559512
9.25131
7.46771
4.42183
-12.0806
-11.2759
8.71993
8.77243
-7.4905
-9.17504
-5.88155
6.12519
3.68528
5.06953
-3.36389
-16.7594
7.94646
9.6584
4.71578
6.74118
-12.3239
10.5472
7.51734
5.64829
7.43494
4.25619
7.06253
4.86423
-12.0799
9.26165
4.33171
-18.2558
2.44801
5.77163
3.96757
-10.7644
7.28411
-0.902584
6.86287
7.31667
8.10677
9.98732
-9.06789
4.23202
3.90784
6.10886
5.15472
2.63621
7.73724
5.22275
-12.8032
4.83241
-12.9195
10.5745
8.07244
7.45291
10.7309
-10.81
-5.33833
9.41262
-1.91441
9.03671
9.12115
0.814042
6.46642
10.1284
-12.0947
-9.32145
-10.732
-7.7458
3.88786
5.73656
10.5264
8.38981
9.18381
4.17672
9.76692
3.79311
-19.4318
-12.7253
7.01551
-8.88146
10.5241
-15.7881
-12.3673
6.86253
8.33049
-15.3622
-7.28048
-12.1025
9.63692
3.81216
8.78262
4.42954
-10.6824
-10.7521
4.48192
6.91647
8.91627
6.021
3.83993
10.2809
4.18981
7.28395
7.35488
8.68558
9.32658
4.3144
6.27302
-11.0951
8.63035
-8.19526
8.34907
9.73527
9.28924
5.53417
8.82357
7.84503
-17.2683
10.5351
9.91026
-7.7287
7.02887
9.66439
7.53921
4.94311
9.04917
-9.9614
5.61472
8.70464
8.06349
6.59603
-11.4025
-9.0258
-11.9868
9.03023
2.12398
3.75552
3.74758
1.59722
10.5974
3.77841
10.3768
8.4111
-9.91147
-19.1541
8.75265
4.05478
8.65118
-9.61507
-18.6113
-7.42205
-11.1555
4.84153
-15.652
6.30133
9.08805
9.33488
4.51264
7.10199
4.58517
5.10404
8.6234
5.35147
-9.75798
5.81147
9.46278
4.27768
9.69739
3.89888
5.92262
6.47352
4.5986
4.00473
1.58665
-8.74286
8.26222
4.52506
10.4908
9.35166
-10.6257
-9.3592
7.4252
-13.026
4.50803
4.44206
8.91892
1.74706
8.8589
-11.4109
2.6486
6.82633
-12.8076
9.47346
8.27722
-11.6056
-1.23074
-17.3876
-9.42757
8.82754
10.0334
-14.1712
-11.3925
-11.0461
5.6126
-9.74954
-10.8888
8.60259
7.95955
8.10561
5.06803
-6.37611
-0.101846
-11.7083
8.98914
-10.8369
4.06878
-2.74135
8.59013
6.08967
7.08304
-10.8565
4.55509
8.935
9.47739
-7.57312
-18.0629
7.29614
8.2669
5.50541
8.06872
-0.202446
-15.1255
-12.6419
-2.705
3.99418
4.69174
4.94103
-12.3252
-12.1899
0.186776
-2.92173
-9.39775
-13.7989
-12.3091
6.60949
-12.2568
8.74614
-7.33826
6.50445
10.0027
3.90952
9.15382
-10.3897
5.92737
4.65375
8.22304
-12.3476
6.60717
-12.889
-8.94271
5.25387
-7.83796
10.7402
-17.4966
9.59488
-11.9961
-9.62696
5.115
-12.089
-10.0574
-11.1213
5.51443
-15.3464
8.52077
-10.1618
-13.1902
8.66648
-13.6385
4.19921
8.93172
7.55916
-12.5286
-11.0102
3.6653
7.34822
5.7122
8.00939
10.146
10.1834
5.07111
5.73546
1.66285
8.44176
7.22025
10.0031
4.19969
7.42005
3.94528
9.39871
-12.6789
-8.65267
7.39961
-9.82795
-19.0184
-10.4953
7.45661
9.21782
-13.1736
7.09818
4.79651
9.688
6.23922
-8.52578
-11.3305
-4.37905
8.97127
7.70803
-9.93337
7.47359
-11.3241
9.41325
9.2193
-9.95629
6.83033
-12.9895
9.48848
5.77472
-6.88819
6.18406
9.20573
5.50935
4.29053
9.5091
6.76082
10.3498
1.27975
9.4145
3.72981
5.66635
9.43367
-6.21744
9.25254
7.21273
-13.1932
9.84898
-12.6903
-10.2764
10.1867
8.24892
-0.0985404
9.11474
7.81512
-8.99327
7.37469
10.6185
8.69119
7.51182
0.637748
-5.93003
4.165
-10.4848
-9.62706
5.83437
10.5131
9.78067
-11.0262
8.7461
8.253
-14.0134
-11.88
-10.5323
10.189
-7.65539
7.35096
-0.148695
7.21513
-12.8923
0.995167
3.74576
10.2468
3.9111
-18.1746
10.4836
-10.1649
7.87097
6.77367
7.92007
8.23274
7.60635
3.6641
8.15414
6.77391
-8.23517
5.58797
-17.8841
-10.3236
5.04038
0.341977
-0.884928
8.83554
-1.60201
5.30853
8.43992
1.79756
9.5127
5.26375
-10.7044
-2.43262
4.44316
7.72951
-12.3481
4.25492
-16.8538
5.56711
-13.0033
0.0153741
4.34382
9.29861
3.8017
-0.634739
-7.24173
-2.73331
-12.9058
-18.7112
-9.95087
3.71111
5.85999
-11.8649
10.5558
1.82326
9.17181
6.12832
9.09468
8.54066
7.99683
-13.3539
9.81016
-11.3929
8.12476
5.98778
8.12051
8.60414
5.0857
-9.82848
2.66767
-9.97358
8.65419
-8.38237
5.31511
5.47778
-11.7188
-11.8197
5.91385
7.87025
5.95388
-13.0416
8.22327
-15.4258
9.36276
6.82185
10.7082
-3.32374
-11.7036
-12.7905
-9.93376
10.7199
-18.4592
-1.36957
4.33044
6.84374
-17.4643
-11.3797
4.281
3.66186
-13.5145
9.25896
3.69999
4.68956
4.74886
8.33103
-16.9107
5.73545
5.43116
4.20487
10.0896
-12.0391
4.86521
-6.77512
-16.0481
10.265
8.95267
-15.4713
-6.70649
4.07238
9.5491
3.79533
8.16308
-12.7505
4.0875
4.02995
-13.1509
9.89894
8.54836
-11.3155
6.70978
4.47278
8.56986
4.06203
-11.6404
-18.6293
6.19861
6.888
8.36595
8.13301
5.78502
-8.19294
10.4838
9.21619
6.1573
6.91703
3.79338
-12.4857
8.4829
-11.7703
-12.0553
8.43962
7.36871
4.79415
5.06962
6.40964
-2.4336
-11.1135
-12.1828
-1.33112
3.64705
-11.6892
-9.40822
5.79279
-10.7484
-0.890117
-11.1212
-11.9235
-11.0804
8.65
0.912211
5.48263
-9.46625
5.11942
4.42392
9.08735
6.21298
7.28001
9.29715
2.40485
-18.4635
3.86013
1.79274
3.75089
3.56496
4.25341
-9.25962
-0.593782
-11.6166
4.48801
10.0344
9.91984
-11.4864
-15.1559
-17.7547
8.69264
-11.5701
-8.48053
-12.7671
10.1342
9.13083
-0.867353
5.57614
9.0245
3.75234
9.37881
8.76653
-10.5481
-11.9663
3.832
8.89916
-2.17217
8.89907
-3.48643
6.74161
9.90251
6.29804
5.68323
4.81568
4.06026
4.34884
-12.4867
8.90954
8.95234
-18.4064
4.0939
-2.76796
7.22908
9.08802
5.29986
-18.3893
-17.8361
3.85667
-11.9409
8.34171
8.62056
4.25827
9.88201
-11.3613
-11.437
4.39852
0.890824
5.40406
-9.38707
-18.0902
-3.12765
10.529
-12.3807
-9.49696
7.9104
3.67752
1.89432
-14.1313
4.57527
3.9172
10.7145
6.37125
6.95364
-16.675
9.90168
3.6059
-10.2233
10.2185
7.31454
6.72952
5.77631
6.04126
5.75904
5.49467
-13.03
9.00044
4.79683
5.18653
6.06147
3.89206
-5.52332
5.4704
-4.99468
5.351
8.61407
-13.082
8.49884
-12.9361
4.27777
-12.9246
-13.1917
4.3507
7.36906
6.99539
9.30798
6.99154
-14.9303
5.9858
-10.0222
6.00444
9.11621
-11.9307
6.71588
8.93079
9.5125
9.89518
3.66255
-11.0152
0.461332
5.27153
-10.532
7.50926
6.01468
7.41152
-17.3074
-13.3345
10.7005
10.568
-1.4591
8.15541
3.05429
-11.3861
7.76332
-13.2023
-11.5451
8.35344
8.78996
-18.6816
-10.0607
10.3428
6.80673
5.69501
9.98787
3.7698
5.5913
-15.6483
6.94358
10.3142
5.10653
5.52055
7.58555
5.38827
10.0272
4.78947
-10.9998
-12.167
5.621
-12.9479
-13.3795
6.01741
-9.38134
3.54757
10.5939
-11.3846
-9.82998
-4.74995
-11.6073
4.80738
8.25861
9.51451
9.33771
8.21873
8.96963
-17.7497
8.21765
9.57397
2.63332
9.57519
4.9705
8.27235
5.90813
-13.8313
-10.3784
6.87906
-1.65986
2.85992
-13.7097
6.18043
9.52061
-18.5187
-9.93371
9.4979
9.97276
-12.6609
10.5345
5.67969
4.77802
7.93171
3.00241
-19.6728
-1.30793
9.0777
6.41142
10.7094
-11.0272
4.73912
9.36117
6.10498
-16.9017
9.48578
10.5308
10.2566
-18.1013
-11.4193
-11.3335
3.94508
-8.26877
-11.8886
5.14363
-10.7357
9.08124
10.577
-7.6553
-13.9718
9.46068
10.304
-10.1068
-17.8929
4.0864
-10.5917
-18.7078
7.266
10.2588
1.84331
3.93854
-11.0509
-12.562
-11.26
3.05999
-13.5948
2.57543
-18.1234
-9.98891
5.04145
6.22246
5.75411
8.59613
3.91817
7.6581
-5.52522
-12.6596
3.64014
3.64091
4.98147
-10.7936
3.86794
-15.9497
9.80474
-18.2164
-15.4227
-9.67045
10.3656
1.51904
-18.1365
4.83454
-10.0316
-18.459
5.67
9.47323
-11.8065
-9.98862
7.85363
-10.0294
5.38262
-10.1082
8.11889
-3.09414
-1.01534
2.94289
3.71754
-13.2179
0.88046
-11.7278
-3.96792
-17.0271
6.15563
-10.0063
-17.9392
-1.94951
6.35122
4.54266
3.90305
5.52474
9.24189
-9.52258
7.12923
5.37911
-9.85511
4.13542
-12.7555
-10.2534
-9.09586
5.50964
-9.27433
-17.3783
9.54297
-10.2848
-17.9784
5.83423
3.88064
9.43691
-12.9776
5.46071
8.98768
7.94457
3.92834
-11.7185
-12.8049
8.72232
-17.1016
5.94231
-17.5174
-18.2124
6.62218
3.97652
5.51996
-13.53
7.08505
7.2861
8.27581
2.20347
8.60537
10.7371
8.82897
6.27189
8.55349
6.62701
7.11547
5.68863
10.2366
3.9918
6.03289
-2.04041
5.31772
-15.0627
-12.0157
4.78158
4.49675
-11.9375
-11.2303
5.12629
9.59114
10.0197
6.65161
-12.8102
-5.52167
-9.35576
2.92827
3.00051
-2.41588
6.25916
-10.4012
4.90978
9.40064
-10.3581
7.57469
-4.24565
10.1072
8.47797
9.33691
-6.30763
-12.1779
6.89942
7.026
6.34803
8.90718
-12.3246
6.15797
-11.8247
-12.063
-12.6191
10.3253
4.73608
2.99231
10.595
-17.345
-13.2202
1.34251
-10.4185
5.20839
0.207378
7.11909
-10.6628
-9.22754
-10.4802
-17.153
-11.1149
7.53645
4.42932
-16.7843
6.15711
-1.85451
7.16128
-13.0083
2.08557
5.28869
-12.3562
-13.3768
-9.7596
10.7503
-11.5411
-8.185
8.21369
-9.4961
-12.1103
9.7001
6.39505
-19.5878
2.79802
8.7803
-10.0498
-2.91677
-10.3817
-7.83002
8.67234
6.42625
-11.5921
7.43829
1.61998
3.32745
9.57946
-7.78033
-11.2337
8.51811
9.2166
-11.6496
-11.537
7.71717
8.6925
1.72196
-13.6737
10.6666
7.81339
-9.97455
10.471
3.37469
6.98997
8.20161
6.86888
4.01384
8.71359
8.79591
-11.6291
10.1653
8.8574
9.55189
-5.37571
-13.2396
3.79086
-11.6788
-11.6694
5.54351
8.59274
10.7189
10.5277
-1.21639
-9.81312
-13.5963
7.6842
6.19908
10.7654
9.60691
-0.619869
6.14799
9.40927
-13.5838
-11.7149
8.56016
-9.48192
-12.5975
3.1835
7.09097
-10.2521
5.32799
4.76422
-11.5194
0.518819
6.12464
10.3287
3.19314
8.99678
10.3382
8.34817
-8.93808
3.29687
7.30644
8.24048
-17.1854
-6.2206
9.08947
-12.2788
-0.946852
1.49469
3.88465
5.10236
-10.7742
10.1449
2.87202
6.16182
-18.1766
5.93471
6.13746
-14.0863
-11.1294
-9.99162
4.35799
-16.4883
-18.1338
8.7584
8.57364
7.62491
10.297
-11.9684
9.92881
8.87413
9.3872
-9.95875
5.85267
8.61315
8.81247
-0.853428
6.14545
5.61532
3.84746
9.95916
3.62816
10.2354
6.80711
-1.63964
-4.07165
3.29831
-11.7778
5.9888
3.49166
10.4714
3.13246
-4.20265
-19.1157
-14.0097
7.81782
-15.4386
-1.35977
9.76115
8.7642
-10.3678
-11.2485
-13.2588
-9.53871
4.67945
-14.447
-11.0912
6.83204
-12.3845
6.92723
4.86452
-14.6804
-11.3263
5.67189
3.71707
5.19133
-1.48851
10.3414
4.03757
-11.6016
3.95114
10.5161
2.94798
-11.8189
-17.8812
-9.13119
10.157
9.78455
-11.5679
10.711
8.69877
8.73214
-14.4798
6.72431
7.93966
-9.3408
6.09157
4.83878
9.57581
9.77302
-11.4831
8.50392
-12.2396
9.97106
3.19603
10.3104
10.3602
7.31243
8.86765
10.5372
6.39571
-10.048
-11.2828
8.51727
6.83937
3.42563
-16.7036
8.60945
8.64495
8.97652
-5.37675
10.0183
5.24774
3.12952
-9.45372
-11.3044
3.41898
10.5019
6.11215
-13.8174
5.44614
5.52259
-5.42592
-14.1598
-5.05493
6.77538
10.0063
1.32395
11.2141
-0.546119
10.2506
8.63739
1.11307
-10.6829
-11.6925
6.50146
10.268
5.01521
7.28862
5.74828
-11.1367
-18.3404
-10.432
-9.6886
2.6703
7.07333
-12.3448
9.49653
9.49533
3.00806
9.48423
10.3981
5.04059
8.5969
-3.74168
10.7804
9.6721
-6.72518
8.47487
8.95684
4.70979
5.52254
-17.6403
6.15893
-11.1745
4.16433
-3.03578
9.81436
5.82092
8.59902
-10.0895
-10.1447
10.5904
-4.26396
-13.3057
7.2459
-18.8283
-10.1245
-16.8163
4.58707
-11.2886
9.78232
1.91519
-10.6755
-10.513
10.8829
-11.4185
9.66659
10.0744
5.86453
-12.5282
10.0479
8.55283
-6.49997
4.07316
9.7873
3.17663
8.71537
8.03433
9.67746
9.6626
3.69229
4.17935
-12.6164
2.47687
4.32583
6.6212
-14.34
-4.47092
8.7645
-6.59017
10.1268
-12.1239
3.96425
9.02566
-10.8776
9.3093
10.6484
3.75654
9.81616
9.89773
6.15643
10.7576
5.34153
1.39527
-13.5922
10.1639
-9.30097
3.88199
2.79696
5.42885
10.6365
-11.6353
-2.64819
5.51574
8.73965
5.30338
-5.03451
5.03107
-11.6101
10.3498
-17.88
-10.5572
3.64313
-9.95041
4.8588
0.531179
9.71685
9.20874
8.20065
5.83892
9.23493
8.47602
-4.46243
8.80415
-9.81055
6.29657
3.82135
-13.6346
9.86496
6.68998
7.81539
5.67801
3.9573
9.77578
-10.6762
-0.40653
-11.1555
6.1417
2.8743
-20.0383
4.20328
9.09476
6.20348
-12.9125
-18.4204
9.79673
4.428
-16.8871
6.85803
-10.708
-18.2532
5.14735
4.95971
8.75822
-12.8148
-9.42057
-2.27082
10.577
3.87438
9.52712
-11.0333
-17.9885
7.37792
10.4288
-16.9587
-11.8325
-9.14132
-17.3436
6.06801
0.810886
-11.1158
-4.38821
-0.756453
10.8073
-10.1098
-18.1001
6.33954
-12.0088
6.39204
9.95559
10.7528
10.3682
5.70643
5.29776
-11.9992
-11.3729
4.94329
-11.9729
9.35221
8.71896
4.17
3.85768
6.59946
8.60707
7.27486
9.42824
5.71677
8.36454
6.99164
9.5603
5.22609
-7.75862
-14.2159
6.74416
10.071
-10.8563
10.3214
-11.9649
-6.46748
9.389
5.97361
-11.4691
-8.88531
6.08078
-10.8223
-10.3138
-11.2812
9.08941
10.1556
6.46401
-12.8688
8.2593
10.8269
-7.91215
-12.2161
-12.7683
3.29807
9.47312
9.77217
4.66312
-16.5989
-7.84269
-18.365
4.07645
-17.7276
10.0612
8.01753
-9.62934
0.461114
-11.2645
10.3414
-10.7861
-12.4754
-1.46083
-0.542254
8.63546
8.46301
7.08801
3.83717
4.51866
8.84063
-7.94211
-16.5262
-0.651339
7.18079
6.27054
-9.77334
4.79521
-13.3496
3.92033
7.71885
8.45027
8.30949
-3.73522
7.75034
10.2479
8.60859
9.59792
4.11957
4.0358
7.47505
7.20136
10.0797
7.16077
9.17931
-10.2687
9.84221
6.17955
5.76985
-11.0786
10.1047
5.83647
6.2904
6.33193
3.44955
10.0631
-13.9792
-12.9153
-10.154
9.19381
7.06589
4.02288
4.99305
8.03072
-9.69452
-7.41612
5.93494
-11.4488
9.975
10.2906
6.32595
-10.9975
-12.6231
5.85695
6.21497
8.1426
5.25622
10.1513
-13.0024
8.09071
-13.6506
7.5877
-5.20395
3.53382
7.61051
-9.9117
1.65753
10.5329
-13.7791
-10.8371
9.81535
3.96647
9.7461
-10.6792
9.74684
-10.8143
3.5805
-13.9322
-11.6597
7.12341
-10.1009
-12.9385
-8.64732
-13.0256
-5.16935
7.32537
-13.4933
7.96311
9.88938
1.47898
-10.3516
-17.3115
10.0864
8.39258
-10.5719
-16.8124
-13.9644
7.87723
-3.91686
-11.6738
8.73348
-8.50431
5.76854
-17.7528
-11.3338
2.95795
5.70772
-11.5658
-16.2212
-12.7056
5.44801
7.34712
8.29406
10.7424
-2.10391
4.87755
-0.941956
7.93324
-16.1281
9.98828
6.32735
-5.74841
9.85211
-10.1743
6.00412
-3.52892
9.93296
8.80517
8.47117
9.59612
4.02301
-7.68673
-13.2537
4.84822
-0.820319
4.07525
9.97966
8.20265
9.57045
-10.3257
-13.022
5.78878
5.91821
8.64467
8.3067
-11.7132
-17.1592
10.709
4.7039
0.954056
-12.6642
5.79785
9.49825
-10.822
-1.3733
8.07021
5.27879
-10.0226
3.18166
7.74511
6.32065
8.31411
1.86629
-16.9369
-17.2622
-16.1453
-0.685892
7.4094
-10.2477
-17.5333
5.50144
9.34029
-12.8108
-5.89895
-10.2931
-12.4086
-2.49481
6.26747
8.39575
5.5803
7.26495
10.043
4.83885
-10.1133
-17.862
-1.47893
8.89829
-17.3814
10.8697
5.64811
4.00899
-11.4058
5.03523
-17.2898
-10.1244
-10.5649
-16.5086
10.7719
-11.5129
4.76297
9.31478
3.15917
-12.0267
-10.5039
-5.20163
7.86265
-13.2992
-9.81602
-16.7553
10.1585
-14.8727
4.30038
-12.9905
7.76036
9.97865
-12.6026
-9.97754
-15.4906
5.70419
9.31307
5.0931
-12.246
9.92467
7.64286
6.57101
7.60062
-12.2759
1.22456
6.281
10.5955
4.10441
7.53639
-12.9133
7.22005
11.0187
8.91401
9.92806
-11.2478
-13.4415
5.47301
-15.0338
-13.2237
-9.97683
3.68855
-10.6721
-9.90949
-7.70022
9.72916
10.1623
7.22606
10.1403
-16.9909
-11.0376
9.33591
6.35677
-10.2209
-17.6922
6.63181
-13.4721
-3.81308
10.0791
-9.78024
6.08233
9.35884
10.3307
-10.9121
5.17462
3.62472
9.65353
9.40235
7.89549
5.93845
6.13889
5.09502
-11.0156
-12.7841
-18.1112
-15.4001
10.101
5.5669
4.16069
2.83115
4.9259
6.8701
-12.8493
5.58438
4.95905
9.38113
9.54817
9.21731
11.4805
-6.8446
3.89449
6.07213
-12.184
9.25122
-13.2258
-11.7428
7.00164
6.95528
-11.2896
9.89793
10.3592
5.75019
8.7394
5.71914
9.96505
-11.0468
5.1105
8.06863
10.1534
9.25311
-13.481
-12.4231
8.54804
9.92215
9.85956
4.75336
6.48261
9.84171
5.44327
-10.2839
-16.1818
-10.1131
-13.6686
9.64647
-10.5201
-10.6426
-10.5286
-16.0782
-16.5536
-14.6962
9.43848
5.33582
-11.5091
9.31091
4.88741
9.74745
5.98299
7.43591
-13.7481
-11.9266
4.86826
-10.929
-16.3203
6.01272
4.63456
6.46413
10.9381
4.21473
4.61276
3.90263
-13.4043
11.136
-11.7209
-12.3851
-9.25831
-11.6366
4.00575
-9.36482
-10.3093
-9.27975
-10.9365
-16.6429
-14.0983
-14.2316
-14.2635
-13.1768
3.97681
4.7578
-10.6002
)
;

boundaryField
{
    back
    {
        type            empty;
    }
    front
    {
        type            empty;
    }
    outlet
    {
        type            zeroGradient;
    }
    circle
    {
        type            zeroGradient;
    }
    walls
    {
        type            zeroGradient;
    }
    inlet
    {
        type            zeroGradient;
    }
}


// ************************************************************************* //
