/*--------------------------------*- C++ -*----------------------------------*\
  =========                 |
  \\      /  F ield         | OpenFOAM: The Open Source CFD Toolbox
   \\    /   O peration     | Website:  https://openfoam.org
    \\  /    A nd           | Version:  10
     \\/     M anipulation  |
\*---------------------------------------------------------------------------*/
FoamFile
{
    format      ascii;
    class       volScalarField;
    location    "1750";
    object      p;
}
// * * * * * * * * * * * * * * * * * * * * * * * * * * * * * * * * * * * * * //

dimensions      [0 2 -2 0 0 0 0];

internalField   nonuniform List<scalar> 
10435
(
-0.000940939
-2.99088
-12.3869
-4.54555
-10.2637
-13.0642
-12.334
-12.5698
-12.9255
-11.9477
-5.37336
-8.5355
-11.797
2.91256
2.745
-12.223
2.98315
-11.7514
-12.9498
-0.684624
-12.2368
-3.90714
-11.9917
-10.2689
-12.6644
2.94896
2.93562
-11.9143
2.42157
-12.6873
-11.955
-6.48737
-12.7177
2.77987
-11.8824
0.183011
-11.7334
1.85284
3.36253
-11.6721
-13.5077
-11.6387
3.38419
-2.68415
-11.7304
-11.3316
-12.6684
3.12042
-13.0402
-3.73585
-12.4405
-12.076
2.93467
2.15924
3.61595
2.16593
-11.2788
2.62475
2.90311
-11.5291
3.07476
-1.87096
2.79475
-11.3766
-11.9896
-12.1879
2.87004
2.84659
-12.4627
-9.39031
2.73169
2.38515
3.79329
-12.0452
2.46349
3.36902
-8.19201
-12.2977
-13.0605
2.47857
-5.56209
0.652291
3.05558
2.49531
-6.48401
1.01651
0.366335
-3.17049
2.21004
-0.452597
-4.17158
-5.29716
0.0383702
1.64405
-1.3078
1.0571
-6.19184
2.70407
3.2012
-7.80028
2.07911
-11.8594
1.07476
-2.21394
-12.154
-3.61051
-0.613558
-4.59073
-7.47367
2.1539
-2.90365
-11.0677
1.23478
1.6803
-6.8814
-3.03584
-8.38717
0.230569
-3.71342
-7.56177
-8.65067
3.69963
-0.670751
2.70861
-8.33292
3.0283
-6.88397
3.5215
-9.5264
2.00228
3.2668
-7.1081
-12.269
2.71991
2.53429
3.55539
1.31192
-5.36436
-2.64666
-2.20284
-1.42446
-11.8632
2.98269
-10.7668
-4.7325
3.10074
2.16912
-12.1082
3.11401
-10.0382
3.02092
-11.2557
-0.227463
-10.7139
-12.3415
3.00201
-9.40205
-1.62498
-12.3221
-4.55347
-11.1639
2.89817
-5.94648
-7.34023
2.18631
-9.85895
-12.6271
-6.9558
-9.20606
-10.8625
-11.9564
3.06349
2.02087
2.80379
-9.75637
-3.23216
-0.81289
3.02389
-2.0647
2.78387
-4.16261
-12.3857
-9.64373
2.87079
-11.2137
3.52188
2.89541
-12.2535
-11.2949
-11.3345
-8.86974
3.12365
2.86832
0.348443
-10.3404
-12.3579
3.35149
1.68394
3.11904
-11.9961
2.45295
3.37056
-11.9064
2.74493
-12.0997
-7.99545
-4.87287
-6.17713
2.61863
-5.59493
3.39015
-12.4462
-9.66507
-8.22397
3.18591
3.02106
1.65801
3.17519
1.54966
3.01095
2.69625
2.80464
3.04576
2.69551
2.75207
-12.104
1.7803
2.23471
-11.7944
3.18435
3.02504
-12.33
1.70097
-10.8717
2.08024
3.0988
-10.8534
2.2167
-10.0406
-12.0711
-1.82758
3.01066
3.15108
2.14677
-7.28029
-13.0246
1.86772
-12.4884
0.594166
-1.96743
0.307771
1.64844
-12.3066
-6.46156
-12.4572
-10.8905
-0.361001
-12.3399
2.96076
2.84756
-11.8481
-12.2056
2.49852
-8.25215
1.23189
3.27518
-1.00422
-11.8397
3.35754
-8.70917
-12.0461
-12.8645
-12.3326
-11.5771
1.36766
-8.10658
2.75028
-9.60599
-12.0233
-13.1
-12.6183
3.02535
-12.0648
2.27404
1.15955
3.496
-11.3923
2.05795
2.57547
2.49658
2.63865
-5.8719
2.46986
-12.7952
2.35632
-0.53026
3.15718
0.647493
-8.64685
-12.3402
3.00863
-9.27818
-11.9368
0.338318
-7.74051
2.86352
3.33051
-10.294
-12.3722
2.62298
-1.3315
2.45681
-0.776889
-12.1833
-12.2705
-0.620644
3.23065
-11.2135
2.94239
-7.72293
-12.7413
2.04886
0.512857
3.27054
-13.2693
-12.2257
0.877233
-11.7886
3.05579
2.57704
-12.1229
2.53404
2.63319
-12.2434
-10.3795
2.69315
2.4066
1.73483
2.88285
1.9427
0.283464
2.98012
3.26566
0.344929
-0.394911
2.40688
2.76098
3.50533
3.37733
-13.1848
2.75188
-12.7356
0.284947
-11.7123
-13.725
-14.3101
-11.6773
-11.8376
2.15819
2.69958
1.78448
3.31489
2.00945
2.97125
2.30393
-0.0586734
2.61163
-9.14109
2.79893
-13.1951
3.2561
-0.380257
-11.3356
-14.6844
3.4121
-1.13933
2.1206
2.46078
2.662
2.68676
-2.16847
2.27008
-12.9595
2.86095
-12.6091
-14.0206
-11.571
-11.5028
-14.2415
-11.8128
-12.0966
3.08974
3.15922
2.47802
2.8947
-12.3145
2.52496
-12.2984
-0.661749
2.50708
-1.67911
3.08977
2.86414
-12.6161
1.90049
-12.7434
-9.8282
3.30116
2.60204
0.432302
-12.5512
0.286066
2.79783
2.5265
2.0568
3.11003
2.79027
-12.113
0.524572
2.1938
2.43599
3.20842
-12.6312
3.36363
3.619
-13.5915
2.89079
18.2371
9.92615
12.1702
10.1548
10.825
10.1317
10.188
9.98646
9.33046
15.7861
8.86822
10.6527
9.27741
9.67654
9.24804
9.2658
9.11307
8.99376
13.4841
7.77001
9.39291
8.51493
8.76548
8.51129
8.50431
8.39771
8.2695
11.7105
7.04907
8.36718
7.80847
7.98709
7.84761
7.84657
7.79025
7.68989
10.1173
6.535
7.51723
7.19298
7.33247
7.27401
7.29288
7.2882
7.21644
8.70247
6.16723
6.82981
6.68226
6.79646
6.79372
6.83075
6.857
6.83789
7.54357
5.97174
6.29669
6.27285
6.3673
6.40337
6.45782
6.51157
6.54057
6.65726
5.87451
5.88876
5.94643
6.02626
6.08814
6.15523
6.22838
6.22864
5.97505
5.67552
5.54993
5.67598
5.75316
5.83301
5.90917
5.98759
6.04381
5.40044
5.32691
5.25749
5.44714
5.53251
5.62495
5.70856
5.79344
5.8577
4.97115
5.01151
5.04271
5.26383
5.35612
5.45333
5.54057
5.62738
5.71626
4.7903
4.87343
4.9375
5.13025
5.2165
5.30714
5.38908
5.46512
5.58366
4.74013
4.86672
4.90603
5.03293
5.10384
5.18265
5.25981
5.34172
5.4259
4.66172
4.88928
4.89426
4.95016
5.00293
5.06637
5.13438
5.21105
5.26649
4.60087
4.90145
4.87653
4.86756
4.90465
4.95478
5.01703
5.08971
5.16007
4.53552
4.85545
4.82789
4.77165
4.79904
4.83885
4.895
4.95958
5.03543
4.37105
4.68163
4.71245
4.64981
4.67931
4.71492
4.76683
4.82208
4.91098
4.17455
4.42141
4.54988
4.50739
4.54746
4.58574
4.63985
4.69981
4.79254
4.03043
4.18169
4.37736
4.35658
4.40617
4.44692
4.49941
4.55768
4.62272
3.91396
3.98921
4.20754
4.20488
4.25987
4.30227
4.35176
4.40606
4.4656
3.76279
3.82743
4.03879
4.05615
4.11268
4.1569
4.2059
4.26428
4.31131
3.53541
3.70323
3.86887
3.91008
3.96215
4.00411
4.04768
4.10172
4.08038
3.19029
3.67628
3.71846
3.78369
3.82654
3.86299
3.90153
3.94462
3.90394
2.78607
3.71248
3.5172
3.59596
3.63009
3.66552
3.71705
3.76495
3.70896
2.64383
4.00964
3.6825
3.75073
3.7481
3.70971
3.73898
3.78076
3.33739
13.3654
13.6462
14.1603
14.7169
15.3186
15.9721
16.6629
17.3899
18.1448
18.9141
19.6892
20.4595
21.2074
21.9288
22.6126
23.2439
23.8197
24.3299
24.7638
25.1174
25.3904
25.6174
25.8593
26.0042
25.7621
25.3878
25.3459
25.7482
26.3986
26.9211
27.4201
27.9295
28.1739
28.2476
28.2535
28.1771
28.0186
27.8096
27.5535
27.2731
26.9758
26.6689
26.3503
26.0256
25.6946
25.3404
24.9671
24.5717
24.1366
23.6753
23.1947
22.703
22.2155
21.7367
21.261
20.8111
20.3749
19.9572
19.7253
4.4642
4.27131
4.20418
4.12619
4.03237
3.9301
3.84198
3.77808
3.74037
3.73159
3.75388
3.80781
3.89272
4.00689
4.14857
4.31624
4.50872
4.72747
4.9768
5.26434
5.60274
6.00944
6.50308
7.08195
7.7972
8.4446
8.74105
8.70185
8.26768
7.68719
7.25007
6.94323
6.70979
6.52822
6.39149
6.28129
6.18681
6.10283
6.02563
5.95392
5.88735
5.82671
5.77484
5.73539
5.71335
5.71605
5.75048
5.82513
5.95493
6.09888
6.22002
6.38215
6.6235
6.92166
7.26579
7.64093
8.00854
8.37443
8.91064
8.20721
8.44038
8.65855
8.89207
9.13672
9.39298
9.66035
9.93813
10.2253
10.5198
10.8203
11.1246
11.4308
11.7362
12.0392
12.3385
12.633
12.923
13.2097
13.4949
13.7813
14.0708
14.3622
14.6429
14.8962
15.0857
15.2184
15.3049
15.3291
15.2735
15.2048
15.1345
15.0554
14.9735
14.8929
14.8134
14.735
14.6583
14.5837
14.5116
14.4431
14.3782
14.318
14.2624
14.2121
14.1672
14.1277
14.0922
14.0609
14.0305
14.0006
13.9669
13.9116
13.8277
13.7309
13.6259
13.5115
13.4092
13.2769
5.53871
5.51406
5.55953
5.6072
5.66183
5.72712
5.80393
5.89421
5.99961
6.12168
6.26201
6.42181
6.60144
6.80135
7.02087
7.25908
7.51461
7.78532
8.06947
8.36437
8.6673
8.97404
9.27874
9.57222
9.84167
10.0669
10.2303
10.3248
10.3505
10.3196
10.2542
10.1659
10.0607
9.9433
9.81664
9.68292
9.54374
9.40124
9.25861
9.11922
8.98726
8.86674
8.76239
8.67811
8.61803
8.58484
8.58031
8.60502
8.65757
8.73559
8.83578
8.95388
9.09135
9.24476
9.40151
9.56067
9.71881
9.88581
10.1012
6.62477
6.75881
6.90624
7.06264
7.22697
7.39867
7.57666
7.76044
7.94925
8.1422
8.33892
8.53896
8.74149
8.94667
9.15381
9.36278
9.57329
9.78441
9.99608
10.2073
10.4169
10.6224
10.8205
11.007
11.1757
11.3213
11.4384
11.5256
11.5818
11.609
11.6133
11.5984
11.5687
11.5282
11.4789
11.425
11.3682
11.3096
11.2537
11.2027
11.1587
11.1238
11.0999
11.0879
11.0889
11.1021
11.1267
11.161
11.2019
11.2468
11.2923
11.3331
11.3745
11.417
11.4402
11.4502
11.4596
11.4824
11.4865
5.68517
5.71101
5.77969
5.85576
5.94085
6.03678
6.14414
6.26328
6.39475
6.53827
6.69506
6.86479
7.04764
7.24305
7.44992
7.66689
7.89234
8.12166
8.35529
8.59031
8.82457
9.05301
9.27126
9.47686
9.65981
9.81976
9.94909
10.0492
10.1183
10.157
10.1706
10.1576
10.1243
10.0758
10.0091
9.93424
9.85014
9.75249
9.65525
9.55916
9.46892
9.38837
9.32103
9.27037
9.24045
9.22926
9.23998
9.26994
9.31849
9.38409
9.46449
9.55571
9.65461
9.75747
9.86306
9.96968
10.0748
10.193
10.3245
5.87678
5.94962
6.04741
6.15488
6.27093
6.39608
6.52839
6.66935
6.81812
6.97209
7.13247
7.2979
7.4701
7.64739
7.82825
8.01295
8.20434
8.38964
8.57889
8.76582
8.95417
9.13499
9.3061
9.47499
9.61753
9.75125
9.85769
9.95016
10.0218
10.07
10.1075
10.1153
10.1088
10.0982
10.0614
10.0303
9.9944
9.93045
9.88512
9.83981
9.80143
9.77163
9.75152
9.74367
9.75719
9.77671
9.81678
9.86573
9.9261
9.99467
10.0678
10.143
10.2157
10.285
10.3536
10.4168
10.4712
10.5391
10.5973
5.62284
5.64033
5.68813
5.75318
5.82072
5.9098
5.99856
6.11942
6.24624
6.35265
6.49651
6.64057
6.80347
6.98293
7.16437
7.36715
7.5851
7.74204
7.92558
8.1143
8.32184
8.51008
8.67857
8.8775
9.00195
9.14643
9.234
9.32845
9.40164
9.44998
9.50894
9.50385
9.49881
9.5155
9.44847
9.45023
9.47514
9.33784
9.26641
9.19314
9.13212
9.07909
9.03417
9.00182
9.05071
9.04769
9.12141
9.1639
9.19693
9.25469
9.34136
9.45648
9.55594
9.65903
9.77256
9.89568
10.0129
10.1627
10.2758
5.40935
5.48718
5.54185
5.64847
5.74611
5.8721
5.96309
6.03975
6.18186
6.3985
6.45647
6.6024
6.79353
6.93371
7.13949
7.21976
7.4457
7.61461
7.80821
7.93726
8.12922
8.2754
8.41385
8.6059
8.68734
8.82871
8.88733
8.98073
9.09871
9.06131
9.22235
9.2138
9.15693
9.22485
9.14405
9.20965
9.1065
8.94148
9.04819
8.99131
8.9574
8.96326
8.9008
8.89142
8.91401
8.88297
8.91219
8.9069
9.04726
9.14859
9.21
9.27524
9.35732
9.49441
9.62108
9.70491
9.80953
9.68404
9.8759
-0.637297
-0.78726
-0.648338
-0.420205
-0.0822717
0.339255
0.737165
1.11186
1.47178
1.75867
2.01338
2.30131
2.55981
2.80906
3.19417
3.71461
4.26893
4.85598
5.52666
6.31159
7.21964
8.26902
9.51407
11.0794
12.4721
3.11694
3.17484
3.10684
2.9938
2.8964
2.92152
3.04603
3.21582
3.37881
3.44046
3.36881
3.23343
3.10459
3.0312
3.08468
3.24485
3.37327
3.44556
3.5587
3.75386
4.00636
4.29303
4.6098
4.98356
5.22037
2.27896
2.30368
2.34287
2.38367
2.45394
2.57713
2.72945
2.88264
3.01357
3.08372
3.09381
3.07491
3.05399
3.05919
3.13362
3.28042
3.46532
3.6849
3.96294
4.31321
4.73854
5.24335
5.83563
6.52531
7.36663
2.59265
2.593
2.63877
2.67775
2.73181
2.80756
2.89864
2.99123
3.07316
3.1295
3.15917
3.17429
3.18924
3.21819
3.27728
3.37051
3.49134
3.64134
3.82956
4.06069
4.33337
4.64118
4.97225
5.29821
5.63815
2.62859
2.62139
2.66551
2.70845
2.76724
2.83735
2.91641
2.99367
3.06322
3.11791
3.15745
3.18875
3.2209
3.26265
3.32459
3.41282
3.52964
3.67956
3.86926
4.10316
4.38553
4.71954
5.10978
5.55633
6.13151
2.70491
2.70383
2.7478
2.78646
2.84148
2.90068
2.96801
3.03184
3.09167
3.14299
3.18466
3.22154
3.26024
3.30504
3.36369
3.44188
3.54384
3.67443
3.83829
4.037
4.27361
4.54567
4.85135
5.17506
5.5655
2.79429
2.75618
2.80621
2.83738
2.8906
2.94121
3.00365
3.05921
3.11414
3.16413
3.20557
3.24391
3.286
3.33165
3.38848
3.46216
3.55732
3.67967
3.83369
4.01917
4.24373
4.50389
4.81035
5.15427
5.59199
2.87654
2.79198
2.85944
2.88177
2.93691
2.9795
3.04222
3.08996
3.14054
3.1897
3.22806
3.26425
3.30963
3.35512
3.40936
3.47888
3.56727
3.68017
3.82114
3.98788
4.19662
4.43429
4.73311
5.07147
5.46874
2.86598
2.81462
2.91932
2.92408
2.9804
3.00114
3.07008
3.10435
3.16658
3.21474
3.25414
3.28323
3.32487
3.36469
3.41704
3.48017
3.56042
3.6642
3.81764
3.97721
4.16344
4.39951
4.64119
4.77093
5.0102
-14.079
-13.065
-1.34001
7.80868
3.5382
3.46935
-2.09877
4.28462
-2.92764
8.51628
-11.9373
4.59915
-16.4373
2.71927
-7.26262
6.16627
-9.2482
7.65533
8.6469
-17.8492
-17.5193
6.93853
-11.6759
7.19076
4.23189
5.6727
4.19617
2.99348
-11.7042
-10.7792
7.85702
6.79975
-13.6998
-12.6682
-11.0591
3.96701
-3.32313
-6.79814
-5.43033
7.54049
-12.467
7.72928
6.43854
2.97092
4.66692
8.25988
-11.6883
-10.3453
-10.9534
-13.435
-11.683
-12.147
-16.6454
7.89428
-2.00063
-2.68297
2.68523
-17.5198
3.33488
-9.57957
4.15818
-0.49693
3.56013
6.22006
4.22314
3.06177
6.28707
6.67706
-15.0717
-12.4754
-3.22314
7.36325
3.67937
-16.1714
3.88349
-18.128
-14.4594
-11.5952
3.08942
8.32667
-12.5694
4.35922
4.69039
-9.39201
3.73344
4.19597
3.58699
-11.7732
-13.7936
5.2622
5.91131
5.56049
8.7515
4.66061
3.56523
-11.7921
5.52867
-11.3962
7.55419
-9.66859
3.23385
-12.959
3.2293
6.90049
3.41107
3.25803
-11.7326
-13.3954
5.44695
-10.4569
6.08725
4.96881
-11.0244
6.92111
-17.0814
-10.8463
-13.0239
7.80643
-15.9918
5.07669
6.18435
4.88984
7.52215
4.36455
-13.5868
6.44787
-12.3171
-17.9453
2.72527
-10.599
4.93781
-16.2933
-11.9899
-9.60466
2.90637
3.62744
4.6665
3.35334
4.58478
-17.108
6.12287
-3.97557
-10.1828
6.25427
-11.3009
5.67754
6.29126
-15.2215
4.79886
-11.2666
1.10087
2.24119
5.9485
-7.70992
4.30704
-10.3011
3.59034
7.77044
-12.3524
8.64755
6.92691
-3.33115
5.328
-11.4214
7.9895
-9.29506
2.63469
3.98379
7.09395
3.62179
2.72488
6.37056
6.35513
-9.54402
5.82019
3.06372
-12.5769
-11.9074
-10.3837
7.73661
-10.9384
7.2727
-16.2575
-10.2938
3.42626
8.66318
-9.61215
5.39269
-13.9462
5.33198
-10.2341
-10.3891
-6.1798
-2.84301
-7.48792
-13.7234
3.90749
6.86289
-10.9784
-11.5391
-15.2274
6.78747
4.53526
5.06624
1.39444
8.20246
6.58166
3.29189
-11.4464
7.80841
3.42282
4.7999
-10.9539
1.29191
0.893403
-12.1323
3.45236
8.92124
8.99519
4.46507
3.18935
7.81871
4.41796
0.198702
9.57402
-12.8468
5.99972
-8.99862
5.42557
3.64018
-10.051
4.12676
7.06403
5.01888
-4.82906
8.21925
-11.8538
3.02771
-10.4675
-6.84285
7.32901
4.02313
8.01605
3.05397
3.68638
3.99021
6.35296
3.33745
5.79247
8.23102
5.52504
3.13561
7.0626
-11.4248
6.08026
3.78862
-10.819
-14.015
-12.3454
9.91555
5.83756
2.69185
4.84111
4.18628
-15.8952
4.47152
8.73779
5.46639
-2.691
3.99625
-15.5414
-6.83786
7.29205
8.97953
9.03989
5.2215
6.53424
-4.57923
2.58051
-11.8273
3.22839
1.06375
7.40259
8.02158
-10.089
5.04599
3.16063
9.08035
-12.1179
-10.1362
-4.5015
5.5114
7.23766
-12.1288
-12.1763
-12.2729
-11.6669
5.70494
8.45849
-10.6668
-11.159
6.69042
8.58287
5.20861
-11.3897
8.38899
-17.9097
6.34492
-17.4217
4.53847
6.80677
7.97921
-13.8121
2.84411
7.22719
-2.58108
-11.6797
7.13822
4.25298
-9.44513
-12.7271
5.5117
8.61278
7.87696
3.79769
4.50419
-13.2762
-13.3383
5.88956
-16.8616
7.81931
-7.63964
3.20414
8.30192
-12.1503
4.13263
4.40825
4.95232
5.43127
6.28766
4.82211
4.49555
-10.5037
7.34814
-15.794
3.48235
3.39119
7.4672
3.78147
-10.4618
-1.00889
8.8048
6.60219
-12.4161
-12.1502
9.58979
-8.3698
2.63349
7.9395
-9.4377
-11.5942
-11.6989
8.7174
-13.0945
7.90357
3.64819
6.33038
-12.0724
4.62521
-13.6768
8.35366
-8.08013
-11.6751
-8.0241
-15.3231
4.68187
4.83092
8.35178
8.79049
7.99721
-11.5736
5.51804
-13.3981
2.83051
2.88855
-10.5482
8.15673
-17.7761
-12.2237
-10.0348
-0.0137706
8.49845
4.18797
-11.874
-10.6009
9.11838
8.14165
-13.499
7.98444
-11.3234
4.19574
6.45214
3.63504
-13.4314
4.38714
8.73388
-3.19772
4.17235
0.942501
6.97333
-10.7442
4.49561
-10.4525
4.41187
5.47167
9.52933
-10.7972
-10.2772
8.6373
5.71015
7.60239
8.55131
5.18202
3.16203
7.41063
-11.3537
5.4814
8.16743
6.38092
6.78445
4.41579
3.77293
5.01886
3.14266
-3.137
6.60426
5.70489
7.17696
7.39941
9.40878
8.58973
-6.79666
-12.3866
1.85111
-15.1539
3.71554
3.1129
-6.6647
3.3863
3.06602
-8.12482
7.30131
5.10149
-10.6944
8.40081
-12.5006
-9.2048
4.47255
5.96598
-16.1395
5.2794
2.6896
-10.8883
-11.2886
-11.3956
3.81369
3.4704
0.316902
8.59411
-11.7786
3.1471
3.75798
-11.5685
9.46892
4.39955
-13.8392
4.86555
3.67182
-14.7398
-14.8889
0.773222
-6.33574
8.29102
4.50981
-9.92958
3.66983
4.38226
7.91456
-12.878
6.94407
-8.83786
5.74388
4.71674
-11.7799
4.57361
3.38455
-8.14882
4.46122
8.75365
-13.7182
6.57637
-3.94492
4.75627
3.04516
-13.1355
-12.3269
5.63488
5.26615
-3.07802
5.90009
7.21979
-11.7429
5.95765
5.12911
8.71599
-12.0788
-11.7339
-10.5636
4.64088
0.395759
8.41657
-10.4572
-17.7786
6.41616
-12.5739
8.1731
-11.5218
-13.1003
8.14414
7.17191
3.15578
6.88621
4.10443
-4.57829
5.05721
1.40665
5.66194
-10.8092
-11.0232
5.52028
-10.2526
-10.4717
6.17845
-11.945
6.5982
1.11055
5.2293
3.17555
4.47789
-5.01813
-4.89268
-6.66123
2.75127
-11.3452
-10.6902
-11.5479
4.31456
8.31373
-15.7766
-11.9845
6.00392
-10.3874
5.55766
-14.4848
-10.6544
8.79065
0.571863
3.26557
7.03677
4.98527
-13.9075
8.55317
-7.59637
3.48579
3.47673
-10.814
-10.5743
-11.7578
3.15256
5.05335
-16.0888
-17.2347
6.54952
8.42936
4.45119
-13.4228
6.96732
3.46986
-4.94729
7.8145
3.47612
3.6604
6.22224
-9.05838
8.33095
3.24265
-13.3154
-10.9243
3.5339
7.44066
-10.3944
3.02767
8.03435
8.43062
-17.4365
6.3168
4.70641
7.11091
9.32206
7.18892
6.95152
-5.316
4.10544
7.05152
3.22605
-16.2272
9.0788
3.37875
1.83986
6.50341
3.90182
5.19899
8.05559
2.06704
4.08015
-9.81687
-9.55901
2.96683
-13.2513
3.77576
3.8982
3.70558
8.49272
5.85714
5.1006
-15.2712
5.70839
4.54692
2.3186
-10.1283
0.357562
2.82886
3.06574
6.62367
3.57299
8.6546
5.70939
1.67871
-9.99803
-8.80546
-12.3589
9.05263
8.4572
6.50493
8.43108
7.17926
-10.5917
10.6711
-17.8278
8.03497
-11.7139
8.74687
-11.6541
6.3709
3.77964
4.43357
-12.6223
-6.76253
3.01043
-17.075
4.02474
9.21139
3.83609
-11.0859
8.15807
5.33434
-9.1564
4.04445
8.34915
7.96681
7.39375
-15.7122
8.60028
4.85534
8.76078
2.77529
8.18744
-11.09
-12.0381
6.40113
-3.84255
8.59576
-11.931
4.72209
8.42249
8.0673
5.42907
-4.87621
5.59895
7.38568
3.37673
6.95763
5.97328
7.28758
8.11799
-9.55093
-9.15153
1.27053
-10.8832
-5.49066
-12.9764
-11.1597
9.61199
3.60332
3.82367
8.72734
5.35542
2.73
5.96122
4.20457
-15.4927
7.78525
6.69427
3.64444
7.62982
6.11999
4.1086
1.39897
-12.7382
-12.3996
8.71108
-11.0575
-0.952338
-12.0194
-17.3911
-12.684
-12.3268
4.54204
8.95926
5.71602
8.15999
7.5097
5.09851
-12.2599
-12.7976
7.66011
-13.0599
1.84056
9.07166
4.16458
4.6424
-9.35615
1.68057
4.27541
-1.61644
-8.79503
-15.1414
-11.817
8.73899
8.65785
3.84161
8.31137
-11.6963
0.556035
-11.8798
-8.29058
3.67931
-9.04113
5.29669
8.86171
3.29321
3.45255
3.38315
8.75728
5.84521
3.20186
5.1937
5.0196
6.63948
4.96813
4.88345
8.02158
-11.2602
-5.45394
6.94422
-0.357843
6.09209
-16.6522
3.79441
9.52174
7.50582
-14.9805
1.07797
8.41843
5.95572
-10.8841
1.6731
-13.6356
4.9042
-14.5652
-12.9961
-10.5839
3.35559
-9.27481
2.40491
7.95932
-11.9512
7.50674
4.19172
5.04648
-14.1286
-1.53763
6.75327
3.6985
-13.1739
3.75197
0.723386
-10.0501
7.84428
7.04805
-4.4577
-12.0328
-13.7007
8.31927
8.83354
8.40808
-14.7769
-4.37805
7.58034
3.96013
3.43189
-12.7148
9.26237
4.12213
-13.1565
9.12804
4.89025
4.80671
8.72552
-14.1887
5.05091
-15.4161
7.91163
4.66343
-12.8823
7.1275
8.2299
8.39961
3.10336
-15.036
-11.8518
8.71093
8.2485
4.87108
-8.22813
-16.6122
-0.262167
5.19855
-13.6368
-6.61767
5.57011
3.65135
3.32962
-10.1763
8.11468
-14.8835
6.03221
5.58453
-9.91977
5.64608
6.01247
2.66453
-15.863
-11.0482
-9.78395
-9.92818
8.49332
-13.4124
-8.39317
7.78814
-2.18216
3.89782
3.36945
-16.3952
4.85921
4.57642
-17.0157
2.00848
9.45394
9.33705
-13.9611
2.49981
5.88421
-10.1866
-11.8234
-10.9285
7.93858
5.06114
-10.4808
-11.4907
-11.8669
-14.9398
-13.4724
2.03829
8.58851
0.179648
-10.4644
6.86915
7.20539
2.1918
-9.34288
6.11605
-0.857753
-13.2137
6.45752
3.41839
8.2564
-9.89154
-3.41523
-11.3618
-10.8427
8.17463
2.99173
0.688763
4.8511
-12.2155
-17.2231
8.47362
5.01346
4.83439
9.01138
-14.158
-12.0172
5.14119
-10.8214
7.10793
-11.7185
8.2091
3.93953
4.36532
-5.23954
-11.8995
2.87261
-15.1065
5.94137
6.14504
-4.36678
6.46901
-8.23875
-9.86773
-10.5073
5.01465
7.38693
-3.74495
5.61404
6.85873
4.20438
-11.0026
6.07579
3.16543
-11.6915
-3.73935
3.4569
5.14537
6.45509
6.92831
3.43226
7.22707
-16.0035
8.30058
4.98279
-10.6316
-17.0393
-6.15782
5.41088
5.38984
-0.213541
9.25915
-10.9876
3.48728
3.33266
-10.9459
5.55774
4.61316
2.06759
3.90114
-11.3939
8.27597
7.76381
8.13723
-2.25896
-2.14116
-13.0095
4.43083
-13.4045
6.17414
6.05574
5.78745
-10.8218
-10.5986
6.99438
-9.95438
9.2481
-10.6746
5.18808
-11.2273
3.70345
3.97097
6.69868
-1.13061
-6.16573
5.14431
8.13383
-16.3746
8.74683
7.8582
4.54575
8.08751
5.18625
-10.7989
6.25537
5.37138
-9.34183
3.14874
-9.97838
9.03074
6.92466
6.75035
9.58301
7.00065
3.387
-12.9391
9.47131
2.73268
8.69671
4.77208
0.128948
-10.668
7.6872
8.28549
5.59928
6.87046
8.82215
6.89568
-10.4095
8.25248
-16.7118
5.81977
-4.65776
-11.4782
3.12982
-15.8553
5.79072
-12.3706
-11.6343
-10.1552
4.49481
4.82529
3.05634
-11.6359
7.17676
1.03244
6.39432
4.23704
-11.4529
3.3157
7.45354
3.3543
8.68201
8.09959
9.58664
-12.1144
9.7141
-14.1933
7.88103
6.93585
8.26943
8.00572
-15.3841
9.27972
-16.2823
-12.2421
3.73806
6.77068
-11.2771
-11.1576
8.75052
8.64663
7.53684
6.56924
8.19051
3.15003
-11.4749
5.25093
9.03804
-15.1525
4.40118
1.38732
-5.58685
7.99525
3.66273
8.35677
3.19783
-11.4462
2.58899
-13.765
7.62421
3.18648
6.88863
-13.1702
-13.3695
7.78406
9.01394
-13.077
7.8734
3.41595
-10.6163
-11.8388
9.42565
8.47684
9.27358
2.9883
-12.7662
4.21914
9.4684
-12.9592
-10.733
8.84083
7.42682
3.88928
9.20222
5.01751
-15.9297
4.45572
-10.9821
4.57642
8.01416
3.95573
-15.4039
6.85007
-12.1835
-10.8993
-10.2648
-12.9392
-11.9445
8.0337
6.3187
-12.7667
-14.8159
4.68569
8.31102
5.12136
3.20056
7.293
4.30963
4.9451
-8.82587
3.67922
3.10277
-5.25863
3.34425
5.03066
5.60751
-10.2143
9.00971
-12.3064
-11.6153
3.34156
7.28903
5.04121
6.85441
5.06418
-12.7278
2.06399
8.03059
4.70017
7.29736
-10.7243
-13.0898
6.22958
5.52909
3.6905
8.67682
3.71195
3.0394
8.56785
3.32656
2.28894
-11.6064
8.34113
6.04134
-6.78911
5.24653
4.16157
6.18753
3.26302
4.99054
7.47996
-15.9789
5.69615
5.61083
-10.9476
3.65932
-0.15603
-5.68459
8.24498
4.70819
7.97687
-8.39411
6.03311
-13.9623
8.49953
-5.09263
-13.5075
-17.6011
-11.6976
9.32901
4.19956
-15.8753
-12.8858
3.29246
6.97038
9.44641
-11.869
7.97094
5.96582
9.1846
7.83979
-0.127821
9.31048
3.51724
8.69839
-11.533
-16.5075
7.82265
8.66358
7.51343
7.37978
4.91666
-11.7499
8.51171
1.1937
-13.9657
-16.7788
8.35603
-13.0419
-11.4369
-17.0886
-12.1992
2.36477
-12.1359
-12.4152
-10.2734
8.81449
-10.8833
8.81207
-3.75122
8.96797
8.36101
-13.7648
-8.84516
-11.2636
-11.9382
3.15493
6.98996
-1.93121
-12.7173
9.0048
-12.961
7.06378
-17.1876
8.34566
-11.4313
1.30944
3.42715
5.12365
-17.4362
4.81437
2.03256
-16.8538
7.90533
-11.0078
5.36015
7.05453
-8.05508
-1.53859
5.37339
-15.6797
-7.13965
8.49221
-14.1057
8.69263
8.24875
3.12588
3.71669
-13.0363
-13.5162
8.99401
-13.4278
7.44606
-16.4072
8.77581
7.92699
6.87501
-17.2211
-0.502832
-10.6032
6.29828
-10.6106
4.20104
-14.1839
-12.6127
1.1639
7.39779
-12.0331
6.67754
5.81548
8.00588
-11.7952
-12.9045
4.23822
-13.6268
5.77719
5.14741
-2.45972
6.10554
4.77653
-14.121
8.00275
8.36521
9.35497
4.89933
7.0864
8.7651
-13.617
-11.878
5.12334
8.46765
5.56925
-13.1913
-11.5318
4.44291
2.62634
3.23974
-13.8575
2.57615
-0.610613
-14.539
4.08281
-14.834
-12.7366
4.29831
4.55976
8.48182
8.41949
3.84913
6.10005
3.36588
3.06473
-12.5054
6.70423
-13.2472
4.42849
-12.2275
7.53928
-9.88084
1.16791
-15.8175
-11.5102
3.41614
1.47359
6.43229
6.67152
6.29007
-11.1671
-10.7508
8.24273
8.39343
5.33229
6.99658
4.77767
5.50211
-12.8516
-10.6259
-15.9348
-13.1422
7.82546
3.88652
-12.7449
7.6462
-11.6346
8.33046
4.28449
3.41603
5.87735
4.43223
6.00067
4.24658
1.4924
-12.9701
-11.7144
8.98308
4.67033
-14.7727
-3.93193
5.01547
-11.2666
-12.7486
-10.2427
6.75475
-16.8402
4.84311
7.98742
8.11002
4.07108
9.3767
-10.8984
-12.142
7.64587
3.15983
-16.8729
5.53981
-12.7487
-9.92942
6.09292
2.8756
7.41942
3.24089
-11.8942
3.7935
-11.6008
3.30381
7.92139
3.27825
7.9452
2.92404
7.62416
6.3521
8.18564
3.75259
5.46701
-13.9885
8.25124
-9.2934
5.5696
5.93677
7.57346
3.31277
5.10105
-6.19624
-12.5063
5.56714
-12.1819
8.70233
-12.7108
7.25336
7.43848
4.33764
3.84465
-11.1639
6.47503
6.23173
-4.02936
-9.90659
6.81359
8.51369
8.46298
7.09834
-3.25555
5.14159
5.41296
-14
4.43916
8.58095
6.33158
-13.3385
5.74982
-11.9193
-12.0186
9.5202
2.52863
7.08358
8.32187
-13.3207
6.15788
8.39626
7.35954
-15.719
3.28402
7.27053
4.17403
-5.5955
-9.63443
3.37228
5.09718
-10.5539
8.32812
-1.34871
-12.0031
6.61313
-0.194254
-11.6152
8.12903
-12.3134
8.27687
5.87414
7.89916
4.44694
-8.10468
-10.3199
7.03737
8.53163
-12.2364
6.54383
7.25891
8.71524
2.67567
-2.8463
3.99502
3.6213
8.69747
5.67989
3.79032
6.00545
3.30699
7.9004
-9.86563
-15.2376
3.69601
-12.9016
3.34813
-13.9253
-11.4029
-14.9088
-10.4484
9.5431
8.0301
-15.0529
7.50699
7.54241
-10.9932
5.71254
3.69898
-11.9191
-15.7816
7.05772
-10.0599
3.65657
-11.426
3.4318
8.72642
-4.2313
3.10335
-13.7329
6.02367
8.6871
2.91422
6.01378
-7.4988
1.22431
7.30753
-12.4748
3.05086
-12.2851
3.28137
-13.2485
6.52656
8.19891
4.97952
8.76948
-16.2191
-9.85983
-14.7847
3.57926
-13.389
-10.8716
9.16479
-17.0101
0.441431
8.84756
-16.2324
-11.0563
6.52391
3.38338
3.49786
-13.1388
4.61033
9.19123
-11.3898
-14.5702
2.88776
-12.8166
-11.7438
4.81934
3.18032
-2.61305
3.31024
-15.6892
3.40529
8.2436
4.56016
-10.4903
3.72188
-0.649375
-12.187
4.15797
-0.479892
-7.58465
8.2118
-11.6575
8.15325
-16.5322
6.90863
4.58374
5.76028
8.25261
5.16843
5.63561
8.14389
3.41696
9.4245
-12.5976
-14.6486
5.07346
-17.0211
3.75578
4.69111
6.54454
7.24177
5.86026
-6.38758
9.22297
-3.49666
-12.6713
-5.31039
-14.6461
9.28692
6.89506
-12.3452
7.66253
3.43639
6.29273
4.62795
5.17472
-10.3204
7.62285
8.29729
3.94805
3.23073
3.14332
-4.61115
0.149874
-1.55645
-13.2083
5.00224
4.39956
4.72522
6.17487
3.94903
4.95126
3.23389
4.64767
7.28961
7.32479
9.21521
-1.69373
-12.6265
-11.9184
3.3228
7.80123
-0.900768
-10.2685
-11.1363
3.63368
5.09508
2.62888
8.4215
4.086
3.31512
-10.6944
-0.235198
4.27082
5.51927
6.13214
3.48554
-12.1736
4.02879
6.81845
4.62168
5.93027
-11.4303
8.65034
-7.5183
9.56749
3.38809
3.61781
8.08785
-11.2659
1.12227
6.69057
-12.8758
-14.2938
2.06487
8.92546
5.99217
-10.4771
-13.4295
-13.0262
4.96513
-16.7739
8.2508
9.7918
-10.2641
-11.0572
4.3052
5.24318
-1.24289
-3.73263
7.78231
3.80503
-11.0491
4.46313
9.52684
6.21048
7.63708
4.83482
8.81664
8.46116
8.18635
-12.754
7.02335
3.90636
3.51685
7.85429
1.67834
3.38951
-16.4022
-0.252965
0.0324019
8.09266
7.67817
6.60079
9.49646
6.25347
4.48071
-14.7942
8.07336
3.42439
9.03941
0.248904
5.6933
3.68975
8.35528
-12.3778
3.90764
-14.1894
6.69971
9.67695
7.73689
6.52174
8.35892
-11.4623
7.07062
3.51949
7.55682
7.44955
-10.702
5.00802
8.17078
-13.3345
-13.172
4.0137
-11.3515
8.43408
-12.8693
8.75002
-13.5145
8.9485
-2.68576
4.91855
-11.7803
3.08335
-9.91497
-10.0701
-10.5831
2.41073
-13.1696
4.81744
3.90394
4.99322
-11.6552
8.16164
3.54548
-16.5011
-10.8674
-12.1655
7.83231
-13.2164
3.66987
6.27079
4.1837
0.742179
8.4241
-5.25289
7.05498
5.7091
8.31118
9.27938
7.17172
-13.9212
8.25974
8.65709
-10.9662
0.436511
3.73355
4.99298
-10.6365
7.48473
7.75804
-12.2943
7.40925
-4.61136
-2.81521
7.68746
3.22555
-17.6736
5.27587
7.14072
8.71198
4.13956
7.46072
5.57643
-12.9285
3.84673
-11.2626
2.83217
3.32244
-11.1812
0.953165
2.49916
8.1175
3.95141
5.66463
3.86533
-14.0794
-11.8914
8.37851
6.62429
5.34493
-10.491
3.36219
-0.630519
3.80966
3.33203
7.75718
8.37726
-1.89348
3.33297
-14.1162
-11.7406
8.49184
-8.90228
9.24578
-14.0833
0.75076
4.29589
7.07615
3.35515
7.00511
6.17561
-10.0832
-7.5692
-13.2873
-11.1023
-16.5606
7.37725
3.90701
-3.90257
3.97569
-2.26434
-12.8273
8.16975
-10.6334
-14.8425
-9.90331
7.94894
3.78065
5.02122
7.70953
-13.1669
8.72726
-12.3858
8.05177
9.40076
3.367
-10.9042
-11.2215
5.28546
9.21911
9.25497
7.15456
6.58315
0.0474553
-15.4738
6.79202
4.65933
-11.6767
8.33035
-12.3854
8.066
5.32462
8.00847
-11.3752
7.59722
5.2634
8.36678
8.55475
3.01059
5.91732
-10.9547
3.15416
5.33133
6.54308
4.89745
-15.9355
4.62924
3.80022
-6.13645
-11.5461
3.30936
-13.5338
8.22212
-10.8128
-16.4962
7.78053
3.06131
6.32936
5.6645
3.58489
-14.821
0.569556
7.30682
4.57834
-7.15823
-8.51762
-9.15736
-14.5946
1.89744
8.4515
-11.7235
3.3125
4.47262
4.79945
7.53291
-15.8001
-12.7408
6.57836
-13.7864
7.53098
-15.1267
-3.85852
-10.7492
-13.1863
-10.6523
2.8747
3.06186
8.66428
3.33119
-16.6871
-5.01788
8.96795
0.171643
3.65572
-11.6631
8.06625
-3.86179
-7.60563
-10.6405
3.30903
-11.5038
2.73232
-13.2385
-11.5166
8.71936
3.77121
6.52378
8.76276
5.6843
-4.48551
8.56198
5.95108
-12.3457
3.61659
2.37852
3.10716
6.54553
8.42162
-13.7791
-13.3207
2.77102
-10.7971
4.94581
7.77631
6.48866
-11.7742
-13.1512
-12.1576
5.96678
7.724
7.02808
-11.0225
2.7948
0.254872
5.36795
-12.7831
5.8142
2.86887
-16.3578
7.92879
9.43662
3.37078
3.50275
5.07485
8.89466
-5.45395
5.94013
7.95009
-12.0523
6.00889
-9.94524
-10.5004
2.97636
-5.76536
8.54324
-10.5089
8.66629
-10.547
4.65875
7.62232
8.59399
8.58642
7.0119
2.02681
9.13083
-15.9031
6.22179
7.95011
6.57668
-13.115
7.64396
7.85942
5.95815
-13.5422
5.2799
-10.164
-10.6397
8.68266
8.10147
-1.79482
-13.08
-15.6908
-1.67481
9.10432
3.39007
-13.5314
-11.7966
-11.0126
-9.97575
7.91976
6.66816
5.60858
3.08502
9.29201
8.43604
7.37438
3.73453
8.15524
-15.7879
6.91929
-14.0495
7.29894
5.48378
-7.27806
5.61677
-15.8609
3.20789
3.98579
5.11211
5.0272
9.20233
3.94827
-4.63895
1.6023
5.81892
-2.53414
-12.931
-10.4101
9.25118
1.60068
-10.844
-13.2532
-12.5676
-12.9521
-10.0289
8.77128
6.96869
6.18437
4.65001
-14.4166
-12.7326
3.63348
9.02136
3.1467
8.72997
-9.8955
5.78988
-14.4869
4.75445
3.77178
5.48663
-11.2694
5.75325
-17.573
-11.3551
2.7515
2.96805
5.51814
8.48088
3.37638
4.53771
-3.75544
8.37129
8.38134
5.57698
8.33213
2.97543
-11.9398
-0.600617
-5.89779
-8.23499
-13.1511
-12.436
3.21735
7.2257
-10.7329
9.15248
5.03047
-16.7975
8.20488
8.1983
6.77416
-5.55714
-12.5168
6.4711
7.52339
7.44608
-12.8109
5.85956
-14.5131
-13.3584
-17.1334
-14.0208
-10.3099
-12.0852
-13.4913
-9.46098
-7.18112
-17.0556
-17.187
-11.3289
-15.7073
5.48713
-13.4549
7.88666
-13.2924
5.30776
-11.9132
4.12911
6.60582
-11.6385
-9.42416
-11.4976
2.7733
-5.28717
5.60909
6.24447
8.92358
3.48868
3.42948
7.37548
4.42623
3.11026
0.788757
7.72815
5.0507
6.66769
5.92299
-13.2507
4.342
-10.5511
-13.2007
7.85698
-0.645671
8.29017
-12.6819
-10.1647
4.32229
-14.006
-10.5197
-13.4378
-1.68305
6.77103
7.79774
8.78342
6.09655
7.50511
6.98624
6.60268
-16.2086
-16.2557
-10.2336
-16.6758
7.0023
8.02488
8.58824
8.14646
3.17791
7.96614
7.60742
1.57327
8.3903
2.88505
5.82787
-13.3879
-10.4271
-11.8443
8.48938
5.8955
3.67958
-11.0576
3.78956
-14.291
6.5976
7.42146
-10.6766
-13.7879
-6.7622
9.27212
-3.73612
7.14642
5.84701
-12.2663
3.33744
-10.3685
3.30618
3.34061
9.08709
-13.484
-8.33299
-2.01347
-13.0452
-15.7364
-9.9375
4.93271
6.88789
6.47858
-11.4283
3.58219
4.43673
3.60341
2.54928
-10.087
-7.7212
3.64526
3.47095
8.24825
4.96826
-15.1232
-13.3831
-16.7969
8.47159
3.56499
-10.6263
2.23059
4.24962
-12.6041
-16.3143
3.54307
5.73495
8.56093
3.11885
8.12579
8.88156
-16.1356
3.5465
8.06811
5.056
-12.3193
-12.9509
3.32116
-15.6434
-12.6182
7.63451
5.44201
2.93671
7.74976
5.737
2.78995
8.18851
5.75036
-12.9728
-13.4044
1.93889
5.94044
7.46847
4.72296
9.13011
5.79805
3.54508
8.15345
8.65964
8.18873
3.60473
5.63358
3.44811
-11.0929
3.27074
6.58122
-16.5012
6.71741
4.91858
6.13832
3.65405
-10.7769
-12.0001
8.74925
-7.21155
6.42329
2.99535
-12.4219
7.60556
5.61128
0.187977
-9.94646
-15.8482
7.91003
5.2998
-13.6457
6.91101
4.70928
-9.52565
-6.24235
-12.5784
-10.0435
-5.67521
1.09845
5.00803
6.08639
-16.177
-13.2179
9.03383
3.30321
-12.4288
3.01733
-8.71443
3.03338
7.4263
7.83009
7.21886
-11.7793
6.11946
-13.2002
8.26924
-3.8485
-12.4603
-10.4299
5.81601
-15.743
-10.0264
8.86279
3.51766
4.31405
-14.7322
5.50777
3.33938
3.53002
-14.273
4.78112
8.89204
1.32475
-10.2543
5.41431
5.80525
4.34646
-11.6342
-14.6153
-12.3888
-11.6222
8.10259
-7.8872
-12.6519
-16.0909
3.12933
7.66307
3.59938
6.28324
7.20796
-10.3735
3.92041
-12.7983
7.17201
-9.71674
-13.9939
1.62327
-13.3567
-1.125
-12.6099
9.56274
3.75613
3.49252
-2.20529
4.67728
-10.2793
-5.80447
-5.82334
7.70115
5.20923
2.92031
1.75817
5.5112
4.39205
3.52568
4.5518
-10.5772
-8.07492
7.72998
-8.37889
3.50216
-10.8043
-10.5254
-4.76041
9.5385
-11.0158
-6.53776
11.5738
-12.6397
-10.3111
-9.20443
-1.35579
-18.3637
9.14845
6.56045
-7.00056
-12.6629
3.71595
-5.75521
-12.8539
3.43198
8.32402
-7.45817
-6.05444
7.25228
9.11743
2.38156
-10.7318
8.6089
-16.1506
-13.9704
6.17003
3.00423
8.67703
3.29359
-9.41171
9.00995
3.57379
-13.5302
-14.2217
6.24648
5.24149
-4.90492
-15.9055
-10.6813
-10.1201
6.65077
-12.3608
-7.78119
9.07026
-10.5195
9.18948
6.5884
5.6014
8.14393
7.06114
4.88941
-4.9894
-7.75336
8.52335
3.25117
9.05056
-11.271
-7.96497
4.43688
2.85678
4.02781
0.831254
8.40142
-11.0058
-2.77748
4.7207
-10.6906
-14.0226
-7.18158
4.4152
-13.1745
4.2848
-10.9348
-16.0842
-11.2239
-5.40758
5.49208
-11.982
7.84962
-13.2046
-12.5039
8.14571
5.97233
4.17528
-13.5536
5.33898
6.57552
4.36294
5.19429
-12.7469
-10.6491
-12.459
5.03753
9.01905
-12.3727
-13.2739
3.74857
8.21012
0.574594
7.71381
-10.3262
5.54004
-6.33734
4.08619
6.68021
-11.9737
-15.6406
-13.8791
-11.0563
7.61334
3.69681
7.00485
-12.4791
2.8214
-0.677217
-12.3569
5.61241
5.01483
-12.0438
4.11301
-12.6809
-11.9423
-12.0783
4.43047
-8.09416
8.92648
8.65305
7.29836
-12.3574
9.09053
-14.2147
4.47887
5.65325
-0.772817
-7.22024
-12.0687
-10.2122
8.25131
5.75926
8.0038
-13.6604
-7.21136
5.12994
1.22659
8.19829
9.49307
3.81266
9.08055
-2.35445
7.4887
7.82423
0.318569
4.4652
-12.1788
6.92649
-7.11982
0.296836
-15.3387
9.32016
-11.3738
-11.8064
-13.7935
-6.73999
-11.1673
3.36475
-12.783
3.35926
6.90348
-9.44179
3.48303
2.33539
4.30773
-10.4422
-7.07749
4.88604
-10.1743
5.44047
-8.96009
-11.2635
-4.43213
3.30522
-11.5504
-10.9865
3.25928
0.726584
-12.1686
-16.4491
-12.863
8.9587
0.165021
4.82366
8.22466
-2.77701
5.05321
6.01711
7.21281
6.52237
-12.6736
-11.4912
7.2294
4.14976
-12.0208
4.73614
3.20198
9.50972
-10.1861
-3.51165
-11.708
4.38384
5.37009
-15.5085
0.674093
-10.0281
-5.14713
-9.58322
4.32426
-15.1595
-6.68876
0.120854
-1.35515
2.80457
-6.62377
5.06404
7.00632
-12.3058
-2.81903
-8.18313
5.33316
-2.24564
-7.67089
-6.34698
3.01194
7.69891
6.10924
-12.4034
-13.1696
-13.3731
-11.2395
3.54229
3.57659
5.58113
-6.12717
-12.8702
-8.20833
3.91743
8.30982
-5.89257
-16.4295
-16.5967
-13.0928
-12.6236
-7.91628
8.71355
-10.3534
3.56497
7.3996
7.96025
-12.0893
-12.869
-9.171
-12.3391
-9.71911
6.50471
-9.82953
-10.6947
-16.5178
-12.4758
2.14109
-0.932993
-3.11767
-4.89373
5.75477
8.10568
7.82778
-13.6396
-12.1338
4.5684
-11.1099
5.86078
-2.65671
-12.2921
8.1594
-4.67016
-12.3074
-12.2928
-4.81109
-16.9402
-11.9111
-11.7207
8.46644
-6.98245
-10.5025
-12.1634
-12.8063
-12.6632
-10.2648
1.83907
-12.0606
5.07342
8.94394
4.93882
-12.666
3.01447
-12.0345
-12.5188
-6.29362
-8.28864
4.91387
-15.742
4.25689
8.46667
-9.31544
-10.1974
-7.87812
0.965334
-12.2267
-0.813588
-10.7649
-1.76458
-14.7915
2.49027
-12.491
8.73405
8.20092
-10.7927
-10.8154
-11.2389
-11.984
-4.93624
-10.3289
-13.3491
-10.2511
9.08486
4.71956
0.782216
1.73805
-0.774742
4.18586
0.433574
-12.0231
4.48674
-12.0517
-8.14793
-5.70754
-10.2917
-11.9995
3.62023
-3.71257
-12.0647
-0.512774
-11.3716
-11.9843
7.15889
-6.74727
7.69953
4.21112
-11.6022
-11.6523
-12.1898
-12.6439
-6.34745
-7.28911
-10.3796
-11.1906
8.91696
0.889789
-8.85702
3.18007
7.24952
-13.4856
8.8136
-3.35656
9.35072
-6.67084
9.32431
4.53719
-11.8168
-9.76756
-11.1997
-0.813447
-16.1935
6.71643
5.0038
-3.99454
0.149984
8.1323
4.79036
-0.16688
0.101879
-13.7859
-11.8638
-12.109
-6.71739
4.91078
9.50377
3.99147
-12.4574
5.21612
-8.7009
5.75913
-12.336
-11.9598
0.480028
5.66461
5.1288
-0.110518
4.2451
0.0384517
-11.9222
-12.3309
6.78323
7.7415
1.73839
-3.88578
3.64812
9.3597
9.1011
6.83205
-14.3238
4.68528
-5.83227
-4.44547
-9.01944
-12.8721
4.67458
-2.98695
5.39073
0.160901
-7.95861
-8.93709
9.56568
-6.92162
-11.9993
7.10273
-2.92216
8.93906
3.32406
9.07379
-9.87421
-7.83218
6.76376
6.93802
-17.1877
5.34011
-10.1433
-12.3746
-11.033
-12.8689
-2.86011
-10.0018
-8.3504
8.85749
6.70896
4.8044
6.14259
8.60539
-1.85104
8.55611
4.0274
0.963126
2.92072
5.44229
8.42112
5.11961
-9.4115
5.5011
3.43031
-15.2741
4.36824
2.18675
-4.8354
-12.3439
-9.54945
2.76805
4.8238
4.25727
-8.49692
-11.8989
-11.7435
3.88836
0.844627
6.88719
-2.40058
-11.848
5.11185
4.89967
-6.8675
-6.39697
-10.8502
-4.565
5.41834
4.49391
3.36387
9.22249
4.69148
4.76173
2.42441
2.53502
2.11457
-4.76508
5.90865
-9.086
-10.9804
-10.0361
-10.9985
-6.20589
-12.8962
8.12453
-6.19433
-13.4376
-11.8462
-9.70937
-5.32854
7.10194
-13.5196
-15.3536
7.70649
5.0039
-11.2798
-3.56903
4.04977
-13.3433
-9.68919
5.53517
-12.4651
-12.1173
-7.93333
-9.59214
-2.73349
1.7389
-10.5416
0.999959
-11.8068
9.50924
-12.4453
-7.19952
3.95798
-10.2136
6.23472
-12.4218
9.00726
-14.6646
-18.0783
-7.22469
3.06051
-13.1024
-15.7537
8.37606
-2.00024
-11.4502
-11.209
-6.37397
-12.501
-1.49114
-13.0332
2.9514
3.65942
-10.0405
8.12799
-15.3004
-11.0087
6.32651
-10.4576
8.56681
0.4061
8.70659
9.33195
-5.09034
-11.5843
8.73979
5.355
1.7469
9.25519
-13.8443
6.1555
8.16976
-14.4878
-17.8745
1.8873
-10.6704
7.25183
-13.044
-7.38568
-11.0576
5.27637
4.01176
3.92443
-12.3436
-8.93457
-9.88067
-16.25
-8.40877
0.260204
-11.661
-7.19288
-9.864
-10.3229
8.90653
1.59979
-12.9939
-5.58346
-11.3739
4.44817
-10.1903
-11.6977
-12.1585
-5.96135
7.23597
8.86555
1.86603
6.73642
-11.4451
5.81501
1.93291
5.74631
-7.88501
-11.164
0.554963
3.18413
-11.7894
5.96642
7.45088
-11.3743
5.28168
3.36711
4.29738
4.1181
2.81947
-0.537974
-16.2274
-9.09337
-1.40099
-1.27789
-15.5666
-5.39511
-11.4177
-5.85932
-14.2162
-12.2506
8.79504
-11.7995
-12.6081
4.54018
-11.0761
-9.65185
8.53901
5.34789
3.1613
-9.22766
-0.561909
-4.02966
4.06908
-11.649
-12.724
8.99498
4.89319
5.3858
8.5976
6.06307
8.4409
-11.7515
-10.9467
3.39724
2.41963
-13.334
8.73602
-0.271173
5.07811
1.84881
-12.1302
-4.33008
1.83132
-12.4289
-16.2783
-11.4357
-9.83483
9.44482
1.41191
8.85781
2.15581
5.10357
3.2016
7.44226
-15.8063
-17.5629
9.12714
-5.76625
-1.21783
-12.1477
-10.3575
-3.20029
-16.7233
9.02937
-5.01173
-13.3336
6.7598
1.58284
8.52328
4.12437
-1.1433
-6.94198
9.0733
3.32881
-10.8151
8.42199
4.44784
-13.01
-12.185
4.70958
5.23453
8.23585
-0.431202
2.56727
-15.5335
1.19189
7.47998
-11.1729
3.22593
3.62888
4.39179
-13.8335
-10.8589
1.77163
1.9479
-12.5227
-10.5524
-2.95883
1.75162
7.25754
-8.56535
-1.994
-2.42979
3.63852
3.87481
1.78528
-16.7607
8.84845
5.57929
-13.6162
-10.6408
7.86109
-6.86188
-15.2938
1.74412
-1.69733
5.90365
8.59852
5.01219
3.47301
-0.914761
3.47088
6.78173
-12.7692
8.8272
-8.46254
3.76304
8.13151
-10.9316
7.93654
-12.3768
6.44409
1.94469
-10.7672
-10.6146
6.19673
-6.02722
1.57931
-3.7679
-12.1968
3.0272
7.96338
7.08151
3.51755
-12.4384
3.46176
3.54791
8.42659
5.46923
2.92315
3.98454
5.16263
8.81073
-11.3522
9.32174
-9.9831
-11.4841
3.41464
7.89321
-13.0662
3.68044
-1.1813
-3.38337
-9.75982
2.71046
9.08339
9.33983
5.09019
-9.26948
4.93825
-10.869
8.0335
5.41697
5.6158
-12.4344
0.45305
-10.3778
3.70244
-2.18031
8.56841
-10.6015
1.43072
-15.038
8.18587
4.99208
-10.9098
-2.23509
-0.853946
-11.9457
2.14439
-3.23174
-0.904399
-0.165107
-11.5072
7.74908
5.51154
3.08961
-12.1728
3.27047
-10.6739
1.93047
-11.172
6.32366
9.24851
2.9941
8.92789
-10.2007
-11.8716
2.24732
0.153743
-0.577757
8.77922
-0.322988
1.44359
-4.59124
-12.463
-16.2263
-15.3474
3.74996
3.68842
1.69787
6.24778
0.687985
8.58319
-7.38783
-1.6074
3.86593
4.64493
-10.5461
-0.458171
-12.7683
2.81534
-8.70611
4.11313
-13.2806
-0.686621
6.14916
8.1432
-10.9319
-2.2138
4.42303
6.29756
-12.6912
4.57137
-12.6627
0.132911
4.60377
9.07285
-4.65172
-14.7296
-14.4918
5.27254
7.68495
-9.971
-16.0336
0.295624
3.3521
3.09619
8.51727
-13.2102
-9.46743
8.04966
-12.1758
-12.7618
3.6774
5.06687
-0.469937
3.07044
2.81503
8.80428
6.64032
2.19741
-10.5138
-14.5488
9.23201
-16.7555
-10.4603
3.2371
-1.16039
-13.1295
-12.287
-2.7059
-4.57878
-0.225376
-12.7771
-0.454083
4.10339
0.442555
1.68443
5.65027
-0.572667
-9.01071
-12.3104
7.9712
-14.2934
-13.6503
-11.0888
-13.727
3.17956
3.11499
-7.49938
9.02209
-15.4588
-4.03617
-9.52726
-16.9927
-10.5801
-15.4313
-13.9389
8.85613
9.23863
6.02483
-11.0057
0.747413
-12.0368
4.6101
-1.42532
2.15546
6.5368
-7.15976
1.69687
3.80906
8.55666
-15.8656
2.02969
6.5438
-13.5158
-11.4504
6.21622
0.192054
3.29018
1.59794
2.39529
2.25103
-11.7967
6.16151
8.58965
8.61954
-0.197254
-2.41238
-10.7098
-11.8862
-11.8187
-14.0302
5.20029
5.14341
-5.72356
-10.86
-12.3495
-1.90564
5.91513
-5.09662
4.97393
4.87206
-2.99351
7.27503
-3.68861
-7.51269
5.28827
-10.3479
4.36086
8.00245
-15.8043
-16.3198
-12.0517
-13.3805
9.79448
0.304358
2.91961
2.7993
-9.59456
-11.7113
-10.6695
9.02852
5.8007
6.10199
-10.664
1.48125
6.49775
-2.80074
4.96977
8.82913
-6.48767
-8.93186
3.53235
-13.432
-11.4373
4.29155
3.82573
-11.897
3.33491
-9.90571
-12.9968
3.44321
9.38596
3.65321
-14.319
-12.4548
-7.42624
8.77691
4.7775
7.68034
6.83922
3.65875
-13.3905
-11.6287
-12.2427
2.5932
-12.0009
0.947778
-10.4234
-9.38551
-11.9118
7.6491
-10.0728
8.167
5.13557
5.74108
4.81614
3.44445
3.88363
-8.25245
5.6938
4.02857
3.13674
-4.45107
-11.8686
7.73067
-6.37007
7.79603
-2.09728
8.38585
4.15192
3.35024
4.94843
1.355
-0.737712
2.5825
-8.09649
1.12276
-0.254624
5.37921
7.74221
-16.0465
-12.7495
6.39128
-1.02158
5.94806
6.25376
8.2946
-10.6729
-10.881
2.07101
-10.8599
4.49694
-1.55898
6.93029
4.76759
-11.4146
2.53526
1.94431
4.872
5.02644
-12.2458
6.66048
1.78861
-11.2648
2.81486
5.52203
-1.544
-7.62581
3.15088
2.31479
-11.9426
3.58809
-8.83394
-0.825936
8.2448
2.60425
-9.90097
-16.838
-9.59202
0.543995
-12.9423
3.92338
9.09194
-11.7483
-10.7897
9.00636
6.19225
-5.28378
-0.176838
-11.2585
-15.7122
-10.1533
4.22589
9.34598
-13.0859
-10.9376
3.33073
3.65237
8.93563
-14.4896
-10.6462
-15.3307
5.00751
6.33249
-10.5371
7.3931
-11.6995
-12.6223
-11.1978
7.84655
8.07185
-12.7021
-4.24534
-16.1032
8.83584
-14.0665
-10.087
4.84417
3.2238
0.883086
-0.629717
1.62731
8.1965
-13.7961
2.95527
2.36807
6.89667
2.07787
3.03188
8.86765
2.16546
1.3705
-12.1864
-11.6063
-11.5444
-17.4826
2.50032
6.34223
7.7916
6.16434
0.510328
3.48394
4.16021
6.47233
7.66377
-11.5213
2.69746
0.350632
8.36129
-13.9173
7.44302
8.70409
0.0158833
4.85976
-10.4262
5.31903
8.67665
-11.9297
-10.8782
4.15428
-7.9157
8.2364
1.4344
9.48254
3.97335
2.23262
8.26147
-6.88138
-7.24507
-3.29966
-5.807
1.17523
8.5235
-9.91771
-6.99779
4.99709
5.34068
3.76393
1.60773
3.8851
4.09228
-12.4802
5.04861
-12.3515
5.90643
5.17057
2.58443
5.50573
-12.1831
7.63122
5.30176
2.66852
2.84403
8.16965
3.69419
3.66146
6.47889
3.13683
5.82534
4.35264
-14.944
-17.0009
5.43109
8.53351
9.06522
-3.16895
8.54761
-6.83276
6.36115
-16.2284
4.7897
3.34615
8.60754
3.32473
2.08723
2.61232
3.4384
-11.0608
-11.1473
5.12351
8.87387
-12.0316
2.53997
-8.80478
2.63041
9.43767
-14.7717
8.47257
3.34163
2.18762
8.81793
-11.8775
-10.4311
3.24438
1.98324
2.62353
1.81914
1.77686
-12.0373
5.75844
2.94307
3.62508
4.78637
5.25698
-5.59302
7.14035
3.56384
-11.046
-4.62806
2.75166
-11.8813
-1.83144
5.9876
7.30119
7.23579
-12.5465
6.75464
5.04162
-11.1111
9.00546
2.68026
-12.0001
2.69213
-12.1084
5.15704
8.84843
-11.9883
5.8031
3.26404
-12.5004
8.92122
4.92331
8.80567
5.2159
8.77969
2.70099
-6.77268
7.28252
-13.6976
6.01336
3.47561
1.91481
7.09494
3.48807
-12.2121
5.30173
8.69955
9.09091
8.36398
-16.8213
8.7506
1.97952
7.12018
-12.0334
-13.6008
2.71181
8.80861
4.80447
6.20076
0.660474
-12.9194
-6.25991
4.10101
-14.8949
6.61245
-5.63342
8.11773
2.31206
3.85598
5.31237
5.93115
7.74243
6.24164
9.21345
-9.77496
9.44261
-11.113
-5.10202
3.82694
-10.8223
4.03021
-10.4041
-10.3747
7.73482
4.64356
2.63635
4.16703
5.28802
2.93443
-9.81812
5.47031
-0.884187
4.51435
7.42303
-9.63646
5.64258
3.64456
8.23855
3.59902
3.26715
8.48251
-10.1403
-12.7141
-13.2688
3.87139
6.72129
9.20698
-10.7963
3.98661
1.01315
-12.3338
2.82643
6.67076
-11.6622
2.78728
-9.65254
3.10737
1.4232
8.65881
-12.3668
4.6482
-9.50189
9.57448
0.421625
8.34231
-7.15927
7.37698
3.87667
-1.27252
5.35892
8.63231
1.95367
-15.7423
-12.1031
-9.97016
5.09214
-3.79408
9.1315
2.52859
-11.3725
-9.16531
4.07015
7.36559
2.55019
2.45122
5.92933
2.7405
2.30428
3.34179
-13.217
-10.6762
3.96626
2.09259
-0.329052
1.74979
-0.474328
7.4514
-10.1471
-10.3954
7.46511
2.90917
2.78689
3.47088
-5.21869
-7.29801
-9.97247
2.6353
6.74318
7.00189
8.9705
-12.5808
-11.6256
4.92505
7.64802
3.8989
9.28382
-12.1891
5.28998
-11.7827
4.53853
5.43487
7.06761
-15.3187
8.89529
8.28851
-11.0712
-9.76257
-14.947
-12.2985
6.60593
8.94789
0.686493
-9.29922
4.61577
2.47088
2.54926
7.00835
2.58171
8.35568
7.85024
8.41988
5.9064
3.6677
-10.867
6.63476
-5.96071
4.49388
5.76506
-12.3444
-3.16492
8.38503
4.93784
-10.542
5.54481
3.28016
-8.35314
7.03858
4.74826
2.28733
0.76335
2.95875
8.34385
6.87783
-11.7275
-8.50663
3.2728
5.94623
-10.6274
-12.3
5.64108
3.33839
8.26573
-11.1221
7.30219
5.64096
4.47518
-0.373175
4.49586
4.65226
4.78473
4.1818
5.64885
3.38829
-0.416995
-6.39993
2.01586
8.78322
-11.4205
2.65882
-12.5296
8.0322
8.90201
5.53148
-16.881
4.55721
1.61923
-12.7183
-11.356
8.78596
2.88832
8.36384
4.53295
7.1342
-1.19499
7.61142
-0.723635
-11.0326
5.17994
2.73432
-15.2457
5.77256
8.93229
-11.1007
1.83187
-7.23125
6.88125
9.37966
5.7449
2.76265
7.88778
9.14397
-13.3519
8.4354
2.14518
5.45037
-5.47249
8.18016
-13.382
7.74276
-11.9383
8.3308
3.66324
2.89297
3.54909
-11.9777
8.62516
-13.0945
9.18652
3.57232
0.106984
-13.8882
9.48059
-12.2126
7.35563
3.73455
6.52743
4.06263
6.36508
7.19694
0.9418
7.65683
-4.28291
8.71558
1.29108
8.11559
5.27359
2.72731
5.93711
-12.219
-9.4863
5.68125
7.36956
6.01195
8.73674
2.90626
2.55694
-11.5568
-11.0735
-1.30678
7.50222
2.72682
9.09942
3.59745
-10.842
5.43098
2.27909
8.86342
-11.737
-1.26205
9.00996
-5.88508
7.21805
6.92019
5.78595
-11.8771
-15.3103
5.55476
3.07469
1.09573
7.06028
7.64803
-7.5433
-11.8217
8.8328
0.103151
7.22391
6.83197
8.89339
6.46995
8.06971
2.27433
7.6838
-12.9492
-11.5058
3.11597
8.41482
2.14228
8.27909
-11.6156
4.17366
8.51015
6.59003
3.56196
3.50744
6.98696
-13.3495
-11.845
-2.5127
8.38008
4.53157
3.18797
3.24466
2.84066
1.90021
2.50768
6.49652
2.13836
-15.629
-7.24864
-0.0732227
-12.2613
8.08137
5.99246
1.67259
-12.1266
4.17949
-11.8424
2.19038
7.33394
3.4273
-11.2669
6.81695
5.63951
-11.2582
8.82104
9.24754
3.61923
8.56055
5.76369
8.82271
7.44619
7.53837
3.01342
3.2391
3.78467
-10.7841
7.0139
-14.1274
8.5789
3.20211
-10.0182
6.28412
2.39252
9.03057
-0.743644
2.64714
-6.82912
7.88242
4.39936
9.41885
8.79007
5.34176
-13.0426
3.10917
2.62515
8.90445
2.42344
3.30934
1.43013
1.92024
2.25579
2.7048
3.04016
7.80881
3.1454
-2.05687
-2.65833
9.13201
9.21632
-8.32379
-12.3237
8.34242
9.31071
8.92401
-12.8091
-10.5106
1.5113
6.53144
8.44409
5.63002
2.22433
4.45681
6.43136
3.5174
4.10167
6.99539
5.23917
3.56812
3.22512
3.43764
-5.26147
5.77675
8.2585
-14.939
-4.55123
-4.42066
-10.4771
-11.7805
4.33564
4.25935
6.97694
2.16551
-11.5088
-11.3143
3.83689
-3.67587
-13.239
-8.87779
3.20481
9.07164
0.950013
9.09563
5.32536
5.85637
3.14083
-11.883
8.63657
4.04621
4.04294
-10.0859
2.67421
9.47257
-2.95658
8.9692
9.47637
-12.3586
3.21723
-5.8343
-13.5859
5.0423
4.00047
2.42057
3.13029
-2.80487
1.99289
3.17125
7.31869
2.44222
8.54786
7.75507
-0.324263
0.388992
8.67817
-8.52531
4.2922
3.42742
-13.9443
5.64812
7.79514
8.00361
9.26686
8.90591
9.17257
7.15832
9.10899
7.65786
2.29124
-1.31983
5.22826
4.66473
-6.60255
-3.99126
1.86363
4.5072
5.39524
9.49694
-12.1513
6.78433
3.76868
5.48402
5.53644
5.27197
3.54355
2.91229
1.27352
-11.1905
3.5317
8.69277
7.54934
7.94776
6.69344
7.00644
8.10639
2.24046
-0.0852635
3.0918
3.48648
9.33347
5.58301
8.76147
-17.0982
-12.2655
-7.44849
9.22664
-18.2845
-9.63443
-17.9439
-9.41638
-9.33992
-17.8986
8.72442
-9.70208
1.01017
3.63693
-9.1678
-17.7683
4.4861
2.52352
3.83666
-11.6465
7.03481
-11.4355
-11.1759
6.62977
4.28875
9.07538
-9.43964
-15.3728
3.14304
7.31729
-17.5825
-9.3385
-18.6179
-9.76123
-12.1424
-15.0793
-1.54581
5.19849
9.29149
6.10359
3.64925
-0.998903
-2.201
-16.231
-15.2581
-9.69592
-18.7739
2.23337
1.32943
-1.39801
-3.34614
2.40029
-7.21628
-11.957
9.39106
-11.5137
7.23452
3.10206
3.35783
8.58797
3.72128
8.8864
5.69538
9.03886
-10.8976
-4.45982
4.13047
6.23814
1.54555
5.28062
-15.5516
4.19821
9.40305
9.33992
-17.1491
-15.2707
8.85976
-13.7808
4.43382
-9.41619
-9.47547
3.29631
9.5308
8.68195
-12.2197
-0.87118
3.41164
3.48117
3.67486
-8.9093
3.3221
0.726673
-0.167365
3.77161
2.94705
-3.0257
3.21322
8.52412
2.13545
-6.5282
-10.0795
-10.1404
-8.51551
-8.90883
-12.2612
8.29388
4.27723
2.27283
1.65572
-11.3556
-17.4696
3.27387
3.60904
8.61213
-4.63842
-8.2699
-5.8795
2.82322
2.37311
3.9408
6.81626
7.59444
5.0652
2.62912
7.09366
-11.8986
5.82902
3.33007
8.52645
7.98035
4.40347
-9.53092
9.67463
3.00398
4.54597
7.27883
-10.8448
-9.23153
-6.30347
6.85748
-0.256572
-2.42858
0.465585
2.68768
5.76434
-10.687
8.74242
9.23774
9.51747
1.3865
8.34735
-12.2881
-10.7549
3.46497
2.09628
5.66635
3.43495
3.99098
7.48759
2.11324
-12.381
-13.7545
8.27061
-18.1574
3.41195
5.77713
9.30651
6.19354
-5.51578
1.7905
-11.1658
-4.26211
2.36442
5.09711
-17.6914
-4.46798
-12.0818
2.81479
-4.63746
1.64262
7.20166
-18.6364
-6.76657
9.3937
-11.4568
-13.4639
2.3767
3.05439
-16.7725
5.52893
9.54618
-7.97898
-8.25172
3.14352
5.20698
-9.42352
3.31242
-10.803
1.89298
5.46301
-5.9596
2.3588
3.5508
8.9215
2.14095
-9.50005
-18.991
0.777852
8.55524
-4.1916
2.98063
-12.3727
-8.96578
-7.11026
5.15566
1.03058
-12.2091
-7.9189
9.35984
3.43746
-4.02106
-18.9255
2.98171
2.86332
-13.3509
3.67524
4.44123
-4.70453
9.5217
3.8799
3.51018
-9.49147
-9.13967
2.13992
-13.8401
6.52756
7.37524
-1.20205
-5.14521
6.39944
2.072
9.28768
-13.8216
1.92489
9.37299
8.84907
1.48337
3.25086
-0.225784
5.14803
3.31149
3.9576
-6.68136
-9.5302
7.87733
2.11642
3.17328
9.49198
-10.8453
7.97307
-11.1886
4.54294
-3.25068
7.55675
1.84401
8.67783
8.37109
6.57171
7.79971
-9.29911
3.34418
-6.91742
-12.5196
-5.93686
-6.42201
7.66677
5.78449
1.9385
-4.41653
7.71544
-10.8349
-12.1412
1.58938
8.00332
9.18615
-9.46582
-10.37
9.04845
-13.6232
3.3958
-7.8077
-11.0365
3.45534
-12.1023
2.92931
7.73917
6.19377
-3.70467
9.40991
-11.9306
-6.78783
-1.8856
2.23848
-11.8356
6.40134
5.98239
-3.2442
0.986462
3.41597
4.20025
8.60595
-9.66591
8.76375
0.0573965
8.69358
2.13259
8.80631
3.76573
8.08368
7.57672
-13.6967
4.5109
6.83221
2.97607
-13.3637
8.93093
-8.96322
9.0311
5.11014
7.75071
8.88308
3.94047
1.37659
7.81804
-13.5865
-11.6164
-3.63629
8.01081
-11.1281
8.17375
-12.5102
0.262377
8.79511
-13.8399
-1.03038
7.77535
7.03459
-13.1414
2.0056
-3.45962
-8.15851
-19.1242
-9.53968
-12.8196
-9.75172
-19.0365
-9.46022
-11.948
8.32614
-17.9133
1.99958
-13.9627
1.57895
-14.8459
0.568813
-11.1034
6.49067
-5.53325
8.6512
2.20927
5.55394
8.50804
2.89254
0.47086
9.50737
-13.9671
-1.13753
-0.487822
1.80008
3.44168
8.26135
-0.0682544
-15.7668
-17.5188
8.1229
9.5716
8.36557
7.88048
-11.9507
9.15265
-6.07604
9.42258
-0.980063
-0.0199564
-9.31516
-11.2939
6.18859
3.78368
6.59162
4.98542
-9.47998
-4.27348
-11.8248
7.1013
-11.2445
9.54551
1.77414
-0.297447
-13.1468
-12.3979
2.82622
-11.211
0.216196
3.20023
-9.7514
-14.4056
3.23868
1.1565
8.71408
7.81526
-11.6201
-18.3925
-11.2727
-8.55266
-10.493
9.52946
-9.56985
2.34344
-1.69136
0.689176
4.36255
-10.4926
4.45671
8.45898
-10.6837
-4.75425
-12.4967
6.0063
-12.9526
-7.47211
1.99398
8.52422
-0.457911
8.86109
9.22261
-0.872704
4.0499
9.10954
-13.3598
-10.0902
2.75103
3.39205
0.181806
7.96052
-9.54258
-9.52595
5.60349
7.65165
3.39408
-9.48805
-12.3921
-9.5097
3.42072
6.64851
1.59319
6.93042
3.92996
3.41426
2.92265
-6.39141
-11.4018
7.30151
5.22831
8.29314
-12.1699
9.3698
-13.809
-4.88969
-9.60525
-2.86645
-13.0787
-2.77876
3.01243
8.09095
9.46715
2.52397
-9.53185
-18.5779
9.29678
9.47739
-6.79021
-11.8425
6.61908
6.10427
9.39032
-6.85093
2.77977
4.522
-8.99373
-11.4566
-6.86786
-10.7987
1.82951
9.44852
8.99196
5.84255
-9.66803
9.41588
8.35037
6.58528
2.95491
-10.0573
-10.2653
-8.1047
-12.1016
6.04815
-3.52178
3.54461
5.71609
-9.76599
5.16915
4.91029
8.59442
0.9048
-11.7992
8.65366
4.64218
5.33186
-11.1008
4.82865
-0.457067
7.72615
-12.1067
-9.97503
3.64884
2.85778
-12.4376
1.40045
-11.4366
-8.46738
4.28325
4.02849
3.5128
3.93996
-12.0824
-0.73094
3.26356
-5.19018
2.8364
5.24827
1.39813
2.47752
2.91704
8.20197
8.14013
-8.55926
6.96273
-10.1084
8.71463
-11.3013
-10.6689
-8.17411
4.22048
-6.04706
1.44282
-12.9915
2.62966
-18.1704
7.28188
2.26454
1.95344
-14.3456
-18.5997
2.09349
6.57328
-11.3191
-11.7909
-11.4871
8.97214
1.45972
-12.8717
4.14533
3.06927
-10.1707
8.82682
3.56085
9.51907
5.29703
-9.51066
4.45308
3.67509
8.94415
-9.68097
3.11671
8.7575
-2.61767
-1.70969
-10.2541
-19.3616
3.42332
-11.8851
-7.84997
7.98614
3.53631
-7.79359
9.14443
-13.3015
-12.4785
6.04825
3.87215
8.08149
-8.97891
6.18813
8.81422
4.28316
8.85312
-4.32726
8.56172
9.25215
-11.8897
6.57064
-17.9761
-11.5616
8.81174
-12.1948
6.63879
7.21538
1.5773
-9.11949
1.58894
8.5826
2.37346
7.26087
-17.4842
2.52086
6.88463
4.57263
7.18949
8.7824
7.61949
0.933874
9.53886
-9.56816
-14.4333
-9.44736
-2.62483
-11.7333
7.95276
6.31908
3.001
-10.4902
-1.29062
-1.60639
-18.5683
4.42731
4.77661
2.69535
0.599896
2.52863
9.33811
-3.79486
-13.2248
9.28494
-11.7672
8.77931
2.57542
-11.4089
8.82417
4.41574
4.1666
3.30012
-0.288969
1.77264
4.1256
-13.5719
-12.0909
3.4503
-11.3185
-11.4346
-0.41447
8.53126
-5.10683
7.57832
9.45209
4.16103
-11.915
-12.871
8.81208
-9.5434
4.83901
2.45867
-8.9501
-4.35559
-6.27048
0.427332
-12.9283
8.21705
-7.56805
-16.5569
-14.8987
4.64855
1.65082
8.96312
3.58298
-1.05563
8.50074
1.16301
3.01589
-12.6057
3.59743
4.95798
-4.20919
2.1653
0.855199
5.60537
-12.247
2.38287
0.405447
0.227209
3.43583
3.44681
2.91227
2.06477
-12.3561
-9.65252
7.77323
5.14044
-9.95009
8.76574
2.26876
8.44918
1.94241
5.82766
0.74514
-7.34907
5.50651
-10.5459
-0.519583
5.33581
8.64005
7.12608
8.86321
5.72034
-11.1906
3.84487
9.02835
8.63037
9.09774
8.80542
-18.6661
-1.48419
-12.0703
9.50541
0.880487
8.69954
5.41713
-2.06017
0.357731
0.767808
2.41626
1.85601
7.97033
-1.40719
-13.1741
5.14789
8.90787
4.67522
-11.8441
-11.205
-11.0426
-2.24921
3.55399
-12.919
9.26208
-13.3846
5.74775
-17.5065
-9.06909
-12.0908
3.42826
4.29993
2.31343
8.43975
8.58962
-6.42084
-10.9857
3.22849
-10.5049
7.93304
8.95861
6.84944
4.54887
8.85852
9.15018
4.30421
-11.4854
8.24201
1.04258
-1.81511
5.11593
2.53587
-11.6223
1.98637
-10.5498
9.49657
-15.1013
8.08602
2.08976
-12.9364
-3.50922
8.3695
-3.95138
8.99136
8.94925
7.69348
-7.81212
9.07926
-13.1296
1.14666
4.55023
0.899716
-2.97276
7.67822
8.6069
-12.4235
5.77961
-9.62006
-11.277
0.114633
-4.68465
3.03874
5.418
3.26134
-5.13308
-7.36668
4.98088
-19.1811
5.10146
-1.46254
-12.3578
1.78938
3.72497
9.39706
-2.23441
-14.6837
-13.5824
-0.103154
6.47978
9.10866
4.32139
-8.60919
-9.55254
-18.7013
-3.42799
3.53876
2.35549
-5.61079
9.03334
3.13654
-3.47591
8.53642
4.8061
-10.309
-2.96788
-9.58975
-11.2653
5.11633
-11.7757
-8.71382
9.12763
3.24851
3.09219
-4.43297
-2.08054
0.85035
9.37807
5.26872
-7.189
5.64375
-1.97348
4.26795
-10.8814
3.51319
4.24337
3.65915
-12.4385
1.60329
-18.1078
8.70042
-0.605126
5.38276
4.73655
-2.43259
8.38953
6.96475
9.02021
-8.52339
8.26826
-0.81406
1.25506
0.745107
-11.269
4.07838
-3.86947
9.44644
5.2791
-10.0338
9.07869
8.63832
8.36192
-2.40607
-11.3909
2.14286
-12.2925
-0.485003
7.85685
-11.9456
1.99462
8.37419
-0.146878
-3.4311
8.32528
6.34651
-0.310159
7.00644
7.77241
0.758042
6.58706
4.20746
2.87502
-2.35664
7.5089
8.35969
-1.09811
8.99866
4.98372
-0.43955
-0.0833802
1.88945
6.51479
-10.5525
5.16253
2.19955
7.48135
9.34712
-11.5551
3.53203
8.77043
-9.95414
2.48808
-2.18036
-7.84626
-12.86
4.10093
8.22427
0.0195972
7.71895
1.18019
5.21348
1.95353
0.0597676
-5.02952
-4.84824
-11.4079
4.62482
-11.4914
9.19649
-7.02152
8.47649
3.12644
6.8058
9.223
-4.50611
-13.7226
3.2167
-18.2709
-10.7197
4.3829
-4.64335
5.32807
8.28601
9.50417
1.91133
9.06258
-11.3867
5.82558
-12.3749
2.34098
-12.4
-5.9049
3.37592
6.14494
4.2385
4.37522
-8.50072
4.84764
8.84784
-8.5803
-5.48147
-5.94065
-18.7959
-9.51278
-4.00727
-12.1479
1.40034
0.637005
8.82874
-11.9606
-10.9582
0.291913
4.31203
3.48882
-6.85256
8.76897
-0.149062
8.91143
6.17657
5.23286
-0.240169
-8.11752
8.93279
-12.262
7.17902
4.68474
8.8009
3.89013
6.74183
-11.4063
-11.6887
9.33258
-9.35766
7.06999
1.72057
3.12375
2.82245
6.85996
9.10807
5.44483
-8.30525
3.09843
-11.8917
-11.7023
9.21178
3.54311
-5.44779
3.51173
-9.63614
-16.363
4.06877
7.87148
1.02581
-0.711825
-12.0157
-9.88888
-11.6102
-12.1675
9.36778
5.11601
-0.931842
5.1979
2.2198
-7.39121
9.01716
-12.6829
8.01045
0.0398719
4.35156
8.54902
-3.15612
3.34355
8.81516
-12.7845
4.49095
-11.5871
-12.7527
0.0817237
4.24456
-2.35184
-8.35771
3.37388
9.3208
-10.9823
7.24288
-4.37223
8.85379
-9.60003
1.38314
7.16495
4.74171
4.72837
8.91604
-0.577579
4.12253
9.20264
-11.304
-6.36731
-1.24403
2.98587
7.71666
6.23863
-12.2196
-14.5875
3.09031
7.85649
8.77812
3.94666
5.37174
8.90917
-12.1636
7.30306
-14.5603
3.23688
7.5922
8.64774
-2.79817
8.99034
3.93418
8.78751
-10.0327
6.8532
3.28953
1.35417
9.00671
3.69173
-17.1962
-11.503
9.14091
-14.583
-0.518693
-1.6109
3.90347
9.29586
4.87246
6.91303
2.66386
8.41844
8.91845
-7.29984
3.74468
7.73839
9.30148
-11.7147
-2.26999
5.12262
8.66473
-12.5484
-13.5387
-10.9902
-0.554532
-19.227
1.23535
3.45137
0.100143
5.26703
-3.69706
-14.3138
9.17907
-1.65567
5.25726
8.29672
2.59024
-2.74968
7.31017
-0.575254
-10.5901
-4.57826
-10.022
2.72241
-3.82966
3.98958
4.27833
-4.53288
-10.099
5.38007
7.35056
5.1389
-4.60706
8.77228
4.31856
-6.29842
-8.06447
4.95795
8.89824
9.34301
6.89375
9.5428
-12.8228
-4.36205
6.51607
7.4658
-13.335
9.04461
2.98401
7.57311
-2.19449
8.93329
8.79325
3.03406
3.16746
5.69749
-0.593935
8.94464
8.80118
-5.82362
5.7662
-0.682927
9.15307
4.60954
-12.5859
1.61019
-6.28388
-1.3941
9.05192
5.45391
-12.8261
3.35612
-11.4034
3.03396
8.13378
9.45155
3.25714
-3.7056
5.11809
-8.81756
5.35385
3.00097
8.09262
8.96198
3.12641
-13.7417
-11.6953
8.30521
3.32387
7.94516
-5.43862
3.8193
8.78452
4.84426
-2.38959
8.35713
8.03166
8.73033
3.20711
8.74895
7.78012
9.48502
-9.51836
-11.4873
-9.40282
7.10578
3.25302
-2.11431
-9.31067
6.16493
-8.4166
-7.11103
3.17005
-7.53895
-14.0664
0.849849
-10.9585
-4.33098
3.28624
-13.9911
-2.16274
8.22184
-10.4168
3.42126
3.8982
-12.6932
4.92682
5.20116
-9.97338
-14.8324
4.02614
8.6745
-11.922
5.46841
3.14752
-4.63675
7.34917
-8.06322
-13.5613
3.85987
8.92339
8.28923
-10.134
5.39173
5.08004
-3.33817
-10.3448
-2.64364
-10.7507
-17.6969
8.05345
9.43708
-1.84448
9.50256
5.05823
5.27709
9.37674
5.44479
5.03397
-0.280629
3.51363
-14.886
-2.17449
-0.132958
3.55362
8.88761
-12.4346
-6.36281
9.49819
-12.9224
-10.7052
-7.21568
-13.1664
-3.84261
-10.6995
5.32521
9.53496
3.03494
7.07489
9.51627
-17.525
4.24639
-11.3148
-11.0427
8.24349
5.78091
-3.99173
-9.50513
8.98975
-3.73328
8.95515
4.12019
6.61943
8.43628
4.68267
5.89403
-2.59289
4.6647
7.11236
5.85272
-11.4069
4.82269
5.10802
-14.5136
5.21418
3.68948
6.84248
8.61495
0.845544
4.36391
-8.99385
6.56337
-3.91628
5.28337
-11.5828
-5.19349
4.96469
9.19565
8.63385
-13.32
8.7774
-10.9249
8.93101
2.62839
8.68437
2.55964
-11.227
2.9955
-11.8707
8.8442
9.33221
5.3295
3.40307
4.40536
-10.696
-12.5461
-11.8115
-5.63483
0.694758
4.23456
-10.8641
4.48488
8.70708
-10.5974
1.11661
-4.58268
-7.3207
8.886
-14.9904
7.54521
4.90537
5.71766
8.35586
-15.1667
-2.2544
3.77481
-7.2349
-8.46284
8.569
9.23299
-12.1873
-11.8491
-16.7895
2.95493
9.11162
0.251687
-11.7891
-12.329
-9.43212
-5.83507
4.09874
5.57696
-5.40442
-2.02242
8.86618
-13.476
-11.2905
8.82727
7.56026
5.07516
-1.20513
3.27069
-7.68433
9.24328
-6.46318
-11.6049
-11.4774
8.62962
-3.87708
9.15758
3.99885
-10.5731
7.14115
9.41486
6.80851
-12.5052
8.39435
5.75323
4.58487
-3.42033
8.84975
0.47261
-12.3811
-12.3779
2.73872
3.50263
-11.1415
-12.837
8.19318
3.41713
9.46879
3.14344
-11.7827
-2.6398
-3.98985
7.15062
8.71777
9.52697
8.46462
-12.6078
6.12683
9.31278
-2.48359
8.69523
7.73017
8.51205
6.14474
8.58717
6.48251
3.39354
4.05061
-13.8021
-13.352
3.43131
8.41243
6.71948
8.32403
-19.4216
-11.8968
4.19005
4.0218
3.55809
3.49724
-12.0289
5.16582
3.13984
-2.733
5.1873
2.79921
8.18932
7.08975
-6.65509
-11.5592
-2.20826
4.7405
5.62102
8.4238
-9.85138
8.44535
-14.8016
-12.6166
-9.68717
4.40777
8.77282
-14.8662
6.25451
1.24766
4.98913
8.73092
5.18285
-11.5788
3.56189
-11.2905
5.85772
-2.17695
-3.38528
8.90444
0.532704
3.15325
5.27876
-13.7196
8.49572
6.80652
5.20401
-14.3247
-13.3318
7.71995
-2.27146
-11.9499
-12.5816
8.08493
-10.9804
-8.57426
-15.4739
-11.8276
-12.603
9.24125
6.55096
-12.1471
-14.7615
-4.09005
1.54442
5.36178
0.464868
5.10376
9.48031
1.15686
-9.27792
-5.32935
3.56615
7.07779
-9.31022
3.52314
3.4009
3.84106
-2.6096
6.22102
3.6144
-14.1122
-12.3757
4.16106
3.63896
-10.6249
9.27616
5.98385
3.74786
8.52529
2.97549
-1.75738
-5.90737
-8.74153
-12.6775
5.54346
5.26653
-3.98284
-12.7768
9.19924
-12.3488
5.50998
-3.48626
6.66326
-11.8225
3.24199
7.4105
5.86151
-11.7545
-3.97199
-18.8254
-5.00877
9.02313
5.56069
7.75263
-0.548671
-12.7165
-17.6396
-11.4379
2.93038
8.69095
-1.70185
6.02001
2.79008
8.69035
-11.8855
3.32909
6.09074
8.89596
3.04972
-12.8713
9.1365
1.1519
-9.59991
-11.7088
5.03146
7.92408
8.727
-11.589
5.66781
-12.0249
6.07117
4.37488
4.62167
-6.95215
6.32602
5.2208
-10.0176
8.83546
3.23182
3.74535
6.40892
2.69643
5.85914
5.33137
3.6411
2.57063
-10.438
4.67894
-16.0532
5.16256
-14.3057
-12.584
6.97696
4.82855
-11.3849
-9.83598
6.10076
7.24292
5.34355
-13.9117
-3.3931
7.68562
-13.0432
6.1729
-12.1585
-3.03583
8.51662
-10.1267
7.78632
3.27264
7.52223
-7.11277
-11.9782
3.59228
5.90141
3.73607
9.26477
3.1958
-6.94054
7.82448
-14.1737
-9.74296
8.42622
-12.1734
-17.1507
8.35742
-12.3726
-10.0291
7.1474
-10.776
8.04091
-11.5062
-10.0979
-19.2857
-13.8337
-0.484218
7.96565
7.6427
0.610641
8.97326
8.23748
-11.1418
-13.1786
6.29365
8.52379
8.08634
-10.6739
7.7109
9.32623
8.24141
-12.8607
8.20623
8.0905
-9.53267
-17.4561
-10.2748
4.85189
3.39809
3.20839
-9.97325
7.69865
-8.98739
7.36955
7.77603
9.04662
6.47155
-5.23937
3.64559
-11.0017
8.77793
-12.5302
-1.1108
9.17895
4.63043
5.74162
7.67452
8.44608
-12.278
1.00829
8.78255
4.94108
8.05782
4.84341
-3.37342
6.17533
7.58711
3.56818
-12.6471
5.37922
3.67244
3.1306
7.91411
-9.86949
-12.3707
-12.1179
5.92876
7.44625
9.54885
8.33386
9.41044
7.58054
-12.1461
8.62185
7.19344
7.72941
-11.6479
3.66124
6.48449
8.78718
-11.0969
8.83438
9.251
7.59943
-7.93931
7.60786
5.19187
-13.3615
8.76844
2.41722
7.71692
4.73947
-12.5867
3.86725
-2.2506
8.75289
6.71498
7.43369
-12.2865
5.34168
7.71156
2.32574
-13.8206
-6.22938
4.14612
6.17927
-15.9068
-12.1143
-5.22218
8.28718
8.37468
8.55189
9.14782
1.69105
-16.1219
9.21003
5.21886
6.80524
5.93021
5.23449
-8.52456
3.36392
5.80366
4.95452
-4.16579
-8.63828
8.02203
3.00016
-10.8446
7.798
-18.9302
5.21006
5.50476
-3.83608
2.73575
3.30462
8.83012
9.24904
7.03256
-8.78758
9.6737
-9.84638
-9.56872
-4.7852
-0.507097
8.38027
4.44042
4.85313
-12.6599
6.79403
3.83135
3.35705
6.73794
-11.8497
5.85543
-12.3172
-12.5318
8.76432
8.57516
6.92842
8.80517
6.74936
8.01137
-0.47627
3.07318
8.1228
9.52979
-0.236747
2.89316
4.22182
8.56831
3.26698
6.01405
5.41863
3.65736
-14.0106
4.21133
-12.497
8.88245
7.85703
5.09263
9.06489
5.16086
-13.6546
3.44724
-12.8811
-11.778
7.98622
-2.83004
7.86514
9.19063
6.64002
2.72175
4.7333
-13.5316
0.765266
6.7704
2.84767
6.82614
6.424
9.50862
-11.3706
3.16647
5.28873
7.06954
-13.4164
7.43396
6.2727
-12.3759
-9.13276
6.86438
6.90333
-9.67521
9.08499
2.92216
1.26253
3.64409
8.13744
8.47572
5.93242
5.16216
4.40582
2.8652
4.0092
4.50712
3.0051
-8.9079
0.852266
6.41392
-17.5255
-11.4031
-5.98169
-13.8554
-0.305684
-8.36361
0.989308
-15.1553
8.66335
6.6462
6.17388
8.77898
-13.5902
6.3238
6.20721
-3.47059
4.29949
-10.7964
0.261222
-0.836613
6.54659
2.91539
8.66775
9.25208
-18.2602
-13.7186
-3.81306
-11.9285
-3.46982
-8.42281
-2.73541
3.20754
0.269581
6.52004
7.95389
4.45789
7.2314
8.48323
-11.906
-11.7668
6.48168
9.04884
5.04734
8.5375
9.02256
2.97507
-3.19497
-7.07998
3.8093
-8.47271
5.12929
4.13038
7.89382
5.36658
7.10913
-12.5318
-7.84838
-14.3899
5.78007
-10.0827
-13.8513
6.51544
4.60745
1.70311
-2.79423
3.94324
-11.926
9.04263
-16.8054
6.18472
-17.1756
3.07325
0.461542
6.06266
9.09136
8.62383
6.65859
8.67825
4.35872
5.19154
8.75196
6.88949
7.83561
-6.77668
7.87778
5.62274
1.24157
3.98406
4.74157
5.90592
-10.802
6.25887
8.25425
-2.84031
7.58176
5.52685
3.62762
7.73455
-12.7976
8.70654
5.18256
4.67608
5.27238
-17.4721
6.68973
6.28952
-16.2296
5.23817
4.92968
8.02945
5.01082
1.58918
7.81146
6.88317
6.66987
3.81782
-7.90042
-10.9959
-14.3251
6.48718
-12.3365
-17.568
-9.30752
6.82014
3.98131
-7.95509
6.01384
5.88287
-13.4025
7.72471
-11.0481
4.32888
1.94122
-4.61392
-10.3918
3.74408
5.45146
4.57888
7.45837
8.42086
1.68747
8.45555
8.56066
-2.0992
8.51518
8.80681
5.22714
7.73233
1.70732
0.129751
6.82301
2.48061
3.29379
3.60858
9.29808
-5.63397
-6.05702
8.76693
-9.49865
5.90654
5.20942
3.59966
6.32995
3.09458
8.68885
5.48388
-14.9554
9.01637
2.87949
5.74892
7.94314
1.4206
7.87064
5.73328
-9.60005
8.83906
3.43251
6.09421
8.75697
9.5406
6.4014
-8.54031
8.19684
-1.7699
-5.64181
2.50829
3.16966
8.3463
-9.01987
-10.5317
6.66971
8.75169
3.46523
-9.58855
6.93227
-13.109
-7.15954
8.43666
8.8633
-12.5778
3.20679
-12.2015
3.27032
-4.63077
-9.01175
9.07095
8.87181
1.23585
8.92265
-11.6575
8.55422
3.76924
5.79096
8.19056
8.32102
-6.89686
6.53568
8.90665
8.24849
5.48531
-11.9697
3.29714
9.51114
7.66203
-12.5199
5.76584
6.91712
-7.08632
1.81869
6.29404
6.98886
-16.5023
7.69855
7.60242
8.86628
3.48589
-14.465
2.47827
8.70569
-13.8468
2.6568
7.21148
6.43232
8.56121
6.97637
-7.27555
-13.9737
5.04792
4.19142
-7.17727
-9.48869
-18.9584
3.24257
-17.4563
-9.45984
5.31325
-7.27408
8.5868
-9.33593
8.92233
-13.5496
1.45786
-11.4733
8.66539
9.03817
-7.96837
6.17832
8.14551
9.17317
-14.6767
-1.38197
8.90993
5.00555
4.93163
0.724345
-13.7761
6.52727
3.341
6.47639
6.79541
-7.443
7.87875
-7.98608
3.25994
-13.4744
-12.8359
-9.65777
7.48385
3.36855
-13.8287
2.56997
1.86108
4.75518
-12.1189
-10.9758
-1.98266
6.58436
5.86938
-11.2316
2.77328
7.8752
-13.6187
-5.71462
4.96896
-14.3153
3.9632
9.08304
3.95104
8.97792
-9.92602
4.84825
7.52914
2.53574
-2.81528
-13.5266
3.07057
-1.84212
5.43321
6.41879
6.79164
1.67032
-8.39599
4.39819
5.0643
-5.46133
3.06514
3.07055
-10.1063
-12.4341
5.36435
8.62054
5.70696
5.30891
5.39699
5.03162
8.30758
-11.4119
-11.2611
4.78581
-11.2515
-4.74233
9.22278
-14.1137
-0.869045
5.02133
9.03248
8.94208
3.47519
8.57879
-7.59845
6.88845
3.19685
3.15263
7.47074
4.64306
-13.829
9.48281
7.81769
-7.25119
7.6269
7.99659
5.15171
8.22317
5.64658
-11.9654
-11.7955
6.92629
-2.88914
7.47917
4.27857
8.82531
5.79411
-10.2445
8.49465
7.07274
8.74079
5.47709
5.23861
-6.41749
5.45917
1.38775
-9.03128
4.06689
5.18231
9.20777
-5.3123
5.22968
-13.3742
5.20952
-13.8351
-10.5179
7.17935
5.80695
8.43765
8.26721
6.61943
-12.3717
9.49015
-11.2235
4.04202
8.31156
7.91492
6.66251
7.4989
5.30523
-12.5235
1.34934
4.18483
8.7449
7.31434
-13.8207
9.42259
-11.9436
-1.77264
8.4159
-0.723122
-1.61342
-10.2793
8.29474
-12.8143
5.97533
3.76607
4.10803
8.72601
6.61556
-11.4583
-11.2704
6.08372
8.78727
-12.3134
-9.19514
3.15985
6.84697
8.69965
5.45353
-11.5175
1.67185
1.77793
-9.20821
1.54558
8.52885
8.42409
8.93232
4.81497
-18.773
-13.7316
3.59989
6.34839
7.18126
-13.2643
5.55479
-13.9914
5.87396
3.10384
-13.2942
9.06629
8.7561
5.43162
5.17587
8.85363
9.4542
7.4956
5.48379
6.26957
8.01084
1.16908
8.18421
9.33944
3.77685
9.47154
-15.4704
5.2132
3.3724
6.52388
-10.3158
-11.208
-11.1503
9.92188
3.10899
-9.70123
3.79542
3.59909
-12.6464
2.61666
-1.08365
-13.3009
-11.038
3.5144
8.96164
8.62253
-11.9831
-14.3756
7.94176
5.36746
-1.20103
2.41836
-13.2085
7.94998
6.45781
-7.56063
-14.7147
-14.7665
3.47691
4.64258
7.80155
8.66596
2.33088
-11.6729
7.63139
-11.8651
-15.71
8.29095
6.48766
6.70003
3.70786
2.04985
7.78192
2.96231
9.17995
-11.4211
-13.1844
4.97319
6.51727
-10.2532
-18.5574
-13.9032
7.74965
-12.7472
8.17546
3.4648
8.89533
-11.422
8.55628
-13.7243
-12.4151
6.3697
5.43109
7.52823
-16.5604
-12.7506
8.70015
-6.43665
8.14565
8.52799
-11.9503
8.31234
5.01096
-12.6034
3.28416
1.14499
-8.74213
7.39133
5.7448
2.44015
5.54032
8.8539
3.36394
5.27986
-9.34804
3.53115
8.23205
4.18466
7.59988
5.33363
7.46985
-11.8437
4.23012
7.60941
6.11083
2.24111
-15.3292
6.91116
8.71317
-13.8726
6.08022
-1.50343
4.95558
2.30746
3.93858
-14.4078
8.61752
6.61834
7.63022
2.408
8.80048
-13.8369
4.67698
2.07035
-10.2478
7.66013
-6.44178
-16.9263
2.5732
6.06692
7.89525
7.72878
4.41992
7.34004
0.529686
4.2909
7.88491
3.03542
4.45601
8.17734
4.71911
-9.15468
-13.5796
-16.4686
-5.51164
8.86465
5.56198
4.76174
6.66596
-12.4971
1.79433
4.12135
-2.4407
-11.9729
6.88005
8.66792
-12.3396
-10.7804
6.95188
2.96272
-13.4821
3.4781
5.40195
5.52321
4.68939
-17.7273
3.34955
9.43127
3.31264
7.06172
8.75569
3.44544
8.38629
8.36266
3.21644
6.26305
-14.3387
8.37536
8.52956
-13.1129
4.26558
7.97795
7.46258
-13.2758
-15.2938
6.54869
7.72189
-6.87963
8.08901
-12.6923
8.2033
3.16078
9.36467
4.7768
5.73586
1.1774
8.51114
7.5225
6.56392
-8.7463
-4.71975
-18.9875
8.47897
3.04203
-10.0599
-13.7471
3.04761
2.97647
8.21244
-15.158
8.65586
4.67811
3.08307
4.13364
3.44765
7.06755
-15.5224
4.26574
5.39573
5.29326
-17.1701
5.80922
8.08333
-18.1125
8.34402
-1.73101
8.39622
8.59126
-14.4276
4.03125
-10.5288
8.58808
0.593611
5.00483
-13.1144
-10.3552
-18.8128
1.46188
-12.9463
-0.930604
7.12331
7.32858
-5.94053
9.76273
9.20417
3.13765
-10.7087
3.04008
2.64701
-10.4276
-1.88455
4.17545
-5.75768
4.42492
7.64168
7.45623
-11.838
10.1343
4.96795
5.84678
4.80719
4.11575
-5.42933
3.99948
-12.556
-10.5271
3.17593
-2.74543
9.55883
-9.48388
-13.5171
2.44047
3.11984
4.82933
4.22263
0.37204
7.02049
4.29481
4.29248
-17.1027
5.14955
0.567957
4.75112
7.56747
-3.10037
3.43967
5.13186
-16.7545
-18.2983
-12.6998
-11.4159
-10.3697
-13.7923
7.92465
7.51965
4.71994
8.47602
-2.86025
4.78893
7.9475
4.16367
3.57784
-5.55775
7.83054
-11.9295
-1.92286
8.02975
-19.4711
3.29009
6.1406
-3.39433
-18.7831
-10.9231
8.94927
9.37883
2.96745
5.62845
-12.3502
-5.99425
6.21067
-13.8962
-11.9211
5.99991
8.85287
-12.2205
-10.023
8.63147
-18.0671
4.61436
0.421591
4.92817
5.17227
3.10628
5.19767
3.39128
-13.0552
3.53681
-10.2333
2.75648
3.4235
8.72403
7.82147
4.05429
8.79541
-5.98343
2.91427
6.91929
-10.5143
-18.6185
-10.3696
5.0457
-11.2426
1.01209
5.24199
-12.2629
5.17812
7.48087
-12.6885
2.989
-12.3489
4.3933
-4.18708
8.53977
6.28668
3.9852
5.47106
3.17347
9.29273
7.3125
5.89122
8.70081
8.76178
4.88945
-18.9526
6.86896
2.10012
4.18653
5.55669
4.99661
4.83192
-12.3475
-13.4608
-13.7188
-13.5406
-4.88457
-5.6906
7.92343
3.0429
5.7608
7.72321
0.521703
9.02802
3.2661
-11.8608
-1.20832
8.73488
7.87858
6.89254
4.18859
8.2861
-3.31927
-7.92331
-3.76205
-12.8768
4.05275
-12.518
8.16254
-9.1761
3.02521
4.22083
-11.0848
9.57518
-13.7263
8.91561
4.3562
6.17537
6.2056
-12.3161
-10.7162
-12.4001
7.73392
8.9603
4.30163
6.82785
5.18338
3.56667
4.62876
-12.1023
4.90601
4.51893
7.78079
-10.6346
5.51251
4.80353
8.80077
-12.2887
7.04242
-13.9859
-12.6228
7.49835
7.55319
1.22601
3.41907
8.49275
-9.04041
8.05987
3.1746
-9.7919
7.86959
-16.5286
3.92511
6.25594
7.67402
-13.4904
8.40966
4.08797
6.35622
-0.116148
7.65079
1.21393
4.96567
3.06318
8.24978
6.50422
-14.3453
5.68131
6.33399
5.46878
-8.5631
-4.75623
4.47015
1.67776
9.54978
-11.1063
4.03344
2.94612
6.01069
3.92607
7.8864
7.5969
8.98698
-17.8212
8.86832
9.01003
9.04995
7.56831
-3.67311
3.04609
7.69109
2.71716
7.93143
3.47808
9.29762
-18.8985
3.85058
-11.762
4.61478
8.65575
6.4522
7.68977
0.259444
5.14326
-10.5231
7.48098
2.66799
4.14924
8.24252
4.9585
8.74356
3.89188
5.68698
8.06049
6.1668
-4.20393
5.77461
8.88238
-17.4995
9.44632
7.03687
6.92701
-6.73527
8.97009
9.4531
-13.196
8.46421
-12.322
6.4584
7.65537
4.10702
2.71928
5.34478
-8.3647
8.62706
5.55858
5.09301
5.00914
-12.5985
8.03173
4.82217
3.38444
3.59019
5.24558
2.44668
3.93826
4.89271
-1.53973
3.48278
8.17303
-9.99982
5.18909
-10.8077
5.33959
-1.06856
8.46369
6.34734
3.73052
-12.5941
-11.7965
7.66885
8.0225
-7.9288
-9.40096
-5.84192
5.24929
2.91563
4.24181
-3.0098
-16.4132
6.88121
8.37646
4.0765
5.93906
-12.6323
9.1678
6.3862
4.79837
6.65807
3.59904
6.05144
4.05671
-12.5744
8.0062
3.57893
-18.083
1.82528
5.07506
3.26955
-11.2894
6.08025
-1.4432
6.04963
6.55667
7.38031
9.08366
-9.41513
3.52894
3.17322
5.37354
4.47927
2.12086
6.75524
4.33374
-13.3163
4.19085
-13.3513
9.19454
6.95523
6.66782
9.38206
-11.2815
-5.73293
8.14268
-1.5958
8.29446
8.08768
0.974924
5.62534
8.76967
-12.7007
-9.68569
-11.0793
-7.90482
3.15706
5.02151
9.10494
7.23657
7.93752
3.47714
8.48822
3.05932
-18.99
-13.068
6.2679
-9.56165
9.12168
-15.815
-12.858
6.12468
7.19201
-15.3475
-7.61208
-12.5363
8.60763
3.01942
8.03255
3.7427
-11.2142
-11.2305
3.83762
5.91406
7.55334
5.2279
3.10922
8.9021
3.49922
6.4335
6.37726
7.50157
8.12406
3.68305
5.41811
-11.6955
7.89236
-8.61361
7.31138
8.42438
7.89167
4.86435
7.62628
6.90894
-17.1054
9.14724
8.58204
-8.09962
6.23046
8.36722
6.80406
4.11339
8.19959
-10.2579
4.66922
7.67408
7.13289
5.85343
-11.9773
-9.34197
-11.9437
7.7713
1.49119
3.07833
2.99901
0.981246
9.20661
3.00725
8.93261
7.27699
-10.2258
-18.8408
7.75996
3.37421
7.64044
-9.92707
-18.3345
-7.68335
-11.6168
4.18845
-15.5831
5.39375
7.8752
8.57817
3.74419
6.35863
3.84063
4.28367
7.44843
4.64444
-10.0604
5.02292
8.07852
3.64681
8.34831
3.21184
5.15545
5.74392
3.90725
3.31917
0.971462
-8.96819
6.96083
3.87879
9.10319
8.08889
-11.0421
-9.88474
6.36253
-13.7156
3.8841
3.75921
7.68714
1.15265
7.80407
-11.9864
2.09809
6.08394
-13.4927
8.43012
7.36131
-12.0691
-1.73817
-17.2486
-9.71769
7.71972
9.21607
-13.9511
-11.9926
-11.184
4.69097
-10.0503
-11.0987
7.71951
6.93965
6.99626
4.25702
-6.40342
0.084919
-12.1614
7.76491
-11.1898
3.39177
-3.17839
7.78174
5.22838
6.30924
-11.4115
3.91735
8.17654
8.72028
-7.74366
-17.7509
6.2499
6.96783
4.67816
6.9742
-0.0194034
-15.0484
-13.2843
-2.42926
3.31692
3.99442
4.40701
-12.9703
-12.5101
-0.256459
-3.46292
-9.56107
-13.6352
-12.9601
5.83512
-12.9056
7.76229
-7.64865
5.60624
9.19952
3.21164
8.44573
-10.4559
5.10463
3.8747
7.10336
-12.8239
5.50247
-13.3229
-9.10842
4.54214
-8.17666
9.49314
-17.2627
8.69366
-12.6095
-9.9414
4.30026
-12.6164
-10.1745
-11.3461
4.83605
-15.3267
7.45643
-10.5281
-13.6739
7.48236
-13.4612
3.544
7.78667
6.44773
-13.0428
-11.2223
2.90172
6.45755
4.93792
7.2887
9.12185
8.81719
4.37911
5.02064
1.06333
7.51073
6.00767
8.70145
3.54949
6.41856
3.24961
8.64006
-13.1693
-8.81486
6.56001
-10.1646
-18.7919
-10.8393
6.66718
8.2906
-12.925
5.9682
4.00511
8.37415
5.28522
-8.79948
-11.756
-4.80166
7.947
6.64876
-10.2715
6.42876
-11.8961
8.63006
8.16303
-10.2092
6.10615
-13.2238
8.67893
4.96753
-7.20626
5.24187
8.45769
4.6716
3.60658
8.48064
5.75012
8.97316
1.39563
8.16287
2.98875
4.96852
8.15633
-6.66398
8.381
6.37956
-13.8085
8.52071
-13.1654
-10.6374
8.93513
7.10794
0.175687
7.86532
7.04931
-9.38406
6.60995
9.21254
7.50746
6.37966
0.148284
-6.31645
3.53098
-10.8514
-9.64924
5.04473
9.12959
8.45583
-11.4855
7.60986
7.49319
-13.7236
-12.4879
-10.9162
8.82781
-8.0087
6.34295
-0.590385
6.21987
-13.4325
1.11874
3.00377
8.88534
3.21472
-17.9219
9.09267
-10.433
6.89538
5.83861
6.96224
6.91822
6.84298
2.92353
7.03124
5.95788
-8.44799
4.84784
-17.6431
-10.6107
4.33374
0.102653
-1.29613
7.66554
-2.04422
4.45539
7.38637
1.17358
8.25754
4.4017
-11.1099
-2.99999
3.78744
6.76954
-12.8033
3.60039
-16.5887
4.82061
-13.6258
-0.506493
3.83544
8.06772
3.04066
-0.689948
-7.35961
-3.20319
-13.395
-18.4767
-10.2919
2.94916
4.95507
-12.3273
9.92241
2.23123
7.91672
5.18973
8.35247
7.56146
6.8688
-13.429
8.62847
-11.8707
7.16943
5.11796
7.15341
7.62896
4.36842
-10.0992
2.00217
-10.4047
7.6993
-8.79273
4.48863
4.74504
-11.6013
-12.1423
5.21269
6.75177
5.09616
-13.6131
6.93143
-15.5248
8.09478
6.07549
9.43434
-3.84973
-11.9026
-12.9979
-10.15
9.38136
-18.156
-1.63136
3.70458
5.84129
-17.0981
-11.8434
3.62937
2.89066
-13.5714
8.22245
2.92809
4.04213
3.95727
7.01676
-16.6242
5.03661
4.58544
3.4643
9.32427
-11.9283
4.06932
-6.94682
-16.1481
9.44989
8.05042
-15.4781
-6.4948
3.40007
8.25421
3.02776
7.0918
-13.3992
3.42769
3.35329
-13.7097
8.59244
7.38321
-11.4878
5.77829
3.84284
7.45812
3.39422
-12.2056
-18.3381
5.25323
6.10714
7.34492
7.06426
5.14486
-8.31924
9.08757
8.46993
5.41987
5.90752
3.03063
-13.0924
7.32677
-11.7569
-12.684
7.12098
6.61675
4.15028
4.4164
5.65773
-2.94133
-11.5843
-12.4517
-1.84281
2.96931
-12.1801
-9.69898
4.88059
-11.0761
-1.38099
-11.3132
-12.0794
-11.4547
7.93172
0.35374
4.72163
-9.73236
4.42374
3.66482
7.86539
5.26646
7.02454
8.61559
1.89537
-18.1698
3.10891
1.16917
3.034
2.87846
3.59681
-9.58896
-1.07432
-12.2089
3.859
9.44455
8.58924
-12.0549
-14.6354
-17.5687
7.74382
-12.1063
-8.79588
-13.2702
9.26496
8.20786
-0.988074
4.94188
8.30427
3.06845
8.53594
7.62806
-10.93
-12.4226
3.11792
7.51653
-2.68068
8.13363
-3.16947
6.03225
9.18501
5.35007
4.81181
4.1553
3.36855
3.63468
-12.7445
7.80819
8.20643
-18.1675
3.43499
-2.46991
6.21633
8.28068
4.40166
-18.08
-17.4734
3.15488
-12.2836
7.19084
7.58513
3.55505
8.55957
-11.8481
-11.4613
3.7702
0.560591
4.65666
-9.71103
-17.8672
-3.66999
9.09995
-12.8508
-9.7905
6.9109
2.91143
2.01829
-13.6863
3.93294
3.21261
9.3653
5.6314
5.98784
-16.6095
8.72755
2.84586
-10.6421
8.84771
6.34625
5.85632
4.86429
5.17176
5.06057
4.56769
-13.618
7.90861
3.9502
4.48792
5.23265
3.18197
-5.9235
4.70437
-5.01589
4.4909
7.66602
-13.5931
7.22383
-13.5388
3.59346
-13.0309
-13.316
3.72052
6.39975
6.14004
8.58182
5.97421
-14.7028
5.06222
-10.3956
5.16955
8.07907
-12.2792
6.52357
8.17664
8.4509
9.15262
2.87187
-11.4023
0.579007
4.43945
-10.7
6.78098
5.08732
6.48895
-17.19
-13.3329
9.35064
9.14865
-1.66166
7.16336
2.38046
-11.941
6.92142
-13.2981
-12.0694
7.28049
7.82385
-18.4127
-10.3547
8.95261
6.01861
5.00448
8.64674
2.99209
4.69739
-15.6509
5.93465
9.62825
4.46356
4.63301
6.49903
4.62245
9.33274
4.15947
-11.0023
-12.6555
4.75871
-12.8103
-13.9288
5.09036
-9.6339
2.86334
9.4754
-11.8285
-10.1684
-4.80668
-11.9401
4.04998
7.10902
8.23448
8.55561
7.18735
7.96071
-17.3649
7.29338
8.25495
2.00688
8.39082
4.16279
6.98122
4.99906
-13.8739
-10.5728
5.98197
-1.99591
2.24415
-13.4443
5.37115
8.23303
-18.2421
-10.3063
8.29758
9.1787
-12.8342
9.13599
5.00712
3.96879
6.85656
2.356
-19.1331
-1.79503
8.10538
5.66467
9.49647
-11.5563
3.92462
8.05216
5.14403
-16.6275
8.19386
9.14542
8.88876
-17.8314
-11.964
-11.8951
3.24734
-8.59582
-12.4555
4.44637
-11.0785
8.18593
9.86656
-7.96902
-14.146
8.17901
8.91818
-10.4879
-17.5495
3.43546
-11.0337
-18.4794
6.30677
8.87935
1.89331
3.25235
-11.4664
-12.8374
-11.5522
2.37963
-13.5075
1.91037
-17.797
-10.3833
4.20292
5.42635
5.06801
7.52468
3.22158
6.62574
-5.9988
-12.5416
3.537
2.89951
4.08243
-11.2365
3.10497
-16.009
8.47945
-17.9887
-15.3173
-9.88807
8.95675
0.935973
-17.8588
4.06705
-10.3332
-18.2196
4.80834
8.19574
-12.0809
-10.256
7.06203
-10.3123
4.65514
-10.4404
7.08026
-3.55664
-1.34071
2.32053
2.93237
-13.8695
0.998083
-12.2804
-4.38397
-16.9563
5.21562
-10.4069
-17.6172
-2.3844
5.39649
3.88215
3.20044
4.75495
7.98417
-9.81695
6.29987
4.62418
-10.1653
3.48335
-13.3842
-10.5561
-9.407
4.72685
-9.55607
-17.0276
8.12977
-10.6823
-17.6583
5.14206
3.11815
8.59063
-13.5199
4.74023
7.98873
6.87888
3.21478
-12.1687
-13.3848
7.47967
-16.861
5.02476
-17.3168
-17.9924
5.63847
3.29741
4.85035
-13.7102
6.12183
6.13034
7.35152
1.70819
8.05162
9.45354
7.57897
5.32355
7.45492
5.86006
6.14793
5.00689
9.44132
3.305
5.2068
-2.36867
4.61378
-14.8373
-12.2907
4.11775
3.84873
-12.1084
-11.6054
4.48446
8.70706
8.6756
5.92638
-12.9371
-5.7703
-9.64513
2.25318
2.32307
-2.88514
5.31011
-10.7809
4.10648
8.31216
-10.7033
6.83943
-4.76085
9.36324
7.54458
8.28885
-6.74667
-12.6128
5.8916
6.19942
5.63274
7.86854
-12.5721
5.2165
-12.1415
-12.5777
-13.0021
9.54294
4.0784
2.31019
9.48603
-17.2236
-13.6623
1.40331
-10.8056
4.38193
0.0135484
6.0716
-11.1255
-9.45021
-10.873
-16.8585
-11.1787
6.65849
3.79199
-16.557
5.21621
-2.31528
6.21717
-13.4693
1.48817
4.60786
-12.8223
-13.9528
-10.0936
9.52687
-11.4768
-8.54904
6.91748
-9.82808
-12.4194
8.98773
5.33557
-19.2297
2.15207
7.7071
-10.3571
-3.3562
-10.7575
-7.99284
7.53156
5.659
-12.0415
6.7227
1.6183
2.65701
8.26595
-7.64734
-11.7241
7.23847
8.35458
-12.1367
-11.6117
6.56809
7.5457
1.74782
-13.7372
9.37991
6.68327
-10.2528
9.09451
2.70918
6.23132
7.30336
5.84426
3.32884
7.57419
7.86706
-12.0749
8.80105
7.65107
8.24804
-5.75815
-13.7709
3.07437
-12.2109
-11.8559
4.67999
7.54819
9.51931
9.1404
-1.7059
-10.1446
-13.7375
6.50624
5.20062
9.5569
8.31828
-0.914837
5.20798
8.14979
-13.2044
-12.2161
7.39779
-9.77945
-13.119
2.57786
6.141
-10.6495
4.61129
3.98033
-12.0083
-0.0804487
5.32316
8.94273
2.52634
8.32394
9.65259
7.46921
-9.03044
2.63335
6.5505
7.26807
-17.0264
-6.25021
8.22772
-12.1624
-1.45296
0.905708
3.13555
4.403
-11.111
9.47893
2.23452
5.22088
-17.8878
5.13302
5.19753
-13.9502
-11.6018
-10.2256
3.70416
-16.4746
-17.9064
7.66343
7.53465
6.65979
8.93512
-12.5397
9.0554
7.5238
8.44272
-10.2354
4.95754
7.45187
7.89382
-1.09772
5.19778
4.68897
3.16244
8.62612
2.95436
8.86012
5.81523
-2.08437
-4.05702
2.63868
-12.2898
5.17278
2.78089
9.08287
2.45553
-3.89982
-18.7749
-14.2241
6.77893
-15.3206
-1.94323
8.42426
7.91026
-10.792
-11.7979
-13.871
-9.83486
4.04974
-14.4976
-11.4296
5.68273
-12.8681
6.17858
4.2253
-14.5953
-11.7827
4.9571
2.92973
4.55755
-1.8794
8.94965
3.3608
-12.1137
3.50236
9.13319
2.34042
-12.3859
-17.4719
-9.39275
8.79354
8.92074
-12.1108
9.52273
7.84107
7.96429
-14.4797
5.57019
6.98323
-9.63934
5.37091
4.07231
8.7823
8.74005
-11.721
7.35496
-12.205
8.67607
2.5064
8.91989
8.99854
6.16124
8.11619
9.1356
5.42689
-10.4021
-11.8428
7.31699
5.84647
2.60466
-16.6664
7.29093
7.54128
7.88304
-5.77602
8.65824
4.34029
2.48688
-9.74651
-11.5582
2.70398
9.10984
5.24932
-13.8413
4.71737
4.67713
-5.76726
-13.7324
-5.46383
5.9812
8.67378
1.37932
10.4962
-1.1221
8.87423
7.33038
0.747641
-11.1592
-12.2648
5.68297
9.43324
4.35229
6.26304
5.07836
-11.6699
-18.0255
-10.8627
-10.0034
2.03571
6.32939
-12.9624
8.71096
8.71023
2.30751
8.74057
9.00451
4.13854
7.27804
-3.50127
9.54357
8.32984
-6.81665
7.70412
7.83808
4.06855
4.87196
-17.4497
5.29662
-11.6098
3.42827
-3.43009
8.99624
4.94869
7.44925
-10.4424
-10.59
9.21
-4.66141
-13.9683
6.08017
-18.5896
-10.4495
-16.5583
4.1028
-11.7728
8.45624
1.46927
-11.0839
-10.8426
10.1274
-11.8523
8.36795
9.16696
5.02264
-13.0104
8.70475
7.21283
-6.7876
3.41075
9.0611
2.53115
7.52537
7.23094
8.37273
8.92929
2.91023
3.52153
-12.59
1.8352
3.67841
5.63316
-14.5172
-4.825
7.60389
-6.6041
8.75977
-12.6956
3.27992
7.98264
-11.2682
8.28507
9.50566
2.98512
8.49132
8.56316
5.21423
9.52398
4.57555
0.781358
-13.2887
8.80038
-9.22773
3.13763
2.14246
4.78511
9.25944
-12.0544
-3.16362
4.65435
7.83725
4.44732
-5.43246
4.21668
-11.8654
8.97094
-17.611
-10.9992
2.97285
-10.3132
4.11433
0.661324
8.40006
8.38198
7.27611
4.98956
8.29058
7.34025
-4.87632
7.64227
-10.1248
5.3089
3.14408
-14.2022
8.57025
5.69242
7.01259
4.8998
3.26614
8.46259
-10.8832
-0.572768
-11.6948
5.49279
2.72589
-19.5686
3.54533
7.84852
5.47032
-13.4273
-18.175
9.09428
3.77353
-16.6007
6.15673
-11.1714
-17.9127
4.51485
4.32474
8.04627
-13.45
-9.73836
-1.97066
9.99862
3.11533
8.2984
-11.5603
-17.6549
6.47807
9.73519
-16.7784
-11.9308
-9.41827
-16.9841
5.39606
0.279555
-11.1088
-4.80475
-1.10482
9.58732
-10.4517
-17.8631
5.476
-12.5488
5.50974
8.66194
9.56084
8.98466
4.79828
4.58888
-12.5282
-11.9232
4.1475
-12.5109
8.64865
7.53447
3.4847
3.1599
5.91753
7.40282
6.53342
8.62278
5.07183
7.22027
6.07209
8.71926
4.40778
-8.09913
-13.8126
5.87848
8.71544
-11.0875
8.94393
-12.4388
-6.47382
8.28284
5.04062
-12.0419
-9.26927
5.23882
-11.1794
-10.5517
-11.8329
7.82312
9.32575
5.74306
-12.8138
6.96211
9.5811
-8.07433
-12.7016
-13.4256
2.45303
8.60746
8.46308
3.8819
-16.6193
-8.23254
-18.0581
3.34667
-17.5048
8.722
6.83119
-9.92288
0.565586
-11.7921
8.95127
-11.1464
-13.0371
-1.90654
-0.714338
7.50084
7.71375
6.34023
3.06538
3.74579
7.62221
-8.29541
-16.1228
-0.883842
6.29371
5.38662
-10.1131
3.94228
-13.4435
3.15858
6.67587
7.57966
7.30615
-4.2456
6.75882
8.90805
7.26788
8.40152
3.45604
3.365
6.41827
6.32888
8.75538
6.11972
7.97791
-10.5696
8.56268
5.41585
4.85515
-11.4697
9.36848
5.03453
5.51159
5.63956
2.65626
9.18359
-14.0386
-13.5044
-10.4555
8.44487
6.0388
3.39562
4.09488
6.77815
-9.94313
-7.51192
5.12604
-11.8382
8.63736
8.91267
5.36969
-11.5183
-13.1575
4.96448
5.48242
7.02616
4.51048
8.78888
-13.4611
6.82148
-13.134
6.39268
-5.68306
2.85343
6.53216
-10.2105
1.06075
9.14107
-13.9506
-11.2163
8.98095
3.28921
9.00711
-10.806
8.48318
-11.2378
2.89682
-13.8911
-12.1195
5.92644
-10.4894
-13.5141
-8.99827
-13.5123
-5.61566
6.15259
-13.9739
6.83494
9.15871
0.904203
-10.784
-17.0083
9.29228
7.46274
-11.0223
-16.5843
-13.9952
6.83166
-4.28145
-11.6991
7.4791
-8.84425
5.1019
-17.4397
-11.7334
2.2847
4.81594
-12.006
-15.848
-13.3961
4.71187
6.30493
7.2383
9.53926
-2.48192
4.21846
-1.47249
7.0792
-15.66
8.67687
5.67971
-6.07675
9.03679
-10.5707
5.27082
-3.28369
8.59196
7.60978
7.39077
8.34084
3.37411
-7.99477
-13.9181
4.21526
-1.26767
3.40729
8.63876
7.09674
8.69798
-10.687
-12.7753
4.86236
4.9338
7.86938
7.02037
-12.2678
-16.7764
9.90375
3.95704
1.05117
-13.1953
5.12262
8.79554
-11.2438
-1.86951
7.30267
4.55566
-10.235
2.50719
6.75884
5.59684
7.22218
1.26025
-16.6501
-17.0131
-15.8521
-1.1649
6.21849
-10.6275
-17.226
4.72307
8.15876
-12.7368
-5.84114
-10.7106
-12.4575
-2.95465
5.62343
7.39116
4.80266
6.53122
8.6967
4.17596
-10.5135
-17.5847
-1.96635
7.53785
-17.0991
10.2818
4.94672
3.35999
-11.8198
4.40051
-16.9684
-10.5299
-11.0416
-16.3801
9.54542
-12.0839
4.09213
8.38826
2.49564
-11.9517
-10.9729
-5.66205
6.83262
-13.9667
-10.2543
-16.4408
9.32995
-14.8795
3.52884
-12.8269
6.95728
8.63037
-13.2473
-10.4848
-15.4207
5.00914
8.09841
4.18136
-12.7594
8.61557
6.48762
5.8352
6.86943
-12.8319
1.30217
5.54924
9.92432
3.45026
6.75932
-13.3857
6.04777
10.3902
8.09988
8.58179
-11.7077
-13.3156
4.74633
-14.5493
-13.6761
-10.301
2.88168
-11.0971
-10.2064
-7.80781
8.40495
9.47152
6.08143
8.76445
-16.7338
-11.5553
8.49127
5.5734
-10.6813
-17.3742
5.91628
-13.7288
-3.4879
8.78872
-10.1156
5.37735
8.53572
8.96234
-11.313
4.28312
2.83255
8.89085
8.42146
7.12619
4.98989
5.43517
4.21175
-11.4187
-13.3024
-17.9559
-14.9443
9.41254
4.81854
3.49874
2.16872
4.09933
5.73293
-13.4895
4.72833
4.12707
8.47325
8.79201
8.39078
10.8947
-6.9391
3.12218
5.34219
-12.6735
8.01361
-13.2168
-12.2012
5.97693
5.95649
-11.8383
8.56054
8.9914
5.03044
7.90582
5.09475
8.61618
-11.2778
4.24848
6.97514
9.25207
8.4011
-13.79
-12.8452
7.42812
8.59854
8.52467
4.11425
5.49559
9.15472
4.82602
-10.7402
-15.9346
-10.456
-13.9048
8.90353
-10.9865
-11.0878
-10.9342
-15.9168
-16.3627
-14.259
8.70185
4.7366
-11.5601
8.39961
4.02353
9.03737
5.30873
6.69923
-13.8754
-12.3666
4.1039
-11.3824
-16.224
5.3411
3.84141
5.8525
10.4394
3.42766
3.77579
3.11281
-13.7099
10.5832
-12.112
-12.0615
-9.87114
-12.1131
3.24413
-9.96385
-10.8311
-9.83736
-11.4279
-16.6065
-13.8969
-14.1719
-14.2351
-12.939
3.20807
3.92574
-11.0449
)
;

boundaryField
{
    back
    {
        type            empty;
    }
    front
    {
        type            empty;
    }
    outlet
    {
        type            zeroGradient;
    }
    circle
    {
        type            zeroGradient;
    }
    walls
    {
        type            zeroGradient;
    }
    inlet
    {
        type            zeroGradient;
    }
}


// ************************************************************************* //
