/*--------------------------------*- C++ -*----------------------------------*\
  =========                 |
  \\      /  F ield         | OpenFOAM: The Open Source CFD Toolbox
   \\    /   O peration     | Website:  https://openfoam.org
    \\  /    A nd           | Version:  10
     \\/     M anipulation  |
\*---------------------------------------------------------------------------*/
FoamFile
{
    format      ascii;
    class       volScalarField;
    location    "950";
    object      nut;
}
// * * * * * * * * * * * * * * * * * * * * * * * * * * * * * * * * * * * * * //

dimensions      [0 2 -1 0 0 0 0];

internalField   nonuniform List<scalar> 
10435
(
2.93353
1.32603
0.94923
2.05676
0.7292
0.535876
1.14305
2.38358
3.68413
0.645403
1.00962
1.93147
0.635597
2.48641
2.61518
1.47901
2.3657
0.551016
4.4763
2.87326
1.83468
2.70303
1.22308
3.84885
0.748151
2.14035
2.14268
0.782178
1.9271
0.57203
1.04632
0.895138
2.79627
1.88785
2.22904
1.98057
1.83406
2.2367
1.99356
4.06172
0.519567
1.11204
2.07696
2.23212
1.47222
3.88257
0.533774
2.02971
4.24946
3.61733
2.13224
0.785689
1.93237
1.90327
2.03199
1.84934
2.2442
2.1819
2.10166
2.756
1.97671
1.52747
2.09838
0.824641
1.32125
0.855956
1.99119
2.11359
2.02494
4.05356
1.91381
2.23557
1.90076
0.953884
2.74396
2.18153
4.03057
1.31187
3.26886
2.81996
3.91662
3.2963
1.86925
1.89286
3.99786
2.37511
2.4494
1.81428
2.67936
2.28771
1.67395
1.55209
3.34599
2.65764
2.12015
2.18254
1.56602
2.64873
2.21809
1.24752
2.68659
0.51839
2.57954
1.96317
0.517434
2.12127
3.38339
3.78251
3.97117
2.97628
3.51439
0.529826
3.22165
3.11206
1.2055
2.70273
1.28465
2.20471
1.45844
1.67438
1.36627
2.08391
2.00543
2.28528
0.597835
2.05042
1.62984
2.18922
0.963866
2.37284
2.27422
0.66091
1.79896
2.65723
2.26149
1.67483
2.02345
2.06888
1.62462
2.75015
2.81032
1.19035
1.9431
1.16639
2.75767
2.45501
2.19149
0.681072
2.33975
1.52046
2.00411
1.69175
2.59261
1.3621
0.684054
2.02948
0.559951
1.80764
0.650284
0.884435
1.43789
2.49843
1.18688
2.78962
2.85618
1.07803
2.84897
2.16829
2.6861
1.01537
0.769613
1.78214
1.94889
2.53085
1.90873
1.05735
1.75375
2.16064
3.45448
1.97694
1.15204
0.542285
1.64007
1.98823
1.34146
1.95528
2.0445
1.46472
0.674954
0.962028
1.56497
1.81276
2.34052
1.78974
0.540355
1.72403
2.265
2.49386
2.09596
1.60538
2.77775
2.15888
0.708638
2.16947
0.795643
0.958259
1.30989
2.12757
2.06241
2.84273
1.91676
1.10986
1.30316
2.49765
2.06723
2.44267
2.94664
1.83956
2.15648
2.3508
1.93866
2.20351
2.01642
2.45686
2.10641
1.95141
2.0607
2.55922
0.954056
2.27428
2.13126
2.35465
2.10268
1.91256
2.36213
2.26134
2.65683
2.16622
2.91676
0.895158
2.34839
2.04131
1.8121
1.87603
1.04655
3.39791
2.3335
1.96839
1.59486
1.27616
1.71282
2.80412
0.623815
2.88208
1.65048
0.843326
1.48786
1.46294
1.92631
2.09044
1.30642
0.811451
2.09321
3.43714
2.9841
2.13587
2.46958
1.09541
1.87547
0.956424
1.16283
2.47407
1.92125
0.77468
2.22501
1.70347
2.30389
0.725271
1.52337
2.80999
0.655694
2.19345
1.04066
2.57768
2.77769
1.76936
0.672688
2.01397
1.88004
1.92853
2.42066
0.752185
2.02029
2.19518
2.01733
1.90012
2.3662
2.97523
0.750059
0.897005
2.11073
2.98031
0.943695
1.7106
0.804397
2.54993
2.25842
2.16056
0.884646
1.86322
3.41382
2.16247
1.52991
0.65708
3.11
1.85889
1.95522
1.15341
2.0987
2.11749
0.515763
2.02611
2.7019
1.76115
3.19629
0.713431
2.31409
0.862428
2.06675
2.25773
3.13681
1.92204
1.84351
1.00744
1.68077
2.13289
1.81438
1.67275
1.82776
1.87624
2.35469
2.13789
1.92337
1.95715
1.88087
2.06441
2.09845
2.39227
1.71469
3.6386
1.82875
0.746062
2.09596
0.789572
3.5781
4.62932
0.629372
1.04291
1.89538
1.89113
1.72826
2.09041
1.83339
1.81858
2.0032
2.36424
2.13133
2.15474
2.31263
3.8859
2.05992
2.38661
0.590423
5.13367
1.73464
2.175
2.14461
2.2649
1.90475
2.20304
2.58882
2.02746
3.00019
2.06391
2.26297
3.92057
0.725133
0.669055
4.22872
0.853281
2.60169
2.36649
1.86315
1.9157
1.88025
0.922683
1.9051
0.588089
2.5311
2.00728
2.38251
1.97502
1.92749
1.28263
2.2173
2.61517
2.371
1.79909
2.2661
2.42662
4.89766
2.49857
2.29906
2.02035
1.83762
2.09161
1.95041
0.871138
1.90622
2.23201
1.93969
1.8545
0.524385
1.68915
1.66558
5.78429
1.86703
24.9284
24.9504
24.7954
24.5382
24.2169
23.8583
23.5136
23.276
23.3014
23.8372
23.8918
23.8411
23.717
23.547
23.3593
23.2017
23.1499
23.2979
22.325
22.4105
22.4417
22.4304
22.3946
22.3605
22.3724
22.4951
22.8031
20.4383
20.5466
20.6395
20.7179
20.7929
20.8883
21.046
21.3271
21.8048
18.257
18.3782
18.5119
18.6538
18.8103
19.0033
19.273
19.6807
20.312
15.8924
16.0178
16.1713
16.3483
16.553
16.8058
17.1442
17.6262
18.3383
13.4796
13.6021
13.7555
13.9393
14.1583
14.4318
14.7933
15.2925
15.9996
11.1645
11.274
11.4082
11.5735
11.7769
12.0367
12.3822
12.8541
13.5027
9.07688
9.15682
9.2549
9.38279
9.54891
9.77016
10.0717
10.4886
11.0636
7.29396
7.3298
7.38187
7.46315
7.58157
7.75108
7.99282
8.33755
8.8277
5.82732
5.81859
5.82737
5.86463
5.93624
6.05251
6.23025
6.49463
6.88179
4.64406
4.60788
4.58869
4.59406
4.6282
4.69868
4.81845
5.00703
5.29237
3.69736
3.66508
3.63861
3.62734
3.63648
3.6727
3.74641
3.87242
4.07096
2.97598
2.96191
2.94072
2.92358
2.91794
2.9308
2.97105
3.05014
3.18263
2.47166
2.46993
2.45415
2.43466
2.41996
2.41718
2.43409
2.47982
2.56606
2.15154
2.14986
2.13385
2.1112
2.0897
2.07589
2.0764
2.09836
2.15009
1.96487
1.95574
1.93505
1.90784
1.88033
1.85814
1.84682
1.85208
1.87978
1.86131
1.8454
1.81929
1.78728
1.75444
1.72556
1.70536
1.69868
1.71058
1.80787
1.78829
1.75812
1.72208
1.68476
1.65043
1.62324
1.60738
1.60723
1.78706
1.76595
1.73308
1.69388
1.65287
1.61409
1.58129
1.55811
1.54822
1.79006
1.76809
1.73302
1.69109
1.64694
1.60448
1.56714
1.53818
1.52092
1.81257
1.78903
1.75123
1.70642
1.65938
1.61384
1.57286
1.53928
1.516
1.8532
1.82541
1.78327
1.73496
1.6851
1.63702
1.5933
1.55625
1.52832
1.91274
1.87445
1.82534
1.77282
1.72025
1.67032
1.62485
1.58549
1.55423
1.99484
1.93203
1.87342
1.81667
1.76179
1.71102
1.665
1.62449
1.58973
3.47082
3.54071
3.62616
3.72716
3.84377
3.97554
4.12196
4.28207
4.45503
4.63956
4.83451
5.03861
5.25035
5.4684
5.69105
5.91672
6.14372
6.37026
6.59459
6.81499
7.02955
7.23645
7.43373
7.61944
7.79274
7.95388
8.10247
8.23789
8.36031
8.47154
8.57257
8.66457
8.74954
8.83042
8.91085
8.9954
9.0896
9.19999
9.33435
9.50178
9.71266
9.97897
10.3137
10.7317
11.2494
11.8846
12.6551
13.5761
14.6554
15.8896
17.2578
18.7184
20.2099
21.6528
22.9608
24.0493
24.8489
25.3114
25.4277
3.42552
3.49565
3.58062
3.68073
3.79602
3.92625
4.0709
4.22924
4.40029
4.58293
4.77594
4.97807
5.18794
5.40409
5.62495
5.84893
6.07435
6.2995
6.52266
6.74209
6.95606
7.16286
7.36081
7.54829
7.72395
7.8869
8.03676
8.17368
8.2984
8.41185
8.51499
8.60905
8.69584
8.7779
8.85853
8.94185
9.03293
9.13788
9.26399
9.41988
9.61571
9.86334
10.1766
10.5716
11.0666
11.6816
12.4364
13.3475
14.4231
15.658
17.0303
18.4975
19.997
21.4491
22.7658
23.8626
24.6695
25.1384
25.2582
3.34411
3.41061
3.49152
3.58725
3.69792
3.8234
3.96329
4.11695
4.28352
4.46196
4.65112
4.84968
5.05629
5.26946
5.48767
5.70933
5.93278
6.15635
6.37833
6.59698
6.81058
7.0174
7.21575
7.40411
7.58118
7.74608
7.89834
8.03793
8.16527
8.28108
8.38631
8.48217
8.57035
8.65309
8.73335
8.81483
8.90212
9.00082
9.11774
9.26114
9.44098
9.66931
9.96057
10.3319
10.803
11.3951
12.1293
13.0229
14.0849
15.311
16.6789
18.1457
19.6483
21.1073
22.4356
23.5489
24.3771
24.8715
25.0195
3.21642
3.2788
3.35527
3.44623
3.55186
3.6721
3.80663
3.95487
4.11608
4.28928
4.4734
4.66718
4.86931
5.07837
5.29285
5.5112
5.7318
5.95298
6.17306
6.39029
6.60297
6.80939
7.0079
7.19701
7.37546
7.54228
7.69691
7.83919
7.96932
8.08786
8.19564
8.29381
8.3839
8.46799
8.54869
8.62938
8.71424
8.80849
8.91858
9.0525
9.22013
9.43359
9.70768
10.06
10.5109
11.0823
11.7959
12.6695
13.7129
14.9223
16.2761
17.7313
19.2253
20.6803
22.0105
23.133
23.9777
24.4955
24.6725
3.05174
3.10965
3.18129
3.26712
3.36735
3.48196
3.61069
3.75307
3.90841
4.07582
4.2543
4.44268
4.6397
4.844
5.05413
5.26857
5.48575
5.70402
5.92172
6.13712
6.34856
6.55431
6.75279
6.94256
7.12233
7.29115
7.44837
7.59368
7.72714
7.84913
7.96035
8.06184
8.15504
8.24182
8.32462
8.40652
8.49144
8.58433
8.6914
8.82047
8.98131
9.18608
9.44963
9.7897
10.2266
10.7824
11.4785
12.3327
13.3549
14.5416
15.8718
17.3041
18.7776
20.2164
21.5369
22.6582
23.5117
24.0487
24.2543
2.85308
2.90598
2.97233
3.05259
3.14702
3.25565
3.37829
3.5145
3.66368
3.82503
3.99759
4.1803
4.37195
4.57126
4.77684
4.98721
5.20085
5.41615
5.63145
5.8451
6.0554
6.26068
6.45937
6.65008
6.83152
7.00272
7.16297
7.31188
7.44939
7.57576
7.69162
7.79793
7.89603
7.98771
8.07524
8.16153
8.25029
8.34625
8.45544
8.58548
8.74593
8.94875
9.20858
9.54286
9.97149
10.5159
11.1969
12.0319
13.0302
14.1885
15.4866
16.8851
18.3257
19.7355
21.0343
22.1442
22.9993
23.5522
23.7874
2.62293
2.67012
2.73051
2.80463
2.89278
2.99506
3.11132
3.24121
3.38419
3.53953
3.70634
3.88361
4.07021
4.26491
4.46638
4.67322
4.88394
5.09695
5.31062
5.52328
5.73326
5.9389
6.13869
6.33126
6.51534
6.68994
6.85433
7.00807
7.15103
7.28342
7.40585
7.51929
7.6251
7.72503
7.82123
7.91657
8.01455
8.1197
8.23785
8.37626
8.54412
8.75291
9.01672
9.3523
9.77868
10.3162
10.9846
11.8001
12.7715
13.8958
15.154
16.509
17.9058
19.2758
20.5432
21.6344
22.4866
23.0542
23.3215
2.35918
2.39934
2.45266
2.51975
2.601
2.69658
2.80645
2.93027
3.06759
3.21772
3.3798
3.55279
3.73557
3.92696
4.12574
4.3306
4.54015
4.75277
4.96675
5.18033
5.39184
5.59967
5.80247
5.99889
6.18766
6.36785
6.53867
6.69968
6.85067
6.99194
7.12426
7.24869
7.36674
7.48018
7.59111
7.70249
7.8177
7.94082
8.07741
8.23411
8.41955
8.64442
8.92188
9.26774
9.69984
10.2368
10.8969
11.6945
12.6379
13.7248
14.9386
16.2457
17.5951
18.9224
20.1563
21.2269
22.0747
22.6567
22.9575
2.05568
2.08603
2.13006
2.18875
2.2626
2.35183
2.4562
2.57509
2.70857
2.85643
3.01697
3.18883
3.37069
3.56143
3.7603
3.96612
4.17808
4.39458
4.61283
4.83092
5.04737
5.2608
5.47014
5.67418
5.8716
6.06164
6.24337
6.41633
6.58038
6.73607
6.88472
7.0276
7.1661
7.30217
7.43793
7.5774
7.72389
7.879
8.04823
8.23797
8.4563
8.71251
9.01777
9.38794
9.84028
10.3904
11.0544
11.8411
12.7572
13.806
14.9794
16.2492
17.5668
18.8705
20.0906
21.155
22.0022
22.5909
22.9113
2.04341
1.96181
1.89887
1.84422
1.79401
1.74739
1.7049
1.66793
1.63851
1.61943
1.61434
1.62616
1.65583
1.70251
1.76468
1.8424
1.93675
2.04807
2.17595
2.3192
2.47669
2.64881
2.83746
3.04663
3.28357
1.93767
1.91234
1.8718
1.8265
1.78028
1.73527
1.6933
1.65636
1.62683
1.6076
1.60173
1.61162
1.63858
1.68281
1.74412
1.82246
1.91772
2.02941
2.15675
2.29875
2.45502
2.6262
2.81441
3.02367
3.261
1.89824
1.87548
1.84084
1.79978
1.75594
1.71201
1.67034
1.63329
1.60343
1.58357
1.57647
1.58446
1.60914
1.65139
1.71145
1.78907
1.88353
1.99375
2.11864
2.25714
2.4091
2.57531
2.75781
2.96021
3.18818
1.87346
1.84529
1.8096
1.76878
1.72529
1.68146
1.63961
1.60214
1.57164
1.5508
1.54225
1.54829
1.57076
1.61078
1.66873
1.74415
1.83586
1.94237
2.06215
2.19421
2.33842
2.4956
2.66768
2.85794
3.07128
1.85187
1.81751
1.7784
1.73573
1.69114
1.64648
1.60385
1.56551
1.53395
1.51176
1.50147
1.5054
1.5254
1.5627
1.61758
1.68932
1.77636
1.87691
1.98911
2.11198
2.24535
2.39011
2.54815
2.72268
2.91854
1.83044
1.79012
1.7469
1.7015
1.655
1.60888
1.56493
1.52527
1.49225
1.46836
1.45604
1.45757
1.47478
1.50878
1.55965
1.62638
1.70704
1.79959
1.90197
2.01319
2.13306
2.26246
2.40327
2.55866
2.7337
1.80837
1.76252
1.71525
1.66688
1.61812
1.57011
1.52444
1.48308
1.44826
1.42236
1.40776
1.40664
1.42071
1.45085
1.49687
1.5574
1.63019
1.71294
1.8036
1.90105
2.00504
2.11633
2.23665
2.36916
2.51949
1.78472
1.73471
1.68401
1.63286
1.58174
1.5316
1.48391
1.44058
1.40377
1.37571
1.3587
1.3548
1.36546
1.39126
1.43168
1.48496
1.5486
1.62002
1.69733
1.77917
1.86519
1.95574
2.05193
2.15677
2.27586
1.76054
1.70778
1.65449
1.60081
1.54729
1.4949
1.44504
1.39973
1.36109
1.33103
1.3118
1.30524
1.31236
1.33348
1.3677
1.41282
1.46611
1.52495
1.58737
1.65206
1.71832
1.78602
1.8549
1.92531
2.0017
0.535538
0.555262
0.406601
0.162234
1.12571
1.09737
3.79537
2.10998
0.404807
14.0332
0.221128
1.84166
11.6234
0.681726
6.57188
2.53602
0.299712
0.172614
20.8008
0.369344
5.37771
5.25696
0.247469
1.88852
2.07403
2.16252
2.11651
1.16884
0.356163
0.264682
22.011
2.27558
0.349119
9.54971
0.254008
1.37019
8.65471
6.53124
9.22466
3.14216
0.301942
0.134006
3.82357
2.04143
1.53123
7.57177
0.23831
0.245134
0.301684
0.357065
0.233302
0.274863
9.72988
0.181888
3.79972
0.405206
0.675058
8.48547
0.780819
0.212363
1.38191
0.408425
1.09259
4.00661
2.13817
1.78519
5.23394
1.70088
11.3738
0.350119
0.404942
5.93486
1.16417
0.507264
2.1953
5.89168
1.05142
0.261218
1.54021
0.211282
9.57243
1.63282
2.35401
0.210753
1.2286
1.37076
1.36828
0.263044
0.349912
1.70072
1.66519
2.86642
9.50541
1.85422
1.08016
0.22338
2.08366
0.221919
0.336771
0.212245
0.963385
0.308311
0.98994
6.59405
0.889402
1.33394
0.25308
9.40052
0.476007
0.267326
4.6471
1.22429
0.267555
6.69133
9.56165
0.305457
0.337676
3.45837
11.3411
0.746292
0.0109456
1.25266
1.89551
1.94825
0.344584
3.61251
0.280801
0.621692
0.946455
0.246004
2.29108
0.554856
0.346279
9.48291
1.3602
1.32911
1.54297
0.881058
1.50064
0.303792
7.23897
8.81249
0.216033
0.0269142
0.328888
2.89391
0.165707
2.02424
2.44292
0.257317
3.40012
0.912797
0.163268
5.80248
2.05826
0.209272
1.21017
3.46169
1.72713
4.5808
3.92476
0.405196
3.28638
0.225967
5.9685
0.218957
0.785998
2.10272
3.62056
1.08077
0.619962
4.36403
1.73496
0.214091
5.54495
1.28566
5.79117
0.348371
0.261992
7.07517
8.09637
2.12507
10.2721
7.11595
1.73394
0.848411
0.221872
0.495251
0.360019
2.03376
0.233504
0.215649
0.253507
8.68204
6.05697
0.361073
2.20502
5.11508
0.316897
0.435799
9.83049
5.00224
1.55604
1.99639
1.57949
7.5461
4.55415
0.953174
0.315443
3.96611
0.930192
1.66383
8.49928
1.47165
4.52119
0.29194
0.898286
1.78267
6.54187
1.52878
0.728569
0.163159
1.87531
0.394646
0.566627
0.326439
1.90685
0.305454
0.407511
1.13058
0.205894
1.40549
1.92451
1.53552
9.05922
11.2254
2.44431
0.905782
7.34032
5.83681
17.8858
1.35797
5.44941
1.52997
1.2298
1.5964
2.59346
1.55997
2.54546
4.49583
0.341847
1.35009
8.82183
0.314529
1.12008
1.83871
0.262959
1.20704
1.90811
21.2197
1.82547
0.856952
1.89642
2.14948
0.639478
1.76054
6.63592
0.178533
3.63052
2.10438
4.73413
0.259793
0.429921
1.58035
19.606
0.183216
3.75718
0.392274
0.77926
0.235546
1.89214
3.7181
1.70697
7.50644
0.256662
1.596
1.34359
0.436251
0.245227
0.236905
4.85141
3.43925
0.0714363
0.246107
7.10815
0.296498
0.294275
3.74641
4.65
0.238805
0.231135
4.05845
2.08705
2.05948
0.29605
5.97036
4.86434
8.91133
0.301225
1.6581
6.12044
9.20412
0.36182
1.07914
0.369082
8.71967
0.24673
8.07263
2.04083
7.65532
1.72254
3.17658
1.96414
21.3074
1.34275
1.72301
0.337485
9.16753
4.11079
8.16972
6.14406
6.14745
0.660208
12.8841
0.266318
1.41624
2.14506
2.47144
0.220113
1.79109
1.63504
1.90453
0.216986
9.77553
0.706777
0.86415
0.9166
1.02805
1.29066
0.227541
0.583019
9.20044
0.135555
2.00344
0.248604
0.605636
5.92902
2.207
5.12505
0.230139
0.322791
0.241958
3.93206
0.328156
0.149135
1.36748
3.55886
0.253015
1.94742
0.357795
8.31734
5.71202
0.374683
0.348952
11.5102
1.38023
1.06806
7.30576
3.64221
12.0695
0.296354
3.8507
0.342711
2.14924
2.20673
6.00568
6.16506
0.386248
0.223892
0.233199
2.31507
7.18319
1.4966
0.355889
7.60342
16.9368
5.59763
0.345299
3.37966
0.354309
2.05751
3.90898
1.20726
0.367978
1.92821
0.11203
4.84738
1.49723
4.68916
17.2035
0.341391
1.85516
0.232923
1.47694
2.85989
0.820855
0.287771
0.228217
3.20202
2.91363
6.03579
3.91569
1.64565
0.995597
3.84642
0.241728
0.148058
2.11412
11.8171
2.4075
1.93093
1.68658
1.67762
1.68025
4.41944
3.42664
4.76621
0.077408
1.10908
1.31836
4.85607
5.869
0.252212
3.18063
11.019
0.331063
0.983417
0.345166
0.943946
1.48891
0.360093
3.69344
3.13861
0.243214
9.55764
0.351734
0.226019
1.41467
1.69651
0.925828
3.60801
1.73078
0.331516
8.47666
0.238271
1.62218
0.837888
0.403861
4.76302
0.227859
1.54696
1.45249
0.243624
1.24922
1.90873
10.2244
1.81538
1.4031
2.28519
2.66184
4.36238
9.16376
0.124133
1.87011
0.20886
1.15751
1.69033
5.81507
0.343667
6.69493
6.00263
2.97031
1.18706
0.362291
1.92511
0.673676
6.07667
1.65758
8.11285
0.357653
3.92257
4.6047
1.66411
1.36778
6.03995
9.17002
1.92495
2.0714
4.60001
2.40016
5.21421
9.03335
5.52794
1.91779
0.7273
0.253242
0.302093
0.281595
1.34726
1.91051
11.5079
0.237485
0.358989
0.221002
9.71294
6.56623
0.238804
0.32213
7.41377
4.74352
1.26715
6.92963
0.20769
0.389957
0.7488
3.58757
3.88574
0.266243
0.316992
3.08075
7.60264
0.277705
5.15578
0.258519
0.171503
0.379271
2.64596
0.660059
1.70447
0.383364
8.76832
8.86537
0.989371
0.318739
0.288087
0.250919
1.99521
9.53168
11.8154
0.315016
10.6121
9.41718
3.9757
10.9148
0.266202
16.6943
2.10538
0.88732
2.4018
1.84881
0.36009
6.50126
7.48994
0.761388
1.01584
0.270582
0.233826
0.318607
0.724008
1.86352
0.344416
10.5829
4.85193
10.9574
2.14974
0.343875
5.11019
1.06328
7.15495
4.91063
1.19404
1.34761
3.97631
5.28256
9.01261
0.744387
10.0011
0.27971
1.13447
2.2332
0.219473
1.2006
0.175624
2.0628
0.664601
1.16558
1.58793
11.0396
0.488908
3.46209
4.04524
9.14972
1.67294
3.53587
1.22405
8.32544
1.99389
0.954811
0.369638
4.53764
1.80744
3.11747
10.6552
1.15279
2.02813
0.211119
0.238113
1.09134
0.347191
2.1629
1.99374
1.51285
0.395751
2.96047
0.694287
6.70069
1.81704
1.66195
0.880542
4.86135
2.17567
0.702147
1.7762
4.95592
1.10335
2.01812
1.7035
3.42551
0.211692
5.42668
2.1203
0.357568
14.218
0.114172
6.62262
12.4666
0.234948
22.9896
2.72178
3.11254
0.314458
0.270682
0.217084
0.000485529
1.54094
2.09515
0.311827
0.359133
1.60142
10.1036
2.05312
16.7583
1.18391
0.225604
0.153504
2.79037
9.38331
1.39601
8.25933
10.9366
0.409812
8.79537
1.90967
2.41068
6.34837
0.784275
7.10295
0.332512
0.265876
2.44337
5.31258
2.89618
0.227435
2.17364
9.61871
4.35446
1.89187
6.42425
1.57609
5.46176
0.768819
1.73294
1.28929
5.95942
6.66016
0.222723
6.05567
3.60106
0.245175
5.86159
0.34591
0.251365
19.8927
1.26781
1.69243
0.11271
2.76335
1.88965
2.55773
1.46376
11.6609
14.7072
14.7726
1.76086
3.85101
8.82667
1.95191
3.71124
8.77894
0.305778
15.2786
0.273607
2.92595
0.348888
2.73178
0.315213
0.243489
0.203376
1.53337
2.31171
0.11813
1.74595
2.98532
6.3585
0.414777
10.5238
1.38318
3.36032
1.90796
2.02444
1.65502
0.23415
0.357873
2.11645
3.32692
5.34074
10.2186
0.303688
0.0346884
4.37534
1.71944
0.150466
0.464188
4.94205
0.24633
5.54337
1.63731
5.5695
0.497641
0.142903
1.60552
1.18064
0.911433
4.24021
3.73563
1.98519
2.25458
1.33952
4.05136
2.52042
1.73846
3.02991
0.234834
5.96905
5.33094
0.714245
4.21014
0.355176
1.31178
12.3684
8.20432
3.69353
4.25422
0.170886
6.79218
0.230125
0.347195
2.36738
1.48661
2.68276
7.64251
3.753
0.346574
9.34756
1.14641
9.39346
0.246112
0.269901
2.0319
1.551
0.359171
0.405391
1.87438
1.27469
0.358404
1.60527
0.380406
0.357016
6.88924
1.83028
0.39804
0.387433
0.415086
5.97766
3.9309
0.337316
2.87045
8.60987
3.95122
1.88303
0.653813
2.49482
1.47421
1.95727
0.402203
15.8557
2.71232
0.290026
13.847
6.05653
1.0954
3.50047
5.33489
1.43751
7.20348
5.84886
10.4503
7.91319
1.44767
5.51939
0.263009
1.82655
6.54909
2.85529
7.19633
0.327352
0.392493
0.547298
9.9433
6.30187
0.076785
1.76899
0.606447
0.205188
4.26219
0.615848
2.98008
0.0983739
6.50837
2.22343
0.231663
0.237644
2.05859
0.227004
0.220638
0.235639
13.2947
0.35103
7.86296
8.79741
4.02083
1.49389
0.589309
0.773661
1.59461
1.55177
2.36462
0.355541
1.03863
0.941949
0.357114
1.02567
2.06254
5.11078
0.371276
5.28621
10.9902
1.602
0.244343
0.247351
7.73787
7.13776
0.35348
1.28348
0.877127
2.43179
0.268344
5.37367
1.24724
0.978622
0.350011
3.10559
4.6294
0.442421
0.0206874
0.695648
10.5357
0.236672
6.43231
0.296593
0.311604
5.69802
1.3193
1.81444
1.51212
0.434645
8.31357
4.22774
1.84724
1.71783
0.378383
2.97599
0.229387
0.946437
0.248806
8.12565
2.68221
14.0662
1.36433
2.10186
0.394518
0.3223
1.12877
4.36579
2.27663
0.890484
4.91652
13.2576
6.91766
9.45315
0.327909
1.12876
1.63867
4.67977
2.34956
4.41718
1.51065
0.320018
3.35605
0.908656
2.84528
5.04743
0.808276
1.53867
10.142
6.16964
0.693815
1.08298
6.85075
1.2956
1.68058
0.252207
0.364103
0.39319
3.48386
1.71724
3.82742
0.858716
0.331043
1.03745
0.697547
0.276268
2.80817
1.92719
1.31244
2.00624
0.313338
10.4843
1.50356
0.503969
3.27006
3.47657
0.344379
1.8039
2.28744
2.30336
1.6926
2.70101
0.249902
7.84244
1.79831
0.28106
1.49316
0.23154
1.8394
0.324111
1.44978
1.9312
3.55808
4.66384
6.21129
0.700017
10.4891
0.688654
3.85727
11.0311
1.58728
0.411692
3.2645
0.247443
3.60998
2.65668
5.09711
1.31716
0.235004
0.372135
9.45396
1.62484
0.668668
4.3144
0.672711
0.319731
0.629955
2.055
3.66803
1.51235
2.23106
0.246888
6.20552
10.8662
2.25688
4.14269
3.23951
1.28019
0.234524
0.177043
2.45007
2.18859
4.95509
0.322657
1.19473
1.03829
2.48285
0.363102
0.241107
0.232231
1.52017
1.60501
1.25019
0.306206
5.645
0.372671
1.92429
1.96697
0.340005
1.98669
2.80558
0.918643
12.1669
22.5551
0.845794
0.391263
17.3553
0.358228
5.47949
1.98733
1.32683
11.8962
8.94584
1.43739
0.393276
6.1187
1.1804
3.8288
0.323477
0.213401
4.27154
2.7803
6.32196
1.16631
0.227748
1.25826
0.232049
2.07466
12.1275
11.0627
1.56774
1.67824
5.34023
2.915
1.38252
0.173496
0.600452
7.20821
0.328382
2.16411
11.9562
1.17382
16.0862
0.332803
0.318175
4.98288
12.3374
1.47836
4.68724
0.671381
0.38665
0.375371
1.24077
10.4057
1.38791
1.46647
0.404039
1.99999
1.01691
0.439834
0.257258
0.126394
2.05398
2.0986
8.0069
1.82504
10.592
2.26111
3.43019
1.56171
8.89292
1.31079
7.85127
1.48717
0.249943
0.33136
0.327215
0.46394
5.41955
0.160981
2.43399
0.315411
8.12113
2.23668
1.68609
1.03697
1.16407
3.74577
1.632
0.892306
0.371973
1.79105
1.22521
5.02767
0.675141
1.65035
1.7399
0.231374
0.344325
0.253921
0.224413
0.845886
1.1592
1.5851
1.77989
1.55471
2.78412
0.349517
8.56263
1.38313
5.14256
5.69961
0.322979
2.75782
1.88833
1.46524
3.6797
1.41017
1.26527
12.3003
0.829967
1.52549
0.3282
7.951
1.75703
0.356489
2.27629
1.54446
1.74101
0.232439
1.7319
1.44671
11.6603
3.5328
0.266646
0.267178
1.25496
3.60321
6.24837
5.43633
1.70227
8.50106
7.54079
2.42939
10.6988
10.2729
5.2084
0.355885
0.616397
0.331775
1.28599
1.45231
0.778238
2.45645
1.18095
5.55691
1.27566
0.234424
8.60353
1.78584
1.57972
6.40177
2.28756
1.47109
1.04395
3.95051
0.295395
0.685587
13.2938
7.13357
18.9035
3.33852
1.86883
0.334181
7.35101
4.36082
0.356561
1.04772
0.102691
1.93215
0.384061
0.334563
0.36376
1.37094
8.93749
0.309701
0.215696
0.340418
0.279679
6.21083
0.402162
0.389703
15.1969
10.7936
6.28104
0.245964
8.83296
1.17287
3.98124
3.39381
0.351551
0.806818
0.305346
5.43876
0.341919
11.2718
0.298213
1.82733
0.880139
2.05416
0.511404
1.17186
1.13714
0.263045
3.35548
0.302413
0.512053
5.0761
5.35712
3.04947
1.82828
10.0467
6.12336
5.37088
6.46202
0.755673
10.9297
1.38705
2.17275
0.363711
9.36989
1.33672
0.309373
12.5566
6.3927
0.733576
8.78791
1.25858
6.37604
4.10093
4.47563
0.939331
0.235393
1.98272
7.02356
0.270649
3.15334
5.49964
6.1529
4.5199
3.21515
0.0940894
2.58091
0.355423
1.42964
0.359425
1.7258
1.99246
8.46502
4.45844
1.73589
10.4068
7.80419
4.04755
0.729372
1.32836
5.44049
7.77206
0.352109
0.328445
1.57711
9.16925
1.40949
9.98713
0.246735
1.56052
0.853111
1.23576
0.355295
0.817062
7.40333
10.7801
1.95527
7.72521
0.313341
1.62687
1.51151
7.04128
0.670738
1.28463
2.84144
1.18215
1.36217
0.344397
0.240749
0.354262
1.82392
0.221493
5.44908
6.91767
3.84595
0.381345
0.326647
0.886154
4.12788
4.5644
5.27221
3.48584
0.288838
0.258603
10.0358
5.62686
1.68556
5.79809
1.78355
0.55925
0.294554
0.219299
0.813629
0.34736
6.15579
1.76174
9.64194
1.87003
0.330781
0.456302
1.65517
0.943437
3.41817
1.50775
4.68784
1.37796
3.44459
0.325102
0.3068
12.7849
1.5809
2.30747
0.404418
2.39835
0.309074
0.404357
0.213981
6.49536
0.756667
2.29415
6.93046
7.2102
1.59245
22.3941
0.340679
0.32371
8.03209
1.13258
0.264719
1.74529
0.344448
0.244691
4.76497
0.919062
3.83845
1.14977
9.10615
2.16058
0.323606
1.9412
7.7347
0.762237
4.80802
1.54914
4.91516
1.30155
8.31906
1.22382
1.6951
7.47663
7.72489
0.339467
2.5905
3.73071
1.74425
0.699672
2.8413
0.393945
0.346615
2.6926
0.334688
13.7293
2.16491
6.23623
5.62128
1.70717
1.59335
0.281802
2.68461
4.56284
0.294414
0.330866
15.5718
9.90234
6.97391
5.75988
4.11811
0.845339
3.1623
0.354843
1.41037
13.5387
5.95509
0.354434
1.57998
0.322288
0.353071
0.959336
0.316181
5.47759
0.485069
0.324193
1.19363
17.8137
0.0761858
9.45313
0.906624
5.52331
2.16966
6.42679
0.291439
0.884821
1.55266
0.245675
10.1984
0.680468
7.64734
5.0392
2.76144
0.24922
19.0581
9.38715
7.87298
3.01703
6.33352
1.74157
0.366018
0.263527
5.07013
11.4516
0.312196
4.65542
4.70914
1.82432
2.47353
8.58487
1.83459
1.10714
11.5882
3.10786
1.65957
0.0801453
0.641148
7.09313
0.284781
9.63207
1.23114
5.61194
1.14664
2.28822
0.24761
0.551852
0.225387
0.77065
0.0837703
8.65462
6.66923
5.03091
0.305384
2.73572
0.322928
0.326609
11.5774
6.68532
0.238567
1.38984
0.273689
0.946978
2.51514
0.313436
1.29693
2.60781
3.84473
2.91957
1.05254
6.52081
6.01245
3.90009
7.22412
0.473166
1.51813
0.337577
1.89546
0.329493
4.92375
5.69599
1.77205
10.5507
7.39323
0.211218
3.3967
1.27332
0.367107
3.55347
0.673458
0.313762
4.38602
0.388848
2.87482
0.236347
11.6175
0.589858
0.97187
0.350248
1.908
0.654156
3.20803
5.20701
0.992029
0.308291
8.51301
1.52936
1.07577
4.20178
0.803711
2.75202
0.640756
7.28866
2.02577
0.279498
1.39863
7.63658
0.334414
2.14223
2.43469
0.344373
7.86503
0.218004
3.81604
2.20681
4.53451
1.56243
2.72222
10.981
0.739957
2.07967
2.96453
0.845135
1.32579
0.349594
4.24413
1.84647
1.73481
1.17231
1.68481
1.90587
5.19207
2.82538
5.74714
0.823363
5.7784
0.350513
5.44287
0.968369
0.707995
5.60095
0.248522
3.62161
2.07973
4.76383
1.73386
1.56781
0.218777
2.60283
6.09459
1.24696
1.13593
0.652462
5.09036
1.97403
6.69718
0.353119
2.16214
2.20199
0.172275
6.56536
1.43348
0.82614
0.874566
2.25223
17.7128
6.45289
0.672281
3.68035
0.348464
6.03076
0.747949
10.386
4.21196
0.214803
0.287371
1.31102
2.73588
2.33074
3.86544
1.99039
0.68563
0.232867
2.57215
1.62401
3.13424
4.15615
1.00218
0.339039
2.04769
5.19358
1.57275
3.50333
0.297297
8.60635
5.81898
0.721222
0.813805
2.11132
1.45686
0.265319
2.70173
1.51309
0.320927
3.35739
3.00095
1.94169
3.35246
4.81038
0.336758
0.304321
1.28257
0.610807
8.23087
17.2251
0.280204
0.274021
2.03254
0.52432
3.53522
4.05951
10.3818
1.72901
0.272471
1.81306
0.61584
1.782
3.13098
0.176664
9.26964
5.62047
2.69574
0.446081
10.1847
1.66061
1.04273
9.10189
1.23625
1.1449
7.59328
4.22692
2.15095
6.93418
6.98832
12.8454
0.961353
4.5481
1.58738
4.58535
3.74143
1.21375
0.779706
0.210378
1.75823
1.92493
2.62739
0.256953
1.33289
2.39276
0.190651
12.1509
0.102624
4.75
8.43352
0.244164
5.54324
1.13473
1.33135
9.74064
3.80489
1.81687
4.09021
0.355693
0.358147
1.97356
0.289877
7.28997
2.83163
0.0241734
0.355
2.26801
6.44689
2.86205
0.302481
1.56833
7.20487
0.222547
0.246962
0.890408
0.342685
1.05634
2.23647
1.37812
0.284079
1.8825
0.977007
1.19588
0.21065
0.380471
6.30962
0.336343
2.14957
4.34539
1.32849
2.14466
1.95289
5.54052
4.18868
2.58343
10.1672
0.83899
5.36715
0.350405
3.26302
11.6625
0.24818
2.37034
1.57402
1.54602
0.223476
7.18815
4.99059
0.306125
5.23704
0.382375
4.40459
3.45203
1.49559
0.518378
0.678475
5.43028
3.85229
2.0511
5.31164
1.80471
0.3545
1.52557
8.83076
0.988155
0.560273
0.271246
3.68506
0.876932
5.49842
2.08358
1.33558
1.75213
8.79242
0.448083
3.54373
3.66728
3.03595
5.88541
0.960942
4.82785
1.50172
0.548483
8.41792
7.95799
5.99666
0.75926
7.98158
3.84785
0.0268299
5.96957
10.1296
2.84289
2.06614
1.74316
3.39867
1.21202
1.12987
4.84213
5.92522
0.370284
0.353985
0.281681
1.01031
0.0272542
1.86253
5.78388
1.61666
3.7878
0.265804
9.07843
0.213805
1.84656
0.207306
2.79223
1.5019
2.47479
10.6105
0.363954
4.48115
0.339885
1.71945
1.30002
1.26899
0.228107
4.54747
1.78424
1.52303
0.594584
4.93101
3.53535
2.13899
1.41509
1.1579
1.38244
0.222557
6.42939
3.12606
8.75706
3.31177
6.83369
0.317481
0.0824459
0.735489
3.58593
3.68783
0.911361
1.1855
0.229343
1.20859
0.615229
5.34575
1.09147
1.28784
1.50315
1.86304
5.72332
0.255761
0.592782
3.03842
6.02993
0.252431
1.88222
2.05983
0.810111
3.52849
0.940866
1.14152
10.7376
4.59759
21.7882
1.49889
7.32892
0.349173
6.94217
0.939935
1.81318
11.2518
0.242259
0.628562
1.72223
2.04214
4.38507
0.447582
0.302544
5.10239
3.4257
9.21833
2.93137
0.40003
0.229551
0.358379
0.23629
0.188962
0.714289
1.79394
0.642946
3.20338
5.42786
2.25978
2.72804
1.34299
0.23161
5.13308
5.99644
0.389751
0.219918
0.550905
4.18604
1.35305
0.346199
0.271706
0.721517
2.07305
1.64251
10.5817
1.82937
5.78593
2.3461
0.0918782
3.5443
1.18333
0.980513
1.67961
4.00933
9.19476
2.66918
0.332031
1.4437
4.86085
2.19083
4.40044
2.04335
0.292538
1.86726
0.32866
3.23455
3.21264
5.22179
0.264008
1.39808
2.49452
3.16308
0.292263
1.02398
1.1596
11.3423
0.116599
1.26493
0.777555
0.184906
2.71146
8.8793
0.398989
3.46994
2.96645
0.223702
2.68537
6.2908
5.20881
1.34512
5.53969
11.7641
0.216101
12.8521
8.20384
2.42353
0.226304
6.68261
8.87043
4.16475
1.47575
12.0043
2.35874
0.815167
3.50702
7.13338
0.332711
4.72784
1.86762
3.17134
0.342438
2.98971
0.219041
0.422401
17.8509
0.165957
3.40358
2.90531
0.503096
5.43971
0.533556
0.817823
1.33131
0.228703
0.226769
7.6456
1.89484
1.27664
1.82927
1.54646
0.490563
1.17973
5.67919
1.19774
3.60374
0.494452
5.30982
0.353793
16.7027
1.23894
0.354158
0.423509
3.02037
1.79767
2.19717
1.03342
2.35079
1.5023
2.13189
4.90586
3.9633
1.50744
3.74605
0.317031
4.04875
1.41545
3.47608
0.229293
0.344922
0.359154
0.357662
0.212712
2.03626
0.0908651
4.49037
1.9266
2.0782
0.299489
1.1986
2.07692
0.731213
11.5937
7.98589
4.61501
3.61112
2.48809
2.14286
0.409055
0.243079
1.09931
0.473891
0.215726
1.58367
1.46532
1.94049
10.2325
0.5977
1.70216
5.43503
7.76804
2.41276
1.69091
1.90187
0.789606
0.313001
5.12522
0.387917
0.333017
0.358936
0.358367
1.31512
13.0252
0.222889
0.692502
2.13251
1.24892
7.6955
1.92541
3.58552
0.382503
0.282254
1.27442
17.6743
3.95088
0.282336
1.85732
0.352297
0.358058
0.283574
0.353771
0.21368
3.49146
0.338366
7.74384
9.46838
0.609731
0.284602
0.25358
1.01967
4.83415
0.340793
17.65
0.337465
2.51695
0.232791
1.60777
2.02746
0.336229
7.04476
0.370567
0.992807
0.280599
3.20376
4.51193
1.19544
0.913947
0.88029
3.28909
2.08506
0.644298
1.87093
2.82531
1.14738
14.5004
2.364
0.384891
1.94714
0.324738
0.334228
8.59785
4.38237
7.09684
3.15026
4.5665
0.191641
0.355512
0.228382
0.338669
1.08788
12.3177
4.68278
1.63508
2.99496
3.15779
1.58015
4.56712
1.11808
0.609428
5.47486
0.669606
6.90798
9.80272
7.29598
1.99372
0.595874
0.811271
4.11853
1.90512
4.40918
0.878408
0.677077
0.33332
5.10616
0.250864
1.80633
1.79752
1.44181
0.244214
2.08958
0.358294
4.85457
18.9215
0.271958
0.355299
6.73933
14.7879
0.359667
14.7494
1.93934
0.267493
1.11291
0.222765
0.58258
0.624107
1.80461
0.33822
0.40636
4.68149
0.455484
0.887772
0.229993
0.998265
3.66424
4.6841
0.261672
1.09983
1.5588
1.3075
0.28678
0.239921
0.333314
1.46064
1.04309
10.0936
1.37637
1.59806
0.332901
0.894757
3.4245
1.07886
0.247328
1.76865
2.04032
2.82905
0.957005
1.20483
3.59428
8.77965
0.729442
3.48594
1.40457
1.32775
1.38488
10.1696
2.88593
0.354342
0.308778
0.892805
1.44949
0.284013
11.4767
2.69236
1.58756
2.15199
0.165648
1.11009
4.70269
1.37588
0.323114
1.26019
1.8626
3.84553
4.74524
1.77975
0.512555
2.09712
0.992603
7.71237
8.46984
5.07255
1.10877
0.24097
0.988561
0.23561
0.533997
1.15777
5.27532
5.19015
0.975911
4.12867
1.17333
0.224364
0.256684
4.03224
5.89193
6.98882
1.32943
0.276394
0.126502
0.241106
2.85322
0.245918
0.782927
6.59009
2.18729
3.13932
0.11373
1.67577
6.45642
6.66733
0.28122
0.288519
0.525457
2.92103
0.942215
1.59075
0.396178
0.344546
2.20256
1.13516
0.303006
1.35781
5.60288
0.804736
5.14088
0.0263752
6.07127
0.24991
4.10005
0.358042
0.683658
4.743
0.272015
0.247493
0.0316173
0.887755
0.276808
1.81022
1.03568
1.53417
2.20164
2.99419
0.736439
1.35838
2.46674
1.27275
0.91623
0.24666
0.269432
0.465932
3.63051
1.70648
0.21639
0.872259
0.315582
0.368873
14.3326
0.337204
0.278582
1.09348
1.47202
12.6788
1.19944
4.36042
4.80822
0.219976
2.07367
0.306554
6.87625
0.288925
1.1711
2.00666
0.335865
4.50897
0.289552
0.789746
2.13087
0.857976
5.30334
1.48418
0.21374
5.61519
5.61578
12.2503
0.266672
0.78194
1.76821
2.17605
1.86607
1.20977
1.60716
0.238945
5.79086
7.02041
6.36023
0.957793
0.243038
5.6889
5.26399
0.655609
0.246609
5.80773
18.5215
0.311523
0.240822
5.03749
0.366484
0.51473
0.529006
2.41414
5.87078
0.302663
1.72186
6.76815
3.27085
0.75567
3.03247
5.87309
5.70996
8.48714
1.57791
2.23742
0.292844
8.87081
0.436452
3.61876
1.3395
0.89708
2.39046
1.2365
0.288871
1.66299
1.5669
1.57476
10.8693
5.5971
2.96126
5.49327
0.691244
0.247507
4.57508
12.0184
0.263104
6.25616
1.9123
0.217448
1.51474
3.01379
2.86579
19.5505
4.81986
1.08942
5.82172
5.76802
1.831
0.560535
1.5816
0.27142
5.76004
1.96617
1.9332
2.1521
3.64972
5.1397
0.291061
4.73376
1.91082
0.227079
0.35647
7.69517
1.90479
0.317343
2.081
0.239926
0.480473
3.17266
5.60093
0.255464
3.88036
7.91577
0.330246
0.269277
11.4045
3.23211
0.175355
0.360287
0.58632
9.84922
1.91905
2.99089
0.288901
0.224093
0.276891
1.91411
0.579518
0.342345
0.352857
1.23627
9.91136
0.249701
0.170619
0.221384
0.366116
7.24725
2.00504
3.84414
0.256035
0.555444
0.354346
0.243917
22.2709
2.13918
6.36724
0.266002
0.219181
2.76934
0.273898
3.55932
0.983132
0.239333
1.34138
0.3289
0.314181
0.320483
0.30171
0.35389
16.1517
0.310162
1.84921
9.91371
1.66074
1.02332
1.85798
0.214287
2.92589
0.342881
0.240876
0.224298
6.51882
0.734331
2.5658
1.37325
9.513
0.965503
1.64179
3.78829
0.756829
2.22381
1.3648
5.77737
5.31103
6.85718
4.50539
1.80056
0.257655
3.50716
6.2239
0.999741
1.68111
0.62057
2.91858
0.312718
0.350903
0.379297
0.23361
0.585207
1.83648
0.573551
5.81892
7.4268
0.89988
2.41633
2.01514
0.241803
0.350374
2.15339
0.221758
1.81732
0.29852
0.249697
5.95776
0.540417
0.254875
0.237037
1.0514
2.35997
0.261771
0.611504
0.363095
1.03689
3.14244
1.53287
0.0407227
5.23941
1.63807
0.74177
0.0233096
0.000215138
0.351648
0.25002
0.884868
2.20299
0.310043
1.59301
1.81091
0.549342
0.239668
4.53899
0.255893
2.18683
1.55826
1.72645
1.96054
0.245045
6.27659
5.37914
1.41298
0.656566
9.29216
3.68424
0.354302
0.875299
5.85268
0.25419
0.926167
0.238069
3.87448
6.23026
0.586697
3.56779
7.76762
6.8919
0.705957
0.00773897
0.0263804
0.259984
0.319144
0.348144
0.247594
1.54036
1.71784
1.006
6.36755
0.304461
0.319199
1.30474
1.835
5.98528
0.541761
0.390677
0.331114
0.289954
5.80129
3.32817
0.210634
0.96829
6.08443
7.67211
0.271888
0.330061
0.361813
0.244903
0.339293
3.07321
0.196828
3.67151
0.284841
0.320119
1.95525
2.91919
4.92243
0.401795
0.0484983
0.010233
7.28088
0.34809
0.365633
1.79841
0.229543
3.03191
4.87991
0.364635
3.23563
5.28427
0.25853
0.22755
5.56196
0.554114
0.253664
0.251376
0.207301
5.85627
0.240579
0.254231
0.326398
2.08458
0.20215
0.323494
0.302637
1.10328
0.47125
1.76773
0.358069
1.26417
0.39188
9.60735
5.6927
5.69318
1.12135
0.545426
2.07499
5.70316
5.89794
0.245592
5.84386
1.81138
0.257395
3.168
0.283469
3.61162
0.765838
1.09259
0.255601
2.20283
3.19268
0.246571
0.248479
0.212552
0.329925
5.95314
0.244381
0.344587
0.242338
0.7501
1.91327
1.6899
3.23169
2.76873
2.06457
2.72771
0.234725
1.85074
0.246241
5.64885
5.58879
4.1711
0.248016
1.1408
0.389707
0.255762
3.11703
0.303549
0.307857
6.3077
5.88201
3.03332
2.06159
0.216647
0.248033
0.232797
0.317384
5.81891
5.89931
0.245503
3.00884
1.2229
4.89175
5.344
1.66536
4.31177
1.20013
0.517684
5.81846
1.32777
0.357757
1.05394
2.00286
0.266919
4.63529
0.235153
2.96523
0.360535
5.62851
1.28628
4.91062
3.32928
2.73349
1.28962
3.11108
4.32619
0.351292
2.32434
3.16426
5.81873
1.42576
0.818913
2.16032
0.265069
0.627855
0.311186
1.51294
0.228486
0.229321
2.47783
0.604994
1.01077
2.85453
2.08936
4.09224
0.249273
0.323434
0.944901
2.41386
1.36982
0.37213
2.243
0.692247
1.82151
4.78608
0.76737
1.62927
5.73457
0.273484
5.3184
0.442238
1.48159
0.380852
3.11882
3.91541
5.79647
0.370414
7.39579
5.83004
0.307589
1.21509
0.254299
0.257342
1.91749
0.571252
0.282413
5.80813
1.61742
5.0754
0.370987
2.42845
0.356654
2.22541
0.235545
1.47676
0.831128
5.7961
8.19219
1.43245
2.26869
2.13287
3.26553
0.259153
0.404083
7.93155
2.25009
2.0415
0.891486
1.29473
13.3755
0.861405
6.79638
0.17216
0.797502
0.640819
1.90372
1.05723
5.18308
0.259674
0.294943
0.987456
1.56455
1.99567
0.366211
0.240643
0.313472
2.227
0.251825
5.52364
0.402678
0.332872
0.817375
1.40655
5.8724
9.44579
3.6856
9.08496
0.435558
1.71399
1.23595
1.45725
1.57146
1.66509
2.75111
2.09032
0.207197
0.294361
2.89568
5.35788
0.310786
0.225626
0.249019
0.373139
0.361148
1.47069
0.310199
0.297888
2.55928
0.203522
5.64659
5.11231
0.343975
5.26683
0.287101
0.912937
0.279779
0.253847
2.1501
0.35474
0.367786
0.314672
2.60863
2.86884
0.307692
0.392179
4.94217
1.59523
0.242424
1.8657
0.242609
0.642478
2.38492
0.351145
1.38992
4.2934
1.77526
0.318659
1.29675
11.0131
0.497563
5.84194
1.49609
3.34434
0.456136
0.0913463
1.06456
0.243122
3.31182
9.39266
0.271811
0.391367
0.32814
1.28738
1.65209
5.41589
6.7142
0.57962
0.249533
1.8615
0.245046
5.97617
2.16452
3.38891
1.40451
0.389785
0.251725
6.9041
0.179557
1.87678
9.97092
0.35349
4.3455
0.793473
10.6638
4.38219
2.08714
0.355856
7.52114
0.336797
5.84264
0.215919
0.318536
2.25253
0.298566
2.00732
0.308172
0.198075
0.320087
0.320447
0.347415
0.253221
0.43954
0.226284
0.205573
14.5983
1.61181
0.33803
5.41169
0.25094
0.30035
0.215421
0.340391
0.42141
5.21153
6.48294
0.127624
2.36656
0.32063
0.234909
3.93353
2.77718
0.178225
8.47974
0.250481
4.56304
1.40463
0.386756
1.60215
0.832923
0.213069
0.1998
0.748332
1.35633
1.52483
2.3572
0.338499
0.356879
0.382128
3.34864
0.326512
1.20674
5.33813
0.419658
0.289333
1.14004
0.236174
3.55512
0.217342
0.294524
1.68289
3.38758
5.99751
15.4357
0.555871
0.319564
0.300078
0.372769
4.72452
1.30012
0.279845
0.355675
0.324032
1.37939
0.114233
0.0462375
3.14978
0.906016
0.261757
0.238011
0.647667
1.25048
0.338703
0.248273
4.94874
1.14402
2.61792
0.235269
0.65011
3.61961
0.240593
0.432193
0.243274
0.242157
19.2094
2.3806
0.711967
1.18642
1.00541
1.08148
5.5693
0.407912
10.9981
1.44917
0.380098
3.31067
0.227937
0.225033
5.41568
0.49161
0.72158
0.271284
0.358145
4.7024
1.44823
3.37512
2.15708
2.90937
0.387024
0.812497
1.16537
0.24876
0.0118402
0.288865
0.323914
0.260154
1.69662
2.64168
0.368952
1.15862
0.791189
10.9899
0.265315
0.0245117
0.329457
1.04408
1.36267
1.49361
0.905676
0.247284
1.67517
2.36896
0.283706
0.223433
0.344724
1.4364
1.7555
0.452475
0.310227
4.41391
1.27883
1.95414
1.9632
0.357014
1.07792
1.78719
0.342787
5.29299
9.29608
0.360704
1.36008
2.20003
0.400945
0.0105928
3.12536
0.86802
1.06349
0.402594
0.889725
3.79245
0.298199
0.125801
0.384773
1.86829
5.38903
0.249701
0.00755278
0.26239
1.55472
2.12112
0.220363
0.232742
2.93512
0.563316
2.24875
4.78113
0.364114
1.05173
7.46107
0.323352
1.32074
0.343558
0.798776
1.69436
18.8618
0.0907144
1.30465
2.16578
0.716426
0.818266
0.250412
1.31174
4.93163
0.367406
0.780897
7.69688
0.312379
2.02996
0.308874
4.64198
0.43084
2.47468
0.421767
1.30616
1.53284
5.58778
1.2045
0.234012
4.93179
0.408482
0.20764
0.264964
2.88134
0.237406
0.320737
0.356928
0.253184
0.241547
2.63024
11.1409
3.88865
1.23999
0.217268
0.398932
3.25644
0.229824
1.34381
0.845532
0.394028
3.27488
4.26369
4.63982
0.300568
0.541676
0.329436
1.12363
0.243143
1.61598
0.22363
9.52465
0.407023
0.892485
0.794954
0.227002
0.330555
0.972183
0.368544
0.391056
0.627853
1.39592
3.47604
0.360399
0.266203
0.328179
1.16835
1.76123
1.50741
2.87979
7.64146
1.90965
2.47193
0.487147
4.22623
2.0401
1.77625
0.36998
0.324052
0.403029
0.944443
0.326356
2.14225
0.337328
2.81791
3.45226
9.59582
0.346316
5.56815
1.87765
0.614041
0.361801
1.80802
3.59437
0.377196
2.11829
1.9465
4.94507
9.38773
9.97519
0.189114
4.57068
0.201251
0.347599
0.334407
0.641251
1.44765
0.451607
0.326394
5.38969
1.83605
2.65547
0.36055
1.42957
0.942859
3.2415
0.617818
1.10447
1.72863
0.397194
1.19659
0.242973
10.4092
0.840843
0.551671
0.204731
1.05533
4.96789
0.331584
0.24226
5.47178
0.677233
3.94546
1.64888
2.49079
1.32601
1.63988
3.2988
3.73325
0.362992
6.42028
0.253045
9.5361
0.930987
0.348472
0.254261
0.352874
2.02722
0.725164
5.88525
0.741125
1.01047
4.91657
4.85296
0.765019
0.224596
0.892522
0.354901
3.5728
0.809213
2.0193
4.99094
2.48811
2.89103
0.264002
0.384278
2.9872
0.166762
8.02242
1.93798
2.16452
0.120959
0.38002
1.68553
4.56328
0.356914
0.21343
3.23548
4.57993
1.05096
1.70117
2.86946
2.08758
0.319112
0.232914
2.17391
4.37043
4.49743
3.83829
0.225701
0.226112
0.253902
0.357786
0.755081
3.01953
7.00978
0.228787
0.277007
3.5291
0.808796
6.48337
1.67288
2.05008
4.18717
4.09276
4.54893
0.321042
1.81366
6.33134
1.95111
8.25549
0.420212
0.311034
3.17851
0.327464
7.86918
3.80286
0.909217
2.47476
0.374652
0.214428
0.22162
1.13545
3.78157
0.565897
3.76592
2.02285
0.644699
0.328161
1.06909
1.09604
7.52735
6.68368
1.07162
0.353638
0.388618
2.04591
1.49192
0.256904
1.25114
0.217784
1.65529
1.4759
0.973144
1.06272
10.0674
0.267717
0.388595
10.0482
1.90709
8.89793
7.00484
2.00716
0.357867
0.24471
0.261814
2.5431
0.313048
2.15283
0.238298
5.23863
3.48651
0.705695
0.242794
9.72194
3.30773
0.141689
1.66863
0.837023
2.10313
6.55571
0.231407
1.99834
0.849779
4.84047
0.33377
1.83482
0.285127
8.42327
0.342743
2.14017
0.177775
0.928489
1.37433
3.47634
1.35011
0.74597
0.321264
0.299762
0.270072
1.25916
7.26969
0.52728
1.85931
0.00858775
0.271418
0.221297
0.397303
0.0152694
0.205672
0.218854
1.49832
0.241436
1.64118
5.6375
4.18625
0.200105
0.23973
0.922114
2.58047
1.51146
1.23334
0.261973
0.199461
2.27743
0.309233
0.811578
0.025313
5.35068
6.40673
0.868212
0.900243
0.256166
1.2654
5.49894
2.65192
9.76195
0.904157
0.221643
0.272087
0.195268
3.89046
0.357998
2.1289
0.506092
0.255121
0.240976
0.498295
0.127624
0.37203
5.22821
0.370788
0.397115
0.206226
2.03225
1.28268
1.43817
0.245073
0.295072
1.61946
0.253263
0.671453
0.208886
0.525857
2.21035
5.45774
0.305192
9.5954
0.257593
1.6967
0.212695
1.93729
8.62876
0.30773
5.49031
5.75728
3.4135
1.06394
4.71216
1.43482
0.776135
4.18639
4.30778
2.35972
0.358342
0.355105
0.685966
1.46154
0.184139
1.69815
0.550256
0.262457
3.08269
1.9009
0.2668
0.212976
2.72992
0.722563
1.20398
0.209551
8.99394
3.65692
3.97596
1.32731
1.49738
0.830712
1.59926
0.246491
0.990774
0.304469
9.19894
0.355307
7.76596
4.45258
1.21148
1.21936
0.228241
0.14441
0.0718937
0.220553
4.04305
2.17209
0.330055
4.73758
0.211344
1.19077
2.14976
1.87819
4.63085
7.04547
5.85071
6.07891
0.330575
4.36326
0.209375
0.217199
0.325659
1.4661
0.523422
1.67751
3.92042
1.5485
2.0912
0.260883
0.858277
0.261592
0.0815515
2.36729
0.724547
1.66799
0.268285
0.95402
2.90925
2.66329
2.17723
2.77212
1.3149
1.90338
3.28568
1.09936
0.248785
0.636506
0.803408
11.5649
0.0438389
0.00642475
1.41741
4.3222
4.89696
5.81881
4.37774
0.473064
1.39494
0.823978
4.09323
1.18512
0.224795
0.766477
0.899737
3.05045
0.234601
1.37033
0.286307
0.236865
1.03333
0.315007
0.713865
0.419786
0.848079
0.289272
0.565636
1.34641
0.109395
0.243699
0.231017
0.527907
0.296684
1.01017
0.30964
3.14267
0.239651
0.306705
2.30275
2.12813
1.64507
0.141248
0.312625
0.24764
0.179623
0.224809
5.10095
0.70453
0.337666
0.291131
2.32952
0.842542
6.60296
0.274779
6.42877
0.828103
0.249547
0.56324
0.709077
0.242053
0.652565
0.318926
0.971851
0.149773
4.31727
0.178779
0.848541
2.15594
0.307439
1.30298
0.133537
0.529588
0.000943997
1.10749
5.79962
6.09078
1.07302
4.28905
2.10535
1.22201
1.58551
1.1358
0.360743
0.101611
0.00896383
1.21665
3.08428
0.390493
0.958992
3.1216
3.91641
0.245868
0.355692
0.773116
0.218715
1.16281
0.494048
0.230936
0.317767
0.377197
1.54029
0.582524
0.0559812
9.31094
2.52745
0.973553
1.82446
2.53797
0.509955
4.59552
0.249725
0.92466
0.217882
1.14329
0.243176
0.392945
0.654115
0.220264
2.2399
8.34562
0.217885
0.595105
1.5842
1.12514
2.06715
1.76898
0.764434
5.28157
1.69403
4.11651
1.6074
11.6392
0.298652
4.17217
2.141
6.3466
1.03297
0.281285
10.0659
8.90779
0.333169
1.2496
1.81675
0.21204
0.73863
0.212303
1.30617
0.342123
0.267688
0.694222
10.8414
0.231148
0.718521
4.8344
2.15227
1.96844
0.376102
0.315787
1.49212
8.14435
0.749178
3.19209
0.329094
0.301046
0.494071
0.286279
3.45299
0.0591424
0.0216183
0.261306
1.22959
0.226479
5.21744
1.6547
0.403284
0.492912
0.800263
0.24058
5.20717
2.18225
0.717525
1.37458
0.227785
3.99018
0.534981
1.83145
0.630706
0.326827
0.284701
1.94456
2.08007
7.13654
3.54411
2.89392
7.13527
4.39926
0.246452
0.272371
0.179553
0.63029
0.912452
0.400646
0.356337
8.42013
0.690666
13.195
0.604034
0.661703
0.286588
0.244549
1.55395
6.42004
2.24671
1.34145
0.314845
0.305884
0.364103
0.250345
3.22384
0.496788
0.501053
0.18081
0.294929
0.366462
0.224381
1.89625
0.26184
3.29411
0.253266
2.75772
9.35936
1.6708
2.02902
1.14331
0.190226
1.25659
6.82831
8.24407
7.32064
3.30107
2.01241
0.237435
0.610364
0.397969
1.67402
2.52073
0.360966
0.274823
8.18652
0.889697
8.66814
2.69958
0.509217
9.17402
15.3231
0.23633
1.62843
4.23186
1.67256
3.06897
5.87858
0.255095
0.380218
0.565974
4.6445
3.93806
0.272594
2.26194
1.98681
0.306427
3.47835
16.6958
0.218503
1.89825
0.289794
2.01829
1.76531
1.50709
2.09188
0.286413
0.691858
2.63475
0.388699
1.90658
1.28127
3.0529
1.24122
0.278472
0.347757
0.188801
0.32206
9.15557
1.54157
3.12832
1.57159
0.277819
0.62705
0.780191
5.27739
1.77525
0.811945
3.06666
5.72763
0.388107
8.89802
0.673359
0.624755
0.594281
0.496667
0.434579
0.242485
2.82716
5.85495
5.14295
1.20935
3.68055
0.841056
0.339405
1.60477
0.359842
3.3408
1.51175
1.98393
5.41881
1.02955
0.346606
0.240878
0.274274
8.99727
2.16262
0.661403
1.04583
0.255115
1.75263
0.320059
1.42494
1.85418
5.02903
6.44311
1.05522
1.91615
0.193842
1.84058
0.188407
2.03126
0.129703
1.48913
2.38388
2.36885
5.11441
0.36708
4.07049
13.7895
0.524003
0.679226
0.16931
0.278819
0.224642
0.373451
0.764579
0.077279
0.973435
1.41241
1.42285
0.330321
0.293666
3.64595
0.215065
0.932698
0.970004
1.07406
0.209668
0.391087
2.75204
0.703643
0.346475
5.45306
1.06626
0.39781
0.265377
0.839526
0.283011
0.255479
0.541331
0.297329
1.38526
0.315515
4.63781
7.19718
5.84443
0.25732
0.298325
6.77269
1.51922
4.84042
0.906331
4.98364
7.1316
1.06638
7.75077
0.334279
0.253357
1.39427
0.419893
2.06558
0.379331
0.253296
2.13982
0.425144
0.73489
0.197813
0.994972
3.25155
0.358014
2.76802
0.403688
1.62218
1.43201
1.56534
1.29837
0.609056
1.34449
0.844457
0.157348
1.82869
3.8225
8.41622
2.36445
0.249311
2.06997
1.81771
3.17594
0.327959
2.07744
0.290249
0.406084
20.9479
0.75218
0.220327
0.168442
2.60839
0.230169
0.939436
1.35904
1.14549
3.13243
0.15494
0.492813
0.165217
2.5879
0.62802
1.41343
2.19816
0.212836
4.69351
4.45798
0.860977
1.40879
4.64648
3.76271
1.67085
1.85213
0.188746
0.880778
0.379392
1.17744
1.95418
1.1226
0.494073
0.484199
9.4866
0.872684
0.288643
0.266598
1.35343
0.638412
2.77772
3.38174
2.07981
1.65529
0.882
5.26534
0.614212
3.67244
4.00476
0.931667
1.06827
6.0949
0.22582
3.29734
1.27385
0.627663
0.305345
0.364369
4.03851
5.30903
5.68436
0.212482
0.91908
2.16275
1.5226
1.20955
1.63632
0.371529
0.578313
1.40444
1.57516
1.17219
6.87249
0.453566
0.494017
1.56554
6.32958
0.346174
4.68416
0.255154
1.98328
2.09739
0.857963
1.05301
0.259641
0.239524
2.0196
4.7381
8.66328
0.383715
0.54748
0.553974
0.353667
0.546621
1.09476
1.43333
0.330209
0.340377
0.569308
2.09388
1.77634
4.78466
0.793025
1.17053
4.36781
1.01303
0.753786
0.31898
1.29979
7.41193
0.344046
1.81642
0.258917
1.90531
1.22146
5.90736
2.44154
0.975708
6.36911
1.46313
0.576359
6.70261
0.388476
0.287063
3.34492
5.65911
2.07884
1.32144
5.40854
2.86188
16.5765
23.3306
1.11304
0.64254
1.11451
0.195576
1.20343
17.0755
1.73482
0.192197
1.20938
1.64189
7.93172
4.66355
1.09117
0.290305
0.434326
0.916202
0.245345
5.51398
1.29107
0.326503
0.175226
0.59027
1.36124
0.53447
4.6084
0.250719
1.07631
4.33829
4.01871
2.40538
0.843474
0.280553
1.14595
1.98412
0.396801
1.22297
0.901292
0.602526
0.230052
3.44159
0.669834
2.57648
5.93861
1.14464
0.472326
0.230239
0.398699
0.240894
0.245008
0.343239
1.04514
0.214263
5.20773
1.24244
0.230118
0.279042
1.91035
1.31319
2.11462
3.04489
3.16372
0.248903
0.248638
4.03005
2.02214
10.4453
6.28941
0.483765
1.11699
1.84653
0.251197
0.216696
0.616512
0.215376
0.261471
1.34058
5.56224
0.227676
0.98086
4.74366
1.25289
0.199216
0.378873
0.33634
1.1576
0.210724
0.776893
0.35268
1.2591
3.15491
8.26087
0.833145
5.8388
0.331458
0.857819
0.288999
0.281381
1.04372
1.44028
0.187651
1.21214
0.932318
0.153561
1.10347
0.291624
4.93287
2.20031
0.197001
0.196314
0.386128
0.614027
2.05101
1.15427
1.10387
0.96791
1.01029
1.20528
0.36023
2.02912
0.23596
0.24415
1.74024
0.98124
3.45719
0.267692
0.252318
1.9003
1.49409
2.10225
0.223835
1.43009
1.47926
0.413694
1.27105
0.646284
0.40022
1.22712
1.38506
2.52946
5.93767
4.28205
0.218738
6.74156
0.212476
0.362095
1.32748
1.45003
1.30532
3.40924
0.280059
0.465176
0.526906
0.193993
0.353957
0.249468
0.32816
5.75966
0.633049
1.09042
2.1446
4.68596
6.28392
2.8996
0.861172
0.171197
0.229617
2.99213
1.75596
9.57387
0.157394
1.84224
5.18968
22.5603
0.744008
1.52403
0.0334572
0.232001
0.308602
0.367267
1.40814
1.7358
0.419939
3.39009
0.633477
0.615604
0.229301
1.24786
1.23763
1.0123
4.48197
1.00117
2.43256
0.240017
1.65395
2.35185
0.218059
1.63793
2.2461
0.406203
2.25112
0.231582
0.349395
1.51137
0.433274
1.13796
1.06402
0.939169
0.745987
0.38772
2.6
0.255978
0.399943
0.863304
1.08377
0.263699
0.483331
0.263097
1.21481
7.77038
3.83175
6.74663
0.685609
0.369594
0.733064
0.245452
3.71597
1.56524
0.733774
0.867387
0.149705
0.865462
6.57965
0.307951
1.03986
0.705
0.210059
1.59997
0.224629
1.55958
1.61769
0.391695
2.18433
1.27876
0.344478
2.17088
0.21058
1.07074
4.93327
2.70191
8.97156
1.20411
0.273147
6.89415
9.26046
0.826128
4.74379
0.234195
5.77268
1.05476
1.91567
8.71945
0.9001
1.05555
1.10632
0.341688
1.47207
1.89584
8.09111
1.12724
2.23783
2.10253
0.243326
5.45489
0.968738
0.355079
0.0516381
6.67982
2.03881
0.404689
5.6107
0.998453
1.18503
10.4025
1.3932
0.823988
3.11828
3.78547
1.2302
6.93071
0.956333
1.86644
1.3554
6.16793
0.298762
3.98155
2.45501
0.8034
0.861669
0.228266
0.58817
0.222064
1.79407
0.232829
1.08209
3.42396
1.3427
9.63981
0.940171
0.157326
0.313569
1.60975
5.83169
0.249086
0.263541
5.75343
0.229667
0.173104
2.75197
0.40228
0.16186
0.262763
0.236079
1.17454
0.313194
1.31833
0.349374
0.288132
1.44637
0.348749
0.62604
8.15579
0.245663
1.79831
0.257304
0.713859
0.408838
0.510746
0.413607
1.22348
0.286059
0.383287
2.38267
0.183506
2.31797
0.547731
3.07533
5.24427
1.36312
1.29039
0.235376
1.08064
5.63936
3.37849
0.57995
1.45469
0.995511
3.16623
2.18197
1.36296
6.71682
7.44873
1.62185
5.8806
0.526419
0.332518
1.10771
7.85321
1.25142
1.99228
19.6687
0.216489
0.828373
4.36348
1.29131
8.96338
0.227403
0.330048
1.46063
4.41514
0.295609
0.268215
1.60542
1.46744
9.89281
3.04872
10.704
0.188379
0.415298
2.11572
2.8013
0.35606
1.31193
0.212356
0.299252
5.6681
1.6518
0.215932
0.240477
0.27415
0.418144
2.64509
0.362302
2.63372
0.653776
6.12819
0.312361
1.43974
0.390627
1.51091
1.4995
0.298189
5.80197
0.551981
5.02993
0.917586
0.354248
3.25002
1.87483
1.09771
1.02899
1.8151
0.232839
1.53461
0.258825
11.764
0.928788
1.22352
0.932231
0.217479
1.38535
0.371614
0.976273
0.203323
5.26374
5.10623
0.279531
2.04023
1.28013
0.268627
1.61782
0.319071
3.26091
0.238427
20.2534
0.418492
1.02176
3.31869
5.70352
0.335507
1.76047
0.579304
0.262947
6.55042
1.0774
4.72207
10.1658
0.87737
4.95642
8.15449
0.0799532
0.270051
0.653775
0.241319
9.56141
0.228007
1.09634
0.227383
1.26885
2.20198
3.24442
1.92925
0.275503
1.94395
1.472
0.288455
3.73796
0.274892
0.463613
0.427403
0.375941
2.55612
0.295126
5.23624
1.38571
1.3572
3.51079
2.19309
1.36982
0.355369
0.315384
0.616231
1.98211
5.27278
6.95413
0.238635
0.245055
0.662249
2.26603
0.648134
0.233219
0.28531
0.242835
1.78374
6.11354
3.74961
0.996842
1.44832
1.10491
0.53834
4.43203
0.271835
3.05732
0.177674
10.2745
0.239442
1.21657
0.355013
9.06819
0.226677
8.42101
0.358664
2.5873
1.21612
0.494804
1.08285
0.816708
0.219556
0.562457
1.29357
1.11535
4.98986
0.249803
0.0680003
1.76241
1.19174
6.00832
0.583255
1.16985
0.338866
5.77431
4.71779
3.83692
2.98031
1.08035
0.878154
0.109424
0.213808
0.933402
1.92397
5.60418
0.56796
0.22687
4.28706
5.47404
0.238508
0.185733
3.01669
1.8354
1.82705
0.211638
3.46084
0.949892
9.24554
5.04386
0.275437
8.0744
2.00324
0.76568
0.20989
1.07913
2.65603
0.159297
0.226613
0.302946
2.08429
0.568015
0.259194
1.30572
0.247471
0.38578
1.91489
1.22676
1.28296
0.24404
0.25435
5.60878
0.665834
3.4831
0.56215
0.398729
4.11182
1.34862
0.575965
23.1091
23.4259
9.39782
6.3015
0.372851
2.11163
4.59602
0.276319
5.56647
1.8651
4.06215
3.07984
0.292299
0.999222
0.543368
1.1098
1.42714
3.47792
10.1448
0.84014
2.23092
1.01967
9.12018
2.98158
0.256766
1.33798
4.02405
0.313206
1.74087
1.06288
0.230403
2.12909
1.96741
1.07991
0.622872
0.244464
2.23399
1.5304
1.49478
0.210337
0.989416
0.285455
4.46488
6.17177
0.237586
3.51607
0.871964
0.243777
5.29148
1.82071
1.94895
8.8388
1.70587
0.34317
0.33384
3.08454
1.35777
0.993638
8.18537
0.88821
0.122088
0.498355
0.217781
6.51212
0.175761
1.43182
9.29537
4.63329
0.456249
0.34719
2.41329
0.225136
0.0492532
10.5447
1.3152
0.219679
3.91175
8.92072
0.770922
2.10669
0.273501
2.13446
5.56262
1.92794
4.92847
1.71233
0.182142
1.517
0.984323
4.94155
0.764638
5.85481
0.293076
0.232777
0.170505
3.14902
0.616923
0.245049
3.92195
0.253713
0.73363
1.93148
0.386929
2.32955
5.20754
0.829422
1.12143
0.231576
1.58608
1.4478
3.50357
1.26644
1.96193
4.16026
2.75578
0.984
1.41717
0.562488
6.81538
1.20978
1.37341
0.361726
0.280327
0.764198
3.3949
0.231989
0.19892
1.18674
0.246756
7.56891
0.828004
2.16514
0.250504
7.78948
0.251566
8.48078
0.782927
2.60442
5.39285
4.36734
5.7299
3.75576
0.356596
0.884462
0.295103
0.424569
0.630566
2.30955
3.55197
1.58103
1.15543
0.303267
6.84868
4.77009
1.46535
0.398423
1.07949
1.40427
5.15981
1.10049
5.56094
0.276057
9.43056
1.86361
6.23861
5.2702
1.22255
1.30906
0.580913
1.45942
0.266074
0.210297
1.78813
1.1735
8.74497
8.82321
0.895979
0.88677
2.87151
0.413514
2.92601
0.348067
0.333225
0.214762
3.72488
0.520294
0.221117
1.43662
0.303324
0.251768
0.251237
1.93734
1.65093
8.37903
0.443058
0.0957337
0.985605
0.222819
0.30791
0.767941
5.5951
0.548302
1.65247
0.199883
1.81143
5.41347
2.2825
3.1279
4.51896
0.234021
0.39855
0.989978
0.60767
2.14286
0.219798
0.234792
0.238662
6.0325
1.21826
0.303255
1.01153
0.347676
0.907507
0.242016
0.207251
0.228915
1.99625
2.1113
2.82426
5.37699
4.8294
9.24946
0.320449
0.790026
5.3119
9.24946
0.456151
0.0913027
1.79049
1.56373
1.26666
1.49452
2.74447
4.87685
5.01248
0.214898
0.21399
2.47528
0.336825
1.02084
8.96286
1.00322
0.726295
9.12288
1.90055
0.302384
4.41029
0.776909
6.4185
0.406675
0.526021
1.05446
0.348098
1.72426
0.411326
5.06191
1.8592
5.41778
0.370369
8.87971
0.625165
0.269638
3.3763
0.222186
0.249724
6.14314
0.228902
2.15783
0.418797
0.608015
0.398399
0.342958
1.11352
2.74151
1.10795
0.372122
0.37141
2.89705
1.55837
1.14592
0.405641
0.7855
0.355257
6.56065
4.53119
0.296256
1.91776
0.301433
0.2114
1.18865
6.54013
1.1391
0.886594
5.55383
0.496499
0.898448
0.312639
0.701344
0.492959
0.3174
0.39528
0.217529
0.239013
0.645616
6.07113
0.315885
1.54561
1.25954
1.15507
0.240484
0.234525
0.199165
1.37997
0.708396
9.47466
0.246949
0.433741
2.06621
0.207163
2.08084
0.293499
2.14566
0.327156
1.19618
1.8752
1.12542
5.90754
1.12955
2.40285
0.273685
1.02474
0.164731
0.448658
0.307327
2.12832
6.06603
4.43555
5.78302
0.247988
2.0211
8.31628
1.01997
0.631315
0.297603
2.10031
2.41619
2.79203
0.214969
0.250266
1.67797
0.270918
2.25109
1.08623
0.257942
2.29641
2.29504
5.95197
0.398862
1.23099
0.161647
2.08721
6.43893
2.18055
5.70637
6.47065
2.19984
1.4754
4.0482
8.0133
17.6426
5.79744
0.856522
0.813777
2.83049
2.52981
1.1949
3.17854
0.207841
0.87161
0.356798
2.93044
1.18779
0.357028
2.09749
2.4569
9.22249
2.62685
0.387181
5.91319
0.363974
1.3279
6.7294
6.54195
0.907113
1.421
0.749404
0.278929
0.214862
0.232704
5.19111
0.301829
1.59793
6.92118
1.49382
5.96304
2.85782
1.36713
5.17985
6.83185
0.399833
1.7351
0.996236
0.593757
0.336293
1.51815
0.400464
0.547366
7.95083
1.00336
1.80896
0.936016
0.263313
0.193344
0.232193
0.180874
0.271722
5.60181
1.10363
3.1865
1.97693
1.90268
5.84278
1.54632
2.21754
9.53222
5.40817
5.90329
1.47344
0.213847
5.86273
0.355309
3.25157
1.63365
2.51736
0.226198
0.287517
0.409149
1.96797
2.14478
0.374864
0.123286
7.07096
0.404374
4.37929
0.235342
2.38125
0.283144
0.778907
0.323305
0.159207
0.221873
0.827805
2.23798
3.16237
0.252136
0.244226
1.40106
9.51044
3.7969
2.54176
0.611077
1.78545
0.170746
1.17768
0.378293
5.7587
1.67504
0.254746
3.21948
1.2754
0.999159
0.389371
1.02794
0.30735
10.7487
1.87853
7.99686
5.08012
6.3942
0.234236
0.318188
0.254117
0.274038
1.1239
2.21742
2.49541
0.585912
1.64224
6.3949
1.9691
0.293066
2.48828
5.95743
1.92373
2.18184
7.73058
1.07195
0.211267
4.93971
1.69428
0.404087
0.288998
1.91583
2.06359
7.15681
0.333678
1.27384
1.07132
8.15026
0.171145
5.39664
1.64155
0.234441
4.37855
5.05183
2.26368
1.77481
20.0247
6.63698
2.11208
1.52312
0.304114
0.36922
0.414883
0.994731
2.79427
4.30411
0.26204
11.1671
0.573126
2.64606
0.119371
1.45629
1.60945
2.38588
0.392703
1.82429
1.15802
0.52455
0.1417
8.62868
4.0041
0.579558
1.93468
2.85221
0.24424
7.1287
0.651256
1.44708
2.12791
1.45301
0.832089
0.219138
1.57954
0.717534
7.19647
6.4914
1.35724
1.45452
2.6209
1.81336
1.79004
7.11552
0.311895
0.358225
1.65111
9.66817
1.15022
0.283193
6.85233
1.04398
7.39805
0.298952
0.348873
0.241782
2.30101
4.40014
4.42662
1.25222
5.71887
0.663669
4.76552
0.954235
1.2228
2.93253
2.24812
7.00207
0.273368
6.20501
6.80544
0.215672
0.304007
8.53426
0.3106
1.93786
4.98786
1.30126
2.03155
6.57957
0.239248
0.608122
4.56638
0.956221
8.78644
0.24532
2.32981
0.259776
0.334599
2.78042
0.617164
1.35821
3.09423
0.940828
2.08441
4.58339
0.0763376
1.8519
0.380353
0.626581
0.194913
0.70913
6.34933
2.1313
0.144554
1.52012
0.384271
1.86505
7.51268
1.70147
0.172841
5.59269
3.94534
7.06842
1.46597
1.46841
0.292509
2.74116
5.67096
2.66925
0.962355
2.62626
0.296059
1.2978
0.368322
2.05768
6.71459
1.03069
0.612676
0.395983
1.03436
0.320707
3.35566
1.35451
0.276389
0.678925
1.00366
0.347768
0.277522
7.42397
0.251399
6.7372
9.15497
1.805
0.135726
1.32764
3.37854
6.66452
1.76996
1.45842
0.521231
0.483269
0.212704
0.918077
0.241197
0.260282
0.30627
2.99513
0.650552
3.13666
0.237841
4.8423
8.54157
0.27457
0.939844
0.368563
4.12636
1.4965
9.15081
4.47028
0.562636
0.352944
0.206277
0.26209
0.293098
0.723695
1.93274
0.351515
1.24487
0.862599
0.294382
0.690701
2.02547
15.3603
0.237112
0.632116
1.32972
4.83684
1.37412
5.84593
0.355453
2.12068
1.68189
0.155596
0.30338
0.368508
2.78787
3.95276
0.285659
3.66262
3.39164
0.332161
0.174236
1.07285
3.74116
0.960877
1.19419
0.641281
7.94216
3.3992
1.26044
6.4011
2.03033
0.567634
7.16904
4.77974
2.04646
0.486761
7.61024
5.70414
1.07386
0.30639
0.276069
5.98793
0.356804
4.17814
0.31866
0.550052
0.90451
1.43265
2.30296
1.04914
0.431936
2.08121
0.285831
0.260104
1.70798
4.02914
7.17387
4.91723
0.41106
4.32423
0.46826
2.07665
0.567298
1.70541
2.02154
4.20925
0.202634
2.07879
5.80662
3.34876
0.253302
0.987208
0.954755
8.94062
0.802139
1.49447
19.0638
0.180276
5.33132
2.03852
5.60315
8.51333
6.70277
0.339083
0.246207
4.97561
1.55137
15.4344
0.151696
3.5625
0.0525493
0.236795
0.537814
1.40806
0.541856
1.69437
0.255811
1.97628
0.282663
0.176661
1.39444
0.476541
1.25729
2.10587
0.358822
0.292804
0.245129
5.24457
5.63489
1.5729
0.292118
1.94282
7.59952
0.310286
4.71513
5.12423
0.270752
0.347473
11.3971
14.3638
1.49196
3.42452
7.38876
0.708879
7.64493
2.21005
0.276271
6.99107
1.58274
1.50324
3.97814
0.254772
3.15025
0.617092
1.04228
5.89201
0.253411
0.319698
5.60136
5.53908
2.21028
0.187429
5.34377
8.3306
3.13665
0.353097
0.251986
1.77704
18.2544
0.991077
6.30321
0.724451
0.391975
0.383354
5.99668
3.26275
3.52223
1.62622
0.216606
1.61923
1.22678
4.08785
6.52533
1.09352
0.172161
0.27517
1.77085
3.70948
2.33115
0.214217
1.8132
6.05877
0.266351
0.349465
2.69568
2.11612
0.233759
0.297161
0.869853
0.729549
1.14912
0.580373
0.251281
0.22866
7.18532
3.88526
0.277663
0.903559
3.68471
0.322512
0.105163
0.547538
3.87078
0.420466
16.4981
6.05192
5.50428
0.613989
4.17324
1.29284
1.57612
0.35146
0.359939
1.21325
7.42303
0.116592
0.766295
5.37652
0.285268
1.92265
1.2805
1.24419
1.35963
0.238546
2.62657
0.529849
8.23472
0.83306
1.65496
6.45848
5.066
8.23904
0.255959
4.92221
1.39665
0.00148353
2.83383
0.315966
6.68988
0.711493
0.28082
0.202871
1.8217
3.08066
1.15746
0.236735
4.64192
1.34341
0.372133
0.875808
3.81767
1.17364
0.36061
0.25515
7.88893
6.85189
1.65397
5.95487
0.885545
0.43582
0.354737
0.677393
2.97148
0.826131
2.03575
0.353143
1.23518
8.25028
0.334562
0.284468
9.1264
0.316427
5.74886
0.428057
0.265085
0.281249
20.8542
16.706
2.14808
1.53422
7.81424
3.0443
0.490689
6.27921
0.699063
1.03857
5.00246
0.314018
0.382054
1.20979
4.39623
8.99046
1.13437
0.761467
1.67105
7.70974
3.85419
1.01463
1.50778
0.280821
2.2081
2.12914
6.40254
1.24344
9.32077
1.96553
2.62131
1.27187
4.04298
0.243211
9.42542
0.284802
1.84064
0.703616
7.49553
0.291711
18.6453
1.7964
0.351028
5.0447
7.45007
0.351957
0.566585
2.8791
0.109804
0.260886
7.96549
3.10941
0.330739
1.60676
5.55311
8.55998
3.52687
0.275688
0.318081
0.342334
1.63224
0.229988
6.98755
0.192336
1.78326
0.318711
0.269978
1.10257
1.90586
2.69732
0.51163
0.295963
1.56652
2.49561
0.24379
5.02115
1.07555
6.35488
6.94609
0.253555
0.235122
0.258751
3.1057
2.01409
1.79546
7.02905
1.65329
0.46393
0.215104
0.150617
1.27921
2.19399
14.1863
1.91922
7.26948
2.38427
1.23899
1.67878
0.242288
2.2843
3.6767
0.923926
1.32911
1.6263
0.0741086
2.43367
0.251392
0.245425
11.6301
6.59973
1.61878
0.357142
0.219396
1.96436
5.16997
0.152638
0.211652
4.36937
10.7387
0.251335
0.921565
0.717633
4.38005
9.26068
0.298142
1.35263
2.66548
1.26357
13.6813
1.27109
5.82185
8.27852
0.35656
0.310997
2.378
8.47673
0.267402
9.51097
5.79983
0.243481
5.43673
0.294599
0.385667
3.81997
0.257319
6.36975
0.347119
6.65705
2.44931
13.4266
5.71765
1.97489
0.197173
0.352908
0.352034
0.102921
0.52368
8.54359
0.337206
1.58715
1.19752
8.66228
0.34905
0.218743
1.78522
0.211541
0.2483
0.212489
1.7447
1.10143
1.24096
8.356
7.61261
7.49652
0.612925
7.93857
1.61814
5.32087
7.14981
1.35732
5.97066
21.862
0.434537
6.59933
0.607521
1.66264
0.086411
0.242248
6.44151
0.231662
5.23752
2.26227
0.807832
4.63122
1.0142
7.16496
0.206338
6.59118
1.06535
0.285429
0.385934
0.29333
0.80727
0.290567
0.223486
0.268775
0.24041
0.305062
3.56238
0.810935
1.75583
1.20101
2.74637
0.353425
1.98511
4.15636
2.60306
8.97046
1.40146
1.79993
0.334586
0.237718
8.13848
1.22721
0.748789
9.11347
4.31358
0.768034
0.361364
0.48841
0.85385
7.3081
1.32841
0.343931
2.2289
4.30725
1.91321
0.657724
4.60315
0.325196
2.81534
6.56695
1.0359
1.72945
8.92706
2.15164
4.08051
0.398405
0.277008
0.346769
5.02352
1.5249
5.31314
1.70646
3.72089
1.58877
0.936785
0.758974
0.0782525
3.32355
0.596643
8.86441
1.06638
2.33435
0.86898
5.10011
0.319403
0.969563
1.05292
0.30035
0.625334
3.94804
0.83018
0.856922
0.401658
1.53605
1.37601
0.552922
1.02212
0.174179
0.326589
0.693348
0.241504
0.241352
8.41975
2.51177
1.93719
1.89197
1.13574
9.31914
11.692
2.20492
1.06656
2.42605
0.258883
1.8309
0.259859
0.342507
6.61704
10.6904
3.74151
0.433287
18.136
1.27814
6.19389
1.27226
0.734612
0.855614
0.232294
1.91668
1.72701
5.93684
0.661882
6.5884
2.39231
1.35164
0.355152
2.09673
0.329189
1.97917
0.420915
2.06522
1.53245
1.56758
0.352177
0.911313
0.355901
0.250119
4.8316
6.68783
2.21861
15.4705
3.52448
0.885288
1.47937
0.352702
3.42941
0.367416
0.628929
3.32518
1.81256
0.539558
5.33207
0.541753
2.66997
3.79524
0.361373
1.65789
0.376959
0.339519
5.74948
1.85476
0.24557
4.73095
1.77144
2.19281
1.54246
1.40531
5.05235
2.15905
0.203914
0.944628
1.97311
1.54116
2.22651
1.77351
2.11216
7.21071
3.97213
3.12747
0.289214
9.30351
5.59248
0.350334
2.51222
0.281787
1.62261
10.805
21.631
2.78013
3.50674
1.97401
1.30531
2.66635
2.9418
7.66618
2.00539
0.218586
5.89574
0.912825
6.96154
1.6578
6.44033
0.770832
1.51083
5.97688
0.245986
9.39228
7.33727
5.5892
4.1897
0.904455
6.3574
4.9035
1.63671
2.26909
0.173126
8.57416
6.70909
6.60755
1.79336
1.89952
1.22437
0.145718
1.78842
1.56367
4.57722
0.388642
1.76834
5.48105
2.26729
1.83944
0.235121
3.278
4.21965
0.273534
5.79623
0.859316
1.68315
4.51474
5.01266
1.81172
1.69097
1.26047
7.01736
2.01594
0.338185
0.534688
0.499988
0.122721
1.14712
0.515328
5.62624
0.16182
22.3365
1.6679
0.422101
7.52124
2.17299
0.59212
0.200964
10.2449
1.44199
5.80364
1.10808
3.74709
4.69414
2.22582
1.2461
3.77986
7.69468
5.44301
4.55932
7.5094
5.39107
3.02865
1.16092
0.307424
0.349502
6.26211
0.793589
2.25662
0.589966
1.47577
0.0851248
0.052965
0.307931
0.714131
0.863319
1.70026
1.73085
1.40517
0.334322
5.54374
4.75563
1.92999
9.51132
0.337334
9.58004
2.93265
0.403548
0.231936
0.188629
0.133983
2.20426
9.37167
0.125236
4.15388
1.52912
5.85523
0.212762
1.44522
2.94899
7.00788
8.85134
0.379012
0.922931
2.23895
2.64884
6.07678
0.182437
7.18035
0.102351
0.30147
7.18272
8.30186
0.457369
0.497504
0.380711
6.29128
8.27119
0.814151
1.20381
1.36031
0.498044
8.90719
0.38597
5.88526
0.381057
8.39067
0.255968
1.31946
15.6432
1.67726
0.158023
3.36963
1.31577
1.96545
0.684701
6.43204
2.03077
4.17781
1.81737
0.253149
5.05507
0.550285
1.13808
10.5968
0.16702
1.00616
7.51217
0.334779
5.6778
0.405459
5.55254
0.820667
1.03979
9.56724
0.291763
4.24955
2.09453
5.47954
1.32191
0.329394
3.30511
4.19635
5.88903
6.74257
1.91445
0.335982
0.516788
0.20882
0.763126
7.31894
8.54134
0.608517
0.489497
4.16051
2.40378
0.267476
3.82196
2.05771
0.207171
6.54134
7.13392
5.84802
1.82318
2.96446
8.51253
2.85221
0.223243
1.27435
1.05155
3.99446
0.27325
3.61617
0.194015
8.37018
3.44691
13.0572
4.44522
0.283745
6.57396
3.83801
3.18018
2.15701
0.829459
1.85806
0.193608
0.349286
0.356221
2.34991
2.20473
2.63634
2.84768
8.71325
0.353929
1.00437
2.13922
8.88071
5.01975
7.82232
0.780666
0.232165
0.182242
0.496114
7.59251
1.73711
4.84192
2.21276
6.98279
4.13274
0.243727
2.88118
1.67498
9.48
4.25026
9.13322
1.56208
1.77176
4.0966
0.347303
2.47406
1.87639
3.79197
0.349199
1.80556
1.08318
1.80254
0.275552
5.67583
7.41459
9.5652
0.967128
0.358669
0.354912
4.82217
20.8248
1.03776
0.360587
1.52458
3.14681
2.48689
0.228136
0.274476
7.21832
1.90975
0.152756
0.213667
1.41621
8.14487
10.5751
0.391466
2.79605
10.0759
1.48193
0.430724
2.20315
0.315709
9.05602
2.66138
6.27788
2.23823
0.403619
0.357885
0.553165
4.31311
2.76109
2.06182
5.21899
3.61093
7.2463
1.88012
1.2054
8.60961
0.226771
1.43283
0.248831
0.281365
0.432377
0.81295
2.53135
0.597325
3.93051
1.28712
13.7492
0.251942
0.250508
1.60338
6.02789
7.84337
1.41367
10.3919
3.65611
0.298085
8.50458
0.316652
1.75781
14.0175
0.377576
4.40562
1.08472
0.513872
5.53694
1.47245
0.352436
1.13023
1.98978
9.0513
15.5037
4.45214
0.819969
0.0923398
3.61276
5.28537
0.214676
2.0461
4.08912
2.1288
1.49776
0.436106
2.15267
4.41919
6.11538
3.20645
5.05952
3.44059
0.75221
8.43924
0.387362
4.50101
0.221541
2.23069
2.70304
1.60242
7.88905
3.25191
0.359271
0.164291
0.349944
0.295477
1.83221
2.01579
0.243382
2.55338
5.49104
0.333694
1.1527
0.265865
1.71719
5.53097
6.34344
0.228966
5.11125
3.83044
0.289588
0.378176
2.17447
0.142254
7.24289
1.24002
20.2407
0.282515
3.28822
6.51412
2.6821
7.27093
0.347671
4.5542
0.340673
2.77076
2.13876
2.15288
1.60724
1.82274
7.47806
0.235826
0.342831
3.05632
9.45655
5.25444
1.37432
2.66218
0.133951
0.286257
0.251922
0.450608
3.41521
5.17429
3.91331
5.89659
5.32872
2.51775
1.57869
4.88379
0.361929
1.89687
4.19166
6.09719
8.7501
0.325381
2.04165
0.186655
1.35181
0.30215
0.441053
3.02066
3.34884
0.866408
2.95981
11.2315
2.38168
0.271237
2.77655
0.586022
1.54755
2.34691
1.37017
1.98392
0.466173
0.909064
0.774806
1.02809
4.20327
7.04102
0.22975
0.269875
21.8201
1.1839
0.244656
1.30393
1.2282
0.342968
0.724925
7.29731
7.90804
9.36115
1.14125
1.91012
2.86762
0.292958
1.49408
6.2508
0.527454
7.07308
1.66994
0.285716
1.28054
0.4063
0.367264
1.31494
1.51906
1.2453
2.21551
1.4204
0.412413
1.18392
0.265246
8.62688
5.79198
0.602206
6.87647
1.80611
2.24982
1.21036
1.05786
8.73141
1.5482
0.962492
0.23914
0.351221
2.06067
1.7907
0.274043
8.92784
0.362284
8.09717
3.74731
0.528136
0.786437
2.48647
0.355301
12.9982
1.91164
5.00086
4.57981
1.5905
0.550397
11.1752
4.49412
0.104807
5.73885
15.1899
20.4996
0.247902
2.58058
2.70357
0.283197
1.8342
3.83714
5.4252
0.200449
0.200445
0.865602
0.202279
2.06296
0.718939
0.500503
0.216131
0.330054
8.21749
1.36146
8.33255
3.88933
0.518216
0.272563
1.79922
0.359842
0.0615308
3.0914
11.2664
0.660284
1.68373
1.0202
0.21774
2.81215
2.45036
1.07359
1.27866
1.76049
0.467834
1.87828
7.75784
1.75689
0.00610059
0.358113
1.25975
2.88051
0.218583
7.7828
5.73207
6.59912
1.67773
3.38008
22.5822
8.82725
2.2346
7.2228
0.183961
2.0526
9.36003
1.45318
2.09101
5.32605
2.21223
0.356991
0.360269
1.43523
8.47191
2.75356
2.47371
1.47998
2.00713
0.278877
0.19098
1.48675
0.404727
0.218833
13.1186
16.2615
9.29535
4.00149
4.00189
1.44265
0.361463
0.888403
1.86431
0.256712
2.49517
0.307978
0.985186
1.24054
1.0921
0.43195
5.1892
1.28514
2.35978
8.17181
1.33376
3.67733
0.790272
6.58121
7.87232
0.350266
2.04986
0.557846
6.323
4.40639
0.990431
4.39953
8.23851
8.62573
5.00272
0.421727
2.10878
1.02684
1.34127
1.44181
4.92979
1.78767
5.81231
1.71128
0.356776
5.60385
0.28322
10.5
0.0842487
1.47948
0.214104
0.352462
0.627352
1.78452
1.58943
10.4263
0.169302
1.83366
1.16035
1.39781
0.829329
4.19083
0.426662
1.95083
1.61612
0.635958
0.267144
2.41201
0.710297
2.09908
7.38297
7.7041
1.55277
9.59186
1.31704
2.04333
0.352644
0.459951
6.03516
2.70152
0.358961
0.279856
9.52084
1.41642
3.86593
3.9658
2.22649
5.55099
8.12688
14.5931
1.53666
1.08641
9.24865
1.1589
1.34899
0.21678
4.7775
1.74824
7.70266
1.69379
7.61979
7.95269
0.290694
23.5063
1.76379
2.93892
2.49627
1.8044
7.57472
1.42968
0.276324
9.39436
0.55305
7.81585
0.736379
8.83521
4.12012
0.821495
1.09592
1.62121
1.83872
0.187756
19.4202
2.0719
2.02115
0.758257
2.97767
1.77331
2.43731
6.74549
4.16429
0.790138
1.12071
7.24516
3.12462
0.356234
0.294609
0.217708
0.36209
1.63402
7.84993
2.42118
1.7513
0.574497
2.43459
0.821314
1.97321
1.18598
0.353777
0.655742
0.222689
4.94709
7.03995
7.37776
0.951381
3.31034
8.76397
5.86807
0.216707
1.80283
12.0241
1.58277
3.44498
0.332496
6.63083
1.75902
0.361332
0.342081
0.280413
6.50319
0.258396
0.339609
5.94561
2.37677
1.68948
2.08385
1.90508
1.85041
1.41326
2.22484
2.19219
0.362537
2.11736
0.294819
2.0556
0.729673
23.0732
6.09829
2.1382
3.09248e-05
0.360006
1.47532
0.0812462
0.254936
10.0348
0.284897
2.90497
3.5974
2.54399
3.02172
0.288291
0.868797
4.43579
0.362891
1.71177
0.330467
1.7908
0.402323
1.77625
0.023835
1.8006
4.2779
0.845576
1.42755
4.21157
4.264
4.21521
0.379115
1.7367
1.87002
0.432357
2.70336
1.8623
2.38215
1.3772
0.987449
0.342811
5.19847
4.37241
0.355297
0.39929
8.87506
0.795516
1.41837
3.15304
7.56612
1.95937
5.28835
1.24551
0.409885
7.67028
1.84512
8.7336
1.82393
2.10653
6.30568
4.16579
0.330111
8.86474
0.305834
1.98041
4.05975
8.56348
5.77204
1.77368
2.07653
3.66393
0.851411
0.354566
0.226269
1.99105
0.311381
0.0326782
9.11259
0.229989
0.380261
7.98541
8.44774
2.05933
0.577556
0.675791
1.17551
1.72318
0.368856
1.25021
1.83848
6.01593
0.313726
2.67557
1.65925
0.115313
0.292728
0.126015
2.25048
0.282198
0.156744
21.7457
0.195294
1.02959
6.31838
9.16117
8.64828
1.3439
0.213568
10.4599
0.449745
1.23984
3.87495
0.462232
8.30809
8.04935
2.07985
0.337051
6.95628
4.66493
1.87203
1.43931
1.24814
8.09696
4.22021
1.34575
0.0211372
1.90839
0.423616
0.309185
0.394284
1.85773
3.59801
1.00814
0.278333
2.08603
1.87471
0.14826
2.0141
5.60217
7.42787
2.39595
0.296794
0.390212
1.74373
18.5683
2.32858
4.32655
1.16753
9.95082
2.06845
4.89439
0.871692
0.640671
10.8879
1.90168
0.244311
1.55408
10.3134
0.190764
7.32595
6.59629
2.06597
4.17722
4.64792
1.68477
1.53694
19.4794
1.85534
0.126293
1.91306
0.124237
1.86153
2.65447
0.477248
2.65605
0.227959
0.560033
1.04582
2.76629
1.8927
5.87879
12.0885
0.690884
7.07706
6.13264
0.342476
0.185436
5.78417
1.71844
1.97311
1.71816
5.93088
7.34651
3.03416
2.217
1.90633
0.370961
11.0649
1.04665
1.14184
2.14528
2.67938
0.822158
2.2464
2.08629
7.87496
0.954429
2.31487
0.289377
2.23051
0.373003
0.333167
7.75823
7.0166
5.5339
1.564
0.357019
0.216943
1.79362
5.94153
8.85961
9.48801
0.377586
0.553548
1.57677
1.50691
0.633336
11.1448
4.43431
5.4595
1.44396
4.12963
4.31823
1.11057
4.68752
1.43191
3.56174
1.28011
0.034852
1.51341
0.337434
2.06096
2.1269
1.82684
3.07736
2.03254
1.04925
0.250361
1.73889
3.15888
3.58693
4.04764
3.59365
0.333395
5.12711
1.45556
1.26352
2.99019
1.88153
3.27203
4.33725
1.49618
0.357732
1.46092
0.380528
1.07613
0.110236
4.90532
1.00251
0.236787
5.62772
0.208677
0.886305
5.73669
14.1711
0.186646
3.36417
0.0944986
0.282156
0.284069
0.300025
0.383295
1.17625
2.00864
1.61733
0.562729
0.215141
1.39229
5.23201
1.42464
2.41055
0.430003
3.38116
6.15711
1.76597
5.70833
0.348482
3.37701
2.5973
0.773953
6.77079
0.350314
10.7059
1.68945
5.8627
1.59328
0.266537
0.256624
1.38578
0.159768
2.05091
3.13915
1.13124
0.434774
0.878186
4.07884
2.93813
2.51498
8.2813
1.24111
1.5092
0.303108
5.5321
9.18532
6.28903
0.458591
2.15941
1.8169
1.92454
5.93
2.07089
1.679
0.346831
9.23296
4.39
0.237919
3.18096
1.85128
7.70271
0.289634
1.61135
7.9694
1.7907
2.82956
0.237696
0.328228
9.37979
6.74141
1.33722
0.523191
1.32582
1.68906
1.56842
1.66904
1.76095
0.123232
0.299686
11.2033
8.23814
1.26312
8.18411
0.245786
11.7696
5.82945
0.245043
1.45988
0.670296
0.428543
8.07911
0.304479
2.2005
2.98684
2.11044
1.99155
2.46786
2.2917
0.376814
1.88095
2.2701
1.21769
3.94117
1.23535
3.79386
3.09685
1.84068
0.805493
1.69473
8.85347
2.16347
1.45088
0.684142
2.2871
0.230543
6.02314
0.0380002
0.354605
1.55932
1.74572
6.52987
2.05823
13.9737
0.23317
3.06075
2.81765
0.357891
10.2645
7.90064
0.295505
8.15445
1.38663
0.245595
11.5106
12.0715
8.78463
0.286019
9.4016
1.74064
0.225235
6.45636
7.87766
6.83504
2.68821
2.10704
0.36521
0.320463
0.340501
7.44353
0.296733
1.26677
8.52873
22.7569
0.782827
3.93607
0.288017
1.38603
6.44333
6.85116
0.353719
0.567475
0.170461
2.28158
1.94912
4.31913
0.188694
0.517837
0.352897
0.660735
1.18987
1.91794
1.88293
0.316345
0.33982
7.20419
8.34574
9.08625
8.36126
0.306515
2.40864
0.3218
9.9363
6.76859
2.4937
17.8265
0.568475
0.289948
9.38843
0.959934
2.18448
0.102548
0.352055
1.65471
0.368456
0.368009
2.3715
5.85083
1.16797
8.98532
11.6549
0.276442
0.245685
1.98955
0.332249
9.2744
3.01185
1.74337
0.817004
8.38412
0.228564
0.349766
0.0679718
9.2105
0.958315
6.29677
6.38414
0.339096
6.75444
1.66571
4.97352
2.60853
3.37256
9.29177
0.127585
2.16832
2.18501
2.30874
20.6563
1.74099
4.78595
1.1801
2.27011
0.994197
6.6811
0.354295
0.378919
5.21585
0.304524
11.4386
0.223335
4.99778
9.20752
9.16008
1.80081
2.19462
4.69943
2.44974
0.332814
0.342377
5.1155
13.248
4.3052
0.224564
4.27904
0.233854
7.10405
9.30519
5.84665
2.15934
4.8904
21.038
2.99489
6.85047
0.35775
6.25508
1.86948
1.36124
9.66032
0.049708
2.4272
0.231804
6.58291
1.39539
1.80467
1.8821
5.69213
8.35246
5.02207
0.361342
0.396937
0.393161
4.42138
5.69386
0.64428
0.385963
6.81828
4.87289
8.53794
4.00898
1.53866
2.10015
3.54372
6.66129
5.69223
1.16624
0.246463
0.30347
2.75925
1.01596
0.520193
0.242249
4.34677
5.8817
9.38878
0.273218
0.221907
1.64808
7.60034
4.17768
7.48102
1.5423
0.359591
0.347573
1.23094
2.8262
1.20938
7.37675
0.674428
0.260723
5.72089
2.60317
5.57229
1.98811
4.63921
2.28245
0.576236
4.7097
0.346034
2.58671
1.38585
6.58193
2.12498
5.53361
7.87359
6.13692
4.06498
1.55272
14.4588
1.52425
7.27177
1.50817
0.363558
3.64479
1.29018
5.91942
0.34773
1.14766
0.326292
2.61261
0.35955
2.61538
2.09618
7.46012
1.57138
5.07779
0.38899
4.21148
0.376645
11.6215
0.309448
1.53699
1.45143
0.390032
22.6431
0.369903
0.449768
0.658356
6.06043
7.90153
8.92813
1.16192
6.57094
0.250083
19.1232
0.629911
19.6807
8.08485
2.19654
0.262792
1.06152
0.265762
7.43999
5.86349
1.85253
2.48684
8.53197
4.47494
2.02975
0.104012
0.669003
0.35963
1.91683
1.81704
0.232859
3.54388
1.22427
8.21485
2.38906
1.90218
4.03582
1.07352
1.01726
7.70472
1.35805
0.0459868
0.256985
0.415794
1.18345
1.99312
1.06817
9.47605
1.77624
1.60523
2.1652
1.86215
0.302264
1.87705
1.70201
2.09708
7.2615
9.24153
2.19004
5.19959
2.18627
10.1144
8.28072
6.19031
0.327486
0.994741
0.634988
1.64774
6.1862
0.31927
0.966672
0.973072
0.349897
5.22488
1.44274
8.6461
3.56915
1.45074
4.40548
0.990559
0.23202
11.8733
0.53291
4.05723
7.83941
5.93843
1.63056
0.381626
1.90013
23.4504
2.87721
0.0966696
1.59426
0.294382
0.246769
7.73661
0.284984
2.73151
3.81117
1.48384
1.50358
2.5041
3.96413
0.25015
5.23341
3.39471
0.561531
0.299554
0.245255
1.91885
3.86369
3.23757
2.73435
6.64557
0.278099
3.95583
2.05831
1.37611
4.56829
2.25244
2.15979
4.18932
0.607844
0.186895
0.205978
3.1313
1.22423
1.53036
1.60682
1.00265
1.0556
0.997145
0.214121
3.04224
0.346879
1.25567
23.4761
0.0828337
0.223934
10.8246
1.20955
7.41098
0.25091
8.68925
0.356813
13.671
9.39988
5.37535
1.51561
4.80118
0.515034
14.0696
5.78327
0.369481
0.402364
0.964984
1.93677
3.68874
6.31772
0.3193
2.21284
20.3026
0.256233
1.66889
1.6881
0.72572
1.48941
2.2235
7.83444
5.92589
3.94201
0.703168
0.375356
2.82383
7.17883
1.50857
0.866226
0.400331
0.721907
0.339209
7.10862
15.1334
1.1822
5.02068
0.255863
9.41309
1.25758
5.5281
2.24702
0.226971
3.52911
8.07681
1.64458
0.378728
0.233235
6.05336
1.5133
0.334878
10.068
1.56083
0.872406
1.01299
3.26747
1.52089
3.92606
7.71845
1.90478
0.364818
2.17779
4.03227
4.4291
1.73572
0.607376
1.68038
1.60523
0.352697
8.90663
1.64446
2.62361
1.41587
0.952672
5.59338
1.18296
4.96757
1.53153
8.78464
0.347717
3.9869
0.360514
1.19273
1.36502
6.10921
1.48741
17.3337
5.04391
22.9873
0.117854
10.4234
1.21906
0.219868
1.06545
9.23614
4.61451
0.190891
6.12658
9.55667
6.78298
1.67565
0.327648
0.703934
1.85661
9.46021
3.59851
1.13197
5.55989
4.34595
6.66737
1.05866
1.58395
6.8429
6.21638
0.857355
0.227702
6.17123
1.28305
0.349813
7.46173
9.80081
9.18047
0.277958
0.291292
1.80061
1.83798
2.43491
1.89151
1.62157
4.52372
6.54507
16.4959
1.49254
1.50442
2.80004
1.40624
22.4849
1.91014
9.42817
0.352438
1.57062
8.37648
0.350903
1.12837
4.51153
0.777383
0.744999
0.403302
0.213396
5.17411
0.340802
2.25579
0.114589
0.166002
6.99833
5.908
14.9174
11.636
20.3565
4.36434
2.99675
6.7906
2.14777
1.84947
1.36016
0.990908
9.20028
3.69192
8.07436
2.69202
9.04005
3.20879
1.68634
11.9403
0.32374
7.76156
7.75303
5.7255
1.75623
1.75053
1.50818
2.84299
0.969868
2.1226
3.91381
16.6376
2.43447
1.1997
0.221356
1.5176
5.3161
2.0807
0.300777
1.13765
0.870624
2.70773
1.13733
0.228051
0.237513
1.27213
5.51083
0.293707
2.05442
0.29512
19.7531
21.5719
5.70085
1.51671
1.13539
0.428221
0.330472
11.9621
0.754081
0.211837
7.83687
4.04879
0.186154
0.623969
1.17634
0.345648
2.35539
5.14371
0.839243
8.5579
1.12016
11.9292
0.337684
1.5037
3.11631
1.7337
5.96591
0.830071
2.64884
5.35966
8.67342
0.261811
1.54017
1.52908
0.215269
1.62913
1.89918
4.38972
10.2411
0.475702
0.371717
2.20819
1.75384
0.956859
2.26138
0.283539
9.74079
1.4721
5.00384
5.07666
0.268175
6.7483
0.271583
2.29807
0.374964
6.14295
4.41125
7.70647
2.92552
1.70921
0.351719
0.58859
0.236319
5.01758
4.73852
0.249525
0.346227
11.8644
3.92081
0.192342
1.47416
0.8945
2.54902
1.65218
0.244497
4.0651
1.3934
0.287934
0.865121
0.292217
0.29296
0.218336
1.27482
0.193185
0.254583
2.24485
0.355258
11.7765
2.09181
1.53032
12.5223
0.350112
1.93783
15.7512
2.62152
1.6912
0.417096
0.360375
5.20727
0.421334
1.29587
0.867512
10.6795
0.131996
1.04732
1.77734
1.53331
3.85165
3.12006
7.20415
3.7543
0.158117
1.1196
3.51485
0.245692
6.19983
4.0847
1.66558
1.64907
11.3568
1.22326
1.89369
8.11271
1.90209
10.8351
2.60115
1.56433
1.69567
2.20128
0.309845
1.51744
13.3673
0.0805136
2.34416
1.53898
7.24482
0.242945
2.15019
2.36773
4.19725
0.418994
0.221669
2.12525
7.37535
4.18157
3.10693
4.57806
18.7228
8.52217
12.8739
5.72216
0.342852
0.133472
4.33145
2.50181
7.62118
2.33848
0.689556
0.336132
0.355493
0.346655
13.5172
1.28823
2.51388
0.682655
3.54277
0.346544
0.71154
0.320932
1.96945
4.83694
0.0678384
0.395035
0.379687
6.88491
0.393973
9.25318
5.30057
1.32958
0.452818
0.563707
4.72933
5.76619
0.365584
2.25529
2.06266
0.38907
0.361208
0.243944
0.984204
9.38835
5.64869
2.45182
0.246165
0.40262
20.4641
1.67062
8.57119
2.62732
1.78215
0.375565
4.3577
4.36452
0.377574
1.82403
1.85652
0.345921
2.47416
1.31598
0.889241
1.01183
0.279426
0.255209
2.87894
18.2081
0.286653
9.26524
8.44892
8.95891
0.951464
1.09385
1.1429
8.14988
0.265945
2.14728
0.789127
4.93798
7.60201
7.54733
1.02598
6.1798
9.07494
0.339029
0.0425976
1.54991
0.651794
5.53483
0.350436
1.30472
0.260612
2.40817
1.73463
14.6087
1.06184
0.762787
4.47703
0.298124
1.40138
2.92394
2.46911
0.932724
5.69525
7.26374
0.393554
4.1859
10.1403
0.261451
0.168352
0.236104
0.358058
2.99325
3.69813
0.208541
2.39306
1.51851
0.289602
2.11448
3.8626
0.384347
0.778658
0.229357
5.67326
5.74425
0.33516
0.693098
3.89216
5.85133
0.742907
0.393114
7.55052
8.17852
3.17577
2.81735
1.53635
2.13345
3.83269
23.0029
1.20879
0.374866
0.823311
2.64053
0.823271
9.66187
0.426296
0.36763
1.39187
1.74932
11.0396
7.53471
7.86355
7.5853
2.76714
0.252816
13.0578
2.25157
12.534
4.29556
1.53176
0.116984
11.737
7.34806
2.06326
1.58755
0.509399
0.129596
0.528203
0.187599
0.0959282
4.42731
4.69713
0.785737
0.290336
1.74244
1.21443
0.791509
2.53833
0.36648
6.87822
1.98787
0.0191673
0.456588
3.09158
0.918013
7.33864
0.232902
0.260014
0.357768
0.24111
1.28732
1.02677
4.66472
1.71443
0.354616
3.55696
1.31612
9.46683
0.437075
1.9153
1.86861
1.48255
8.27792
0.379031
1.23978
0.293387
2.06858
0.891024
2.83172
0.339482
0.240694
0.1992
0.00256367
11.8744
0.233415
0.890585
7.39824
6.26807
0.794541
1.66072
7.07572
0.230252
2.21457
2.25109
0.336785
9.38576
8.18346
0.0861946
8.67293
5.43627
1.55873
2.14558
2.50885
2.50402
6.06969
1.69987
0.234648
0.318062
0.236506
5.4935
0.130218
1.65681
1.51208
1.91606
6.32391
8.73906
8.74094
1.13523
1.53681
0.987574
0.23872
7.10784
1.83675
0.643404
0.748266
0.918619
2.62377
1.53015
7.96565
9.83022
5.41393
4.67622
4.04177
1.34908
7.33741
2.69252
0.161235
2.48882
5.29086
0.22799
0.306877
4.01936
8.89883
1.96423
8.54023
1.79494
0.230481
0.755172
0.211837
0.236276
3.01919
2.4233
0.341593
7.07333
7.16853
2.05188
21.0377
0.486679
1.64593
2.19578
0.401212
0.92658
4.58218
0.391945
5.93245
12.3496
1.40076
1.67674
1.01419
0.869778
0.359322
2.04245
4.63108
13.5288
1.1944
4.32307
0.312608
0.376354
0.83341
5.15903
0.356434
2.3106
11.3123
0.302585
11.422
2.00419
0.218694
0.59029
3.93916
0.345206
4.08683
7.76739
0.355593
0.203772
0.344923
0.722455
0.366667
2.23444
2.01587
7.14011
0.645247
22.042
0.860691
0.101317
6.17905
0.57683
19.138
1.59118
0.917225
7.55422
1.13255
1.61077
0.0877539
1.68691
5.41277
5.87728
0.395377
2.72925
0.347661
1.27286
8.9113
0.306906
8.72865
0.83144
1.47464
1.40922
3.78837
0.69696
1.08172
1.47001
1.66324
9.53557
0.1185
0.295106
1.40906
2.88619
1.73333
0.934158
0.353716
3.94973
1.78167
8.07312
1.81139
5.34509
2.02685
0.336163
2.38098
11.6753
0.400723
0.537356
0.316453
2.23832
0.407939
5.33986
15.2776
21.0424
3.19861
9.06269
8.74861
5.20595
1.82194
0.230208
2.67495
0.523545
0.351795
4.98496
0.0270176
5.97426
2.5781
0.764901
0.116115
6.63797
5.89132
0.245534
1.7571
1.76597
8.24506
1.02227
7.39555
2.44549
0.357638
11.8053
5.43472
1.54668
0.282814
2.12158
0.240015
0.674889
1.48569
1.46763
4.31223
0.35476
0.214537
0.533957
21.5401
1.57157
3.9084
0.25844
0.424635
3.95341
21.7053
10.9379
7.03824
0.198984
0.251592
1.67777
2.27605
7.66375
5.20664
7.94336
0.79016
0.307907
11.5028
4.1084
0.351409
3.38994
5.26642
0.862619
2.43045
1.58476
2.35681
0.295553
0.231459
2.17263
0.345109
5.24476
1.31351
1.0246
0.82101
1.96567
4.21985
2.6636
18.1968
1.7572
5.83416
3.5549
20.8954
1.93473
6.9867
9.84492
3.34667
2.63885
7.71266
2.5933
0.263101
0.366135
8.38894
1.8232
0.230083
5.51725
1.55049
0.301645
0.234487
0.238675
4.12486
8.36314
2.58678
8.37552
3.47518
0.878703
0.330772
0.376911
0.358262
1.78884
16.817
0.143525
2.21586
4.00383
8.32425
0.725843
2.04342
1.69922
2.64547
1.82226
0.227466
1.09745
0.290001
0.345906
0.319728
0.34247
8.18476
6.55074
5.92542
4.83482
3.59048
1.60173
2.18691
1.21662
8.20212
11.7347
6.83877
4.92668
0.805634
0.219494
1.55186
1.2453
1.64785
5.77833
7.13749
10.1787
4.48162
18.3413
2.8106
1.96981
7.75709
0.692666
1.23317
0.261647
5.17038
4.39589
7.62721
4.28362
0.273946
4.93007
2.2874
1.67791
4.09352
17.2225
2.57716
3.7506
1.93591
1.44294
12.5028
1.09035
0.361152
0.268587
6.10402
0.0569553
0.975444
1.72691
1.82961
0.376762
0.338066
1.75167
4.74346
0.111485
2.60653
0.320034
0.24709
0.351744
1.50834
2.34763
4.03273
2.43785
0.0495768
0.379025
1.83333
10.3492
2.18521
5.27295
1.11426
0.239351
0.217481
2.98731
0.604347
1.66088
0.304312
7.51955
1.01652
17.8108
8.93653
4.84974
0.347515
1.16222
9.07972
0.42781
2.08431
0.209641
0.356494
7.38833
0.369574
8.38
2.03081
0.353476
7.0181
16.0383
3.27757
0.38858
11.1942
17.7915
20.6053
0.413358
10.6147
0.92686
2.9613
5.14736
7.82065
5.59388
5.43737
1.72609
11.8818
0.342846
2.45642
1.56658
0.345709
11.7129
0.352871
2.44081
0.224122
7.50159
0.919294
8.42523
1.24562
4.38294
7.36674
11.6694
4.95282
1.8746
7.92304
0.269851
0.323049
3.50485
0.400602
1.60796
1.36727
5.83964
6.92006
0.678346
5.65915
0.355038
1.3129
8.14281
1.00338
0.0933172
2.41285
13.0328
0.32123
8.61267
1.62704
2.25365
6.14812
2.65204
0.297727
11.8166
7.45908
2.24322
0.930883
0.348333
1.9062
22.4662
0.362132
3.55701
5.7411
2.32693
6.98953
0.799411
5.69312
2.38051
13.5105
2.13133
0.28306
0.436794
11.5582
7.95457
2.36825
0.327775
11.9355
1.2435
5.73377
7.93073
0.371881
0.360179
7.05762
4.10979
1.72506
7.63277
1.90726
3.74663
0.116777
1.48384
0.33456
11.9306
3.51709
1.98322
11.6986
22.9932
1.90285
1.00312
0.35485
1.43317
11.8707
0.342418
0.426513
10.2064
0.945682
0.231755
2.12583
15.4663
0.802346
8.21791
0.219624
8.26511
2.62115
0.355791
0.351309
11.7964
15.7006
0.853692
1.55845
8.28096
4.95112
1.28815
0.303881
0.451048
9.42424
1.91542
3.73604
1.50905
0.346042
5.37657
6.212
2.27404
3.52056
0.349319
1.06253
3.67369
21.0487
0.751202
5.20595
0.382486
1.75305
19.8875
6.9078
1.2887
0.442567
8.44419
2.55083
11.1726
0.37
0.272931
1.72617
0.370406
0.219253
0.383127
4.43491
19.6582
2.80996
2.39845
11.5019
0.218992
14.6949
3.3716
0.259013
0.403891
2.24817
2.00874
0.393696
4.71873
0.245885
1.97079
15.9161
2.11736
0.34314
1.68311
1.58855
18.5212
12.9072
5.29905
1.67877
2.04594
1.76072
0.284059
0.356
6.85818
11.4058
19.8125
2.4749
0.786998
2.66018
1.516
1.70165
0.314603
1.54739
1.50253
16.4528
21.0552
17.1481
19.4232
0.390072
1.61982
2.13553
0.384992
3.7531
7.78719
0.43327
0.0966195
0.0876458
0.236515
1.03898
2.23315
2.00622
7.2422
1.83266
1.01645
0.32821
1.60203
4.12254
12.2185
19.6413
6.71564
0.467799
1.80507
1.16206
1.43822
1.8441
2.59472
23.2216
1.846
0.38271
11.2623
0.245397
1.8474
18.4536
0.407222
0.394894
0.337216
10.7334
11.0326
11.2805
23.3079
1.81063
7.52306
15.8819
1.59332
22.0813
1.90994
4.14663
7.72775
0.447823
1.52913
0.420042
10.3654
1.8642
1.63912
1.82781
23.4649
1.55858
1.61467
1.79503
6.57795
22.8311
0.441506
7.61402
0.484837
0.487992
1.69201
0.481546
0.474768
0.458369
0.462125
9.72433
9.09839
8.33244
8.71955
7.97103
1.80667
1.72021
0.36895
)
;

boundaryField
{
    back
    {
        type            empty;
    }
    front
    {
        type            empty;
    }
    outlet
    {
        type            zeroGradient;
    }
    circle
    {
        type            fixedValue;
        value           uniform 0;
    }
    walls
    {
        type            fixedValue;
        value           uniform 0;
    }
    inlet
    {
        type            fixedValue;
        value           uniform 0;
    }
}


// ************************************************************************* //
