/*--------------------------------*- C++ -*----------------------------------*\
  =========                 |
  \\      /  F ield         | OpenFOAM: The Open Source CFD Toolbox
   \\    /   O peration     | Website:  https://openfoam.org
    \\  /    A nd           | Version:  10
     \\/     M anipulation  |
\*---------------------------------------------------------------------------*/
FoamFile
{
    format      ascii;
    class       volScalarField;
    location    "950";
    object      p;
}
// * * * * * * * * * * * * * * * * * * * * * * * * * * * * * * * * * * * * * //

dimensions      [0 2 -2 0 0 0 0];

internalField   nonuniform List<scalar> 
10435
(
0.00296106
0.250391
-9.67288
-2.20011
-4.72817
-8.65145
-9.84665
-9.59708
-9.89925
-9.47594
-0.639154
-5.86058
-9.87332
0.28363
0.428729
-9.25492
0.0729533
-9.85878
-10.5269
-0.298467
-9.9728
-2.52021
-9.42208
-8.50923
-9.04773
-0.974409
-1.59525
-10.0567
-1.52834
-9.25589
-8.19388
-1.1693
-9.97793
-0.665697
-9.0702
1.05992
-8.92199
-2.74357
-0.264232
-9.34739
-9.40803
-10.1591
0.422224
-1.06468
-8.675
-9.3423
-9.18894
-0.373294
-9.78653
-3.2808
-9.62689
-8.04809
-0.844046
-1.61943
0.166938
-1.60277
-8.79678
-1.46984
-0.491375
-8.88744
-0.655518
0.585918
-1.14226
-7.16673
-9.01643
-9.64532
-0.59362
-0.905933
-9.97281
-8.06862
-0.892903
-1.67854
0.948387
-9.45923
0.417785
0.878765
-6.77674
-10.0881
-10.0335
0.248387
-4.80862
-0.209266
-0.584201
-1.11459
-5.63506
0.933047
0.570706
-0.774379
1.01624
0.328592
-1.29469
-1.81417
-0.512512
0.809879
0.0578516
1.18942
-2.84276
0.864643
0.218224
-3.42714
0.181264
-5.60384
0.746117
-0.330721
-6.58954
-1.60522
-0.874813
-3.98853
-6.53494
0.323814
-2.54687
-4.60278
0.0500862
0.099473
-2.06329
-1.84391
-4.1653
0.780136
-0.499723
-4.33441
-4.81903
1.06817
0.569946
1.34874
-1.61865
-0.746508
-3.60445
1.16646
-4.23137
-2.12216
1.38004
-0.875526
-9.33258
0.233378
-1.30611
0.719476
1.43897
-2.93996
-0.0680376
-1.2642
-0.754961
-8.58904
-0.291856
-6.59226
-3.2496
0.811704
1.5131
-7.78673
0.316445
-7.26516
-0.43646
-8.52796
0.107135
-7.42035
-8.5505
-0.568954
-2.53967
0.29917
-8.99968
0.191
-7.92137
0.174647
-1.5698
-5.65767
0.633446
-5.61455
-9.81283
-4.551
-7.2931
-6.79761
-9.07342
0.273464
-2.63224
0.938613
-7.14527
0.60829
0.853765
-0.273087
-1.89942
-0.852621
-0.162344
-8.3235
-6.32535
-0.89587
-8.77742
0.441238
0.367313
-10.0113
-5.41505
-7.55766
-5.71486
-0.36448
-0.751743
1.33248
-3.54346
-9.9942
0.603626
0.995095
-0.197679
-9.14284
1.09984
-0.0250054
-9.98638
-1.09962
-9.82299
-2.78531
-1.01516
-3.7574
-1.36735
-4.10941
0.11786
-9.28163
-6.06809
-6.15328
-0.903495
0.466493
0.390327
-0.0832746
-3.37169
0.0720675
-0.927306
-0.542357
-0.379777
1.1711
-1.03673
-9.36093
-2.8438
0.994006
-8.22516
0.863501
-0.445486
-9.52982
-2.96849
-8.16912
-1.93809
-0.0423993
-8.61827
-2.00041
-8.0538
-8.75233
-0.597678
-0.683424
-0.0541126
-1.55559
-2.38063
-9.98433
1.27644
-10.1487
-5.12994
0.916469
-5.10999
0.564439
-9.80632
-4.93059
-10.4222
-5.37731
-6.88684
-10.5013
-0.547584
-0.908907
-10.7613
-8.54379
-1.5563
-7.15456
0.448865
0.0782188
-0.182323
-9.15883
-0.129781
-3.55627
-10.4473
-11.2111
-11.1708
-9.62533
-3.98953
-5.13302
-0.767821
-3.57304
-9.89617
-10.9454
-9.52924
0.00291874
-10.3084
0.520926
0.531174
0.145048
-6.66775
-2.50072
-0.938757
-1.20813
1.38224
-0.283136
-1.51218
-10.941
-2.11857
-6.03777
0.645818
0.260599
-2.58905
-8.8776
-0.526752
-7.3882
-10.3461
-6.60552
-1.84286
0.568587
0.507849
-7.79734
-9.13463
-0.845663
-1.38807
-1.54096
1.14312
-6.8189
-9.511
-6.87231
-0.160308
-7.90018
-0.658753
-5.238
-7.4638
-2.46192
0.361596
-0.0527356
-10.4023
-9.76052
-5.13653
-10.3633
-0.365233
-1.57524
-9.67663
-1.18941
-0.799887
-9.93064
-7.60282
-1.28515
-1.0791
-2.50228
-0.361832
-2.3954
-6.17322
-0.675053
-0.363013
-5.19241
-7.60708
-1.5375
-1.09605
0.294543
0.169327
-10.0277
-0.58357
-9.29802
-4.86922
-10.3207
-11.056
-10.6365
-10.2294
-9.41452
-1.57546
-0.761459
-2.59111
-0.437237
-1.70948
-0.532595
-2.51197
-6.65045
-1.40801
-6.55651
-0.924114
-10.0322
-0.486178
-7.22081
-10.1006
-10.9137
0.166564
-6.87499
-2.59742
-2.17896
-0.851868
-1.19357
-8.83291
-2.00763
-10.5876
-0.813526
-10.2424
-10.4934
-10.2986
-10.1962
-10.7947
-10.1943
-9.30243
1.20059
-0.112247
-1.27467
-0.316577
-9.96322
-1.09457
-9.97149
-7.59281
-1.49026
-9.78641
-0.298311
-0.80905
-9.37824
-3.09499
-10.3312
-7.54263
0.148217
-1.12159
-5.29213
-9.48425
-5.72576
-0.885443
-1.40261
-1.54313
-0.43216
-1.14368
-9.8642
-4.09808
-2.00176
-1.59476
0.105019
-9.75282
0.423266
0.623897
-9.45047
-0.411161
60.8439
17.3268
29.7614
20.9109
22.6459
19.0006
17.978
16.0569
12.1377
51.3936
15.5314
24.2817
17.8742
18.9159
16.4586
15.6241
14.0825
12.5422
40.7908
12.3989
19.4204
15.0763
15.7028
14.0473
13.3218
12.0994
10.7468
31.4243
8.91237
14.7248
12.0646
12.5772
11.5878
11.0925
10.2485
9.19896
22.8421
5.84169
10.5576
9.21237
9.69735
9.20562
8.9537
8.49295
7.72184
14.9985
3.73044
7.12408
6.74813
7.18968
7.0389
6.965
6.74326
6.35525
8.35052
3.05603
4.57815
4.80846
5.1492
5.20883
5.25538
5.20951
5.08308
3.30981
3.28188
2.83235
3.38051
3.5946
3.76759
3.88386
3.95945
3.6981
-0.154811
3.08656
1.57181
2.34195
2.47999
2.71145
2.86288
2.97591
3.00548
-2.27802
2.18011
0.671061
1.61644
1.74312
2.00344
2.17609
2.32247
2.39446
-3.46061
1.19515
0.175016
1.18201
1.31854
1.57659
1.75037
1.90198
2.05841
-3.62526
0.864458
0.131061
1.01103
1.13073
1.35232
1.50277
1.62507
1.89771
-2.78858
1.1145
0.441666
1.02467
1.09323
1.25812
1.37833
1.49994
1.62769
-1.93615
1.42741
0.783658
1.0893
1.11073
1.22266
1.31803
1.43529
1.50448
-1.40966
1.58892
1.02245
1.13024
1.12375
1.19612
1.27263
1.3724
1.4612
-0.95088
1.5996
1.14097
1.12183
1.10744
1.1569
1.22311
1.30867
1.41647
-0.710507
1.37802
1.11206
1.05184
1.05295
1.09679
1.16071
1.23491
1.38619
-0.715279
0.951813
0.947486
0.928476
0.964886
1.01827
1.08802
1.16511
1.29854
-0.718679
0.545356
0.75139
0.786515
0.857758
0.924771
0.999977
1.08061
1.17738
-0.653214
0.283119
0.57277
0.64819
0.744128
0.825601
0.908746
0.997629
1.10345
-0.669572
0.12157
0.406446
0.517862
0.62748
0.720506
0.808822
0.905685
0.977745
-0.836056
0.0549592
0.247309
0.394815
0.507753
0.609573
0.703451
0.813362
0.795565
-1.21261
0.127917
0.112167
0.294212
0.402419
0.507013
0.603914
0.715182
0.672124
-1.69072
0.252292
-0.108708
0.0991396
0.210468
0.330018
0.461307
0.608517
0.548208
-1.7826
0.718816
0.173488
0.356322
0.420769
0.438269
0.526282
0.666177
-0.0577001
11.372
11.1803
11.2847
11.6754
12.1601
12.7742
13.5211
14.4028
15.414
16.5372
17.7541
19.0418
20.3663
21.7008
23.0109
24.2532
25.4024
26.4267
27.3014
28.0216
28.6498
29.3185
29.7616
29.54
29.1622
29.3585
30.1332
31.0914
31.8962
32.7632
33.7427
34.4216
34.6928
34.752
34.6949
34.5378
34.3037
34.0709
33.8821
33.8277
33.9868
34.5002
35.389
36.5324
37.9132
39.5988
41.6357
43.8546
46.0804
48.4235
50.9774
53.657
56.3553
58.8641
60.9945
62.77
64.1424
64.8963
65.3971
1.14692
0.54802
0.075076
-0.382789
-0.813458
-1.20503
-1.55098
-1.83795
-2.08142
-2.33294
-2.58828
-2.78449
-2.89433
-2.91889
-2.85489
-2.70027
-2.45421
-2.11365
-1.67178
-1.11764
-0.431791
0.408777
1.39559
2.49617
3.39826
3.79272
3.66137
3.00568
2.20256
1.58514
1.14946
0.84149
0.605786
0.425951
0.297009
0.21556
0.188117
0.22785
0.347818
0.558409
0.861903
1.25733
1.75012
2.20969
2.46292
2.47513
2.29208
2.08538
2.01153
1.933
1.775
1.6467
1.77266
2.44628
3.60645
5.09263
7.13063
9.46573
11.9925
4.99604
5.0492
5.07673
5.16398
5.29157
5.45746
5.66038
5.8986
6.16879
6.4696
6.8065
7.18133
7.59158
8.0327
8.50134
8.99286
9.50263
10.0266
10.5621
11.106
11.6559
12.2039
12.7242
13.175
13.5188
13.7723
13.9402
13.995
13.9537
13.8997
13.8519
13.8027
13.7469
13.6952
13.6577
13.6445
13.6673
13.7392
13.8737
14.0824
14.3771
14.7647
15.2544
15.8421
16.5324
17.3338
18.2692
19.4417
20.9294
22.5681
24.1194
25.5704
27.0601
28.5731
29.9954
31.2617
32.3245
33.2567
33.6642
1.83019
1.59742
1.43339
1.30595
1.20719
1.14014
1.1051
1.10274
1.13277
1.19426
1.28819
1.41746
1.5843
1.79122
2.03941
2.32947
2.66077
3.03087
3.43656
3.87191
4.32912
4.79608
5.25502
5.68144
6.04387
6.31783
6.49116
6.56484
6.55869
6.50138
6.40963
6.2924
6.15565
6.00484
5.84417
5.67864
5.51287
5.35227
5.20381
5.0744
4.97302
4.90929
4.89709
4.9503
5.09002
5.34064
5.7303
6.28326
7.0109
8.02904
9.35037
10.7688
12.1803
13.5581
14.8755
16.1816
17.5051
18.8162
20.1369
3.13881
3.12926
3.12265
3.15826
3.22282
3.31459
3.43225
3.57445
3.73957
3.92567
4.13164
4.3562
4.59781
4.85584
5.12883
5.41567
5.71504
6.02441
6.34205
6.66445
6.98715
7.30364
7.60549
7.88357
8.12705
8.3299
8.48709
8.5985
8.66769
8.70257
8.71064
8.69616
8.66564
8.62544
8.5798
8.53692
8.50237
8.4811
8.48473
8.52179
8.60358
8.74281
8.95558
9.25882
9.67346
10.2175
10.91
11.7593
12.7581
13.9507
15.3563
16.852
18.3341
19.7119
20.9439
22.0521
23.0172
23.8757
24.4418
2.04803
1.9324
1.85597
1.81372
1.79736
1.80792
1.84586
1.91086
2.00289
2.12097
2.26586
2.43675
2.63346
2.85512
3.10031
3.36722
3.65365
3.9537
4.26708
4.58883
4.91416
5.23421
5.5406
5.82704
6.07854
6.29379
6.46329
6.58999
6.67308
6.7151
6.72274
6.69304
6.63495
6.55528
6.44993
6.33388
6.20624
6.06147
5.92355
5.79755
5.69663
5.6355
5.63181
5.70629
5.88432
6.18108
6.62266
7.21913
7.97953
8.90173
9.97609
11.1603
12.406
13.7265
15.0807
16.2807
17.243
18.1001
18.9462
2.36503
2.3267
2.30698
2.32033
2.35722
2.41734
2.49884
2.60232
2.72617
2.86715
3.02602
3.2007
3.39213
3.59786
3.81569
4.04522
4.28905
4.53182
4.7847
5.03931
5.29842
5.54959
5.78866
6.02235
6.21923
6.40086
6.54328
6.66339
6.75283
6.80884
6.84816
6.84426
6.81919
6.78805
6.71949
6.6618
6.60107
6.50258
6.4415
6.39465
6.37863
6.40552
6.48848
6.64638
6.91225
7.27328
7.77437
8.40311
9.17282
10.0744
11.0884
12.1803
13.2984
14.4336
15.5344
16.5206
17.3538
18.0613
18.6264
2.12028
2.03392
1.97641
1.95481
1.94971
1.97659
2.01659
2.09818
2.19767
2.28826
2.42669
2.57614
2.75369
2.95664
3.16895
3.41092
3.6731
3.87172
4.11051
4.36213
4.63928
4.89454
5.12649
5.39156
5.56012
5.75004
5.86498
5.98443
6.07268
6.12622
6.18784
6.15376
6.11271
6.10026
5.9643
5.92799
5.92393
5.6726
5.52582
5.38436
5.27151
5.19044
5.15042
5.17468
5.39898
5.59327
6.02064
6.4727
7.01189
7.71273
8.58073
9.592
10.604
11.6369
12.6852
13.6864
14.5687
15.4686
16.1886
2.12214
2.12475
2.10816
2.14406
2.18185
2.25404
2.31567
2.37245
2.48467
2.67591
2.72872
2.87934
3.08033
3.22879
3.45993
3.54935
3.80838
4.01927
4.24567
4.41315
4.65028
4.8325
5.0182
5.25998
5.36435
5.54326
5.61095
5.71808
5.85485
5.77352
5.96226
5.90428
5.78264
5.81815
5.64226
5.66883
5.45865
5.15387
5.24637
5.113
5.02539
5.01911
4.9352
4.96295
5.13186
5.24257
5.54268
5.85569
6.5368
7.21352
7.9152
8.70245
9.53774
10.5815
11.5255
12.3124
13.0866
12.895
13.6909
-6.058
-5.9223
-5.46272
-4.83273
-4.13029
-3.53527
-3.06674
-2.56658
-2.01937
-1.56621
-1.21277
-0.842911
-0.503962
-0.201874
0.240165
0.839069
1.49322
2.18009
2.93879
3.80397
4.77081
5.83234
7.05869
8.7168
10.3923
-0.215181
-0.144782
-0.329129
-0.475879
-0.387753
-0.143504
0.124415
0.415032
0.68092
0.755106
0.62106
0.410443
0.201083
0.0715442
0.147351
0.434373
0.762883
0.968484
1.00912
1.06489
1.27226
1.56772
1.90837
2.37379
2.50609
-1.35539
-1.29893
-1.19112
-1.04696
-0.812068
-0.536962
-0.269896
-0.0224393
0.180716
0.276833
0.26842
0.213798
0.152646
0.128143
0.203876
0.38885
0.636137
0.906537
1.18569
1.51151
1.91171
2.38181
2.9244
3.55699
4.37901
-0.870104
-0.833107
-0.715531
-0.597586
-0.441417
-0.266072
-0.0904564
0.0713109
0.204736
0.289057
0.326092
0.338662
0.348397
0.377
0.447707
0.564549
0.712325
0.875294
1.04621
1.23401
1.44455
1.6665
1.88057
2.04783
2.23622
-0.781305
-0.743597
-0.621414
-0.502203
-0.358756
-0.209301
-0.0615505
0.0719115
0.183862
0.265975
0.319558
0.357244
0.392899
0.438977
0.509266
0.608821
0.734838
0.883006
1.05146
1.24287
1.46322
1.70772
1.98856
2.30642
2.7791
-0.64832
-0.591689
-0.469177
-0.36269
-0.237184
-0.114244
0.00932921
0.11961
0.215193
0.292786
0.351258
0.399392
0.447288
0.500125
0.567386
0.652757
0.756404
0.877105
1.01318
1.16263
1.32693
1.50047
1.68549
1.85738
2.11245
-0.482825
-0.486193
-0.35412
-0.263858
-0.149513
-0.0462461
0.0638079
0.158945
0.244357
0.319302
0.377197
0.4276
0.481119
0.535868
0.60166
0.681324
0.776114
0.887126
1.01366
1.1519
1.30626
1.47881
1.67655
1.88213
2.20381
-0.321777
-0.400045
-0.248215
-0.177957
-0.0678275
0.0202305
0.126218
0.208608
0.282925
0.355346
0.407434
0.454234
0.51414
0.570313
0.634948
0.711568
0.800593
0.90383
1.02035
1.145
1.29087
1.44559
1.63238
1.83637
2.11088
-0.32008
-0.342855
-0.130954
-0.0910197
0.00686616
0.0559544
0.154458
0.218731
0.312471
0.383094
0.438847
0.474046
0.523166
0.570933
0.63965
0.71179
0.796459
0.89655
1.03466
1.16124
1.29326
1.44938
1.60734
1.69362
1.86555
-9.72275
-9.99132
3.62761
4.93746
0.898272
0.78914
-4.30382
1.32264
3.13172
6.48245
-10.9926
1.18209
-11.4258
-0.198436
-11.3034
2.41725
-2.5025
4.89369
5.2878
-29.0512
-27.7797
2.92676
-8.90035
2.90287
1.23559
1.97952
1.2022
0.137838
-9.52565
-5.97662
7.89578
2.4377
-11.8001
-15.7134
-6.83617
1.18767
-4.06966
-10.6011
-6.558
3.54643
-12.1854
2.90343
2.36668
0.0892564
1.43372
4.18146
-10.935
-9.34013
-9.15184
-11.3785
-10.8983
-11.3393
-21.7772
4.89149
-4.01886
3.1709
-0.222167
-24.8291
0.290308
-8.36168
1.3758
4.07995
0.90804
2.55654
1.28008
-0.0106873
2.28455
2.8545
-7.59081
-10.6013
2.7471
3.49496
0.957114
-28.2183
0.705919
-29.0608
-27.0276
-10.9883
-0.144359
4.87601
-15.0572
1.5002
1.58373
-8.36484
1.07038
1.44132
0.965856
-11.1595
-12.1915
1.8792
2.36161
1.49632
3.97337
1.24993
0.861915
-10.7857
1.88906
-10.5592
2.84387
-8.45
0.475954
-12.6026
0.43007
2.89966
0.393386
0.492238
-8.8251
-18.4743
1.81707
-5.20315
2.44454
1.4971
-6.63151
2.72763
-22.9998
-9.07545
-12.1855
3.99919
-16.0967
1.71821
2.14458
1.40483
3.05775
1.35065
-11.5432
2.38959
-11.5495
-29.4653
-0.459749
-9.61027
1.67969
-28.2887
-10.3584
-11.577
-0.0603699
0.969477
1.56378
0.56317
1.55916
-28.6091
1.21265
-5.32191
-8.91027
2.19404
-9.39973
2.05928
4.77306
-27.7108
1.39951
-6.86783
-1.59746
-0.812855
4.75502
-14.9254
1.14749
-9.37886
0.737451
3.60777
-24.4728
3.76016
2.52657
2.88858
1.84575
-10.5663
2.70388
-8.22067
-0.279565
1.00871
3.41415
0.699611
-0.184234
2.69496
2.77603
-8.54114
1.74672
0.178334
-22.6415
-9.92156
-8.69788
3.42408
-16.9615
2.75919
-19.6113
-17.2739
0.560924
3.30568
-8.63597
1.76269
-11.9971
1.81616
-9.1076
-9.03141
0.77233
-4.36871
-13.1579
-12.0063
0.740403
2.83148
-9.18094
-9.43833
-6.6952
3.19394
1.66336
1.64291
-1.47991
3.87622
3.05366
0.49203
-9.70278
3.60417
0.368611
1.30072
-16.7177
-1.61107
-1.53988
-11.6929
0.727369
3.45086
5.68731
1.25445
0.34982
2.94409
1.23564
4.05471
4.3006
-12.1313
2.32603
-2.25782
1.80047
0.927236
-9.08521
1.28921
2.62578
1.75159
-6.37064
4.77118
-23.6966
0.163629
-17.7708
-13.3042
6.61697
1.31282
2.9302
0.109131
0.929846
1.15882
2.34156
0.613486
2.21561
2.99957
1.84445
0.204971
3.38674
-9.57004
2.20315
0.776947
-6.61333
-26.6327
-24.3431
9.57848
2.31457
-0.459084
1.6551
1.03296
-28.0539
1.43597
4.05284
4.69368
-5.25515
1.03063
-26.2438
0.50385
2.72351
3.45225
5.97134
4.64138
2.61254
2.63341
-0.296492
-10.65
0.131572
-1.45536
3.09986
3.71413
-8.42305
1.84072
0.360846
4.52216
-11.0969
-9.04901
-8.23626
2.06237
2.67332
-11.3094
-10.7439
-11.7738
-9.16738
1.91245
3.63009
-9.02097
-9.96261
2.35032
3.57797
1.73334
-7.29909
3.39614
-28.7997
2.71333
-28.753
1.68049
2.95025
2.82039
-12.4088
-0.316331
2.70152
-3.46083
-10.9033
3.36928
1.26436
-9.67864
-25.0242
1.85905
3.55949
7.73865
1.15928
1.45672
-12.2612
-19.6944
2.32081
-24.2814
2.51638
-13.182
0.329931
5.71909
-11.5322
1.39713
1.42301
1.62572
1.65302
2.64968
1.29386
1.1046
-8.95915
1.53896
-28.0283
0.741066
0.659269
2.81138
1.00512
-9.57467
2.27786
4.16007
2.37685
-24.6302
-11.3092
4.26117
-7.9657
-0.268802
2.84366
-8.39043
-9.86915
-8.76187
3.43621
-12.2406
2.97953
0.89896
2.76731
-11.3766
1.50399
-11.5842
3.82372
-15.7215
-9.60609
-1.13142
-9.8136
1.60513
1.58252
3.15637
3.70924
5.19403
-8.87342
1.92506
-11.0306
-0.152861
0.160969
-9.22112
2.93396
-29.0465
-11.1448
-8.90729
-2.65481
4.05078
1.05356
-5.96506
-17.1108
7.57013
2.95587
-10.7457
3.59958
-9.34548
1.2574
2.54898
1.01599
-10.5152
1.0224
3.33769
-5.03821
1.07446
-0.719351
3.94002
-2.52637
1.38109
-8.82035
1.41259
1.94585
3.90472
-8.96179
-9.31528
3.76172
2.06416
2.47578
3.52628
1.87726
0.359228
3.71798
-10.3671
1.68717
3.41395
2.89822
2.47143
1.21604
0.757324
1.23366
-0.114572
-5.8561
2.94347
1.84521
2.64986
2.75949
3.65345
3.64082
-13.3649
-11.4225
-0.431132
-11.0814
4.84611
0.228299
0.584239
0.286473
-0.183697
-1.03585
2.62405
1.7291
-8.94224
3.55184
-10.6046
-8.09924
1.64339
2.37265
-28.3626
1.81105
-0.559683
-2.59516
-16.434
-10.3622
1.07414
0.590757
4.37345
3.54171
-10.4453
0.16755
1.004
-8.43445
3.72713
1.38523
-16.8478
1.36457
0.815479
-27.4467
-27.0617
-1.68944
-7.70968
3.14953
1.10575
-8.9727
0.993802
1.40666
4.26529
-7.05099
2.62634
-16.3428
2.22232
1.50898
-5.59974
1.41916
0.53459
-14.5905
1.36747
4.07654
-11.6365
2.38621
-7.1062
1.60196
0.118816
-23.5459
-16.1234
2.02674
1.82635
-4.84723
2.05368
2.71581
-14.349
2.09773
1.46798
3.3324
-11.4227
-7.53209
-8.77814
1.55792
-2.34502
3.56841
-9.37105
-29.0151
4.96027
-14.6934
4.54174
-10.4538
-12.5297
3.53162
3.70341
0.31953
2.41444
4.45968
1.84342
1.65627
-0.636814
1.91514
-9.12169
-9.30135
2.10273
-10.5457
-4.87153
2.08932
-9.4605
2.38359
4.33283
1.82332
0.315943
1.40072
2.34485
-5.91622
-7.9
-0.432658
-9.56848
-8.91447
-10.7831
1.16561
3.19326
-9.17204
-10.257
1.72073
-12.8868
1.74146
-15.1877
-6.17912
6.95681
-2.12973
0.163236
2.62293
2.05623
-12.5484
5.12255
-11.2485
0.603216
0.797177
-5.99725
-9.67353
-10.1115
0.308304
2.28848
-28.116
-21.9965
2.96374
3.28932
1.45488
-10.3104
2.73874
0.797898
-5.68196
4.29615
0.762638
0.995247
2.6903
-17.9382
3.4517
0.16565
-16.44
-9.07722
0.914778
2.77433
-8.93665
0.181697
3.03811
3.59058
-29.1464
2.29456
1.68332
3.88765
4.48198
2.60115
2.65801
-6.34419
1.22615
3.32087
0.396474
-23.5283
3.61929
0.684333
4.54899
2.95823
1.07578
1.65723
2.86918
-0.943222
0.769801
-8.49991
-8.52021
0.119532
-9.58701
0.518768
0.900603
0.9233
3.23875
2.19707
1.74436
-24.0173
2.1265
1.34353
-0.750215
-20.0986
-2.29522
-0.0675412
-0.00819819
2.57109
0.906552
3.31491
2.3275
-0.275894
-8.62645
-17.3524
-24.4331
3.45813
5.52805
2.32532
4.81291
4.11799
-9.67347
14.4994
-29.3279
2.99619
-10.1245
4.8101
-10.8322
2.25339
0.989619
1.42363
-10.5818
0.457347
0.00350876
-22.3764
0.729013
6.39012
1.18937
-9.78679
3.08809
1.8155
-12.0334
1.23065
3.92752
4.82975
2.77123
-21.3476
3.5145
1.61738
4.04955
-0.08885
3.06028
-9.33388
-9.53622
2.23588
-5.72747
3.69528
-10.603
1.56341
3.48954
2.9349
1.91842
-5.25978
2.30718
2.82
0.324565
2.88665
2.12869
3.64446
4.34551
-8.39957
-16.9753
-1.37512
-9.88526
-8.43732
-7.62439
-7.10769
7.8811
0.770474
1.05449
3.33529
1.94849
-0.665948
2.26142
1.29317
-9.85908
2.33432
4.33788
0.772832
2.77112
1.79356
1.18102
-1.19555
-18.2003
-10.5068
4.60743
-9.37799
-4.08516
-9.96662
-29.1258
-12.2599
-11.3738
4.54057
3.42924
2.11349
3.08755
3.23564
1.70143
-9.94091
-10.008
1.83444
-25.371
-0.155368
3.57454
1.24809
1.4975
-8.31174
4.37614
1.2857
-4.19176
-17.0728
-18.5067
-10.4032
3.34094
3.40804
0.980816
3.1576
-9.68629
-1.26732
-8.80755
-16.1066
0.68591
-18.0671
1.83149
3.39144
0.364316
0.722899
0.594008
3.77219
2.13724
1.93877
1.66567
1.75975
2.41408
1.65284
2.38734
3.64398
-10.0701
-7.822
2.73284
2.23886
2.51918
-28.4356
1.13049
5.97085
2.55839
-26.7697
-1.43276
3.20385
1.34765
-10.0354
4.22962
-26.4564
1.84806
-27.1734
-11.6538
-20.9521
4.81049
-12.2238
-0.40707
2.71787
-9.39112
2.81382
1.25756
1.80491
-12.1005
3.57974
2.46774
1.02459
-11.3016
0.952028
4.18384
-2.22863
3.70046
2.6108
2.51962
-9.73698
-9.08196
3.14718
3.71899
3.19883
-27.3975
-6.13724
2.79831
1.11984
0.581648
-25.0153
3.62094
1.52325
-10.0221
5.64736
1.58627
4.8214
4.35137
-22.8761
1.54216
-26.9757
3.53473
1.44358
-10.9417
3.24046
2.90796
3.46581
0.191965
-25.4269
-11.2326
3.31818
3.68089
1.46197
-12.2709
-28.4069
3.7496
1.78017
-11.9126
-10.0939
1.74697
0.479986
0.494175
-9.26067
3.74978
-27.3425
2.36863
1.76161
-17.9854
2.03501
4.9317
4.18506
-28.5559
-9.78135
-8.58792
-8.935
4.11539
-9.73632
-12.6313
2.67434
-4.20823
1.15054
0.511363
-28.4728
1.70484
1.10158
-28.6873
4.42846
3.63051
3.54926
-11.8281
-0.391627
2.26214
-20.1832
-9.87504
-9.50307
2.3336
1.90151
-9.46546
-8.10859
-11.092
-22.8136
-10.9939
-0.913933
3.26319
-2.37564
-8.7139
3.03263
3.41937
-0.863826
-1.57279
2.49774
-2.43527
-9.06358
2.296
0.615792
2.9113
-8.39037
-4.50354
-9.85446
-9.07836
4.66251
0.141469
-2.06507
1.65158
-9.9571
-23.1331
3.27705
1.62843
1.6349
3.44017
-26.8302
-10.6538
1.47628
-9.09326
2.09737
-23.4333
3.47197
1.18545
1.36376
1.41416
-10.3436
-0.0213188
-25.6692
2.07387
2.22663
-7.72645
3.41595
-7.83315
-11.5755
-4.65148
1.50697
3.09573
-6.82744
2.01654
3.28724
1.41136
-5.64498
2.16871
0.37796
-23.4966
-5.50389
0.567624
1.87732
2.80606
2.9633
0.5288
2.70591
-24.7513
3.15563
1.77021
-8.88433
-28.6631
0.873938
1.91913
2.29108
-2.32367
3.53572
-9.19182
0.804999
0.515994
-6.23072
1.92717
1.91344
-0.91065
0.931741
-9.59576
5.06441
3.32737
3.09206
-4.99571
-4.89019
-12.22
1.26724
-25.967
2.17427
2.75912
2.18406
-9.45097
-16.8589
2.79327
-4.16907
3.62841
-9.75814
1.80129
-9.43963
0.967154
1.1229
3.01665
-2.52866
-9.53118
1.71282
2.67158
-28.4374
3.572
2.26998
1.35032
3.06654
1.76753
-9.82025
2.61258
1.89766
-18.5198
0.271922
-9.01572
3.45727
0.75585
2.50377
4.11628
3.39357
0.56097
-11.1995
4.11161
-0.220056
3.54832
1.55236
-2.50584
-9.09109
2.34777
2.96776
2.05079
3.27244
3.8204
3.33695
-9.30695
4.93658
-28.7567
2.03005
-8.33764
-6.35479
0.275743
-28.2732
2.1113
-10.1203
-8.99266
-9.18746
1.49001
1.68437
0.269553
-10.1074
3.45237
4.20186
2.85816
1.86842
-3.80413
0.0522198
3.38269
0.61958
5.55374
8.23899
3.90874
-9.89656
7.85338
-12.2748
3.72008
2.58027
3.12777
5.2045
-20.4343
3.62424
-28.2367
-21.9135
1.10258
3.2348
-9.47456
-10.2917
3.50484
3.61072
3.59217
3.38946
4.81421
0.301701
-10.2414
1.8348
5.05439
-15.8629
1.41356
-1.46038
-9.50485
2.94514
1.02746
3.17761
0.303465
-19.535
4.48874
-26.4668
1.42436
0.347771
5.13417
-12.7294
-12.8968
2.70343
5.53557
-25.2406
3.40847
0.501365
-3.09368
-9.7934
3.69425
4.50884
3.60989
0.0160601
-10.057
0.917871
3.65424
-9.74478
-9.10214
3.38234
2.76714
0.618093
5.31474
2.43865
-19.675
1.26754
-21.8687
1.45522
2.97337
1.22381
-21.8305
2.5335
-10.8726
-3.36074
-4.16766
-9.69114
-9.94202
5.06276
2.17822
-12.0907
-21.7059
1.55647
3.26689
1.48366
0.394948
2.57743
1.31672
1.6437
-1.12964
0.534024
0.225684
-9.33188
0.534967
1.81617
2.52435
-9.29167
3.44631
-11.2714
-10.7328
0.569745
2.73215
1.90062
2.70659
1.77373
-25.1503
4.3267
3.17286
1.46915
2.98436
-20.0684
-12.6853
2.54407
2.07516
0.647443
3.38462
1.04245
0.136813
4.80978
0.542917
-0.46483
-9.84413
3.23303
2.38044
0.825352
1.79434
1.44587
2.66323
4.30527
1.90417
3.28109
-12.1881
2.10399
4.98969
-9.18781
0.968898
-2.28051
-8.42766
3.06634
1.78609
3.21381
-12.4365
2.17743
-14.6495
3.44665
-8.84621
-11.0715
-29.2066
-9.83834
3.68818
1.41166
-28.1517
-25.1424
0.575076
3.15821
3.68738
-9.75745
3.14943
2.41719
3.57994
4.04736
-2.76133
3.62893
0.798372
3.4624
-10.1314
-28.5301
5.54915
4.97841
5.80692
2.66717
1.60514
-4.23472
4.71213
-0.138454
-11.4156
-28.9422
3.17732
-25.5203
-9.5144
-28.6466
-10.1863
-0.443587
-12.5578
-11.5885
-8.88907
3.37114
-9.15194
3.81751
2.71738
4.56261
3.1574
-11.9096
-15.7752
-10.3238
-16.6906
0.309074
2.45944
-4.45507
-11.1143
4.13887
-12.0342
3.34735
-28.7034
3.36975
-9.81748
-1.54711
0.41268
1.74148
-28.9947
1.48547
-0.954741
-28.5103
2.90142
-9.1558
1.89024
2.3815
-7.5234
-4.36337
2.00075
-20.2312
-12.114
4.97749
-22.3566
4.17181
2.81951
0.188574
0.476453
-10.6487
-12.2742
3.45111
-12.7485
1.3999
-25.8914
4.16124
2.80082
2.55765
-26.6046
-2.40045
-21.0844
2.29092
-9.51322
0.905745
-22.0845
-12.0267
-1.37791
3.70934
-10.7976
2.99881
2.00993
3.02401
-23.6387
-11.4075
1.35335
-12.5947
2.14061
1.71957
-4.74091
2.38436
1.29795
-12.5145
3.58739
3.15877
4.18052
1.44549
2.723
4.91761
-10.6333
-10.3233
1.77347
4.19559
1.98415
-12.5031
-10.6143
1.41609
-0.52944
0.401348
-13.0355
-0.562677
-2.22365
-9.57658
1.17366
-21.7196
-12.1261
1.30041
1.53769
3.99106
4.20381
1.15422
2.19145
0.580858
0.168972
-10.9515
2.44901
-12.3918
1.21527
-11.4495
2.8297
-16.9806
-1.36168
-27.9727
-9.73758
0.659836
-0.782071
2.80669
2.84873
2.62014
-9.48731
-9.03386
3.02273
3.21278
2.62255
3.19956
1.32131
1.9375
-11.866
-9.17122
-28.1843
-12.4447
4.04073
1.10657
-14.3774
3.34036
-9.81023
3.17102
1.44243
0.427118
2.18396
1.42401
2.55673
1.44399
-1.1203
-11.1129
-10.1145
4.12705
1.59378
-27.0871
2.43829
1.62089
-6.56687
-9.93174
-8.89425
2.41171
-28.8432
1.60175
4.12024
3.68929
1.26228
9.76524
-3.256
-7.86683
2.91296
0.318488
-28.522
2.26328
-10.9512
-8.89314
2.46376
-0.291687
3.38908
0.426129
-16.3753
0.59028
-9.91219
0.430697
2.70008
0.460902
4.40153
-0.165195
4.0972
2.34486
2.85057
1.11283
2.06425
-21.3867
3.97737
-2.90035
1.93849
2.41683
2.88176
0.479761
1.63127
0.718675
-10.8282
2.01535
-10.6745
5.93341
-25.175
3.19325
3.89669
1.33728
1.10041
-9.49725
2.75387
2.57925
1.9678
-2.23912
4.04554
4.78949
4.40643
3.33825
-6.20401
1.44731
1.95581
-13.1426
1.53557
5.02276
2.23265
-9.2138
2.36992
-10.4206
-10.1097
3.70502
4.3528
3.37135
3.16139
-12.5904
3.25772
3.89029
2.73612
-21.0857
0.545666
3.73571
0.991969
-7.54571
-3.12307
0.619264
1.79633
-8.80754
3.11599
2.03269
-11.1058
2.21963
-2.59798
-10.7535
7.36875
-15.7772
3.04377
2.28518
4.20798
1.39153
-0.566926
-8.6067
2.5409
5.16032
-11.1335
2.59876
3.75144
3.59739
0.0422433
-5.24577
1.1393
0.987897
5.38115
2.02168
0.97137
2.03116
0.460512
4.03438
-3.9318
-19.4414
1.04502
-10.7373
0.625546
-26.7038
-10.4925
-27.3463
-8.9923
3.9638
3.03339
-21.7877
3.577
2.69128
-9.24875
2.17007
4.69572
-10.2883
-13.0867
2.6641
-9.13905
0.894543
-10.0433
0.718292
3.6529
1.86953
0.183932
-26.4546
2.52909
3.60167
-0.264428
1.7323
-13.3219
-0.0537163
1.67904
-9.75774
0.0851006
-10.6049
0.0249726
-12.7387
2.33935
4.01294
1.96
4.01723
-25.031
-8.50404
-26.6616
0.904917
-10.4625
-21.8183
4.19705
-28.6124
-1.89108
3.38827
-27.955
-9.61761
2.99695
0.486509
0.8065
-12.2345
1.20622
3.49679
-22.9292
-24.757
0.0316738
-12.4616
-17.0933
1.629
0.341892
-4.54842
0.547617
-27.7913
0.528819
3.06172
1.45007
-5.37278
1.03466
-2.49558
-10.6232
1.1341
-3.10303
-0.118496
2.96559
-10.8467
2.92275
-28.6609
3.28713
1.48006
2.09045
4.86904
1.68861
2.19099
3.55688
0.671376
3.69122
-10.5747
-25.8089
1.67107
-28.9188
1.12681
1.48582
2.38039
2.52732
2.27352
-11.3928
3.52186
-4.01278
-11.0099
-8.84887
-27.1877
4.10248
3.03776
-11.14
2.77432
2.01057
2.19208
1.23137
1.92844
-9.37717
3.29364
3.83732
1.22122
0.42482
0.247133
-7.63584
-2.64115
-2.8014
-7.78861
1.74446
1.38582
4.4331
2.20416
1.22623
1.65009
0.425006
1.45738
5.70358
3.22969
3.51065
-3.67285
-11.1373
-10.2842
0.507321
3.85232
-2.62046
-8.90965
-9.4315
0.889685
1.73137
-0.0576416
3.20497
1.20284
0.489211
-8.93797
-2.68878
1.35444
1.94371
2.52453
0.404431
-10.5819
0.749709
2.49843
1.68802
2.17102
-9.76865
4.20489
-14.5116
3.90481
0.623301
0.374679
3.05351
-9.78049
-1.6294
2.4623
-12.3162
-26.4714
-0.306219
3.44873
2.05173
-20.7525
-12.8323
-12.6187
1.46447
-28.6591
3.41957
7.70924
-4.71266
-9.24827
1.29167
1.53096
-3.27056
-7.01073
4.34702
0.965041
-9.4216
1.39722
4.10181
2.55719
3.3539
4.53331
4.58678
3.32542
3.5907
-9.85778
3.20999
1.10518
0.8576
2.61141
-1.25448
0.641209
-23.8357
-2.32795
-2.64911
3.66893
2.61565
3.16377
3.66529
2.28323
1.40598
-25.7577
3.72752
0.717422
4.11045
3.08681
1.99519
0.507535
3.58985
-11.1083
1.25378
-26.9257
2.43721
6.21224
2.91867
2.54812
3.33191
-10.5079
2.96783
0.85637
3.41212
3.83596
-21.5036
1.66158
3.03124
-8.64223
-11.7501
1.13674
-9.72841
3.74182
-25.2033
3.3457
-10.9399
3.53179
-3.79529
1.63826
-10.4462
0.163008
-17.0409
-9.08899
-9.63611
-0.594733
-12.4287
1.52509
0.712864
1.442
-10.2434
3.33646
0.662587
-28.7187
-10.002
-9.91304
4.15186
-12.7927
0.418511
2.64194
1.30096
-1.92838
3.55174
-10.1534
2.36102
2.18859
4.45694
3.53019
3.57062
-10.2878
3.07065
4.3186
-10.0164
-2.13734
0.883687
1.70597
-9.22192
2.60675
2.77383
-11.3083
3.87814
1.6846
-4.80229
2.76211
0.364431
-29.1494
1.64827
3.45519
3.46633
1.21194
3.87638
2.2709
-11.328
1.03429
-16.0054
-0.0282004
0.424525
-9.68843
-0.228076
-0.384231
3.61041
0.92948
2.00721
1.03926
-9.52561
-9.4772
3.16573
2.44336
1.93006
-19.9146
0.579219
-2.50849
1.07024
0.405068
2.82062
4.04011
-3.09722
0.535409
-21.0713
-23.542
3.23438
-16.4012
5.10747
-26.7567
-1.95725
1.25425
2.54184
0.617208
2.60852
2.38533
-19.0843
-0.386185
-8.43505
-9.41745
-28.7218
2.74521
1.04403
-5.55871
1.15049
-4.89553
-12.2006
3.00049
-9.71956
-27.5711
-8.95185
3.52103
1.05182
1.70512
4.5236
-10.615
3.56171
-10.8965
3.18737
3.7279
0.203924
-10.0243
-22.406
1.86915
3.58892
4.24698
3.3973
2.34922
-2.65973
-28.0307
2.51404
1.38131
-10.8926
3.61633
-24.7252
3.1255
1.97039
4.25578
-9.72436
2.85215
1.65917
3.11682
3.28064
0.157644
2.12656
-9.55134
0.27905
1.71551
2.46014
1.53628
-28.3455
1.06913
0.82831
-10.6072
-9.99937
0.443537
-26.1391
3.7858
-8.97325
-28.6641
3.33744
0.19039
2.17987
2.01828
0.855219
-16.1216
-1.79039
6.81724
1.3025
-9.78135
-0.801797
-8.64168
-27.1792
-0.965417
3.63943
-9.26327
0.471056
1.37897
1.60114
3.94878
-27.9733
-11.7588
2.88603
-26.1079
2.00717
-27.4401
2.82011
-9.25806
-12.1159
-9.09967
4.07155
0.173529
3.46091
0.507494
-28.5297
-8.00403
3.55673
-2.26715
0.926342
-10.8836
3.04127
-5.05747
-0.462878
-9.24388
0.421875
-23.0259
-0.138233
-9.30484
-10.1605
3.32677
0.573204
2.40583
5.01446
2.04272
-6.44996
3.61691
1.99292
-24.5133
0.890516
-0.602374
0.138433
2.97243
3.64684
-26.5343
-12.5495
-0.0713862
-21.4165
1.6641
3.53862
2.39397
-10.4233
-25.6641
-10.6802
2.06429
2.82683
3.26479
-9.34687
-0.056425
-2.20878
1.93984
-11.9232
2.07513
-0.337405
-16.0881
2.99568
3.65478
0.578636
4.22262
1.84828
4.54951
1.45654
2.37763
2.8925
-11.1952
2.10622
-18.151
-20.5226
-0.258062
-10.0434
4.381
-9.58759
3.6942
-16.6886
1.55164
2.86094
4.14989
4.3474
2.23689
-0.889234
5.00254
-28.2248
2.25408
2.82793
1.3313
-12.5994
2.80882
3.16293
2.33649
-12.9168
1.92042
-8.92237
-3.58869
5.62517
4.96173
-4.08954
-25.6505
-27.9141
-2.43852
3.4777
0.620357
-25.9912
-10.9596
-10.172
-15.9976
3.33876
2.46911
2.50583
-0.164602
4.33622
3.21416
3.76776
1.07875
3.60084
-27.9759
3.04156
-11.6618
4.98679
1.93965
0.278204
1.98617
-27.899
-0.0449881
0.729708
1.45626
1.69515
3.57493
0.695323
-8.83018
-0.642579
2.09675
-5.28997
-12.3995
-20.8557
3.58562
-0.995865
-9.441
-12.7173
-10.4571
-11.1049
-8.63723
3.34038
2.54709
2.55677
2.15785
-27.2307
-12.1514
1.00399
3.53764
0.263626
4.21152
-15.7909
2.14502
-26.6536
1.45684
0.548497
1.93877
-9.8715
2.06081
-29.0327
-10.5042
-0.0366583
0.00408642
2.232
4.16697
0.462695
1.28789
-5.20713
3.37885
3.59005
2.05945
3.34461
0.0957091
-10.5055
-2.40923
0.478983
-0.457453
-7.91443
-10.2825
0.311502
0.64654
-9.49452
4.24081
1.58401
-29.0234
2.99455
3.46419
2.38142
1.7544
-11.8571
2.38331
5.38407
2.51696
-11.9974
2.05926
-12.6546
-12.3621
-28.6155
-11.2634
-8.88667
-24.1691
-12.1883
-15.2592
-8.7341
-28.8562
-28.6472
-9.88509
-28.1182
1.44817
-12.9275
5.99953
-12.7809
1.8407
-9.90031
1.32349
2.42868
-9.76642
-16.1896
-9.58017
-0.414498
1.19502
2.16434
2.39502
3.40881
0.567125
0.690697
2.68895
1.38837
0.225017
-1.95703
3.50129
1.5173
3.46951
2.11719
-10.1219
0.996513
-2.82669
-10.9745
2.81803
-2.55676
3.21476
-25.1354
-20.4447
4.47429
-11.1019
-8.99792
-12.3857
1.38928
3.42789
2.8077
3.35258
2.26494
2.72544
2.61155
3.05488
-28.5627
-28.3225
-19.8787
-28.6696
3.03661
2.67634
4.34231
3.47049
0.295951
4.01643
3.38631
-1.27157
3.94007
0.0179473
2.08131
-12.9184
-20.6323
-10.9405
3.40353
2.30815
0.861836
-9.69865
0.616155
-12.8109
2.9788
5.91136
-5.45347
-11.7381
-9.80494
5.99294
2.14561
4.74931
2.0969
-11.5347
0.571258
-9.17063
0.445202
0.514256
3.53233
-12.7591
-1.04905
-2.53475
-9.47321
-28.0872
-8.98327
1.55444
2.56915
2.9796
-10.0715
0.655055
1.39693
0.737403
3.53336
-9.11025
-0.398424
0.96556
0.813326
2.89247
1.7366
-27.8395
-12.4388
-28.883
3.48827
0.904257
-9.6368
-0.504204
0.981138
-25.0106
-28.5729
0.469573
2.18307
4.47461
0.252246
2.99637
3.39994
-28.57
0.453071
2.56869
1.72456
-5.78073
-12.1955
0.478065
-28.2408
-11.7183
1.66892
1.88256
-0.106698
3.39577
1.92208
-0.0714327
4.5553
3.00054
-12.5081
-25.8892
-0.939509
2.26825
2.72233
1.2802
3.47752
2.08025
0.774671
3.76285
3.6416
3.03249
0.949973
1.90437
0.652473
-9.73126
0.347373
2.41954
-26.6097
3.01263
1.58881
2.56858
1.0262
-9.41107
-11.1957
3.55108
-13.2728
1.59
-0.22582
-11.8648
2.84427
1.85868
-2.19289
-8.9368
-28.0979
4.15312
1.83061
-26.2787
2.52846
1.29977
-17.2435
-9.23595
-11.3343
-4.14572
0.373613
-1.61271
1.60013
2.8722
-28.1862
-12.5864
3.54148
0.536864
-11.476
0.162641
-17.163
0.161687
2.53568
2.94582
3.46814
-10.9039
2.44191
-11.6831
4.19691
-6.72911
-11.3211
-9.46137
1.93257
-28.1111
-4.46127
3.39491
0.827939
1.49423
-27.4375
1.67934
0.538359
0.405296
-27.0579
1.46372
3.39701
3.81823
-5.07149
1.74249
2.30911
1.33756
-10.857
-27.1521
-9.51456
-4.77737
2.49438
-0.611125
-11.5384
-28.4137
0.229602
5.21651
0.860423
2.51418
2.6384
-9.12361
0.86403
-12.2902
2.70065
-3.37695
-26.5927
-1.23226
-11.4864
-1.67883
-12.0325
3.82728
0.519456
0.70691
-3.68173
1.39265
-8.87588
-10.9736
-10.0379
4.6862
4.89912
0.0490126
2.00799
2.01989
1.36051
0.838756
1.3062
-9.52034
-15.506
2.89854
-14.759
0.79138
-9.79176
-20.1033
-7.70842
4.00115
-10.0547
-11.3574
12.8615
-10.2004
-9.36911
-18.2944
3.31317
-29.5041
3.48932
2.90971
-12.5965
-12.0594
0.635467
-8.10602
-25.2058
0.496559
3.13148
-13.8438
-10.1289
3.51923
3.5189
-0.31026
-8.92722
3.7948
-28.1846
-26.2468
3.14917
0.13528
3.60497
0.524274
-2.96955
3.47322
0.422025
-26.0728
-10.6555
2.64246
1.8367
-7.60072
-28.1396
-9.75049
-20.0371
-0.537523
-11.5632
-13.5702
3.53525
-9.15592
3.55476
2.88653
1.94765
6.55325
2.67699
1.70181
-7.36646
-15.0077
3.52107
0.364208
3.48852
-7.43377
-15.414
1.14646
1.98416
0.988072
0.129364
3.86828
-9.28239
-4.52928
1.57559
-9.50927
-11.3711
-10.2674
1.18894
-12.3231
1.065
-9.8794
-28.1666
-22.4723
-8.67783
4.88567
-23.8989
3.21414
-12.7682
-11.4648
2.52971
2.4055
4.32149
-12.2205
1.73829
2.86911
1.3097
1.87113
-11.5314
-9.42691
-11.6334
1.74686
3.43666
-5.4116
-12.4783
1.11114
2.79898
3.59717
5.05013
-9.05801
1.94969
-8.82731
1.81071
3.04072
-11.1475
-27.8967
-11.0402
-10.0611
7.77767
0.430257
3.27595
-11.6435
4.18107
-3.16395
-11.7086
2.07805
1.56562
-10.5205
1.37958
-9.1813
-10.4275
-10.6885
4.78615
-0.393245
5.57798
3.30556
3.04724
-13.4861
3.52154
-26.8077
1.13224
1.88876
-3.14067
0.162836
-9.73354
-9.00221
3.20935
2.05716
3.59247
-26.2149
-8.52098
1.58628
-1.61333
3.01932
3.79904
0.576927
3.48383
-3.0107
3.19838
3.96458
-0.525524
1.37398
-11.4914
2.49981
-11.6285
2.34878
-27.9465
3.92221
-22.7629
-10.1514
-11.4681
0.48912
-10.3362
0.446115
-25.2075
0.474161
2.96009
-15.2097
0.709726
-0.24769
1.12067
-9.15336
0.681183
1.59274
-9.25472
2.15116
-2.34045
-10.3503
-5.87732
0.390335
-8.36087
-10.1287
0.117639
-1.88942
-11.4261
-28.458
-7.25577
3.4342
-2.15435
1.37297
3.11893
-4.31253
1.98998
2.16387
2.67901
2.32914
-11.3149
-10.6043
2.71096
0.953301
-10.7098
1.30551
-0.0592539
4.24048
-9.11519
-6.09717
-10.9544
1.35458
2.76079
-28.1716
-1.97969
-9.04142
-7.28624
-18.6482
1.4015
-27.5686
-8.19839
-2.12622
3.18681
-0.0546474
-12.6298
4.79636
2.61268
-10.9239
-5.54847
-14.3438
1.68581
-4.90312
-10.6284
-8.56046
0.135799
2.88336
2.09138
-11.7083
-12.1755
-12.7352
-10.2984
0.375902
0.395905
1.99081
-8.76916
-11.7299
-1.06142
1.20974
3.44826
-8.88951
-28.4237
-28.4298
-12.4647
-11.2458
-15.7294
3.61114
-9.43274
0.813079
3.39596
2.55241
-9.92267
-9.83849
-2.23932
-10.8461
-3.00497
2.74362
-8.87186
-21.3984
-28.3619
-9.4322
-0.551359
-3.44398
-4.58989
1.79739
1.88961
3.07106
3.53994
-12.9141
-5.71041
1.18769
-9.77305
2.12323
-4.04977
-6.03416
3.05526
-7.18724
-10.9182
-11.2639
-6.979
-28.7282
-11.1037
-10.8731
3.2244
-13.182
-9.44336
-11.4723
-10.0007
-25.0876
-9.34207
4.2335
-10.9603
1.53204
3.40754
1.56122
-7.3124
0.121195
-5.41177
-14.0659
-11.3139
-16.0171
1.50998
-27.9629
1.2277
3.94013
-17.3258
-9.23662
-14.9056
-1.83033
-11.3836
-3.00665
-9.01797
-3.91144
-27.2876
-0.33825
-11.7087
3.61266
3.6211
-9.87705
-9.86051
-10.3922
-10.285
-6.72237
-9.35781
-12.8304
-9.20035
3.47654
1.38093
1.69868
-0.0229878
-3.22195
1.26235
-2.06087
-10.796
1.12435
-10.4033
-15.8258
-9.53208
-20.6639
-11.2755
0.989068
2.27057
-11.3818
-2.74833
-6.72038
-8.74028
2.97382
-11.7801
2.81004
0.91587
-10.7631
-10.7631
-11.0709
-10.1315
-10.6512
-13.2703
-9.43134
-22.4391
3.41546
-0.265142
-17.4847
-0.0776393
3.54618
-25.966
4.06258
-4.83928
3.6228
0.784445
3.60333
1.30428
-9.0287
-19.5328
-9.86257
-3.10345
-28.1846
2.78579
1.47488
-6.62839
-2.15149
3.03333
1.42178
-2.43867
-2.12264
-10.5536
-23.6178
-24.1977
-12.0918
1.40643
3.75037
0.780783
-11.7807
1.74379
-1.80495
2.90984
-11.1693
-10.8298
-2.05735
2.01436
1.56944
-2.42103
1.29694
-0.744088
-11.1862
-8.60875
2.51327
3.47351
-1.18678
2.15229
0.39866
3.82401
3.55819
2.56185
-26.8988
1.31872
-9.34917
1.78443
-8.2465
-8.53037
1.36047
2.6532
1.95807
-2.07217
-15.489
-2.02491
6.09757
-12.7364
-8.23828
2.65567
2.38842
3.41964
0.0548298
3.96669
-3.74596
-15.0238
2.96545
3.30129
-28.7461
1.85686
-3.55706
-24.5315
-9.9997
-25.155
1.18702
-18.9687
-11.653
3.38217
2.47393
1.36279
2.45824
3.28483
3.51765
3.99462
0.822264
-1.76519
0.0564668
1.94036
5.78452
1.63332
-16.187
4.65976
0.655141
-27.6561
1.35533
-0.838251
-8.93022
-11.6975
-3.30058
-0.0729875
1.34973
1.0184
-1.58735
-11.1543
-7.372
0.669471
3.10659
3.03115
3.16844
-6.7703
1.66153
1.45818
-13.0279
-7.71933
-21.8615
-5.76693
1.75041
1.42668
0.594591
3.6191
1.71225
1.55784
0.033878
1.72289
3.93359
1.61614
2.30148
-17.9494
-9.19086
-9.1194
-10.0935
1.18222
-7.12921
3.06464
0.845288
-12.6642
-23.5545
-8.74883
-8.10722
3.38785
-12.7031
-25.551
4.50427
1.74707
-9.65833
2.09826
1.03856
-12.2396
-2.75767
1.82732
-24.7627
-24.1715
-0.557321
-2.06388
-3.26112
-1.16419
-9.60819
-1.77014
-11.0527
4.25689
-24.7091
0.169922
1.20859
-20.4246
2.72624
-11.3586
3.44733
-14.5072
-29.3536
-13.6543
0.0431085
-25.5977
-27.9381
3.18341
1.13498
-10.4428
-22.5565
-7.68455
-11.7094
3.45829
-10.6304
-0.28064
0.561914
-19.5174
2.95271
-27.6634
-10.0777
2.80274
-9.51299
3.96611
-2.18001
3.40833
3.67239
2.01613
-10.7457
5.12362
4.48909
-1.10833
4.95924
-10.6013
2.60835
4.0459
-16.7337
-28.9096
-0.923548
-4.22005
2.27542
-12.4932
-13.9178
-10.1608
1.54263
0.799847
4.70318
-24.349
-1.99113
-8.92258
-28.2376
-1.26034
3.82561
-8.07999
-0.237149
-8.85421
-9.40228
4.60814
-1.28586
-9.35307
-9.75497
-10.4944
4.8493
-8.78901
-9.67829
-5.84033
-5.86533
2.9472
3.39226
-0.873709
4.41611
-10.6138
2.1535
-0.828759
1.96268
-10.3963
-10.2615
-0.675833
0.227423
-9.59251
2.15416
2.80775
-10.5468
4.38147
0.590941
1.4683
1.33702
-0.0301065
3.49835
-28.2069
-1.84986
-3.63226
3.16454
-28.0573
-10.0545
-4.70525
1.11178
-26.8265
-10.2073
3.51769
-10.9961
-11.9169
1.25703
-22.0135
-18.0977
6.72083
1.70122
4.52637
-2.60129
3.66956
-6.90367
1.35457
-10.3463
-10.5801
4.63663
1.4094
1.59489
3.28013
2.19084
3.20574
-8.57711
-10.0721
0.57088
-0.363852
-10.1255
4.78647
-2.34
1.51952
-0.829262
-11.1645
0.789985
0.477643
-11.2992
-28.2497
-10.6411
-8.82639
8.04301
-1.37948
3.39441
-0.802892
1.56945
0.418687
2.23192
-27.97
-21.1221
3.52334
1.47849
-3.35304
-11.2441
-9.17023
-4.43566
-28.556
3.45534
1.46954
-10.5522
2.64209
-1.35141
3.24206
1.08787
-3.65957
0.175009
3.48098
0.541706
-9.86976
3.2028
4.75352
-10.7441
-11.5559
1.2793
1.82752
4.35602
1.78756
-0.533353
-9.99601
3.84047
2.77719
-9.4102
0.0609331
0.615445
1.36068
-26.2393
-9.96056
-1.15548
-0.793356
-10.8718
-9.66201
2.51436
-1.20555
2.69821
-1.53878
2.84062
-2.39616
0.981517
0.837812
-1.0869
-28.485
3.38061
2.13428
-12.1427
-20.6979
1.99731
0.550442
-27.9293
-1.06412
3.3965
1.99211
3.30689
1.75059
0.750429
3.85918
0.521683
3.1203
-11.3798
3.37762
-1.27487
0.667262
3.12958
-10.0149
2.98981
-11.3028
2.98581
-0.867504
-9.9007
-9.50315
2.58166
-0.0545478
-1.23799
-7.18559
-5.47912
-0.143445
2.90112
4.46726
0.821578
-10.852
0.60712
0.342598
8.46772
1.66826
0.0283717
0.719632
1.82054
3.36429
-10.0337
3.59825
-19.8943
-4.30958
0.65074
3.68851
-11.8575
0.474506
3.13648
-3.46889
-2.51981
-0.0468674
3.47548
3.61196
1.7187
-17.9888
1.73298
-9.76166
2.93591
1.71184
1.8349
-11.8282
-2.01666
-9.44798
4.6918
2.90597
3.2689
-9.55751
-1.2904
-13.5293
3.62652
1.48216
-10.0492
3.11971
-2.97116
-10.9624
-0.770836
0.840695
3.73631
-2.36224
-22.8807
3.83085
1.77456
0.0659338
-7.65869
0.523404
-9.76168
-1.00156
-10.3496
3.00294
4.50176
-0.155836
3.42365
-9.01622
-4.10356
-0.761525
3.83779
3.74862
3.36102
1.53142
-0.0713082
1.73588
-11.1033
-28.1999
-27.8953
0.715257
0.824695
-0.975495
2.18755
-2.04594
3.64282
-0.769164
-1.50423
0.790088
1.58931
-3.14367
3.42881
-7.46187
-0.343132
-0.829497
1.06555
-10.841
-3.40213
2.16514
4.69679
-4.96003
-3.50489
1.18098
2.28005
-6.87807
1.16652
-25.0815
3.97915
1.47573
3.54713
-8.83503
-19.9787
-18.0497
1.50465
2.75483
-9.02461
-28.1212
3.71993
0.41236
-0.144695
4.18929
-12.1497
-18.5046
3.37629
-24.3705
-6.50804
0.969939
1.60541
-2.60269
0.0159819
-0.0190262
3.55295
4.27031
-0.774413
-9.47714
-17.7315
4.09773
-28.6152
-9.55323
0.433313
-2.86199
-11.4637
-10.4483
-3.9098
0.375197
-0.350241
-25.0255
-3.00238
1.3646
1.57817
0.224338
2.08525
3.53616
-16.127
-10.697
4.68338
-26.8413
-13.0176
-9.43944
-10.0561
0.117359
0.0310177
-14.4449
3.46453
-27.9202
-6.42873
-19.4149
-28.9654
-9.66856
-27.8511
-10.8034
3.62731
4.05377
2.18133
-21.5514
-1.85512
-24.1443
4.75457
3.31637
-0.0184346
4.76668
-9.38092
1.69867
0.536075
3.26184
-27.9922
-0.834299
2.52626
-8.75755
-10.6162
2.29434
-2.00952
0.527248
-1.31348
0.31213
1.74028
-7.27075
4.98523
3.60278
3.30393
-2.23292
-4.83214
-9.52282
-11.1051
-11.0335
-11.6011
1.53311
1.76228
-7.40379
-9.68893
-10.6964
-4.36431
2.12028
-6.60167
1.67974
1.64053
-5.43093
3.66604
-6.22272
0.0329964
1.8316
-18.7787
1.0374
2.88077
-27.9629
-28.2416
-24.1623
-12.8841
6.36883
-0.115857
-0.228993
0.0733406
-2.56068
-10.8492
-9.75508
3.46509
2.26018
2.188
-21.5458
-1.29488
2.3732
2.52818
1.54028
3.37335
-8.35479
-15.2393
0.609918
-12.1903
-4.29004
1.06505
1.0676
-11.2037
0.149753
-8.92128
-25.4819
0.248453
3.58031
0.856762
-16.1889
-11.7674
-0.259048
3.99858
1.61232
4.18887
2.86822
0.430279
-11.338
-10.8689
-11.627
-0.107044
-8.17616
-1.77657
-9.48803
-18.5387
-23.9303
4.06254
-9.11405
2.82141
1.70981
1.90334
1.34005
0.696955
0.643898
-13.8431
4.89804
0.761536
0.371498
-8.32906
-10.0935
3.19889
0.785876
2.81118
2.85124
3.5232
4.23381
0.243206
1.43939
0.44684
1.39731
-0.474231
-0.763892
3.88319
3.37906
3.09156
3.42998
-28.1711
-25.1269
2.2601
3.11651
4.89729
4.19273
3.14738
-9.77997
-9.99642
-0.861293
-9.29991
1.45043
-2.93082
3.26695
4.2706
-10.2869
-0.302773
-0.70803
1.39024
1.48417
-11.6408
4.99809
-1.02975
-9.55636
-0.308371
1.70171
-3.0569
-12.6511
0.0354755
-0.721503
-11.2304
0.670437
-17.2724
-3.42782
4.45115
-0.252225
-8.94561
-28.4702
-8.60704
-0.412296
-10.8345
0.645258
3.47295
-10.9899
-9.88632
3.4555
2.14491
1.32665
-2.19386
-4.33839
-27.9542
-9.21147
0.926477
3.62442
-25.4866
-10.0501
4.54886
0.523567
4.83533
-27.0472
-9.76101
-27.6713
1.68051
2.37129
-8.81175
3.90556
-10.9838
-24.2067
-10.3617
3.27231
2.76945
-12.2941
-5.93216
-25.4844
3.64216
-26.6417
-20.1774
1.37644
0.356458
-0.607054
-1.37105
-1.16781
3.11404
-11.418
0.0592404
-0.388045
4.74421
-0.790222
0.0202617
3.39251
0.502966
1.6811
-11.5487
-10.8034
-22.6061
-29.2311
-0.289872
4.57477
2.4297
2.60041
-1.84956
0.339898
1.28294
2.36925
3.12587
-10.3431
-0.136543
3.68562
4.7259
-10.545
3.77151
3.57614
1.90722
1.471
-9.26471
1.53987
3.31433
-11.1033
-22.2303
0.945042
-0.526736
3.89272
3.74253
3.69661
0.906109
-0.446164
3.67348
-10.1956
-13.8637
-4.36223
1.0721
-1.28959
3.25018
-8.97624
0.412203
2.84639
1.65779
0.909652
-0.590771
1.1285
0.812189
-11.4868
1.61887
-11.7552
1.96571
1.74741
-0.416291
2.18302
-11.431
3.80672
1.88834
0.233968
1.66323
3.02989
1.02788
0.459197
2.37401
0.310278
4.37329
3.49367
-27.436
-17.7722
1.62905
3.25363
3.49185
-5.73865
3.44975
-13.1656
2.44933
-28.2401
1.43263
0.560857
3.34524
0.587791
3.98152
-0.494016
0.711858
-21.9928
-10.3026
1.7332
3.37862
-11.0242
-0.273503
-1.95558
-0.432025
4.56986
-27.2949
3.22849
0.382166
-0.736974
3.3732
-9.83236
-9.29152
0.330411
3.31264
-0.202435
4.12623
-0.799325
-11.1509
4.24183
0.0248691
1.42219
1.34035
1.49141
1.24053
2.65183
4.09169
-10.1779
-8.48123
-0.129271
-10.0543
2.85789
2.24534
3.85193
2.74666
-11.6836
2.69489
1.65688
-10.2333
3.44578
-0.396262
-10.7438
-0.330548
-10.7923
1.58247
3.38423
-23.8095
4.57026
0.476942
-24.745
3.41381
2.92215
3.36835
1.48301
3.35721
-0.13579
-12.5269
3.43105
-26.2252
2.3847
0.22451
-1.08554
3.05654
0.371676
-10.0588
1.52475
3.32444
3.49384
3.6447
-28.5287
3.33674
-0.406892
3.48415
-11.2916
-9.36488
-0.408357
4.89741
1.52274
4.0498
3.57152
-12.4909
1.00539
1.32983
-27.3466
2.3766
-7.03966
3.47729
-0.710237
1.00734
1.80215
2.11279
2.89889
4.45043
3.54008
-8.53975
3.65052
-10.2698
1.90407
3.32112
-9.49809
0.819061
-10.6587
-9.4731
4.21349
1.33292
-0.171228
0.972689
2.19319
-0.176473
-8.62922
1.92338
-0.943155
1.36962
4.16481
-3.42896
2.0088
0.39824
3.29613
0.901631
4.43982
4.30722
-10.9489
-8.93857
-25.5065
1.33792
4.62677
3.50758
-9.91811
1.28324
3.9918
-10.8381
-0.258478
2.96704
-10.8507
-0.312349
-19.2882
0.143893
-1.41166
4.59007
-11.4143
1.62905
-14.2656
3.91789
-1.98868
3.17466
0.376456
4.26799
4.60308
-3.41663
1.57034
3.29533
4.02162
-28.2618
-11.1795
-21.1327
1.74774
2.39088
3.49008
-0.474416
-10.1387
-18.2202
1.01653
4.00576
-0.278165
3.58692
2.01819
3.20564
-0.408497
0.346093
-11.9408
-5.60122
1.09049
-0.634119
-2.28648
-0.451992
-2.77251
2.38504
-20.3899
-9.42272
4.61919
4.00914
-0.254792
0.758451
1.56772
-0.0120954
-14.8273
-0.37127
3.01705
4.06414
3.43239
-12.0231
-10.665
1.42044
3.75033
0.679159
3.71737
-11.0032
4.1333
-4.69565
4.66783
1.99445
4.21471
-27.6518
3.40224
4.71392
-3.59311
-8.31704
-27.7365
-10.5411
2.42896
3.42261
-1.86366
-10.4114
2.5683
-0.181804
-0.252813
4.74495
-0.227081
4.46607
3.05023
3.40737
2.28573
1.26259
-9.80338
3.98256
1.01613
1.33809
2.11773
-5.67555
2.29467
3.78025
1.5906
-15.4246
1.89224
3.4191
-11.071
4.27891
4.15949
-0.438639
-0.460377
-0.0952701
3.1212
2.95902
-10.9616
-1.34237
0.372163
2.23158
-21.4478
-11.6738
1.96994
0.0688777
4.66798
-22.479
4.74054
4.83123
1.12948
3.39414
1.45062
1.23428
1.67302
0.91871
1.98115
0.581282
-2.89703
0.549558
-0.78644
3.35247
-22.914
-0.141496
-11.9656
4.57194
4.97937
1.93163
-22.7141
1.68142
-1.04422
-25.0184
-7.50254
3.356
-0.234786
3.74024
1.25001
2.66785
-3.55344
3.95079
3.66332
-15.6492
1.8215
-0.28918
-27.6138
3.94228
4.53883
-10.2475
-0.770033
-13.4452
3.17859
3.78593
2.11123
-0.384587
4.5828
3.55173
-11.9607
3.18517
-0.700653
1.90015
-10.1424
3.83813
-12.8528
4.72911
-9.14391
4.0717
0.399791
-0.180654
0.775607
-11.1837
3.48429
-11.6109
3.55305
0.363621
-2.11287
-23.0847
3.66003
-24.266
2.74428
0.61139
4.93311
1.17645
2.26255
3.23588
-1.73524
2.82627
-6.78664
4.64597
-1.22734
5.74674
1.8048
-0.344086
4.67294
-10.0651
-8.27437
2.00779
2.77239
2.02794
3.33287
0.0492715
-0.199152
-6.21973
-9.39294
-3.23481
4.69991
-0.398057
3.99814
0.916385
-9.95765
1.87633
-0.298427
3.38806
-4.62309
-3.09831
3.86579
0.978594
4.60362
2.57209
2.03592
-11.1069
-27.6461
1.8694
-0.158546
3.96864
2.40575
3.55609
-14.737
-11.0908
3.37999
-1.97714
2.70988
3.17253
3.99998
2.69951
4.19001
-0.680744
3.10414
-12.2993
-10.6845
-0.0986586
4.53609
-0.517339
3.14607
-10.7929
1.12588
4.5136
3.83492
4.30539
0.826131
2.59836
-8.09368
-23.7606
3.49546
3.38824
1.64628
-0.060095
0.444057
-0.203252
-1.0458
-0.536266
4.90537
-0.593399
-27.1442
-9.82665
-2.63396
-10.2409
3.48754
2.40653
-0.932306
-10.7271
1.24934
-10.5293
3.29058
7.60137
0.457645
-10.4398
4.8074
2.00618
-10.4373
4.01208
3.58164
0.975582
3.26607
1.94996
4.43298
5.00451
3.45109
-0.0428093
0.0327187
0.564136
-9.92115
2.45152
-25.3646
4.02421
-0.0251488
-20.1952
2.651
-0.314086
3.51435
2.94682
-0.513574
0.318074
3.64103
1.15031
3.62974
4.46807
1.8149
-12.4365
-0.0233285
4.32714
3.40585
-0.339708
0.309748
-1.25824
-0.265717
-0.362049
-0.0992927
-0.0927452
4.4163
0.127733
-4.39124
-5.06486
3.96922
3.85437
-18.122
-11.0692
3.60089
3.59701
4.26372
-9.95236
-3.90738
-0.587288
2.65849
3.68899
4.90813
-0.768095
1.36318
2.33966
0.856664
1.22318
2.59592
1.53732
0.841554
-0.00108819
0.762122
-7.15199
2.05024
4.39616
-27.6024
-6.27896
1.7984
-21.8255
-11.059
1.01671
1.01388
3.77302
-0.826238
-10.1698
-10.4962
0.720793
-6.04901
-19.483
-1.57289
0.284207
4.39424
4.09303
4.34958
3.19058
2.08736
4.6346
-6.57641
4.33338
0.768222
1.18498
-20.3051
-0.447933
3.78088
-5.15707
3.42952
4.11688
-8.8271
0.402759
-7.91049
-12.592
1.87105
4.59751
-0.283421
-0.05805
-4.23538
-0.624915
0.342071
3.57199
-0.319964
4.3502
3.16173
2.62635
3.62431
3.38074
-16.5001
1.3292
0.680289
-24.0931
1.92669
5.28398
7.79068
3.54772
4.30022
3.87751
2.65697
3.76
5.54411
-0.415468
2.74657
1.8557
1.2653
-8.91929
-7.39851
-1.19541
4.79516
1.69412
3.70707
-11.3907
2.96943
1.12461
1.75218
4.86048
1.76355
0.8098
-0.0113294
-0.792825
-10.3052
0.863746
3.53731
3.9552
3.46149
2.46818
2.59298
3.69779
-0.399576
4.28013
-0.11869
0.690738
4.33307
1.81064
3.48787
-28.9216
-24.5312
-13.4914
3.54181
-29.3994
-8.4357
-29.146
-8.3013
-8.28654
-29.0331
3.86751
-8.47204
-1.05996
0.986951
-8.09748
-28.899
1.11552
-0.244322
0.574318
-23.4775
2.55419
-10.1486
-10.3124
2.72684
1.23749
4.86162
-17.0593
-27.6927
0.277878
2.98326
-28.8033
-8.34912
-29.8031
-8.41436
-11.319
-27.6878
-2.85313
4.78433
3.97337
2.46055
1.04984
2.9128
2.95021
-28.2008
-27.8005
-8.30485
-30.0445
4.34051
-1.73804
-4.31484
-5.06412
-0.68726
-13.6712
-10.2929
4.05257
-9.9042
2.69717
-0.072312
0.163331
4.91758
1.06335
3.4028
1.87454
3.45627
-9.03716
-8.20862
0.905267
4.91537
3.71037
4.00682
-27.8531
0.904951
3.75491
3.86816
-29.1127
-27.7351
3.74666
-12.7085
1.42387
-8.26911
-8.39956
0.0403373
3.71434
3.77968
-11.6683
3.12839
0.154992
0.30121
0.450015
-7.75907
0.106458
-2.28462
3.64571
1.10307
-0.120196
2.80032
0.0143832
3.6014
-0.394604
-10.945
-20.4544
-8.78419
-14.5008
-7.83586
-6.16959
3.55833
1.38475
-0.564645
-0.861442
-9.90591
-28.9661
0.318345
4.00518
3.28607
1.69594
-1.17584
-10.6767
-0.103727
-0.4597
0.841815
2.39402
3.62601
1.70417
-0.460262
4.98666
-10.2794
1.99955
0.0924454
3.82227
4.97889
1.33313
-18.7444
9.29231
-0.0985175
2.63779
2.69397
-9.73451
-2.65703
1.18952
3.22064
-3.17545
2.84691
-1.94521
-0.270624
3.80798
-9.5176
3.73971
3.78432
3.69521
-0.758617
3.86262
-24.4958
-9.85706
0.260622
-0.495899
1.92858
0.208827
0.755287
4.41831
-0.585659
-10.97
-11.0304
3.45342
-29.2702
0.711694
3.34208
3.93704
3.73066
1.63975
-0.955352
-7.30935
2.46946
-0.649421
1.52258
-28.8488
0.995665
-10.1474
-0.0146783
-5.92848
-0.425318
2.34901
-29.89
0.592745
4.02757
-10.3513
-25.7911
-0.34326
-0.0410486
-28.8043
1.72656
3.76692
-13.5602
-0.403651
-0.0131276
1.70631
-8.15251
0.0724465
-9.49347
-1.0218
2.24298
0.973166
-0.410291
0.490606
3.39594
-0.501646
-8.16066
-30.3631
-1.65088
3.64999
-6.14728
-0.237171
-11.8604
-15.3565
-8.34522
1.65261
-1.4241
-10.5088
-16.7863
3.83492
0.195146
-5.68796
-30.2289
-0.206011
0.0151412
-11.6317
0.771552
1.07338
-5.6889
3.76371
0.647425
0.248907
-8.47766
-17.8992
-0.899331
-10.0578
2.33965
3.34365
-4.09641
1.10975
2.36579
-0.940866
3.76348
-12.892
-1.03979
3.99992
3.69868
-1.03829
0.0733549
-2.41505
1.57231
0.061928
1.2749
-10.8798
-2.79893
2.79297
-0.420282
0.308001
4.00241
-9.67995
4.2443
-10.3279
1.18874
2.24049
3.65538
-0.419895
3.61294
4.63682
2.41817
5.0168
-1.22873
0.124424
-13.1679
-11.7492
1.09326
-12.0803
4.75178
1.9911
-0.635028
2.04024
5.0373
-9.30541
-10.4227
-1.47692
3.02944
3.6795
-2.79738
-4.87298
3.58306
-12.8162
0.534442
-11.0762
-10.1713
0.22956
-9.85535
3.15388
4.44081
2.23161
2.13573
3.64807
-10.3937
-0.146396
-4.60933
3.83607
-23.4583
2.32877
2.40063
-4.87504
-2.05424
0.657493
4.02024
3.85991
-18.553
3.52041
2.61524
3.30894
-0.896095
3.59957
0.527085
3.523
2.58758
-21.8033
1.42323
2.74656
-0.0165394
-11.9526
3.87404
-13.4331
3.76947
1.7174
6.54887
3.39395
3.2382
-0.635457
3.51565
-19.684
-10.8499
2.17361
3.38936
-22.487
3.1015
-11.9179
-2.74305
3.52578
-10.3163
-3.44097
2.62285
5.02493
-10.0378
-0.735587
-5.42917
-1.26234
-30.5377
-8.17854
-10.4908
-21.2573
-30.5097
-8.0792
-11.1759
3.16527
-29.1614
-0.551603
-12.5242
-1.15134
-27.2871
-1.49411
-5.87575
3.08558
1.42573
3.52991
-0.654151
1.90901
3.61308
-0.0965774
-1.87644
3.70944
-10.4744
-3.35081
-3.37314
-1.20849
0.735936
3.32382
3.34131
-28.1976
-28.7846
4.22985
3.83428
3.69894
3.86014
-11.0787
3.51785
0.862137
3.942
2.79394
-1.65464
-18.6117
-6.98217
2.25151
1.096
2.39568
1.79599
-3.21966
-7.01213
-9.61552
6.75596
-9.46309
3.79485
-0.704915
-2.41648
-10.2603
-24.3896
-0.087197
-6.58925
-1.68813
0.393118
-19.558
-7.70668
0.109859
-0.795863
4.64607
2.94649
-8.08687
-29.7517
-10.0109
-9.86573
-8.61501
3.7336
-8.36686
-0.514072
-4.5209
-1.80235
1.03512
-4.75904
1.1825
3.47578
-5.65233
-8.5598
-11.0093
2.1498
-9.52941
-0.652527
-0.582676
3.24918
-1.60627
3.6527
3.55259
-2.90807
0.965051
3.69284
-12.5798
-2.13637
-0.236978
0.130128
-1.51803
4.00834
-8.41062
-8.45714
1.99833
3.26745
0.436744
-8.32761
-10.5344
-8.40935
0.175286
2.40254
-0.892081
3.6198
1.15162
0.694282
-0.0589642
-12.1304
-7.54622
2.67739
1.47807
2.94337
-10.1866
3.6136
-10.0929
-6.46853
-8.6481
-4.50868
-10.813
-5.41528
-0.186884
4.39358
3.65656
-0.397446
-8.5642
-29.6943
3.58134
3.74114
-13.4444
-8.87882
2.37767
2.49015
3.62478
-11.5493
-0.203563
3.04276
-2.50517
-21.5362
-12.7666
-21.8065
-0.709779
3.84857
3.44963
1.95331
-8.36923
3.89541
3.15767
1.88253
-0.0716862
-8.62341
-20.6778
-15.8679
-9.8075
4.8443
-5.90233
0.315915
2.24957
-8.41353
1.93845
3.29446
4.11495
-1.47729
-8.68007
4.53417
1.49167
3.55316
-10.2433
1.65029
-2.8805
4.9594
-10.6458
-4.15805
0.407715
-0.109179
-11.7204
-1.56088
-10.6255
-1.00913
1.69707
2.84069
0.809136
4.51431
-10.304
-2.67504
0.413181
-8.93581
-0.151476
1.50839
-1.10499
2.58618
-0.0291203
9.24695
6.09179
-10.3926
2.6315
-3.14352
3.59307
-22.4632
-5.64563
-17.76
2.28607
-10.9988
-1.13135
-12.5106
2.8981
-29.4743
3.57687
-0.524659
-0.133311
-12.2713
-30.0284
-0.566395
3.52277
-14.9177
-23.6982
-7.68852
3.6516
-0.974192
-11.4901
2.35982
0.226587
-9.03355
3.60309
0.333211
3.73285
3.67381
-8.4674
1.38921
0.596623
3.59691
-8.3368
0.269537
3.34882
-4.26527
-3.32477
-8.44599
-30.6986
3.03525
-9.14416
-15.7844
3.23342
0.289656
-10.449
3.55963
-6.83192
-8.15034
2.09418
1.12606
3.06608
-13.5422
3.59296
3.37208
3.59544
3.38748
-5.11286
3.26516
3.60079
-15.0789
2.28209
-29.2417
-5.70809
3.64819
-11.2352
2.38655
3.72048
-1.35812
-7.9689
-0.783461
4.20264
2.93047
3.1977
-28.7873
-0.177707
2.38861
1.51409
3.47286
3.46716
2.85603
-1.95892
3.7616
-19.1071
-26.9247
-8.68933
2.55101
-10.9217
4.93471
2.2277
0.107046
-8.53391
-3.13812
2.86153
-29.9305
1.07465
3.86877
-0.135015
-1.70705
-0.598457
3.58017
1.98253
-25.6298
3.60306
-23.6247
3.34642
-0.241167
-22.9407
3.66991
3.12104
2.78126
0.348543
-2.02504
-1.18497
1.30532
-12.4868
-9.65912
0.670229
-22.8334
-10.6424
3.12693
3.72214
1.42575
2.54783
3.93525
1.08048
-9.69943
-20.7508
3.37151
-14.3228
3.39853
-0.164897
-18.3286
-7.72755
-6.19685
-1.9347
-6.67088
3.11941
0.0514634
-28.4218
-27.3434
1.49056
-0.797143
3.56158
0.807272
2.62417
4.97744
-1.2434
0.0950991
-10.0525
2.97638
1.42226
-6.28856
2.64122
-1.1709
1.95708
-14.5384
-0.355106
-1.59146
-1.97717
0.697495
0.28612
-0.116084
2.31948
-11.7623
-8.30849
2.91647
1.67378
-14.6438
4.50127
-0.790998
4.01813
-0.5472
2.07201
-1.80993
0.0675936
1.9062
-9.65922
-2.49521
1.79689
3.29953
2.6574
3.39066
2.00763
-9.59935
1.21209
3.56594
4.43636
3.47771
3.36816
-30.1573
2.57248
-10.8229
4.0243
-1.32256
3.31928
1.87429
2.57901
-2.44123
-1.60825
-0.392974
-0.575777
2.92857
2.89966
-7.80612
1.56096
3.40829
1.52935
-10.9064
-9.99664
-10.0022
-3.7081
1.01639
-12.4719
3.53758
-12.2971
3.46106
-28.7627
-8.03603
-10.3824
0.178377
1.31653
-0.100028
3.33675
3.46678
-7.66602
-3.03222
0.41477
-20.0625
4.13868
3.42531
2.49401
1.22693
3.46883
3.52072
1.19076
-22.9099
3.11844
-0.804922
2.71474
4.71538
-0.0189516
-9.75038
-1.03626
-15.0689
3.66554
-27.5438
4.10172
-0.714455
-12.4206
-6.60579
3.18235
-5.44171
3.4373
3.42535
2.92639
-0.600534
3.61146
-8.46198
-1.00861
1.16939
-1.40767
2.52473
3.90354
3.27747
-11.833
2.21059
-8.38265
-10.4331
-1.55854
1.66061
1.53844
1.85648
0.397785
1.47258
0.181768
1.51696
-30.5349
1.5137
2.33938
-10.1239
-0.878106
0.960952
3.61699
3.52187
-27.1955
-8.77987
-2.20904
2.32331
4.76084
1.32345
-0.706626
-8.21178
-30.2424
-4.81918
0.530287
-0.653529
-5.98205
4.34617
0.307638
2.22462
3.25961
3.75339
-4.30252
2.69833
-8.34339
-10.2401
1.77779
-21.3425
-1.46041
3.61092
0.436453
2.75452
1.67889
2.6455
3.50752
3.69402
1.6374
-8.47344
1.94645
2.48981
1.18864
-10.0089
0.254696
3.91671
0.418212
-11.3988
-1.38067
-29.8482
3.31889
-2.46319
1.91482
1.52553
2.60012
3.19777
4.93798
3.44887
-0.903622
3.1093
-1.68514
-1.2038
-1.37139
-10.4616
1.74517
-5.37651
3.62911
1.74657
-4.18308
3.59122
3.31124
3.60386
2.48123
-7.84239
-0.649719
-10.3545
-3.13182
2.97121
-11.2268
-0.67487
3.56704
-2.21146
2.97081
3.13442
2.26262
-3.0173
2.50602
2.90065
-1.51995
2.54778
1.0017
2.44315
-4.71267
3.7185
7.39831
-2.74851
3.44009
1.72581
-2.78136
-2.54887
-1.08397
2.3099
-9.66082
1.63258
4.43918
2.73243
3.60024
-4.10847
0.278844
3.41106
-11.2783
-0.0235876
3.07252
-14.521
-10.442
1.34108
3.20366
-1.8045
2.92043
-1.74761
1.68692
4.1019
3.33869
1.3896
-8.73689
-9.7076
1.28333
-19.9077
3.57023
-12.2898
3.21075
0.28597
3.11404
5.96908
1.90645
-26.3815
0.465056
-29.6074
-9.13692
1.05461
2.44825
1.64982
4.12103
3.77989
1.85821
3.46297
-7.87703
4.83576
-11.0936
3.7809
-11.8705
-11.0024
0.243172
2.49043
0.907455
1.28861
-17.1391
1.32828
3.61575
-10.6078
-10.0682
-9.51447
-30.3804
-8.16887
-4.29247
-5.11127
-1.26152
-2.20901
3.63095
-10.9517
-6.33853
4.23734
0.978053
1.39853
0.406907
3.35364
-2.15483
3.38969
2.16082
1.47564
-2.7857
-0.243317
3.41504
-11.078
4.91887
4.67131
3.3648
0.654269
2.41741
-10.5468
-10.6416
3.65144
-11.1565
3.41565
-1.03158
0.0823149
-0.140154
4.94157
3.48617
1.90266
-15.8465
0.0824329
-11.1391
-23.5237
3.55134
0.738917
2.01346
0.545022
-1.58854
-18.8758
1.50226
2.79896
-1.33548
-2.71036
-10.0226
-3.58568
-10.433
-11.1727
3.59898
1.72376
-3.47608
1.50265
-0.577855
-12.3198
3.58867
-12.2832
2.97667
-1.35946
1.02436
3.25376
-4.65744
0.602566
3.37245
-23.8158
1.3785
-9.65733
-12.2405
-2.6563
0.973721
-3.72376
-1.33213
0.619454
3.57039
-16.6385
2.69303
-6.59105
3.44891
-8.62015
-1.0063
3.56391
1.51342
1.60221
7.79372
-2.53408
0.852243
3.593
-9.68099
1.14813
3.72552
0.113668
2.84164
2.28015
-11.504
-10.64
0.189372
2.90098
3.35756
1.18254
1.95605
3.49031
-9.80075
2.70844
-27.1557
0.292611
2.84259
4.35761
-5.12407
3.45118
2.02961
3.58474
-9.07886
2.4896
0.251005
-1.52588
3.62341
0.970326
-29.0832
-10.6327
3.63022
-27.0871
-2.52082
-3.06924
1.19857
3.65211
1.62129
2.74488
-0.218657
3.70587
3.40581
0.269583
0.850393
2.59751
3.57194
-8.29173
-3.79778
1.50154
4.72216
-10.9829
-8.94395
-9.99514
-3.1621
-30.2691
-0.717044
0.729986
-2.16595
1.60841
-5.82897
-26.8134
3.51828
-4.00804
1.84627
3.38996
4.24616
-3.86646
3.48198
3.10905
-5.08473
-5.83369
-2.14536
-0.0380112
-5.98217
1.27988
0.979867
-5.73648
-9.00849
1.88755
3.81417
1.50405
-5.9446
3.35523
1.27194
0.821884
-0.703424
1.65258
3.41369
3.64701
2.47113
3.86307
-25.2245
-8.07424
2.327
2.93959
-10.4561
3.47227
3.84497
2.8596
-3.47201
3.62305
3.36327
0.0894552
3.48434
2.28371
-2.64527
3.60619
3.3683
-11.6845
2.19309
-2.75368
3.64623
1.47253
-12.1159
-1.14377
-12.3468
-3.80567
3.47247
1.97027
-12.3515
0.538198
-4.73528
-0.0348753
2.98091
3.8107
0.383065
2.35508
1.51081
-1.87561
1.6713
0.0748256
3.06762
3.44104
0.282971
-9.11638
-10.4442
4.43371
4.42246
2.71049
-6.72155
0.921378
3.36096
1.41592
-5.00093
5.08768
3.23871
3.33895
0.223054
3.34761
2.9333
3.85818
-8.50145
-7.57291
-2.89005
2.57573
0.219226
-4.52979
-8.30614
2.26098
-11.8949
0.448754
0.334688
-0.0940493
-25.6601
2.00673
-15.1393
-8.29351
0.288009
-10.74
2.47629
3.1216
-4.96158
0.61497
1.01528
-6.00209
1.72732
1.60843
-4.0143
-27.3084
1.12062
4.4792
-9.55313
1.95926
0.29204
-8.86839
2.76262
-15.2293
-12.6567
0.733834
3.51987
5.05596
-4.25889
1.65587
1.68073
-6.19535
-5.00291
-5.66167
-21.4879
-28.9345
3.04415
3.63324
-4.43359
3.90611
1.48559
1.61496
5.81038
1.91798
1.47218
-2.46021
0.256534
-27.3603
-3.51721
-0.698377
0.313516
3.40057
-20.7468
-11.9463
3.68258
-11.235
-5.70689
-12.7143
-7.41768
-7.09333
-2.81086
1.87665
3.77078
0.07775
2.61931
3.82465
-28.9648
1.2872
-7.06702
-6.84593
3.10802
2.19967
-5.35921
-18.9898
3.44572
-6.95769
3.43519
1.18692
2.42824
3.35543
1.55267
2.06185
2.35539
1.50648
2.67359
2.37456
-7.65983
1.61783
1.60414
-19.9796
1.59664
2.55953
5.61214
3.28962
-0.888621
1.36772
-17.4405
2.78982
-4.92449
1.54444
-8.42033
-9.81515
1.91795
6.68229
3.29668
-25.6397
3.35631
-9.90238
3.42795
-0.416531
3.31942
-0.203532
-9.67766
-0.079668
-8.74989
3.38351
3.61861
1.61987
0.684115
1.35795
-3.0108
-10.636
-9.05761
-11.0663
-1.26681
1.45344
-6.23955
1.44718
4.90136
-5.04449
-0.67705
-8.16766
0.189945
3.40228
-11.9299
2.15308
1.39692
2.16296
3.41258
-27.5989
-3.88288
0.534599
0.347788
-13.4828
3.40126
3.63746
-24.1147
-11.1585
-28.1275
0.0306486
3.49695
-1.65928
-11.0477
-11.5707
-18.0939
-10.8311
1.01395
1.78709
-9.86055
-3.48417
3.58114
-8.15119
-10.4394
3.54067
1.29274
1.57846
-3.04123
0.436363
-0.445609
4.59501
-10.4154
-23.4328
-23.1907
3.29009
1.90711
3.62133
1.3318
-21.3986
2.54709
3.6177
2.48646
-12.0151
3.38608
2.06844
1.46106
2.14665
3.60944
-1.83477
-11.7856
-5.36323
0.426902
0.250991
-10.0306
-12.043
3.11377
0.429835
3.67456
0.222936
-10.6848
2.22519
-5.12922
3.43555
3.33284
3.81533
3.81657
-11.6732
2.14487
4.32464
-5.40671
3.32031
1.75374
3.53693
1.94084
3.27394
2.66699
0.631683
1.16956
-12.6
-12.3715
0.729062
3.5824
2.43544
3.16428
-30.4128
-10.6948
1.23645
1.33026
0.882977
0.765993
-11.2796
1.74283
0.195794
-4.1179
1.64419
-0.124941
3.91176
3.50684
-8.16706
-10.3387
-3.60056
1.32968
1.77976
3.18536
-1.90188
3.46909
-27.2659
-12.1404
-8.70784
1.29659
3.45271
-27.4584
2.23128
-1.09171
1.44627
3.33921
1.61617
-23.2272
0.899569
-9.52942
2.0636
-3.71966
-4.41202
3.53784
-1.23346
0.285655
1.55116
-9.44694
3.23772
3.0391
1.62325
-27.111
-12.633
2.90943
-4.03865
-10.1909
-11.872
2.8794
-9.1669
-16.371
-27.8013
-10.8718
-12.1062
8.7596
4.2238
-23.5788
-27.4901
-5.4283
-1.12295
1.78824
-1.68963
1.77746
3.65916
-1.12335
-2.75392
1.32128
0.919803
3.46697
-10.169
0.845968
0.614468
2.51901
-4.20864
2.62884
0.891039
-26.7933
-11.4435
1.01494
0.388642
-19.0718
3.57402
2.59475
0.585893
3.24538
-0.218042
-3.51845
1.12786
-10.1034
-12.2354
2.19516
1.68175
-4.97552
-12.3609
7.65678
-24.4668
1.80697
-3.806
1.77767
-4.3249
0.255457
2.72305
1.97921
-10.6424
-5.30593
-30.2826
1.48856
3.52552
1.66695
2.5706
-2.64852
-12.0319
-28.9087
-9.65627
-0.106646
3.32175
-3.40146
2.12411
-0.0575419
3.32012
-10.7746
0.554709
2.16266
3.64582
0.0839294
-12.4359
3.57116
-1.46968
-8.56728
-23.1094
1.56384
4.32707
5.34942
-10.7883
1.96381
-11.3063
2.47414
1.31219
1.53972
-10.2188
2.31904
1.50747
-8.74975
3.38176
0.413826
0.500186
4.00958
-0.237928
2.30019
1.86143
1.01719
-0.179696
-8.58362
1.60689
-27.2088
1.55243
-26.9436
-24.9748
2.56184
1.5518
-10.545
-8.81666
2.77536
2.37986
2.04588
-12.9112
2.08827
2.86633
-24.1163
2.17824
-11.0433
-5.13777
4.24519
-8.3187
2.94661
0.435775
3.98023
-8.17826
-10.7261
0.613734
2.34714
1.0971
5.92375
0.388254
-13.0232
2.68007
-11.5857
-3.4939
3.18371
-12.4247
-28.6281
3.71053
-22.7932
-8.97022
3.28467
-5.7199
3.0497
-23.2215
-8.31292
-29.2692
-12.3598
-2.2563
2.97316
4.40894
-1.66476
3.61433
3.12646
-3.58127
-7.49218
2.22336
3.24667
3.4894
-4.55114
2.89563
3.58487
4.00036
-6.51664
3.11446
3.22307
-8.57074
-28.7451
-8.734
1.65422
0.678077
0.384557
-10.2145
3.1669
-14.5491
2.76813
3.1004
3.59672
2.57835
-6.51576
0.955486
-20.692
9.83471
-6.66856
-2.85478
3.50219
1.55946
1.87975
2.88646
3.5675
-10.732
-1.24006
3.40397
1.67218
2.93707
1.65759
-4.65749
2.19611
2.63324
0.746334
-12.164
1.65611
3.75633
0.269143
2.99283
-8.43642
-11.8198
-11.3066
2.0993
2.66972
3.82292
3.29328
3.63113
2.77739
-10.2723
3.29026
3.56101
2.84405
-12.942
0.701253
2.62255
3.3622
-9.48726
4.74577
3.54926
2.85944
-9.81549
2.67056
1.53059
-10.3174
3.34991
-0.615896
3.0522
1.61776
-11.2027
0.624039
-4.08675
3.55603
2.4728
3.90161
-11.0062
1.90909
2.64915
-0.57356
-26.5248
-7.38422
0.894205
2.48932
-27.9931
-11.0561
1.38861
3.11664
3.18318
3.82157
3.6295
-0.239706
-28.6255
3.51484
1.56618
2.46597
2.37276
1.78527
-11.2872
0.623721
2.56323
1.70596
-6.61726
-1.3258
3.04331
0.130711
-5.75161
2.95603
-30.3043
1.58739
1.95384
2.6188
-0.13469
2.7005
3.38438
3.5407
2.59279
-1.95807
4.11934
-8.78028
-8.56533
-5.97662
-3.1314
3.16641
1.36726
1.68126
-13.1559
-0.0338301
0.583446
0.586164
2.96943
-10.764
2.40621
-11.5845
-11.6331
5.48647
3.81252
3.33452
3.37188
5.63748
3.03634
-1.94717
0.180533
3.08358
3.94244
2.86448
0.0222975
1.28023
3.6401
0.413551
1.95099
1.88513
0.84904
-11.5218
1.25818
-11.3306
3.60893
2.97463
1.73457
3.53442
1.93527
-12.6806
0.735387
-11.1675
-11.0348
4.54408
-4.24334
2.93017
6.29967
3.00804
-0.124719
1.61516
-8.33929
-1.75445
2.4926
-0.0440455
3.18136
2.60782
4.33375
-21.6905
0.262451
1.66435
2.66366
-12.151
2.78148
2.2582
-10.96
-17.4588
2.87868
2.54247
-19.2248
3.60864
-0.0767558
2.00335
0.916621
4.75019
3.21018
2.0802
1.54756
1.40437
-0.0745707
0.77397
1.19768
0.0531458
-14.2728
-1.63574
2.75576
-28.8291
-14.9077
-10.7079
-10.1351
-3.01849
-0.505798
-1.81577
-16.547
8.80999
2.94739
2.26864
3.61007
-26.278
2.59445
2.54941
-4.57105
1.20079
-9.38077
-1.95276
1.87381
2.12382
0.0478087
5.33126
3.52883
-30.0951
-23.4465
1.83428
-14.8995
-4.87534
-17.2881
-4.9024
0.371255
-1.94868
2.48959
2.99637
1.38009
5.01505
4.44567
-21.0463
-21.0608
2.59511
3.62519
1.45548
3.25535
3.60983
-0.00515198
-5.25208
0.0817619
0.89037
-16.4569
1.78318
1.23671
2.97949
1.92787
3.31599
-11.9681
-15.6341
-26.8598
2.59196
-20.3216
-24.5197
2.6457
1.27863
-1.2727
-3.93793
1.06447
-10.0979
3.47297
-28.6225
2.17893
-29.1837
0.088649
-1.89415
2.12713
10.0275
3.3712
2.43435
4.95161
1.34395
1.4619
3.34753
3.38538
2.94682
-12.7897
2.9748
1.96124
-0.994022
0.743269
1.59124
2.39306
-10.5775
2.56377
3.05895
-4.31148
2.66825
2.01969
0.996172
2.91631
-8.35414
5.43113
1.54337
1.4543
1.58158
-29.5526
2.41462
2.21923
-28.2023
1.68969
1.6597
3.31954
1.76176
-1.36932
2.94916
3.13962
2.94944
0.757122
-9.26648
-5.18085
-18.4884
2.36031
-9.82134
-28.8013
-8.31936
2.4868
0.881819
-10.081
2.09255
2.2141
-26.0125
4.20415
-10.1968
1.37652
-0.49694
-6.17729
-11.1543
3.66422
1.94577
1.40768
2.79006
5.09176
3.59631
3.64301
3.26298
2.32021
3.66303
4.72582
1.50633
2.91815
4.59236
-2.14233
2.85506
-0.504156
0.452123
0.91715
4.36083
-6.94852
1.15336
5.49694
-2.16274
2.07637
1.47694
0.911199
3.4144
2.42219
3.32101
2.20444
-27.6037
3.47189
0.00756913
1.80946
2.97809
-0.360166
2.95352
4.9252
-19.0996
3.37899
0.325968
2.57125
3.34879
3.73193
2.43992
-0.856138
4.84857
3.77674
-10.5216
-0.611315
0.330828
3.21885
-0.920071
-21.315
2.90376
5.52854
0.71341
-1.54695
3.18545
-24.969
-14.7677
3.40919
3.58154
-11.386
0.255628
-11.2289
0.198891
-5.66777
-12.6323
3.47
3.40209
-0.594249
3.66385
-10.383
3.56265
1.30923
2.01765
3.11144
3.24948
-12.8348
2.74028
3.64985
4.42214
2.06498
-10.9754
0.508464
3.68518
2.81003
-11.9897
2.15875
2.54326
-7.90286
-0.444802
3.26215
2.58906
-28.3401
2.50424
2.92314
3.55466
0.214731
-26.9683
-0.313652
3.32765
-10.0499
4.6989
3.20978
2.79687
3.26119
2.55951
-9.05672
-10.9918
1.771
1.08937
-8.01456
-18.9871
-27.6768
0.435461
-28.8397
-8.47622
1.60843
-7.88317
3.38606
-18.2952
3.5893
-22.1032
-0.89134
-10.6993
3.34939
3.62203
-9.18911
2.57351
3.40216
3.60703
-27.434
-3.13741
3.40764
1.71075
1.65494
-1.71025
-9.44543
2.68102
0.195562
2.58896
2.49304
-14.1308
2.85304
-9.54437
0.494504
-12.5295
-11.6477
-19.3532
5.03098
0.626089
-11.9722
-0.199846
-0.621432
1.52163
-10.6225
-9.22892
-3.6285
2.79683
2.03129
-10.3949
-0.150363
4.19548
-14.3893
1.35075
1.66692
-17.7146
1.21063
3.46841
0.807613
3.42944
-13.6998
1.59516
3.67795
-0.198457
3.26092
-10.9988
0.133847
-3.58865
1.91027
2.78186
2.99813
-0.695956
-13.5221
1.26398
1.46842
-6.898
3.76896
0.0784788
-8.34606
-11.8259
1.85604
3.29187
2.02377
1.75284
1.78692
1.46416
3.03544
-10.6
-10.444
1.63128
-20.7795
-5.96395
3.61975
-16.7151
-2.80045
4.97805
4.92008
3.41559
2.28248
4.52022
-0.216917
2.61017
0.368079
0.225316
2.57813
1.52619
-9.85245
3.66701
3.31388
-9.33174
5.44386
2.88743
1.48305
3.11717
1.99237
-22.6522
-10.9025
3.0143
-5.82441
3.24588
1.34908
3.37502
2.27252
-20.6641
3.44772
3.19882
5.51375
1.86954
1.67166
-7.41963
1.85802
-0.870435
-7.93115
0.934483
1.78118
3.63585
-6.41381
1.87578
-10.9297
1.46343
-9.7899
-8.73071
2.86974
2.39255
3.21201
3.1036
2.68825
-10.9925
3.6796
-9.85343
1.23134
3.17745
4.19769
5.0569
3.97485
1.31772
-12.1054
4.41806
1.05487
3.34481
3.16079
-26.4019
8.42738
-10.7927
-4.52018
3.43557
-3.3533
-3.20025
-3.74497
3.14767
-11.6712
2.15103
0.511857
1.23117
3.4984
2.85275
-19.2365
-9.70316
2.17253
3.46727
-14.5783
-18.3269
0.294665
3.1311
3.32456
1.69957
-10.7421
3.04914
-0.603043
-18.3614
-0.426577
3.55485
3.33645
3.50247
1.64382
-29.68
-12.4776
2.23067
2.33336
2.97121
-11.8963
1.9
-26.8081
2.05717
0.196293
-12.7551
3.47735
3.43267
1.94366
1.53494
3.55822
5.78917
3.37297
1.72533
2.17583
3.03625
-1.69074
3.54209
3.64174
0.638127
4.50654
-27.8383
1.56139
0.63906
2.91095
-17.6351
-9.90065
-9.59295
10.282
0.24426
-8.69586
1.17536
0.817349
-11.3151
-0.34513
-2.95147
-20.3622
-14.175
0.856887
3.60144
3.29739
-10.3891
-27.0735
2.85243
1.77646
-3.1458
2.37834
-12.4285
2.99151
2.34224
-0.257361
-27.3702
-27.4998
0.789533
1.49943
2.93899
3.31124
-0.60163
-10.4543
2.63638
-22.1112
-27.9682
4.53309
2.68601
2.98218
1.06598
-0.980858
2.59882
0.0670185
3.51662
-10.6185
-12.6714
1.65474
2.65269
-8.34738
-23.0665
-12.3858
2.94809
-24.8953
3.10221
0.652388
3.60092
-5.37728
4.51957
-26.5515
-23.5767
2.7156
2.03807
2.83123
-16.5553
-24.4253
3.3222
-11.9768
5.83673
7.34697
-11.1961
3.11646
1.67712
-12.1573
0.0145693
-0.574818
-17.2891
5.09676
1.9976
-0.442959
1.75306
3.41367
0.56298
1.84172
-8.22689
4.76639
3.09704
1.32381
2.41993
1.82918
2.80657
-10.6853
1.26213
2.86274
2.13105
0.100289
-15.6796
2.56249
3.47632
-26.3781
2.15204
-4.25026
1.62694
-0.651346
1.23701
-27.1312
3.28698
2.91604
2.90644
-0.29837
3.36616
-11.5659
1.4358
-0.573808
-9.02878
2.98919
-11.7939
-25.8695
-0.282563
2.19845
7.16205
2.40132
1.32849
3.08118
3.27704
1.17065
2.5316
0.141818
1.37528
4.81177
1.51402
-1.27804
-11.8847
-28.7331
-6.71547
3.5566
2.04236
1.33336
2.9553
-11.9919
3.559
1.27095
3.32677
-11.1348
3.27742
5.56663
-13.5168
-21.7867
3.31504
0.0244738
-12.2982
0.623889
2.25292
4.95776
1.48542
-28.9143
0.610409
3.66669
0.570793
2.62191
3.77797
0.733762
3.16557
4.23246
0.382477
2.7075
-26.7554
4.50839
4.10202
-11.6999
1.28595
3.028
2.80628
-25.0399
-27.725
2.94398
2.60283
-9.09901
4.1728
-9.01328
3.0831
0.322678
3.63801
1.6375
2.16597
-1.64394
3.53183
2.81106
2.39457
-16.9932
1.336
-22.682
3.22775
0.106652
-9.09045
-9.36513
0.143931
0.0677954
3.35279
-9.83102
4.99211
1.87244
0.300836
1.32037
0.679811
2.90951
-27.765
1.26957
2.16553
1.71695
-28.6188
2.31612
3.07225
-29.8283
3.49591
-3.59732
3.18755
3.86025
-27.0074
1.73512
-2.55151
3.2772
-1.63233
1.64738
-11.4412
-8.47198
-24.141
-1.43506
-25.1453
-2.88127
2.53712
2.92209
-7.77126
8.62076
3.63437
0.282231
-14.2939
0.166727
-0.146551
-9.07657
-3.52568
1.26182
-7.11088
1.57733
3.06866
2.00179
-11.2134
14.125
1.74781
2.2924
1.58996
1.21238
-7.19518
1.28586
-12.051
-12.3718
0.170147
-4.06634
3.94637
-13.1478
-25.2411
-0.627583
0.275723
1.34179
1.2743
3.27705
5.28026
1.28051
1.29575
-28.9959
1.82276
-2.22705
1.534
3.76245
-6.01117
0.680231
1.80009
-24.9076
-29.9624
-10.7154
-7.62217
-9.09927
-12.3406
3.28343
2.28391
1.48922
3.21901
1.45998
1.5626
3.01148
1.22357
0.776918
0.888612
2.96126
-11.1448
-3.57996
4.20676
-28.7059
0.466123
2.53847
-5.3995
-29.2824
-10.025
3.61649
5.48246
-0.0913232
2.02371
-11.0409
-5.93507
2.44832
-12.1039
-10.0059
2.13052
5.55601
-11.5418
-2.20816
3.87795
-29.7357
1.5383
-2.21891
1.67495
1.77712
0.231108
1.78221
1.60276
-6.80584
0.285659
-8.40753
-0.110711
0.634116
9.58876
3.68457
0.959386
3.36385
0.936079
-0.0983052
2.52996
-8.64741
-22.394
-8.4586
1.69304
-22.6953
-1.64624
1.84252
-9.43841
1.53422
3.92256
-10.5406
-0.141226
-11.5091
1.38102
2.34334
3.25624
2.18826
1.13821
1.49452
0.357268
3.68067
3.70261
2.14812
3.63625
3.34921
1.66411
-30.5244
2.53466
-0.409541
1.25442
1.9598
1.40679
1.57577
-7.20953
-24.1657
-25.3861
-12.7429
2.02661
-6.66245
3.00877
0.0587456
2.2365
3.15212
-2.19554
5.62815
0.472783
-9.66855
-3.33064
3.3454
2.46341
2.83562
1.22424
4.28688
-6.50184
-0.735557
-5.0561
-12.2704
1.14326
-24.5836
4.5879
-17.4527
0.0354868
1.26416
-22.4537
3.81422
-10.4835
3.40932
1.36721
2.21421
2.17612
-13.2303
-8.64818
-10.1359
2.65223
4.43911
1.32672
2.52711
1.47684
0.564302
1.2562
-9.83747
1.49635
1.4877
3.82115
-8.71341
2.03802
1.82238
3.36627
-10.1722
2.59168
-26.8516
-12.0802
4.96327
7.078
3.3454
0.70617
5.11257
-11.8169
3.04803
0.260794
-8.822
2.73005
-28.4481
1.30066
2.68617
2.90023
-20.1387
3.89196
1.17344
2.29838
-2.24477
4.13407
-1.61119
1.41994
0.198226
3.94947
2.86825
-27.018
1.83734
2.2848
1.85675
-1.60672
2.2173
1.44115
-0.671513
3.75903
-9.28718
1.09645
-0.148144
2.10192
0.970318
3.13919
3.32673
3.5125
-28.9373
3.39179
3.59543
7.90927
2.80385
-7.06844
0.18304
2.65726
-0.055242
4.48053
0.733181
4.10833
-19.9805
0.922653
-10.9945
1.55976
4.14142
2.32145
3.8891
-1.84796
1.74915
-20.9145
3.73766
-0.54017
1.35261
6.11575
1.96182
3.34256
0.974764
1.85423
3.02919
2.4604
1.14378
2.05813
3.39695
-29.0971
3.61603
2.5715
2.92099
-12.6493
5.14221
3.95253
-21.9621
5.09877
-10.4561
2.31183
2.72069
1.22544
2.06121
1.93064
-15.6537
4.8479
2.04746
1.49986
1.70309
-10.329
3.29884
1.61077
0.584048
0.330783
1.70327
-0.660557
0.716316
1.61957
-3.23099
0.720986
3.06256
-4.09608
1.71756
-3.57702
1.59169
-3.07129
4.88227
2.59797
0.774749
-7.03532
-10.9521
2.87491
4.55602
-8.76289
-11.2954
1.51458
1.84381
-0.0998872
1.06639
1.48431
-17.4706
2.56556
3.24363
1.34834
2.25006
-24.3922
3.52228
2.62538
1.42493
2.90286
0.933837
2.06849
0.95553
-11.3054
2.99632
0.319648
-30.1256
-0.668181
1.74391
0.477743
-7.9658
2.31554
-3.96344
2.37903
2.92904
3.76716
4.67747
-18.7713
0.68969
0.278301
1.90659
1.39657
0.29666
2.65778
1.12213
-11.5128
1.38096
-8.63749
3.5132
2.55402
3.00242
3.57664
-10.4636
-10.922
3.08428
1.79581
4.92914
4.0333
3.48601
2.01346
3.3533
-12.2204
-3.88918
-9.30209
-0.837177
0.292185
1.64595
3.59304
2.71627
2.99912
0.675833
3.42743
0.150626
-30.5792
-7.75436
2.64718
-21.7837
3.60616
-25.4829
-11.3585
2.58004
2.63854
-27.732
-12.1545
-10.3339
4.08559
-0.0710229
4.59133
0.820914
-10.5601
-6.84668
1.09732
2.05431
3.33098
1.79104
0.241138
3.41263
0.503726
2.64618
2.3762
2.7621
4.09579
1.0333
1.91763
-8.66277
4.43639
-9.58716
2.80788
3.20711
3.29437
1.69914
2.8563
2.76
-28.8876
3.58071
3.27557
-9.26425
2.53088
3.18346
3.13432
1.33758
4.34042
-8.35619
1.70709
2.70598
2.62645
2.2788
-10.0897
-2.73304
-13.5673
3.68803
-1.4418
0.153092
0.124984
-1.86137
3.58215
0.0767719
3.57203
2.70171
-8.36739
-16.7111
2.82713
0.628332
2.59692
-8.9224
-10.6905
-7.51854
-10.5902
1.29346
-27.9019
1.89209
3.85764
4.67563
0.490251
2.68606
0.672588
0.953053
2.73778
1.44682
-2.90167
2.05469
3.6401
0.996331
3.61596
0.376241
1.73054
2.27012
0.963168
0.485182
-1.8391
-12.4223
3.09464
1.1173
3.49059
3.02993
-9.90738
-21.398
2.25234
-12.0702
1.18368
0.829384
3.82783
-1.54101
5.22558
-10.325
-0.0982745
2.41727
-12.0318
3.43227
2.6484
-10.8611
-3.7975
-29.2788
-8.67637
4.83259
5.46856
-19.6838
-9.64022
-13.0754
1.7104
-8.82586
-19.9814
3.07733
2.2815
2.56299
0.987382
0.948098
2.88466
-10.4916
3.83075
-9.42363
0.606704
-4.84767
8.21438
1.84842
2.68356
-8.06949
1.17648
4.57541
5.26388
-0.659579
-29.2586
2.21599
3.08719
1.40226
2.50274
3.06718
-27.4593
-12.6757
1.49574
0.610683
1.04553
2.19963
-12.558
-5.53003
-2.3701
-4.88914
-12.8874
-19.4283
-12.5169
2.09284
-12.5365
2.07516
-12.0405
1.93656
7.7352
0.178787
4.71223
-13.6382
1.80352
0.630358
2.62141
-10.9481
2.18576
-8.24896
-1.53137
1.45752
-15.1745
3.70154
-23.5995
4.34359
-12.0414
-8.90636
1.01535
-11.6196
-13.8844
-22.63
1.63273
-27.7353
2.11486
-9.10984
-8.1292
2.81149
-10.6911
0.801928
2.83014
2.73422
-11.9278
-19.666
-0.0816297
2.49299
1.62012
3.63935
4.966
3.37312
1.39099
1.65185
-1.686
5.94779
2.42583
3.61043
0.907129
2.35279
0.425456
5.26574
-11.2852
-1.3239
2.7346
-8.41964
-16.403
-9.29729
2.98889
3.49433
-13.214
2.61678
0.754583
3.19005
1.71635
-2.07291
-9.92166
-9.00549
2.26185
2.3389
-8.78566
2.17924
-10.4543
5.09343
2.79878
-9.50178
2.37053
-24.1698
9.2948
1.57557
-7.37822
1.49934
5.09241
1.74319
0.664841
3.54548
1.88531
3.56551
3.33402
2.95218
0.0391639
1.62876
3.07013
-12.4085
3.83577
2.54181
-12.6355
3.24649
-9.91544
-21.4973
4.13831
2.64907
3.47194
3.64539
3.40425
-9.85636
2.92368
3.5716
2.78225
2.82256
-2.06102
-11.6644
0.943646
-9.92251
-1.60402
1.69401
3.49013
3.21636
-10.4854
2.91759
3.93812
-17.9136
-11.8407
-9.63084
3.3866
-8.90694
2.20716
-2.60941
2.24109
-11.7046
3.10794
0.113135
3.51667
0.411898
-27.0753
3.46454
-8.5938
2.70451
2.02316
2.77165
3.02599
3.20612
0.0630275
2.62271
2.21407
-1.44728
1.6064
-29.4827
-19.3656
1.28639
-1.0777
-3.49096
2.54138
-3.80423
1.14352
5.04275
-1.68989
3.29
1.15649
-4.56271
-6.29902
1.01749
2.52822
-6.67441
0.951308
-28.3915
1.57178
-12.6782
-3.1122
1.78726
4.16067
0.0434816
-1.12479
-0.186054
-6.3707
-9.98388
-14.8036
-8.53755
-0.0340814
1.38052
-10.0289
11.928
4.75256
2.99593
1.4722
4.98088
2.72163
3.19574
-25.8819
3.6895
-10.8975
5.99317
1.71243
5.26658
2.7265
1.31922
-8.28814
-0.991718
-5.33889
3.26763
-16.6197
1.18072
1.51831
-15.78
-23.7243
1.80865
2.45398
1.75644
-11.77
3.01662
-27.9151
3.06579
2.53931
3.64588
-4.62861
-23.498
-25.5479
-20.2001
3.59729
-29.8755
-3.15096
1.03237
1.93628
-28.6019
-9.59912
0.989307
-0.206153
-26.0651
3.0368
-0.105978
1.19624
0.69266
2.80675
-28.4091
1.63365
1.22841
0.205548
6.02781
-13.3924
0.813004
-6.58935
-28.611
5.78671
3.5494
-25.1704
0.288762
0.670004
3.14181
0.0390233
2.4041
-12.934
0.749645
0.58284
-10.356
3.66421
2.7692
-11.1014
1.95466
1.12015
2.8331
0.65693
-11.3705
-10.8355
1.53461
2.47205
2.32398
2.51439
2.08519
-0.812642
3.61717
7.6118
1.95163
1.99772
0.0457399
-12.6212
2.73744
-19.123
-12.1493
2.98807
3.01243
1.40906
1.43857
1.98938
-6.23908
-10.5784
-23.3181
-4.83471
0.0473208
-11.1198
-8.66282
1.34862
-22.4531
-3.9321
-22.6051
-20.0748
-9.87094
4.37301
-2.28864
1.60786
-19.2665
1.38471
0.424268
2.87204
1.59246
5.00422
4.90677
-0.297281
-29.9355
0.152762
-1.72467
0.183342
-0.321323
0.874229
-8.30546
-3.54264
-11.3833
1.23699
13.8982
3.27698
-10.7113
-16.8364
-29.5345
3.29346
-11.404
-9.63277
-11.1843
5.13293
3.28298
-2.35269
1.90363
4.92364
0.0977926
4.81314
2.73475
-4.1983
-9.97434
0.277781
3.13789
-5.64836
4.57078
1.96326
2.3943
7.54507
1.59336
1.35078
1.24233
0.35392
0.563405
-25.15
2.56145
4.73839
-29.5504
0.601791
2.05184
2.1623
4.59026
1.40228
-29.7421
-28.9011
0.0834943
-5.53346
1.87274
5.00758
0.5159
3.71345
-10.906
-13.9105
1.14514
-0.786362
1.23158
-8.58909
-29.2149
-5.17247
3.61318
-10.2501
-8.64493
2.5215
-0.095776
4.00728
-16.6766
1.13221
0.352352
3.58202
2.14087
2.13258
-27.4775
4.52044
-0.172884
-8.94285
3.43052
2.30888
2.06632
1.37933
1.77607
1.72195
1.40532
-10.8853
2.46378
1.19473
1.32495
1.82197
0.343985
-10.8394
1.52627
-4.80221
1.20634
2.70708
-8.79532
3.27763
-11.847
0.650507
-25.4836
-22.8631
1.02104
3.20332
2.32183
9.20424
2.06479
-10.0533
1.45288
-9.16633
1.81925
2.74775
-23.7426
4.95189
4.68988
4.03379
5.9473
-0.243954
-9.51416
2.55071
1.12618
-12.963
3.16855
1.44969
2.3988
-28.1383
-23.1592
3.57689
3.6061
-3.62758
2.81002
-0.682882
-10.8917
2.92298
-25.726
-6.72957
2.18591
2.72731
-24.5422
-8.52476
3.42562
2.74105
1.68857
3.30598
0.0155235
1.24613
-25.6198
2.39464
8.74775
1.59717
1.41609
2.2318
1.46175
9.05506
1.38563
-13.7541
-10.8887
1.347
-11.9466
-10.7941
1.49072
-19.1117
-0.0181824
3.96343
-9.53925
-9.25056
-5.18114
-4.7301
0.877443
2.63206
3.12479
4.98315
2.79021
5.57825
-0.44804
6.70712
3.02527
-0.33323
3.44061
0.898826
3.06085
1.43042
-26.3987
-11.9914
2.18732
-3.67831
-0.278328
-17.9987
1.89903
3.115
-10.3948
-8.6128
3.81347
5.45321
-22.5193
3.58166
1.76417
0.938443
2.48785
-0.522217
-30.5278
-3.74766
5.53569
2.00145
3.7117
-10.6258
0.808026
3.51273
1.66567
-28.39
3.10756
3.49056
3.5151
-29.6242
-11.1276
-11.0348
0.475254
-16.9216
-9.14208
1.30461
-9.29614
6.22388
10.2245
-15.4301
-26.7743
3.10982
3.41131
-8.77387
-4.22745
0.637631
-10.1664
-28.0362
2.30182
3.3945
3.03103
0.515809
-9.63082
-25.3308
-22.4153
-0.703941
-11.76
-1.07925
-5.95389
-8.77449
1.03205
1.91815
1.74893
2.93065
0.3868
2.44143
-11.5291
-11.7837
4.48877
0.0602721
0.973062
-10.4288
0.0990358
-28.3431
3.82287
-21.5966
-27.6681
-2.21397
3.5385
-1.83558
-29.6011
0.9341
-8.5078
-23.2973
1.41093
3.04177
-23.2025
-8.3636
2.93982
-8.46578
1.46539
-3.39912
2.54338
-6.87137
-2.99142
-0.086693
-0.201904
-13.0843
2.84704
-11.5063
-8.42971
-28.088
1.46856
-8.83799
-4.30717
-5.07169
1.61878
1.06423
0.390032
1.48683
3.00099
-8.75468
2.58167
1.48471
-8.38381
0.669218
-12.7836
-8.67052
-8.08632
1.51713
-8.57677
-28.5968
3.43692
-8.89158
-2.93032
1.80099
0.11498
4.37343
-8.74617
2.00918
6.19025
2.55401
-0.0268436
-9.86013
-11.8141
3.58672
-28.5699
1.41947
-29.2192
-20.035
1.81588
0.537773
1.62496
-26.282
2.18635
2.38086
3.00534
-0.135373
5.00014
3.64641
2.60741
1.56709
2.66039
2.32975
2.2408
1.8221
6.12176
0.521473
1.81349
-3.97093
1.40192
-7.57174
-24.4377
1.18192
1.05634
-24.1355
-9.84826
1.50082
4.30769
3.31336
2.30752
-25.1838
-6.88777
-8.57816
-0.297926
-0.376869
-5.33202
1.57799
-9.44631
0.837944
3.41166
-21.5903
3.14495
-8.95084
7.48594
2.48723
5.46951
-12.9893
-10.6759
2.02838
2.48423
2.11144
3.0574
-24.9748
1.54198
-5.14352
-10.7887
-6.193
6.41828
1.28846
-0.274639
4.1291
-28.6795
-7.94567
2.76507
-9.08492
1.0793
-1.05669
2.10941
-9.42816
-1.96295
-10.1772
-28.6061
-12.5227
2.70775
1.07322
-28.3995
1.49894
-3.97497
2.02546
-8.8501
-1.26924
1.49176
-10.2148
-12.2952
-9.05644
3.69946
-13.6964
-16.9174
3.09184
-8.80546
-6.4785
8.62423
1.87931
-27.5831
-0.232797
3.1122
-3.09077
-6.57107
-21.6397
-0.770641
3.11827
2.4392
-10.2278
2.98513
2.32471
-0.179424
3.1322
-0.0789551
-10.8137
3.50743
6.66725
-11.1066
-12.9811
0.491315
1.66913
2.73017
-26.2421
3.65197
2.90058
-8.44028
3.65249
-0.161133
2.56756
2.72178
1.76902
0.533209
2.59982
2.6874
-10.3652
3.36638
2.876
3.13106
-10.3753
-12.6564
0.190697
-11.4923
-23.5042
1.21102
5.23492
3.7004
3.50328
-3.26602
-8.42557
-26.2528
2.99667
1.38956
3.7795
3.29411
-2.9175
1.46928
3.00147
-14.0287
-11.3239
2.76207
-8.65618
-10.9514
0.663945
2.21033
-9.74858
1.36281
1.06208
-10.9521
-2.82618
1.86828
3.42718
-0.530785
4.82381
6.63283
3.53186
-1.2318
-0.325713
2.89497
3.05514
-28.9405
0.822903
4.0822
-19.2686
-3.89435
-1.6999
0.20952
1.30285
-22.3942
9.12181
-0.664296
1.48341
-29.5663
1.73658
1.61884
-9.2083
-9.52997
-2.58614
1.02445
-28.6585
-17.3744
2.58212
2.47851
1.77312
3.59806
-11.8521
4.90496
3.38135
3.38288
-20.0926
1.43118
2.77702
2.7883
-2.53698
1.69637
1.27303
0.180092
3.29338
0.015848
3.38847
1.92953
-3.59833
-3.70948
-0.219993
-11.3971
1.82238
-0.0700353
3.46817
-0.340492
1.52525
-28.3951
-26.9047
2.45873
-27.6638
-4.79981
3.1894
3.89458
-9.74714
-11.2129
-12.9085
-8.7447
1.33844
-27.1094
-22.5249
2.10528
-10.856
2.60511
1.41895
-9.09541
-9.57267
1.5319
-0.230451
1.69966
-3.80882
3.42259
0.587583
-11.2107
1.6974
3.50417
-0.0782698
-7.82286
-28.7124
-8.40457
3.36303
4.66383
-11.2724
3.73227
3.87249
4.35186
-26.909
1.98485
2.49626
-8.49452
1.87811
0.886257
4.67738
3.80834
-11.1086
2.73641
-12.3929
3.85394
-0.262549
3.45127
3.60429
2.68008
4.67258
3.58309
1.65831
-8.53256
-9.52578
2.27403
1.98379
-0.613646
-28.9552
3.19101
2.74648
2.35529
-7.1137
3.28902
1.11772
-0.462245
-8.6408
-10.0046
-0.0157555
3.4822
1.85865
-26.3877
1.40044
1.309
-6.66493
-17.3324
-9.78497
2.26446
3.86678
2.36121
7.40633
-4.0506
3.39559
3.41156
-0.967533
-10.2921
-11.6742
2.00452
5.48734
1.32957
3.24701
1.76666
-10.7924
-29.6308
-9.97521
-8.8951
-0.206151
2.54978
-9.06848
5.1581
5.17775
-0.412238
6.34601
3.44008
1.32802
3.26612
2.87366
3.72091
3.54557
0.201441
4.08265
4.206
1.34734
1.7942
-29.3906
1.87092
-9.69045
0.173592
-6.53874
5.73617
1.50683
2.78021
-8.69719
-9.13912
3.50863
-8.68894
-12.8047
2.54302
-19.0415
-8.642
-3.06948
2.11268
-11.039
3.22269
-0.11837
-9.29462
-21.9001
6.98555
-9.88152
3.18245
4.69492
1.69618
-10.5063
3.33769
3.11221
-7.63099
0.559392
8.95998
-0.445454
2.81467
3.41966
3.19153
7.83236
-0.153771
0.692957
-20.0141
-1.14442
0.899912
1.80482
-27.1807
-8.81835
2.65319
0.395863
3.41226
-8.01496
0.481919
2.75566
-9.61482
3.33073
3.80791
-0.0247283
3.23241
3.83945
1.52937
3.71871
1.38757
-2.05865
-16.4685
3.36694
-1.12868
0.252873
-0.29598
1.83018
3.54221
-9.86687
-6.3383
1.21214
3.20004
1.85964
-9.5489
0.919598
-4.23615
3.66196
-13.3967
-9.29811
0.0736881
-8.6322
1.03
2.85569
3.23924
5.07483
6.00202
1.52274
3.52586
1.39661
-8.53968
3.18018
-8.96375
1.62906
0.187931
-10.9757
3.98485
1.83723
3.18129
1.60705
0.420628
3.22223
-19.5686
-1.93295
-8.62995
2.2431
2.14853
-26.5376
0.718676
3.45617
1.96751
-9.96472
-14.1843
5.83722
0.946879
-28.3947
2.5129
-10.3326
-29.4912
1.63282
1.50642
4.55113
-12.7362
-8.36059
2.0772
12.437
0.127849
3.21522
-10.9116
-29.0016
2.51545
9.24343
-2.596
-19.3059
-8.41512
-28.5802
2.10486
-2.24602
-10.9296
-9.00054
-2.79104
3.90579
-8.69014
-15.8295
1.83962
-7.32191
1.88319
3.66186
3.83493
3.58876
1.42175
1.46411
-11.6946
-11.044
0.931284
-11.3966
5.37494
2.84883
0.51349
0.347225
2.39108
2.54003
2.75768
5.3486
1.94873
2.29983
2.19658
5.72702
1.148
-13.1728
-18.2513
2.1789
3.33713
-11.1805
3.59777
-11.3566
1.04419
3.06127
1.58267
-10.3578
-18.6505
1.82257
-9.3984
-8.6638
-9.19194
2.72395
5.46911
2.23669
-12.7455
2.92167
3.8048
-0.741324
-10.379
-12.6307
-1.09131
4.85221
3.22158
0.632934
-28.1798
-8.68986
-29.6214
0.0793686
-29.2566
3.37478
2.72838
-8.72235
2.15195
-7.81032
3.42526
-9.22248
-8.48812
-4.35142
-1.51239
2.66404
4.12681
2.745
0.0718987
0.488482
2.86094
-8.57325
-12.621
-2.72047
2.36808
1.91579
-8.67855
0.857232
-25.8687
0.196666
2.19838
3.40668
1.20109
-8.17
4.27762
3.55222
3.20482
4.68226
0.580339
0.634389
2.31662
2.41227
3.93613
2.22178
2.93515
-8.74028
3.40927
1.81887
1.43685
-23.0484
7.07567
1.66846
1.87623
2.1297
-0.439885
4.93423
-26.565
-12.0651
-8.68633
4.97894
2.08088
0.749937
1.1277
2.62593
-2.48664
0.158434
1.76927
-22.9638
3.29761
3.53523
1.61437
-8.0628
-11.834
1.45543
1.87076
2.5171
1.37033
3.36116
-9.27885
2.83809
-12.8264
2.77815
-10.6691
-0.347632
2.36381
-8.66661
-1.54789
3.502
-26.647
-9.51401
5.23881
0.565568
7.71524
-11.6966
3.33591
-9.44963
-0.314923
-11.1976
-9.79495
2.15115
-9.57002
-11.3996
-9.25188
-9.66215
-6.55633
2.91424
-9.3908
3.38397
6.61365
-1.60705
-9.11356
-0.511026
8.43968
6.56295
-9.29537
-1.49779
-26.5467
2.57464
-7.19021
-17.8298
3.62625
-17.5676
1.85565
-11.0976
-9.6744
-0.279668
1.25411
-10.1456
-9.86821
-12.1497
1.51
2.25468
2.28417
3.73573
-3.95449
1.42113
-3.31876
2.57168
-12.0036
3.63104
2.35077
-6.70663
4.83134
-8.93695
1.87661
3.51158
3.26438
2.86714
2.793
4.17786
0.579285
-15.5371
-12.5104
1.45396
-2.68588
0.646399
3.29855
2.64471
4.11017
-8.84281
-18.4428
1.55568
1.10881
4.24112
3.10341
-8.67193
-14.2557
6.43016
0.82502
2.61141
-11.9444
1.82435
7.70396
-9.36048
-4.55773
3.64336
1.42792
-9.43462
-0.593076
2.47788
2.08637
3.73777
-1.53328
-28.3965
-28.6703
-9.37696
-3.35284
2.66159
-8.87762
-8.49896
1.56156
3.14094
-19.1267
1.83222
-9.04419
-21.9358
-6.02363
2.38746
2.54474
2.11097
2.98717
3.32358
1.30561
-8.88279
-8.83939
-4.7454
3.27254
-4.26137
12.3806
2.11757
0.712036
-9.61771
1.55345
-6.63319
-8.92039
-9.43358
-2.59076
3.7458
-10.1484
1.22741
6.56591
-0.553299
-17.6916
-10.0556
-7.31035
2.57523
-12.3806
-8.95562
-3.87992
7.60938
-27.4424
0.988325
-19.463
3.21146
3.29283
-12.6497
-9.50324
-1.91115
1.70612
3.08681
0.969227
-11.4692
3.57145
2.50672
2.15443
3.16732
-11.6935
2.4867
2.10519
9.90385
0.61417
3.10788
-9.72042
2.68436
11.0659
4.45403
3.25703
-9.4327
-9.67518
1.59577
-13.5053
-9.25124
-8.58073
-0.314174
-9.27113
-8.63005
-0.638224
3.12215
8.57289
2.53422
3.3763
-5.81683
-10.6335
4.93745
1.91226
-6.11086
-28.8452
2.32311
-26.2934
1.68029
3.63003
-9.11085
1.89986
5.56272
3.49173
-9.38806
1.46726
-0.284657
6.14585
2.9987
3.57094
1.53664
1.97075
1.42099
-9.90875
-9.58176
-27.2141
-12.8354
9.47476
1.53962
0.648071
-0.371498
1.108
2.43422
-12.9034
1.32925
1.21726
5.5169
7.81695
5.35162
12.1522
0.239391
0.11745
1.78372
-10.1784
2.92071
-10.9652
-9.76789
2.06129
2.01817
-11.008
3.26694
3.5241
1.56758
4.02259
2.03915
3.28659
-3.80972
1.37086
2.53156
5.08815
5.55831
-11.5569
-9.74465
3.14704
3.30412
3.24731
1.32113
2.13293
8.45272
1.83917
-9.21024
-4.18378
-9.45171
-26.5691
7.33755
-9.37474
-9.35078
-9.17153
-4.04542
-4.63917
-10.6274
7.51587
1.87682
-18.6277
5.5375
1.07831
8.77506
1.98842
3.1819
-11.0698
-9.67544
1.49448
-9.47225
-5.15515
1.99488
1.11638
2.68297
16.2742
0.347867
0.804102
-0.0188896
-10.8416
14.058
-9.54712
-5.87984
-9.26767
-9.73619
0.30243
-9.41562
-9.60258
-9.33303
-9.65213
-5.94836
-1.61084
-6.15995
-8.40442
-4.97094
0.204988
1.06924
-9.26744
)
;

boundaryField
{
    back
    {
        type            empty;
    }
    front
    {
        type            empty;
    }
    outlet
    {
        type            zeroGradient;
    }
    circle
    {
        type            zeroGradient;
    }
    walls
    {
        type            zeroGradient;
    }
    inlet
    {
        type            zeroGradient;
    }
}


// ************************************************************************* //
