/*--------------------------------*- C++ -*----------------------------------*\
  =========                 |
  \\      /  F ield         | OpenFOAM: The Open Source CFD Toolbox
   \\    /   O peration     | Website:  https://openfoam.org
    \\  /    A nd           | Version:  10
     \\/     M anipulation  |
\*---------------------------------------------------------------------------*/
FoamFile
{
    format      ascii;
    class       volScalarField;
    location    "1700";
    object      nut;
}
// * * * * * * * * * * * * * * * * * * * * * * * * * * * * * * * * * * * * * //

dimensions      [0 2 -1 0 0 0 0];

internalField   nonuniform List<scalar> 
10435
(
0.520393
0.473194
0.564043
0.511842
0.511454
0.567154
0.564498
0.637972
0.76497
0.578449
0.492585
0.536633
0.59024
0.708615
0.654986
0.577101
0.766233
0.606155
0.836661
0.521313
0.603262
0.542991
0.560752
0.72609
0.559908
1.1939
1.18401
0.574196
1.10031
0.591223
0.534888
0.496056
0.671084
1.08416
0.639348
0.417772
0.598066
1.19247
1.13623
0.805444
0.597148
0.563548
0.751574
0.499952
0.563008
0.765103
0.58104
0.905287
0.789169
0.57856
0.625266
0.530155
1.10173
1.14213
1.15268
1.06863
0.621761
1.16079
0.906221
0.684733
1.11956
0.458479
1.13214
0.519931
0.559339
0.564206
0.96892
1.03032
0.612937
0.702669
1.14885
1.21804
0.639469
0.556404
0.609401
0.581471
0.668369
0.569917
0.705325
0.645907
0.598605
0.560714
1.06571
1.13525
0.615206
0.416812
0.450831
0.479866
0.476892
0.455414
0.487564
0.491939
0.55472
0.45891
0.463412
0.396694
0.499666
0.558345
0.842849
0.498505
0.515997
0.528402
0.451714
0.472003
0.536932
0.505968
0.554212
0.587609
0.638439
0.615012
0.56736
0.521462
0.572639
0.590839
0.494831
0.534499
0.503035
0.426043
0.476121
0.514093
0.50914
0.484502
0.439462
0.344857
0.509453
1.15055
0.507591
0.400418
0.503326
1.295
0.352303
0.506792
0.60154
0.68575
1.22207
0.929703
0.390815
0.519093
0.465791
0.529336
0.524631
0.542467
1.01781
0.51913
0.54999
0.518987
0.361362
0.535302
0.727086
0.529699
0.966386
0.571428
0.485582
0.527344
0.548789
1.06706
0.512017
0.453457
0.562527
0.497517
0.540381
0.732435
0.48974
0.573807
0.575755
0.506041
0.685759
0.535715
0.592877
0.512136
0.550277
0.729696
1.09088
0.491818
0.550834
0.486553
0.439637
0.862714
0.560961
1.10545
0.485038
0.554565
0.528784
1.11661
0.544787
0.78991
0.619996
0.578306
0.515522
0.521251
0.517807
1.03113
1.27787
0.42187
0.515726
0.594459
0.668605
0.416402
0.871713
0.583974
0.524498
1.1226
0.581136
1.12845
0.571135
0.498028
0.485481
0.528158
1.10621
0.558742
0.929336
0.559
0.515207
0.565952
1.14321
0.660257
0.552485
1.00086
1.20347
0.784967
1.10999
0.85949
1.03262
0.421858
1.15022
0.615513
1.16284
0.432806
0.529209
0.490904
0.939005
0.648689
1.17994
0.57576
1.28883
0.823752
0.642737
1.19461
0.633094
0.539736
0.494298
1.12585
0.947575
1.09829
0.49403
0.726972
0.382932
0.607592
0.914357
0.471182
1.00825
0.507954
0.591072
0.568228
0.590981
0.512103
0.866178
0.580012
0.998119
1.04357
0.571765
0.538104
1.16399
0.620701
0.534769
0.917951
0.488999
0.545635
1.05273
0.500228
0.567183
0.642635
0.607624
0.565805
1.23565
0.520038
1.24734
0.506674
0.582996
0.667142
0.581885
0.764468
0.566187
0.465179
0.493657
0.974603
0.523436
1.14221
1.12688
1.09646
0.382708
0.501883
1.08853
0.62484
1.1494
1.13909
0.581994
0.524462
0.504083
0.546247
0.961468
0.621572
0.567214
0.972283
0.501099
0.602911
0.790424
0.580456
0.553326
1.11711
0.555933
1.14413
0.449572
0.528959
0.71981
1.10432
1.08514
0.527844
1.00203
0.539186
0.54441
1.11749
0.48629
0.996735
0.69565
0.578806
1.2796
0.570281
0.98106
1.2202
0.732223
1.06195
1.10709
0.564794
0.546615
1.11463
1.06814
0.965908
1.07714
1.05553
1.29702
1.1506
1.08749
1.09777
1.06225
1.05733
1.07927
1.31466
0.962658
0.729776
1.09424
0.570748
1.16804
0.575144
0.725694
0.806902
0.590363
0.552085
1.12413
1.11019
1.00588
1.17364
1.03901
1.01304
1.11377
1.29781
1.07193
0.555803
1.26724
0.756564
1.16287
1.30691
0.592592
0.834247
0.933734
1.20501
1.16533
1.24673
1.12004
1.22191
1.42935
1.14623
0.681665
1.05306
0.626337
0.753055
0.581326
0.587298
0.778998
0.569619
0.677625
0.418628
0.82837
1.11203
1.11805
0.56633
1.12517
0.593314
1.39249
1.10979
1.30362
1.07379
1.04399
0.567783
1.21196
0.651716
0.58536
0.88206
1.25206
1.32978
0.832739
1.36761
1.2655
1.09333
1.05046
1.00117
1.09324
0.56732
1.13929
1.22706
1.09434
1.0427
0.598578
0.834424
0.897513
0.855637
1.10072
5.79598
5.81715
5.81206
5.79933
5.79532
5.81806
5.89544
6.06922
6.40672
5.17307
5.19214
5.19878
5.20042
5.20924
5.24069
5.31703
5.4694
5.73889
4.56411
4.58058
4.59234
4.60172
4.61729
4.65157
4.72215
4.85247
5.07121
3.97859
3.99246
4.00563
4.01824
4.03626
4.06947
4.13165
4.2406
4.41727
3.42888
3.44032
3.45283
3.46584
3.48353
3.5133
3.56579
3.65442
3.79541
2.92746
2.93671
2.94754
2.95936
2.97513
3.00042
3.04299
3.11256
3.2208
2.48477
2.49225
2.50095
2.51079
2.52395
2.54454
2.57807
2.63105
2.71069
2.10794
2.11355
2.11977
2.12727
2.13773
2.15415
2.1803
2.22034
2.27824
1.79931
1.80216
1.80558
1.81067
1.81869
1.83174
1.85233
1.88316
1.92664
1.55491
1.55428
1.55492
1.55788
1.56393
1.57444
1.591
1.61534
1.64912
1.36559
1.36211
1.36078
1.36225
1.36693
1.37559
1.38919
1.40877
1.43527
1.22033
1.21649
1.21464
1.21548
1.2193
1.22661
1.23799
1.25402
1.27522
1.1114
1.10946
1.10831
1.10909
1.11235
1.11855
1.12811
1.14137
1.15854
1.03487
1.03491
1.0346
1.03534
1.03796
1.04298
1.05081
1.06168
1.07565
0.986922
0.98743
0.987172
0.987375
0.988959
0.992538
0.998497
1.00703
1.01817
0.962272
0.961541
0.960276
0.959249
0.959306
0.961058
0.964884
0.970925
0.979103
0.954354
0.951766
0.948781
0.945947
0.944009
0.943564
0.94499
0.948404
0.953625
0.957539
0.953377
0.948422
0.94341
0.939101
0.936121
0.934885
0.935551
0.937998
0.968336
0.962947
0.955966
0.948524
0.941529
0.935691
0.931494
0.929173
0.928699
0.984717
0.978233
0.969121
0.959002
0.949008
0.939978
0.932488
0.926856
0.923094
1.0056
0.997852
0.986315
0.973181
0.959839
0.947258
0.936115
0.926858
0.919704
1.0306
1.021
1.00645
0.989829
0.972737
0.956218
0.94101
0.927671
0.916621
1.06014
1.04725
1.02867
1.00795
0.986686
0.965864
0.946178
0.928222
0.912598
1.09569
1.07615
1.05202
1.02659
1.00082
0.975453
0.950977
0.927871
0.906879
1.14042
1.10638
1.07519
1.04483
1.01444
0.98457
0.955264
0.926524
0.89898
3.56077
3.64522
3.73417
3.82708
3.92368
4.02344
4.12596
4.23063
4.33706
4.44462
4.55288
4.66141
4.76964
4.87727
4.98368
5.08845
5.19108
5.29101
5.38768
5.48058
5.56899
5.65227
5.72973
5.80057
5.86405
5.91941
5.9668
6.00615
6.03726
6.05981
6.07475
6.08267
6.08414
6.08017
6.07187
6.06061
6.04789
6.03527
6.02451
6.01742
6.01577
6.0214
6.03571
6.05984
6.09442
6.1393
6.19339
6.25476
6.32006
6.38518
6.44499
6.4939
6.52665
6.53813
6.52477
6.48414
6.41579
6.32055
6.20217
3.53127
3.61668
3.70606
3.79914
3.89559
3.99503
4.09705
4.20122
4.30707
4.41416
4.52202
4.63021
4.73825
4.84571
4.95209
5.05691
5.15966
5.25979
5.35673
5.44987
5.5386
5.62226
5.70019
5.77172
5.83617
5.89289
5.94141
5.98149
6.01317
6.03676
6.05279
6.06178
6.06439
6.06149
6.05413
6.04359
6.03131
6.0189
6.00809
6.00071
5.99859
6.00346
6.01688
6.04003
6.07356
6.11742
6.17061
6.23113
6.29585
6.3606
6.4204
6.46982
6.50338
6.51609
6.50401
6.46464
6.39717
6.30236
6.18337
3.48297
3.56576
3.65263
3.74334
3.83759
3.93503
4.03524
4.13782
4.24233
4.34832
4.45535
4.56295
4.67067
4.77804
4.88456
4.98974
5.09303
5.19388
5.29169
5.38583
5.47566
5.56049
5.63965
5.71244
5.77817
5.83626
5.88628
5.92799
5.96135
5.98658
6.00408
6.0144
6.0182
6.01634
6.00984
5.99994
5.98804
5.97574
5.96475
5.95689
5.954
5.95787
5.97008
5.99189
6.02406
6.06662
6.11874
6.17854
6.24304
6.30823
6.36922
6.42062
6.45696
6.47324
6.46544
6.43087
6.36854
6.27898
6.16519
3.40813
3.48789
3.57183
3.65975
3.75137
3.84639
3.94443
4.0451
4.14801
4.25272
4.3588
4.46579
4.57322
4.68062
4.78747
4.89326
4.99741
5.09934
5.19842
5.29399
5.38535
5.47182
5.55268
5.62723
5.6948
5.75482
5.80684
5.85061
5.88606
5.91333
5.93276
5.94484
5.95023
5.94976
5.94444
5.93548
5.92425
5.91234
5.90144
5.89339
5.89005
5.89324
5.90461
5.9255
5.95677
5.99859
6.05026
6.11007
6.17518
6.24172
6.3049
6.35935
6.3996
6.42053
6.41792
6.38889
6.33221
6.24821
6.13969
3.31153
3.38785
3.4685
3.55332
3.64208
3.73451
3.83028
3.92903
4.03037
4.13391
4.2392
4.34579
4.45322
4.56097
4.66852
4.77531
4.88075
4.9842
5.08501
5.18248
5.27589
5.36451
5.4476
5.52446
5.59441
5.6569
5.71149
5.7579
5.79601
5.82592
5.84788
5.86235
5.86995
5.87148
5.86794
5.8605
5.85055
5.83963
5.82948
5.82193
5.81889
5.82222
5.83366
5.85465
5.88615
5.92846
5.98104
6.04229
6.10952
6.17892
6.24576
6.30463
6.34995
6.37644
6.37971
6.35664
6.30578
6.22728
6.12378
3.19612
3.26858
3.34562
3.42712
3.5129
3.60271
3.69626
3.79321
3.8932
3.99584
4.10068
4.20727
4.31511
4.42369
4.53244
4.64076
4.74804
4.85359
4.95671
5.05668
5.15274
5.24413
5.3301
5.40993
5.48293
5.54857
5.60639
5.65609
5.69754
5.73076
5.75598
5.7736
5.78423
5.78863
5.78777
5.78283
5.77515
5.76629
5.75801
5.75218
5.75074
5.75563
5.76869
5.79147
5.82506
5.86991
5.92559
5.99064
6.06241
6.13713
6.20997
6.2754
6.32763
6.36114
6.37126
6.35465
6.30965
6.23627
6.13707
3.06616
3.1344
3.20758
3.2856
3.36835
3.45561
3.5471
3.64252
3.74152
3.84369
3.94858
4.05572
4.16459
4.27462
4.38523
4.49578
4.60559
4.71396
4.82013
4.92334
5.02281
5.11774
5.20739
5.29099
5.36788
5.4375
5.4994
5.55326
5.59893
5.63641
5.66589
5.68775
5.70257
5.7111
5.7143
5.71332
5.70952
5.70445
5.69992
5.69781
5.70016
5.709
5.72627
5.7537
5.79254
5.84338
5.9059
5.9787
6.05911
6.14323
6.22601
6.3016
6.3638
6.40668
6.42518
6.41567
6.37631
6.30704
6.21053
2.92606
2.98967
3.05871
3.13316
3.21291
3.29779
3.38754
3.48186
3.58039
3.68273
3.78838
3.89682
4.00749
4.11978
4.23306
4.34666
4.45988
4.57195
4.68207
4.78942
4.89321
4.99262
5.08691
5.17532
5.25712
5.33179
5.39888
5.45809
5.50922
5.55227
5.58747
5.61514
5.63588
5.65044
5.65974
5.66504
5.66767
5.66912
5.67133
5.67622
5.68594
5.70267
5.72852
5.76548
5.81503
5.87787
5.95378
6.04122
6.13737
6.23806
6.33779
6.43004
6.50779
6.56429
6.59378
6.59218
6.55749
6.48985
6.39232
2.78308
2.84156
2.90618
2.97701
3.05394
3.13678
3.22525
3.31893
3.41763
3.52106
3.62841
3.73912
3.85252
3.96793
4.08479
4.2023
4.31986
4.43668
4.55172
4.6642
4.77335
4.87833
4.97848
5.07301
5.16101
5.24212
5.31586
5.38201
5.44037
5.49101
5.53424
5.57034
5.59971
5.62321
5.64176
5.6571
5.67056
5.68293
5.69668
5.71394
5.73714
5.76861
5.8106
5.86581
5.93621
6.02237
6.12402
6.23849
6.36259
6.49261
6.62295
6.74562
6.85125
6.93113
6.97787
6.98575
6.95235
6.87863
6.76926
1.23465
1.19528
1.166
1.14046
1.11647
1.09363
1.07251
1.05431
1.04071
1.03391
1.03667
1.05178
1.0818
1.12895
1.1955
1.28454
1.39889
1.54032
1.70949
1.90634
2.13063
2.38234
2.66208
2.9716
3.31463
1.17315
1.16816
1.15267
1.13305
1.11169
1.08996
1.06921
1.051
1.03721
1.03012
1.03232
1.04652
1.07547
1.12184
1.18836
1.27778
1.39246
1.53399
1.70304
1.89962
2.12349
2.37468
2.65394
2.96336
3.30713
1.15169
1.14972
1.1389
1.12262
1.10321
1.08244
1.06201
1.04371
1.02958
1.02192
1.02328
1.03641
1.06418
1.10956
1.17546
1.26452
1.37883
1.51971
1.68766
1.88256
2.10403
2.35195
2.62687
2.93051
3.26615
1.1392
1.13614
1.12632
1.11135
1.09292
1.07266
1.05232
1.03377
1.0191
1.01063
1.01093
1.02279
1.0492
1.09325
1.15792
1.2458
1.35877
1.49787
1.66335
1.85485
2.07179
2.31382
2.58131
2.87566
3.19967
1.1286
1.12448
1.11469
1.10013
1.08204
1.06187
1.0413
1.02223
1.00675
0.997212
0.996201
1.00656
1.03135
1.07371
1.13664
1.22261
1.33333
1.46958
1.6313
1.81785
2.0284
2.26241
2.52007
2.80262
3.11266
1.11804
1.11336
1.10358
1.08918
1.07114
1.05076
1.0297
1.00982
0.993269
0.982399
0.979838
0.988473
1.0114
1.05177
1.11252
1.19602
1.30376
1.43626
1.59314
1.77345
1.97608
2.20027
2.44606
2.71456
3.00827
1.10682
1.10232
1.09297
1.07885
1.06075
1.03997
1.01815
0.99722
0.979339
0.9669
0.962575
0.969292
0.990162
1.02831
1.0866
1.16724
1.27153
1.39968
1.55098
1.72412
1.9177
2.13068
2.36287
2.61531
2.89054
1.09388
1.09131
1.08324
1.06966
1.05147
1.03009
1.00728
0.985071
0.965661
0.951461
0.945207
0.949872
0.968565
1.00437
1.06007
1.13771
1.23834
1.3619
1.50732
1.67292
1.85688
2.05778
2.27509
2.50975
2.76419
1.07999
1.08131
1.07539
1.06247
1.04402
1.02179
0.997743
0.97409
0.953049
0.93698
0.928721
0.93129
0.947777
0.981262
1.03445
1.1092
1.20635
1.32554
1.46535
1.62368
1.79831
1.98728
2.1894
2.40569
2.63714
0.592992
0.592269
0.394453
0.598356
1.05538
0.930267
3.98068
1.45283
0.379464
5.15324
0.269907
0.614292
1.07462
0.61131
3.99515
3.42764
0.315106
0.59813
7.36178
1.56365
3.01881
4.77417
0.306787
0.485512
0.663218
1.72674
0.721136
0.776067
0.515364
0.304578
4.83743
2.03275
0.53886
1.44027
0.300492
1.87234
1.66643
3.98683
1.6044
1.00678
0.405826
0.167086
3.52626
0.837154
0.728088
5.70411
0.292116
0.323993
0.463797
0.593031
0.284775
0.38986
2.78346
0.597032
3.87712
0.386071
0.618567
3.10907
0.614977
0.355911
1.90686
0.405241
1.00219
4.2515
1.55765
0.946502
1.32672
0.276317
1.00622
0.539928
0.398005
5.1917
1.05173
1.73343
0.559681
3.07242
2.21693
0.346515
0.608289
0.591586
1.54764
2.00778
1.97915
0.252005
1.35999
1.73392
1.32985
0.352678
0.533019
0.895071
0.624063
1.04577
6.50056
0.617846
0.994319
0.272862
1.66616
0.269966
0.363063
0.358031
0.801949
0.413892
0.814001
5.45756
0.621929
0.959519
0.317934
1.70622
0.180756
0.307855
4.47256
0.365776
0.340593
5.48896
2.91869
0.468974
0.460021
1.08089
1.87064
0.270896
0.0858336
0.378773
0.46885
0.642669
0.526297
3.30519
0.393347
1.87361
0.746791
0.324915
1.81742
1.78485
0.52709
1.64752
0.912838
1.24977
0.68934
0.760308
2.32761
1.46683
5.72308
1.45813
0.354083
0.113294
0.497482
3.64417
0.593875
2.58743
3.36143
0.297968
1.70586
1.1706
0.595314
4.42391
0.476355
0.252403
0.778185
1.09316
2.64933
2.04626
3.65134
0.38861
3.62005
0.275089
5.09477
0.263686
0.630852
0.67543
4.08459
0.754685
0.604862
4.46105
0.275955
0.256993
1.29003
0.947664
2.86275
0.527342
0.410135
5.65796
2.37801
1.93292
2.59113
2.89107
1.04955
0.770405
0.268117
0.177344
0.586498
3.03746
0.336169
0.356839
0.527922
1.36294
4.33673
0.577072
0.553687
4.67192
0.484794
0.551011
0.891246
4.81611
1.97426
3.00671
2.08854
3.24288
1.23887
0.795719
0.471282
1.2157
0.621829
0.528121
2.14128
2.05568
1.41232
0.388001
0.792104
1.1817
5.45812
0.901264
0.671272
0.195605
0.445111
0.424765
0.404073
0.439841
0.799348
0.318622
0.177227
1.05466
0.248168
1.97396
1.74129
0.99484
1.59461
4.40381
3.01675
0.71428
2.87503
4.60758
3.14554
1.80398
4.71047
0.953071
1.11711
1.69884
2.25641
0.832867
3.43089
3.67007
0.167047
0.976241
1.94244
0.477403
0.942169
0.667284
0.328084
2.32369
2.74837
7.18046
0.257203
0.776649
2.75632
0.487665
1.87155
0.61067
3.80597
0.583971
3.98489
0.718363
2.89982
0.525951
0.436753
1.05458
7.57088
0.581803
1.13968
0.357409
0.643485
0.356243
0.966501
1.60476
0.257307
5.69948
0.406137
2.49141
0.967525
0.513338
0.304594
0.333517
4.5752
3.77149
0.102398
0.30526
1.00597
0.396375
0.404269
1.12755
1.96321
0.384354
0.360694
3.7984
0.639324
3.04695
0.4191
4.52506
2.98034
1.66292
1.46138
2.18595
5.2734
6.1313
0.564051
0.717444
0.381682
1.19196
0.305791
1.87987
0.709705
1.03641
2.66058
3.01258
0.573244
4.89178
1.37031
0.651506
0.462242
1.78285
1.15846
3.0532
5.1045
4.28659
0.642419
4.97642
0.365702
1.76183
2.40807
2.13184
0.10649
0.258676
0.506324
0.641201
0.370082
6.17795
1.93344
0.764088
0.778951
0.964095
1.11288
0.276185
0.517864
6.35956
0.147058
2.80626
0.30953
0.376572
0.810963
0.799625
4.51549
0.279976
0.479312
0.29234
2.86207
0.443853
0.173449
1.16919
4.0713
0.319205
2.71902
0.594649
5.88099
4.35904
0.530044
0.430344
1.08902
0.494579
0.321618
5.9162
1.61288
4.35428
0.411718
4.17089
0.528373
0.828477
0.803908
0.924475
5.27947
1.58774
0.272274
0.335389
3.33201
3.35975
0.886428
0.526113
2.55156
6.25397
4.40489
0.54284
1.08425
0.51602
1.48367
3.66594
1.28593
0.605741
0.644538
0.110585
3.92668
0.871935
0.651268
3.10555
0.529411
2.67016
0.382223
2.26452
2.64612
0.214621
0.447251
0.276886
1.15853
1.04906
5.26771
1.68716
0.86014
0.811652
4.23663
0.348912
0.0757564
0.629867
2.00139
2.17595
2.94545
0.681543
0.90858
0.603464
4.44541
3.99326
4.53142
0.0842826
1.04753
0.186048
2.30735
4.59288
0.316099
0.707705
0.986146
0.477861
0.741813
0.498328
0.621013
0.607934
0.432728
3.48304
3.52508
0.390747
6.14687
0.546632
0.274419
1.95213
0.575431
2.09757
3.8784
1.06771
0.529338
2.08857
0.355386
1.2576
0.673201
0.41822
2.42288
0.277231
0.863845
1.10481
0.293111
0.166866
0.684166
1.27026
0.941885
0.844361
2.67591
2.72023
1.59242
2.01073
0.13295
0.626778
0.250911
1.19588
2.28254
5.18053
0.562901
5.49843
4.23698
3.58948
0.344765
0.530762
2.64435
0.641018
4.16811
2.62875
5.68547
0.591017
3.62991
4.48691
2.52769
0.898478
2.79712
1.62238
2.94181
3.06286
3.98849
2.06801
4.77752
1.74744
1.29419
0.950007
0.662983
0.318489
0.43505
0.43869
0.448009
2.8534
6.8155
0.334609
1.54826
0.561207
1.31608
5.46507
0.35057
0.439519
2.96867
4.69478
0.937673
5.57335
0.563616
0.449276
0.258172
0.658138
3.70301
0.408304
0.481852
3.69486
1.05256
0.307685
4.68834
0.329004
0.194193
0.430041
3.02641
0.63749
2.69475
0.352025
1.83599
2.24251
0.753031
0.479648
0.444644
0.312955
0.45923
6.30891
1.29118
0.461614
1.83
1.8227
3.76419
1.17257
0.300767
6.00487
2.78813
0.625118
2.13812
0.267437
0.550498
5.44667
3.3706
0.663687
0.898888
0.343021
0.284976
0.462887
0.675625
0.272407
1.55099
2.57742
4.74638
6.75509
1.47097
0.542728
4.65599
0.895014
0.77142
4.78777
0.924381
1.38621
4.20494
4.14465
6.13192
0.618167
1.33413
0.434973
1.12655
2.06031
0.370603
0.761239
0.200445
0.605065
1.91334
1.00048
2.42667
2.23863
0.487475
3.24624
3.74983
1.81371
1.72484
4.04529
0.913859
2.92822
0.856259
0.799921
0.44146
4.56713
1.217
2.98479
6.31327
1.31655
0.646239
0.359964
0.292362
0.767847
0.552104
0.622742
0.671908
1.00819
0.417374
3.69212
0.273494
2.89039
0.784534
0.411069
1.08554
3.84391
2.70415
0.608323
0.930126
4.54143
0.964158
1.60931
0.514504
0.668135
0.361885
4.20479
2.86529
0.300325
5.47809
0.126858
5.48505
2.49388
0.286549
7.28244
2.6846
2.86423
0.451191
0.575781
0.264249
0.0934716
1.08029
1.30901
0.438704
0.493335
0.947648
2.74811
0.641136
7.4517
1.24323
0.360715
0.161537
2.50355
1.94259
1.8493
5.84854
3.49458
0.422267
2.8645
0.522483
1.99533
3.56801
0.624341
5.78725
0.501079
0.342613
2.15236
3.90414
1.04335
0.277529
1.5424
6.25962
3.68539
1.4344
0.713831
2.49749
4.95272
0.613533
0.260676
1.08399
5.24354
5.47531
0.343512
4.00873
1.32682
0.330931
4.2014
0.57097
0.298722
7.58548
0.819965
1.20035
0.12265
3.44565
0.94723
3.41758
1.92965
1.21337
7.02358
2.46468
0.583123
3.62315
1.6311
1.63635
1.17498
1.8929
0.423756
7.26434
0.412014
3.84992
0.525042
2.68792
0.427106
0.301595
0.567099
0.96301
3.2632
0.119614
0.251508
3.36418
0.915382
0.595898
6.40405
2.47805
0.694319
0.836674
1.61158
2.47307
0.286281
0.448115
2.29351
4.05576
4.18383
2.20824
0.427833
0.0497839
3.50038
0.687253
0.159858
0.601802
0.647034
0.300271
4.27389
0.660761
4.28693
0.252471
0.140935
0.989495
0.934658
0.7757
1.9148
3.47575
0.333432
3.22073
0.836692
3.76481
3.31242
0.32155
0.984631
0.36481
4.07151
4.8098
0.50899
4.38274
1.54488
1.32412
6.61193
5.87748
2.82931
1.32928
0.181879
5.52279
0.279787
0.455077
2.85589
2.2899
2.76853
0.988267
3.58854
0.462927
1.95737
0.678554
6.07835
0.305675
0.301155
1.38743
0.681556
0.58001
0.392348
1.64607
1.64539
0.584126
0.973103
0.427046
0.520758
5.56647
1.63652
0.363978
0.552181
0.585078
4.89168
1.94933
0.365061
2.77952
1.8372
3.73866
1.13847
0.640405
2.88987
0.342208
0.313997
0.608065
7.36998
3.01524
0.508971
7.15253
2.84084
0.310757
2.80544
1.67693
0.374564
0.951851
5.14211
6.32473
5.4568
1.01538
2.86929
0.358492
1.4702
2.65899
3.28134
3.57678
1.5045
0.42177
0.274344
0.970433
4.11762
0.0723749
0.594216
0.629597
0.247257
1.3473
1.86543
3.72104
0.0628374
3.44108
3.18915
0.559704
0.539964
2.58498
0.358787
0.345634
0.287974
7.01191
0.562758
3.09514
5.95864
3.86047
2.02183
0.62067
1.98508
2.52181
0.899731
2.61638
0.453817
0.244399
0.370215
0.573455
0.680886
3.03402
3.88802
0.550743
0.868239
6.59297
0.579342
0.329627
0.299474
1.05942
2.79325
0.60438
1.31901
0.815341
2.96925
0.418905
1.3576
0.395561
1.23704
0.51752
3.79632
2.8701
0.583634
0.108697
0.671107
6.55512
0.386721
0.677571
0.425967
0.479618
5.14571
0.779085
2.77023
0.838034
0.59684
3.16799
2.95812
2.86153
2.6806
0.313942
2.85394
0.280196
0.196802
0.392623
5.81842
3.12108
6.97134
1.74665
1.30476
0.448244
0.460067
0.758136
2.87016
1.90445
0.763638
4.52812
2.20134
0.898544
1.5311
0.467232
0.327367
0.274442
4.53767
3.29054
4.53841
1.87626
0.46821
1.08847
0.776299
3.18504
3.99332
0.656225
0.766267
1.83231
5.27569
0.632713
0.991625
2.9674
1.24161
0.469724
0.399306
1.55502
0.457525
3.70476
0.423136
2.59007
0.377837
0.499112
0.907018
0.676781
0.35917
3.60869
0.286875
1.22137
0.705666
0.471645
4.09034
0.30334
0.532427
3.94662
4.12683
0.472144
0.428127
2.87535
1.96104
0.299291
3.53801
0.385078
2.66808
0.264843
0.310371
0.388294
0.281676
2.73293
0.489981
1.35627
1.31158
1.11109
3.00353
4.1087
0.242313
6.62524
1.91329
2.05834
6.391
0.395106
0.447448
3.81985
0.327924
4.09271
3.33126
4.07786
0.954903
0.286958
0.305403
6.18237
1.42455
0.319306
4.46538
0.662113
0.453101
0.343654
0.826734
1.73918
0.794205
3.23026
0.389483
4.90013
6.80428
0.972579
4.37949
1.30048
0.396013
0.338204
0.598672
2.63821
1.79485
4.57264
0.480462
0.905784
2.17308
3.38453
0.545524
0.288677
0.282789
2.3304
2.50244
0.921961
0.436276
5.12222
0.432783
0.763562
0.269009
0.538429
0.596114
0.923943
0.774746
5.68819
5.14466
0.184782
0.564989
7.46955
0.570578
1.66571
1.76297
1.2591
3.68162
2.70181
0.380776
1.59927
2.8429
1.26097
4.22673
0.490611
0.259151
2.69987
1.03679
5.3447
0.42794
0.587115
0.932436
0.358558
1.6178
6.88484
1.75427
2.34147
1.99099
4.54761
2.66515
1.23115
0.186696
0.61431
2.76247
0.472499
2.81127
7.0249
0.896924
2.67685
0.447564
0.42687
4.50019
6.63964
2.54218
1.50234
0.623085
0.522465
0.541323
0.165286
5.39954
0.469301
0.890392
0.603972
0.649487
0.22052
0.603365
0.398515
0.130119
1.89652
0.632906
5.80333
0.294191
2.21536
2.99271
3.44663
2.44955
6.01297
1.66642
2.8896
1.31607
0.312765
0.533198
0.455187
0.60477
0.909548
0.599951
2.12997
0.425635
2.62135
1.71158
0.237216
0.219789
0.887181
3.53839
2.34181
0.294511
0.504511
0.592781
0.909867
4.52843
0.666501
0.507276
0.295471
0.281635
0.283591
0.318776
0.273423
0.743506
1.06991
0.616544
0.256045
0.713112
3.04391
0.457262
5.96539
0.362967
1.46797
3.41227
0.432567
3.56203
0.907784
0.672271
2.65959
1.50727
0.856961
6.22203
0.737219
0.715071
0.48932
5.92223
0.394111
0.335331
3.22323
0.728298
0.480022
0.544635
0.402353
0.331453
1.71588
3.70059
0.525693
0.411931
1.57113
2.76938
3.94377
4.47051
2.1251
5.92248
3.31913
2.06185
1.19762
6.71177
4.53716
0.602277
1.86289
0.49868
0.18654
1.85882
1.99023
2.90885
0.904569
5.05232
0.233558
0.285284
5.91821
0.344984
0.573445
5.40937
2.97429
0.430001
0.870098
2.52539
0.420881
1.91137
3.49877
5.62513
4.13771
3.13389
2.86437
0.533999
5.6797
0.641444
0.582501
2.17938
0.109574
2.72817
0.535761
1.51241
0.559521
0.709608
1.19414
0.422443
0.364926
0.302786
0.427592
4.73653
0.373386
0.529031
7.34579
1.09375
3.9703
0.341718
1.83724
0.89284
3.74104
3.97798
0.528319
0.416371
0.417217
5.03042
1.52292
6.92604
0.433405
2.02388
0.626752
3.02625
1.74604
0.335661
1.40564
1.41447
3.07587
0.468359
0.362237
4.68572
0.750683
3.9161
0.915309
2.42265
4.3147
5.00378
2.76771
0.45716
6.50005
0.983836
0.616582
0.598253
0.985206
0.851912
0.417566
6.71288
3.01786
0.448985
6.06612
1.11651
3.09699
2.83018
3.64834
0.816212
0.339455
0.648849
2.71442
0.369446
1.67705
5.04572
0.950283
4.51615
2.91174
0.112442
3.07445
0.533509
2.14853
0.535072
0.425304
2.98302
1.09837
4.33966
0.564088
0.999486
5.77925
3.50455
0.382936
0.40851
4.9073
5.75123
0.605256
0.472191
0.837222
5.12316
1.08851
1.05905
0.349489
2.28571
0.829595
0.924652
0.506108
0.867918
0.792582
0.958761
1.40594
2.77056
0.422127
2.27706
0.889555
3.83868
0.486692
1.56438
2.48276
0.885972
0.867907
0.503173
0.263061
0.4995
0.453463
0.270038
4.97091
3.31304
1.42022
1.59689
0.489366
0.760366
0.748795
4.61023
4.89946
4.02637
0.429991
0.402023
6.56751
4.90614
0.323626
5.141
0.584836
0.439186
0.394027
0.366249
2.01797
0.476113
5.31295
1.38286
1.1577
0.41481
0.498284
0.486669
1.93575
0.633755
1.10026
2.27769
1.22038
1.96985
1.10486
0.468205
0.440442
7.13047
0.620825
2.64118
0.403422
3.09234
0.453647
0.598652
0.358591
5.41443
1.97293
1.79541
5.57126
5.75499
1.83099
7.02176
0.527868
0.492492
5.83913
0.864273
1.41366
0.375839
0.51925
0.320507
1.23522
0.66455
1.16713
0.886745
1.66121
0.576219
0.476908
0.922172
6.10961
0.70819
4.73455
0.974206
4.79166
1.10428
6.21494
1.38857
0.84473
2.58555
5.7537
0.452386
3.44779
3.84725
0.245784
0.678169
2.53407
0.456213
0.519968
3.42875
0.478848
6.25581
2.83464
5.30108
5.11186
2.32435
1.40059
0.419465
0.968139
4.59572
0.507981
0.522232
2.77349
5.12525
2.72588
5.14622
4.34483
0.176894
3.41969
0.506654
2.07983
6.76303
5.18125
0.567795
2.48824
0.456646
0.538074
0.153907
0.480151
5.00204
0.509583
0.444866
0.428781
7.51481
0.0304106
2.64886
0.769843
5.06992
0.518184
3.77236
0.314589
0.767915
1.04685
0.394136
6.38303
0.511441
1.01106
4.6108
3.09011
0.352128
4.87546
1.46606
6.07093
3.74414
5.37994
2.53901
0.501617
0.414347
4.65658
5.39216
0.429668
4.38025
4.68795
0.463809
0.76735
1.0897
1.3076
1.06819
5.94479
2.8909
1.11682
0.0028149
0.649167
5.61546
0.35262
2.45844
1.41856
0.906593
0.873427
2.78046
0.34403
1.79401
0.373962
0.234664
0.113747
2.57165
5.49514
4.65919
0.46449
3.55729
0.489158
0.473585
1.59132
5.51007
0.292952
0.969191
0.39918
0.819088
0.920988
0.498704
0.939474
2.88408
3.9598
1.14703
0.657023
5.42164
4.30836
0.618447
5.91134
0.607295
1.02989
0.496847
0.597112
0.450548
4.51447
1.85092
0.365912
6.80333
2.97988
0.363433
2.81316
1.05014
0.60979
3.48028
0.418092
1.48046
1.88027
0.337255
2.71725
0.375955
2.01277
0.614967
0.853064
0.488793
0.641361
0.396155
3.33492
2.85997
0.697988
0.413785
1.99911
0.713738
0.846079
3.95139
0.726492
2.70897
0.627145
5.7893
2.6927
0.361755
1.33908
0.874964
0.482272
0.595055
3.42588
0.347762
6.14674
0.265056
3.18552
2.58975
4.6013
0.590554
3.52959
4.78185
0.236894
0.937883
0.975358
0.74643
0.211707
0.540212
2.86149
2.85957
2.46111
1.2359
2.61841
1.64734
4.78085
3.62171
4.57874
0.406383
0.64939
0.531347
4.50729
2.16391
0.369365
5.04857
0.310249
3.4035
0.309977
4.4004
0.564409
0.79244
0.264496
0.849287
2.36294
1.48476
0.877741
0.625224
4.4495
2.84846
0.677977
0.569711
2.88523
2.27731
0.589337
1.41182
1.46796
0.291996
0.760788
1.72099
3.42971
5.39305
0.394774
3.65098
0.513737
0.943414
0.701041
3.68751
2.948
0.361109
0.432182
0.982701
3.34611
0.785103
2.97255
1.20838
0.670653
0.383756
3.08861
2.13385
2.86023
4.30089
0.6275
0.495537
0.635104
4.73365
2.1385
1.10957
0.435954
5.82812
4.45531
0.203813
0.729276
0.600115
1.38946
0.396074
1.84878
1.31644
0.430417
2.85136
0.750839
1.22247
3.03988
3.71641
0.465826
0.408305
0.385487
1.8448
5.30998
7.44937
0.349719
0.421485
0.573389
0.122989
3.54278
4.36038
3.07975
0.98895
0.408539
2.51898
0.341089
0.669764
1.00229
0.585041
5.6193
4.68584
0.885947
0.607745
2.19888
1.34953
0.948292
6.06123
1.83442
0.882545
3.06298
2.5106
3.03204
5.69105
5.81163
2.23842
0.169326
4.25426
2.44674
2.86757
1.20569
0.972926
0.406262
0.558402
1.40392
0.585444
0.872467
0.324534
1.48959
2.77253
0.213558
7.02323
0.118613
4.40539
6.06575
0.352048
4.9424
0.986098
0.365026
2.52326
3.57513
2.79524
3.29843
0.564044
0.536384
1.12751
0.424504
3.66404
3.00307
0.0506747
0.606659
1.0606
0.669597
3.13541
0.42427
0.892977
3.11431
0.269349
0.311035
0.849529
0.466469
0.312052
0.561075
0.353666
0.407956
0.447809
0.704758
2.25783
0.254889
0.563837
5.38044
0.454837
0.60944
4.50485
1.79746
2.46612
0.539639
4.69812
3.96551
1.0109
4.81831
0.370015
4.99128
0.600434
2.79631
6.71734
0.329384
2.72156
0.915138
0.856267
0.369291
5.82201
4.59955
0.420657
4.94304
0.458082
3.9095
3.2248
1.02951
1.75785
0.190799
5.00335
2.32719
1.17976
4.97562
0.872192
0.538887
1.23107
1.88209
0.688892
0.605701
0.401246
0.600086
0.667173
1.93048
0.618008
1.0561
1.0576
0.886845
0.565094
2.94774
3.36918
3.59813
3.47414
0.791705
2.5203
1.43416
0.595164
5.96045
5.80822
0.642932
0.705598
2.50992
3.37651
0.0526978
4.09206
6.15766
2.85898
2.5703
2.63806
3.16787
0.902524
1.01396
4.70177
3.65644
0.420398
0.555613
0.422515
2.15505
0.0823869
1.06259
3.61206
1.49967
4.27072
0.355491
5.8061
0.258626
2.57099
0.24914
0.905526
1.34972
3.10298
2.8643
0.607738
2.6311
0.488754
0.242512
0.176011
0.621671
0.27709
3.557
2.79255
0.552609
0.424796
4.73427
3.2456
3.07961
2.37711
1.02197
0.374835
0.270681
2.8503
3.15011
6.01485
3.58201
5.54529
0.467145
0.105159
0.20151
2.86569
2.51718
0.707517
0.97772
0.370241
0.895036
0.186326
4.81548
0.320728
2.30569
0.862428
0.696815
4.55608
0.387831
0.62422
2.96555
2.17786
0.401616
2.50629
0.609773
0.673691
3.22029
0.752083
0.928626
1.84964
1.68066
4.32215
0.798345
3.41942
0.510353
0.947027
2.13826
1.29195
6.50181
0.297747
0.642023
2.46303
1.39507
4.50921
1.6734
0.408264
4.85206
2.92233
6.27244
2.75074
0.366864
0.375361
0.522626
0.381301
0.572618
0.636574
0.418281
0.650203
2.76694
4.4383
1.11023
2.84118
1.04433
0.282701
4.66747
3.41028
0.472472
0.364853
0.600564
3.49309
0.764568
0.547992
0.396287
0.635596
0.575846
1.41734
5.89753
1.44054
3.844
0.774042
0.0700701
3.22712
0.988066
0.853758
0.922667
4.32412
6.04332
2.87562
0.461552
0.765591
3.65912
1.6432
1.34739
1.75616
0.413949
2.70639
0.465482
2.9602
2.9997
4.90064
0.401594
0.779238
2.84771
3.35335
0.389347
0.843342
0.686972
2.04248
0.135169
0.20008
0.713278
0.576724
3.13987
5.95062
0.409324
4.01592
2.66476
0.272913
2.31224
3.5904
3.68812
0.631158
4.59498
6.40084
0.261196
7.14519
2.42988
3.22182
0.262744
3.16974
5.37083
3.94319
1.21152
6.75499
2.6314
0.710705
3.168
5.77786
0.446675
4.39621
0.411136
3.82225
0.47543
2.83841
0.3489
0.522342
7.28537
0.601775
3.75601
2.9967
1.73883
0.620231
0.380431
0.735787
2.43104
0.279214
0.27537
2.9357
0.456547
1.11487
0.263188
0.596743
0.467747
1.12543
5.12786
1.32186
1.19366
1.72638
1.38449
0.564646
3.39042
0.94115
0.339402
0.353504
2.74433
0.599301
0.618725
0.212618
1.88572
0.588608
0.632342
4.63747
0.769439
1.20542
4.21386
0.425159
3.67369
0.51816
1.00231
0.371629
0.470118
0.565549
0.574896
0.36564
1.41048
0.0931684
4.47301
0.273389
2.67099
0.406373
1.33834
1.09183
0.658598
6.90171
2.70185
4.38035
2.85281
3.20599
0.584228
0.307853
0.37752
0.883134
1.70296
0.261985
0.776106
1.02342
0.942552
6.07918
0.607904
0.44261
3.73699
5.74015
0.789525
0.494011
0.489371
0.648356
0.439619
2.29018
0.520237
0.512893
0.565666
0.557159
0.95777
6.806
0.353291
0.429635
3.12369
2.28392
5.93598
0.498318
3.34453
0.350674
0.390708
1.09793
4.07697
3.69538
0.369629
1.52188
0.539557
0.516397
1.4369
0.603902
0.353652
3.28764
0.488662
2.97672
1.79747
1.84726
1.43649
0.385301
2.16401
1.22398
0.468554
4.7931
0.454846
2.11043
0.282538
1.75931
1.76983
0.506221
3.35679
0.531586
0.712776
0.527294
1.07784
4.25075
0.819425
0.664008
0.7794
3.07979
1.2338
0.618794
2.64198
0.916234
0.324318
2.49
1.97345
0.607806
0.648716
0.527059
0.499868
6.05537
2.62613
5.62882
3.12605
3.8308
0.574103
0.582441
0.376747
0.48353
0.483495
2.23697
4.2866
1.21592
2.69103
2.95543
1.41073
4.6158
2.2166
1.83957
3.77499
1.90222
1.66876
6.408
5.76308
0.550764
0.609394
0.476674
1.23633
1.75891
1.49665
0.659987
0.575816
0.452981
3.82375
0.366176
0.387121
0.313048
0.892576
0.379421
0.569997
0.550534
4.67307
3.79557
0.332432
0.56241
3.81858
7.31864
0.467894
2.75933
1.57387
0.377721
0.855744
0.348523
0.617908
0.640545
0.909351
0.47204
0.516554
0.598672
0.594537
2.07523
0.279798
0.297944
3.38908
4.61998
0.389218
0.708684
2.10569
0.763612
0.564298
0.295369
0.353756
1.16846
0.938346
6.71124
0.808479
2.46915
0.467171
2.08226
1.28334
1.00243
0.321471
0.747291
0.60256
3.08534
2.11901
0.628605
3.95278
4.86542
0.652371
3.08421
1.00504
2.32197
0.619047
6.44688
3.07701
0.545984
0.418335
0.768803
2.38652
0.374461
6.71528
2.32244
1.00452
0.661217
0.141172
0.72842
4.68073
0.39532
0.432566
2.38765
1.17783
3.82122
4.43446
0.581596
0.389404
3.09466
0.821924
5.7714
6.31352
4.28445
1.07067
0.165408
0.72333
0.372775
0.590877
1.0079
2.98035
4.84117
0.296106
4.25492
1.21587
0.366563
0.367061
2.26916
4.5429
5.68122
0.625344
0.378204
0.0976493
0.147668
2.7076
0.320589
1.99622
5.46544
3.14014
2.95025
0.158452
0.547526
3.64761
3.80157
0.367656
0.3678
0.513286
1.8318
0.282143
0.331082
1.60549
0.468919
1.2148
0.870836
0.416606
0.978529
4.29717
0.66579
4.73579
0.0343706
5.27088
0.35786
1.17252
0.543807
0.493525
4.47775
0.350149
0.315722
0.110719
2.07274
0.335672
1.26921
0.946038
2.04202
2.67421
1.05826
0.695536
0.617222
2.76939
0.360167
0.677509
0.531807
0.31983
0.165384
3.85153
2.2514
0.262824
2.09412
0.460909
0.535599
7.25251
0.366218
0.364007
2.20339
0.906445
2.88308
0.928819
4.23442
4.47661
0.350099
0.60045
0.413003
5.59541
0.342792
2.31559
1.62862
0.496668
0.59035
0.396253
0.152538
0.620263
0.742051
3.14223
0.402231
0.362575
4.67692
4.56165
3.38389
0.524082
0.640709
0.404872
0.970945
0.549092
0.998851
0.416549
0.336928
4.40856
5.78267
4.02769
0.849226
0.335708
3.58316
4.40951
0.263902
0.33453
4.51202
7.40424
0.442504
0.2967
4.05065
0.445189
1.7606
0.385505
0.902468
4.51686
0.410528
0.622287
3.60081
3.08871
0.631922
2.59467
4.48182
4.46634
2.04562
0.75403
0.776699
0.452818
6.43414
1.65471
2.90885
0.39653
0.68716
0.835625
0.901573
0.32985
0.966922
0.605947
2.56331
1.00594
1.32244
3.46105
4.25583
1.91734
0.312432
3.74547
6.92784
0.335775
4.18998
1.01525
0.362029
0.635366
1.02106
2.51696
5.22461
4.46403
0.540224
4.04027
4.41546
0.431056
0.602143
0.863873
0.353637
4.41171
0.589112
0.355966
0.586936
0.582541
1.86059
0.440333
3.70437
1.15953
0.348291
0.589764
3.1904
0.47804
0.434362
0.509446
0.338466
1.70592
3.32799
4.37984
0.533121
3.34023
5.83139
0.446083
0.346615
6.92595
3.87557
0.5859
0.539861
0.188297
1.8443
0.525352
3.30048
0.382665
0.349971
0.388792
0.638511
0.399437
0.54485
0.492431
1.37245
6.6058
0.529309
0.592698
0.346311
0.305698
3.41055
0.276288
4.22858
0.369799
1.79381
0.574562
0.337552
4.60114
0.619045
1.54345
0.339263
0.553272
3.57958
0.382277
3.59737
0.288279
0.295878
1.63386
0.504857
0.444
0.448173
0.504941
0.505104
7.22118
0.309178
0.396934
1.14745
0.843515
2.21318
0.586568
0.152689
3.52278
0.503812
0.296959
0.344449
5.29374
0.605731
0.829247
2.44822
1.60352
0.261426
2.20815
3.2641
0.180147
0.638089
0.708072
0.637745
1.53805
5.54772
0.600769
2.44409
0.326165
3.24611
4.23368
0.487049
2.48386
0.301211
3.22363
0.452845
0.553661
0.424213
0.284814
0.602231
2.70686
0.607516
5.10991
3.19912
0.773891
0.774679
0.486392
0.380655
0.332525
2.82239
0.268453
0.296653
0.345328
0.333153
3.66451
0.591317
0.320562
0.289843
0.628469
2.47234
0.370687
1.84184
0.560171
0.719792
2.68625
0.492596
0.0326919
3.42181
2.45762
0.641079
0.0159942
0.0433975
0.518063
0.340672
0.817371
0.538083
0.431441
0.515859
0.598516
0.402653
0.330161
4.36065
0.336472
2.15951
0.358929
2.49113
2.74933
0.306658
3.74535
3.99081
2.09963
1.90187
1.79709
2.47119
0.454817
0.65238
4.58602
0.532946
0.838092
0.294156
4.22249
4.14036
0.175316
4.12958
3.17096
3.61145
0.629371
0.0118592
0.00300058
0.329142
0.440136
0.477502
0.336397
0.608242
0.599794
0.779276
3.96132
0.413078
0.340455
1.54
0.399619
4.22
1.77049
1.59253
0.444715
0.386674
4.40969
1.42499
0.253985
0.82519
5.23185
6.04988
0.353471
0.503613
0.460276
0.304794
0.440722
3.77157
0.237656
3.5295
1.46034
0.475702
0.75345
3.75663
3.77387
0.400985
0.0166632
0.0128487
5.68714
0.491694
0.54132
0.588464
0.366772
2.69039
3.53723
0.54817
2.85201
4.3199
0.327457
0.278772
4.1391
1.78834
0.360903
0.348739
0.222864
4.51432
0.331984
0.319416
0.48912
2.82703
0.244329
0.472772
0.418977
0.301836
0.382196
0.56558
0.551612
0.868815
0.537378
1.24106
4.60791
4.33634
0.329628
1.78073
0.548929
2.28231
3.9356
0.310475
4.42909
2.43203
0.324515
3.43579
0.435254
3.76627
2.00526
0.659092
0.321405
0.751385
1.06527
0.307751
0.323012
0.257914
0.486027
3.88551
0.303572
0.472028
0.327179
0.390316
0.649371
0.423692
0.640511
3.49979
1.26238
2.58586
0.288612
0.598613
0.307249
4.33358
4.51662
3.71461
0.307654
1.1128
0.441185
0.322227
3.20457
0.438752
0.445675
5.33844
4.49508
2.81757
0.624354
0.263486
0.360586
0.285862
0.458644
4.46737
4.48234
0.308074
3.26561
0.885169
0.628287
4.17641
0.588246
4.48763
2.36031
0.437783
3.35021
0.369542
0.351071
0.284647
0.665148
0.345299
3.89215
0.370981
3.42803
1.55989
5.03692
0.372617
4.40022
2.52666
2.4531
0.375463
2.95399
2.18976
0.565312
2.95891
3.21945
4.55662
0.439346
0.135274
0.641177
0.34035
0.2358
0.360807
0.361631
0.2789
0.280575
2.59273
0.501755
0.26951
2.96425
1.21359
0.58506
0.310288
0.491792
0.841679
0.778681
1.72376
0.459593
0.631604
0.237479
0.858817
4.4162
1.99672
0.508362
4.39723
0.519388
0.79115
0.568937
0.419381
0.444183
3.56552
2.28042
4.44686
0.470878
5.68625
4.55894
0.448384
1.09785
0.526388
0.212442
0.599568
0.367858
0.326392
4.44689
0.302548
4.85688
1.56487
3.33948
0.485208
2.91141
0.359679
2.52673
0.499487
3.76431
2.88792
1.07844
1.99458
3.11109
3.89304
0.264115
0.393706
5.05322
0.543538
2.34879
0.678445
0.953096
5.71328
0.25215
3.54095
0.588817
0.726807
1.88359
2.25637
1.14039
4.65409
0.331381
0.370087
0.670826
0.502783
0.644007
0.44665
0.295511
0.466451
0.572361
0.557298
4.97257
0.402194
0.503378
0.249897
0.440256
4.53935
1.59413
3.52668
1.35922
0.169681
0.49443
0.911833
0.452288
2.2831
0.5122
0.705776
0.345644
0.559714
0.510767
3.66333
4.1583
0.477414
0.273724
0.315276
0.363604
0.55998
1.39636
0.509856
0.398982
3.06764
0.244032
4.28666
4.88124
0.488389
2.907
0.576556
0.465981
0.412688
0.527271
0.608307
0.510121
0.482496
0.159813
3.05311
3.13803
0.521103
0.518134
0.612305
1.63961
0.299614
2.33784
0.298586
0.389112
2.97037
0.36851
1.7145
3.76305
0.612389
0.43657
0.776671
1.57653
1.73765
4.53524
1.01397
3.06481
1.68637
0.118958
0.485377
0.344239
3.38001
1.40795
0.351313
0.417774
0.486421
0.63825
0.609444
3.85353
5.26538
1.8249
0.325845
0.705445
0.304916
2.72639
2.89592
2.33551
0.430253
0.362937
0.34276
5.56672
0.593133
1.51814
6.24768
0.573857
4.42706
0.471006
1.47979
2.92505
1.15601
0.496523
5.87717
0.453504
4.5041
0.262053
0.0814361
0.556909
0.498397
2.80806
0.337755
0.239574
1.54223
0.350976
0.454882
0.312121
0.515438
0.274506
0.248878
7.20869
1.86749
0.529226
4.58979
0.334965
0.499912
0.36653
0.510052
0.537542
0.671678
5.43406
0.12701
1.02884
0.577159
0.287171
1.148
0.762821
0.169562
2.68816
0.32765
0.614366
0.997466
0.532689
1.31443
0.788876
0.258606
0.591161
0.700042
1.93146
1.80545
0.787495
0.464499
1.552
0.486657
3.83432
0.476467
2.27453
4.66587
0.529359
0.516419
2.28984
0.289894
2.18398
0.264227
0.403641
0.460402
3.45995
3.83697
5.91244
0.177938
0.481255
0.358464
0.434825
4.41766
1.69545
0.401366
0.56052
0.548774
0.426579
0.0507006
0.119239
2.8101
0.880576
0.334554
0.291323
0.650212
0.673146
0.529366
0.582227
2.18578
0.307785
0.921964
0.289231
0.508241
0.633003
0.297524
1.6476
0.299838
0.299647
7.57088
1.73443
0.583506
1.13387
0.278045
0.847199
4.94859
1.62611
2.42681
0.696302
0.359267
3.54582
0.279043
0.345676
3.4895
1.71611
0.461499
0.521408
0.609023
4.34042
1.84158
2.57079
0.571075
3.68476
0.476631
0.477402
0.873434
0.318488
0.024898
0.506959
0.471048
0.334354
0.557076
3.22995
0.540902
0.476263
0.854955
0.951547
0.518187
0.0159137
0.497508
0.629346
0.649871
0.859614
2.13022
0.309064
1.526
0.940699
0.375627
0.270703
0.471845
1.62827
1.59936
0.515006
0.489789
0.592979
1.19487
0.624015
1.39439
1.54606
0.828677
0.327741
0.505457
3.60326
6.51498
0.360442
2.36336
1.37312
0.400547
0.00175304
2.38967
0.48179
0.873506
0.396897
0.651637
4.194
0.401933
0.119104
0.476315
0.59794
4.85994
0.319951
0.0184848
0.333701
0.331768
1.05107
0.266895
0.342973
3.68501
0.511261
1.61372
4.63653
0.547473
0.635045
6.01242
0.575007
1.11337
0.506621
0.682138
0.602983
5.59213
0.109824
0.803882
0.626202
0.410011
0.666172
0.380783
0.408977
3.90727
0.53576
0.716651
5.72736
0.429124
0.588419
0.488166
0.607485
0.517571
0.762893
0.342955
0.319292
0.415921
4.13999
0.678119
0.344505
4.30419
0.159801
0.144347
0.349763
2.44492
0.290619
0.483669
0.457974
0.264329
0.333078
1.71726
1.10423
1.31915
0.361965
0.263207
0.411314
3.32101
0.281585
1.03191
0.498747
0.410355
2.8088
3.40573
1.34697
0.153079
0.598435
0.504127
0.857114
0.300982
1.30744
0.271428
1.69882
0.509903
0.640536
0.594396
0.341361
0.538169
1.06806
0.436454
0.414865
0.555128
0.457855
0.617773
0.474059
0.340482
1.51375
2.26202
0.631373
0.818478
1.07279
1.53597
2.5466
0.846372
0.513716
0.583722
0.58247
0.39486
0.524573
0.475698
0.554361
0.700354
0.516775
0.704933
0.514453
3.75834
3.13603
3.4527
0.499029
2.90954
0.496282
0.551548
0.553716
0.598267
3.19619
0.428304
1.44521
0.911861
4.63499
2.30905
2.03081
0.0637498
4.24558
0.243328
1.56616
0.46535
0.605821
0.609674
0.495073
0.4562
4.05153
0.365165
3.08359
0.55825
1.5765
0.272792
3.07523
0.615926
0.707465
0.365996
0.564441
1.04729
0.327864
1.7405
0.37107
1.7831
0.247733
0.843462
2.64252
0.480638
0.301137
3.21382
0.50709
0.574699
2.62339
3.35868
1.76787
0.43238
0.617606
4.17141
0.443969
3.84741
0.318394
2.91593
2.14801
0.480041
0.392349
0.597615
0.903782
0.623906
4.51003
0.489275
2.16574
4.32061
3.98123
1.98662
0.272182
2.08559
0.593764
1.94981
0.359507
1.67509
3.52635
2.34993
3.16222
0.525266
0.42644
0.668856
0.596521
2.94964
0.385331
0.626737
0.120771
1.59228
1.09075
4.23315
0.575708
0.259101
2.90339
1.97939
0.836756
1.75865
0.674073
0.358685
0.480223
0.5504
0.697681
2.89068
2.29991
4.14936
0.355066
0.275366
0.351335
0.589561
0.159477
3.17705
3.39466
0.349898
0.361015
4.06194
0.683277
3.55129
2.63693
1.44534
4.23029
4.34387
4.28798
0.512351
2.8174
3.39529
0.621574
6.26553
1.64426
1.49748
3.24713
0.44483
5.74369
0.575457
0.653563
0.754369
0.490041
0.260561
0.268465
0.691135
4.0631
0.506884
3.63513
1.85866
0.582544
0.481385
0.313232
0.881114
3.19155
3.75946
0.685863
0.511272
0.528991
0.526375
1.49667
0.325346
0.624158
0.262479
2.59843
0.614117
0.3083
0.922745
1.11091
0.34348
0.478974
6.17611
1.21319
2.40544
1.60334
0.593898
0.585492
0.301965
0.334089
0.743434
0.463943
2.23322
0.292012
4.06244
3.31811
0.503965
0.30078
6.46213
3.44694
0.134718
0.518228
0.751395
0.63398
3.95183
0.549879
0.629666
0.748807
4.60909
0.498573
0.330449
0.519054
5.99959
0.467802
0.657423
0.587933
0.623237
0.409486
0.594609
0.46285
0.785608
0.323408
0.491397
0.514206
0.42581
5.69441
1.75713
2.72477
0.0727593
0.51378
0.557215
0.566233
0.0184227
0.24898
0.265073
1.10817
0.382942
0.512226
2.59333
4.41876
0.589356
0.36703
0.637855
0.859262
0.475334
0.342322
0.337744
0.57209
1.24757
0.46279
0.682614
0.0142544
2.84247
4.10732
0.630186
1.05059
0.326153
0.730954
4.2068
3.55011
4.19586
0.631869
0.267898
1.46379
0.236174
0.589828
0.582483
0.633809
0.373034
0.329833
0.296307
0.375596
0.0650634
0.473386
1.96086
0.528531
1.65338
0.24982
0.633204
0.359835
2.55175
0.30375
0.498245
0.607598
0.579333
1.92906
0.253139
1.76963
1.68869
4.89659
0.47228
2.32023
0.338649
2.77484
0.257895
0.506573
6.22497
0.413298
3.95767
2.97981
1.66628
2.24654
3.85117
0.453104
0.699466
0.623927
0.585576
1.48036
0.396888
0.59989
0.614731
0.697846
0.596501
0.995141
0.603611
0.226649
0.639133
0.396391
0.370685
0.258722
3.18651
1.95836
0.668605
0.59302
6.18878
4.12575
1.97824
0.615991
1.89186
0.732941
0.273219
0.374336
0.663206
0.488966
3.94214
0.586898
1.96648
2.29275
0.470878
0.35977
0.343704
0.103879
0.101119
0.268397
3.72418
0.550814
0.335865
1.56723
0.556315
0.156773
0.56343
0.73657
1.64442
3.63772
4.54036
3.12716
0.499259
1.18122
0.220989
0.261812
0.508272
0.389231
0.167363
0.874744
0.735366
1.5873
0.636223
0.330764
0.265491
0.3403
0.0752115
1.9122
0.725328
0.804051
0.380783
0.455622
3.46964
0.711089
0.324852
2.43605
1.25918
0.590191
2.96918
0.860641
0.587114
0.528437
2.02649
1.83353
0.00755819
0.0450629
0.784698
4.38854
3.02008
4.6068
4.09826
1.69573
0.408655
0.736909
3.17253
0.881241
0.548471
0.801492
0.785466
3.28195
0.286282
0.326527
0.235839
0.291605
0.649054
0.374948
0.742304
0.50693
2.07078
0.312005
0.593213
0.947499
0.108616
0.302908
0.340504
0.587574
0.559489
0.650929
0.483625
0.884249
0.295179
0.578438
0.803078
0.340664
0.534976
0.0106354
0.505997
0.272631
0.584827
0.27294
4.63532
0.608709
0.508972
0.501669
3.27184
0.484161
5.51905
0.355619
5.39722
0.268903
0.316615
0.406166
0.719862
0.300004
0.67804
0.443538
0.190272
0.140425
3.35797
0.594799
0.74625
2.87413
0.254793
0.422865
0.129415
0.43798
0.0030535
0.698545
4.58779
5.29409
2.28269
4.33812
0.598551
1.50424
0.301517
0.621635
0.548804
0.0123726
0.0181673
0.641287
1.05162
1.59156
0.808258
0.737013
4.2523
0.304215
0.57518
0.729143
0.590295
0.329784
0.550624
0.542038
0.425562
0.374369
1.6577
1.83355
0.0847425
1.38758
0.817373
0.994477
0.931192
2.13034
0.454565
4.30655
0.58707
0.348868
0.348014
0.27159
0.300527
0.37218
0.525275
0.354531
0.568994
1.15707
0.263368
0.523925
0.44964
0.6809
0.637753
2.3592
0.645312
0.833913
1.27649
0.576617
0.40176
2.74616
0.385161
4.09097
0.610709
3.29052
0.911232
0.508196
5.64088
1.27073
0.516981
2.4234
0.530101
0.592784
0.405799
0.257542
1.60827
0.45797
0.343885
0.661326
2.02678
0.282188
0.678616
3.96771
0.854562
1.96389
0.544235
0.431513
0.837456
2.78696
0.202368
2.40811
0.362277
0.516649
0.544975
0.507021
3.9241
0.0101378
0.0206199
0.521186
2.28272
0.27583
4.17246
0.494276
0.413037
0.374344
0.752398
0.371504
4.11822
0.543058
0.507449
0.739738
0.57266
3.69458
0.535737
0.748623
0.600475
0.461045
0.37751
0.983419
0.824335
0.775676
0.722917
3.2088
5.85001
3.79892
0.313879
0.582317
0.578606
0.651895
0.809548
0.419461
0.381131
2.51018
0.689881
2.47677
0.529794
0.467775
0.39197
0.357311
0.445134
5.40593
0.58163
0.196583
0.434381
0.57793
0.541233
0.534666
3.72086
0.547712
1.7437
0.160238
0.574477
0.530133
0.378708
2.57549
0.333985
3.00049
0.209302
2.33083
1.42451
0.351807
0.780762
0.674333
0.596213
0.706453
5.53435
5.91395
5.59824
3.89521
0.418699
0.342379
0.531457
0.428458
0.40724
3.41454
0.551927
0.51634
4.85076
0.283776
2.23878
2.31923
0.540728
2.18249
3.05012
0.584592
0.713116
0.608507
0.906634
2.54138
5.18871
0.341069
0.468419
0.606559
4.54678
3.62027
0.378473
1.85133
0.594436
0.56888
3.43772
3.69809
0.558596
0.616183
0.500901
1.20194
0.583634
0.771787
0.597948
0.260115
0.672906
3.3902
0.466969
0.977247
1.0631
3.27771
0.714808
0.38286
0.564559
0.599952
0.242959
2.95875
2.19275
1.14813
2.57875
0.368798
0.536038
0.654352
2.03191
0.488391
0.747341
3.62781
5.15503
0.417962
1.98547
0.418162
0.655426
1.84281
0.551503
0.522599
0.299143
0.848075
4.5191
4.84685
0.200445
3.66759
0.705366
0.569101
0.716916
0.546725
2.66213
0.928938
2.98812
4.67392
0.419729
0.478741
0.586571
0.359973
4.58814
0.61215
0.639662
0.827894
0.357609
0.339859
0.449639
0.59742
0.598907
1.86449
2.72446
0.198815
2.7641
0.226825
0.594465
0.578668
1.02823
0.151503
0.331119
2.22818
2.2055
4.27759
0.552051
1.1164
4.44196
0.2383
0.691416
0.594663
0.368107
0.341519
0.335924
0.721084
0.0295529
0.849971
0.812332
0.722016
0.492122
0.439318
3.41928
0.600162
0.790793
0.355959
1.00352
0.253939
0.230528
0.728048
0.555143
0.536001
2.50256
0.329546
0.437884
0.584981
0.75861
0.280733
0.347437
1.78869
0.173963
0.618464
0.479229
4.34604
5.64263
4.44847
0.333252
0.264204
0.819276
1.3824
1.29999
0.391172
4.72721
5.62648
0.979108
5.79159
0.450581
0.332786
0.617852
0.546107
0.748368
0.415866
0.338999
0.521031
0.538995
0.509937
0.568828
0.893201
2.9854
0.570638
3.14699
0.37819
0.23891
2.11276
0.610529
0.926468
0.63827
1.51602
1.00173
0.613929
0.782111
2.83588
2.7022
3.24718
0.312735
0.603721
0.280292
0.950665
0.461105
1.06092
0.410328
0.546399
3.94372
0.625418
0.267444
0.612843
3.42408
0.280133
0.399838
0.497524
1.13788
2.29004
0.151239
0.507137
0.593393
0.854249
0.621198
0.618986
0.590197
0.257466
4.37415
2.87495
0.433115
0.618579
3.87353
4.1588
0.730979
1.05727
0.557897
0.834705
0.482903
0.3954
0.521337
0.274803
0.516136
0.220119
1.03136
0.632005
0.500692
0.225423
0.689363
0.601576
1.56273
0.719101
0.757383
0.797488
0.63715
4.91814
0.606371
4.07239
4.1544
0.345956
0.285087
4.65761
0.274368
1.15435
0.401586
0.461293
0.431436
0.503561
0.716258
4.88845
2.45695
0.594716
1.26146
1.56609
1.30543
1.07373
2.06239
0.376856
0.146759
1.18478
0.610853
0.984852
3.3697
0.398401
0.531063
2.4642
3.51103
0.481687
3.96972
0.326402
0.632587
0.547167
0.485612
1.22696
0.386772
0.294178
0.579842
4.26633
2.06371
0.492234
0.592671
0.480471
0.448555
0.470192
0.457077
1.16617
0.474103
0.512259
0.498791
0.637325
1.47863
3.90018
0.76662
0.17025
4.22372
0.665364
0.332898
0.47728
0.930282
3.18408
0.494272
0.313942
0.526642
0.765539
0.625362
3.05823
0.784851
0.798869
1.61583
0.715658
0.506764
5.60562
0.535514
0.502079
2.19606
4.29207
1.07818
1.01628
2.83595
2.49872
5.06023
5.66656
0.415753
0.470722
0.294567
0.224014
0.268915
4.3755
0.728187
0.554459
0.836257
0.523078
2.95719
4.57565
1.62901
0.547002
0.152822
0.135679
0.3035
4.99316
1.45939
0.146886
0.60383
0.218057
1.12747
0.589605
0.719528
0.323137
0.956371
2.4058
4.32242
0.768584
0.752029
0.301051
0.39154
0.743586
0.409667
0.62595
0.748296
0.439645
0.138116
2.01613
1.90613
2.99797
4.43312
0.445381
1.70653
0.336699
1.60603
0.326054
0.312507
1.52488
0.372931
0.351754
0.739216
1.18426
0.280942
1.42486
0.648085
0.692459
0.631081
3.25693
2.92797
0.378654
0.311827
1.1838
0.495863
6.22269
3.78637
1.72326
0.85021
0.364796
1.38039
0.259754
1.87723
0.350116
0.376228
2.36005
0.623246
0.551907
0.310295
4.70544
1.19219
0.554289
0.438969
1.5293
2.26087
0.358038
2.02337
0.49136
1.97271
3.99256
0.879665
1.03708
4.51187
0.484953
0.323375
0.421083
0.304543
0.631115
0.6177
0.603447
1.2854
0.722284
0.128065
0.631391
0.454147
4.61017
0.567845
0.573034
0.565186
0.56607
1.85167
0.639247
0.191373
0.251192
2.13651
2.16995
0.310728
0.533792
1.07364
0.331659
0.320048
0.605423
0.131434
1.35337
0.353422
0.526476
0.603693
0.611314
0.596548
0.270637
0.618868
2.35051
0.462145
1.31515
0.63187
0.416217
0.626284
0.296162
0.767583
4.40517
3.76781
0.368958
3.8059
0.354013
0.539069
0.328942
2.16304
0.807019
0.863818
0.407713
1.68969
0.585093
0.583877
0.354862
0.528878
0.376957
4.63344
0.600989
0.720871
0.560357
4.34442
5.33616
2.83967
0.887709
0.5893
0.280131
2.63641
0.606321
6.31365
0.608558
0.468355
4.00976
7.3896
0.634692
0.385394
0.1047
0.348048
0.387094
0.348682
0.363552
2.72023
0.407514
2.24037
0.642025
0.532728
0.345032
0.317793
0.237081
0.170531
0.743862
0.413837
2.99879
0.294911
0.608508
0.766806
0.176489
0.610502
0.581905
0.560097
0.767715
0.279752
0.555738
0.274789
1.65424
0.918038
0.458595
0.299277
0.511299
0.377472
1.10443
0.315422
0.375625
1.11995
0.280183
1.40056
0.516932
0.336681
0.740873
2.6354
0.708789
5.67099
1.94524
0.383257
0.317367
0.371943
2.99369
0.709055
0.630046
2.0605
0.0919511
0.125945
3.98218
0.519058
0.63037
0.222839
0.361439
0.612314
0.364745
1.41981
0.587282
0.408893
0.781586
0.633846
0.286202
0.756183
0.364686
2.2102
1.31642
0.936314
1.31519
0.63636
0.367866
3.59203
2.01252
0.238161
1.1091
0.281296
4.61773
0.241199
0.604614
1.01478
2.11184
0.639911
0.736425
0.510003
0.778616
0.625852
2.36298
0.150397
0.590906
0.600914
0.303133
4.15872
1.34779
0.584176
0.0800252
5.49124
3.083
0.374126
5.00624
1.43209
0.228392
1.04445
1.41956
0.310632
1.37894
0.963984
0.625295
1.1625
0.249514
0.600793
1.45229
4.23589
0.325864
3.54669
0.764916
0.694426
0.27495
0.353261
0.519273
0.26944
0.56441
0.535843
0.42699
0.739083
0.290287
4.53996
0.827318
0.600013
0.522564
0.612298
4.58603
0.309948
0.524752
4.63762
0.589887
0.183427
0.80982
0.420797
0.602557
0.398335
0.290517
1.80593
0.354636
0.216941
0.462637
0.38018
0.212069
0.498531
0.634919
2.91176
0.305056
0.606585
0.326511
0.515146
0.556619
0.468237
0.388961
0.311221
0.4116
0.3504
3.42599
0.57497
2.91715
0.502475
1.06182
3.67386
2.15827
0.982321
0.582416
0.380162
3.94054
1.7668
0.519764
1.23912
1.33009
1.49394
0.596691
0.333363
5.69289
2.52146
0.437928
5.13466
0.595788
0.477213
0.338145
3.05786
0.277013
2.95439
4.50869
0.183377
0.502196
0.70515
0.365726
1.96471
0.276695
0.485472
0.30382
3.66715
0.335041
0.347232
2.54317
0.238888
0.928207
3.71042
6.20356
0.585721
0.60794
0.882837
3.78171
0.334147
2.31805
0.367904
0.411635
4.37839
2.43417
0.371723
0.295539
0.307192
1.63272
0.767833
0.560385
1.44779
1.90777
0.792668
0.454926
0.364193
0.356165
0.246963
0.856233
0.202663
2.86924
0.600173
1.57123
0.153444
0.591564
3.64279
2.89201
1.65259
0.845519
0.356429
0.54008
2.41067
1.39356
5.07748
0.147094
0.357924
0.451541
0.264756
0.623895
0.481002
0.264365
0.552656
0.627135
4.07625
0.371647
1.72341
1.44519
0.287446
0.901851
0.317922
4.06857
0.291555
3.67741
0.547008
0.145496
0.822434
1.82592
0.516437
2.62703
0.595851
0.319203
0.755278
0.851336
3.92277
0.904396
0.627321
0.713382
5.75572
0.0889512
0.351446
1.91317
0.373586
1.60058
0.381543
0.147511
0.339162
0.753401
3.25163
2.13135
0.64843
0.315602
0.570908
0.271422
0.301729
4.27154
0.357791
0.426419
0.594421
0.346893
0.771293
0.311043
0.612637
0.259377
0.533506
3.30677
0.538079
0.225477
0.501096
0.526334
0.625526
0.599948
0.637339
5.57559
0.32908
0.316603
0.526409
0.72235
0.60949
0.334265
0.379035
0.323178
0.607207
5.24695
0.893346
0.458128
1.50335
0.869926
0.602713
4.61295
0.291554
2.84682
0.0435433
6.73774
0.285178
0.355048
0.578516
1.19161
0.275532
1.50192
0.578738
3.61353
0.630692
0.537022
0.240837
0.685584
0.264716
1.81771
0.443717
0.160675
4.72165
0.282987
0.0603113
0.427407
0.311186
4.39325
0.625515
0.450498
0.327785
3.23628
4.67729
3.57701
0.803646
0.209833
0.587805
0.112771
0.352015
0.252846
1.73046
5.06128
0.61402
0.378191
3.75336
4.72621
0.28113
0.580015
3.92119
0.602337
2.79621
0.356164
3.59726
0.483181
5.92481
1.1649
0.36311
5.75801
2.61033
0.510657
0.254872
0.419068
3.30291
0.600449
0.275005
0.30929
0.600634
0.604819
0.3461
2.04462
0.308009
0.488871
0.373411
0.445905
1.06124
0.537342
0.321107
2.14982
0.657472
4.16502
0.614044
0.0900941
1.00866
0.446184
0.592049
5.29188
6.58443
1.9764
5.34602
0.500214
0.685302
3.50399
0.297323
4.62172
0.3136
4.43164
1.53846
0.390107
0.484078
1.79361
0.42819
0.746139
0.699651
0.949331
2.06943
0.782986
0.458769
1.7537
3.22243
0.288693
0.252514
0.862952
0.433538
0.347352
0.786655
0.339316
0.739934
0.601643
0.142517
0.53263
0.308148
1.9927
0.634281
0.220985
0.359802
0.77093
0.267309
3.77714
2.40575
0.389303
2.81607
0.497327
0.284971
4.77554
0.323539
0.603804
2.44058
0.7605
0.559411
0.516002
2.73783
1.61078
0.976192
2.82395
0.486166
0.128416
0.547469
0.195465
0.702375
0.182305
0.48189
1.5499
4.28607
1.68421
0.510004
0.908509
0.274549
0.0957253
2.41768
1.9238
0.345849
0.818913
5.86885
0.508827
0.682761
1.4167
0.785761
5.00281
1.04608
1.34351
0.325046
0.220373
2.39923
0.138532
3.99101
2.01354
0.854685
0.503491
0.28444
0.59962
2.8198
0.600872
0.396131
3.38912
0.52624
1.98608
0.63808
0.56481
0.789346
1.38681
0.926245
0.361941
0.535656
2.58273
0.231292
3.3753
1.0095
0.79341
3.53016
1.1195
0.479962
0.413833
0.59156
0.719866
1.73679
1.99332
0.545499
0.37138
0.705551
3.39838
0.282618
0.556535
0.352032
0.529494
5.97254
0.261622
0.514957
0.314578
2.3397
0.229122
2.55141
0.508951
0.751344
4.22707
4.35349
0.711994
2.16933
0.561195
0.87588
0.519348
1.63581
1.88391
2.64228
0.806867
0.224992
0.876817
0.539877
5.55206
0.997029
1.01594
0.608669
0.470085
0.411578
4.17307
0.475097
0.739759
0.238328
1.37783
0.77006
0.746621
1.65481
0.897924
0.617485
0.621077
0.437232
0.347475
0.363133
1.68261
0.245013
2.28317
5.8688
1.18992
0.44029
0.783257
0.380323
2.18357
0.519799
0.225271
0.259612
2.89076
0.211107
0.223319
1.29484
0.262115
0.253753
0.388756
0.429155
0.381892
5.78541
0.359243
0.109415
2.16286
0.547589
0.427261
0.281469
0.829806
0.501849
1.27252
0.549116
2.80994
1.08112
0.782675
0.76315
4.11504
0.537475
0.5607
0.251321
0.469214
1.51971
0.267755
0.366989
0.344105
2.73944
1.41897
0.406435
0.389402
0.509693
0.486754
1.36234
0.246848
0.276446
0.601845
1.94211
0.734628
4.17137
3.56826
1.24803
0.530722
0.719425
3.41753
3.09243
0.357211
0.133464
0.54823
0.219162
0.577438
0.848334
3.14282
4.07814
0.687977
0.545598
0.560918
0.766581
0.507709
1.48205
2.02904
0.17925
1.96331
3.5947
0.896844
0.40786
4.49801
0.768524
3.24244
0.327375
0.404524
1.0057
0.392147
0.563407
0.56821
0.772302
0.618236
0.969238
0.453475
2.58325
0.588853
0.364608
3.87548
0.343765
0.313311
0.675085
0.53413
0.310785
0.215583
0.624852
0.438812
0.33939
0.326541
2.68716
0.277626
0.533205
0.571484
0.978169
1.6182
0.318289
0.384198
2.02554
0.579244
1.28287
4.19934
0.562966
2.16889
0.521346
0.366304
2.26575
2.94671
0.639764
0.949117
0.674503
0.474565
0.738989
0.49511
0.681368
0.549573
0.442767
0.425867
0.348052
0.363915
0.34778
2.96049
0.320087
0.232115
0.918737
0.46364
0.533053
0.536867
0.562045
0.19896
0.188821
1.42898
0.196908
0.443517
0.490093
0.250958
0.603666
0.574246
0.604827
0.449161
1.84352
2.49721
0.975998
1.91206
0.814166
2.99095
0.514795
0.992478
0.592964
0.352435
0.52109
1.89822
0.640697
0.958919
0.782726
0.308856
0.303552
0.897938
0.235189
0.212594
0.398044
1.0376
1.89816
0.949399
0.544257
0.294709
0.841892
0.350499
3.19841
1.04895
0.350162
0.818893
0.729148
1.60812
0.371602
1.15686
0.188934
3.11636
5.43366
2.03446
0.90344
1.50308
0.50103
0.425152
4.28575
2.12769
5.66184
2.23931
0.546437
0.389906
3.3176
3.19273
1.58366
2.87104
0.251095
0.242957
0.458326
2.73482
0.35456
0.538944
0.605665
1.68763
1.37273
0.752088
0.429911
4.38916
0.577551
1.83143
5.69479
0.7127
0.875884
2.24303
0.222145
0.507233
0.550674
0.53274
4.6326
0.445676
0.471282
2.70479
0.217625
4.43822
2.29026
0.965594
4.90088
5.54379
0.430299
2.62348
0.811999
1.85107
0.503479
0.914947
0.36501
0.160548
5.73169
0.163871
0.39358
0.523541
0.337025
0.57508
0.28488
0.57773
0.362447
4.66283
0.62382
3.84928
0.64915
0.462564
4.45231
0.48157
0.812387
1.76728
4.66088
4.32288
2.37681
0.369611
0.662203
0.548639
1.38151
2.56883
0.999089
0.276001
0.390619
0.432852
0.640116
0.306208
0.396986
0.12642
0.835791
0.341985
4.0814
0.103469
3.1698
0.522767
0.557481
0.446501
0.598513
0.554341
0.70065
0.600777
2.8817
0.330905
0.366543
0.290146
1.75075
1.14877
1.21811
0.609416
0.841048
0.589259
0.583353
0.270323
4.32055
0.991382
0.324816
3.29726
0.506655
0.78737
0.355704
0.656593
0.523823
2.42346
0.52075
6.12087
0.937747
1.75953
0.282537
0.429294
0.379838
0.391428
0.325111
3.08437
3.53264
0.160797
0.785705
4.1213
0.771657
0.39578
2.27044
0.648409
0.595493
1.79382
0.787327
0.840476
0.19501
2.98456
0.433152
0.552748
0.391922
2.92082
0.565238
0.717427
0.390961
0.932329
0.365903
2.21176
0.204084
4.09852
0.250547
0.286893
0.885734
4.84553
2.51628
0.993872
6.66335
1.5381
0.623325
0.314126
0.444518
0.342397
0.408959
0.715473
2.59893
4.08808
0.367264
1.05647
0.594434
2.44038
0.125066
1.78075
0.774325
1.30295
0.548352
1.6782
2.27818
0.584462
0.18107
5.82146
4.07307
0.423892
0.311732
1.22712
0.304497
5.62938
0.604664
2.21642
0.864645
1.30167
2.0439
0.266676
0.328547
1.96597
1.20971
2.15513
1.57617
0.265247
2.85837
0.286573
0.806682
4.3258
0.256359
0.334817
0.827159
6.00574
0.3908
0.381611
2.30205
0.238792
5.70722
0.406195
0.584652
0.341853
3.3479
2.93516
0.683857
0.988968
1.53195
0.1714
4.17186
2.16909
0.525105
3.88181
3.17657
5.82412
0.51228
2.81522
1.75118
0.548885
0.42691
2.12059
0.52661
0.800779
4.12161
1.67183
0.615169
3.29237
0.329882
0.435722
4.5953
0.214109
1.04254
0.229288
2.02085
0.525719
0.325123
2.915
0.492943
0.326967
2.84167
0.179282
2.81804
4.53978
0.0860178
0.369824
0.60683
0.423069
0.580713
0.687875
2.48613
0.79894
0.1464
1.03943
0.556558
0.859457
1.08965
0.395005
0.167401
4.73479
4.11944
1.39361
0.203361
0.402801
0.396936
1.31026
4.61673
3.66365
0.56606
3.47449
0.39493
0.94199
0.52634
0.88043
5.47315
0.199893
0.629886
0.432504
0.248598
0.318798
1.09053
0.853254
0.315882
0.496098
0.784347
0.586457
0.398476
5.66108
0.530343
5.62622
1.21544
0.875276
0.13932
0.404161
4.12804
5.49487
0.258125
1.19761
0.584644
0.443312
0.249416
0.208486
0.298116
0.327154
0.31313
2.77197
0.606664
3.99181
0.292354
4.50845
2.64466
0.523006
0.767947
0.494975
2.88557
0.442549
1.79795
4.54351
0.59114
0.5971
0.546229
0.296915
0.39588
0.686188
0.922295
0.556202
0.651521
0.224077
0.308968
1.94029
0.961406
7.145
0.282197
0.469618
0.944108
4.6851
1.26393
4.38483
0.52421
0.561797
0.351388
0.602857
0.413532
0.142907
2.65952
4.41254
0.307447
4.28338
3.42307
1.50813
0.192605
0.251798
4.29885
0.220066
0.306725
0.177481
5.76658
3.42885
0.34145
1.47029
0.604584
1.80328
2.04686
0.599963
0.604717
0.397435
2.39808
4.64651
0.195887
0.421829
0.302227
4.41024
0.567612
4.45294
0.529739
0.355767
0.138591
0.992257
2.09416
0.17309
1.64884
1.00888
0.387859
0.293327
1.57554
4.33442
2.80037
3.99771
0.329486
4.45443
0.368838
0.991357
0.523559
0.249275
1.26752
3.95559
0.546426
2.42598
5.15429
3.89768
0.291674
0.358809
0.266964
2.37496
0.208586
0.407987
3.33562
0.183719
0.683524
1.01008
4.1947
1.68748
3.00324
0.119852
0.290726
4.5988
2.33748
7.06284
0.154119
3.01793
0.087901
0.347938
0.422626
0.997606
0.511115
0.775091
0.390115
0.884988
0.378581
0.165613
0.252109
0.150237
0.968936
2.06329
0.529264
0.39407
0.287798
4.62993
0.70748
0.692903
0.406057
0.989385
5.68574
0.441324
0.672976
4.60543
0.523904
0.293877
1.18508
6.68445
0.448627
3.80689
5.33288
1.94454
1.85563
0.603861
0.523932
3.68013
0.234619
0.24665
3.26128
0.322184
2.75903
0.596561
0.533137
0.675269
0.317751
0.433638
4.01403
4.66011
0.51449
0.126982
4.64665
1.25858
1.68622
0.575381
0.324667
0.45036
7.47217
0.282299
2.07537
0.687265
0.462961
0.526751
4.3303
3.3273
3.4019
1.37175
0.538935
0.49698
1.44414
3.66708
5.50969
0.295837
0.193276
0.366405
0.312737
3.60329
2.50036
0.540886
0.498735
1.0376
0.344029
0.550031
0.725992
0.60019
0.349861
0.407185
0.864056
0.613398
0.228497
0.598447
0.375061
0.541645
0.744506
4.22732
0.267372
0.16908
1.29
0.43887
0.148365
0.442216
4.35397
0.398246
7.35243
3.99284
4.93028
0.595764
3.94992
0.965301
1.94928
0.519841
0.525735
0.911373
4.9874
0.117883
0.765945
3.04241
0.403847
1.76059
1.51945
1.08591
1.08944
0.292593
2.27512
0.583701
1.72592
0.229727
0.820185
2.26279
4.86372
2.71996
0.38219
3.27861
0.426737
0.0130649
2.35264
0.521849
4.28118
1.96208
0.376085
0.243612
0.432135
2.05695
2.27199
0.262768
0.846299
0.375215
0.351395
0.235185
3.44224
1.02048
0.523453
0.271871
1.62056
2.69482
0.281907
0.707066
0.726644
0.121451
0.58404
0.673282
1.00281
0.221414
2.67205
0.493139
1.18129
1.44734
0.497572
0.394178
6.32153
0.485463
4.27113
1.64069
0.384467
0.382342
6.80814
2.79348
2.94148
2.4683
0.816422
1.27121
0.197442
0.861809
0.341993
0.222886
0.863019
0.401927
0.466456
1.12048
4.52256
1.28132
0.941854
0.708053
0.374735
0.777395
4.23288
0.867729
2.48873
0.395914
0.513972
0.606543
3.20431
0.431914
1.68213
0.578934
2.11641
0.661528
3.4983
0.529172
1.43615
0.380532
0.271835
0.201259
2.54051
0.390952
7.12322
2.69926
0.153778
0.619683
5.7273
0.542218
0.593039
2.67932
0.127781
0.383552
2.31545
2.75203
0.494463
0.266482
1.29141
6.09664
3.05157
0.358642
1.48634
0.514036
1.07133
0.22624
1.97802
0.226124
0.816626
0.308934
0.390216
0.850155
1.59331
1.19705
0.584553
0.396197
0.288222
1.98692
0.303708
3.45587
0.311114
5.39793
5.56497
0.327942
0.212495
0.360529
3.79235
2.18356
0.946561
3.683
1.40535
0.153215
0.352746
0.150076
0.917115
0.60744
2.34492
0.820766
1.45965
3.28484
1.24088
0.765614
0.392953
3.08422
2.82617
0.229215
2.38926
2.60225
0.162894
2.11162
0.319885
0.309499
1.96973
5.58626
0.630899
0.521626
0.539455
1.83834
2.93033
0.185925
0.256591
4.13539
6.30845
0.402939
0.896669
0.681627
4.47247
1.26814
0.416616
0.663456
1.01395
1.37698
7.2235
0.920507
4.57815
6.18699
0.59542
0.414944
1.99999
1.11879
1.41026
5.99584
2.94833
0.323733
1.45086
0.408851
0.423032
3.47298
0.41024
3.1301
0.516245
0.683628
2.25942
4.11615
1.12812
0.713749
0.218922
0.533158
0.56921
0.142212
0.5236
5.82326
0.478338
1.49941
0.392518
4.0293
0.555203
0.247789
0.28531
0.253026
1.3762
0.366893
1.08472
0.885096
0.90624
1.16013
5.77023
3.24196
0.591516
5.85773
0.303294
4.86531
3.14087
1.26947
3.29271
5.76384
0.54581
1.8355
0.392546
0.804858
0.100096
0.279365
4.03679
0.284112
0.817591
1.63206
0.328952
4.12006
0.432235
0.731213
0.237375
5.62196
0.791842
0.378659
0.130021
0.571638
0.687141
0.330315
0.376934
0.350833
0.295857
0.308117
3.35451
0.152836
0.276681
0.267141
2.55828
0.545829
1.64597
4.35324
2.41656
1.21682
0.713651
0.2607
0.305727
0.379808
5.78868
0.460702
0.731477
2.22021
4.03874
0.175703
0.606619
0.434278
0.893303
5.81315
0.593535
0.493909
0.606864
3.69446
0.559964
0.5995
4.58901
0.451533
3.54079
5.62531
0.803297
2.611
1.10654
0.613937
1.17466
1.61826
0.394644
0.487414
4.03303
1.41785
2.34322
0.607732
0.684479
2.42628
0.418017
0.190053
0.0689376
3.92053
0.2464
2.42516
0.845513
0.992625
0.379845
4.50112
0.327621
0.951303
0.775097
0.424415
0.627874
2.87712
0.206598
0.657467
0.368731
0.795327
0.433205
0.474863
0.409009
0.200328
0.403202
0.286284
0.326525
0.298156
0.938433
3.43962
1.7048
2.48752
0.516738
1.11693
6.5797
0.618264
0.837563
0.885144
0.381032
0.264525
0.356894
0.474805
5.47069
6.76639
4.12488
0.386103
3.08842
1.22992
0.653527
0.909957
0.741462
0.228021
0.552756
0.830634
2.10186
3.58551
0.652213
1.40045
1.95552
0.913065
0.599917
0.88242
0.454633
0.662538
0.450852
1.52872
0.213497
0.885352
0.51423
0.810421
0.552246
0.310994
4.70474
2.63148
2.06417
7.24758
4.00016
0.63951
0.711055
0.575689
1.96176
0.368626
0.59794
3.88129
0.272689
0.433804
3.27208
0.589441
1.02854
3.56194
0.549068
1.53702
0.36765
0.484219
4.1575
0.522742
0.268786
3.93033
0.622163
0.835128
0.434477
1.23346
4.81415
1.83256
0.235327
0.224638
0.869318
0.832085
0.593703
0.508501
0.845013
3.45049
1.69129
3.76091
1.44125
1.59228
4.61768
0.595783
3.52281
0.522867
2.48534
2.05395
6.17661
3.53793
3.20228
0.615023
2.39654
0.978446
3.6444
2.22935
0.461108
0.36056
1.34302
0.49492
5.5778
0.831956
5.41176
0.392166
2.38894
2.77841
0.535345
1.4172
2.49039
4.27436
4.06039
0.768029
1.07806
4.53058
1.5502
1.93371
0.58939
4.33422
2.71442
2.84806
0.501088
0.699348
0.274856
0.147832
0.577146
0.877358
4.10628
0.419924
0.781979
4.23645
3.15401
1.76649
0.273165
3.35324
1.22486
0.357767
4.41087
2.09572
0.673888
3.83657
2.86599
0.295177
0.500415
1.6905
2.3724
0.846643
0.508757
0.383116
1.72735
0.157846
2.23712
0.588549
1.27933
0.196849
6.34213
0.241894
0.40918
5.68177
1.90459
0.140938
0.193512
2.01389
1.37555
4.60156
1.07435
3.81865
0.76984
0.602808
0.47698
4.02506
1.07218
5.02951
3.90323
2.16891
4.92209
1.06109
1.13052
0.342747
0.549432
5.34717
0.153412
2.86161
0.158122
2.3768
0.0701978
0.120815
1.48806
0.210299
0.321478
0.243465
0.928312
1.93076
0.370571
5.07418
4.49748
0.611136
1.79648
0.490251
2.10201
2.62419
0.576792
1.32069
0.227359
0.146649
0.54077
1.99372
0.159718
4.40206
2.51702
5.20982
0.258323
2.11727
0.769346
3.1009
1.24088
0.559865
0.679941
2.6485
2.45375
5.27532
0.574094
4.75662
0.101139
0.535712
5.12074
5.78837
0.133222
0.515116
0.438836
1.22844
1.78883
0.79723
0.896133
1.21838
0.461922
1.08509
0.398075
5.19662
0.501095
1.57237
0.160883
1.15575
2.58433
0.393387
0.158855
3.84292
2.36025
1.16733
0.61121
1.37312
1.89655
0.67534
1.71015
0.536593
4.00841
0.459231
0.621534
1.8291
0.164585
0.143731
1.54741
0.519918
5.10881
0.384764
4.67218
0.921083
0.819484
6.61163
0.523192
3.70966
0.781416
5.01788
1.04346
0.522457
1.06141
3.02875
4.53268
4.68352
0.603171
0.468067
0.582384
0.252139
0.616755
2.85087
2.61862
0.406831
0.411378
0.6563
0.980386
0.391061
1.54933
0.345619
0.225865
5.47047
5.40962
4.60446
0.592996
1.44034
3.37604
3.33853
0.271799
0.916004
0.163749
3.7723
0.360562
3.55433
0.219223
1.01561
0.758399
2.16469
4.16565
1.45415
5.59151
3.62185
1.90394
0.623904
2.0687
0.782871
0.190708
0.596275
0.463319
0.794218
0.860418
2.05205
2.59337
2.47089
0.598717
0.582428
0.488017
1.13735
4.0317
3.20316
0.713222
1.31569
0.22027
0.141216
0.91847
0.300724
3.97609
0.877019
2.60876
0.794346
0.301438
2.13
0.427748
1.43926
4.28405
5.92309
0.486037
2.5662
3.23316
0.288687
2.24695
2.84126
1.88039
0.590357
0.449306
0.625779
0.327792
0.294222
4.34889
5.94903
1.60582
0.800944
0.517434
0.521156
3.95676
5.23291
0.82394
0.586316
0.749319
0.75089
3.00339
0.278018
0.418548
0.720134
0.685309
0.176995
0.259209
0.801886
2.44827
1.33885
0.388344
2.84372
1.8238
1.71994
0.360758
0.545721
0.260578
2.12303
2.81495
1.68835
0.789079
0.376785
0.602948
0.586706
3.45329
3.52663
0.801469
4.82499
0.769972
3.49049
0.437659
0.297795
2.2029
0.576297
0.937037
0.399646
0.369828
0.250672
0.775547
2.12136
0.199825
3.85507
0.328654
7.08776
0.32103
0.315492
0.884651
3.11645
0.836986
0.192765
1.55014
3.167
0.513405
5.87857
0.258998
0.368616
6.96439
0.490616
4.09015
0.857325
0.581811
5.0329
0.455085
0.590787
0.190882
0.554639
2.2318
3.63335
3.92514
0.1583
0.0847189
3.46015
3.12921
0.261061
0.706416
4.41291
0.674873
2.17612
0.378264
0.934644
3.79388
4.37651
1.03565
4.8557
3.2759
0.211673
0.997093
0.197726
0.800336
0.376504
0.521765
3.22974
0.539065
2.68257
3.69617
0.592877
0.0372528
0.591941
0.458906
0.317854
0.892353
0.266088
2.24982
4.93291
0.470182
0.164532
0.394649
1.64887
4.06777
5.37182
0.575818
4.85179
1.13317
0.390365
0.44587
0.493971
0.144757
5.64937
2.3695
7.06365
0.400765
4.06335
4.45465
3.61781
1.73861
0.475899
3.46524
0.476719
2.39343
0.624287
0.657066
0.22894
0.539649
2.53271
0.376862
0.339932
1.75444
1.27131
4.13813
0.973292
0.932946
0.138057
0.125481
0.317182
0.539445
0.783724
4.10356
0.689712
4.1549
3.85643
1.62915
0.92283
2.98982
0.548959
0.337573
3.90348
5.25482
0.974786
0.191442
2.7177
0.216766
0.951669
0.406536
0.347175
1.92981
3.31721
0.203124
1.53226
6.3794
0.789484
0.136265
2.4315
0.605553
2.39614
0.745476
0.183006
0.577438
0.483137
2.10188
0.183545
0.832265
4.42208
3.08759
0.364831
0.402159
7.50568
0.866003
0.308345
1.42801
0.873321
0.488182
0.674576
1.45654
2.36368
1.67239
1.01183
0.64909
2.03207
0.420863
2.47298
5.42587
0.191896
1.67166
0.40936
0.37729
1.23398
0.392947
0.407616
2.36672
2.4696
1.04683
3.00643
1.3519
0.40208
0.828131
0.388554
5.86652
3.07702
1.83764
5.55068
0.363612
0.823373
1.22688
1.40533
6.1631
0.846043
0.43799
0.293488
0.494078
2.99777
0.408695
0.432952
3.15216
0.569103
5.90213
3.13195
0.554558
0.710159
1.07276
0.516741
6.60665
2.668
3.08235
4.48153
0.690913
0.549523
2.29466
3.08775
0.114634
4.63064
4.91087
6.35567
0.307676
2.21775
2.67922
0.381456
0.600252
0.634556
4.21139
0.57414
0.206957
0.711459
0.114841
1.49789
0.685999
0.306853
0.349783
0.489604
6.2625
1.94763
6.0686
3.90252
0.516943
0.392967
2.21263
0.387778
0.130425
0.698137
1.51158
0.609495
0.264251
2.22627
0.248365
3.71909
2.03919
0.912628
1.64599
2.57382
0.456445
0.630231
5.85472
0.752461
0.00519809
0.594708
0.345007
0.7117
0.35278
5.83598
4.61384
3.07489
0.789487
3.0876
5.56368
6.27905
1.78141
5.65317
0.566194
0.466552
6.41215
0.858969
2.63728
4.9551
2.75694
0.512843
0.564606
2.36393
0.965026
1.29621
3.36432
0.467201
0.723923
0.377102
0.572979
1.73253
0.38107
0.266478
2.7677
6.9559
1.21851
3.62577
4.32287
0.843384
0.541555
0.708512
0.260077
0.531866
2.74372
1.47074
0.804537
0.267317
0.844511
0.428547
3.14852
1.02932
2.04075
3.79198
0.950244
4.13211
2.02862
5.4438
4.60261
0.510348
1.84253
0.577274
5.46122
2.99068
2.16896
4.5144
6.09387
2.47593
1.49524
0.578992
1.91452
0.807594
0.278179
0.743882
1.23223
2.22611
3.77193
1.59783
0.356744
4.28684
0.528984
2.77253
0.0893622
1.02492
0.257865
0.586502
0.606081
0.853377
0.253654
0.913832
0.603014
0.357876
0.87832
2.00901
0.749283
1.2341
1.6479
1.96952
0.727027
0.197835
1.41239
0.973107
0.717683
2.55387
4.57359
1.56784
1.41968
6.05784
2.39897
0.28378
0.524578
0.461824
0.928747
2.58698
0.55971
0.440751
3.05066
2.1134
3.09906
3.12306
2.04509
4.97118
2.72135
6.47161
0.35685
0.812926
1.8831
0.815637
0.746578
0.350334
3.20923
2.02635
2.95388
0.502655
5.78781
6.16967
0.402259
6.72905
2.51403
3.68551
2.88875
1.85994
2.93197
1.6926
0.364422
1.45349
0.595502
1.91147
0.229142
2.36019
2.94389
0.94448
0.824913
0.514553
2.0524
0.564576
3.46052
1.71595
2.07343
1.99068
2.70337
2.61218
2.60739
5.52093
4.41328
0.725013
0.71603
3.10467
2.7549
0.566749
0.414115
0.357981
0.562744
0.254816
6.04868
2.88672
1.55427
0.514646
2.76248
0.815577
1.85962
0.829929
0.522278
0.660757
0.271322
3.00009
5.60154
3.19209
0.788776
3.92307
1.09366
3.08578
0.262592
0.537436
6.68012
0.927593
3.37093
0.465011
0.770177
0.516253
0.581924
0.518288
0.294051
5.4375
0.332143
0.525184
3.12243
2.61561
0.758725
2.93409
1.30575
2.85478
0.990356
1.74502
0.315512
0.553598
0.60377
0.461583
0.808266
0.690751
5.80394
1.81197
0.702807
1.04265e-06
0.486826
0.983694
0.0802786
0.406705
2.92205
0.447946
2.93114
3.45953
2.10546
3.10248
0.389126
0.193016
4.51134
0.584336
1.0106
0.450922
2.28995
0.384921
1.53333
0.0181582
1.66878
1.17397
0.725446
0.196017
4.39186
4.08824
2.04986
0.347867
1.12683
2.49549
0.422245
0.766354
1.96298
1.95091
0.358314
0.3166
0.522484
2.87234
2.91827
0.516864
0.390784
2.06513
0.787074
0.976331
3.81426
5.81658
2.94435
4.96394
0.90546
0.543126
1.31441
1.42188
6.02664
0.319075
0.828639
2.07416
4.44941
0.330521
1.13085
0.412511
2.36396
3.22079
2.91772
4.09181
0.89837
0.824917
3.49584
0.138485
0.604928
0.190892
0.809735
0.318481
0.118461
1.14532
0.383358
0.573806
6.04639
6.2985
0.879519
0.538107
0.159065
0.669104
0.552205
0.540667
0.374299
0.843818
1.72255
0.484386
3.49902
2.40714
0.117189
0.39645
0.15126
2.78274
0.37193
0.602598
4.42047
0.568676
0.879779
5.37314
2.17295
6.20202
0.936758
0.256322
6.17793
1.66738
1.49757
4.23584
0.478924
2.2538
4.36055
0.870458
0.339134
1.02077
4.62973
2.13897
0.404609
0.827773
3.48162
4.40745
2.40619
0.0852311
1.62298
0.190218
0.328938
0.361345
0.78846
0.744316
0.134462
0.429502
0.818983
0.902302
0.182165
0.79415
5.07285
5.70124
1.52556
1.45295
0.330442
0.523085
6.76182
2.16593
4.49362
0.828656
6.07857
0.80083
4.74477
0.778647
0.371064
2.61506
0.768951
0.302794
0.643017
6.41833
0.218296
2.02729
0.883601
1.55793
3.72566
1.32909
1.07522
0.891523
6.18622
0.292223
0.131801
0.81374
0.119565
1.73886
3.46459
0.518021
2.26443
0.194293
1.80234
0.285606
2.54304
0.559501
4.50928
6.44866
0.261502
2.56533
5.30312
0.519541
0.214655
5.12746
1.83845
0.361552
2.70575
4.33698
5.65386
3.72613
0.986672
1.34525
0.580872
6.29522
0.349113
0.866874
0.608777
3.52412
0.965368
0.543952
2.96788
1.36504
0.831756
2.08825
0.310301
1.76754
0.52342
0.112098
1.14287
5.58583
1.33027
0.717651
0.543327
0.264151
0.267315
5.22649
1.1586
1.56581
0.35159
0.304995
1.05871
0.909145
0.510954
2.13792
4.13079
3.72098
1.9308
4.13494
3.13606
0.493165
1.24485
0.430292
3.96113
1.1428
0.0859271
0.901439
0.473587
1.91307
0.603177
2.48664
0.778371
2.88509
0.840469
0.303489
0.692064
3.86165
3.6694
4.32997
4.04971
0.546999
4.05616
1.01685
0.894123
3.6597
2.40607
0.659206
4.02688
0.883502
0.563078
2.20053
0.577112
0.458609
0.12329
4.66326
0.347407
0.28989
4.67013
0.237051
0.496736
5.14136
5.99603
0.567778
3.23349
0.0961338
0.374618
0.318382
0.45789
0.457154
0.852591
2.92648
0.413802
0.543901
0.248974
0.993677
3.49627
0.999453
2.62203
0.558472
3.92488
4.78759
0.674644
2.93355
0.508886
3.94395
2.39249
1.99833
3.86716
0.537135
6.59597
1.04009
5.20449
0.749944
0.383164
0.308243
1.45569
0.190889
0.61815
3.18565
0.787047
0.358372
0.634373
3.98007
2.60385
2.33807
3.05917
1.28094
1.10388
0.43218
5.0509
1.30078
5.40646
0.478321
0.656528
2.76156
1.79524
5.15877
2.54869
0.700082
0.357252
1.29425
4.35367
0.264068
3.80403
0.396223
5.70625
0.454717
0.590098
5.97664
0.258028
3.60397
0.293026
0.428873
1.3459
2.03483
2.03208
0.582725
0.820963
2.49745
0.614272
0.874556
0.486777
0.164666
0.467995
2.43284
5.982
0.912022
6.01024
0.313212
1.83304
0.764548
0.364453
2.03937
1.90339
0.271758
2.60545
0.561359
0.614006
3.68361
0.563368
0.645714
2.28656
2.76817
0.505144
0.267683
0.708672
1.20347
1.43135
0.907913
3.96006
3.75113
1.5064
0.728556
2.41223
2.38794
0.750066
1.38223
0.42001
2.09296
0.35488
4.58467
0.101767
0.551249
1.53547
0.74587
1.80596
2.13643
3.86449
0.285671
0.725642
3.57396
0.558379
6.62646
5.77288
0.412994
1.2179
2.34338
0.312813
2.9904
7.02215
2.25405
0.385322
1.42852
0.455215
0.341368
3.02954
5.73041
5.60471
2.44792
0.581501
0.342572
0.54344
0.507158
2.17139
0.447306
0.940362
0.968714
5.00166
0.502739
4.0819
0.395956
1.57732
5.42398
5.54357
0.404631
1.81488
0.202502
0.809078
0.660818
4.03977
0.562143
1.80443
0.494392
0.510445
0.88498
1.57134
0.29204
0.425712
0.551203
0.929468
1.79929
2.15772
2.3377
0.411878
3.17882
0.432777
6.29871
3.86913
2.08468
6.96818
0.596238
0.568658
1.71004
0.594434
0.624441
0.136782
0.54722
0.526463
0.57236
0.510911
2.16919
4.28255
0.19224
3.06504
6.45765
0.361386
0.317162
0.560701
0.456368
1.93027
3.26339
2.67227
2.03035
6.15983
0.373697
0.576293
0.117769
0.923286
0.850348
5.48897
1.43182
0.470457
2.87888
0.859725
4.61355
2.42379
3.95111
6.14538
0.13274
1.77937
3.10639
1.96808
4.51682
0.573435
2.78077
1.1126
1.96212
0.815209
5.4944
0.553724
0.501259
4.79259
0.473901
2.22763
0.370543
4.82925
5.97316
1.05922
0.816786
0.612628
3.06278
1.00848
0.415466
0.51763
4.65256
7.14615
4.00521
0.375526
3.97185
0.287506
5.60169
6.53487
0.892961
3.14195
2.91236
5.61618
2.91912
0.83441
0.0693475
5.35787
0.310921
0.692997
6.62306
0.0881429
1.255
0.563039
4.80929
0.990381
2.79
1.74335
4.64105
5.85034
4.71356
0.54043
0.40958
0.602285
3.74196
3.39792
0.606007
0.477252
2.17383
4.75393
1.16808
4.28084
0.518873
1.95068
1.11344
0.98674
4.63406
1.16548
0.316614
0.524216
2.54991
0.495055
0.530106
0.359184
4.09744
5.22031
1.98861
0.354268
0.359393
1.28387
0.945253
3.88188
0.957613
1.3029
0.570631
0.546382
0.812099
1.66145
0.894574
3.15407
0.408926
0.414012
5.05159
2.21193
4.96206
0.651968
4.63815
0.801239
0.544994
4.54227
0.416439
2.6663
2.34418
3.24056
1.68754
0.629865
0.91681
5.391
3.73569
0.920659
3.04013
2.29804
4.11977
0.908291
0.513368
4.26513
1.34883
5.1583
0.562595
1.05697
1.50537
2.60166
0.524705
3.5995
0.288959
2.46643
1.05561
0.605538
0.455585
4.4724
0.601838
2.02326
0.479593
1.04717
0.400917
0.583966
6.77885
0.446206
0.480252
0.156684
5.28407
5.90472
1.82766
2.32992
5.08736
0.368262
3.47584
0.260973
3.8035
5.931
1.71445
0.417586
1.48758
0.315515
5.75123
4.22382
0.531421
2.57255
2.00568
3.25838
2.96539
0.1143
0.304246
0.581158
0.613509
2.50428
0.268301
4.0454
0.226075
2.08032
2.96819
2.69073
3.68171
0.309118
2.1771
0.781252
1.49048
0.0749128
1.39546
0.5641
1.16274
0.868675
2.27086
6.53237
0.883025
1.87942
0.628522
0.449328
1.46894
2.84529
0.520454
0.598565
5.63255
1.25
0.593506
0.707206
2.60017
6.08377
5.81871
2.89308
0.521748
0.807427
0.650948
1.07143
5.37597
0.431106
0.81399
0.796547
0.599466
2.46551
1.33924
1.17452
3.31143
1.63358
4.15051
0.81082
0.284141
1.65501
0.145737
4.32231
5.92249
5.2462
2.32211
0.493594
0.760195
6.2884
3.62268
0.116305
1.06334
0.395603
0.276258
2.39651
0.376283
0.916037
4.17146
1.64466
2.13494
3.36132
4.40169
0.372414
3.01359
4.13236
0.588927
0.414921
0.316839
0.958263
3.54945
3.98006
3.14138
2.66794
0.409423
4.24287
3.04276
0.570534
3.87149
2.12505
0.609831
3.90687
0.150334
0.583967
0.5922
0.680643
2.27941
1.04413
2.30049
0.725255
0.672082
0.892897
0.368518
3.8411
0.485853
1.49664
5.95742
0.0858708
0.272452
1.30042
2.26895
5.76214
0.313486
1.16866
0.574049
6.99695
6.03504
0.616629
2.3043
4.7128
0.586559
6.76803
5.19562
0.517915
0.585632
0.746237
0.518761
4.25338
5.38305
0.530675
3.16398
7.54576
0.105823
0.540853
1.91665
0.611475
0.625781
2.82283
6.10727
5.23395
2.87428
0.669709
0.529169
2.50257
5.62123
0.776665
2.08274
1.60597
0.620828
0.549747
5.87094
3.91997
0.647303
2.11124
0.375798
1.49408
1.55926
0.655783
3.20917
0.340151
2.81703
2.03972
0.459908
0.590743
0.334462
5.24596
1.04006
0.534703
1.47255
1.77624
0.741538
0.314927
3.86163
1.26445
2.86338
4.13006
0.856183
0.517972
1.43019
3.75631
4.24968
0.940556
0.27617
2.64917
0.631182
0.601965
6.44624
0.652187
3.11626
0.974926
0.778607
4.64715
0.378903
0.639418
0.91416
5.90552
0.581477
1.18817
0.579171
0.683122
2.45623
2.75926
1.47078
2.9436
4.69193
6.16258
0.148367
0.922846
0.280402
0.357016
0.71752
6.44434
3.20505
0.578466
5.31283
6.02126
5.52079
1.02394
0.496034
0.511249
0.551528
1.59431
4.0431
0.251402
4.96347
2.912
2.65848
0.343151
0.446373
0.686862
5.3369
0.978435
0.277115
5.30405
2.40801
0.5292
5.91385
6.13131
3.10195
0.437295
0.238794
0.274196
2.78158
1.83581
0.870217
0.929141
2.90512
1.38301
7.06749
2.15898
0.897045
2.53167
0.376832
7.33297
1.48435
1.5263
0.543381
0.503051
0.998818
0.603219
0.263005
3.84869
0.627727
0.267988
0.543376
0.257174
0.639782
0.545079
0.526513
0.122078
0.177316
5.58726
5.19704
4.55516
1.02606
3.74531
3.26254
0.759878
5.01901
0.603751
0.474966
0.369534
2.20226
1.3525
3.50132
0.852489
0.761422
2.07054
3.15157
1.57422
1.49679
0.493353
3.86103
5.72582
2.82287
0.727128
2.72511
0.875278
2.54856
0.762596
2.55847
3.63511
5.42493
3.33745
0.171751
0.26984
0.89084
1.78397
0.971397
1.46935
1.10447
0.437865
1.52817
2.23784
0.278544
0.291866
0.924775
4.25344
0.408289
2.82723
0.448994
5.85413
7.41692
4.34264
2.51666
1.10426
0.347465
0.498231
1.36297
0.689619
0.256838
3.18212
3.7913
0.164173
0.521689
0.879442
0.514929
2.92692
3.34196
1.02909
0.943319
1.5699
1.24285
0.503088
0.900406
3.0941
2.72134
5.2917
0.732228
2.35843
4.6744
1.0376
0.596344
0.806909
0.777427
0.261275
1.06362
2.52211
1.61001
2.83141
1.70988
0.514615
0.946646
2.66802
2.13906
0.538353
0.444928
2.97886
0.458216
3.76751
3.20635
0.425109
5.52328
0.429152
2.37427
0.513498
5.31855
4.52614
0.791352
0.715721
0.959044
0.500496
0.521797
0.28974
4.62987
2.9372
0.0766189
0.508061
1.15033
4.32916
0.0749422
1.27561
0.759753
2.38103
1.56168
0.320338
4.0479
0.404973
0.451672
0.722481
0.388168
0.458494
0.373771
0.352799
0.233315
1.41326
0.696245
0.51298
1.07902
2.90499
1.00119
6.56488
0.582588
0.271901
4.28291
2.34763
0.60484
0.576776
0.570338
1.4314
1.6315
0.321156
2.07334
2.6764
0.105375
0.826461
2.78612
2.53523
3.56624
1.06336
5.65461
0.665643
0.605959
0.229449
3.25677
0.0912126
5.41761
4.16409
1.39319
2.57972
6.31565
0.895954
1.40198
0.851945
2.82363
0.93517
3.02411
2.1798
1.5433
2.89046
0.460979
2.35835
7.17418
0.0926762
3.23344
2.56398
0.798864
0.323247
0.771322
0.775186
4.28808
0.132787
0.361671
0.629245
5.97385
3.6699
3.77468
4.56936
7.47319
5.8594
4.63105
4.64899
0.518591
0.156803
4.28238
3.32808
5.9317
2.93064
0.157833
0.544148
0.563485
0.556599
6.82697
1.7095
0.766858
0.33588
2.81708
0.573402
0.512446
0.489849
0.612524
0.608021
0.120234
0.535989
0.504908
0.991549
1.59619
1.32569
4.82609
1.8559
1.67015
0.132661
3.4662
5.07168
0.57848
1.84713
2.54401
0.591562
0.568319
0.323833
0.143189
1.37802
4.32606
0.85531
0.314438
0.544952
7.37565
0.482703
3.18374
0.76861
0.257419
0.51644
4.5163
3.69959
0.446814
0.293682
0.25991
0.528719
3.32865
0.455036
0.635385
0.989054
0.522875
0.373675
0.961198
6.33597
0.402544
1.30915
6.25965
6.47738
0.490172
2.27717
0.225466
1.68153
0.42139
0.949821
0.61912
4.76673
5.73157
1.48289
0.819946
5.42679
5.9604
0.506836
0.0365392
1.45841
0.663977
4.63734
0.493568
0.940457
0.3411
2.99388
0.568069
3.31988
0.143528
0.417614
3.297
0.465213
2.46925
1.02585
1.00989
0.12874
3.19484
0.739554
0.28505
3.75428
1.19113
0.378123
0.206811
0.331969
0.594833
0.684698
3.41349
0.252158
3.25816
0.857665
0.405784
3.12764
3.75272
0.314441
0.815512
0.586889
5.1244
5.06239
0.518622
0.648434
4.21777
5.14155
1.96641
0.427952
5.72814
2.16861
3.80299
2.08122
1.01518
2.54477
3.52143
7.16235
0.896311
0.168539
2.04854
2.36516
0.141814
0.899387
0.554761
0.520241
1.38897
2.47191
2.51602
6.0131
5.98828
5.74277
1.46677
0.316764
7.05401
0.729438
6.87571
3.77258
0.440278
0.166897
6.41472
0.737815
0.971924
0.915657
0.582277
0.128919
0.58634
0.170099
0.106002
3.55062
0.618493
0.618221
0.40406
1.24924
0.731344
0.450921
0.755498
0.524908
3.1628
2.68154
0.11759
1.69053
3.90939
0.879747
5.67107
0.353173
0.337352
0.515961
0.326414
1.70851
2.19127
3.38435
0.790042
0.560112
3.99949
1.80018
0.890478
0.556623
2.91734
0.917985
2.01804
0.956189
0.308526
0.930615
0.407543
0.294362
0.460852
0.748694
0.524553
1.35869
0.238442
0.00236284
6.54026
0.284819
0.125694
5.67767
5.36792
2.0401
0.716398
5.63913
0.336899
3.13207
0.525801
0.553657
6.57836
1.11484
0.146669
1.10485
2.72161
0.741388
1.24431
1.43579
0.975403
5.29473
0.657395
0.0961845
0.488594
0.284968
4.97574
0.142893
1.0612
2.3916
0.544121
5.4938
6.41954
2.26407
1.0139
0.788317
0.729012
0.329167
1.02139
0.788838
0.396479
0.509419
2.14694
3.4324
0.461949
0.889619
1.72181
4.63555
4.63474
1.59124
0.454181
5.66067
3.67335
0.150808
0.849364
0.662059
0.277439
0.417223
4.08537
5.91002
2.43448
1.58529
2.72019
0.281609
1.99846
0.256733
0.332474
0.73731
3.32067
0.536779
5.60714
5.62625
0.777161
7.52175
0.367613
0.609048
0.739308
0.37218
0.131625
1.76358
0.445719
5.24178
4.04276
1.60866
2.53553
2.16764
0.601888
0.529541
0.598971
4.59283
6.73841
0.355723
4.07101
0.48269
0.523886
0.397394
4.64819
0.537797
0.932787
2.32173
0.471182
0.981786
0.291136
0.265735
0.598415
0.651383
0.50918
3.59843
5.70628
0.532276
0.225152
0.54734
0.29999
0.594042
1.69588
0.63714
0.829802
0.645196
6.665
0.7412
0.152518
5.33246
0.592562
7.30987
1.05596
0.728341
2.42664
1.65174
2.55625
0.0835444
2.56137
4.68038
5.24336
0.446523
1.70244
0.540659
0.918765
6.38447
0.452766
6.30729
0.170978
0.969937
1.29564
1.41892
0.167028
0.163646
0.379085
2.5766
1.81235
0.127272
0.52257
0.947462
0.736077
2.43774
0.387894
0.526194
4.36642
0.589431
5.79024
0.464339
4.61155
0.644696
0.539352
1.05134
1.91616
0.534427
0.583823
0.486843
0.514769
0.538323
3.35528
6.93081
4.11009
2.97189
5.98794
6.38288
4.59566
0.297521
0.337463
1.02887
0.586696
0.600643
1.97074
0.065238
5.25564
2.31128
0.699855
0.117987
3.05909
0.634599
0.292413
2.67199
0.386367
3.20342
0.760703
2.60858
3.31886
0.599744
1.73384
5.01866
2.43296
1.44115
3.04733
0.295359
1.92777
2.21452
2.07879
4.4806
0.500601
0.369707
0.518813
7.38165
1.04386
3.61954
0.334474
1.6379
3.8066
7.50198
0.927572
2.57636
0.238743
1.394
2.59095
3.07217
1.05902
4.66003
0.875466
0.176987
0.47728
2.10879
3.964
0.538397
3.15424
2.82898
0.147095
1.13107
0.922797
2.34461
0.407902
0.283176
0.581263
0.48938
4.92984
1.23152
0.648401
0.724989
2.89353
3.97616
3.50911
7.39308
2.62175
5.22391
3.32796
7.52571
0.537961
3.71451
1.56183
3.13993
1.81232
1.07038
1.24901
0.381899
0.340604
6.31919
0.948025
0.279451
4.25178
1.10481
0.456659
0.386562
0.287741
3.77431
5.81993
3.42391
1.05773
1.08892
0.127781
0.325826
0.597133
0.519691
1.01078
7.24758
0.148953
0.614868
2.86495
1.0614
1.97068
0.597538
2.44853
1.8947
0.356459
0.33922
0.477368
0.39882
0.282613
0.489395
0.533979
0.969125
0.663621
5.28383
4.72419
4.06343
1.04083
0.61443
1.15848
1.06622
1.51831
0.690793
4.60268
0.584285
0.372399
0.807838
2.3816
1.04903
5.1114
5.63928
6.2568
4.55168
3.14579
1.82594
0.585957
2.88965
0.656225
0.942836
0.28161
4.73523
1.75769
1.49869
3.94323
0.429904
3.42992
3.11973
0.933661
3.57644
7.33961
2.23099
4.14184
2.92288
1.01471
6.9474
2.27241
0.561855
0.422263
5.30708
0.105756
0.857842
0.547282
0.438588
0.512309
0.32944
1.22122
3.32798
0.111274
1.3291
0.118332
0.294789
0.512448
0.445856
3.2656
3.81314
2.25995
0.0440424
0.586291
0.395323
1.15754
0.876966
4.65288
0.685819
0.262903
0.371977
1.94327
0.393547
2.55794
0.453363
5.7098
0.814505
7.19954
1.24085
3.83986
0.513701
0.661937
0.906308
0.564241
0.887487
0.253311
0.59702
0.96858
0.59456
2.50736
0.850747
0.587634
1.54557
7.1658
1.87713
0.52931
0.949642
6.61511
4.15015
0.539811
0.911037
2.15418
2.67867
4.56218
2.31896
1.53698
4.22051
2.66409
1.56277
0.510382
0.774272
0.469627
0.527298
1.16469
0.531914
2.43703
0.251163
5.82295
0.12637
0.941157
1.53328
3.18369
5.69057
1.40149
2.68278
2.76283
0.904825
0.573132
0.492465
3.99755
0.36686
1.40007
1.29008
5.20453
2.50604
0.656208
4.32271
0.540022
1.80047
1.07912
0.836895
0.0989693
2.21264
6.89471
0.491259
2.02311
0.917559
0.988098
5.32485
0.916337
0.420014
1.37248
5.71739
0.538965
0.491893
0.49887
2.82329
7.34191
0.518293
4.19375
5.15702
2.21254
1.00275
0.88929
5.04351
3.27176
3.23449
2.03181
1.44486
1.65112
1.03945
1.04598
0.927963
0.496336
1.42279
0.371622
5.13628
2.31753
0.342794
0.515681
2.59455
4.4427
2.55903
5.87811
0.268027
4.15355
0.120617
1.59297
0.501079
1.29667
4.19358
0.572899
1.04971
7.03329
0.266572
0.850953
0.521475
2.0466
1.18858
0.506124
0.545797
0.898541
0.1313
0.28227
0.753177
5.59554
0.867117
2.15961
0.266787
2.48606
2.30054
0.550991
0.511113
1.1081
6.79242
2.06339
0.776985
2.16254
4.65367
1.14094
0.408243
0.555603
0.882432
2.8901
3.44409
0.800745
0.495467
3.04962
1.43227
3.21858
4.0217
0.497369
0.480522
4.05377
7.55356
0.67494
4.92432
0.595273
0.73846
7.55347
5.56611
1.16879
0.57096
0.895235
2.4678
1.37997
0.584788
0.426646
0.978029
0.521451
0.373921
0.437135
3.16953
7.48617
1.01872
1.44218
1.00191
0.266569
6.90745
3.94251
0.309906
1.60974
3.17199
2.7225
0.524774
3.23705
0.31761
2.91957
7.05757
1.33812
0.508429
0.558529
1.0278
7.51592
7.08968
4.96023
0.928697
2.99424
0.487579
0.412897
0.591074
3.14518
1.33569
7.40465
2.39436
0.694677
0.765698
0.838403
0.748792
0.424721
0.478726
0.831281
6.64913
7.43802
7.18688
7.51637
0.437845
1.01904
3.07646
0.60309
3.39521
0.933694
0.586525
0.131941
0.101505
0.290135
0.975552
1.3457
2.98077
5.64453
2.72266
0.934935
0.535644
0.699288
3.88742
7.00651
7.42401
0.896514
0.594073
0.270533
1.08354
1.29385
1.59381
1.02002
7.13359
2.70167
0.527514
0.962649
0.321016
2.6543
7.31062
0.537943
0.532597
0.503504
0.917723
0.936785
1.23659
7.06537
2.64834
2.4459
6.44747
0.741362
7.41665
2.84969
4.40099
0.902722
0.58204
0.818459
0.543644
0.903804
2.78449
0.741278
2.5797
6.7554
0.884549
0.807713
1.03455
0.87415
7.282
0.55207
0.867195
0.575352
0.589223
1.06806
0.57157
0.56791
0.559629
0.564411
0.888239
0.878668
0.871811
0.877546
0.868885
0.985321
0.638728
0.523037
)
;

boundaryField
{
    back
    {
        type            empty;
    }
    front
    {
        type            empty;
    }
    outlet
    {
        type            zeroGradient;
    }
    circle
    {
        type            fixedValue;
        value           uniform 0;
    }
    walls
    {
        type            fixedValue;
        value           uniform 0;
    }
    inlet
    {
        type            fixedValue;
        value           uniform 0;
    }
}


// ************************************************************************* //
