/*--------------------------------*- C++ -*----------------------------------*\
  =========                 |
  \\      /  F ield         | OpenFOAM: The Open Source CFD Toolbox
   \\    /   O peration     | Website:  https://openfoam.org
    \\  /    A nd           | Version:  10
     \\/     M anipulation  |
\*---------------------------------------------------------------------------*/
FoamFile
{
    format      ascii;
    class       volScalarField;
    location    "1250";
    object      k;
}
// * * * * * * * * * * * * * * * * * * * * * * * * * * * * * * * * * * * * * //

dimensions      [0 2 -2 0 0 0 0];

internalField   nonuniform List<scalar> 
10435
(
1.3492
1.51334
1.7561
1.89378
2.03602
1.91353
1.74356
1.6932
1.53778
1.81891
1.78044
2.03376
1.77316
0.91259
0.94112
1.81176
0.890369
1.85624
1.40501
1.4509
1.75358
1.81071
1.82552
1.64847
1.8095
0.571247
0.732355
1.73951
0.682124
1.83461
1.89774
1.89233
1.65062
0.689942
1.77898
1.1107
1.84509
0.747789
0.457956
1.50889
1.8974
1.76712
0.709167
1.70481
1.8883
1.58875
1.88762
0.697848
1.44289
1.66899
1.73575
1.90253
0.44495
0.620839
0.485741
0.638978
1.82788
0.765559
0.838956
1.7297
0.476216
1.36584
0.757528
1.95
1.86035
1.76956
0.795067
0.797772
1.71795
1.67038
0.615185
0.669238
0.555191
1.79396
0.979157
0.69985
1.71321
1.73438
1.5883
0.973306
1.73378
1.20507
0.432396
0.62766
1.74291
1.0944
1.25008
1.70885
1.00423
1.361
1.8129
1.90359
1.28721
1.06661
1.47857
1.00805
1.97776
0.942223
0.866672
2.01851
0.969478
2.10716
1.15007
1.59674
2.06209
1.8061
1.37209
1.70928
1.74791
1.01561
1.60806
2.13929
1.131
1.0678
1.97789
1.73722
2.0434
1.19502
1.66973
2.05257
2.05318
0.608148
1.30809
0.755476
2.10371
0.524534
2.03096
0.643416
2.02033
0.749414
0.698102
2.0118
1.78046
0.939297
0.70949
0.400986
0.909215
1.9586
1.55175
1.64895
1.55226
1.89514
0.758301
1.99768
1.86258
0.838171
0.822784
1.91948
0.857602
2.01654
0.654609
1.90465
1.37342
1.99352
1.86751
0.61153
2.15245
1.42926
1.83744
1.70284
1.95685
0.911909
1.88205
1.92017
1.03019
2.02931
1.6565
2.01028
1.89411
2.00089
1.83775
0.500636
0.672111
0.876886
1.98577
1.52049
1.2308
0.813266
1.53639
0.721467
1.65108
1.95227
2.03378
0.500608
1.92802
0.632629
0.634729
1.7404
2.02845
1.95183
2.05385
0.423805
0.721046
1.02096
2.15504
1.73289
0.788623
1.01026
0.758383
1.8378
1.02369
0.724525
1.75044
0.753977
1.75236
1.99196
1.78375
1.99645
0.764361
1.89145
0.591562
1.79563
2.0418
1.95751
0.718357
0.877475
1.09221
0.484623
0.577825
0.888985
0.696969
0.851685
0.788276
0.834485
0.601969
1.78827
0.513844
0.947929
1.91103
0.722533
0.823853
1.72874
0.543877
1.91207
0.777778
0.870538
1.80488
0.608066
1.80496
1.86005
1.59716
0.556007
0.497877
0.639725
1.93963
1.57711
0.924458
1.69891
0.546894
1.338
0.570541
1.09193
1.79179
1.90469
1.71228
1.99357
0.504071
1.7189
0.563583
0.707192
1.72443
1.86838
0.560901
1.80935
1.16541
0.845464
1.48488
1.86072
0.464677
2.0141
1.72816
1.65368
1.69323
1.78869
0.615314
2.05519
0.744749
2.051
1.77583
1.62463
1.79188
0.789352
1.72726
0.913077
1.17205
0.445003
1.9926
0.484109
0.633281
0.705528
0.858763
1.87331
0.76116
1.67288
0.465004
0.606414
0.808343
1.2521
2.03614
1.83427
0.787816
1.82715
1.72505
0.58935
1.97858
0.906373
0.846025
1.91423
1.80448
0.635171
1.45715
0.68851
1.16382
1.96202
1.62901
0.606663
0.51074
1.96008
0.817125
2.01926
2.01677
0.723983
1.26732
0.415742
1.5841
1.76302
0.657206
1.72512
0.820954
0.764927
1.63889
0.727418
0.633503
1.73886
1.9768
0.776211
0.606809
0.570794
0.655038
0.650929
0.686559
0.643008
0.46579
0.672901
0.64806
0.65793
0.788951
0.792886
0.408261
1.53485
0.63813
1.77123
0.717908
1.72877
1.53677
1.37966
1.76642
1.82602
0.6333
0.665872
0.587176
0.536713
0.637425
0.453236
0.703221
0.708071
0.772019
1.98443
0.691165
1.50207
0.510498
0.73313
1.78883
1.29337
0.446076
0.735588
0.752383
0.761732
0.66234
0.608576
0.862966
0.495793
1.61523
0.795745
1.68193
1.49144
1.73663
1.75018
1.44612
1.73354
1.71084
0.761795
0.565504
0.668996
0.617554
1.73354
0.649795
1.79777
0.833478
0.728167
0.74749
0.749548
0.528103
1.77226
0.757173
1.65415
1.91432
0.514718
0.642505
0.788945
1.3306
0.798403
0.668262
0.573545
0.638483
0.745462
0.687561
1.7443
0.614457
0.643752
0.687653
0.699822
1.85932
0.444865
0.41043
1.18358
0.659128
0.115511
0.113152
0.109203
0.104394
0.0991392
0.0935559
0.0877627
0.0819102
0.0761797
0.115282
0.112396
0.108229
0.103374
0.0981406
0.0926938
0.0871659
0.0817436
0.0766675
0.114717
0.11147
0.107136
0.102246
0.0970765
0.0917879
0.0865277
0.0814808
0.0768724
0.11408
0.110576
0.106096
0.101187
0.0960942
0.0909646
0.0859441
0.0811969
0.0769018
0.113594
0.10989
0.105273
0.10035
0.095327
0.0903383
0.085515
0.0809906
0.0768864
0.113462
0.109584
0.104832
0.099885
0.0949102
0.0900308
0.085358
0.0809967
0.0770323
0.113922
0.109857
0.10495
0.0999514
0.0949916
0.0901819
0.0856142
0.0813745
0.0775335
0.115333
0.11094
0.105822
0.10073
0.0957443
0.0909596
0.0864496
0.0822888
0.0785458
0.118049
0.113057
0.107669
0.102436
0.0973808
0.0925715
0.0880659
0.0839258
0.080212
0.122109
0.116382
0.110727
0.105325
0.100162
0.095278
0.09072
0.0865337
0.0827563
0.127214
0.121048
0.11525
0.109692
0.104394
0.0993916
0.0947283
0.0904385
0.0865409
0.133025
0.127246
0.121523
0.115856
0.110413
0.105258
0.100447
0.0960126
0.0919762
0.139989
0.135411
0.129904
0.124159
0.118553
0.11321
0.108212
0.103598
0.0994049
0.150155
0.146255
0.140804
0.134908
0.129082
0.123501
0.118264
0.113427
0.109038
0.164492
0.160259
0.154494
0.148286
0.142143
0.136248
0.130708
0.125579
0.120887
0.182921
0.17741
0.170969
0.16428
0.157714
0.151427
0.145522
0.140063
0.135076
0.204156
0.197195
0.189955
0.182698
0.175638
0.1689
0.162581
0.156755
0.151484
0.22672
0.218957
0.211072
0.203272
0.195705
0.188491
0.181726
0.175487
0.169845
0.250393
0.242355
0.234044
0.225783
0.217742
0.210063
0.202848
0.196178
0.190113
0.275347
0.267358
0.258768
0.250121
0.241657
0.233552
0.225918
0.218841
0.212401
0.301938
0.294114
0.285275
0.276268
0.26743
0.258957
0.250956
0.243505
0.236682
0.330674
0.322852
0.313632
0.304235
0.295074
0.286316
0.278039
0.270297
0.263161
0.362337
0.353797
0.343866
0.334008
0.324591
0.315676
0.307266
0.299374
0.292091
0.397941
0.387003
0.375832
0.365464
0.355925
0.347048
0.338707
0.330837
0.323541
0.43862
0.421928
0.409127
0.398399
0.389003
0.380452
0.372455
0.36486
0.357006
0.203389
0.203429
0.204104
0.205415
0.207372
0.209969
0.213197
0.217029
0.221442
0.226391
0.23183
0.2377
0.243926
0.250436
0.257132
0.263918
0.27069
0.277335
0.283741
0.289793
0.295362
0.300313
0.304464
0.307526
0.309335
0.31001
0.309603
0.30804
0.305046
0.300901
0.295725
0.289544
0.282405
0.274434
0.265756
0.256499
0.246797
0.236786
0.226602
0.216384
0.20626
0.196358
0.186787
0.177647
0.169022
0.160982
0.15358
0.14687
0.140881
0.135632
0.131113
0.127296
0.124141
0.12159
0.119597
0.118109
0.117083
0.116482
0.116272
0.203643
0.204016
0.20498
0.206544
0.20871
0.211466
0.214792
0.218663
0.223052
0.227924
0.233233
0.238924
0.244933
0.251183
0.257592
0.264067
0.27051
0.276815
0.282876
0.288581
0.293817
0.298464
0.302393
0.305446
0.307453
0.308276
0.307841
0.306133
0.303213
0.299197
0.294163
0.288159
0.281243
0.273497
0.265021
0.255932
0.246352
0.236414
0.226253
0.216004
0.205799
0.195767
0.186028
0.176694
0.167865
0.159627
0.152051
0.145191
0.139083
0.133735
0.129135
0.125247
0.122023
0.1194
0.117324
0.115742
0.114607
0.113881
0.113524
0.200933
0.201377
0.202376
0.203938
0.206066
0.208756
0.211997
0.215767
0.220038
0.224774
0.229931
0.235454
0.241281
0.247342
0.253555
0.259834
0.266084
0.272206
0.278094
0.28364
0.288727
0.293234
0.297026
0.299957
0.301889
0.302714
0.302362
0.300806
0.298073
0.294231
0.289355
0.283513
0.276772
0.269214
0.260933
0.252035
0.242634
0.232855
0.222826
0.212676
0.202536
0.192534
0.182795
0.173437
0.164568
0.156285
0.148665
0.141769
0.135629
0.130252
0.12562
0.121698
0.118436
0.115776
0.113661
0.112039
0.11086
0.110089
0.109685
0.194759
0.195212
0.196201
0.197735
0.199812
0.202427
0.205568
0.209214
0.213339
0.217909
0.222881
0.228205
0.233823
0.239668
0.245664
0.251729
0.257772
0.263695
0.269397
0.274766
0.279689
0.284043
0.287701
0.290536
0.292424
0.293264
0.292989
0.291571
0.289022
0.285389
0.280733
0.275122
0.268629
0.261335
0.25333
0.244714
0.235594
0.226086
0.21631
0.206393
0.196461
0.186641
0.17706
0.167838
0.159089
0.150912
0.14339
0.136583
0.130523
0.125218
0.120651
0.116787
0.113569
0.110941
0.108849
0.107241
0.106069
0.105299
0.104891
0.186244
0.186703
0.187678
0.189174
0.191192
0.193727
0.196765
0.200288
0.204269
0.208677
0.213469
0.218599
0.22401
0.229639
0.235414
0.241255
0.247076
0.252781
0.25827
0.263436
0.268168
0.272347
0.275857
0.27858
0.280409
0.281257
0.281061
0.27979
0.277446
0.274056
0.269668
0.264343
0.258152
0.251174
0.243496
0.235213
0.226429
0.217254
0.207804
0.198201
0.18857
0.179038
0.16973
0.160767
0.152263
0.144316
0.137008
0.130397
0.124517
0.119371
0.114943
0.111194
0.108074
0.105527
0.103498
0.101936
0.100797
0.100044
0.0996401
0.175418
0.175835
0.176752
0.178177
0.180108
0.182541
0.185463
0.188854
0.192688
0.196934
0.20155
0.206491
0.211701
0.21712
0.222677
0.228295
0.233891
0.239373
0.244643
0.249599
0.254135
0.258141
0.261506
0.264126
0.265903
0.26676
0.266638
0.265509
0.263364
0.260223
0.256122
0.251114
0.245267
0.238655
0.231362
0.223479
0.215102
0.206337
0.197299
0.188107
0.178881
0.169745
0.160822
0.152231
0.144082
0.136472
0.129479
0.123159
0.117542
0.112634
0.108415
0.104848
0.101886
0.0994749
0.0975602
0.0960922
0.0950272
0.0943304
0.093966
0.162559
0.162906
0.163739
0.165067
0.16689
0.169202
0.171993
0.175244
0.178928
0.183012
0.187458
0.192217
0.197237
0.202457
0.207809
0.213218
0.218604
0.223876
0.228941
0.233702
0.238057
0.241901
0.245137
0.247668
0.249404
0.250275
0.250231
0.249241
0.247295
0.244402
0.240595
0.235919
0.23044
0.224232
0.21737
0.209944
0.202041
0.193762
0.185223
0.176535
0.167813
0.159176
0.150738
0.142617
0.134918
0.127734
0.121139
0.115185
0.109902
0.105293
0.10134
0.0980072
0.095249
0.0930135
0.0912486
0.089906
0.0889439
0.0883284
0.0880252
0.147486
0.147693
0.14838
0.149559
0.151234
0.153402
0.15605
0.15916
0.162705
0.166649
0.170953
0.175565
0.180428
0.185482
0.190662
0.195901
0.201124
0.206237
0.211151
0.215763
0.219976
0.223691
0.226827
0.229303
0.231023
0.231932
0.231982
0.231148
0.229404
0.226756
0.223238
0.218893
0.213798
0.20803
0.201639
0.194721
0.18736
0.179641
0.171693
0.163606
0.155487
0.147444
0.139586
0.132023
0.124861
0.118181
0.112061
0.106547
0.101661
0.097406
0.093766
0.0907097
0.0881941
0.0861723
0.0845962
0.0834199
0.0826025
0.0821106
0.0819101
0.129873
0.12983
0.130284
0.13126
0.132768
0.134801
0.137334
0.140323
0.143772
0.147682
0.151945
0.156502
0.161279
0.166203
0.171248
0.176345
0.18147
0.186572
0.19147
0.196015
0.200129
0.20374
0.20681
0.209258
0.211009
0.212002
0.212199
0.211567
0.210046
0.207618
0.204365
0.200349
0.195648
0.190351
0.184502
0.178103
0.17128
0.164256
0.15704
0.149653
0.142237
0.134895
0.127713
0.120785
0.114203
0.108084
0.102494
0.0975092
0.0931212
0.0892797
0.0859698
0.0831898
0.0809214
0.0791248
0.077751
0.076765
0.0761298
0.075809
0.0757685
0.637515
0.594067
0.555063
0.517996
0.481982
0.446879
0.412909
0.380423
0.349773
0.321253
0.295693
0.273974
0.256353
0.242465
0.231156
0.221769
0.214467
0.209362
0.206264
0.204617
0.203937
0.203819
0.203883
0.203743
0.202922
0.607137
0.580588
0.548312
0.513856
0.47872
0.443703
0.409463
0.376588
0.345606
0.317077
0.291611
0.269656
0.251362
0.236579
0.22491
0.215948
0.209392
0.204972
0.202388
0.201263
0.201177
0.201737
0.202578
0.203352
0.203676
0.601913
0.574705
0.543076
0.508978
0.473728
0.438309
0.403567
0.370236
0.338965
0.310341
0.284838
0.262755
0.244211
0.229151
0.217371
0.208576
0.202408
0.198478
0.196396
0.195768
0.196186
0.197255
0.1986
0.199866
0.200722
0.601969
0.571519
0.53829
0.50321
0.467214
0.431173
0.395916
0.362203
0.330702
0.301969
0.276408
0.254266
0.235649
0.220534
0.208778
0.200116
0.194182
0.190545
0.188775
0.188448
0.18915
0.190479
0.192055
0.193521
0.19452
0.603188
0.569609
0.534137
0.497417
0.4602
0.423249
0.387328
0.353153
0.321354
0.292442
0.26678
0.244589
0.225962
0.210879
0.1992
0.190659
0.184881
0.18142
0.179822
0.179639
0.180446
0.181841
0.183446
0.184925
0.185978
0.603955
0.56763
0.529821
0.491243
0.452605
0.414599
0.377907
0.343188
0.311021
0.281876
0.256088
0.233859
0.215266
0.200268
0.188702
0.180281
0.174613
0.17124
0.169694
0.169517
0.170278
0.171577
0.173049
0.174377
0.175273
0.604366
0.565306
0.525063
0.484524
0.444379
0.405234
0.367688
0.332342
0.29974
0.270314
0.244384
0.222135
0.20362
0.188753
0.177335
0.169042
0.163459
0.160119
0.158542
0.158267
0.158854
0.15991
0.161077
0.162055
0.162617
0.604584
0.562371
0.519548
0.477028
0.435378
0.395078
0.356627
0.320582
0.287482
0.257738
0.231656
0.209415
0.191041
0.176368
0.165144
0.157003
0.151497
0.148153
0.146491
0.146039
0.146349
0.147026
0.1477
0.148062
0.147965
0.604066
0.558365
0.512956
0.468553
0.425499
0.384077
0.344717
0.307883
0.274206
0.244115
0.217858
0.195665
0.177551
0.163155
0.15219
0.144244
0.138817
0.135443
0.133667
0.133006
0.132972
0.133192
0.133193
0.132514
0.13112
1.83565
1.81489
4.86505
2.77213
0.0835225
0.0982666
1.27334
0.0458563
4.06144
0.0743485
2.74391
0.0946932
0.609961
0.148172
1.34911
0.121901
3.02507
2.45552
0.0708721
0.903491
0.562757
0.116319
3.10852
0.208635
0.0376903
0.0629066
0.0371522
0.399742
2.05849
2.89458
0.0718722
0.076501
3.58012
0.715062
2.85021
0.0745177
1.16197
1.35539
1.21564
0.108454
3.93456
0.0163104
0.0925216
0.74278
0.296009
0.159547
3.57072
4.05612
2.4867
2.79768
3.38129
3.5521
0.558581
2.28185
1.2265
4.05396
0.136311
0.546926
0.0521025
3.27848
0.0943518
5.19482
0.0822376
0.128482
0.0474817
0.685329
0.0878595
0.358897
0.625661
2.6937
3.88267
0.141359
0.0566018
0.954033
0.0399869
0.5533
1.06314
3.99464
0.0387988
1.97994
0.684932
0.118412
0.0561347
2.65601
0.084677
0.0969063
0.0543636
3.97057
3.61673
0.168854
0.218965
0.112451
0.0857497
0.0989158
0.0632374
2.76922
0.0636788
2.92287
0.0375877
3.25043
0.216155
3.94532
0.238859
0.146659
0.0469552
0.296564
3.27297
0.67868
0.0314663
2.91052
0.117885
0.0761827
3.37157
0.143134
0.552336
2.45694
3.51278
0.103015
0.570463
0.0497449
0.00557926
0.0756419
0.20668
0.0386215
3.66798
0.0897648
3.58736
0.825731
0.0560921
4.05353
0.053702
0.959204
2.72432
1.07402
0.465788
0.0539015
0.286127
0.158213
0.0937449
0.902993
0.12056
1.16568
3.33198
0.00727536
2.2088
0.137822
3.03792
0.806977
0.1204
2.8172
0.524984
0.126945
3.0524
1.54425
0.0469972
2.61509
0.0425253
0.100953
1.1854
0.0754987
0.0928451
3.86608
0.100768
3.05105
0.0921971
3.01596
0.156986
0.0361563
0.154948
0.0449588
0.134337
0.135362
0.363794
2.8028
0.0880778
0.334543
0.828755
2.39705
2.79073
0.122054
0.966685
0.0743699
0.560498
1.01114
0.616646
0.0413964
3.17782
0.0300869
3.01418
0.109741
3.78196
3.29515
2.6181
1.13968
1.43661
3.20265
0.0392515
0.113249
2.33553
1.90493
0.735283
0.179916
0.112056
0.112306
0.368024
0.0797905
0.091983
0.237538
2.61201
0.0952058
0.0462805
0.0974983
0.941558
0.34606
0.620173
4.08358
0.0647332
0.0488557
0.181345
0.215765
0.205293
0.0189887
0.0500944
5.36274
0.297622
3.60453
0.158803
3.04183
0.0282807
0.0605949
2.49339
0.0764191
0.0725391
0.0464476
1.2048
0.0771506
1.25881
0.290664
1.03847
1.60866
0.0717719
0.0935107
0.0901217
0.546959
0.0547734
0.056205
0.0774406
0.360168
0.120149
0.0800412
0.0237363
0.356482
0.0773474
2.47182
0.0578538
0.0361254
3.23819
1.08197
1.2062
0.0709379
0.34952
0.0634234
0.090704
0.0438412
0.981697
0.0395005
0.0807947
3.41826
1.27171
0.0362031
0.625839
2.67834
0.0427394
0.046557
0.0722596
3.41326
0.0990861
3.86397
0.146384
3.54788
0.742358
0.549968
0.3309
0.158411
2.79694
0.103056
0.313388
0.700127
3.4648
3.86217
1.57849
0.106546
0.0129336
3.57472
1.06799
4.07968
3.95292
0.100117
0.0769208
2.99011
3.41982
0.0934578
0.123452
0.116745
3.82893
0.0854472
0.561673
0.078075
0.89942
0.116625
0.14376
0.110783
3.31734
0.0509354
0.0410175
1.1467
3.83605
0.0787138
0.0380324
1.27582
1.19117
0.0797243
0.129648
0.0713144
0.0567052
0.0395425
3.46748
0.696126
0.0970485
0.555308
0.0909704
1.41772
0.176625
0.0755332
3.8833
0.101878
0.0668045
0.0601626
0.00386345
0.346363
0.0990312
0.0898199
3.0534
0.107054
0.986821
0.0643869
0.111374
0.0572788
0.0514236
3.3936
1.52107
0.0860824
0.0258743
1.21782
3.62049
0.262058
1.48367
0.74008
0.0894178
3.57857
2.64695
2.83406
0.0722714
3.55553
0.0141608
0.0500812
0.14373
3.96576
0.0862645
2.90598
0.130945
1.52671
2.06142
3.52497
0.609496
0.0411794
0.0517919
0.0954795
0.0735891
0.0758038
3.94072
0.127102
3.64611
0.787908
0.761956
1.32459
0.0938081
0.903199
2.62847
3.78943
0.917255
0.0800096
0.264005
3.343
0.950416
0.0723869
0.0853712
3.52129
0.100138
2.09078
0.046196
0.094019
0.0837427
2.38913
0.0842966
0.000333147
1.29978
0.278407
0.908485
0.0715685
2.939
0.0875238
2.96979
0.0909205
0.0720595
0.140294
2.56531
3.39749
0.0869315
0.111208
0.0951069
0.0753054
0.178781
0.267181
0.148945
3.7295
0.00249003
0.142562
0.0754154
0.0774711
0.107815
0.0365992
0.172877
0.0381264
1.51327
0.138062
0.117738
0.0104193
0.0581422
0.136934
0.0751931
1.60561
3.63952
0.819257
0.63849
5.55434
0.322896
3.50724
0.0468402
0.0390225
3.5075
0.0877488
0.0988696
2.9057
0.109174
2.61113
3.42189
0.0977867
0.224767
0.88533
0.108726
0.59662
2.87761
0.897463
3.59464
0.0461828
0.0508342
5.42847
0.0741687
2.67496
0.340285
0.0461974
2.82434
0.138418
0.0388457
0.654187
0.156217
0.0408786
0.834477
0.76168
0.628239
1.21582
0.0041228
0.0909043
2.60295
0.0735472
0.117099
0.15774
2.49718
0.12568
1.39816
0.109475
0.0495538
3.26414
0.0830212
0.064958
1.37034
0.101848
0.0868705
2.87499
0.093544
1.53247
0.0894728
0.477361
0.799402
0.771437
0.109536
0.108841
1.3085
0.0754122
0.102363
0.740022
0.0877018
0.147226
0.0389559
3.94584
3.83708
2.62164
0.0424013
0.66742
0.086314
3.85436
0.906263
4.6309
0.707079
0.165946
3.66704
4.01712
0.0795672
0.150225
0.344918
0.131533
3.72387
3.77124
0.0525869
0.911665
0.0943759
2.86112
2.43021
0.114374
1.25026
2.92355
0.111657
3.47555
0.0317893
5.09266
0.0831376
0.180757
0.10198
3.76114
1.19273
1.21924
0.0554087
2.52499
2.60462
3.92756
0.0467936
0.102037
0.5873
2.7734
0.0770078
1.07658
0.0956028
0.620713
2.85162
0.0724936
0.654669
0.0494605
0.077505
0.385549
3.42462
0.175568
1.25098
0.0562867
0.0816197
3.35782
3.60369
2.82838
0.197508
0.399924
0.93588
0.556395
0.175901
0.0877739
0.0471242
3.49402
0.1075
0.0983457
1.39511
0.16823
0.12996
0.103432
0.124198
1.45458
0.11067
0.0551647
0.666567
2.65319
0.075322
0.0742842
3.07344
0.402917
0.0167319
0.140707
0.814059
0.0607927
0.104704
0.0745203
0.541943
0.0861821
0.0951078
1.21424
0.0550456
0.150524
0.26239
0.567592
0.0624488
0.109407
5.28547
0.140443
0.0432523
0.0787439
0.0993592
0.178519
0.0689857
3.21096
3.90489
0.368228
3.37894
0.049913
0.0359874
0.042885
0.0307836
0.138481
0.0469602
0.604169
0.167946
0.0530224
0.115978
1.31116
0.630568
0.183942
0.680627
0.108447
0.0923887
0.0550654
0.243058
0.894409
3.18473
1.46086
1.23132
0.0285576
0.0743799
0.0227891
0.171547
0.0733061
3.62739
0.07197
0.59773
0.0775935
2.92631
1.51641
2.67847
0.00435322
0.0439783
0.0449906
4.01177
3.52931
0.589319
0.555322
0.0645653
0.0742143
0.0801846
3.3451
0.0100623
0.0703315
1.12535
0.0709318
0.135447
0.0761803
0.0411816
0.566501
0.143323
0.0586736
0.0798455
0.213916
0.0945579
2.25414
3.619
0.0772513
1.31779
0.0891149
2.72851
0.0488528
0.104075
0.0809186
0.0569884
1.45125
0.0980248
0.104011
0.0521756
0.336845
0.0609681
0.160997
0.139193
3.53596
1.31115
0.499329
3.98131
1.41344
2.53058
2.8525
0.0717536
0.0425453
0.0441745
0.000704658
0.105649
0.738833
0.130118
0.0696294
0.59519
0.0806127
0.0734328
0.43587
0.0852945
0.0786307
0.049099
0.50032
0.7483
4.02491
0.0743861
2.89655
1.2028
2.33931
0.610612
4.04683
3.43873
3.7378
0.0454474
0.11662
0.00574862
0.310843
0.0932397
1.07931
2.12293
0.0973651
1.16389
0.834514
0.0588398
0.0483935
0.0865761
3.78969
4.93584
0.063583
1.31449
1.49282
0.580884
3.13245
5.61724e-05
0.0783331
0.447694
0.00785787
1.98895
0.937079
2.95619
1.49245
0.0367277
1.50033
0.0407208
0.00204444
0.574698
0.121228
0.178833
0.0744966
0.0909702
0.568707
0.116917
0.0443551
0.0945555
0.104027
0.432628
0.105557
3.40192
1.38234
0.11022
1.33854
0.134413
0.928277
0.100797
0.0891137
0.130023
0.702125
0.578253
0.00923736
0.133567
3.43511
4.84235
1.06099
0.0958095
0.828756
0.942077
1.37786
5.56152
1.10012
0.210341
0.113026
3.13384
0.034017
0.0446668
0.252168
3.19592
4.58605
0.0726272
0.0758223
2.84434
0.0409728
4.88038
3.12356
0.127841
0.0719073
4.20975
2.1314
2.09254
0.0892274
0.0711841
0.0277985
0.794299
1.17489
0.0883012
0.041451
0.0711516
1.04578
0.106741
0.456132
2.14961
0.0740759
0.081565
5.38205
0.0761148
0.644395
0.0706785
0.674148
0.0843226
0.0552585
0.974222
0.136365
0.0998045
0.0864773
0.383007
0.65119
3.91653
0.0528291
0.0794705
0.0915939
1.27538
0.91648
5.0786
0.0413566
0.690569
1.38609
0.000983756
0.0385204
0.0936917
2.51117
0.0901216
1.0218
0.13256
0.00265784
1.14276
0.112481
4.88884
3.94758
0.775081
3.39395
3.48367
3.76698
0.0766542
3.2815
1.20488
0.123239
1.22871
0.0717907
0.095453
0.914716
0.0967747
0.203978
0.630022
5.32133
0.0456698
0.0377
3.27893
0.182418
0.118314
1.30504
2.24983
1.42083
0.0916699
0.283265
3.99024
2.92828
1.04423
0.615541
2.67792
0.198192
0.0425939
0.755796
2.74471
0.0870678
0.45153
0.143951
3.15372
0.137907
0.961032
2.02489
0.00726446
0.081516
0.0931166
2.91724
1.35946
3.01794
2.35101
0.17443
0.44557
0.621925
0.223846
2.06587
0.541269
0.0732375
0.108571
0.0971116
0.0284935
0.860853
2.7814
0.0432864
2.93477
0.139567
1.27522
0.0817987
0.0689856
0.0439093
3.67306
2.96188
0.381196
0.650454
0.0714804
0.0542794
1.54258
0.0747592
1.39531
1.10432
3.62736
0.0725267
0.347169
1.56217
0.121073
0.16299
0.109636
3.67977
0.104126
0.192609
1.27737
1.33189
0.0512697
0.222916
0.0762098
0.13415
0.0589106
0.0596753
0.582797
0.0540299
0.315307
2.85119
0.917576
3.59912
0.100276
0.287924
0.790744
0.0376187
2.17268
0.0865725
0.122112
3.50057
0.130599
0.425003
0.195485
0.0361077
2.55786
0.0778237
0.360833
0.0392032
1.24943
1.35219
3.5189
0.0495453
1.13627
0.0737744
0.388481
0.123684
3.11112
1.03838
0.301963
2.93982
0.0963589
3.46417
0.092021
2.42068
0.120261
0.0438054
0.101651
0.999725
1.38856
0.0516303
0.091196
0.937117
0.0695707
0.0963197
0.052076
0.0358259
0.117949
4.02942
0.150227
0.100728
1.46755
0.381447
3.75358
0.0255882
0.107776
0.06952
0.205096
0.169184
0.0928866
4.00778
0.226484
0.729288
0.0712171
0.232669
0.863642
2.97831
0.0881797
0.0863752
0.128743
0.164145
0.0781852
0.460628
3.76605
2.29687
0.650582
0.0679323
1.56993
3.6832
0.316902
0.91153
0.124836
2.30299
2.7547
3.59437
0.0890684
0.0930783
0.258203
3.00928
0.177619
4.81819
0.16131
0.443131
2.78923
0.0384465
0.117246
0.126562
0.0772494
0.0722528
0.122257
2.17087
0.0727308
3.29816
0.0844996
0.073837
0.0532945
0.0751351
0.578209
0.0865432
0.946468
0.859273
0.0765368
0.145681
2.36448
2.61105
0.0719618
0.0853427
0.138135
0.515493
1.80226
0.29076
3.46815
0.060074
0.0786936
0.581007
0.0846049
0.357406
1.53944
0.0753131
0.0512105
0.0101711
0.153336
0.975205
4.88518
1.11372
0.0804239
0.277429
0.0732663
3.83127
3.91583
0.0905585
0.0777438
1.17863
0.0866248
0.0599216
2.358
2.15024
0.155441
0.0800854
0.0557241
0.532107
2.17491
0.0730799
0.0470956
2.0351
2.92022
0.00140267
0.0722445
0.0576444
0.141048
0.422515
0.571686
0.0910424
1.34584
0.0944603
0.118794
0.0706805
0.579948
0.0675896
3.48728
2.79312
3.62028
1.98199
1.31835
3.44843
0.0767046
3.62591
0.611181
0.0513227
0.275078
0.05246
0.242348
0.087114
0.0800519
0.0516876
3.33128
0.0380108
0.359615
1.53697
0.124578
0.292085
0.39373
3.57807
0.0222035
3.64921
2.93224
0.120529
0.0605442
0.261981
0.321453
0.232186
1.12104
5.15734
0.122382
0.0533016
0.087327
1.08693
3.86114
0.133365
0.149636
0.0376571
0.0703308
0.107504
0.436627
0.0774502
0.144408
0.270318
2.61649
0.0893211
0.27283
3.44814
0.111713
0.316002
0.242718
3.97536
0.322255
0.388494
0.570667
0.0986103
5.15738
2.82104
0.0756954
0.81577
1.35768
0.08675
0.121801
0.126715
1.23029
0.0742223
0.62899
0.0883167
1.53587
2.65577
0.84473
2.51822
0.189895
0.103975
0.95753
1.09242
0.135553
0.148581
0.0991742
2.75906
0.127296
0.286651
0.063179
0.164367
0.744838
0.079123
0.0542246
0.0701511
3.09933
0.91786
0.0733363
0.161998
0.0710043
0.0835307
0.102267
2.5045
0.15126
0.93244
3.15865
0.778227
0.00276097
1.14048
2.04517
0.912519
2.38274
0.238672
0.93511
3.5366
3.17046
0.0192426
2.74534
0.0865826
3.86648
0.830479
0.075864
0.630869
1.30252
3.86968
0.835394
0.324044
0.0919924
1.26613
2.95647
0.366018
3.57037
0.163665
0.91096
0.0827036
2.90893
0.383471
0.0466449
0.104433
0.889572
0.0614534
0.18495
0.885795
0.0789157
2.42055
0.0386852
0.0999647
1.55471
1.23955
0.154156
0.573267
1.4316
0.170818
0.659741
0.465733
0.0940174
0.41061
0.0469952
2.46732
0.733699
0.0428569
4.07052
0.0871649
0.573956
0.433132
0.114587
0.0639368
0.552458
0.891095
1.24167
0.0568387
3.76033
0.074182
0.643113
3.90792
0.488537
0.155955
1.26954
0.132051
0.0815213
0.00538576
1.26259
3.05075
0.0898978
3.51201
0.274076
0.105144
1.10054
0.114025
0.0978853
0.659288
0.14105
0.0800264
0.288553
0.0767552
0.107258
0.149489
2.59096
2.92632
0.195689
0.0821128
0.0552737
0.684948
3.79422
0.0814642
0.0686292
0.299336
3.6309
0.0772014
1.00879
0.653316
0.0451033
0.600361
3.67221
0.0767159
0.22633
0.0809599
0.574004
0.0689167
0.0792515
0.154557
0.484348
3.00074
0.037237
3.46312
0.0541198
2.83794
0.0999908
1.13684
0.539947
0.948303
2.55199
0.131829
0.662865
0.167579
0.139756
0.144642
2.81947
2.87417
0.0928124
0.0918613
0.421915
0.143905
0.100009
0.0409913
4.07151
3.18071
0.881346
3.59574
0.157288
0.0464567
0.731938
0.219746
2.45732
0.0357713
0.122246
0.0447484
0.103259
0.0860942
0.091943
0.091151
0.465831
3.96538
2.95025
0.0796355
0.296374
0.757109
3.75605
0.0929241
3.77495
2.16363
3.25678
0.126679
0.893265
0.0552865
0.157105
0.115629
0.11884
0.0711244
2.46793
3.71771
0.133404
0.335237
0.885313
0.306216
2.79912
4.09265
0.0910863
0.0509041
0.0978617
0.284716
0.819428
0.0408958
2.71182
0.760643
0.0972548
0.158566
0.155197
0.548696
0.16428
0.062003
0.0903807
0.0689741
0.173053
0.655169
0.146515
3.57439
0.129734
0.102044
0.300484
0.145545
0.0719471
3.54929
2.86309
0.106945
3.02252
0.0753236
1.14964
0.130267
0.16801
0.0753261
0.0494393
2.88519
0.118349
0.145298
3.60426
2.49446
0.0720629
0.0806244
0.0795784
0.152117
1.46159
0.0329444
0.0923855
3.66304
0.0921527
0.0758636
0.133344
3.15857
0.100885
3.02722
2.41291
0.0564709
4.76619
0.143222
0.0360699
4.02299
0.521584
0.0728113
0.00550718
0.571747
0.149715
0.176195
0.0471013
1.32904
2.98523
0.102296
0.0479676
2.87196
0.0986613
1.49177
0.969743
0.105309
0.832918
3.79887
0.0711994
0.759156
0.0920472
0.131176
0.158798
0.0854941
3.38245
2.7576
0.10285
0.0781672
3.36748
0.109614
0.165274
0.15006
0.785491
1.13068
0.0444575
0.0733962
0.0784671
0.0778743
0.0430677
0.00370937
0.130661
0.157091
3.32703
0.580971
0.0822094
1.21289
0.145439
0.990484
3.86639
1.0009
3.0598
0.148654
0.00216246
0.598851
0.161472
0.0967078
2.53341
0.122254
5.72283
2.8571
0.577066
0.121855
3.90956
0.0441678
3.17127
0.0894411
0.0876311
3.69628
0.389058
0.99175
0.106121
0.0799607
0.0467482
0.136907
1.42569
1.01024
0.0972797
1.9706
0.473789
2.84091
0.0380384
3.97739
0.10653
0.0825898
0.345137
0.0847483
0.573388
3.15044
0.731096
0.0500641
2.36686
1.34461
0.339075
0.903525
0.685517
0.0227776
0.648979
3.16277
0.0749422
0.0813097
0.0822507
3.457
0.102553
0.0389234
1.30513
0.677392
0.314345
4.00117
0.810564
0.263349
0.299756
1.27444
0.149341
0.701012
0.0675975
0.0925148
0.0820362
3.48497
0.113377
0.996187
2.9551
0.0373235
0.967745
3.23315
0.0950357
2.73925
0.076544
0.675814
0.158529
0.0400134
0.133995
0.0781237
0.0538795
0.137116
0.103691
0.106085
0.122716
2.56753
0.703914
0.105057
0.665129
0.0702805
0.0945491
0.0721194
0.0990579
0.128816
1.55324
0.0353078
1.44164
2.87576
1.51996
1.07201
0.265249
0.141083
3.478
0.0840141
0.57318
0.106689
0.0815
0.205159
2.99123
0.123118
0.079655
0.0706048
0.248772
0.183761
1.49978
0.668309
1.19664
2.38808
0.087988
0.0620498
2.90027
0.0832494
0.112037
0.049278
0.188991
0.0531707
0.0711878
0.130266
0.0372022
1.12394
3.01847
1.19799
0.164354
0.0773155
0.936708
3.22913
2.76975
0.0465199
0.0991704
0.748761
0.0734832
0.0420012
0.149888
2.94373
0.815761
0.0701843
0.0788002
0.125602
0.0438749
2.90886
0.0624341
0.105362
0.11021
0.102002
2.85378
0.0856366
1.5506
0.12272
0.125181
0.0443693
0.0582906
3.09843
0.459606
0.0677381
3.70381
0.79371
0.665893
0.0502549
0.0849014
1.24157
3.93207
3.985
0.0791461
0.900512
0.0849092
0.0743602
3.33313
2.76685
0.0385035
0.00850296
1.07096
1.47254
0.0763231
0.040126
2.94077
0.0808316
0.224175
0.188436
0.107692
3.16484
0.0830397
0.0886159
0.109012
2.03195
0.0754906
0.0472687
0.0762428
0.115118
0.266464
0.134585
0.558461
0.818129
0.760941
0.111904
0.102273
0.0736647
0.0521183
0.105227
0.0904478
0.676782
0.0940067
0.119492
0.339135
2.16106
0.0621745
0.0389745
0.106292
3.64436
0.0977874
0.9313
0.0332736
0.0794179
0.00902617
0.107883
0.0877915
3.72629
0.115281
0.0551387
0.412258
0.0764563
1.35929
0.0991623
0.0768634
3.13019
3.1483
0.0408899
2.92284
0.0805463
1.05375
1.77058e-05
2.60136
0.0612761
1.31437
0.0844786
3.18982
0.580231
1.10348
3.17451
4.07618
0.124046
3.58463
0.0558522
0.042133
0.0875706
3.16391
0.18996
0.0461606
0.771539
2.60477
2.23395
0.167928
3.85025
0.0444617
0.155124
0.0756029
0.546265
0.15034
1.64982
0.0915115
0.118355
0.0795535
0.0384243
0.157396
2.5527
0.0735505
0.0793164
4.01985
0.657975
0.0402258
0.204654
3.1609
0.10865
0.0935426
3.45529
0.170918
3.78786
1.26802
0.0818147
0.447427
0.875566
0.0359945
0.15045
0.0690233
0.0415652
0.164858
0.158762
2.96912
0.047341
0.880602
0.305693
0.100889
3.0748
1.07234
0.15715
0.081431
0.0361135
0.0562855
0.0410891
0.804001
1.92383
0.07436
0.0906629
0.107576
1.11877
0.136155
0.892927
0.123206
0.0864401
0.121827
0.138533
1.27161
0.133598
0.638665
1.14981
0.000190377
1.34254
0.105825
0.894805
0.571602
0.0914415
0.0863691
0.154648
0.0613796
0.13857
1.18637
3.4823
3.21627
2.83707
0.805682
0.00952324
0.0404192
1.26826
0.0509359
1.42757
3.98312
0.0840287
2.72661
0.90508
2.58591
0.113222
0.0504325
0.0914217
0.0756676
2.43646
0.072639
3.04882
0.282128
0.170886
0.0424675
3.2987
1.17661
0.106451
0.0590438
0.338234
0.137044
0.0890904
0.784258
0.88074
0.062171
0.0599344
2.98037
0.0791839
1.11922
0.118545
0.0977222
0.161971
2.7279
0.00770497
0.0430859
0.0728461
0.0691929
0.293291
0.0574494
3.21842
0.366805
0.036369
0.112556
0.0637139
0.824652
0.231851
0.036177
1.53865
3.14711
0.115652
0.958396
0.0804577
2.82265
0.681049
0.162884
0.251989
0.0889264
0.0501559
0.0512726
0.584941
0.672721
0.0734931
0.265356
1.28001
3.27549
1.35137
1.05856
0.270227
0.0933371
2.99027
0.134343
0.082033
0.0491346
0.168348
0.971364
4.07484
0.147358
0.857702
0.103413
0.730833
3.90154
3.07958
3.31376
3.02215
3.21369
0.212823
0.165295
0.108514
0.627299
1.49185
0.0586239
0.738926
0.0474447
3.31142
0.0926408
1.23512
3.47511
3.21535
0.102813
1.17985
0.437149
3.37161
3.21811
0.0379306
0.039478
0.0690216
0.0804025
0.0610898
1.32434
0.107632
0.00683911
1.08709
0.051917
0.141193
0.633228
0.145731
0.115883
0.961129
3.98265
0.447533
1.20658
0.0539082
0.0906425
0.0728469
3.20489
1.15366
3.05984
0.0811759
0.0805553
0.146244
2.95116
0.462652
0.716463
0.0891855
4.07284
0.0540665
0.0472722
0.564208
0.00773176
0.110567
0.113305
3.21754
0.0873598
0.123413
3.56929
0.136137
0.0741746
2.86615
0.0768795
1.17829
1.20105
0.0416634
1.56199
0.0785797
2.84618
0.0788824
1.00934
0.100536
0.0295607
0.0795664
0.0834597
0.0904416
0.218331
0.0871335
0.701525
0.053679
0.0786902
0.110836
3.75748
0.0922142
0.212764
0.143786
3.87518
0.0756928
3.42523
2.29237
0.0720127
2.50305
1.15594
1.02331
0.988238
1.29151
0.0334298
0.0968455
1.14584
3.10594
3.2742
1.10181
0.196458
0.0641141
0.364528
0.0382961
0.435168
0.0502463
0.159682
0.0709455
0.0929269
0.981791
0.0873761
3.35625
0.0713193
0.0518364
3.33021
0.0388083
0.673939
0.0378572
0.0522066
0.0520397
0.0590525
0.0512956
0.0554557
1.62799
0.618013
0.0596745
1.3957
3.7516
1.38391
0.0512624
0.470251
3.18081
3.73304
2.49204
2.79206
3.12166
0.0521845
0.0108929
0.127478
0.431825
0.933457
3.73557
0.0746276
0.0536534
0.215281
0.0802552
1.07284
0.111087
0.762002
0.0974079
0.04113
0.0374475
3.23629
0.0536342
0.892224
2.6308
0.483716
0.403889
0.14515
0.0814831
0.0709415
0.0579233
1.27834
0.0887656
0.111594
0.256985
0.165947
0.240832
3.11342
0.870975
2.22259
3.23284
3.01748
2.45802
0.313093
0.0851237
3.41444
0.369046
0.11381
0.744104
0.0913329
0.173279
0.0884856
3.88487
3.71801
0.0631972
0.0712328
0.0847745
4.04093
0.0659935
3.56835
3.38798
0.894
2.68841
3.31581
1.15151
3.89553
1.13102
1.2077
0.882305
0.893093
3.18597
0.936861
0.0919702
3.87549
0.0716242
3.77682
0.0643425
2.72317
0.122501
0.0738988
2.36341
1.16482
2.10847
0.0519088
2.39762
0.1069
0.106029
0.0417295
0.0464695
0.0846879
0.0841547
0.0435001
0.181776
0.576094
0.114545
0.0726074
0.0728903
0.0711536
2.22762
0.0813796
2.53822
3.82552
0.11451
0.867977
0.0916247
1.08743
1.36615
3.45683
3.13479
3.03047
3.91316
1.3104
0.0736788
0.0892204
0.0487274
0.0759654
0.0813479
0.0687209
0.15479
0.829007
0.950303
1.22999
0.878511
0.0813932
0.0981591
0.117873
0.165449
0.154334
0.564462
0.0944505
0.340812
0.085332
0.265425
0.0473311
3.92328
1.27159
3.63224
0.190451
0.305294
0.0413918
3.19331
0.0389963
3.44239
0.132173
0.071046
3.1977
3.37776
1.32962
0.0757145
3.90231
0.0721136
0.0654663
3.70791
0.147442
3.47406
0.118612
0.110471
0.0502064
3.93526
2.31443
1.39076
1.99413
0.95982
3.57117
0.0615024
0.090266
0.136899
3.22393
0.0427812
0.0719019
0.0405063
1.81775
3.90912
3.24002
0.0474667
0.0628627
0.0874868
0.043157
0.907622
3.9764
0.810878
0.0829601
0.0770165
4.08285
0.296436
0.062712
1.15232
0.85992
0.040722
0.115824
0.0822128
0.216604
0.0773194
0.045233
0.794779
0.039398
0.0966453
0.081718
2.37812
4.07425
0.211238
0.850865
4.04635
0.0884192
0.0694872
0.554187
0.150476
0.0143184
0.359097
0.169086
0.478792
3.7829
1.13962
0.269915
0.0984135
0.0950672
0.103203
0.0386219
0.114535
0.0543381
0.138513
0.0910196
0.0859538
0.0688141
0.0215658
0.0467295
3.2458
0.10578
0.0617748
0.579169
0.134711
0.0578727
0.121355
0.0670331
3.23388
3.71448
0.0701911
1.58698
0.114973
0.0410982
3.88019
0.00327241
0.0145568
0.708336
4.09682
0.975928
0.156137
0.107404
0.92481
0.0066803
0.0845159
1.20656
1.33221
3.98289
3.44004
2.03071
0.484884
0.0620931
0.411623
0.950575
3.66003
0.0541215
0.218068
3.49491
0.343405
1.4843
0.24982
0.0956951
0.000740833
0.152003
3.73952
0.0958123
3.06457
0.614965
1.52226
3.90378
4.09831
0.00399864
0.936725
3.20012
0.0498675
0.0714585
0.108641
0.870448
0.110547
0.137614
0.0400241
0.898721
0.063023
0.0384471
3.8678
3.04111
0.0228436
0.10567
0.0719369
2.69865
1.0692
3.92068
3.12123
0.0776514
3.3055
3.98163
0.857822
0.531887
0.0732541
0.0484492
0.109384
0.0981579
3.42118
0.0361643
3.76899
0.120288
3.20858
1.11048
0.333841
3.85271
1.32465
3.75274
0.0921547
0.0508032
0.0591843
1.10526
0.0610982
3.19464
1.63873
1.54273
0.0743068
4.89405
0.23428
0.742186
0.132239
0.0396004
0.112351
0.0574231
3.84104
1.50515
0.106589
1.32621
0.0766603
3.90623
1.15485
1.48191
0.162215
3.95483
1.51566
0.0715908
3.98019
3.92271
1.45897
4.25088
0.857672
0.0364552
0.128161
1.52188
3.68803
0.0366312
1.30697
1.02276
0.0525157
0.0712108
1.51793
1.49807
0.078021
0.0464399
0.546179
2.54143
0.0895347
0.960753
0.824928
0.475307
0.285941
0.0947649
0.184523
3.08821
0.0468081
0.0391514
1.15145
0.638398
0.0866467
0.0998484
1.42784
0.970907
4.07433
1.29085
0.0838949
3.88552
1.38288
0.0509825
3.23789
0.0481958
0.110665
0.0742561
0.0711976
0.1007
0.0406144
1.37309
1.53582
0.174231
0.126675
0.0455639
3.55578
1.52322
0.0656926
0.602858
0.0366324
1.1345
0.081133
2.69882
1.21781
0.0450966
3.53305
3.05468
1.25522
0.0543108
4.05399
0.0504306
3.83432
0.966892
1.31602
1.46845
4.91391
1.11724
0.13143
3.90757
3.8968
0.0835132
0.133655
2.93174
3.23058
0.0366091
0.0761792
0.0397961
0.0898888
4.03212
3.47149
3.63869
0.108853
0.0399188
2.45649
3.53291
0.0657181
0.0913427
3.81067
3.71088
3.48312
0.0371759
1.28454
0.472883
0.153743
3.65725
0.996392
3.23029
3.89426
0.074188
0.0495218
0.0830287
3.89634
3.71766
1.05098
3.73702
0.0933079
0.064998
3.14497
0.0952409
3.72397
3.05319
3.15023
5.63555
3.36034
0.0733484
0.0205658
0.237774
0.696282
0.0473279
1.09493
0.0737061
0.0164509
1.02734
3.41311
3.01693
3.54506
0.0910671
0.0471696
0.11972
1.13691
1.21842
0.0616991
0.407744
0.0779987
0.109379
0.0498542
0.0418824
1.34533
0.0861549
0.152297
1.11951
0.0773964
3.87582
0.08832
1.40783
1.11112
0.847267
0.191926
1.29826
2.86491
3.45338
3.48703
3.49738
0.0718814
1.17924
0.0834403
0.128723
1.1607
0.058921
0.580185
0.0505583
3.1076
3.44174
0.0848536
3.16452
0.335958
3.21021
3.99402
1.29057
0.0871983
3.2712
3.65637
0.045736
0.574365
3.73749
0.935261
2.31056
0.0395006
0.735873
0.0850164
0.000438444
1.17579
0.10859
0.0505824
0.00395962
0.00025439
3.10979
3.92879
0.0554539
0.0471599
3.22763
0.0833648
0.0379224
0.299068
3.94051
1.46373
4.00592
0.0590737
0.448089
0.8161
0.626232
4.07676
1.32088
1.33147
0.0865237
1.02822
1.2175
0.740133
4.23528
0.25652
1.59706
4.67448
0.0571596
3.14147
1.3977
1.36205
0.0290662
1.35118
1.24232
1.3081
0.208764
0.000370922
0.000879925
3.88468
4.04901
3.6699
3.9443
0.0396566
0.0394172
0.0494339
1.36019
4.06801
3.16392
0.0654502
0.198662
1.41698
0.944171
0.936676
3.68103
4.02792
1.54392
0.0744058
2.62904
0.0945776
0.126696
0.0941819
3.76386
3.75929
3.50291
3.31562
3.56826
0.139049
2.3614
1.35659
0.904443
3.87083
0.331444
1.14693
1.25484
3.62204
0.00248457
0.000295609
0.130923
3.81255
3.13283
0.0818754
3.29398
0.0788669
1.17686
3.06212
0.0752018
1.44803
3.65211
2.87657
1.39393
0.902369
3.75506
3.86601
0.0133752
1.56866
3.92676
3.88049
3.84102
1.19311
2.40623
4.65245
3.37587
0.0687399
0.0392067
0.107078
3.17544
0.43087
2.28277
0.741127
1.57184
1.48511
0.0670494
0.987839
0.0385599
0.0790922
1.28488
4.11181
1.50136
0.496058
3.78581
1.00277
2.68314
1.16933
1.05316
0.215961
3.77341
0.0977389
0.0972365
4.02052
4.07611
2.52118
2.74862
1.34035
4.01793
3.79858
4.00276
0.0395529
0.0986939
0.885656
0.969467
1.01053
0.0428141
0.654635
3.06921
0.0779181
3.32101
1.502
1.52152
1.38584
3.75681
0.0803279
3.87676
3.89109
0.908238
3.79329
3.9163
0.123566
1.50765
0.0784032
0.0640902
2.56017
3.67332
3.04125
3.95364
1.49579
1.50914
4.08064
1.30578
0.0429226
0.994458
1.46842
0.0373666
0.157454
1.14061
0.363871
1.20735
0.0692217
3.29505
0.0445568
0.081362
3.6094
1.42352
3.28289
0.986532
0.9377
0.133873
0.0793606
1.48032
0.711334
0.0715142
0.0672531
0.818924
0.748393
3.29562
1.24866
1.17972
1.5442
0.0853876
0.0800925
0.0557472
3.96014
0.0475891
3.30212
0.443851
2.78231
2.8776
0.627099
0.0438816
0.0627604
0.79563
0.0424279
1.19643
3.77562
3.76427
0.0579262
0.131124
0.26354
3.89991
0.0449825
0.145952
0.0525894
0.102546
1.04724
0.0747119
1.47229
3.38228
1.52451
2.05422
0.064978
4.00174
0.102177
0.718963
1.53961
3.47394
0.154775
1.55282
3.87098
0.0626463
3.41861
0.0121415
0.0383426
0.26066
3.08126
1.52509
0.379094
0.178554
0.913632
0.115268
3.48701
1.23271
3.50125
1.17059
1.56602
1.22275
1.20077
0.0463977
0.0762265
0.118335
0.141816
0.0163491
4.27043
0.0845542
0.0441548
0.497479
0.280528
0.050468
0.0755045
0.0602263
1.19881
3.11521
0.0720885
1.01965
0.0662196
0.151993
1.62265
3.95856
3.42231
0.285438
0.0880906
0.0700361
3.50169
3.57649
3.79011
0.0424471
1.94961
0.129228
4.06969
3.59081
0.0580322
0.0793529
1.58012
1.22267
1.34616
1.20893
0.0232331
0.0410009
0.24006
0.071141
0.106999
0.330024
0.901316
0.680711
3.45709
3.50641
0.125957
1.4395
2.38778
3.36083
4.05742
3.37928
2.9986
0.0572593
3.39835
4.08516
1.26918
2.49986
1.43796
0.159426
3.87145
0.625619
1.32832
0.0405417
2.97732
3.32365
0.0365905
3.32856
3.45816
0.0186412
1.21356
1.19999
2.50667
2.3552
1.44631
0.280602
3.92717
0.472743
3.6099
0.282135
1.22096
3.32001
0.0656252
1.39827
0.200903
3.40458
0.0416732
0.590959
0.869309
1.55976
0.476897
0.988828
0.976299
0.00108612
1.36304
3.80552
1.3189
1.23427
3.97221
4.26001
3.87542
0.0423056
0.0374843
1.26518
0.0896131
1.01153
4.05008
0.174093
4.02531
0.0782888
0.702377
0.0667563
0.0669822
3.57332
3.92759
0.166617
2.58254
0.301723
0.103809
3.20132
0.130997
0.534082
0.608919
0.570727
0.298963
3.46197
0.113044
3.7025
1.54247
2.66738
0.00107692
0.0442845
4.96399
1.22147
3.14809
2.35981
0.943491
3.22848
4.48378
3.10844
2.21954
3.36953
2.43577
0.0783295
0.32287
3.56202
1.56108
3.98966
5.26942
3.13281
2.26949
2.21248
1.58774
0.119618
0.00183443
0.333243
1.61207
3.39468
0.0978485
0.639851
0.0225949
1.21278
4.04355
1.05079
0.358649
2.0057
0.0633488
0.0530676
2.50342
2.30987
0.116722
0.0876093
0.112605
0.856383
4.31351
0.93444
3.41089
1.19139
4.15084
0.911719
1.62528
2.2603
3.30137
1.09818
2.89216
0.066795
2.55222
3.65598
0.0618565
1.35631
1.2506
0.0733971
0.0292305
5.02241
3.30582
4.40533
1.49108
0.0737514
3.25851
2.57216
1.04519
0.0826288
0.000349332
0.000241394
0.0821498
0.0454382
3.44352
3.67235
0.0933164
0.253083
3.59593
1.5711
0.824574
0.0696935
0.371585
3.20966
1.81229
0.96598
3.28925
0.954505
3.70499
4.0103
0.0718391
0.398434
0.0360389
0.172362
0.0657346
0.201611
0.0932508
0.958679
0.556236
0.0435529
3.4696
1.0579
2.98542
3.5391
1.21005
0.926435
0.033399
3.27958
2.45044
0.103495
0.296021
0.0692881
0.0374248
1.10777
3.53161
0.0342566
0.170264
4.07986
0.000141631
5.05636
3.94078
3.99916
0.0880221
0.0943632
0.862372
1.11247
0.08242
0.650619
4.04993
0.00164556
2.33933
0.0459602
0.0384561
0.246546
1.08528
4.02124
0.275501
0.337254
3.96027
3.19265
3.98916
0.257006
0.070038
2.2641
3.98098
1.47282
0.102972
0.0360168
0.299291
0.925126
0.0417814
0.314575
3.80719
1.16231
0.0873433
3.31326
0.937298
0.32844
4.26076
0.00333238
0.0669907
0.0403939
0.106716
4.55328
0.0467276
0.154892
4.0493
0.00112353
3.44591
0.0366124
0.0936938
4.07302
0.000524466
3.78963
0.406795
0.301111
3.03966
3.67853
0.135663
2.03259
0.363431
1.62685
2.98587
0.045642
0.098153
1.54563
0.119696
2.92926
0.0552676
0.0397511
0.0714316
0.000687396
0.455508
0.0549665
0.0399691
0.0383268
3.26897
0.0563538
1.34168
3.06346
0.0995974
0.155119
4.05963
0.0401369
4.07502
1.52539
2.29906
0.839486
0.0313331
0.0783825
0.100063
1.38541
0.0417483
3.67598
0.0871378
0.0168291
0.0103287
4.0057
0.631075
3.77443
5.34297
4.11666
0.0168849
3.9226
0.427936
0.617309
0.0883842
0.0774527
2.87886
4.08543
0.964033
3.00834
0.193721
1.60188
4.45784
0.789821
1.11298
0.0904581
0.0128458
0.080886
3.63924
0.161203
3.93805
0.244502
3.11589
0.0781104
0.661898
0.0502538
0.0363287
3.61968
2.58495
0.134917
4.56676
4.6751
0.0353745
1.05766
1.01569
3.8045
3.78522
0.922343
0.962662
0.0363717
0.0391838
0.397364
0.0802314
0.545966
0.0991936
2.19016
1.41315
0.0364096
0.368149
3.13962
4.25295
2.19181
0.0524788
3.14013
0.0367344
3.73204
1.15244
0.0873196
0.0780573
3.50051
1.07331
0.0579609
0.0492016
3.07946
0.0859995
1.05338
4.60166
0.0482223
0.0557942
1.62222
0.599933
0.599555
1.25369e-05
0.0900429
2.39401
0.944655
4.42872
0.0606659
0.0396198
0.543491
4.01166
1.36209
0.22302
1.23171
2.91111
0.107776
0.0641952
0.873843
0.0670475
0.33806
0.171581
1.37443
0.171633
4.00017
0.602042
0.295136
0.91778
2.43107
0.264718
0.940396
3.92856
3.1646
1.14141
1.83253
1.27343
1.18802
0.932274
0.0891644
0.959303
1.01611
0.148119
4.38687
1.26819
3.48981
0.0773204
1.08847
3.73598
3.01156
2.44034
0.799085
0.0573321
1.57396
0.033873
0.982489
1.44581
1.44859
0.83651
3.21631
0.997518
2.92877
0.0674443
0.2726
0.0688857
1.13301
0.553738
1.22073
4.6481
4.26228
0.931832
2.71695
1.24198
0.763245
0.0517692
0.00265554
0.947762
0.243039
0.103272
2.94599
2.52844
0.0845058
0.731324
0.206169
0.314183
0.934704
0.742153
3.73595
4.67047
0.112494
0.0730366
0.797021
1.35815
3.4258
3.04949
3.87161
3.07362
0.0253141
0.0839962
1.28292
3.53444
3.88955
1.31254
0.0507565
1.29164
0.0979969
0.0508463
1.39886
0.165673
1.42887
3.27092
0.102585
1.11472
0.0732134
0.097088
0.964088
0.917152
1.20475
3.96917
0.153179
1.2028
0.0504341
0.883337
3.41338
2.52714
3.0631
0.0394109
0.118348
0.04686
1.39957
0.374111
0.0506461
3.95125
0.0677405
0.0428957
1.26585
1.2582
0.0427233
3.28528
2.32846
0.0538826
0.118586
3.95769
0.0427665
2.9549
1.1405
0.0407992
0.0397045
0.0573291
0.68044
3.96658
3.47144
0.1058
0.0466033
0.0776573
0.0811197
0.0403133
2.76196
3.72153
3.96398
0.878972
3.8406
0.47788
3.79339
1.39274
1.18056
0.697644
4.01799
0.096185
0.0908471
0.0100101
0.103411
0.0864388
0.0578636
1.31306
4.44631
0.0642802
0.200384
1.60634
2.64423
0.246222
3.19626
0.117918
4.09446
0.127864
2.65613
0.0476223
0.0838272
1.07433
1.13655
0.0886881
3.14472
4.34072
3.91596
0.533811
0.12764
0.968524
1.19145
0.00072267
3.83711
4.42178
1.42365
0.000269623
2.43821
2.90334
0.217143
3.04747
0.0407378
1.00368
0.148815
2.34854
3.43485
0.190896
0.377832
0.0884722
0.0755073
4.00504
4.11175
0.328397
2.63502
0.0574739
0.000318894
1.03349
1.36263
0.050663
0.119946
3.99651
0.0404145
1.44056
1.0346
0.079072
0.202034
3.15668
0.914766
2.33495
1.13195
2.62408
0.0570242
0.0321177
4.02718
3.8158
0.0296392
0.00137151
3.70874
0.807234
3.18206
0.980502
2.44198
0.0677409
0.062642
1.19459
3.93249
4.71686
0.0380446
1.52897
1.04097
2.46845
0.999736
0.0557382
0.118087
2.39187
0.0764391
4.00429
1.26776
2.50078
0.186572
0.0881323
3.86096
1.34104
0.586256
0.0689915
1.10627
1.34455
0.0825273
0.217772
0.997754
1.25755
0.360451
0.0323964
2.81901
0.196658
0.278711
2.36593
0.244462
0.080036
0.0114767
0.974558
0.831763
3.81909
2.49528
1.30429
0.816925
0.262764
2.18784
0.10726
0.139724
0.654451
0.0411469
0.0662633
0.0550344
0.341261
3.3824
0.273328
4.25463
0.0794118
3.00958
0.0793959
0.0728851
1.03528
0.0691404
3.60731
0.000242018
0.000125518
2.58277
1.41179
0.0501033
3.16944
0.0850321
3.42311
0.124114
0.036797
0.341465
0.0826184
1.30039
1.57308
1.17642
3.56324
0.577065
0.0126233
2.95027
3.36806
0.488469
0.0219017
0.0386785
0.67971
0.121899
0.06216
3.78324
0.0589801
4.01498
0.00607373
0.0607969
0.102525
0.182206
3.65448
0.524929
0.102238
0.907337
0.669984
0.0701742
0.104841
0.0393512
0.0858922
0.295486
1.98732
1.05307
1.0345
0.568071
0.000168329
7.16453e-05
0.0429753
1.48243
0.074874
1.60082
0.101754
0.958046
0.0682006
0.168983
0.075235
0.184629
3.69688
0.0793692
0.091553
1.31028
3.51525
0.0868187
0.018822
3.23187
0.237305
3.37963
0.0881143
0.643927
1.05857
0.0228048
0.0730432
0.19513
0.000478188
3.16386
3.68681
0.10612
1.78536
0.248065
4.54727
0.44498
3.37628
1.72443
0.859392
0.577249
0.0900392
4.75217e-07
3.49969
0.0354547
2.66433
3.13507
1.60988
0.174691
2.54442
3.88316
0.121958
0.62469
0.115193
3.98558
0.146276
0.0560288
4.05367
0.0310674
0.0760369
3.30083
0.0881959
3.2084
0.0434405
0.00377888
1.07893
2.52313
0.211497
1.21994
0.0157429
0.535944
0.000204157
0.00375306
2.40762e-06
0.326305
1.57077
0.16074
1.1286
0.122169
0.0408658
0.209136
0.37343
0.0425625
2.35927
3.87571e-05
2.92323e-05
0.039503
0.0952644
0.931002
0.0416664
0.719404
0.160786
3.65162
3.05794
0.0661386
1.82156
0.0572878
1.19528
3.60737
3.83735
3.39859
0.11833
1.01549
0.00438343
1.23113
0.117321
0.134563
0.0386433
0.0660197
0.0440193
0.0928394
1.92846
0.0397751
3.42402
0.0572654
3.8275
3.55825
1.05348
3.37135
0.0470218
1.13897
2.9796
0.829289
0.0653594
0.300133
0.062179
0.121536
0.0567032
1.47537
0.0556684
1.33904
0.0470198
0.0742044
3.4994
0.105535
0.0460977
0.0792401
0.0604437
4.56097
0.081187
1.15127
3.62992
1.16611
0.457985
2.10945
0.0347272
2.5032
0.0906038
4.61692
3.79049
0.0651646
0.0748983
3.2376
0.0651543
1.43583
0.832531
0.388357
0.99818
3.45083
0.260463
1.13159
0.122795
0.660246
0.0284262
3.19379
1.05432
4.79
1.23792
9.09629e-05
4.90585e-05
4.10757
0.88356
2.63433
1.50369
0.106782
3.79044
0.0346889
0.117791
3.34938
1.47072
0.0376469
0.728306
0.398554
2.09196
0.0946534
1.27666
0.422331
0.0614985
3.99885
3.59065
0.0389381
0.315302
0.971994
0.721742
0.89063
0.104358
1.39826
4.10332
1.69368
2.94075
0.0761492
0.0772384
3.60323
3.37047
1.07788
0.103329
0.0729189
0.918116
0.0328806
3.80445
3.66123
0.0995439
0.154899
0.0446566
0.2057
3.3179
1.76247
2.99006
4.44746
0.110453
1.10459
0.991632
0.00568485
1.48698
3.07482
2.96899
0.874783
3.64664
0.0863322
0.0128776
0.582639
1.16396
0.466077
0.557084
0.286799
2.26024
0.340783
0.137152
0.125261
0.0898529
0.148007
0.53662
3.75231
0.95356
3.56769
0.0479458
0.124546
2.91011
3.57613
0.0832565
0.0554038
1.02181
0.0708055
1.2961
1.16325
0.0717432
2.06948
0.315069
1.05639
0.628961
0.0697644
0.1496
3.97538
3.46594
0.124536
0.127667
1.35859
3.79206
0.0672689
0.0385158
1.36967
1.31739
0.0713696
4.2114
0.077848
4.05603
0.0442976
0.0892636
0.252964
0.0589471
0.035197
0.105751
0.952509
3.60419
0.273688
0.0462234
1.30404
0.354763
3.82552
1.29534
2.15178
0.0349684
0.554155
0.106232
0.429191
1.17829
3.66408
0.0345605
0.0566171
0.0795817
0.0617796
0.0541416
1.08267
0.165459
4.43931
0.963938
0.039731
0.088999
1.01815
1.22616
0.778372
3.81745
0.415018
1.539
0.141021
0.193695
0.0945881
0.0578534
1.38723
0.0487824
3.149
0.0706562
0.220241
0.113668
1.63266
0.436431
3.80736
1.80023
3.72849
0.0810935
0.0448944
0.0655935
0.0507102
3.81896
0.198214
4.02207
0.0449476
0.0398914
0.762325
0.691985
0.0584053
1.21379
0.028981
0.0370176
3.85762
0.0394386
0.0257331
0.394804
0.506255
0.0730411
1.43086
1.10088
0.539643
0.0738743
0.0422111
0.0756258
2.79049
3.85875
3.58433
0.0386431
0.0520268
0.00605529
0.0426955
0.494989
0.368114
3.61657
2.74844
1.03204
1.90501
0.0604714
0.303948
0.0676578
2.55664
0.0363314
0.842978
0.0351546
2.4321
0.961136
0.292782
3.59002
1.78212
0.0554128
0.0364378
3.92731
1.0052
0.0245808
0.0402911
4.45044
0.0956253
0.15217
1.55427
4.01663
0.0151965
0.887735
0.0669937
0.0900556
0.342796
0.131005
0.1476
0.150988
0.134043
3.62866
4.01896
0.0403359
1.02803
0.380132
0.0324539
3.97612
0.038846
0.941884
0.79546
3.47548
0.0713021
0.0857532
2.92895
1.26301
4.57712
0.287672
0.0953587
0.0390775
0.2321
0.0768908
0.228284
0.0912831
3.28284
0.289132
0.64998
1.22401
0.872944
3.32706
0.152583
0.317785
0.438212
3.1226
0.0401011
3.254
1.51376
0.0742738
0.0522105
2.94351
2.5695
0.134548
3.33104
0.366875
0.0475038
0.0660138
0.0656504
0.0175682
0.662205
3.42964
0.124686
0.0666985
0.0409525
0.0427531
2.72943
0.0984853
0.733979
0.421758
0.0407094
1.38562
0.159576
0.381033
0.0493211
2.65434
0.0668611
3.53835
0.42599
0.0576172
0.0520752
0.731739
0.0396572
0.73007
0.0506519
4.49475
0.0117454
0.300472
0.0610588
0.424123
0.747086
0.45076
0.538211
0.0504532
0.192473
0.0658474
1.31744
1.36076
0.282278
0.244897
1.63159
2.5955
0.0899927
0.0514938
0.449634
3.96456
3.39779
0.728861
0.133068
0.0781415
4.74029
0.135288
0.0479365
0.0668306
0.100751
0.0669014
0.0421406
0.0131669
0.128349
0.0393559
0.105775
1.27568
0.0410967
0.86838
0.935987
1.27725
3.79126
1.46224
4.01771
0.0725477
0.0536033
0.645326
0.156011
3.26528
3.68419
0.0366358
1.42117
0.69333
3.38593
0.128365
0.516596
4.67783
0.469344
0.602329
0.0603261
5.17692
3.50889
0.619817
0.0609861
0.0478581
1.36868
0.0685898
0.157872
1.39713
0.0383922
0.23063
3.83309
0.242494
1.26526
3.8561
0.350222
4.42446
0.474071
0.0426914
1.14451
0.395787
0.270907
0.0829774
0.354086
0.674894
0.110821
1.6938
4.13496
0.065508
1.46274
0.0408991
0.141428
0.708676
0.0754994
0.0722767
0.0732655
0.0384424
0.489736
0.264113
0.0308701
0.256839
0.0716142
0.366998
2.56818
0.0465162
0.0778628
1.24755
1.59084
0.203118
5.82574
0.0162893
0.0623358
3.59429
0.13607
0.0925105
0.0124197
4.00437
0.0448392
0.126974
0.117111
0.741316
4.05278
0.0864657
0.0718927
0.158189
0.12898
0.0556767
0.0380948
0.408802
0.393633
4.74527
0.0425129
0.0545208
0.376862
0.00956404
0.0658292
0.858202
1.15439
1.48366
0.0385341
0.876912
3.72889
0.898997
4.00755
4.12971
0.904373
0.347897
3.33982
0.759081
0.0971026
3.67895
0.887511
0.0928527
0.313435
0.0557276
1.2749
0.0843242
3.30708
4.00806
0.0964455
0.0403059
0.102451
1.24221
0.986867
0.340323
0.244723
0.871007
2.86694
0.805244
3.3687
3.62713
0.96294
1.23152
4.23224
0.252077
0.157338
0.0562713
2.92632
4.12648
0.92756
0.984919
3.23437
0.743308
6.2548
0.295717
1.2856
1.22858
0.0992459
1.55885
2.81746
0.240345
2.97142
0.036685
0.0458869
0.041174
2.19811
0.0644647
0.0395283
0.00830682
0.0383617
2.50831
1.60064
0.0499463
3.92407
3.17032
1.50147
1.00041
0.0666771
0.177119
0.220196
0.759851
1.00171
0.302105
3.48306
0.0417373
3.87943
4.09925
0.0388921
0.0814288
0.0797233
4.013
3.67217
0.03947
0.0405284
0.0413571
3.26529
0.0411885
0.426708
6.38558
0.094681
0.0660628
3.94508
0.0429856
0.324413
0.524879
1.46941
1.40607
3.11295
1.27959
3.29836
3.21008
0.353751
0.084661
0.200075
0.483875
3.08277
0.902608
0.0877507
2.381
0.0249041
3.11571
3.37221
1.61912
0.148484
0.181328
0.036897
0.100498
0.142278
0.0747984
0.0741129
3.52123
2.73417
0.0793349
0.0392787
0.084144
2.87442
0.0418334
1.36605
0.0713966
0.0570758
0.493942
0.012437
3.60419
3.47526
3.39488
0.428066
0.592586
5.70546
0.640816
0.105705
1.01542
3.60323
0.320167
0.232651
0.0595357
0.69375
0.414504
1.23538
3.80271
0.0401805
0.407269
0.0243409
0.040258
0.047039
1.25455
0.496523
2.64042
3.42109
0.324686
0.890614
0.113795
0.599525
0.2323
0.811933
3.4727
0.362994
3.1151
3.69125
0.111197
0.0638115
0.879478
1.98251
3.64609
0.389294
1.21285
0.750459
0.10639
0.774563
3.39543
0.211301
3.42313
0.889038
0.326857
0.0573431
0.836398
0.0035137
0.0691188
1.32897
3.07406
0.0460449
0.051065
3.17305
0.0399236
3.27082
0.247225
0.250865
3.49963
0.604823
0.0395805
0.0267163
0.43606
3.11478
0.680818
0.656905
0.0959269
1.19079
0.0429856
3.96766
1.2246
1.20973
0.0575371
0.616677
2.65065
1.62135
0.202187
0.0398677
1.23411
0.711784
0.0457037
0.364655
3.78437
0.0388825
0.0820307
1.19759
0.12564
0.0447057
0.0408964
4.09074
1.41642
0.151016
2.98367
0.00632338
0.151861
0.782287
5.1083
0.127
0.165151
0.215202
0.655577
0.22366
0.220749
0.0718627
0.508982
0.0430542
0.878914
0.056919
0.0385505
0.10206
1.41394
3.06389
0.0810823
0.462898
0.24144
0.194877
3.48456
0.781467
2.96894
0.0740648
3.1308
0.477446
0.671559
0.308783
0.0799306
0.0576454
3.05314
2.95331
0.0401342
1.58876
3.68518
3.05971
1.61289
1.92047
0.0259756
0.424121
3.70635
3.57674
2.999
2.98526
0.245971
0.0318165
0.226966
3.53409
3.56645
0.236184
3.80637
0.0817251
1.21843
3.93746
0.0400199
3.47913
1.05303
1.18436
0.0461502
5.45956
0.0632023
3.11934
4.49066
0.97638
2.92781
1.22405
0.0478868
0.108148
1.24806
0.356597
0.14241
2.08709
0.368903
1.29223
0.0668633
1.42675
0.049315
0.154623
0.0688962
0.0427725
0.368536
0.102183
0.68463
0.043238
0.125891
0.0963058
3.94338
0.313037
1.18271
0.274771
0.100981
0.0710389
0.00966378
0.872023
0.759725
0.401848
0.677182
3.20729
3.85342
0.351588
1.2639
0.0284866
4.00879
0.50674
0.273361
0.702713
1.12272
0.101631
4.24551
2.12938
0.309251
1.17394
3.85633
0.65152
3.05986
4.00315
1.55473
0.625366
3.00737
3.49507
0.0241816
0.896683
0.506137
3.30159
0.391927
1.03562
0.817294
3.72425
0.433929
4.57129
0.287312
0.223734
0.0309015
0.0776104
0.110394
0.706252
0.0524044
2.90681
1.09743
0.681334
0.215757
0.108219
0.215543
3.54617
0.78949
0.876866
0.0772826
0.104656
0.369955
0.50253
2.6071
0.0426812
3.62226
0.207172
2.28038
1.04651
1.45857
3.64627
0.071137
0.0638495
0.0389759
0.183911
3.35496
1.3345
2.8932
0.0735992
1.94808
0.114346
0.492831
0.836187
3.70108
1.16496
0.132045
3.09969
0.899008
0.22903
1.42301
0.704643
0.0500095
0.773928
0.147239
0.00490509
3.57253
0.791223
3.31225
1.18
2.9488
0.0994906
3.65516
0.203881
0.878601
0.594173
0.0829483
2.98977
0.0644801
0.312187
3.05816
1.44622
3.89162
0.0437736
2.05736
4.17732
0.447839
0.0219765
1.14339
0.282724
0.0443872
0.98032
0.0377349
0.243108
3.53422
2.82765
0.110285
0.0390839
0.99784
0.147748
3.94648
4.12183
0.0436632
0.141648
0.0603597
3.80713
3.95346
4.05748
0.0398599
0.123594
0.515618
0.564997
0.0557001
0.125224
0.0945824
1.6076
2.91618
0.0823844
1.04228e-05
0.0846832
2.68492
0.0516061
3.07976
1.23515
3.47973
1.11217
2.57229
1.07903
0.0425799
0.934485
0.0525811
0.137797
3.06204
0.833203
0.0472859
0.142408
1.66697
2.71347
0.0121738
0.255894
0.0569975
1.46213
0.0935246
0.613989
3.62415
1.02074
1.64395
1.34384
0.463258
0.180532
0.0364021
0.0091744
3.33113
0.189253
0.059965
0.103478
0.0786557
2.98724
1.38436
1.66848
2.65762
3.67832
1.25475
0.0400189
0.112659
3.26914
0.094905
0.716042
0.120062
0.654652
3.72025
0.148585
0.078506
0.84965
2.49015
0.0423985
0.912876
2.79704
2.60397
3.19659
0.0413295
0.111572
3.97082
0.322109
3.93195
3.4181
0.4578
0.614025
0.119023
4.22667
3.49456
0.89583
0.159227
1.3909
0.0947458
0.00177341
0.543776
0.718571
0.137728
0.0740921
0.072121
1.17047
0.120353
3.37766
0.106898
1.14264
2.91658
1.62898
0.467849
1.52312
0.459613
4.04291
0.860984
0.847353
0.491732
0.233016
0.800472
0.683591
0.728763
0.358446
0.575568
0.906345
1.25811
2.7671
0.266682
0.555605
4.04948
0.481567
0.351794
3.69437
0.0924558
0.0404521
0.112365
1.02659
4.11719
0.055147
0.0374477
0.250541
3.20409
0.316003
0.0155435
1.22285
1.01949
2.8827
0.570575
0.864131
2.69515
1.68858
0.239692
0.0403494
1.19572
0.0520344
2.56871
3.59116
0.0820324
0.0638685
0.0510915
1.15745
0.686229
0.000656247
1.2757
0.0077081
1.42042
0.00807775
0.0600402
0.850795
0.101714
0.885921
3.46861
0.0832354
2.72708
0.00133725
0.0751957
0.295451
3.46927
0.564172
0.126588
1.03502
0.15784
0.885385
0.627551
0.106432
0.0424818
0.0894501
0.18823
0.0255048
0.455786
0.102418
1.41084
1.0615
1.44547
3.7927
3.2704
2.44535
0.0838434
0.169793
2.83912
1.0442
3.59265
0.760194
0.0810722
1.52076
0.809045
0.698673
0.0810999
0.0408791
3.02903
1.17377
0.147724
1.23146
0.0452121
0.599198
1.20977
0.0765077
0.71582
0.54845
0.0730618
0.986931
0.244232
0.0852858
3.39154
3.85191
0.0724755
1.30166
3.37935
3.0086
0.351915
3.00657
0.106234
0.17777
0.038998
3.32084
0.767736
0.0112563
1.10744
0.852657
0.793899
1.51015
1.46155
1.53646
0.670684
2.8273
0.0472247
3.08895
0.939765
1.02999
0.0726563
0.533295
0.221621
0.0479519
1.90446
0.170752
0.618759
0.373522
2.1825
0.724819
0.0855766
1.39482
0.836949
0.793169
0.0338585
0.795839
0.489796
0.863664
0.750255
0.172725
0.0416348
0.0779833
0.722703
4.01747
3.14445
0.0661334
0.0664708
1.0553
0.128246
0.123881
0.448988
0.475271
0.0411176
0.565118
2.37385
0.0341533
2.82341
0.866274
0.0404058
0.0117057
0.0663178
0.0152575
0.0347262
3.04642
0.496101
0.136041
0.140338
0.034175
0.000474533
0.697407
2.19799
3.28095
0.184821
0.73884
0.0334578
0.0574958
2.75222
0.635304
0.692477
0.682547
0.577117
0.0870278
3.39945
2.17923
0.0570413
0.0322724
0.0501192
2.6238
3.3594
3.7472
1.08125
0.0756552
4.04082
0.037353
3.77125
0.693472
0.861418
2.52206
2.61343
0.039699
0.0545043
0.785709
0.0835101
0.0782616
1.253
2.63903
0.190333
1.08067
0.0779742
0.0277098
0.00505033
0.0707913
0.242267
0.0400716
0.277773
1.28098
0.0839617
0.825213
3.092
4.00597
0.710105
2.42199
0.178453
1.00159
0.0545894
1.03391
0.0789016
0.277608
3.82006
1.54836
0.0433798
1.22867
0.026924
0.0297836
0.0563376
3.42011
0.0855328
2.12353
0.713752
0.0864379
0.693473
4.00908
0.0778767
0.0371334
3.95734
0.11798
3.52529
4.00844
0.969744
2.80791
0.619093
0.0362424
0.146947
3.66841
3.2147
0.0704292
0.585324
0.063771
1.8204
2.33933
0.401761
0.0551284
0.0473952
5.2254
1.06095
2.85036
0.846232
0.101916
1.24347
0.0629764
2.97283
3.08845
0.667187
1.17658
0.0410331
0.117786
1.54173
0.478401
0.276776
3.79174
0.0402423
1.27056
3.65021
3.97155
3.4201
3.48055
0.040297
0.923077
3.13061
0.189837
0.171008
0.719284
2.46248
3.31627
3.12978
0.150939
0.0356015
1.22706
0.0288815
6.31078
0.0405468
2.45706
0.0409105
1.80821
0.0425117
3.38377
0.263907
0.621014
0.0449434
0.878715
0.0474496
0.0870327
3.66665
0.0481664
3.29098
0.0308006
2.53421
0.0625941
1.16143
0.583394
0.782236
3.92946
0.492538
1.25421
0.045968
0.0460931
3.59991
0.0560342
0.059706
0.0991225
3.00286
2.78899
0.25206
3.7701
0.846127
0.0553953
3.92914
0.349808
0.120792
0.823857
4.91435
0.0499124
0.0309739
0.813926
0.116452
0.0706035
0.733104
0.0827112
0.0432475
0.63079
1.42944
0.0789764
0.0719149
0.938908
0.0355367
0.0412016
0.930373
0.856166
0.216705
0.0848375
2.53911
0.0590184
5.75475
0.0798113
0.0472224
2.93067
0.0414592
0.0566272
1.10858
0.763192
4.12019
1.46865
2.4461
0.086432
0.0985531
0.94984
0.0530592
0.388558
0.0525449
4.27592
3.32369
2.68464
1.60107
2.77701
0.0686387
0.899189
0.177317
1.48061
0.0659328
0.295564
0.153055
0.180137
3.73806
1.11636
0.188257
0.820851
2.16328
0.231524
4.57677
0.0210512
0.154022
0.13034
0.682618
0.0356794
3.43116
3.73444
2.94739
2.65354
3.99881
1.6199
0.0442424
0.135153
0.0767351
0.0422373
1.55357
0.0913001
0.0852256
1.16298
1.61653
1.44558
0.63931
3.03172
1.46961
2.84275
0.461959
0.534091
0.0776607
2.74181
3.71012
5.96747
0.076154
0.576179
3.43308
0.000383131
0.924174
0.0353321
0.100967
5.97809e-05
0.836576
2.87222
0.0354138
3.29798
2.93725
4.01882
0.0393435
0.0470125
0.0848783
4.02273
3.50928
0.108504
1.13914
0.0989422
0.360416
0.0670612
0.639396
3.38388
0.0386038
0.0366922
1.45919
0.614623
4.01762
1.24734
0.0413881
0.0506363
4.35663
0.0428861
2.86003
0.559993
0.497325
0.103319
0.657699
0.905348
2.66119
3.60924
3.37837
3.48373
0.0439033
0.0987639
1.02812
0.00995261
0.257316
1.37389
0.0710151
3.90879
0.0702193
1.03154
0.0698692
0.0584938
1.2526
0.138144
0.00761987
0.858396
0.0438403
2.04282
3.88412
0.712409
0.0571785
1.23639
3.42908
0.165844
0.0390447
0.873313
0.0275585
1.37782
0.213843
3.82557
0.588482
0.153948
0.0687107
0.0431502
0.0712328
0.893405
0.0599166
0.129479
2.83211
4.00138
5.62453
0.324811
0.0769529
0.102658
3.79369
0.621409
0.149724
0.0737773
0.000837954
0.0642028
0.19759
0.0565515
2.07892
0.0700708
1.04335
0.0874255
0.0196115
0.133512
1.32149
0.0312397
0.495395
0.0724161
4.07933
0.139209
0.0605596
0.385365
0.0704924
0.125016
0.791436
2.7252
0.14006
1.04718
0.91608
0.999167
0.0987504
0.132547
0.0765153
0.288606
0.588641
0.082674
0.0168954
3.76805
0.0381801
0.113177
0.0407068
3.79043
1.07048
0.0551462
0.136422
4.0401
2.46503
3.81724
0.926832
0.559134
0.813055
0.126525
0.782499
0.0268536
1.38369
1.09523
0.0393929
1.22054
0.106519
0.0985807
4.34103
1.11645
0.0816224
3.25439
3.6992
1.20039
2.7185
0.619174
1.37204
0.0877379
0.065148
1.24857
3.94017
0.0400499
0.174186
0.0457033
1.25292
0.0113567
0.0561115
2.94951
3.48188
0.0769384
0.0329576
0.0870864
0.0840148
0.132911
1.17883
1.56886
0.0161269
0.236739
2.29392
0.0322259
2.38107
0.0493846
1.05682
0.080362
0.00271445
0.416208
1.54763
0.155273
0.94974
0.145964
0.0046351
1.66744
0.115969
0.92241
0.215373
0.0452148
3.83698
0.391937
1.62162
1.11261
0.0364492
0.117461
4.06093
0.274973
3.24347
0.800455
0.0922529
0.164025
0.142955
3.86163
0.0561206
3.28897
0.105622
0.482375
0.0281172
0.0335234
0.316816
2.56567
3.30153
0.172042
4.20303
0.0952533
1.24533
0.0379861
0.00147485
0.0738703
1.3638
0.183108
0.268663
0.0484541
0.0862451
0.0304209
0.0257224
0.151332
4.02699
3.27254
3.16234
0.0824356
0.0610859
1.29085
3.95004
0.111985
1.17943
2.97587
0.283345
3.45966
0.762894
0.8923
0.946877
1.58903
0.0722596
2.81964
2.39009
0.0243163
3.63268
0.0816035
0.038131
2.75165
0.0411151
0.0500841
3.0569
1.04265
0.038557
0.0787379
2.65738
0.0411263
0.262571
1.64869
0.064159
1.47785
3.64345
0.0373651
0.161267
3.08329
3.63455
0.010685
0.0708654
1.50502
2.97432
1.43881
1.33845
0.904604
0.014864
0.0483189
1.44614
0.167715
0.0703965
0.0277225
0.148531
0.0890517
0.0762845
0.854103
0.040629
0.999631
1.05261
1.17386
0.040955
0.0282375
0.792809
1.61202
0.0643258
4.04445
2.92971
1.46879
2.83111
1.54056
2.71285
0.0389299
0.0934526
0.447389
0.0760483
0.145052
0.902283
0.0398906
3.73652
2.79125
0.0584001
0.15525
1.19896
1.43395
0.0257163
1.5226
0.0276521
0.0391546
0.0487515
0.254625
0.0457769
0.0991993
2.6569
0.0685248
0.10799
0.122474
2.7572
0.0447957
0.0639732
0.610937
0.0428103
0.554447
0.0744438
0.00775258
0.85885
0.0406726
1.41307
0.0780764
1.20138
0.00208483
2.7236
1.62275
0.103644
0.0738763
0.00453226
0.922007
2.99544e-05
3.67447
0.0301622
0.405708
0.0340895
0.492361
3.08039
0.760359
3.81629
0.0047133
0.121436
0.0142136
0.134839
0.0573734
3.03705
3.99635
2.72256
1.6334
0.841683
0.333122
3.75285
0.0414094
0.166436
3.69545
0.846523
1.58306
2.86048
0.0190692
0.603177
0.0747167
0.0901602
0.109921
0.0874819
1.02322
1.0703
0.044498
2.5856
1.26735
0.276767
0.159864
1.04939
3.94581
0.609076
0.164133
0.0366599
0.932096
3.80174
3.52873
1.32504
1.61412
0.03923
0.00649258
1.60509
1.07552
0.0643328
2.73023
4.04662
0.141007
0.0718696
0.0664126
0.960637
0.174479
3.51011
0.803963
1.44457
1.26656
1.25339
0.0515152
2.69551
0.0869459
0.0786586
1.35329
0.112289
0.0442752
0.0304622
4.00973
0.2252
0.0923667
0.0673005
2.80415
0.12733
0.766737
4.00194
2.76123
0.862151
0.0415931
3.60594
3.61988
0.0480084
0.053232
0.0707595
0.152275
3.45659
2.29081
1.34682
0.162225
0.0157859
0.119407
0.0872172
3.48566
0.0210543
0.376505
1.47577
0.0276745
0.0757865
0.0814665
0.11071
0.0376425
0.0994117
0.152016
0.0649989
3.7022
3.38399
0.146647
0.0853285
0.0216515
0.044126
0.550056
3.34026
0.0519937
0.0888636
0.106641
0.133653
3.45843
0.0661674
0.12493
1.11802
0.0547301
0.572417
0.0803852
0.165546
1.23526
3.34152
1.10371
0.0735198
0.000598282
0.0673471
2.55086
0.0828231
1.04904
3.99695
2.4651
0.0451613
0.0630772
1.02505
0.0373966
0.629083
0.0819252
0.0239142
0.0556542
1.20899
0.0999633
2.12096
0.0363672
1.05899
1.15207
0.195138
0.877475
0.27557
0.00656733
2.86596
0.0405645
0.112091
0.0498718
0.962031
3.60573
0.0584777
1.08202
2.70906
3.6692
0.10094
2.29469
1.43368
0.954216
3.48342
3.90226
0.0711106
0.0749404
1.26866
0.989294
1.30833
0.426613
0.0367322
0.809203
0.0414068
0.0492217
0.662861
3.52607
3.69832
0.0959348
0.148617
1.17758
0.105584
0.0902222
0.520168
1.21761
0.140019
0.0571757
1.07223
3.52211
0.0444008
0.0422039
1.05157
0.0436804
0.0801918
0.0379812
0.0634618
0.0445309
1.09179
2.77068
1.18488
4.01164
0.344102
0.0431085
1.17888
3.99589
0.0716664
1.20083
0.0180911
1.51273
0.133122
2.85692
0.0717473
0.0802655
0.0118089
3.41407
1.18137
0.578759
3.66045
0.18371
0.0893596
0.111156
0.895152
4.02571
0.900864
2.32586
0.506463
0.0116007
1.01827
0.033777
0.606412
0.0201938
3.4157
0.180058
0.0687443
0.0692209
0.103109
4.01334
0.155179
0.461352
4.07549
1.09827
0.0700598
0.173481
0.187319
4.03017
0.0310202
3.83444
0.12826
0.0617722
0.0420439
1.29663
0.067696
0.00286471
3.33667
0.00265125
0.206314
0.044266
0.075954
0.658763
0.0839064
0.109571
0.0928333
0.466942
2.86176
0.0956974
0.627556
0.0496529
1.06758
1.17295
0.00386183
0.0588367
4.03538
4.11203
0.0776482
0.108238
0.231737
3.61212
2.4484
0.0687975
0.829632
0.0295214
2.44724
1.35785
0.0806696
2.80005
0.0525
0.180168
0.177464
1.24994
3.29303
0.0385018
0.116406
0.0908397
0.0770855
0.234782
1.57433
0.102779
2.96601
3.59948
0.0623686
0.95294
0.88386
0.114988
0.890881
4.05394
0.0866362
3.72001
0.0355766
1.23461
2.761
0.543004
3.74128
1.04188
0.0713263
0.0738757
0.730491
0.081938
0.0155331
2.95494
2.72584
0.0219232
0.0352568
0.135038
3.57639
0.0639771
0.0435732
0.0802566
2.40155
0.0196133
0.250595
2.69103
0.868791
3.08903
0.045766
0.115079
0.216764
1.1753
0.131823
1.18661
0.0479937
0.127101
0.166552
0.126719
1.25199
0.111223
1.05449
0.0713385
2.15201
0.944601
0.0360937
0.0408474
0.00552991
0.0298516
0.081746
2.86612
0.70439
0.0553698
0.0442435
0.0860792
0.0415962
1.31537
0.0354567
0.104036
0.0474094
4.04665
0.00962366
1.81549
0.247109
0.031314
2.97999
4.02088
3.44219
0.0384667
0.0849313
0.0941919
0.243675
0.0705895
0.0776241
2.49722
0.0560885
0.172747
0.0746724
0.971793
0.038561
0.325517
0.0194658
3.07628
0.144153
0.0409797
0.0497224
1.19638
0.0884029
0.0278582
2.38697
0.0298461
0.113185
0.113013
0.040409
3.13449
0.0467632
1.18191
0.12258
0.0511789
0.181848
3.24083
0.111921
0.100257
0.156147
1.09736
1.27821
0.0564272
0.0958564
0.955142
3.45243
3.69545
0.0828577
0.0554636
0.0772042
0.0724759
0.826764
0.760141
0.0357144
0.0341224
0.0123626
0.130191
0.045642
1.17945
0.126755
0.126341
0.0422275
1.52221
3.10897
0.0516918
0.350009
3.74004
0.0458302
0.565514
0.0423482
0.0462534
4.12641
0.510237
0.627283
0.0319869
0.036908
0.0291139
3.50181
0.179628
4.00483
4.02133
1.29317
0.974821
0.0585556
0.0761454
0.0406976
0.776742
0.0908905
0.0486331
0.183267
0.128983
3.45086
0.335489
3.88782
3.40581
0.194169
0.0826574
0.163181
0.0266223
0.073868
0.057329
1.06646
0.40611
0.0453616
0.155779
2.07227
0.676544
0.065348
0.0792999
0.165072
0.0835665
0.0642056
0.0434671
2.8453
0.038226
3.32836
0.0951964
0.038644
0.0542885
0.209047
0.197204
3.72173
0.0715234
2.89485
3.84511
0.186169
1.12345
0.069766
0.0774601
0.157872
0.237464
0.0407127
2.37043
0.579282
0.0425881
0.162493
0.153023
0.311865
0.352944
1.01854
0.127771
0.117585
0.0900842
3.22331
0.0673236
0.0425174
3.11422
1.37838
0.20888
0.0366116
1.43366
0.0778766
0.830754
0.815926
0.122783
0.189804
0.059807
0.0340625
0.0488841
0.0396438
0.548875
0.049752
0.0649429
0.793331
1.21661
0.596589
0.147956
0.892366
0.893141
1.57672
2.68995
1.02162
2.76356
0.495327
0.573835
0.0712021
0.139131
0.0876403
0.110985
1.11242
0.118149
0.143135
1.139
0.0431168
3.27125
0.774332
1.31158
0.139607
0.587144
0.196305
0.0368845
0.645222
0.714971
2.34211
0.840442
1.15646
1.50847
1.32016
0.24323
0.803914
0.111112
0.0625478
0.0542454
3.69835
0.0810937
0.862701
0.927437
0.224851
0.0766753
0.0727454
0.00493582
0.0919209
0.57598
1.35234
3.49922
0.0370527
1.50119
0.102383
0.05309
0.0267446
0.087597
0.0946523
4.03062
1.54603
1.08086
0.202871
1.3947
0.737716
0.29411
0.0684852
0.242697
1.10223
0.0371121
2.60567
0.0316339
0.915352
0.0242974
0.726523
0.0982551
0.734294
0.0304974
0.0713507
0.244961
0.0445218
0.166333
0.0534579
0.0103697
0.00762239
0.075406
0.0604197
1.58896
0.0549052
0.100027
0.680935
0.0497346
0.0412999
0.114559
1.17317
0.181268
0.0829837
1.11319
0.0966518
0.110282
0.0621589
0.0342993
3.31891
0.197664
0.027684
0.0840453
0.0191776
0.675071
0.015147
0.0155691
0.913449
0.0482606
0.0460734
0.301687
0.165615
0.308823
0.034832
0.181864
0.114942
0.0361282
1.1962
3.56822
0.610713
0.081965
2.1415
0.834865
2.29539
0.0245616
0.0378946
1.18699
0.0226778
0.157269
1.10784
0.177776
2.51048
0.0813849
0.53265
1.23921
1.08043
1.5457
0.0455522
0.0741922
0.0783798
0.19812
2.63249
0.0846172
0.0013755
2.01516
0.0867124
0.141742
0.00316817
0.042099
5.6465
0.807568
0.0782799
0.114017
0.222843
0.115808
0.424943
1.27405
3.46528
0.197882
3.34041
0.081109
3.14873e-05
0.114163
0.0746094
0.587008
0.00452825
0.115188
1.0083
0.0504433
0.19207
0.0857291
0.067179
0.834428
0.0653822
5.12326
1.39268
0.0313227
0.0429769
0.0780625
0.00463221
0.0726385
0.080222
2.46664
0.196082
4.84928
1.62972
0.0831289
0.308284
0.0893823
2.76632
1.34145
0.149446
0.195134
0.133421
3.00958
0.105848
0.887704
1.58639
0.0849602
0.104397
3.29753
0.105498
2.43332
0.0538122
1.21687
1.15792
0.0323374
0.028682
0.890682
0.0738597
3.30264
0.0777276
0.53449
0.0323409
0.0938627
0.0890731
1.6135
0.198393
0.0662021
0.0792595
0.095077
2.61655
0.214588
0.0718733
0.0873634
4.02302
0.0915188
0.0322357
1.31427
0.604686
0.075959
0.0962948
0.901468
0.0969671
0.0894882
0.0633907
0.041471
1.07411
0.536038
0.00762988
2.58756
6.05434
0.136949
0.137742
0.0621113
0.0816095
1.21818
2.83889
0.0411747
0.041083
1.27478
1.4286
0.537606
0.196128
0.8303
2.20774
0.0132692
1.36507
0.216112
1.44657
0.0747469
0.704264
0.605825
3.7799
0.0632309
0.122991
1.21666
0.117929
0.121669
0.0799748
0.962149
1.0094
0.0192243
0.0608913
0.0984951
0.609823
2.47409
0.236893
0.0448203
0.282033
0.0387607
1.51838
0.104239
1.1967
0.192356
3.46057
3.21571
1.41961
0.0711487
0.141009
3.08721
0.423429
0.643633
0.0854455
2.70556
2.80797
1.18854
0.172968
0.0249989
2.66006
0.488249
0.0788606
0.62376
3.49035
0.074708
0.610751
0.11008
0.0362029
0.0380868
0.0216988
1.06636
0.0745157
0.0830386
0.702023
4.32563
2.58401
0.139821
1.0991
0.113318
0.149073
0.128406
0.588496
1.23787
0.045813
0.0703517
1.2097
2.09846
0.497624
2.82007
4.06624
0.0382368
0.0422452
0.0688296
0.0418563
0.098507
0.0773259
0.0804511
4.0307
3.98428
0.042629
0.987946
1.32903
0.20098
0.616154
0.946017
5.80655
0.131574
0.0199621
0.540301
0.0754486
3.46821
0.0989422
0.261019
0.104689
0.0986093
0.0422065
2.78435
0.0792447
0.17224
1.20749
0.0718428
0.0839577
0.0301897
0.00263469
0.0894053
0.95298
2.52246
0.160249
1.50553
0.155827
0.0797275
0.0261952
0.134184
1.3785
0.0839619
0.10777
0.174153
0.0855547
0.0490081
1.31397
0.0326811
0.637754
2.97582
0.0392115
0.092525
0.0732618
1.22418
0.107402
2.5766
1.05201e-07
2.67626
2.48058
0.263463
0.143305
0.018626
0.0676779
0.122982
3.15167
0.099144
3.13773
0.052287
0.0822372
0.150278
5.00237
0.187785
0.10003
3.95317
5.97504
0.041201
0.00256469
0.162586
1.13098
0.0711614
3.37948
1.32262
0.0839525
1.07245
1.00426
3.53681
0.0775357
3.31742
0.0767157
0.0516176
0.0367247
0.254666
0.210306
0.907228
3.12946
0.0406908
0.0625312
0.787439
1.46856
0.308992
0.120694
0.00254955
0.00743318
3.98368
1.45846
0.545271
1.45679
0.802242
0.0826048
0.0805867
0.0565162
0.0437463
0.555543
3.29974
0.530625
0.0978059
0.11775
0.793208
0.0294767
1.03843
0.0318583
0.426775
3.90625
0.0290664
0.0619372
0.0860854
0.0401958
0.0638484
0.0959795
0.135123
0.00824473
0.0790295
0.0425125
0.456104
0.123745
0.167848
0.0374601
0.515317
1.01409
0.0328895
0.118269
0.145778
1.07518
3.32985
3.02527
0.0713677
0.379109
4.11593
0.0610274
0.0452608
3.19529
0.119462
0.958804
0.69582
0.972327
0.0936871
0.0894039
0.0619104
3.05742
1.05195
0.0968638
0.0370308
0.968831
0.672754
4.07611
0.056209
0.0439105
3.45856
1.02898
1.01205
0.112399
0.0931826
0.0610588
0.028191
0.177987
3.34139
0.131358
0.954942
0.989734
0.143803
0.265094
0.139141
0.0880361
0.17283
0.1078
0.559687
0.0356008
3.61188
3.75193
0.10028
0.252899
2.62971
0.54015
3.20985
0.124239
0.985737
0.0391969
0.0652431
0.0695844
3.39066
0.0881328
1.04625
0.919947
0.122764
0.222619
0.0450704
0.558154
0.919524
0.000748249
1.60015
0.0731226
0.0711693
3.68644
0.0662951
0.0705573
3.96492
0.0381636
0.963555
1.49114
4.29874
0.029956
0.141415
0.00585725
0.0532662
0.104197
0.0387885
3.38435
6.00518
0.0935692
0.0818039
0.11123
0.101561
0.0446699
3.37929
0.067312
0.0377606
0.015281
0.850838
0.587509
0.0509587
0.224847
1.11046
0.0358913
1.12801
0.0606199
0.154026
0.0833533
0.989777
0.0316316
0.184903
0.12206
0.434315
7.68007e-06
2.97485
0.0541409
0.856883
3.37432
0.125703
1.58081
0.559766
0.525869
0.0848017
0.0718478
0.101883
0.0516901
0.143238
2.53572
0.0435211
0.0975942
0.526308
0.0772229
0.190322
0.0798251
3.23416
3.04841
0.737953
1.30338
0.0660998
0.11396
0.0784581
0.160703
3.94598
2.35931
0.0610307
4.29873
2.67836
0.0728523
0.0730594
0.830961
1.33578
0.148481
0.518782
3.30284
0.0508582
0.363807
5.30473
0.0737698
0.898813
0.171677
0.0790808
0.164874
0.043908
0.0760572
0.126006
0.0637812
0.0802941
0.274008
0.136919
1.06044
0.133145
0.0828762
3.17498
0.0527588
0.0424639
0.10724
0.856517
1.04429
0.144461
0.108385
1.2238
0.08715
2.0886
0.0638865
0.312296
0.0984513
0.041336
0.0920631
0.430468
0.0801003
0.0671309
0.0424351
1.51159
2.31977
0.549258
0.00128713
0.390835
2.79397
2.76769
0.175715
0.651865
0.310651
0.688116
2.44467
0.395497
0.212081
0.079882
0.0787067
0.0945649
0.960034
0.0567024
0.205778
0.0426161
0.884803
0.123943
0.0456395
0.615903
0.0834349
1.02677
0.054412
0.112386
1.10405
0.497784
3.05909
0.0322806
0.768486
0.0687622
2.97611
2.58003
0.544048
0.353706
0.952771
0.96283
0.0746434
0.109435
1.23518
0.0743611
0.116739
0.352345
1.02108
0.393403
0.409418
3.38412
1.06897
0.0621475
1.24736
0.352907
0.127894
0.0985595
3.58969
0.0724279
0.117229
0.124509
0.0796954
0.0560147
1.24124
0.104881
4.03339
1.03482
0.0754848
1.09949
0.140861
1.11333
0.824979
0.0974031
0.349876
0.0939431
0.0609062
2.81387
0.0721804
0.0501215
0.0585498
0.796603
0.0750329
0.555599
0.0696283
0.178671
1.50202
0.0798922
0.0434007
0.553306
0.584306
2.61505
3.85161
3.29875
3.21156
0.317802
0.106035
0.0811204
0.0559773
1.72744
0.0753836
0.0489145
0.0537493
0.0448899
2.22448
0.0459335
2.90748
1.03013
0.166568
0.538212
0.157304
0.140478
1.17941
0.547456
2.78193
0.107923
0.0884796
0.584513
0.0873337
3.21194
1.45307
0.227747
3.09411
2.50375
0.0383297
0.19195
4.02019
2.99203
0.0780898
0.601768
0.0401848
0.712665
0.0497355
0.110464
0.332967
0.0592085
0.622194
2.32287
0.0419288
2.43416
0.688622
0.0915316
0.0722418
0.0828386
0.0363153
1.28431e-07
3.61969
0.493496
0.014289
2.78191
0.547094
2.528
0.076885
1.29218
0.495515
0.0813597
3.90989
0.0381552
0.176315
2.48107
0.627605
3.46391
0.0706027
3.69728
0.0547808
0.000135505
0.051356
0.0966188
0.249191
0.182158
0.171979
0.103322
0.0727452
0.023509
0.0471882
0.614956
0.044575
0.569807
0.0578252
0.0657305
0.0857429
0.0500202
3.46442
0.769076
0.794657
3.65857
3.5898
1.2126
0.0491837
0.455677
0.12666
0.120954
0.717148
0.175984
0.206961
1.96192
0.985659
0.0519797
0.0860701
0.271319
0.0376003
0.0812091
1.5276
3.16886
1.20039
4.07422
0.0683493
1.01589
0.0786251
1.34871
0.672888
0.0382606
1.31049
0.0865932
2.46321
0.0086668
0.0389787
0.0401848
0.0127349
0.830794
2.92805
2.26862
0.108433
0.0978596
0.0389057
0.0489081
0.0170697
0.0404706
0.078022
2.20048
0.0719572
0.0402821
0.0834482
2.25251
0.116225
0.111698
0.000216257
3.97941
0.0220329
1.01391
4.05249
2.90354
0.0723522
2.30874
0.0925628
0.19353
1.14293
0.105028
0.436716
2.77378
0.103431
0.920478
0.0735803
0.137179
0.041627
0.678679
0.0818264
0.0375885
0.0415734
0.877527
0.180662
0.417535
0.0885195
0.43524
0.0798073
0.138617
1.08433
0.00258918
0.0706702
0.0324672
3.08714
3.75587
0.0396573
0.651155
0.09039
2.70873
0.0369345
0.720459
0.0274805
0.0366163
0.101798
0.146339
0.0551013
0.894686
0.0225816
0.101191
0.0716696
0.0737059
1.55018
0.393354
0.10897
0.667606
0.184759
0.0715732
0.257165
0.550875
0.036574
3.82377
0.0400001
0.0820984
0.0342094
0.0802542
0.844597
0.0560228
1.39595
0.0908372
0.551633
0.318647
0.0713442
0.373079
0.00145699
0.0369258
0.00582949
0.0633772
0.134778
1.94018
0.0729799
0.00854339
0.870062
0.0424137
0.0804242
0.195561
1.5717
0.0924332
0.161079
0.736262
0.194414
2.6259
0.0338273
0.0948553
0.0571361
0.650069
0.100446
1.44363
0.172111
0.121532
0.131582
0.0513292
2.36801
0.0982249
0.0464102
0.192812
0.0429911
0.127411
0.0933807
0.0400641
0.096159
1.0186
0.0611857
0.0664541
2.97399
0.060889
3.18314
0.00474631
0.982832
0.18212
0.0866499
0.0374473
3.24017
2.63732
0.272239
0.194506
1.26499
1.13394
3.50938
0.0400334
0.460956
0.256582
1.72562
0.564162
0.0979238
0.079551
0.101672
0.109675
0.951379
0.0373481
0.0911879
0.0710251
0.117957
0.107723
0.00724919
0.285481
3.23666
0.0661766
0.0438533
0.645551
0.517044
0.0927656
0.234043
2.95874
0.190282
1.20292
0.0958504
0.139967
0.158104
1.01832
1.41527
0.424
0.413657
0.115427
0.0726799
0.920978
0.0991149
0.249531
2.89398
0.0964741
2.21247
0.0369567
0.0201615
0.126318
0.0387133
3.5513
1.63165
0.0196121
1.4084
0.193201
0.0746966
2.87169
0.0844433
0.000196784
4.03112
3.00035
2.55959
3.48333
0.384629
0.0970411
0.114163
0.0470287
0.0230574
0.384729
0.077874
0.348444
0.595031
2.10486
0.152953
1.67926
0.0669787
0.60738
3.08774
0.12845
0.0784516
1.01991
1.32118
2.47454
0.0815317
0.595515
0.187474
0.037592
3.55943
2.9781
0.0570031
0.0283946
0.165908
0.0831885
0.385401
0.0254852
0.0465857
0.101609
0.0813425
0.0759408
0.0790653
0.0607657
0.0521279
3.93329
0.191871
1.21526
0.110879
0.0340872
0.146534
0.11354
0.0693697
0.120498
0.631209
0.0550561
0.0256076
1.23032
0.118404
0.0192219
0.14799
0.425479
0.161479
2.47965
0.319651
0.113747
0.297798
0.119656
2.99553
3.57606
0.877218
0.0811531
0.323103
0.120087
0.4682
0.505358
0.0549211
0.619244
0.119115
0.0221147
2.38967
0.553228
0.117448
0.191586
0.11414
4.12314
0.56495
1.51688
3.56099
0.0749459
0.998186
0.0378776
0.0789845
1.22491
0.0461401
0.142985
0.0378392
0.0744232
0.0762706
0.0784188
3.33206
0.377678
0.135704
0.0595633
0.0834643
0.165939
0.107939
0.120215
0.0475259
0.174161
0.47639
1.13824
0.149076
0.0526303
0.0331758
0.0676848
3.49742
1.61325
0.0130464
3.47883
0.0530442
0.0368186
0.0821363
0.44013
0.0731142
2.86212
0.77769
0.13881
3.40353
0.0832773
0.146483
3.3377
1.04354
0.695735
4.12432
0.0746414
0.0818236
0.635561
3.91703
0.995815
0.370467
3.59787
0.989618
0.155558
0.116798
0.0800633
0.0565174
3.43894
1.78421
2.79478
0.0799485
2.67538
0.154327
1.19006
0.0734526
0.0406991
0.112565
3.83759
0.0607985
0.185256
0.186289
3.45875
0.853478
0.0321495
0.139023
0.0900439
0.0960219
2.45293
1.02546
3.67317
1.60677
0.165513
0.0480324
0.44074
3.98295
2.54067
0.917304
1.14047
1.09528
0.65038
4.04169
0.0978354
3.93805
0.102036
1.31195
0.069845
0.0720508
0.0717978
1.36532
1.00911
0.0416537
0.0510587
0.0187251
2.73247
0.261058
2.27625
3.26231
0.0587828
1.42692
0.0885458
0.547226
0.0933076
4.03834
4.11364
0.0605319
3.40862
1.05159
1.30662
0.0938625
1.00896
0.10552
3.11457
2.65249
0.0107303
0.749479
0.0667487
0.100031
0.0832455
3.37445
0.960702
0.610569
0.115352
0.0652094
0.146459
0.084429
0.00160608
0.0511374
0.102913
0.432629
0.0711671
0.215964
0.0740125
0.0904107
0.0750008
0.215157
0.189638
2.82021
3.34728
0.122643
2.34827
0.556718
3.1286
0.15984
0.119054
0.777749
0.165235
0.052746
0.0745759
0.123282
3.53262
2.44397
1.62787
0.0773147
0.0972323
3.01264
0.0979081
2.97235
0.182994
0.0919425
1.39364
0.117501
0.797233
0.0711897
0.0767938
1.42829
0.0008083
0.186722
0.395612
0.0386489
0.0867776
0.00481053
0.0586183
2.02404
0.0861427
0.34134
0.110528
0.0622976
1.62607
0.135328
0.125294
3.38012
0.029645
2.17316
1.32159
0.0781074
0.0498154
6.51026
0.0806715
0.149431
1.22506
0.168007
0.0683665
0.0718223
0.101481
0.840901
1.59565
0.0821425
4.11258
2.65422
0.0693299
0.0361219
0.0358977
3.59764
0.0910241
0.168756
0.633501
4.01297
3.32139
0.0497749
1.35346
0.0972334
0.952675
0.0654752
2.96477
1.66994
0.428106
0.0599991
0.210948
0.544887
0.0335774
2.74317
0.115289
0.073693
0.117539
0.171082
0.173428
0.820604
0.048327
0.122526
3.51073
0.0703183
0.663363
1.08118
0.0494941
1.06479
1.02177
0.0983017
1.18112
0.207607
0.0720954
0.419986
0.0817656
0.241598
3.35994
1.42916
0.0592457
0.117896
2.65688
0.0890357
0.918385
0.0684985
3.46029
1.06466
0.53816
0.0796563
0.477702
1.24432
3.49928
1.54657
2.25294
0.560722
2.30357
0.435389
0.0903765
2.22486
0.0713287
5.57934
0.0389971
0.0163671
0.187469
0.119576
0.0771656
1.13287
0.0884898
3.58248
0.0715886
0.0456846
0.0712481
0.12037
0.0502523
2.72055
0.184204
3.02422
0.125935
1.39926
0.0641468
0.0680908
0.774299
1.01377
0.120108
0.00810023
0.0429192
2.99072
0.183463
0.754986
0.0239365
0.131523
0.0886164
1.16904
1.24168
1.0972
1.39095
0.0419251
0.703185
1.13658
0.059551
0.00518588
0.877584
2.04196
0.0867421
0.75604
1.12309
0.0929972
0.667742
0.0614766
0.0542059
0.222484
0.906071
0.114445
0.0715951
0.0403411
0.178267
0.877022
0.0525051
1.58609
0.726453
0.107674
0.139354
0.61651
2.37889
0.13135
0.0421254
0.525771
0.108449
3.99646
0.102077
0.149084
2.60923
0.076253
0.0644347
1.03368
0.0879794
0.0593907
0.0939619
0.120036
3.14659
0.569795
0.0116366
0.136688
0.116286
0.107114
0.111303
3.40916
0.0666448
0.0725228
0.11823
0.0117741
0.481177
3.96887
0.0336311
0.879123
4.07094
0.119662
0.163566
0.112271
0.0767206
0.130982
1.50231
3.49651
0.890228
1.36157
0.139814
3.41748
4.12109
0.14797
1.29716
1.27067
1.28214
0.789048
3.01574
0.168501
0.766631
0.0403567
1.42497
0.0578757
0.0433642
0.0864631
0.0185561
4.10948
1.95729
0.891354
0.672956
0.453136
0.430509
0.330339
0.0474917
0.0669841
3.06387
1.19286
3.37976
0.084666
0.0737845
0.000745557
2.59585
0.615051
0.703376
0.122653
3.86028
1.23999
2.72096
0.0817865
0.11481
1.17079
0.100552
0.178565
0.0919585
0.0844299
0.0992241
3.29366
2.16254
0.312544
0.189817
1.42041
0.182762
2.09148
0.121626
0.0723227
0.00209635
0.0928884
0.060219
0.0536674
0.037949
1.09412
0.10126
0.184241
0.571189
0.0729408
1.92811
0.0804182
0.177819
0.284586
0.734819
0.908706
0.0571824
2.60123
0.100459
0.0722909
0.0403265
0.0774872
3.52678
0.923824
0.0819695
0.946875
0.120144
3.63512
0.581718
1.14851
0.103685
2.3102
3.80507
0.115057
0.431196
6.46205
0.643284
0.0596465
0.255196
0.0399945
0.123548
0.0634582
0.595071
0.0814663
0.702903
2.00984
0.0530538
0.0955921
0.108276
0.166011
0.04326
0.104529
0.335847
2.74127
0.0936367
0.381254
0.0881011
0.0480844
0.281613
1.60181
0.0450394
1.59422
0.217834
0.127062
2.56654
0.0967319
3.04449
0.0404649
1.15478
0.746704
0.0535667
0.0724956
0.120367
0.0718758
0.0192652
0.682169
0.071373
3.33763
0.044228
0.0959023
0.982497
4.04159
0.183915
0.0831633
0.191345
0.597523
2.28831
1.25649
0.066811
1.03835
0.125348
0.0625166
0.121317
0.583115
0.755825
0.0396253
0.0957449
1.14402
0.114512
0.109417
2.67946
0.148786
1.14767
3.37611
0.108417
0.108527
0.542885
2.60736
0.0155213
0.381851
0.0958267
0.0585299
0.710172
0.185785
0.608712
0.0846735
0.0788908
0.102081
0.238303
0.0811435
0.0480755
0.0710989
0.0466086
0.963099
2.81412
0.080164
0.848204
2.62394
0.0627599
1.41909
0.221002
0.171022
1.99218
2.792
1.54958
2.70287
0.0405976
0.00652979
0.0108044
0.176274
0.110259
0.0730135
0.617714
0.0724751
0.0757126
0.595553
0.0871275
0.0560462
0.22055
0.0829298
1.10471
1.07349
0.0905512
1.13371
0.691241
0.647149
0.0822218
0.0594627
0.575132
2.16585
0.0807453
0.156783
0.771971
0.0587043
0.108634
0.296248
0.0812637
0.150944
0.603356
1.13257
0.0723925
0.126287
0.110539
2.78873
0.299213
0.0827932
0.137404
0.906573
0.0519651
0.0347038
0.0593132
0.692162
3.02934
3.32443
0.246131
1.49838
3.89958
0.0883331
2.62819
0.0712705
0.070879
1.52516
1.11956
0.0531455
0.0253009
2.12722
0.581165
0.0655581
2.56761
0.540616
0.0961498
0.00563138
1.22476
0.193872
2.23301
1.17255
1.04542
0.10166
0.805408
0.204267
0.588893
2.09168
0.26797
0.0807919
0.106423
0.104129
0.224036
0.0794734
1.63784
0.834229
5.66555
0.526717
0.315907
2.77955
0.524167
0.727568
0.0817357
0.549517
0.978977
3.22648
0.0667744
0.576205
0.723457
0.0420333
2.55564
0.546757
0.0756663
0.0800211
0.983506
2.67632
0.172688
2.65448
0.0638214
3.28437
0.111901
1.57001
1.09202
0.830507
0.644241
3.75258
1.33534
3.35152
1.62968
0.589843
6.78101e-05
2.06091
0.597417
1.45821
0.00171588
0.0495188
0.249485
0.0637028
0.06154
4.09387
0.105739
0.0445782
2.50445
0.0546162
4.07664
2.45964
2.99109
0.0505381
2.32525
0.888581
0.132969
2.03203
0.607037
0.0914563
0.518251
0.089604
2.66763
0.422566
0.0722228
0.0794955
0.0383131
2.08671
3.04807
0.0875562
0.932163
0.0783631
0.767832
0.551071
0.0050956
0.153889
0.104641
1.13866
0.0928595
0.107538
0.136135
0.877293
2.79101
0.0637365
0.0809257
0.00119768
0.104978
0.113727
0.0661
0.105083
0.0968418
0.191766
0.0547326
1.16927
0.0950487
0.661816
1.17686
0.0751608
0.0503449
1.23137
2.68368
0.0981776
0.0790862
0.000494454
0.127732
1.17793
1.39798
4.05673
0.508197
0.629661
1.4286
0.00747091
3.28827
0.0589552
0.100247
1.3212
0.143685
1.59119
0.0737251
0.133171
0.0751307
1.62144
2.68714
0.0203081
0.114195
0.106299
0.110678
1.18835
0.0222071
2.61522
2.74199
2.67648
0.0842519
0.0815266
0.681153
0.223121
0.593804
2.48868
1.16882
2.27001
0.0695415
1.11172
0.0134222
1.98674
3.31307
1.2935
0.918976
0.995703
0.121165
0.0808891
0.936412
0.00975037
1.14105
0.120233
2.2817
0.402243
0.0736666
2.24084
3.13825
4.05432
0.0663493
0.918617
1.51599
0.130193
4.11873
2.22398
0.0737422
0.28148
0.538761
0.592226
0.285283
3.23861
1.56865
1.29878
3.4909
0.269694
0.369806
2.57927
0.13122
0.816709
0.225247
0.0491256
2.63537
3.56837
0.115162
0.0717651
3.45476
0.956951
0.10024
0.0905335
0.973968
1.11991
0.0572936
0.0785794
2.70069
0.0629827
0.192977
0.14382
0.148407
0.0817339
0.170909
0.101531
0.121082
2.73041
5.37876e-05
0.064346
0.0416812
1.5919
3.40084
0.265431
4.02104
1.25371
0.0945815
0.0721428
0.0894441
0.0342037
1.06521
2.41487
1.14621
0.111593
0.122482
0.0823554
0.0775239
1.05517
0.000650713
0.0829849
0.669247
3.58853
0.0253974
3.8766
2.63986
0.894998
0.0904998
2.5207
0.105385
0.314559
3.41729
0.813507
0.0956527
0.0224824
0.0996796
1.74303
0.186945
0.122595
3.10371
0.121159
0.131328
0.113078
0.856289
3.52331
0.145057
0.831657
1.17186
0.525195
0.509373
0.0720643
1.27742
0.0713969
0.17646
0.000446273
0.755
0.065675
0.0241
0.732838
1.95648
3.16197
0.109729
0.707831
0.552519
0.101893
0.1109
0.140489
0.061343
3.81272
0.0813302
0.143927
0.0845315
1.40674
0.095954
0.0197506
0.0938954
1.09328
0.138687
0.193217
0.0998044
0.00256558
0.118193
0.00501951
0.00661569
1.14141
1.5833
0.180516
3.5264
0.0520568
0.377124
0.0339736
0.830127
2.09816
0.540943
1.01291
0.000891138
0.975674
1.23271
0.0447182
0.159475
3.55625
4.01482
3.53372
4.00358
0.078648
1.03612
1.07336
0.178121
2.69398
0.122282
0.0783759
0.752664
1.9261
0.112733
0.723315
0.104057
1.09799
0.0229284
0.14645
3.49232
0.536448
0.0347986
0.722875
3.4997
0.858638
2.42078
4.10854e-06
0.0912923
2.71331
0.0692742
0.162312
0.176758
1.06717
0.198684
0.125792
3.72906
0.124325
0.0423883
1.1262
0.0888884
1.07321
0.018036
0.889864
0.0764788
0.407166
0.0526934
0.056979
0.121663
0.177601
0.0627215
0.00340812
2.20584
2.71107
0.0956273
0.0165521
0.550995
0.713072
0.193592
0.103538
0.0927514
1.21799
0.045822
0.328583
0.16061
3.9457
1.16691
0.555889
0.0348879
0.0410505
1.09256
0.110587
0.0712232
1.34539
0.634202
1.59252
0.140822
0.0790014
0.853795
0.167504
1.10996
0.00362416
0.129107
0.908669
3.19399
3.60076
0.109559
0.125435
0.071506
0.0800707
0.113454
3.13777
0.766062
2.60942
3.87145
0.738397
0.127226
3.47576
0.171634
0.172253
0.535596
0.072153
0.0300617
0.362417
0.147951
4.57599
0.0633982
0.0796302
3.52513
0.174699
0.0750387
0.10344
0.109708
0.735637
0.0428094
2.20361
0.0394271
1.60587
0.0854611
0.0726277
0.0943119
2.28174
1.9914
0.0361405
1.63458
3.55871
0.129161
0.555422
2.37234
0.631492
0.499026
2.86367
0.0385456
0.909549
2.09886
1.27847
0.161098
2.29471
0.0152689
1.03712
0.0447213
2.42556
0.0563037
0.169818
1.41035
0.0827893
0.0711815
0.133443
0.016361
0.165948
0.0389413
0.075038
0.501351
0.0508825
0.742789
0.219304
0.100258
0.0037057
1.03519
1.64359
0.0979029
3.55981
0.0587575
3.35676
0.185016
0.0971669
2.75363
0.0999097
0.110199
0.503748
0.0519423
0.0819577
0.0248528
0.0797294
0.0492623
0.535229
0.645702
0.000876106
2.67252
0.475244
0.764918
0.116849
0.036896
2.24635
1.48084
0.0930038
0.144326
0.427498
1.57672
0.0698177
2.71454
0.0665615
0.563471
1.94806
0.130198
2.22962
0.0408008
1.58523
0.0772458
0.0812702
0.0719803
0.0798658
0.119783
0.0960057
1.5709
0.261145
3.71988
0.116936
0.0851462
2.74097
0.0788174
0.00371876
0.16631
0.0637058
0.205691
0.00283336
1.02005
1.12742
2.76763
0.112076
0.609679
0.537376
0.0475068
0.0795622
0.108926
2.3839
0.567902
0.185514
0.0985837
0.896116
0.12243
3.69215
0.795625
0.0997411
0.101224
0.163091
3.6022
3.0337
1.69939
0.072984
0.503189
0.0832577
4.0142
0.909113
0.0966313
0.0717962
0.664398
0.804773
2.40704
0.877362
0.107809
0.785875
1.08934
1.63433
1.05956
0.109696
2.33131
0.559621
0.100438
3.32464
0.0841791
0.0757624
0.0959997
0.063545
0.195179
0.0625873
3.5604
3.13462
0.0526576
3.27486
0.184155
0.061725
0.0428619
0.2274
0.118979
0.0888713
0.128859
0.0747339
0.11376
0.102226
0.0875959
0.0709967
0.0605817
1.28323
0.652327
0.0831764
0.0586126
1.13894
0.0633906
3.52125
3.69653
0.0944225
0.155964
2.68389
1.5021
0.0507001
2.6055
2.90446
2.77988
0.0839098
0.138287
0.11217
0.895014
0.103141
0.0769584
3.29134
2.33247
3.54768
0.67356
0.076833
0.00534084
0.0490211
0.610772
1.29515
0.784133
0.0391464
0.637561
0.0596053
0.259948
3.65486
0.994518
3.82032
0.0206911
2.23445
3.44704
1.06668
1.13213
0.101015
0.145053
0.12976
0.532764
0.0455064
0.0588836
1.28542
0.577358
1.07386
0.116689
0.0432592
3.02606
0.348134
1.14141
0.558353
0.11087
0.132816
0.102754
1.58884
0.0727885
0.0597867
0.180177
0.0793463
0.0672325
0.136578
0.0388045
0.117581
0.0783196
0.0810636
0.085861
2.66414
0.0771356
0.0981366
0.174516
1.2577
0.0756857
0.06416
0.129543
0.114759
0.402943
0.083362
1.11743
3.14626
2.71
0.169063
0.0101664
0.0627509
0.399385
0.234192
3.25585
3.27278
0.0504218
1.04154
0.00152908
0.0610511
0.00563731
2.81177
3.2073
0.0920411
0.125327
0.0909604
0.0606792
7.91822e-05
2.20904
0.245113
0.653508
0.137254
1.6376
0.0475251
0.0376405
3.01342
0.516492
0.033784
1.05428
2.70183
0.153321
0.156789
0.0767782
1.03873
0.0810874
2.15973
0.0451239
0.765819
1.99423
0.140514
2.5785
2.82239
1.33958
2.27226
1.22497
0.146015
2.38628
0.0811454
0.0781176
0.541417
1.96968
0.647306
0.0719743
0.0713784
1.92861
0.684851
1.09416
0.0827346
1.55161
0.819683
0.0855504
1.48753
0.109454
0.573225
2.18693
0.617137
0.096025
2.5191
0.598068
3.62208
0.0645577
0.0368509
0.118018
0.0751677
1.16389
0.0785711
1.02241
0.142831
0.583972
0.0746136
0.11787
1.3516
1.4477
2.20822
0.125538
4.26107
0.0524563
0.0618818
0.105111
0.0798219
0.0736017
1.51893
3.55389
0.083226
1.04029
0.102325
0.00077781
0.0767998
0.0837953
2.18823
0.722097
0.183114
0.129577
0.174313
0.121722
3.90064
0.582959
0.139301
0.0393046
1.07513
3.27325
0.117784
0.072453
2.03975
1.38963
0.184429
0.0595928
1.25304
0.0923976
0.113167
0.12784
0.0728749
0.424272
0.897493
0.924791
0.616163
1.01204
0.127808
2.15113
0.578537
0.0464814
0.0962878
0.722082
3.63953
2.02259
0.838885
1.52691
0.113049
0.115829
0.397885
0.13234
0.00147695
0.0568172
2.11244
0.585369
1.39178
0.178339
0.612517
0.0714102
0.405933
0.0949265
2.16156
0.0977947
0.593794
2.07996
1.91233
0.710713
0.0677505
2.75626
0.0365873
0.0732601
0.0999233
0.761313
2.84076
1.22001
0.0782526
3.46984
2.04951
0.602878
0.0734166
1.02546
0.348391
0.733509
0.121474
0.0479917
4.06973
1.88126
0.767878
0.115162
0.0817288
0.296109
3.21133
0.0763339
0.0836714
0.122511
0.153807
3.31891
0.944754
0.122537
0.0712468
0.0604796
0.176671
2.20718
0.180598
0.0712213
0.175318
0.0488906
1.96428
0.821945
0.0653007
0.597075
2.25446
2.69459
0.648942
2.00647
2.99422
3.49385
0.0748843
0.0732092
0.113703
0.0552509
0.624983
2.68087
0.0820236
0.148649
2.97605
0.91575
0.124242
1.0712
1.99419
0.075588
4.11359
0.118052
0.079364
0.0520934
2.12549
0.370243
0.536157
0.0732707
0.080728
0.182332
0.173859
0.119704
0.399606
3.04853
2.36474
0.54478
0.593176
0.0738658
0.0634781
0.0596564
0.653416
0.31212
0.186098
4.02812
0.0741192
0.293365
0.0727729
0.0728842
0.0772744
0.0712692
3.51727
0.565126
0.121648
2.27202
0.0804908
0.886194
2.05294
0.015158
0.00964722
3.33489
0.0460396
0.0533466
0.117172
0.167923
0.116269
0.0448147
2.63878
0.362719
0.0925587
0.0823056
0.0711135
1.02317
1.95794
0.283519
0.0479737
0.0511643
0.0491863
0.118624
0.0724116
0.117896
1.98661
0.640424
4.08931
1.07422
0.0753919
1.94246
1.96314
2.12814
0.675921
0.656884
0.60274
0.0721834
0.116985
0.846587
0.0731576
0.369584
0.0722727
0.116892
0.153842
0.889623
1.98759
0.326388
1.92436
0.6993
0.116296
0.404816
0.120177
0.0730999
0.339643
0.398308
0.667832
1.05216
0.0723872
1.89227
0.930743
1.87025
1.902
0.568529
1.86696
1.87134
1.87839
1.88702
0.74549
0.792947
0.859639
0.821033
0.895601
0.691591
0.429475
2.0348
)
;

boundaryField
{
    back
    {
        type            empty;
    }
    front
    {
        type            empty;
    }
    outlet
    {
        type            zeroGradient;
    }
    circle
    {
        type            fixedValue;
        value           uniform 1e-12;
    }
    walls
    {
        type            fixedValue;
        value           uniform 1e-12;
    }
    inlet
    {
        type            fixedValue;
        value           uniform 1e-12;
    }
}


// ************************************************************************* //
