/*--------------------------------*- C++ -*----------------------------------*\
  =========                 |
  \\      /  F ield         | OpenFOAM: The Open Source CFD Toolbox
   \\    /   O peration     | Website:  https://openfoam.org
    \\  /    A nd           | Version:  10
     \\/     M anipulation  |
\*---------------------------------------------------------------------------*/
FoamFile
{
    format      ascii;
    class       volScalarField;
    location    "1200";
    object      p;
}
// * * * * * * * * * * * * * * * * * * * * * * * * * * * * * * * * * * * * * //

dimensions      [0 2 -2 0 0 0 0];

internalField   nonuniform List<scalar> 
10435
(
0.00106364
-0.448528
-11.4207
-2.638
-7.07711
-11.1505
-11.553
-11.3904
-11.3043
-11.0045
-1.8913
-6.75716
-11.143
1.02915
1.06413
-10.9932
0.920746
-11.0605
-11.4011
-0.36214
-11.68
-2.73992
-11.0966
-9.12281
-10.9763
0.203579
-0.0214555
-11.4627
-0.417894
-11.1581
-9.9264
-2.76008
-11.6989
0.276738
-10.5007
0.808946
-10.385
-1.2908
0.774369
-10.1039
-11.6807
-11.6675
1.21301
-1.28776
-10.2214
-10.1238
-11.2578
0.648939
-11.4195
-3.13388
-11.3692
-10.0349
0.304946
-0.582771
1.13095
-0.660211
-9.94055
-0.243736
0.483772
-10.1096
0.461374
0.0832289
0.0118974
-9.23089
-10.6798
-11.3457
0.363079
0.21764
-11.7519
-8.58558
0.159191
-0.441323
1.60696
-11.0893
0.961936
1.49674
-7.34123
-11.8148
-11.8752
0.866475
-4.88051
0.0794391
0.497171
-0.113859
-5.81107
0.881765
0.50028
-1.16774
1.17907
0.194121
-1.83077
-2.54867
-0.255842
0.927581
-0.170262
1.05554
-3.66711
1.28243
1.03955
-4.72006
0.791587
-8.74215
0.75118
-0.628614
-9.55505
-1.9204
-0.646204
-3.95851
-6.96794
0.794075
-2.37713
-7.68227
0.378965
0.55048
-3.41331
-2.00391
-5.52438
0.63677
-1.12211
-5.27298
-6.0998
1.61029
0.334007
1.58086
-4.16068
0.36403
-4.44897
1.6708
-6.15588
-0.918273
1.72061
-3.01597
-11.0511
0.928246
-0.217162
1.48958
1.36633
-3.47685
-0.529623
-1.37186
-0.830308
-10.1363
0.641909
-8.23562
-3.5475
1.40628
1.56149
-9.99311
1.11009
-8.54085
0.563509
-9.89076
0.0673341
-8.78273
-10.6445
0.476767
-5.37568
-0.0451977
-10.8973
-1.07045
-9.35835
0.939003
-2.70777
-6.22309
0.992199
-7.24375
-11.3973
-5.21929
-7.99617
-8.51882
-10.8036
1.03299
-1.29822
1.37898
-8.27269
-0.263855
0.492882
0.724687
-1.70366
0.170683
-1.10647
-10.7276
-7.49832
0.262376
-10.206
1.25295
1.09212
-11.7069
-7.98123
-9.32932
-6.76097
0.657714
0.245275
1.12535
-6.5615
-11.7538
1.32089
1.069
0.780334
-10.7795
1.22209
0.885556
-11.3419
0.0648192
-11.4065
-4.50415
-1.85815
-4.3327
-0.201857
-4.44736
0.980719
-11.0946
-7.43962
-6.83334
0.34837
1.17885
0.69963
0.868395
-1.61442
0.894264
0.0498954
0.515518
0.59564
1.43876
0.0799944
-10.961
-1.24298
1.19126
-9.98979
1.43156
0.588444
-11.1381
-1.34253
-9.46917
-0.884888
0.849856
-9.81443
-0.720263
-8.92683
-10.5517
-0.756591
0.419623
0.890955
-0.586406
-3.73121
-11.6659
1.2796
-11.9426
-3.30159
0.350947
-3.54787
0.801553
-11.3973
-5.34398
-12.1482
-7.69561
-4.85855
-12.2123
0.476939
0.208301
-12.2609
-10.4814
-0.280549
-7.32577
0.575004
0.973971
-0.299369
-10.8079
0.840315
-5.31343
-11.9803
-12.985
-12.8043
-11.0217
-2.0123
-6.1022
0.182123
-5.92239
-11.5593
-12.8277
-11.4088
0.917632
-11.843
1.00764
0.642569
1.0255
-9.03785
-0.934299
0.0158104
-0.186396
1.53439
-1.9922
-0.369455
-12.7694
-0.601581
-4.55764
1.323
0.312521
-4.77345
-10.694
0.528506
-8.21344
-11.7857
-4.11111
-3.78651
1.19259
1.2754
-8.9505
-10.893
0.0917573
-1.14896
-0.304645
0.78398
-9.34264
-10.7492
-5.12259
0.831687
-9.52041
0.401937
-6.02494
-10.3764
-1.14087
0.384629
0.904975
-12.4302
-11.3327
-2.88164
-11.6946
0.6085
-0.325179
-10.8699
-0.168743
0.13445
-11.5568
-8.83117
-0.0949037
-0.0680128
-1.48292
0.513302
-1.30851
-3.76908
0.365285
0.680933
-3.46172
-4.92425
-0.246103
0.0491131
1.18418
1.04748
-11.9469
0.312576
-11.1612
-3.42861
-11.5779
-13.0599
-12.9057
-11.382
-11.0109
-0.580507
0.171231
-1.40214
0.695021
-0.874885
0.553115
-0.987886
-4.2348
-0.180551
-7.53631
0.154591
-11.8185
0.636658
-4.75752
-11.0593
-13.2347
0.999259
-5.55303
-1.13017
-0.585466
0.0954955
-0.0968183
-7.3683
-0.617867
-12.3338
0.260905
-12.039
-12.8267
-11.4585
-11.3151
-13.0221
-11.5903
-10.7073
1.54972
0.82689
-0.233138
0.587174
-11.6076
-0.105043
-11.4023
-5.34477
-0.352027
-6.75413
0.640951
0.279761
-11.2868
-1.50846
-12.1074
-8.69559
1.00798
-0.0446131
-3.4842
-10.601
-3.74188
0.198561
-0.179517
-0.757801
0.60025
-0.0145585
-11.4719
-2.85429
-0.699652
-0.457525
0.903165
-11.2827
1.2085
1.37892
-11.5662
0.474729
31.7534
11.3715
17.3502
12.7525
14.0307
12.3567
12.1769
11.4208
9.56702
26.4554
9.54594
14.0802
10.9265
11.7354
10.67
10.497
9.8946
9.35338
21.0823
7.40338
11.3411
9.29485
9.83332
9.15093
8.97421
8.5085
7.96876
16.5994
5.66444
8.90488
7.65743
8.06335
7.68003
7.56616
7.26419
6.85346
12.477
4.35774
6.85615
6.19884
6.52503
6.34818
6.30882
6.16371
5.86595
8.76634
3.52346
5.22852
4.99959
5.25495
5.21171
5.22539
5.17262
5.03663
5.74057
3.29937
4.04997
4.09149
4.2693
4.30583
4.3551
4.36936
4.34356
3.54306
3.43144
3.25125
3.4404
3.54602
3.62541
3.69441
3.75392
3.66615
2.06359
3.32494
2.6687
2.96949
3.03737
3.14088
3.21986
3.29043
3.32289
1.11141
2.85476
2.23106
2.63
2.69554
2.81361
2.89958
2.98051
3.02461
0.54074
2.35726
1.96432
2.40816
2.48178
2.60241
2.68977
2.77246
2.85651
0.40641
2.16103
1.89578
2.29219
2.35994
2.46729
2.54507
2.61275
2.75188
0.636634
2.22694
1.97703
2.249
2.29462
2.37927
2.4451
2.51402
2.58508
0.849501
2.33859
2.07971
2.22674
2.24945
2.31129
2.36699
2.43523
2.47786
0.960693
2.40678
2.14996
2.19596
2.20194
2.24506
2.29271
2.35289
2.40799
1.06375
2.40244
2.16904
2.14224
2.14066
2.17197
2.21525
2.26874
2.33849
1.05662
2.24442
2.10289
2.0528
2.05827
2.08679
2.12948
2.17644
2.27697
0.942618
1.94605
1.95585
1.92979
1.95547
1.99019
2.03732
2.08767
2.17925
0.859657
1.64624
1.78492
1.79194
1.839
1.88255
1.9334
1.98698
2.05272
0.827488
1.4186
1.61812
1.65273
1.71627
1.76956
1.82555
1.88516
1.95798
0.749661
1.24825
1.4551
1.51705
1.59057
1.65205
1.71148
1.77801
1.8253
0.57407
1.14545
1.29526
1.38619
1.46251
1.53016
1.59263
1.66908
1.64162
0.243854
1.15159
1.15411
1.2746
1.34766
1.41702
1.48006
1.5569
1.50803
-0.177653
1.20105
0.943156
1.08918
1.16536
1.24687
1.33517
1.44029
1.37489
-0.299766
1.56235
1.15356
1.28028
1.31641
1.31449
1.36144
1.45454
0.823128
12.5372
12.5924
12.9218
13.409
13.9704
14.6236
15.3595
16.1748
17.0603
18.001
18.9836
19.9906
20.9955
21.9845
22.9361
23.823
24.6327
25.3463
25.9479
26.4318
26.8277
27.2975
27.6808
27.4593
26.9984
26.9857
27.545
28.4095
29.0747
29.7019
30.4727
31.0129
31.2121
31.2275
31.1391
30.9587
30.7021
30.4258
30.1505
29.9292
29.797
29.7876
29.9229
30.2638
30.7514
31.2435
31.7736
32.3853
32.977
33.5469
34.1626
34.78
35.3663
35.7997
35.8996
35.753
35.4224
34.9636
34.7635
1.99207
1.5688
1.27256
0.987906
0.734683
0.519398
0.308588
0.0769178
-0.136029
-0.296879
-0.406078
-0.460543
-0.457819
-0.3977
-0.280031
-0.1053
0.126576
0.418534
0.777745
1.21535
1.74893
2.40702
3.17706
4.10999
4.96366
5.38682
5.38338
4.86829
4.14123
3.56908
3.16595
2.88149
2.66693
2.5036
2.38116
2.28885
2.22301
2.18519
2.17614
2.19583
2.24223
2.31012
2.39292
2.48804
2.59749
2.65017
2.60205
2.49361
2.41548
2.41205
2.48732
2.73923
3.25913
4.034
4.89326
5.75214
6.68319
7.67279
8.95197
6.21286
6.35078
6.46018
6.61
6.78585
6.9855
7.2068
7.45171
7.72255
8.01755
8.33522
8.67316
9.02903
9.39912
9.78079
10.1712
10.5676
10.9687
11.3746
11.785
12.2008
12.62
13.0252
13.386
13.6625
13.8643
14.0034
14.0588
14.0058
13.9329
13.8632
13.7917
13.7136
13.636
13.5645
13.504
13.4598
13.4383
13.4453
13.4863
13.5664
13.6883
13.856
14.0707
14.334
14.6427
14.998
15.3964
15.882
16.4358
16.933
17.3879
17.8729
18.3548
18.7763
19.1216
19.386
19.6178
19.6385
3.0443
2.89266
2.81248
2.75341
2.71328
2.69535
2.69949
2.72639
2.77805
2.85652
2.96406
3.10259
3.27327
3.47727
3.71448
3.98423
4.28509
4.61424
4.96884
5.34415
5.73446
6.13113
6.52116
6.88678
7.2016
7.44245
7.59751
7.66499
7.65788
7.60379
7.51863
7.41065
7.28502
7.14579
6.99561
6.83746
6.67406
6.50879
6.34672
6.19294
6.05439
5.93815
5.85393
5.81133
5.82226
5.8967
6.04575
6.27872
6.59164
7.01704
7.57768
8.20067
8.81052
9.40785
10.0257
10.6574
11.2558
11.8326
12.4555
4.32761
4.37719
4.43218
4.51435
4.61532
4.734
4.86932
5.02059
5.18681
5.36678
5.55986
5.76525
5.98176
6.20914
6.44621
6.69224
6.94627
7.20639
7.47156
7.73931
8.00649
8.26836
8.51844
8.74964
8.9527
9.12218
9.25347
9.3457
9.40036
9.42431
9.42414
9.40341
9.36742
9.32106
9.26707
9.21145
9.15764
9.10846
9.07191
9.05298
9.05799
9.09364
9.16749
9.28686
9.45983
9.69179
9.98776
10.3486
10.7658
11.2494
11.825
12.4363
13.0033
13.5092
13.9712
14.385
14.7295
15.043
15.2303
3.22995
3.16398
3.13963
3.13798
3.15475
3.19156
3.24917
3.32778
3.42784
3.54886
3.69204
3.85688
4.04338
4.25074
4.4775
4.72182
4.98149
5.25079
5.52959
5.81359
6.09894
6.37822
6.64465
6.89352
7.11182
7.29886
7.44624
7.55659
7.62897
7.66564
7.67276
7.64781
7.59855
7.53068
7.44046
7.34048
7.22959
7.10265
6.97913
6.86172
6.75938
6.68088
6.63608
6.63578
6.6927
6.81099
7.00228
7.26759
7.60846
8.02117
8.50018
9.0242
9.57961
10.1463
10.6848
11.1838
11.6432
12.0816
12.499
3.50466
3.50343
3.52339
3.56708
3.62786
3.706
3.79965
3.91005
4.03598
4.17448
4.32678
4.49109
4.66881
4.85764
5.05555
5.26225
5.48053
5.69547
5.91822
6.14098
6.36694
6.58482
6.79139
6.99372
7.16325
7.32029
7.44321
7.54773
7.62619
7.67598
7.71229
7.71186
7.69373
7.67078
7.61546
7.56903
7.51844
7.4342
7.37894
7.33067
7.30134
7.29713
7.32458
7.39322
7.52229
7.69578
7.94082
8.24328
8.60853
9.02916
9.49311
9.98226
10.4843
10.9863
11.4476
11.8513
12.1983
12.5176
12.7712
3.23412
3.17656
3.14829
3.14997
3.16248
3.20402
3.25325
3.34253
3.44585
3.53463
3.66945
3.81184
3.98001
4.1708
4.36825
4.59262
4.83597
5.01423
5.22763
5.45084
5.69687
5.92112
6.12333
6.35776
6.50363
6.67095
6.77039
6.8761
6.95514
7.0037
7.06254
7.04063
7.01597
7.01764
6.91337
6.89713
6.90936
6.71245
6.60428
6.49816
6.41421
6.35052
6.3121
6.31191
6.45026
6.54424
6.78759
7.02162
7.28619
7.63095
8.05727
8.55379
9.03369
9.51927
10.0101
10.4899
10.9211
11.3732
11.7248
3.13684
3.16022
3.15928
3.21337
3.26418
3.34894
3.41285
3.46887
3.58441
3.78039
3.82676
3.96944
4.16433
4.30485
4.52454
4.60323
4.8462
5.03314
5.24391
5.39125
5.60687
5.76935
5.93216
6.14877
6.23846
6.39674
6.45752
6.55648
6.68392
6.62177
6.79852
6.76486
6.6707
6.72512
6.59335
6.64726
6.48617
6.24551
6.35485
6.26065
6.20493
6.20789
6.13827
6.15288
6.25235
6.29393
6.45938
6.6129
7.00651
7.37238
7.72197
8.10618
8.51615
9.03359
9.50599
9.88349
10.2651
10.0905
10.5595
-4.6035
-4.56789
-4.19059
-3.67908
-3.06102
-2.44846
-1.93445
-1.44573
-0.945757
-0.525828
-0.195233
0.13467
0.43125
0.696788
1.10542
1.70511
2.36607
3.0549
3.82676
4.71375
5.72208
6.8666
8.22309
9.96447
11.5753
0.733123
0.808348
0.681101
0.532981
0.514228
0.657425
0.871687
1.11017
1.32815
1.39557
1.29011
1.12345
0.96621
0.873398
0.946148
1.18861
1.42888
1.52601
1.58539
1.75982
2.03083
2.34186
2.6676
3.03191
3.14394
-0.373092
-0.313448
-0.22322
-0.114842
0.057088
0.282509
0.517358
0.73598
0.916566
1.01066
1.01669
0.983226
0.944636
0.936112
1.01344
1.1897
1.4205
1.67178
1.9661
2.33475
2.7792
3.29753
3.89408
4.57515
5.43015
0.0674285
0.101693
0.197359
0.290346
0.411355
0.554602
0.704609
0.844893
0.962284
1.03961
1.07729
1.09441
1.10943
1.14042
1.20806
1.31838
1.4598
1.62239
1.81202
2.0365
2.29203
2.56667
2.84282
3.08165
3.333
0.132539
0.162089
0.262107
0.360597
0.479907
0.607699
0.737447
0.855937
0.956581
1.03193
1.08278
1.11982
1.15519
1.20016
1.26803
1.36572
1.49327
1.64995
1.83929
2.06431
2.32704
2.62791
2.97349
3.35996
3.89338
0.247054
0.29033
0.391257
0.481567
0.590047
0.69808
0.808772
0.907995
0.994796
1.06543
1.1191
1.16335
1.20718
1.25612
1.31973
1.4037
1.51065
1.64215
1.79962
1.9819
2.18934
2.4165
2.66232
2.90523
3.22641
0.385047
0.377945
0.487592
0.565987
0.668451
0.761923
0.86327
0.950412
1.02934
1.09748
1.15014
1.1954
1.24275
1.29203
1.3529
1.43045
1.52812
1.64926
1.79538
1.96339
2.15896
2.3767
2.62633
2.90412
3.29308
0.517004
0.444127
0.575906
0.639702
0.741645
0.822892
0.922423
0.998982
1.06996
1.13605
1.18364
1.22518
1.27645
1.3254
1.38335
1.45612
1.5461
1.65704
1.78969
1.93939
2.12061
2.3178
2.56321
2.83549
3.17249
0.513518
0.486119
0.673179
0.711644
0.809857
0.860131
0.960961
1.02133
1.1073
1.17108
1.22015
1.25113
1.29344
1.33375
1.39173
1.45742
1.53942
1.6426
1.79254
1.93843
2.0988
2.29314
2.49977
2.60977
2.81297
-11.855
-11.6315
2.11611
5.58468
1.59492
1.51026
-2.73811
2.06386
0.979016
6.30978
-11.8857
2.0593
-13.2751
0.80991
-7.33322
3.44786
-6.67414
5.55587
6.49455
-14.622
-16.3171
3.92236
-11.2242
3.50466
2.02502
2.86265
1.99134
0.985705
-10.4412
-9.37651
6.49305
3.4328
-13.9187
-11.5515
-9.95982
1.89566
-3.94498
-7.08998
-5.88119
4.07331
-12.8549
3.99954
3.30639
0.855404
2.04884
5.3924
-11.4806
-9.61649
-9.74265
-13.0395
-11.4641
-11.9507
-15.2432
5.6075
-2.55277
1.17655
0.790581
-16.0132
1.28066
-8.58444
2.10735
2.89585
1.61053
3.51402
2.02095
0.809117
3.16506
3.5302
-11.0513
-11.7662
0.567638
4.51644
1.69455
-13.9977
1.63463
-17.1447
-13.2126
-11.5554
0.945961
5.70112
-11.423
2.29562
2.33109
-8.43934
1.76132
2.17022
1.66837
-11.7473
-14.0807
2.51975
2.88324
2.50607
5.42591
2.1134
1.59711
-11.7412
2.75394
-11.17
3.91789
-8.70264
1.27309
-13.3289
1.24086
3.97184
1.35366
1.24399
-11.2327
-13.1627
2.68747
-8.82169
3.341
2.36561
-9.86913
3.87606
-15.8545
-9.65267
-13.0021
4.39227
-13.704
2.54913
3.09812
2.28004
3.68216
2.12672
-13.72
3.32358
-12.1809
-15.4335
0.659754
-9.9116
2.47222
-14.137
-11.3581
-8.93363
0.746589
1.68392
2.12079
1.38153
2.35676
-14.1002
2.58857
-4.76543
-9.2528
3.13214
-10.1315
3.02695
5.09733
-14.8843
2.25212
-10.0836
-0.562732
0.319128
4.98409
-7.51273
1.97183
-9.60923
1.56975
4.18955
-11.2645
4.73346
3.54508
0.597665
2.72487
-11.1999
4.03428
-8.31191
0.739974
1.82236
4.44663
1.55923
0.807201
3.64317
3.30971
-8.61973
2.76108
0.977346
-13.5173
-10.9244
-9.15976
4.55865
-11.0552
3.81785
-14.5634
-10.9538
1.31637
4.47685
-8.70352
2.63808
-13.7826
2.76513
-9.35746
-9.41776
-2.18104
-3.83828
-7.7666
-13.8239
1.65779
3.81092
-9.81241
-10.5006
-11.3132
4.13936
2.46608
2.56369
-0.303647
4.65811
3.58462
1.31001
-10.4431
4.21222
1.34137
2.19067
-11.0847
-0.456537
-0.649552
-12.5976
1.5081
4.63856
6.52472
2.00038
1.22846
4.04623
2.04946
3.03099
5.6128
-12.8615
2.91273
-6.36213
2.66993
1.66049
-9.30149
2.02032
3.63533
2.53937
-5.45669
5.17228
-11.1028
1.03786
-11.2785
-7.02306
5.27821
2.01528
4.16166
0.92911
1.67945
1.89304
3.28197
1.33642
3.17942
4.19811
2.72526
1.02953
3.89752
-10.2866
3.10971
1.64683
-9.74192
-12.9218
-11.2721
9.25494
2.89965
0.662879
2.49312
1.87969
-13.9807
2.2059
5.05421
4.80354
-3.57007
1.84712
-15.3949
-2.6959
3.7685
4.65243
7.08586
4.72157
3.33865
-0.353958
0.718005
-11.2096
0.917654
-0.484623
3.82252
5.03764
-8.84636
2.73025
1.12013
5.72196
-12.1916
-9.29937
-4.99995
2.92738
3.71837
-12.212
-10.2814
-12.7205
-11.4993
2.79141
4.56596
-9.54321
-10.4865
3.32009
4.41421
2.68565
-10.5061
4.60466
-16.6651
3.36724
-14.2697
2.49177
3.98971
4.55945
-14.0079
0.819546
3.73775
-3.46047
-11.454
3.93346
2.0465
-8.55559
-11.8426
2.72621
4.39917
6.3879
1.85295
2.22812
-13.1122
-13.2358
3.04532
-15.5929
3.83263
-7.91589
1.22993
5.77011
-12.1256
2.12859
2.17074
2.43333
2.56952
3.25343
2.19025
1.97877
-9.40573
3.65713
-14.009
1.53088
1.43556
3.87215
1.75532
-9.79454
1.12532
5.55175
3.36448
-11.6279
-12.2453
5.57219
-7.93122
0.512923
4.07847
-8.49294
-10.6465
-11.1525
4.6457
-13.0165
4.08853
1.65121
3.71402
-11.9478
2.30796
-13.4443
5.24888
-7.8893
-10.566
-5.15656
-11.8058
2.36017
2.38809
4.58157
4.70311
5.30563
-11.3163
2.83317
-13.4376
0.689105
0.892578
-9.10027
4.27685
-14.6508
-12.2093
-9.11996
-1.22025
4.92625
1.78624
-10.1644
-11.127
7.39493
4.18731
-13.3794
4.25483
-10.1727
2.00409
3.47878
1.69178
-12.458
1.9047
4.51122
-3.51434
1.77832
-0.285997
4.16298
-6.99158
2.17499
-9.28321
2.19085
2.79449
5.23175
-9.47477
-9.60407
4.61294
2.82675
3.74829
4.51525
2.49795
1.17024
4.73409
-10.8582
2.60747
4.16405
3.41684
3.44813
2.02333
1.63023
2.0695
0.969826
-3.43974
3.91849
2.79235
3.68256
3.809
4.82845
4.63316
-6.9481
-12.4989
0.234555
-12.2062
4.81585
1.11652
-2.77362
1.28671
0.913281
-5.10603
3.69601
2.5677
-9.43437
5.16329
-11.762
-8.20159
2.4142
2.8724
-14.6422
2.6804
0.281756
-7.05052
-11.1273
-10.878
1.79821
1.4673
3.4395
4.60973
-11.6939
0.996344
1.74963
-10.9543
4.91298
2.15382
-12.6797
2.19653
1.62975
-14.7478
-14.7919
-0.751611
-6.48149
4.28987
1.98453
-9.13497
1.69567
2.22956
5.22687
-10.8639
3.7623
-9.50447
3.12997
2.30635
-9.88878
2.22497
1.41405
-8.46934
2.15766
5.30832
-13.3522
3.34709
-4.39026
2.43212
0.938995
-14.2565
-11.4836
3.03771
2.75129
-3.28242
2.92372
3.76443
-10.9568
2.99285
2.30057
4.51356
-11.996
-10.7994
-9.26529
2.32387
-1.08896
5.36946
-9.66142
-14.6023
5.32622
-11.2185
5.50755
-10.9663
-13.5939
4.41492
4.60884
1.10494
3.67004
4.29474
-0.840778
2.50444
0.0354832
2.782
-9.67001
-9.93739
2.97116
-9.60134
-8.66227
3.05991
-11.6411
3.36718
3.61377
2.68084
1.21497
2.20281
-0.812247
-5.28618
-6.58188
0.694112
-10.2882
-9.45735
-11.3293
1.98182
4.92235
-12.1729
-11.0494
2.88144
-9.69254
2.61689
-12.74
-9.40459
6.89048
-0.887837
1.18706
3.65173
2.57877
-14.1152
6.01501
-7.81463
1.48143
1.52724
-9.44946
-9.95597
-10.9027
1.18026
2.68345
-13.5688
-16.0092
3.9062
5.11821
2.19078
-13.1599
3.7339
1.5206
-5.12082
5.20579
1.4918
1.6925
3.60079
-9.08423
4.98067
1.18668
-12.0655
-9.5997
1.60479
3.82824
-9.37676
1.0636
4.15962
4.33905
-15.1119
3.23424
2.51544
4.13029
5.71819
3.64019
3.66808
-5.73673
1.96495
4.34264
1.19134
-15.5602
4.73315
1.43992
4.06564
3.87311
1.82531
2.50017
4.73775
0.188492
1.68918
-8.7684
-8.61369
0.9585
-12.7654
1.49629
1.74464
1.69098
4.40301
3.1795
2.57531
-15.0259
2.70938
2.14505
0.386275
-10.6706
-1.10976
0.908327
0.831111
3.52917
1.61484
4.48957
2.80049
0.264688
-8.94357
-8.94376
-11.5708
4.66048
5.83994
3.30509
5.80449
4.26767
-9.99991
11.6488
-16.3
4.16436
-10.8955
5.76777
-11.472
3.21065
1.74673
2.17339
-12.6692
-2.92563
0.805001
-15.8864
1.65745
7.39342
1.87328
-10.3043
4.22228
2.65858
-9.07524
1.95584
5.26851
5.01577
3.82317
-14.6157
4.36056
2.39846
5.0428
0.853133
4.44697
-10.0216
-11.7386
3.16771
-4.11265
4.55472
-11.8656
2.33885
5.07435
4.11104
2.75312
-5.1139
3.27509
3.92928
1.30782
3.49026
3.02988
4.6318
5.37059
-8.57134
-9.9042
-0.390474
-10.2502
-5.68479
-11.3514
-10.1332
8.34963
1.58596
1.79358
4.50788
2.82399
0.254422
3.29121
2.04723
-12.1145
4.55016
4.10264
1.41183
3.89702
2.8965
1.93454
-0.256653
-12.6549
-12.5011
6.10147
-9.96708
-1.93478
-10.9709
-16.2077
-13.2238
-12.4011
4.44699
4.61741
3.09246
4.2217
3.82638
2.56043
-9.7984
-11.6092
4.00718
-11.8262
0.391041
4.70353
1.98754
2.31781
-8.39103
3.77906
2.03891
-2.40391
-8.18396
-13.8175
-11.1256
4.51467
4.64198
1.61129
4.30072
-10.8987
-0.624653
-11.2938
-8.08368
1.56761
-9.39665
2.67341
4.57309
1.16282
1.46044
1.40581
4.74587
2.9828
2.05434
2.59183
2.54361
3.36801
2.49672
2.82412
4.27875
-10.615
-5.3742
3.73718
1.38574
3.43243
-13.98
1.82604
7.10701
4.12331
-15.1468
-0.502404
4.3577
2.60511
-10.3538
3.57429
-13.9277
2.69172
-14.751
-10.7416
-9.82614
4.7514
-9.00834
0.573516
4.51233
-11.5759
3.88369
1.9981
2.34123
-14.1124
1.98478
3.45292
1.69736
-12.806
1.72091
3.31154
-6.57471
4.79185
3.6323
-0.252311
-10.8972
-11.9648
4.45544
4.76217
4.35326
-15.0687
-5.11633
3.9223
1.86984
1.45571
-12.7603
4.72972
1.96648
-12.0587
6.93635
2.40486
4.93636
5.9133
-14.0035
2.4173
-15.226
4.27735
2.23841
-10.4652
4.24843
4.80382
4.75253
0.985174
-15.3361
-11.801
4.50131
4.53306
2.30388
-8.27964
-13.8737
2.58405
2.62125
-10.6835
-6.61476
2.67484
1.45153
1.37234
-9.41922
4.41729
-13.0253
3.343
2.69268
-10.8448
3.00782
5.20992
3.68465
-15.6677
-10.2926
-8.80588
-9.11809
5.58605
-12.9353
-8.67136
4.37507
-2.75866
1.85488
1.39922
-14.6186
2.55524
1.88566
-15.8315
3.89836
4.88214
4.79987
-14.0141
0.642867
3.31634
-10.9234
-10.8866
-9.91934
4.42419
2.40898
-9.79782
-10.7771
-10.091
-14.6251
-13.0494
0.213329
4.42923
-1.14584
-9.19855
3.65931
4.37057
0.27432
-5.70493
3.46828
-1.63398
-11.6482
3.2802
1.45498
4.78661
-8.76691
-3.94751
-10.5476
-9.64995
5.58595
1.01764
-0.794239
2.26396
-11.2816
-15.1301
4.43857
2.54146
2.48464
4.63656
-14.6056
-11.9612
2.39626
-9.62005
3.6957
-11.0595
5.29523
1.89648
2.12128
-1.49449
-11.1311
0.832504
-14.865
2.98111
3.14314
-4.81117
3.68384
-7.87058
-9.18833
-8.67717
2.3854
3.85879
-3.99299
3.00552
4.23312
2.17052
-9.46789
2.9841
1.19031
-11.2395
-3.84379
1.45749
2.43849
3.43977
3.99828
1.42955
3.73873
-15.3916
4.30735
2.2785
-9.38175
-14.2198
-2.41693
2.78776
2.68493
-1.33066
4.76038
-9.84688
1.53003
1.36524
-9.63986
2.87908
2.337
0.209147
1.75935
-10.309
5.3643
4.19842
4.22088
-3.25978
-3.03891
-13.0493
2.06886
-13.3531
3.11382
3.35225
3.13922
-10.0131
-10.798
3.36809
-8.01049
4.72799
-10.1406
2.70502
-10.1698
1.69605
1.87047
3.56646
-1.68404
-6.41441
2.55727
4.63198
-14.4726
4.66163
4.3594
2.15036
4.19033
2.61694
-10.1894
3.59222
2.78285
-9.00354
1.06729
-9.14575
4.65291
2.95885
3.47646
5.45413
4.36181
1.41422
-13.1357
5.4557
0.614618
4.59538
2.17413
-1.11894
-9.59594
3.6404
4.8654
2.73951
4.25106
4.74291
4.19127
-9.62173
5.67985
-15.9033
2.9263
-5.11211
-10.1539
1.08185
-14.6102
3.10637
-11.3134
-11.1995
-9.42034
2.27574
2.52371
1.02955
-10.8511
4.44187
3.43371
3.29406
2.27245
-8.29254
1.12428
3.94415
1.39714
6.01517
6.8484
5.21886
-11.0623
8.39863
-14.2505
4.3699
3.57845
4.26645
5.2315
-14.2191
4.76286
-13.7978
-13.1912
1.78359
4.18525
-10.172
-10.8155
4.67227
4.5291
4.63921
4.22019
5.66819
1.09907
-10.7931
2.63726
6.3181
-13.4552
2.18672
-0.325654
-5.90107
4.09857
1.7326
4.32472
1.22527
-12.1394
4.09671
-13.7291
3.73889
1.15225
4.51564
-13.5231
-13.6918
3.92094
6.4526
-11.8058
4.16363
1.41497
-6.77071
-10.8027
4.90588
5.33803
4.79229
0.846739
-11.7104
1.80674
4.90446
-11.7753
-9.63296
4.56286
3.82622
1.56839
6.45322
2.85091
-14.9224
2.0516
-10.2979
2.25982
4.65577
1.9302
-14.3442
3.52359
-12.2291
-7.64339
-8.19516
-11.6289
-10.2323
5.73805
3.11991
-12.7787
-14.4183
2.31705
4.17283
2.39651
1.18506
3.64787
2.08038
2.46308
-5.20871
1.48806
1.03291
-6.05244
1.38661
2.3418
3.02277
-9.46644
4.64241
-12.4245
-11.4762
1.37348
3.76832
2.41233
3.37795
2.34271
-13.0075
3.79069
4.71123
2.26875
3.77642
-11.6408
-13.4417
3.57182
2.69905
1.55096
4.56758
1.73869
0.961239
5.68341
1.35639
0.4935
-10.6763
4.65375
2.86182
-3.04466
2.69757
1.98619
3.07923
3.92078
2.37373
4.19757
-12.9235
3.01149
5.32602
-9.72226
1.64523
-1.26421
-5.92643
4.30925
2.63823
4.68647
-8.3671
3.07436
-12.0104
5.14634
-5.55107
-12.9091
-15.169
-10.6953
4.88508
2.16029
-14.2187
-12.9144
1.31857
4.19012
4.86254
-11.6188
4.70477
2.86974
4.72149
5.08301
-1.53932
4.76831
1.56573
4.607
-10.8514
-14.5726
5.24516
5.98668
5.28795
3.73793
2.4709
-8.3909
5.76113
0.139601
-13.8545
-15.3027
4.32249
-12.5044
-10.4203
-14.1803
-11.3345
0.547074
-10.3494
-12.2728
-9.28982
4.55415
-9.71531
5.06933
0.284696
5.73808
5.30075
-11.1531
-9.35127
-10.7921
-11.4795
1.11283
3.49683
-2.74174
-12.2189
5.41843
-12.7548
4.34058
-14.2215
5.14271
-10.5092
-0.404537
1.36827
2.63026
-14.839
2.31392
0.185002
-13.8834
4.05212
-9.72705
2.71991
3.47739
-7.58015
-2.51085
2.64661
-14.7423
-7.45295
5.91687
-14.0131
5.42032
4.80927
1.00367
1.45618
-12.2764
-10.8425
4.65282
-13.8369
3.79289
-15.781
5.43922
4.46547
3.54812
-16.0041
-1.46692
-11.1012
3.22552
-9.86589
1.79633
-14.0901
-12.6457
-0.397391
4.68836
-10.4773
3.95574
2.90009
4.13935
-11.1505
-12.5556
2.09237
-13.9545
2.70182
2.62857
-3.78789
3.31779
2.17704
-11.519
4.91114
4.38667
5.48878
2.31115
3.7711
6.00782
-12.9563
-11.1598
2.38693
5.13116
2.82963
-10.8712
-11.1285
2.20314
0.598339
1.20005
-14.1624
0.565895
-1.80402
-11.2385
1.92773
-14.2935
-12.8073
2.07074
2.19772
4.94784
5.42964
1.84789
3.09633
1.35284
0.982736
-11.9457
3.43658
-13.3351
2.0323
-12.1626
3.97454
-10.4487
-0.428054
-13.4417
-10.5156
1.4509
-0.11474
3.77098
3.85858
3.59414
-10.1243
-9.55967
4.77842
4.49476
3.10174
4.19639
2.19305
2.78019
-13.1784
-9.6522
-14.3095
-13.3023
5.07544
1.82952
-10.9961
3.88863
-10.6155
4.32108
2.23397
1.36606
2.95264
2.20695
3.17376
2.17967
-0.167473
-13.1286
-10.8395
5.95149
2.1529
-14.5117
-0.0517036
2.48411
-10.0981
-11.5696
-9.25351
3.54911
-15.0228
2.38488
5.196
4.86691
2.03081
8.77815
-7.18929
-11.3017
4.36482
1.13029
-13.8935
2.72167
-12.0379
-9.0382
3.16738
0.805516
3.98001
1.22299
-11.3882
1.54641
-10.7311
1.21643
4.18745
1.30442
5.35642
0.658152
5.02459
3.27367
4.41804
1.79482
2.64433
-13.8805
5.2505
-6.95803
2.9231
3.30394
3.71001
1.34084
2.4475
-2.57606
-11.8929
2.9333
-11.558
6.39842
-12.3511
4.24172
4.82317
2.10494
1.82104
-10.1297
3.32236
3.52626
-0.475238
-6.0076
4.09471
5.49337
5.04711
4.32763
-3.96228
2.37063
2.82191
-14.305
2.30475
5.98986
3.29768
-12.6262
3.35161
-11.2214
-11.1229
4.9773
3.8784
4.34012
4.30577
-13.7885
3.98689
5.71798
3.79879
-14.8358
1.33207
4.67025
1.84638
-5.41324
-7.22165
1.4062
2.58243
-9.25307
4.90325
0.99386
-9.64731
3.2462
-1.3915
-11.2761
6.42797
-11.4072
4.53639
3.22905
5.18444
2.17269
-4.37466
-9.03531
3.60009
5.72313
-11.8567
3.55928
4.69036
4.4386
0.79586
-4.20054
1.88872
1.68349
6.0403
2.91891
1.73757
2.98076
1.33656
5.08949
-7.84317
-14.0544
1.72395
-10.8938
1.37306
-14.0273
-10.9827
-12.966
-9.44046
5.28785
4.15319
-14.6797
4.66306
3.85209
-9.87298
3.10445
4.5867
-11.1122
-13.0787
3.81147
-9.23068
1.66084
-10.6991
1.47396
4.56694
-0.641054
0.997521
-14.0729
3.40329
4.55287
0.835946
2.92864
-7.68299
0.2442
3.20936
-11.4078
0.881127
-11.5381
1.09782
-13.7606
3.31925
4.62652
2.40956
5.61055
-15.7838
-8.79567
-14.8935
1.6415
-12.5215
-10.3249
5.51368
-14.0476
-0.958904
4.57297
-15.5428
-10.1917
3.54943
1.39183
1.54672
-13.1456
2.07999
4.72284
-11.0047
-14.7277
0.925832
-13.2595
-11.7196
2.21071
1.15997
-3.02329
1.36005
-15.4124
1.42503
4.47473
2.2457
-8.97203
1.74322
-1.9344
-11.4988
1.94877
-1.69713
-4.05961
4.4826
-11.4648
4.10397
-15.7464
4.24123
2.26663
3.09835
5.33516
2.54914
2.82041
4.27617
1.46011
4.84088
-11.7714
-14.8387
2.58567
-15.7101
1.81072
2.32252
3.34259
3.632
3.22826
-6.61694
4.7499
-3.66005
-12.1068
-5.53199
-13.2816
5.44383
4.06557
-12.4055
3.89881
2.13516
3.15192
2.09248
2.49856
-9.65528
3.92685
4.6426
1.92248
1.22138
1.17107
-4.88551
-1.41999
-2.31082
-11.3929
2.58995
2.14018
4.45463
3.12087
1.95382
2.47238
1.24781
2.23954
5.00346
4.29333
4.73545
-2.36256
-12.1453
-10.0737
1.35524
4.49036
-1.67196
-9.29715
-10.0375
1.65271
2.58479
0.769078
4.38123
1.95082
1.35169
-9.39073
-1.4619
2.10705
2.76822
3.46203
1.37479
-11.5153
1.67054
3.49112
2.50554
2.95289
-10.4402
5.39507
-7.42138
5.22951
1.42979
1.38418
4.18275
-10.4016
-0.555322
3.43883
-13.0166
-14.6525
0.373135
4.6231
2.9673
-11.1573
-13.922
-13.3975
2.34618
-14.6053
4.60933
8.31034
-8.47192
-9.80347
2.07066
2.43449
-2.01679
-4.65175
4.67496
1.74293
-10.0258
2.1841
5.44666
3.05104
3.9966
4.57118
5.61786
4.59946
4.30132
-11.6251
3.82746
1.84191
1.57373
4.35528
-0.0911307
1.39584
-15.238
-1.38273
-1.37626
4.81441
3.97476
3.63342
4.92918
3.2207
2.20112
-15.0025
4.38035
1.44298
5.41609
2.02956
2.86881
1.47658
4.36178
-12.46
1.94677
-14.3263
3.42496
7.34486
3.99971
3.49909
4.7637
-11.0205
3.98206
1.59203
4.35708
4.26956
-10.2958
2.54921
4.19617
-12.336
-12.9418
1.89306
-10.3791
4.69188
-13.205
4.52005
-12.932
4.63511
-3.23643
2.44845
-11.1684
0.966553
-10.7409
-9.3245
-9.93911
0.501009
-13.2452
2.34549
1.63807
2.33858
-10.9223
4.06808
1.52439
-15.2064
-10.3762
-11.146
5.13693
-13.6401
1.42169
3.5818
2.03697
-0.765752
4.30339
-5.43808
3.40953
2.87909
5.14573
4.76965
4.51698
-13.038
4.25124
5.66638
-10.414
-0.951422
1.68107
2.34932
-9.70677
3.89967
3.96412
-12.0032
4.82418
-0.980626
-3.29777
3.88372
1.137
-15.0046
2.52887
4.42596
4.60592
1.96907
4.80671
2.82833
-12.4872
1.78583
-11.0107
0.873099
1.3393
-10.3105
0.0820797
0.621157
4.41428
1.77456
2.86894
1.79991
-10.7037
-10.7313
4.36123
3.39361
2.79965
-11.5858
1.37724
-1.65305
1.80637
1.33789
4.35025
5.32578
-2.56152
1.36638
-13.939
-12.4113
4.38985
-9.39675
6.49721
-14.4709
-0.758745
2.02015
3.57636
1.36679
3.6157
3.37006
-11.066
-4.22067
-12.2191
-10.0153
-15.0768
3.79418
1.81325
-4.17716
1.88532
-2.9222
-12.8426
4.40937
-10.0991
-14.5445
-9.08166
4.17457
1.77561
2.5505
4.69685
-12.4345
4.67416
-11.8144
4.0029
4.89334
1.23105
-10.4466
-12.1358
2.8253
4.75281
5.57185
4.3865
3.31206
-1.3631
-14.6785
3.49915
2.19748
-11.4523
4.56674
-12.8316
4.69875
2.80053
5.27238
-10.4679
3.92199
2.53857
4.30763
4.44571
1.02773
3.01671
-10.0915
1.09348
2.59101
3.42018
2.36791
-14.9082
1.8208
1.67329
-6.22102
-10.6606
1.33789
-14.0691
4.54731
-9.43864
-15.5544
3.95962
1.08738
3.12632
2.87556
1.61891
-13.0955
-0.899041
5.66026
1.9607
-6.98145
-4.70399
-8.61236
-13.2314
0.124182
5.38352
-11.3774
1.34912
2.17565
2.38219
4.91703
-13.5558
-13.0842
3.85587
-14.3368
3.81522
-15.1705
0.216404
-9.77727
-13.194
-9.59773
3.64199
1.0966
4.34122
1.37088
-16.0732
-5.04528
4.68088
-1.10884
1.67549
-11.4797
4.26876
-3.89856
-4.17167
-9.71667
1.33823
-12.2841
0.71944
-12.5746
-10.8029
4.50232
1.53419
3.35303
5.85255
2.9025
-4.69928
4.44846
2.94046
-13.0345
1.64243
0.488242
0.937798
3.91463
5.23327
-14.1441
-13.7963
0.817135
-11.6868
2.45863
4.19481
3.33991
-11.1163
-12.618
-11.5037
2.99394
3.94982
4.2603
-9.93374
0.794541
-1.02561
2.79023
-13.1099
2.95235
0.783141
-14.2668
4.10027
4.84557
1.3999
3.94319
2.66591
5.95552
-1.60114
3.3029
4.03302
-12.0092
3.0158
-10.6976
-11.3645
0.849372
-5.91622
5.55713
-9.91137
5.56482
-10.9324
2.33262
3.94519
4.9734
5.35287
3.29888
0.212969
6.46692
-15.4732
3.17634
3.97395
2.75682
-13.3608
3.94804
3.85924
3.30615
-14.0069
2.70987
-9.22593
-7.02381
6.5824
5.68721
-2.61998
-13.5268
-13.5767
-2.01155
4.68593
1.42326
-12.3748
-11.6939
-10.5435
-10.2319
3.97579
3.43721
2.89902
0.93157
5.63607
4.37595
4.70973
1.76733
4.34112
-13.6229
3.68357
-14.0366
4.71031
2.77402
-3.56864
2.84359
-15.6014
1.04244
1.65686
2.36869
2.49522
4.75447
1.62799
-5.15749
0.0449819
2.97407
-3.31904
-13.0946
-9.90267
4.77359
-0.0789251
-9.96794
-13.568
-11.7351
-12.4971
-8.97087
4.51301
3.57932
3.47834
2.53519
-14.3543
-12.8035
1.68731
4.69079
1.16861
5.75007
-10.3441
3.02571
-14.947
2.2754
1.52025
2.77881
-10.468
2.93017
-14.8276
-11.0891
0.82416
0.803662
2.82523
5.31316
1.38188
2.1032
-3.80726
4.73396
4.36046
2.57941
4.14931
1.01758
-11.2682
-1.61697
-1.9834
-4.28233
-11.8652
-11.5505
1.12862
3.33138
-9.92651
5.5331
2.48435
-15.4925
4.45081
4.1626
3.36106
-1.56728
-12.4817
3.32911
5.06391
3.62312
-13.1151
2.95106
-14.6092
-13.4232
-14.0709
-13.3919
-9.21408
-12.6265
-13.8586
-9.95595
-7.19518
-14.815
-14.0819
-10.497
-14.4207
2.5437
-13.9131
5.62989
-13.5964
2.66962
-11.6964
2.09489
3.38152
-10.6012
-10.1576
-10.4745
0.699293
-1.39606
2.86287
3.32211
4.60021
1.46163
1.46834
3.76221
2.15292
1.14747
-0.723285
4.08607
2.40345
3.79573
3.0122
-12.2354
1.8768
-6.81399
-13.2765
4.38729
-1.63333
4.56487
-13.2186
-10.3294
4.39273
-13.7711
-9.48805
-13.8648
0.604294
3.80706
3.98539
4.52946
3.18889
3.81
3.6126
3.98252
-14.995
-14.2393
-11.1733
-14.6499
3.72006
4.46116
5.42099
4.163
1.21476
5.16586
4.05695
-0.151082
4.62977
0.939924
2.95827
-13.852
-11.2963
-11.5087
4.22767
2.82115
1.65367
-10.2746
1.56048
-14.4232
3.9185
5.20386
-9.07226
-13.9026
-6.70434
7.14188
-0.23189
4.50195
2.98003
-12.1329
1.34411
-9.51984
1.34153
1.38375
4.7062
-13.9738
-4.16813
-2.199
-11.7088
-14.2679
-9.09121
2.39637
3.55262
3.88947
-10.7031
1.52742
2.17735
1.57041
3.16041
-9.3073
-4.45567
1.69179
1.54642
4.70495
2.51746
-14.5982
-13.8386
-15.1447
4.39793
1.61429
-9.94793
0.450101
1.84885
-12.8712
-14.8859
1.42623
3.09159
5.32943
1.15119
4.17009
4.58772
-15.1399
1.41077
4.53496
2.54495
-9.61561
-13.4002
1.32671
-14.9049
-12.9094
3.92566
2.7262
0.699677
3.98786
2.82443
0.795156
5.54829
3.59567
-13.2272
-12.1714
0.138144
3.17018
3.83408
2.16016
4.69242
3.11223
1.56834
5.06964
5.13201
4.26809
1.65528
2.78773
1.48824
-10.2972
1.28659
3.38303
-15.714
3.96888
2.41324
3.48156
1.7189
-9.91685
-11.7694
4.65567
-6.79751
2.86938
0.871488
-12.484
3.92833
2.75095
-1.07181
-9.19081
-14.1794
5.16
2.7418
-14.2384
3.54193
2.15876
-10.3791
-6.48333
-12.7771
-8.04657
-1.81145
-0.54553
2.44402
3.45265
-13.7582
-13.4188
4.70288
1.31606
-12.1662
0.923672
-9.06476
1.06349
3.68375
4.04889
4.47675
-11.4539
3.16579
-12.883
5.38539
-4.17132
-12.6433
-9.75184
2.87455
-14.2967
-8.21765
4.57989
1.55847
2.27003
-14.6891
2.59992
1.37462
1.38031
-14.4765
2.28311
4.58626
2.97164
-8.654
2.62256
3.1822
2.11653
-11.4076
-13.1247
-12.1496
-9.21174
4.8007
-4.60612
-12.8634
-14.8301
1.03084
4.93438
1.62514
3.45248
3.69687
-9.47396
1.73444
-12.9522
3.8662
-7.40857
-12.801
-0.132434
-13.5457
-1.42894
-12.6596
5.13618
1.49131
1.52135
-2.75185
2.20511
-9.26072
-5.9698
-6.03539
4.79639
5.11173
0.97032
1.7469
2.71611
2.13488
1.5524
2.11928
-9.87141
-8.39606
4.18578
-8.90426
1.54086
-10.1801
-11.4529
-4.99536
5.33912
-10.4745
-6.8739
11.8239
-12.5396
-9.59127
-8.77321
1.75258
-15.2594
4.7029
3.42704
-7.31428
-12.7075
1.55258
-5.91199
-13.4505
1.41472
4.31226
-7.72451
-6.37161
4.03038
4.70725
0.55771
-9.47453
5.28553
-13.8121
-14.5956
3.85196
1.03715
4.50766
1.29001
-7.03866
4.66386
1.40082
-12.7238
-11.1875
3.29949
2.69449
-5.13114
-14.1055
-10.0855
-10.4379
2.33855
-12.5444
-8.22545
4.71247
-9.59219
4.74221
3.45969
2.81248
6.13553
3.68537
2.47791
-5.17484
-7.68437
4.30588
1.28478
4.67945
-10.4114
-8.10647
1.98838
2.0045
1.83173
0.213923
4.64257
-9.88511
-3.21144
2.34845
-9.91344
-13.8257
-7.37627
2.01516
-13.5868
1.91686
-10.2709
-13.8614
-10.6257
-5.64642
5.10658
-12.7513
4.61996
-13.6158
-12.6924
4.56201
3.34213
4.22373
-13.4333
2.60824
3.51814
2.10256
2.70092
-12.9765
-9.82842
-12.2705
2.53944
4.63166
-9.53623
-13.4139
1.79919
4.63855
2.5528
5.68648
-9.35254
2.80173
-6.44429
2.14641
4.01669
-11.7148
-13.6289
-13.7028
-10.4811
6.27845
1.42732
3.8387
-12.6867
3.72949
-1.72786
-12.3061
2.94303
2.42472
-11.9966
2.09936
-12.2357
-11.1817
-11.4678
4.81742
-4.22363
6.71344
4.47889
3.62935
-10.2654
4.7073
-12.8714
1.99104
2.78205
-1.77746
-3.34463
-11.7662
-9.29413
4.50011
2.92789
4.222
-12.6147
-7.32141
2.46403
-0.44422
4.19952
5.09516
1.55759
4.68477
-2.64686
3.94911
5.0311
-0.279471
2.16974
-12.2991
3.51464
-7.30178
1.65299
-14.8036
5.28811
-10.663
-10.9036
-13.8258
-3.26761
-10.7541
1.37401
-12.0467
1.38277
3.97779
-9.69428
1.51211
0.548178
1.94821
-9.65974
-3.34
2.4349
-9.42765
2.64449
-6.43023
-10.8027
-4.38324
1.32639
-10.9407
-10.5037
1.15727
-0.734477
-12.0064
-14.3988
-10.8498
4.63445
-1.07379
2.24074
4.2543
-3.20776
2.86869
3.06406
3.71695
3.271
-12.3547
-11.1005
3.74174
1.82387
-11.4521
2.17213
1.03032
5.56583
-9.33868
-3.88434
-11.4931
2.11119
3.22266
-15.0435
-0.745821
-9.24229
-5.31775
-10.1407
2.15881
-13.3568
-6.97072
-1.12072
1.5972
0.865978
-6.51849
4.89544
3.61948
-12.2945
-3.61502
-8.55168
2.56497
-3.07925
-7.57088
-6.13688
1.0561
3.97719
3.04219
-12.5629
-13.5838
-13.6272
-10.7485
1.36641
1.38684
2.83644
-6.02467
-13.1972
-5.18623
1.91355
4.17058
-5.84292
-14.2649
-14.0279
-13.2153
-12.817
-7.92196
4.60898
-9.70466
1.5704
4.42171
4.08654
-11.9446
-12.6137
-6.33919
-12.3234
-7.09939
3.77923
-8.98907
-10.1104
-13.7473
-12.1714
0.374373
-1.88998
-3.2505
-1.01282
2.83147
4.19186
4.70479
-14.0851
-10.1146
2.04837
-10.3229
2.99482
-2.90232
-10.3402
4.22471
-4.71606
-12.3712
-12.2999
-4.76832
-14.6171
-11.658
-11.4061
4.38238
-6.70148
-9.73917
-12.1702
-12.6376
-12.1141
-9.55934
3.60869
-11.6564
2.4163
4.59573
2.41258
-11.3162
0.933232
-9.11308
-10.7722
-6.47346
-8.47214
2.35822
-13.6897
2.02507
4.74144
-9.85424
-9.40978
-8.18802
-0.630418
-12.3701
-1.74566
-9.58153
-2.48806
-13.1406
0.6406
-12.6293
4.52061
4.34856
-10.2191
-10.2047
-10.9117
-11.1414
-4.8087
-9.60753
-13.7432
-9.43334
4.66945
2.20905
1.42812
0.470818
-1.81702
2.01004
-0.93634
-12.0127
1.98806
-11.994
-8.18493
-5.83047
-9.89256
-11.9375
1.67664
-0.0957666
-12.1107
-1.5681
-10.233
-11.5361
4.04822
-6.91106
3.91674
1.80358
-11.3974
-11.3006
-12.2001
-12.5291
-6.50715
-7.52249
-9.65607
-10.4275
4.6141
-0.0390914
-8.7804
1.02475
4.53387
-12.2067
5.47178
-3.70498
4.80217
-2.99784
4.80887
2.10022
-11.4132
-9.37936
-10.4312
-1.79393
-13.7013
3.80715
2.36595
-4.24298
-1.09885
4.18811
2.26112
-1.31876
-1.18386
-13.4707
-10.9742
-12.4021
-6.87832
2.29337
5.0233
1.69971
-12.6351
2.60153
-5.93704
3.49061
-12.3296
-11.9456
-0.907653
2.87498
2.45471
-1.26356
2.0463
-0.50921
-11.8862
-11.7488
3.49748
4.05358
-0.0309539
-0.259699
1.42958
5.16039
4.72279
3.5423
-12.6709
2.16146
-5.94793
-0.771373
-8.46919
-11.218
2.18539
0.544872
2.82832
-1.10177
-8.16442
-6.08386
7.04295
-7.14734
-11.3226
3.67125
0.326057
4.60992
1.15108
5.36238
-7.71336
-8.06141
3.64138
4.24761
-14.317
2.76329
-7.7652
-11.7061
-10.4899
-11.7169
-0.05824
-10.82
-8.23897
4.57513
3.45594
2.26304
3.44657
4.45333
1.80709
5.08701
1.72403
-0.594585
0.955306
2.76851
6.01334
2.49787
-9.89578
4.85335
1.46654
-13.4305
2.1204
0.285709
-5.06581
-12.4235
-7.32117
0.846859
2.22873
1.86993
-5.5183
-11.7731
-10.8056
1.61458
2.28105
4.01584
1.27368
-10.5979
2.5133
2.31872
-6.6787
-6.55836
-10.4704
-5.27681
2.63138
2.20244
1.36373
4.7556
2.54025
2.14282
0.712871
1.79666
3.30552
-1.06458
3.25169
-9.33433
-9.80841
-9.23123
-10.4846
-2.36129
-11.2789
4.19025
-2.29611
-13.8037
-11.112
-8.82018
-5.34284
4.37927
-13.9931
-15.1834
5.62923
2.54103
-10.3037
-0.181076
1.85972
-13.2817
-6.97403
2.71131
-12.3274
-12.128
-3.84265
-5.51315
-2.90545
-0.0302068
-9.90051
-0.598703
-11.7145
5.5599
-12.0069
-3.72918
1.92193
-9.81094
3.15967
-12.1027
4.64537
-12.8295
-15.1273
-7.33527
0.874973
-13.7822
-13.5392
4.33252
0.292402
-10.9255
-10.7857
-6.73913
-12.748
1.8811
-13.0084
0.823765
1.49598
-10.8133
4.2645
-13.3548
-10.4826
3.26113
-9.79375
4.83686
-0.934651
4.57741
4.83829
-1.05657
-11.2559
6.1168
4.69602
-0.00305561
6.32349
-13.5264
3.51546
5.24256
-13.26
-16.597
0.133635
-8.46231
3.67617
-13.2677
-7.53504
-10.7109
2.44813
1.71467
4.61929
-11.3755
-6.12362
-9.02272
-13.6329
-5.35577
2.7607
-10.8707
-2.9945
-9.04485
-9.64289
6.27284
-0.131821
-12.5154
-5.92642
-10.9686
4.93571
-9.18505
-10.5698
-9.30438
-5.79308
4.04097
4.57445
0.137585
5.12144
-11.2482
2.93106
0.0296585
2.85326
-7.76359
-10.6934
-0.362668
1.06674
-10.6338
3.04916
3.86236
-11.071
4.61865
1.41196
2.21171
2.08611
0.776336
2.17197
-13.7057
-5.96101
-2.15757
1.5976
-14.5257
-5.74001
-8.19892
-1.90962
-13.011
-12.0453
4.65682
-11.6487
-12.5631
2.0839
-10.2325
-10.514
6.54793
2.58013
4.23691
-6.68985
2.38129
-4.35976
2.05778
-11.0132
-11.9252
5.7613
2.28567
2.53271
4.4447
3.09002
4.36375
-11.1626
-10.4892
1.42991
0.584262
-13.0402
5.77015
-1.47319
2.41241
0.134601
-12.1559
-0.903942
0.672695
-12.4828
-13.879
-11.2343
-8.97211
8.28568
-0.296569
4.5838
0.312179
2.44906
1.21002
3.46494
-13.5001
-15.9348
4.72195
-1.80039
-2.04723
-12.1509
-9.49744
-3.31201
-14.3629
4.65724
-1.27359
-12.6133
3.59734
-0.203254
4.43026
1.91462
-2.14122
-3.27667
4.68956
1.32189
-10.2259
4.35324
4.76457
-13.0237
-12.2178
2.14858
2.69434
5.64546
1.15421
0.592318
-12.2513
2.96666
3.86235
-10.1322
1.11092
1.5187
2.01855
-12.0863
-10.3341
-0.0337255
0.19702
-12.5942
-9.93917
0.412327
-0.0658511
3.73616
-4.47825
1.04358
-2.26926
1.67565
1.70313
0.00521897
-14.0316
4.56573
2.65047
-13.9293
-11.6335
3.84944
-3.1583
-14.4964
0.00992125
1.77797
2.9338
4.4914
2.54337
1.49324
2.51387
1.43619
4.10177
-12.9795
4.5564
-5.22514
1.57997
4.39031
-10.3972
4.10438
-12.5316
3.68437
0.170722
-10.2255
-9.8782
3.57971
-2.10808
-0.146033
-3.96429
-9.94525
0.93839
4.33088
5.25019
1.53471
-11.83
1.47037
1.34863
7.19978
2.5979
0.877443
1.64838
2.62758
4.54658
-10.6413
4.7947
-10.4677
-8.84264
1.45674
4.90589
-13.3727
1.45566
1.57758
-3.20299
-5.80308
0.699892
4.67728
4.78771
2.57355
-9.88967
2.5063
-10.1761
4.14452
2.60201
2.74008
-12.4722
-0.919791
-9.68583
4.59043
1.06574
4.43588
-9.88536
-0.232025
-12.519
4.38113
2.36373
-10.4306
1.29947
-1.77028
-11.9381
0.318934
-0.281859
2.36014
-1.28375
-12.3249
4.32636
2.67119
1.0844
-11.2265
1.28829
-10.0854
0.10729
-10.7693
3.48997
5.72418
0.921862
4.61891
-9.28467
-8.45415
0.350789
2.76276
2.49593
4.54509
1.09882
0.304295
-0.916992
-12.5582
-13.6549
-14.2961
1.60011
1.63811
0.00819052
3.11659
-0.859982
4.48612
-3.34001
-1.48545
1.6742
2.13055
-7.58733
2.0921
-10.7155
0.771391
-4.75023
1.91043
-13.2886
-1.61482
3.08079
5.05347
-9.07896
-2.69437
2.00742
3.21928
-11.0723
2.03729
-13.4635
2.92559
2.24793
4.69094
-5.17672
-14.1529
-13.5077
2.44002
3.90786
-9.18342
-13.5607
2.6208
1.35471
0.968977
5.56817
-13.6131
-9.95137
4.03354
-11.9281
-10.8266
1.67455
2.46244
-1.47563
1.05168
0.880458
4.4344
5.02699
0.337313
-9.74397
-13.5058
5.39349
-14.4928
-9.83345
1.23925
-2.01423
-13.3902
-12.1654
-2.97614
-1.1366
-0.373256
-11.751
-1.62608
2.08083
1.14839
0.547494
2.99571
2.21207
-9.72098
-12.2867
4.91005
-12.8204
-13.9744
-10.0281
-12.7925
0.920745
1.07136
-7.55607
4.66663
-14.1834
-4.18338
-9.34952
-15.1022
-9.99283
-13.9874
-13.5203
4.72601
5.37561
3.08079
-12.0342
-0.727804
-11.9909
4.79069
1.75289
0.57048
5.19534
-7.03928
1.6123
1.5066
4.42331
-13.4862
0.240937
3.46409
-12.4421
-11.1857
3.19505
-1.11744
1.31308
-0.179022
0.829511
1.60003
-10.7813
5.37079
4.43915
4.47124
-1.34396
-2.99211
-9.97505
-11.751
-11.5736
-13.8761
2.43513
2.59127
-5.58168
-10.1278
-12.4026
-2.61143
3.01068
-4.97073
2.57296
2.42463
-3.4574
4.64529
-4.05965
-3.53596
2.77309
-11.1695
1.90505
4.40342
-13.5148
-13.6748
-12.3036
-13.8386
7.28813
-0.0683154
0.85884
0.811796
-6.77777
-11.5519
-10.1373
4.67041
3.16721
3.10625
-10.1168
-0.205807
3.33527
0.462751
2.39099
4.56396
-6.32059
-9.34533
1.49374
-13.2577
-8.04134
1.91059
1.80841
-11.8738
1.18788
-9.09696
-12.2171
1.2705
4.83426
1.6302
-12.6149
-12.6686
-3.92178
5.69881
2.38424
4.52197
3.59242
1.4264
-12.9001
-11.4758
-12.3744
0.674837
-11.3144
-0.638157
-9.763
-9.7106
-12.3982
5.16241
-9.28383
4.63491
2.54462
2.8188
2.22426
1.4854
1.584
-8.52014
5.15429
1.67596
1.17965
-4.91195
-10.9699
3.82203
-2.38789
4.35783
1.01324
4.30387
4.16358
1.2528
2.32525
0.529869
0.832543
0.629303
-4.94981
2.98757
2.09471
3.63089
4.61308
-13.9393
-12.021
3.21591
1.61454
5.15259
4.86886
4.29085
-10.1167
-10.4237
0.234545
-9.85666
2.21249
-2.22101
4.23913
4.39465
-10.8415
0.673684
0.224139
2.26994
2.37495
-12.3265
5.45347
0.0280565
-10.2334
0.786352
2.63206
-2.27378
-7.85284
1.08229
0.422309
-11.8488
1.53587
-9.0794
-1.94938
5.05128
0.725278
-9.05176
-13.829
-8.67256
-0.165159
-12.3013
1.59014
4.68032
-11.5184
-10.2607
4.64973
3.10216
-1.58729
-1.38747
-8.80595
-13.3932
-9.37428
1.81102
4.81762
-11.8348
-10.4351
4.30062
1.47589
5.79331
-12.6901
-10.0356
-13.2985
2.4815
3.31949
-9.3305
4.27137
-11.5418
-10.8994
-10.8171
3.92792
4.32468
-12.9656
-4.19093
-15.2964
4.69764
-12.7366
-10.4317
2.25175
1.24094
-0.165142
-1.03529
-0.0982849
4.24983
-13.4686
1.00362
0.557227
5.28541
0.268718
1.045
4.57763
0.826752
1.39654
-12.1339
-11.3808
-10.3467
-15.3335
0.654778
5.05689
4.17789
3.51727
-0.890592
1.33616
2.03068
3.32218
4.01312
-10.9307
0.784881
2.60015
5.23413
-13.4685
4.22055
4.64329
1.38396
2.31142
-9.60118
2.4778
4.48392
-11.8283
-10.6256
1.81322
-4.58781
4.58046
2.93494
4.92135
1.76735
0.459502
4.47336
-7.17816
-7.32003
-3.46052
-1.96467
-0.404986
4.41222
-9.09457
-3.01929
3.26519
2.5449
1.7041
0.0546282
1.87172
1.71919
-12.6358
2.47293
-12.3865
2.90857
2.56588
0.663313
2.72749
-12.0207
4.8869
2.75208
0.871139
1.7199
4.18733
1.72601
1.44307
3.31341
1.11643
4.80603
3.74158
-13.3915
-15.2158
2.57082
4.41299
4.69314
-3.46754
4.558
-7.05237
3.36765
-13.9488
2.26314
1.38243
4.5623
1.34355
3.33903
0.62049
1.48235
-10.1543
-10.7612
2.57801
4.57414
-12.0621
0.670543
-6.04539
0.664276
5.76821
-13.2492
4.38887
1.33257
0.338915
4.55171
-11.6825
-9.60428
1.27104
2.83625
0.743207
3.43871
0.0930681
-12.07
4.7197
0.818076
1.78898
2.21036
2.4323
-1.71908
3.68129
3.88159
-10.6506
-4.85677
0.83886
-10.9553
1.10475
3.2936
4.89149
3.88205
-12.8013
3.79176
2.495
-10.6517
4.64339
0.700525
-12.0181
0.743992
-11.5652
2.45562
4.56602
-12.9993
4.87207
1.30626
-11.8392
4.60261
3.34718
4.54616
2.39061
4.53325
0.761617
-6.94083
4.44541
-12.28
3.317
1.26981
0.052911
3.85817
1.35751
-11.2424
2.46017
4.49588
4.70158
4.42119
-14.1554
4.51337
0.282662
4.49164
-12.0196
-12.8231
0.696908
5.79069
2.33348
4.75963
2.55501
-13.2026
-2.43366
2.08632
-12.9957
3.35629
-6.08055
4.19969
0.41671
1.78171
2.6339
3.00947
4.05131
4.97422
4.74036
-8.75434
4.88088
-10.7268
-1.06611
3.4782
-9.94596
1.71987
-9.27646
-9.69663
5.29509
2.15727
0.742466
1.832
3.12857
0.897394
-8.97047
2.7667
-0.912194
2.16119
4.41388
-7.42551
2.89602
1.39837
4.36987
1.63972
4.1108
5.29285
-9.37092
-12.1499
-11.7065
1.87822
5.19199
4.73633
-10.2712
1.9871
3.12292
-12.4046
0.819303
3.58278
-11.5218
0.777878
-9.42406
0.937494
-0.273339
5.69413
-12.1262
2.23556
-9.51549
5.24931
-0.926923
4.32311
-3.06536
5.24547
4.441
-1.85776
2.5101
4.46173
3.32538
-14.7611
-12.0862
-10.4889
2.59019
-0.010882
4.70018
0.610883
-10.7139
-8.92853
1.85227
5.04597
0.589551
3.18387
2.87382
3.03203
0.455166
1.31361
-13.5772
-9.18684
1.8598
0.334587
-1.64815
0.148767
-1.55165
3.73508
-9.90941
-9.67774
5.41436
3.61337
0.81142
1.52033
-1.38996
-3.82951
-9.92214
0.703043
3.64172
5.00617
4.62783
-12.6543
-11.2032
2.30979
4.82613
1.61577
4.8604
-11.7465
4.51488
-9.1583
4.62416
2.86154
5.12602
-13.2629
4.58776
5.65159
-8.07441
-8.5779
-14.717
-12.2578
3.37516
4.61249
-0.761721
-8.75562
2.91873
0.604185
0.661946
5.31264
0.669531
5.45848
4.53461
4.73751
3.25197
1.70452
-10.2141
4.85094
-2.17481
2.13771
3.10615
-10.0798
0.137834
4.83018
2.4267
-10.3599
2.75467
3.32289
-8.32339
4.30139
4.32617
0.479676
-0.0977212
0.749212
4.29741
4.00909
-11.493
-5.33959
1.29278
3.17857
-10.3842
-12.2759
2.83452
1.14367
5.64154
-10.871
4.65485
5.0174
1.98767
2.08411
2.20897
2.10269
2.24547
1.79983
2.84408
1.42289
-1.55046
-2.72468
0.24801
4.54192
-10.8673
0.746172
-12.5786
5.55723
5.82638
2.78522
-15.429
2.47396
-0.0668944
-11.6589
-10.4942
4.53701
0.848424
4.59009
2.07623
3.68863
-2.12677
4.91518
2.35167
-10.6461
2.63249
0.775095
-13.3283
4.56879
5.71613
-10.6726
0.136113
-7.4002
4.13175
4.99512
2.99296
0.720428
5.51521
4.7321
-13.1868
4.36662
0.349895
2.88899
-5.66385
4.98739
-13.8433
5.52376
-11.547
4.93942
1.40742
0.884558
1.56873
-11.7489
4.31116
-13.3506
4.75006
1.36781
-1.23949
-14.2847
4.91168
-11.2317
3.79818
1.54463
5.29327
1.93346
3.22443
4.03076
-0.60304
3.91727
-4.5354
5.71594
-0.313939
5.57233
2.65166
0.742117
4.97437
-12.0965
-8.38534
2.87272
3.81969
2.98732
4.51481
0.868336
0.688536
-10.1097
-10.0182
-2.0533
5.61228
0.746585
5.26365
1.63778
-10.365
2.72916
0.446165
4.5743
-8.58194
-2.22854
5.12447
-2.15058
5.33561
3.57072
2.91467
-11.6572
-13.2965
2.74528
0.931991
3.11255
3.4719
4.70783
-7.30271
-11.6726
4.56322
-1.30574
3.73895
3.72488
5.27945
3.67398
5.25231
0.42739
4.46059
-13.0522
-11.1826
0.985507
5.62034
0.365472
4.28961
-11.3108
1.9393
5.63957
4.70872
4.03797
1.56196
3.60186
-12.0184
-11.4108
1.47752
4.27046
2.42679
1.0214
1.22162
0.856606
0.0944713
0.645187
5.35749
0.374064
-15.5192
-7.39963
-1.28338
-12.0993
4.13411
2.89901
-0.00222668
-11.5517
2.00715
-11.2193
2.85168
5.88037
1.39431
-10.9176
5.43385
3.02063
-10.9047
5.25743
4.77971
1.6765
4.43777
2.84957
5.65512
5.54786
3.99232
1.00153
1.09615
1.52785
-10.238
3.51063
-14.5902
5.27423
1.04751
-10.1586
3.62487
0.562528
4.69725
1.58068
0.620427
-3.12681
4.70046
1.98491
4.8643
5.65884
2.67013
-10.6666
1.03354
3.87166
4.59475
0.576061
1.28784
-0.223879
0.334348
0.467267
0.711535
0.975569
5.3063
1.13592
-2.68303
-3.27119
5.26627
5.128
-9.65604
-12.3222
4.40323
4.80207
5.55269
-12.4794
-8.17765
-0.00508009
3.66626
4.6227
5.0277
0.42614
2.13875
3.28886
1.55619
1.96194
3.60785
2.4391
1.56889
1.07107
1.47596
-5.44582
2.92814
5.53307
-14.3457
-4.7676
-0.805657
-10.6731
-11.6203
1.88728
1.87751
4.73664
0.30751
-10.7977
-10.9574
1.6331
-4.00494
-13.1895
-5.67241
1.22651
5.64848
3.25152
5.6331
3.74631
2.97261
4.39933
-10.5162
5.56539
1.68451
1.92786
-10.4819
0.668809
5.00304
-3.29141
4.62562
5.43456
-11.8485
1.18649
-6.00867
-14.0391
2.37065
4.46968
0.572438
1.01545
-3.29615
0.265599
1.1672
4.07593
0.573442
5.54881
4.32329
1.55988
2.51439
4.54011
-8.83074
2.08516
1.42085
-14.3329
2.79478
5.3126
6.78146
4.77545
5.56011
5.1124
3.6873
4.98409
5.26049
0.469005
1.20402
2.65881
2.12448
-6.76865
-4.31733
0.00917394
4.71187
2.5807
4.95629
-12.1903
3.9643
1.80991
2.64423
4.94528
2.61963
1.53909
0.975377
-0.205844
-10.744
1.57708
4.64144
4.93915
4.11803
3.44303
3.60755
4.82529
0.464675
3.19004
0.963844
1.51057
5.61911
2.71354
4.61806
-14.9383
-12.2421
-7.73774
4.7606
-15.1221
-8.53742
-14.7314
-8.35186
-8.30351
-14.5507
5.10437
-8.69226
-0.447756
1.67596
-8.08937
-14.2893
1.98942
0.669757
1.53511
-11.4043
3.56826
-10.7516
-10.7401
3.41882
2.03
6.20903
-10.0697
-13.2726
1.10139
3.57329
-14.1249
-8.30373
-15.6126
-8.59654
-11.9123
-14.2344
-2.19166
4.91331
5.25162
3.39671
1.74104
1.44036
1.10705
-13.6785
-14.1872
-8.49491
-15.9244
3.70774
-0.581794
-2.37271
-4.26542
0.463469
-7.15701
-11.1558
5.35766
-10.5843
3.73438
0.998587
1.20325
5.78669
1.76039
4.59707
2.78429
4.65987
-9.55919
-4.81869
1.79111
5.2584
2.95442
4.4266
-13.6617
1.79303
5.00385
5.11643
-15.3969
-14.0024
4.94904
-14.0331
2.18041
-8.33899
-8.42823
1.10931
4.99161
4.69696
-12.3239
1.67625
1.20685
1.3121
1.44011
-7.78834
1.157
-1.14476
2.38343
1.79293
0.936001
0.678616
1.0766
4.65311
0.392539
-6.79481
-9.69205
-9.17338
-9.09758
-7.90151
-10.4487
4.65017
2.13228
0.471096
0.00231459
-10.5677
-14.7684
1.27631
3.84167
4.45615
-0.897592
-5.27797
-5.45966
0.901093
0.546778
1.72817
3.41774
4.68362
2.51166
0.706742
5.49381
-11.7797
2.88995
1.15162
5.17979
5.7049
2.11547
-9.922
8.8869
0.964095
2.97062
3.73341
-10.1689
-6.76075
-2.38363
4.04084
-2.07275
1.03134
-0.910011
0.769883
4.44688
-9.90093
4.88578
4.97697
4.95899
-0.119455
5.06432
-11.8337
-10.1934
1.28412
0.367891
2.81134
1.24444
1.68006
5.34692
0.245265
-12.3502
-13.6628
4.39266
-14.9299
1.44246
4.00442
5.24437
4.52196
-1.6009
0.0538324
-10.2533
-0.241563
0.535488
2.41546
-14.1984
-0.87902
-11.9909
0.844559
-4.96204
0.15445
3.59144
-15.761
-3.10671
5.37518
-10.9203
-14.2505
0.563988
1.01194
-15.0609
2.65229
5.05721
-8.55262
-4.17056
1.04836
2.5644
-8.31953
1.13299
-9.99047
0.0953472
2.70434
-2.33224
0.413794
1.43253
4.59293
0.342961
-8.34679
-16.3415
-0.769439
4.49094
-5.11432
0.861548
-12.4937
-9.62803
-6.99601
2.51548
-0.556227
-12.0992
-9.58329
5.11786
1.23825
-4.8516
-16.1637
0.883165
0.874887
-13.6188
1.60975
1.94694
-4.91308
4.99799
1.59719
1.28817
-8.45767
-9.54757
0.255344
-13.2351
3.31054
4.4709
-2.97758
-1.58087
3.40071
0.268684
5.00278
-11.388
0.0893881
5.32997
4.70974
-0.148161
1.12587
-1.68647
2.45757
1.12797
1.9757
-7.01348
-6.93127
3.94155
0.396381
1.19298
5.31138
-10.1376
5.37604
-10.852
2.04165
0.0932497
4.71729
0.236558
4.74028
5.26888
3.38111
5.65567
-5.28501
1.17524
-7.03192
-12.6051
-1.91731
-6.52596
5.50963
2.88294
0.237731
-0.624628
5.71107
-9.87983
-12.0304
-0.303158
4.14775
4.8595
-6.92309
-8.65377
4.69076
-14.0958
1.41689
-7.98032
-10.5852
1.26344
-11.8769
2.99649
5.43041
3.1567
-0.105712
4.85518
-11.0962
-3.37341
-3.50244
3.26465
-10.8519
3.27517
3.07347
-3.56601
-0.913779
1.40473
4.06966
5.05055
-10.4222
4.61268
1.69635
4.49123
0.231428
4.64956
1.50511
4.5315
3.8713
-13.9851
2.19736
3.78553
0.999175
-13.6808
5.09075
-8.98522
4.94181
2.61042
5.75455
4.58301
3.38952
-0.0643792
4.55353
-13.3047
-11.3596
-0.152306
4.38556
-11.9712
4.23452
-12.7106
-1.61706
4.60504
-10.8288
-1.96461
4.46209
5.55759
-11.9464
0.256158
-5.06398
-5.06236
-16.5415
-8.38049
-12.6862
-10.8911
-16.5628
-8.28776
-11.9054
4.31293
-14.8264
0.247798
-14.0674
-0.109363
-13.0125
-0.872465
-9.66995
3.80551
-1.6573
4.52159
0.391347
2.77437
4.64316
0.923504
-1.00005
4.97361
-13.4231
-1.97808
-2.23261
-0.045326
1.48102
4.09551
2.1206
-14.9537
-14.1471
4.94798
5.12406
4.80942
5.00284
-11.8745
4.7203
-2.3036
5.22749
1.3744
-0.952082
-9.1242
-10.224
3.16425
1.79643
3.37095
2.43909
-7.06453
-5.56668
-11.5568
5.38141
-10.3441
5.06108
0.118764
-1.59655
-12.9791
-11.2612
0.900338
-9.92143
-1.11811
1.19639
-9.53059
-10.9164
1.14705
-0.235129
5.87579
4.03795
-10.8929
-15.6314
-10.5853
-8.24174
-9.01476
4.9744
-8.50022
0.519127
-3.39095
-0.752252
1.90819
-8.59149
2.01212
4.51249
-9.07547
-5.18647
-12.587
3.05165
-11.7457
-4.16877
0.258356
4.41267
-1.14456
4.74252
4.75647
-1.76382
1.82464
4.81192
-13.5607
-6.32597
0.803979
1.18749
-0.888809
5.10483
-8.50117
-8.50918
2.84677
3.89479
1.37476
-8.43447
-12.4093
-8.48103
1.22072
3.48055
-0.0467886
4.56724
1.8772
1.43809
0.960644
-8.3533
-10.4185
3.73039
2.41132
4.73078
-11.9721
4.83193
-13.2615
-5.52263
-8.63923
-3.88076
-12.3117
-4.48204
0.904625
5.48508
4.90423
0.633255
-8.55513
-15.51
4.79096
4.99702
-8.79844
-11.281
3.36728
2.96224
4.84353
-6.9645
0.833453
3.36746
-6.28832
-12.6175
-8.63666
-10.5998
0.138174
5.10657
4.65138
2.87382
-8.56299
5.20781
4.32043
2.98852
0.963518
-9.01227
-10.0503
-9.87119
-11.8001
5.10139
-4.93367
1.33301
3.27979
-8.63568
2.71962
3.73065
5.58427
-0.654197
-11.2835
5.78938
2.30035
4.09851
-10.7024
2.43275
-1.57224
5.56713
-12.0258
-7.89375
1.41059
0.924079
-12.3011
-0.391099
-11.0869
-4.96479
2.10422
3.06523
1.52679
4.31992
-12.0131
-1.86012
1.29163
-5.77902
0.882612
2.41876
-0.235416
2.41501
0.969608
7.38766
6.30893
-8.20071
3.72743
-7.43096
4.48998
-12.2586
-9.13296
-10.6514
2.55199
-7.07403
-0.129471
-13.3278
2.71301
-15.2935
4.55419
0.466617
0.376859
-11.684
-16.0097
0.350774
4.3794
-10.5495
-11.5774
-10.5744
4.81026
-0.158587
-13.1588
2.61753
1.06144
-9.30592
4.56055
1.34734
4.99247
4.22638
-8.50403
2.14902
1.52063
4.6259
-8.55799
1.11615
4.52816
-2.93939
-2.57191
-8.79699
-17.1827
3.10219
-11.4159
-10.1881
3.95006
1.31609
-7.87791
4.72783
-10.9994
-11.6484
3.01101
1.83947
4.18674
-9.24422
4.37028
4.55028
3.84606
4.57184
-4.62533
4.4293
4.76897
-10.8197
3.27117
-14.9659
-9.85839
4.60557
-12.1936
3.35663
4.11384
-0.191684
-8.05286
-0.0140528
5.60415
2.70801
3.73657
-14.1697
0.598229
3.44728
2.27249
3.96981
4.38406
3.9431
-0.775076
5.04663
-9.62697
-12.7355
-8.71261
0.559185
-11.621
5.62654
3.17312
1.05183
-8.92443
-2.02265
1.18886
-15.875
1.94333
4.19419
0.680348
-0.883415
0.545999
4.81441
-0.356738
-12.3057
4.7151
-12.0972
4.525
0.593986
-12.1603
4.65117
3.45193
3.01989
1.30463
-1.49902
-0.0190522
2.02746
-13.8283
-11.8747
1.48857
-11.1219
-11.1395
1.84517
4.89513
-1.32515
3.9322
5.26785
1.91658
-11.6858
-13.4115
4.5537
-9.71133
3.84817
0.535048
-8.95239
-5.22368
-6.11342
-0.940057
-10.9233
4.25195
-3.48575
-14.083
-13.0442
2.2812
-0.000994128
4.53326
1.59702
1.24975
5.88074
-0.430306
0.890382
-11.756
3.05698
2.31892
-4.2608
2.40309
-0.558335
2.81937
-10.7582
0.466547
-0.976027
-1.15291
1.44711
1.29436
0.930535
2.12353
-12.4563
-8.5316
4.01327
2.52216
-9.99507
5.85513
0.361129
5.22829
0.264408
2.95349
-0.730965
-2.93988
2.76538
-9.92768
-1.47564
2.6581
4.4699
3.67956
4.57658
2.88101
-10.1859
1.75347
4.56828
5.72891
4.68142
4.54648
-16.1842
1.04672
-11.5508
5.34942
-0.632832
4.49459
2.71041
0.814644
-1.22231
-0.791877
0.42589
0.156335
4.11545
1.30463
-11.1268
2.45266
4.59778
2.29898
-11.7685
-10.5395
-10.4403
-2.90771
1.67019
-13.3299
4.76657
-13.832
4.14525
-14.0686
-8.00326
-11.9571
1.2264
2.06649
0.565974
4.54862
4.65355
-6.61677
-7.24838
1.25817
-11.2792
4.66353
4.61796
3.47915
2.06439
4.49469
4.7292
1.86893
-10.696
4.3289
-0.307349
1.01358
4.7793
0.697682
-10.6104
0.125618
-10.3227
4.92968
-13.416
4.75848
0.305984
-13.097
-3.92119
4.32982
-4.24565
4.63137
4.61769
4.00359
-4.58638
4.67025
-11.4215
-0.352453
2.03326
-0.650054
0.414468
4.40859
4.44438
-12.4706
3.13129
-8.54102
-10.8883
-1.02861
-0.923021
1.7678
2.71533
1.29805
-1.40862
-3.82867
2.38185
-16.8415
2.41369
0.975633
-11.4192
0.0778901
1.68495
4.85191
1.62244
-13.0672
-12.4486
-1.52274
3.28591
5.79662
2.08837
-4.52837
-8.42813
-16.3251
-3.85455
1.45585
0.452636
-5.63133
5.64423
1.15663
-0.0519101
4.42235
4.09568
-8.36412
0.611468
-8.51007
-10.7622
2.59492
-12.7786
-5.70129
4.62344
1.21844
2.74889
-0.754123
0.835213
2.55549
4.81487
2.52041
-7.17933
2.8189
0.774842
2.00241
-10.4059
1.28991
4.00853
1.41682
-12.1713
-0.216038
-16.2712
4.49194
-1.73989
2.73558
2.33627
0.671339
4.34989
5.39496
4.64475
-4.3959
4.2592
-1.49086
-0.359123
-0.713487
-10.9601
2.07556
-4.77617
4.8882
2.61049
-8.10566
4.73788
4.49305
4.38903
0.576245
-10.5883
0.363667
-12.2197
-1.84432
4.07287
-11.7856
0.265144
4.33194
-1.46998
0.584853
4.27442
3.22115
-1.761
3.6505
4.00517
-0.774361
3.38499
1.87758
2.41597
-2.71959
4.22937
6.65251
-2.03066
4.64085
2.52554
-1.50825
-1.26479
0.0690573
3.27517
-9.93983
2.50485
3.97298
3.81339
4.8226
-8.62077
1.30795
4.5743
-9.03301
0.647639
1.25131
-8.18678
-11.9388
2.05381
4.52689
-1.22522
4.00821
-0.571106
2.55354
3.456
2.17614
-1.27937
-5.07447
-10.3934
2.12379
-12.3816
4.65516
-7.35746
4.38834
1.06986
4.08521
6.78932
-0.74155
-13.1957
1.25256
-15.451
-9.73053
1.87558
-0.531283
2.53577
5.36697
5.068
1.81028
4.6714
-10.6541
5.10534
-12.3687
3.26794
-12.5289
-6.08298
1.25744
3.46002
1.80399
2.08571
-9.05783
2.22308
4.58628
-8.32806
-5.74014
-6.1508
-16.5157
-8.38902
-4.11126
-9.60401
-0.253451
-1.01129
4.61578
-11.9426
-9.74918
3.23225
1.86013
1.77131
-3.19342
4.529
-1.552
4.58244
3.08833
2.41066
-1.48944
-3.90702
4.60772
-11.8506
5.41911
4.69744
4.55158
1.59711
3.40597
-11.0255
-11.209
4.77221
-8.82883
3.87524
0.0025647
1.10513
0.70981
5.41609
4.69556
2.75094
-8.58964
0.896749
-11.6762
-11.711
4.7605
1.55365
-1.33775
1.45523
-5.63824
-14.5403
1.97869
4.24356
-0.54436
-1.95887
-11.799
-7.63331
-11.0388
-11.81
4.83163
2.59371
-2.1959
2.41121
0.421861
-7.83363
4.65999
-12.9349
4.1129
-0.923468
1.89521
4.42602
-4.07581
1.36508
4.5533
-13.7114
2.16868
-10.5972
-12.9002
-1.42393
1.84621
-3.17661
-5.36992
1.3706
4.80236
-11.1962
3.72875
-4.589
4.42061
-8.62046
-0.213521
4.49972
2.32144
2.36855
7.55435
-1.85883
1.748
4.66785
-10.3794
-2.48485
2.2238
1.00688
3.95198
3.23389
-12.0899
-11.7378
1.13201
4.02485
4.53401
1.89968
2.52303
4.62744
-11.0155
3.74932
-13.5198
1.25466
3.92073
5.71628
-3.39919
4.64665
2.29277
4.60214
-9.18542
3.71655
1.24507
-0.331979
4.68379
1.69758
-15.278
-11.3167
4.64508
-12.8598
-1.89743
-2.4463
1.90306
4.73904
2.42741
3.33566
0.616451
4.76722
4.5969
-3.71609
1.66839
4.40974
4.79735
-11.0911
-3.07683
2.40836
5.80226
-12.7243
-12.2315
-10.4315
-1.88665
-17.1034
-0.177973
1.45997
-1.33494
2.49666
-3.92263
-12.8298
4.73181
-2.65368
2.73883
4.73283
3.73613
-3.11614
4.02561
1.74836
-8.93175
-5.08709
-6.20863
0.752975
-4.12367
1.97875
1.85411
-4.4887
-9.20256
2.72486
4.75669
2.40979
-5.3679
4.53434
2.02519
-2.28711
-4.78985
2.46319
4.60401
4.79608
3.47483
5.15314
-12.3194
-5.01938
3.31283
3.59569
-12.3436
4.67409
3.5321
3.92691
-2.79671
4.63393
4.54137
0.886748
3.38351
2.83216
-1.99187
4.53952
4.54749
-6.56939
3.0986
-2.0382
4.70911
2.25786
-12.7484
-0.113743
-6.68382
-2.56543
4.68046
2.87328
-13.2209
1.33027
-9.12899
0.80687
4.33258
5.09825
1.28314
-0.00536532
2.41176
-5.96462
2.58393
0.908634
4.19508
4.63622
1.12385
-12.4964
-11.0965
5.52759
4.12941
4.10762
-6.04189
1.72721
4.53706
2.27277
-2.9571
5.85225
4.0108
4.51533
1.20451
4.52831
4.02938
5.17122
-8.52224
-10.556
-6.93617
3.60609
1.22144
-3.0192
-8.29067
3.20423
-8.53312
-2.93333
1.17667
-3.75824
-14.5542
1.5868
-10.476
-4.97346
1.26537
-13.4817
0.69684
4.25908
-8.72523
1.44897
1.80005
-10.3698
2.50129
2.49277
-7.9004
-13.0745
1.89209
6.053
-11.5788
2.78416
1.09114
-5.23466
3.80991
-8.44887
-14.0225
1.64178
4.48292
5.78895
-8.18858
2.55479
2.50294
-3.59743
-8.62261
-3.13518
-9.98946
-14.4618
4.16832
4.87641
-2.54577
5.19597
2.3836
2.50302
6.77672
2.77401
2.37179
-1.68281
1.29045
-12.9884
-2.9558
-0.54064
1.33436
4.58806
-13.202
-6.57028
4.92831
-13.0509
-9.19546
-7.39022
-11.518
-4.08377
-7.02196
2.70444
5.07068
0.883093
3.62748
5.08816
-14.6904
2.04905
-10.2839
-9.93204
4.24846
3.10402
-4.37887
-9.35876
4.63898
-4.34639
4.62616
1.95679
3.39788
4.19528
2.32281
2.9398
0.413615
2.30244
3.7461
3.27124
-10.5103
2.41396
2.47152
-13.8497
2.48339
2.70437
4.76432
4.45755
-0.389759
2.12899
-9.43543
3.47456
-4.01717
2.45916
-10.9377
-5.75695
2.79268
7.32088
4.46382
-14.0323
4.53295
-10.3522
4.61843
0.369815
4.49667
0.631274
-10.2901
0.742693
-11.3661
4.56538
4.75549
2.51367
1.41502
2.12276
-7.50229
-12.5586
-11.3279
-6.37196
-0.670095
1.99243
-9.65792
2.21106
5.99688
-8.90179
-0.173795
-4.7507
-3.20197
4.58867
-12.2958
3.90567
2.28646
3.06411
4.67065
-13.4576
-3.23119
1.50735
-2.90736
-8.62206
4.39096
4.68884
-13.0297
-11.7988
-15.7007
1.0087
4.70949
-1.03517
-11.8481
-12.2656
-10.0053
-6.11405
1.85386
2.70258
-5.73886
-3.12492
4.68316
-11.9899
-10.8997
4.46663
4.05587
2.44889
-2.28757
1.30031
-4.11058
5.75969
-6.5967
-11.5846
-11.6463
4.46123
-0.426842
4.69711
2.02832
-10.5329
3.71517
4.86469
3.48585
-12.6942
4.16296
2.9495
2.23756
-0.0383678
4.52024
-1.06719
-12.5403
-9.75708
0.986989
1.28401
-10.5043
-12.7288
4.24793
1.38036
4.89595
1.16923
-11.2854
0.337566
-4.61675
4.4603
4.50939
5.12331
4.58784
-12.4192
3.07491
5.6243
-3.29204
4.49632
4.33238
4.6797
2.90845
4.44269
3.58991
1.38274
1.90819
-14.1786
-13.4786
1.45771
4.75256
3.42668
4.3103
-17.4284
-11.3671
1.98677
2.03336
1.587
1.49701
-11.9665
2.55684
1.16364
-3.61957
2.51464
0.727792
4.62313
4.45589
-6.49988
-10.9527
-2.61134
2.18576
2.71075
4.36384
-5.74625
4.61421
-13.0587
-12.8301
-8.82203
2.087
4.6154
-13.794
3.17276
-0.328972
2.34122
4.51768
2.49605
-12.1101
1.60138
-10.2951
2.95498
-3.17943
-3.67226
4.46363
-0.73083
1.16
2.45916
-12.8501
4.40195
3.57179
2.50175
-14.21
-13.5831
3.98757
-3.38546
-11.1025
-12.5056
4.54798
-9.76274
-8.99583
-13.3043
-11.4699
-12.7375
8.24237
4.04578
-10.7643
-14.1699
-4.70609
-0.122663
2.65327
-1.00377
2.5903
4.9187
-0.390252
-6.8189
-1.60335
1.60979
4.41979
-8.48262
1.56081
1.43318
2.69041
-3.5331
3.55806
1.64613
-13.4134
-12.0892
1.8618
1.3969
-11.428
4.78784
3.14876
1.53479
4.42379
0.907989
-2.35278
-1.82712
-8.26396
-12.9524
2.70489
2.5535
-4.24532
-13.0894
7.68198
-11.3142
2.69019
-3.46419
3.23666
-8.8206
1.23903
3.79156
2.89362
-11.2567
-4.49033
-16.8824
-1.3018
4.53097
2.67404
4.18672
-1.57086
-12.9887
-14.3204
-10.4709
0.698046
4.49605
-2.71684
3.03762
0.751788
4.49552
-11.4068
1.33534
3.08211
4.68449
1.07185
-13.2015
4.61245
-0.374965
-8.66671
-13.0965
2.42627
5.25088
6.21515
-11.2975
2.83701
-11.8711
3.41857
2.09079
2.30308
-6.96665
3.245
2.40986
-9.05721
4.56192
1.20065
1.48235
3.86108
0.608678
3.01018
2.75846
1.69459
0.683991
-8.99327
2.39289
-15.4472
2.44592
-13.4156
-11.6358
3.58785
2.34717
-11.015
-8.96693
3.28025
3.63342
2.54934
-14.2122
-0.0489425
3.95497
-14.0707
3.11623
-12.145
-3.35222
5.41065
-8.6824
4.03561
1.30603
4.94648
-7.30095
-11.4307
1.50648
2.98485
1.77577
7.08852
1.16906
-7.11501
4.21914
-13.8981
-7.55213
4.35019
-10.2142
-14.0169
5.2665
-13.4881
-9.14015
3.87063
-9.35365
4.17119
-11.9815
-8.64912
-17.077
-14.1373
-1.61207
4.10748
4.69256
-0.904969
4.63526
4.26452
-7.99313
-11.4882
3.17768
4.40922
4.97416
-8.68541
3.98044
4.81005
4.80813
-10.4673
4.24999
3.96565
-8.56208
-14.0837
-9.10678
2.43302
1.42126
1.17733
-8.89169
4.51452
-9.515
3.81885
4.49153
4.56773
3.57331
-5.14983
1.66005
-12.1665
8.03942
-9.99067
-2.19416
4.72308
2.31833
2.80284
3.97075
4.67179
-12.2072
-0.528794
4.58566
2.48578
4.15144
2.4414
-4.02866
3.12729
3.91656
1.56316
-12.9607
2.54925
3.73388
1.15691
4.10243
-8.77655
-12.5318
-12.1266
2.99692
3.76043
5.13075
4.12632
4.84136
3.86712
-11.3498
4.4705
4.56607
3.9495
-9.8481
1.56928
3.17774
4.54349
-10.055
5.98961
4.76756
3.92995
-7.74255
3.81533
2.43003
-12.5492
4.53034
0.491933
4.30994
2.38498
-12.1424
1.57804
-2.79071
4.46402
3.45522
4.86108
-11.7997
2.77442
3.95943
0.470009
-13.3397
-6.62597
1.78062
3.1956
-13.5194
-11.7052
-1.47138
4.33097
4.34443
4.72134
4.72826
0.277814
-15.3465
4.74106
2.46148
3.47782
3.29065
2.6308
-8.38368
1.3853
3.10437
2.50481
-4.07895
-5.51295
4.16073
0.974465
-9.4075
4.04955
-17.1031
2.47792
2.79152
0.179121
0.7135
2.73486
4.57016
4.76698
3.61004
-6.07731
5.43905
-8.93948
-8.63155
-5.27831
-1.73573
4.32251
2.15429
2.4576
-10.4858
2.72072
1.54279
1.37154
3.47631
-11.3795
2.90596
-12.1764
-12.4751
6.31201
5.36742
4.33161
4.55505
4.67874
4.15805
-1.42814
0.989946
4.20899
5.25482
1.70677
0.815182
2.03295
4.72782
1.29917
2.9362
2.72674
1.64036
-13.673
2.02642
-12.1321
4.57425
4.0758
2.54437
4.59061
2.55004
-14.0755
1.50126
-12.4185
-11.6398
5.47436
-3.43964
4.04554
7.268
4.02511
0.816813
2.38213
-11.8365
-0.729294
3.47976
0.91795
4.21602
3.15698
5.63455
-12.4097
1.20314
2.53166
3.67372
-13.4148
3.83773
3.19834
-11.8748
-9.74626
3.38828
3.5488
-9.2718
4.67834
0.765215
1.72917
1.64259
5.64734
4.38147
2.98576
2.44471
2.16586
0.769582
1.6868
2.03825
0.84468
-9.11028
-0.681182
3.7911
-14.2291
-10.5401
-6.25809
-13.0822
-1.46444
-4.15353
-0.605993
-13.5501
7.69029
4.01962
3.17037
4.51344
-12.5392
3.22402
3.57725
-3.949
2.00532
-9.86058
-1.1918
0.96558
3.39662
0.856247
6.1909
4.76123
-16.4007
-14.1911
-0.372569
-10.7419
-4.04021
-8.61377
-3.23622
1.21378
-1.23206
3.45372
4.11334
2.14014
5.5389
5.20587
-12.8298
-12.7543
3.11415
4.68234
2.35433
4.41679
4.63077
0.833482
-3.54775
-3.43677
1.70837
-7.9115
2.65086
1.98288
4.0883
2.76795
3.84434
-12.761
-7.93227
-12.7881
2.99884
-10.037
-14.3594
3.15224
2.1126
-0.122555
-3.31805
1.84198
-11.0416
4.67008
-14.4204
3.11737
-15.5633
1.09802
-1.0656
3.05026
8.51029
4.30803
3.41464
5.99261
2.09596
2.38552
4.52506
3.84168
4.03987
-6.93404
4.07216
2.85354
-0.308338
1.66709
2.36682
3.29171
-9.2792
3.52357
4.28254
-3.60928
3.86514
2.78098
1.69686
4.00825
-12.0051
6.26212
2.43882
2.26457
2.47715
-16.03
3.4133
3.17599
-13.6175
2.55716
2.47142
4.12163
2.4574
-0.190867
4.04636
4.12925
3.88266
1.64588
-7.71732
-9.2504
-13.4801
3.29955
-11.2034
-14.095
-8.29861
3.49007
1.75403
-7.91061
3.00938
3.1533
-12.6003
5.12258
-10.6042
2.14096
0.258835
-4.87908
-9.04983
3.66261
2.77497
2.20547
3.8636
5.94331
2.90624
4.78858
4.42439
0.654653
4.88519
5.96868
2.40803
4.00644
4.10098
-1.35845
3.60194
0.58376
1.26201
1.62602
5.66416
-6.07063
-2.29233
6.33787
-6.36845
2.93463
2.39614
1.61912
3.63309
2.44001
4.49314
3.05202
-14.0838
4.66679
0.945072
2.77826
4.1004
0.0997296
4.06053
5.20412
-9.88779
4.56372
1.31653
3.19015
4.52472
4.99777
3.28041
-4.27507
5.71173
2.07254
-5.74211
0.525298
1.15628
4.86425
-4.81189
-10.6927
3.38995
6.35858
1.45327
-5.71461
3.7079
-13.9758
-7.65375
4.6148
4.541
-12.2259
1.21819
-12.1986
1.2094
-4.67664
-8.88977
4.67531
4.58878
-0.0899866
4.68029
-11.028
4.52476
1.76512
2.90413
4.43505
4.56911
-6.78104
3.22292
4.7174
4.97597
2.93606
-11.9027
1.2817
4.94295
3.93398
-12.7057
3.03037
3.5515
-7.25341
0.235192
3.51637
3.58776
-13.7231
3.86302
4.01852
4.69285
1.28704
-12.8539
0.525709
4.50087
-12.99
4.39369
3.74174
3.29577
4.43536
3.56224
-7.1312
-13.5251
2.56409
1.91854
-7.08294
-9.57396
-16.934
1.27891
-14.1161
-8.47913
2.50273
-7.09717
4.26056
-8.65263
4.61995
-13.8681
-0.151436
-11.2241
4.52778
4.60946
-7.94322
3.48447
4.982
4.71229
-14.3082
-2.08357
4.5968
2.51064
2.51539
-0.72912
-12.5897
3.1737
1.21932
3.11996
3.48858
-6.91998
4.23587
-7.826
1.28583
-13.627
-12.6915
-9.57775
5.14825
1.39502
-13.8278
0.662732
0.10051
2.33345
-12.0413
-9.81369
-3.00166
3.28678
2.93221
-10.8768
0.691274
4.61219
-12.0179
-1.81986
2.47016
-13.3255
1.94431
4.67358
1.7117
4.62387
-9.66897
2.39582
4.19308
0.550509
1.12236
-12.8537
1.10914
-2.4612
2.81178
3.29165
3.97334
0.0304226
-8.88275
2.06896
2.37563
-5.81227
3.50261
0.913916
-8.70576
-12.7635
2.70641
4.46818
2.89867
2.61618
2.64945
2.36413
5.13153
-11.0944
-10.9583
2.40436
-12.3139
-5.35912
4.75094
-12.932
-1.71863
5.21174
6.12366
4.60672
2.40343
5.81008
-3.89357
3.59621
1.18086
1.18674
3.76336
2.29732
-13.0266
4.90126
3.9438
-7.36313
5.08258
4.06734
2.38991
4.25331
2.84999
-13.0463
-11.6837
3.50668
-3.44378
3.81121
2.10372
4.55874
2.88095
-10.2418
4.64732
3.74402
6.35221
2.71263
2.54502
-6.52971
2.71981
-0.160513
-8.04884
1.81073
2.6448
4.75132
-5.31603
2.7248
-12.637
2.39921
-12.9435
-9.25192
3.51425
2.95083
4.36947
4.26838
3.66668
-11.8389
4.90829
-10.4788
1.95825
4.3705
5.17986
5.56753
4.91952
2.40568
-12.7653
3.75728
1.90427
4.5192
4.35844
-12.6552
8.35775
-11.4514
-2.68674
4.6099
-1.83397
-2.62898
-7.96754
4.32314
-12.5132
3.04349
1.48599
1.96554
4.42478
3.31833
-12.1741
-10.3061
3.08933
4.59317
-10.7794
-9.14555
1.09022
3.62859
4.49581
2.59973
-11.2738
2.55191
0.153262
-9.14638
0.0993872
4.72036
4.50808
4.68567
2.41795
-17.0048
-13.8057
2.36886
3.26132
4.01385
-10.6756
2.76965
-13.9395
2.95218
1.00266
-13.4867
4.67655
4.58739
2.78428
2.43585
4.65654
6.97585
3.91736
2.6307
3.13129
4.15078
-0.475904
4.2533
4.79512
1.56931
5.73208
-14.0364
2.45835
1.40115
3.85814
-10.9376
-10.4536
-10.2105
9.55932
1.05937
-8.76328
1.86036
1.60587
-12.2484
0.714926
-2.32968
-13.3738
-10.1956
1.56124
4.61339
4.46306
-11.0995
-13.6626
4.16692
2.64606
-2.42521
2.21882
-13.5068
4.09383
3.30307
-4.10187
-13.8497
-14.1584
1.50173
2.29585
4.03451
4.48652
0.477099
-11.0838
4.29558
-12.9797
-13.7836
5.53499
3.15481
3.47698
1.75047
0.156539
4.20428
0.879372
4.73538
-11.1568
-13.684
2.51187
3.15877
-8.73974
-15.3568
-13.9537
4.39992
-13.5333
4.23369
1.48289
4.64452
-9.58726
5.84483
-13.5007
-13.4815
3.6386
2.56902
3.89656
-14.0654
-13.7546
4.49391
-6.58221
5.71276
7.00386
-11.9646
4.28015
2.48946
-12.8184
1.09104
-0.0233575
-8.46909
5.75549
2.87757
0.569284
2.66598
4.60321
1.39876
2.67619
-8.40164
4.66247
4.61324
2.05849
3.98812
2.67994
3.86568
-11.3292
2.02166
3.9386
3.0628
0.63778
-13.5347
3.56364
4.35368
-12.4575
3.07293
-2.63819
2.42648
0.443633
1.93409
-13.9935
4.45708
3.37279
4.27205
0.547024
4.54336
-13.6529
2.24182
0.25318
-9.37834
4.36729
-6.64798
-15.7356
0.55017
3.10405
6.40188
4.05222
2.09919
4.29223
2.28515
1.99025
4.2641
0.955028
2.15746
5.6884
2.33008
-5.42204
-13.3077
-15.3594
-6.11857
4.62942
2.96722
2.19657
3.42456
-12.6413
2.92814
2.01073
1.4094
-11.9022
3.81689
6.3339
-10.4269
-10.8079
4.28477
0.86951
-13.5405
1.48454
2.74542
5.23123
2.28059
-14.3896
1.39225
4.85923
1.33905
3.6416
4.88396
1.45731
4.33576
4.96766
1.17055
3.63826
-12.586
5.54484
5.07055
-12.7372
2.03763
4.1404
3.96329
-14.1971
-14.0194
3.87849
4.13397
-7.14508
4.61208
-11.4871
4.23281
1.14939
4.7978
2.40603
2.9187
-0.467093
4.66062
3.87884
3.35853
-8.41779
-1.08428
-16.4485
4.38408
0.902865
-9.31716
-12.7726
1.08868
0.865675
4.28632
-12.0447
5.78538
2.31238
1.08053
2.04427
1.47817
3.62475
-13.2779
2.02748
2.66194
2.58906
-14.0368
2.9499
4.19476
-16.468
4.61537
-2.90642
4.34161
5.45774
-13.4256
2.08855
-6.96238
4.44764
-0.92446
2.45853
-12.7695
-8.85551
-16.3375
-0.242964
-13.8143
-1.85477
3.56063
3.98396
-6.12764
8.35394
4.69323
1.1166
-10.0998
0.99751
0.706301
-9.40771
-2.49526
2.01131
-5.66183
2.07879
4.38184
3.59321
-11.7863
10.8695
2.69108
3.22334
2.39665
1.95336
-5.66972
1.99985
-12.7978
-9.45129
1.17696
-3.52235
5.27971
-9.21924
-14.1893
0.505547
1.09957
2.22638
2.02635
2.20642
4.73292
2.04474
2.05512
-15.0779
2.58125
-1.02881
2.33283
4.81532
-3.6388
1.483
2.60239
-15.5517
-16.8436
-12.0159
-10.6801
-9.49778
-13.8142
4.07333
3.7936
2.3015
4.38953
0.0130815
2.36993
4.11825
1.97466
1.58233
-1.63372
4.05721
-11.8053
-2.64268
5.26454
-17.1268
1.28851
3.49711
-4.4921
-17.0564
-10.5127
4.58538
6.74874
0.752341
2.88851
-11.8863
-5.95774
2.96842
-13.8506
-10.9822
3.03721
6.39688
-12.1454
-6.46139
4.84941
-16.3704
2.30316
-0.946906
2.46569
2.72211
1.021
2.59805
1.81511
-10.5779
1.31347
-8.80039
0.699681
1.45877
7.9458
4.31041
1.8342
4.54073
-2.20734
0.711852
3.53446
-9.047
-15.9792
-8.85263
2.50524
-11.2515
-0.534665
2.67492
-11.9083
2.43656
4.89851
-11.9376
0.679582
-12.2416
2.15437
-0.227602
4.42494
3.16052
1.87878
2.54916
1.20557
4.77243
4.70571
3.04818
4.68169
4.52938
2.44742
-16.7382
3.53547
0.357905
2.00535
2.80459
2.31772
2.3882
-11.1028
-14.188
-14.4653
-14.0088
-0.899467
-5.78422
4.11544
0.877138
3.145
4.44751
-0.883342
6.53513
1.24978
-10.8035
-2.57998
4.52169
3.9956
3.34331
2.00257
4.8087
-3.93563
-4.76136
-4.63516
-13.3704
1.87674
-13.465
4.96553
-9.8677
0.843576
2.03565
-11.0513
5.12712
-12.8998
4.59721
2.13097
3.13837
3.11099
-10.2958
-9.07304
-11.406
4.1092
5.71795
2.09159
3.51747
2.39953
1.47755
2.10676
-10.9936
2.34586
2.24613
4.36571
-9.19184
2.93938
2.66323
4.54435
-12.2391
3.61233
-14.1535
-12.9276
5.52893
5.8769
2.56648
1.44783
5.986
-8.77326
4.57744
1.08114
-8.93151
4.58206
-14.1238
1.9772
3.61338
3.98109
-13.4502
4.85472
1.94211
3.24193
-1.58394
5.08418
-0.451048
2.31802
1.0245
4.75185
3.81943
-13.4629
2.76917
3.22867
2.72246
-5.75029
-0.645222
2.20757
0.0106948
5.02432
-9.84504
1.88733
0.714355
3.01798
1.79161
4.30175
4.57404
4.70263
-14.3394
4.57837
4.61151
7.63713
3.8862
-4.32411
1.00567
4.36401
0.746544
5.40701
1.51798
5.46825
-15.5449
1.73798
-11.4857
2.31405
5.4766
3.27831
4.3727
-1.19713
2.56295
-10.0296
4.18127
0.291729
2.01743
6.23381
2.39931
4.51689
1.77907
2.77467
4.16032
3.51117
-0.741953
2.92933
4.58356
-14.9882
4.88141
3.58323
3.44793
-6.21351
6.34543
5.30405
-13.8142
5.96839
-11.4679
3.28518
3.957
1.96897
2.02223
2.8904
-9.00671
5.92509
2.94601
2.38733
2.5013
-11.6956
4.8834
2.40884
1.37104
1.34868
2.61065
0.47293
1.65891
2.46018
-2.72277
1.5131
4.21179
-7.96444
2.54481
-8.00664
2.50065
-2.43996
5.84347
3.32193
1.62782
-11.1345
-11.6604
3.66761
5.46719
-7.94757
-8.74551
-1.88532
2.6671
0.705536
1.84973
0.0977823
-14.4526
3.54687
4.41114
2.05746
3.18225
-13.5911
4.73696
3.33565
2.2638
3.88953
1.63318
3.01959
1.72695
-12.1659
4.12245
1.34248
-16.7471
0.121691
2.61708
1.27579
-10.5951
2.90024
-2.35631
3.2955
3.87416
4.79522
5.77848
-9.65741
1.50991
1.10203
2.78466
2.19387
0.689454
3.61025
1.8436
-12.8667
2.11194
-11.7047
4.73512
3.56081
3.94284
4.83019
-10.9711
-5.88135
4.21642
0.828162
5.79419
5.0183
2.60164
2.87813
4.52891
-12.9703
-7.70233
-9.90654
-4.65008
1.11849
2.51988
4.63562
3.74618
4.10817
1.46639
4.56717
0.947202
-16.9245
-10.9063
3.64475
-12.533
4.71652
-15.3308
-12.3924
3.50291
3.67561
-13.7285
-7.9935
-11.5319
5.44504
0.713704
5.48347
1.65312
-11.0652
-10.0594
1.81732
2.95964
3.88931
2.62503
1.10272
4.59987
1.43846
3.58145
3.3019
3.83279
4.73323
1.73522
2.74602
-11.3501
5.35285
-8.37107
3.91959
4.36362
3.9903
2.58511
3.94073
3.79791
-15.8181
4.73757
4.44525
-7.87008
3.47537
4.3334
4.18168
1.84786
5.40991
-8.7497
2.22153
4.14003
3.41442
3.21407
-11.8181
-6.8789
-10.3929
4.30751
-0.261497
1.1173
0.954513
-0.640525
4.7504
0.879478
4.54594
3.74267
-8.7487
-14.4163
4.31088
1.3809
4.11209
-9.04889
-12.9525
-7.37458
-11.1548
2.03732
-13.7972
2.73145
4.48114
5.72461
1.47229
3.7218
1.60869
1.83913
3.80685
2.24966
-7.24207
2.49005
4.24976
1.70318
4.46026
1.17014
2.5701
3.16352
1.75027
1.33171
-0.650127
-8.89739
3.60293
1.84468
4.69989
4.17211
-10.395
-11.3573
3.21604
-14.0149
1.88602
1.66286
4.33419
-0.412401
5.10761
-11.8831
0.601599
3.44934
-13.8124
5.02508
4.12255
-11.5571
-3.05229
-15.783
-8.77516
4.84027
6.8286
-13.5697
-11.8243
-10.0093
2.207
-9.03683
-12.0086
4.5734
3.50463
3.57617
1.85849
-2.67426
1.83303
-11.4417
4.391
-10.0611
1.37017
-4.27116
6.65188
2.66017
3.61107
-10.8318
1.89177
5.55922
6.18737
-4.56351
-15.1666
3.16092
3.58688
2.19762
3.53483
1.9159
-12.9536
-13.6473
0.264737
1.34972
1.81323
2.44331
-13.3862
-9.74112
-1.68437
-4.24248
-9.17816
-13.2822
-13.4199
3.07537
-13.3346
4.13704
-7.74761
2.7953
7.74177
1.18072
5.70069
-9.8147
2.59536
1.57967
3.64551
-12.1567
2.66162
-11.5705
-5.61738
2.2105
-8.36346
4.91584
-15.7401
5.77412
-12.8804
-9.0651
1.88272
-12.4056
-9.82848
-10.6744
2.47752
-13.7715
3.72586
-9.59461
-12.0191
3.86118
-10.4082
1.56912
4.09077
3.40473
-12.774
-12.172
0.762493
3.47458
2.42396
4.67407
6.11138
4.55268
2.13267
2.51718
-0.581197
5.41575
2.90013
4.72215
1.59876
3.30216
1.24691
6.13418
-12.5849
-5.35045
3.70355
-8.81238
-14.6912
-9.81718
3.9391
5.08089
-10.6681
3.10515
1.6723
4.33349
2.55337
-6.13132
-10.8229
-5.11891
4.40372
3.31956
-9.20216
3.14199
-11.8352
6.03803
4.52705
-9.27053
3.44898
-13.9461
7.72165
2.38493
-7.22271
2.41371
5.95106
2.23724
1.53638
5.1333
2.81226
4.69076
2.61356
4.21787
0.855796
2.54549
4.2082
-6.73831
5.306
3.52506
-13.937
4.40998
-12.1083
-11.1055
5.17683
3.66963
2.1801
4.35689
4.35935
-8.89867
3.93346
4.71694
3.85551
3.41117
-1.33541
-6.5129
1.61684
-10.1433
-5.59303
2.49284
4.70543
4.3724
-11.019
4.01843
4.86847
-13.0585
-12.7341
-10.112
4.57918
-8.00639
3.16359
-1.98822
3.16608
-13.1222
2.35178
0.956136
4.65405
1.19526
-16.5176
4.6762
-8.97997
3.71639
2.91684
3.81791
3.51276
4.1737
0.820708
3.63309
3.16361
-5.44239
2.40175
-15.8299
-11.7227
2.05678
-0.788983
-2.71669
3.83766
-2.50629
1.96959
4.74859
-0.501018
4.40572
1.92317
-8.90098
-4.55681
1.75096
3.57904
-10.8071
1.64609
-13.89
2.36339
-13.8294
-1.56703
2.07176
4.68348
0.849512
-0.995241
-3.88551
-3.78176
-12.3607
-14.6269
-8.9458
0.762436
2.28765
-11.3508
10.0672
4.40954
4.10283
2.39387
5.84661
4.14667
3.75053
-12.0858
4.94401
-11.4747
5.05311
2.55745
4.82645
4.20887
2.07949
-8.63232
0.149603
-8.88479
4.48345
-9.49444
2.0228
2.31523
-11.3034
-13.1455
2.78105
3.44314
2.58067
-13.3848
3.50706
-14.8739
4.19412
3.4483
4.84869
-4.23661
-10.9159
-12.5354
-9.39846
4.8346
-16.0233
-2.69546
1.73378
2.8731
-13.9615
-10.7609
1.67331
0.651468
-12.1702
4.70467
0.738994
1.9309
1.62681
3.37611
-13.837
2.58919
2.07853
1.25549
6.86943
-10.2407
1.72223
-6.71398
-15.7725
6.88589
4.94457
-15.4544
-2.51174
1.43576
4.28284
0.818003
3.57153
-13.8527
1.49488
1.37615
-13.0073
4.67253
3.8164
-9.98044
2.83622
1.82983
3.9201
1.42726
-12.2295
-13.3888
2.44063
3.39746
3.79056
3.60642
2.97833
-4.74957
4.71579
7.21295
2.83357
2.91991
0.8383
-13.3539
3.78411
-12.286
-13.0375
3.62745
3.99656
2.15096
2.21695
3.01338
-4.13399
-11.149
-13.5139
-2.90568
1.02107
-11.8041
-8.74863
2.23974
-11.2766
-2.1614
-10.4376
-12.5074
-10.5151
5.38834
-0.978396
2.37717
-9.17452
2.13843
1.42285
4.0385
2.4814
5.46724
5.7617
0.381211
-16.1617
0.95158
-0.528941
1.05742
0.78665
1.61948
-8.57411
-1.92186
-12.2456
1.91653
10.2062
4.43971
-11.9754
-13.1687
-15.9059
4.52088
-12.0417
-8.24953
-12.661
6.64607
4.95343
-1.68236
2.76217
5.81867
1.08458
5.98483
3.94441
-8.56165
-11.3462
1.13398
3.72964
-3.63544
5.5203
0.0523616
3.45802
7.80176
2.50879
2.22542
1.98926
1.32449
1.49351
-12.6317
4.0584
5.64945
-16.8119
1.45329
0.412725
3.08268
5.5932
2.00431
-15.8244
-14.5658
1.11337
-9.71197
3.30649
4.92022
1.44943
4.64693
-11.4851
-10.2708
1.81693
-0.493001
2.10104
-8.79913
-16.4756
-4.36501
4.64869
-11.8575
-8.79016
3.60848
0.7116
2.98715
-12.6423
1.85761
1.22094
4.81788
3.02812
3.03327
-15.6324
5.34935
0.676113
-9.48971
4.59259
3.25274
2.97752
2.22577
2.61175
2.63136
2.00789
-13.2036
4.15658
1.763
2.11072
2.64357
1.18645
-6.11742
2.31878
-4.7521
1.99136
4.32388
-12.2694
3.85006
-13.4554
1.52885
-11.9287
-13.9195
1.73585
3.64428
3.26262
7.78159
2.98216
-11.2762
2.36486
-9.5727
2.61984
4.46885
-13.3159
5.31069
5.60566
5.19824
6.74331
0.581451
-10.2639
1.85392
1.97717
-9.76869
4.13362
2.36628
3.41926
-16.2024
-14.2162
4.81691
4.68491
-2.75258
3.88923
0.439097
-11.8872
4.00801
-12.0706
-10.7114
3.60233
4.43857
-16.3366
-8.93494
4.61534
3.24017
2.56795
4.48009
0.812156
2.09512
-14.886
3.08967
8.38461
2.37484
2.12317
3.1796
2.2495
8.49866
2.07683
-9.99834
-12.0512
2.20234
-10.1431
-13.256
2.39324
-8.97521
0.929703
5.30453
-10.665
-9.42151
-4.79336
-9.12985
1.77094
3.65232
4.261
5.94183
3.84757
5.46048
-10.569
5.45261
4.18177
0.348191
4.67603
1.78588
3.53741
2.33475
-12.4112
-9.50897
3.08473
-3.11517
0.518581
-12.8266
2.7318
4.26431
-13.553
-9.04108
4.73159
6.52599
-13.3985
4.72132
2.67143
1.66535
3.50547
0.497853
-16.6431
-2.47131
5.66673
3.01135
4.91621
-11.4412
1.57744
4.32252
2.46239
-13.851
4.24024
4.70891
4.65223
-15.865
-11.9168
-11.9119
1.23955
-8.40055
-11.9051
2.08546
-9.89702
6.18202
9.29467
-7.57515
-13.397
4.24721
4.60075
-9.22214
-11.2466
1.47313
-10.6241
-17.2805
3.24504
4.58096
2.58469
1.27358
-10.4386
-12.6637
-12.7115
0.435405
-10.9314
0.0620194
-12.3374
-9.2269
1.79136
2.77726
2.66402
4.0538
1.23849
3.40016
-6.69986
-10.2035
3.86018
0.894632
1.61713
-10.8387
0.902963
-15.3179
4.63023
-15.7829
-13.2487
-6.55423
4.61565
-0.557822
-15.7731
1.79716
-8.92162
-16.1934
2.25804
4.21818
-13.2338
-8.73639
4.17437
-8.85382
2.25941
-7.73798
3.66924
-3.98394
-2.51371
0.550487
0.657465
-14.2742
2.14583
-12.2626
-4.67685
-16.4671
2.40077
-9.26834
-11.9642
-2.93936
2.53992
1.81432
1.22052
2.27947
4.11445
-8.8671
3.50444
2.27191
-8.77422
1.50489
-13.7156
-9.12398
-8.2991
2.31106
-8.63485
-13.9382
4.16189
-9.45255
-11.4901
2.6829
0.935042
5.83678
-12.3186
2.39939
5.68782
3.55047
1.05463
-11.1143
-13.2396
4.12406
-14.2883
2.33146
-15.3975
-15.4892
2.73939
1.31655
2.49689
-12.9017
3.08343
3.07495
4.21066
0.32361
5.67249
4.88192
3.72229
2.48412
3.86238
3.21652
3.15426
2.7081
7.06281
1.29599
2.62223
-3.46407
2.20897
-11.1826
-12.1745
1.92355
1.78703
-11.2728
-10.5853
2.30056
5.9875
4.48295
3.3551
-11.7893
-6.14165
-8.67898
0.47432
0.413393
-3.33547
2.48248
-9.9357
1.73866
4.73784
-10.9264
4.195
-5.604
7.9027
4.18336
5.60115
-7.19192
-11.7667
2.93354
3.40872
3.04598
4.37936
-12.2838
2.44036
-9.3649
-12.0645
-10.5394
7.38138
2.00475
0.420881
5.46029
-16.2132
-11.7705
2.27544
-9.68265
1.93458
-0.727053
3.04299
-10.2039
-6.20284
-9.76824
-14.1778
-9.73163
3.69809
1.7527
-14.1395
2.41061
-2.82339
3.06173
-11.9877
-0.159823
2.28699
-11.789
-13.8267
-9.2608
4.97334
-10.1048
-8.62292
3.6067
-9.01668
-9.93531
7.8664
2.43294
-17.3063
0.476423
3.78381
-7.49181
-3.78046
-11.2718
-4.69292
3.76361
2.90198
-11.2393
4.11621
1.98781
0.76174
4.27242
-3.48104
-11.3862
3.94446
6.49548
-11.7642
-10.1568
2.39287
3.5244
2.31828
-12.3688
4.84184
3.57068
-8.80766
4.76278
0.812235
3.53734
4.12467
2.80141
1.33212
3.85656
4.49128
-11.3171
4.54378
3.95849
4.26732
-5.93508
-13.6013
1.00059
-12.1184
-10.9375
2.097
4.95381
4.95635
4.71697
-2.28448
-8.83465
-12.7109
3.496
2.35166
5.06352
4.39391
-2.16306
2.394
4.21682
-11.568
-11.9307
3.8149
-8.80707
-12.5508
1.02736
3.12029
-10.0885
2.15708
1.7546
-11.6148
-1.49498
2.67754
4.617
0.571023
5.69393
7.37419
4.52246
-5.25809
0.711494
3.85507
4.07931
-15.0809
-2.5598
5.28203
-12.5428
-2.33875
-0.621203
1.00325
2.07708
-11.2953
8.79039
0.395711
2.40346
-15.6838
2.55211
2.45518
-10.7243
-10.6193
-6.93645
1.72396
-15.5097
-14.8387
3.98444
3.93979
3.24589
4.71153
-12.608
6.39529
3.92569
5.27827
-9.49573
2.32539
3.83925
4.65895
-2.11748
2.49874
2.06386
1.17252
4.46008
1.00025
4.57291
2.85377
-2.47081
-3.81851
0.750629
-12.0491
2.61774
0.821993
4.67947
0.450583
-0.488241
-16.8708
-13.9517
3.42943
-13.1943
-3.0214
4.33732
5.02731
-10.2006
-11.8171
-14.0491
-8.87659
2.04114
-13.3007
-12.3322
2.68473
-12.174
3.52839
2.1498
-11.3542
-10.7238
2.45947
0.613502
2.50051
-3.14751
4.61369
1.34788
-11.8578
1.93003
4.71888
0.679311
-11.4572
-14.0641
-8.39031
4.53987
6.11155
-12.0584
5.01653
4.97209
5.31948
-12.7725
2.54902
3.7165
-8.65451
2.86185
1.77517
5.74957
5.357
-10.2398
3.78456
-10.0391
4.82474
0.61895
4.60475
4.75208
3.20943
5.56099
4.71244
2.56656
-8.98015
-11.5224
3.48874
2.89302
0.213775
-15.5656
3.71526
3.94738
4.08756
-5.82029
4.46584
1.77028
0.618477
-8.76307
-10.0793
0.796332
4.68879
2.66798
-12.3298
2.21198
2.15296
-6.06979
-12.7644
-5.69711
3.22067
4.7413
1.9659
8.20511
-2.30756
4.57931
3.89341
-0.463289
-10.8694
-12.3174
2.92178
6.69536
2.11002
3.48449
2.72095
-11.5807
-15.6662
-10.4105
-9.07796
0.324076
3.64369
-12.4059
6.10424
6.11598
0.380076
7.0789
4.63613
1.85187
3.7791
0.523316
5.01293
4.43532
-3.32215
5.04382
4.67643
2.074
2.65963
-15.6568
2.68919
-10.5991
1.22921
-3.51005
6.65555
2.36327
3.88066
-9.16686
-9.69028
4.73313
-4.76268
-14.3035
3.1135
-15.7645
-9.09053
-11.7026
2.37384
-11.5247
4.38285
0.22633
-9.97775
-11.1319
7.78591
-10.8593
4.33367
5.785
2.52124
-12.1272
4.51717
3.63357
-6.86607
1.42968
8.15147
0.64559
3.88769
4.44734
4.34251
7.52291
0.655933
1.52722
-12.8668
0.0156239
1.56532
2.73796
-13.9631
-4.58031
3.8822
-2.92632
4.55019
-11.719
1.25745
4.39072
-10.3047
4.80992
5.12535
0.791828
4.40242
4.66972
2.43511
4.96119
2.1906
-0.833428
-12.421
4.5442
-4.95789
1.05468
0.304996
2.69687
4.76942
-10.934
-4.1141
2.08989
4.66838
2.27004
-5.67174
1.80635
-8.65017
4.72444
-14.0315
-10.0031
1.03318
-9.06755
1.85947
2.05453
4.36783
6.00739
5.26698
2.32219
5.0544
3.28385
-5.08601
3.79262
-9.172
2.51525
1.16763
-13.6076
4.80103
2.77218
4.2183
2.39823
1.29133
4.37941
-11.8792
-1.39405
-11.1054
3.2147
2.15655
-16.1625
1.54642
4.28061
2.88026
-12.4919
-14.6028
6.68633
1.63996
-13.782
3.61801
-10.8323
-15.4288
2.40343
2.27481
5.50696
-13.7518
-8.65085
0.665743
10.0918
0.937602
4.43851
-11.4836
-14.7779
3.49973
8.90584
-11.7946
-12.1837
-8.47154
-13.9206
3.05853
-0.938289
-9.11519
-4.96985
-2.31531
5.22843
-9.16051
-14.6994
2.67462
-11.2881
2.71258
4.7362
5.13742
4.68628
2.19711
2.23622
-12.3586
-11.8882
1.8016
-12.2934
6.22823
3.91238
1.4317
1.18652
3.46933
3.65339
3.82971
6.48659
2.86076
3.50972
3.11841
6.75303
1.98292
-8.66463
-13.2198
3.05958
4.50478
-9.65132
4.68534
-12.0189
-2.61759
4.60914
2.38459
-11.9178
-9.45873
2.63602
-10.0456
-9.06135
-11.3975
3.88461
6.60618
3.1638
-10.5352
3.58058
5.10948
-4.81863
-11.8777
-13.7895
-0.157079
6.15371
4.3784
1.58217
-16.2282
-7.91755
-15.6906
1.1409
-15.7452
4.54734
3.28515
-8.89797
1.63583
-10.9137
4.61706
-9.87893
-12.1209
-3.35504
-1.39921
3.8533
5.06984
3.68274
0.857493
1.47472
3.93228
-8.04691
-13.3977
-1.99899
3.34168
2.73829
-9.07646
1.52295
-12.1788
0.984117
3.27652
4.56362
3.50019
-5.02147
4.17029
4.7235
3.71424
5.13198
1.45586
1.37384
3.27195
3.38962
4.81058
3.13483
4.12839
-9.2056
4.58768
2.7477
2.24414
-12.1363
7.75951
2.4735
2.79633
3.15234
0.379675
6.4256
-12.6959
-13.4451
-9.12385
5.88388
3.01539
1.49364
1.684
3.21345
-6.7783
-3.90731
2.58121
-12.8656
4.46449
4.65053
2.52441
-10.7606
-12.904
2.34494
2.87548
3.53591
2.13756
4.53818
-12.0893
3.31569
-10.9648
3.3049
-6.07728
0.770482
3.33403
-9.04186
-0.493751
4.715
-13.3824
-10.1966
6.25535
1.33148
7.50603
-9.40395
4.54834
-10.2067
0.791297
-11.2344
-11.0745
2.79849
-9.89549
-13.2094
-8.49437
-12.3516
-5.61574
3.31311
-12.5898
3.81951
7.37386
-0.57915
-9.72179
-11.0087
8.0232
5.53529
-10.0453
-11.2416
-12.5113
3.55058
-4.14083
-11.8607
4.13314
-8.84998
2.77236
-13.5319
-10.5678
0.461193
2.16242
-11.145
-12.5617
-13.8027
2.30003
3.19959
3.65913
5.02226
-3.49232
2.15036
-2.2957
3.96789
-12.6014
4.69277
3.37975
-6.33893
5.81011
-9.47884
2.72154
0.977464
4.44157
3.9439
3.90992
4.80505
1.42826
-7.52923
-14.1962
2.1794
-2.42537
1.41402
4.4652
3.6645
5.85204
-9.38757
-12.5078
2.28281
2.11671
5.2069
3.64628
-11.6004
-14.2407
7.3243
1.7128
2.03281
-12.9478
2.78465
7.52828
-10.1492
-2.63359
4.62812
2.20004
-9.04535
0.529611
3.52622
3.07297
4.14774
-0.388797
-13.828
-14.4508
-12.5558
-2.58544
3.19981
-9.41761
-12.8306
2.34092
4.40069
-12.786
-1.72899
-9.62606
-13.5215
-3.55776
3.37791
3.91865
2.41376
3.91672
4.4941
2.051
-9.37782
-13.2291
-2.87235
3.81539
-12.0149
10.5612
2.52119
1.44121
-10.6327
2.30895
-12.3731
-9.42736
-10.226
-11.5911
5.02567
-11.8897
1.96496
6.32045
0.569149
-12.082
-10.6483
-5.91962
3.57998
-14.2109
-9.34967
-11.5624
7.73906
-13.4388
1.59839
-12.989
4.17711
4.46126
-13.6467
-10.0438
-11.141
2.62178
4.26332
1.65558
-12.4274
4.64605
3.32262
3.19607
4.21713
-12.6775
2.10252
2.97958
9.38898
1.47289
4.06651
-12.2106
3.13024
10.2216
5.40147
4.42723
-10.6024
-10.1747
2.35802
-12.3224
-12.2251
-9.03387
0.512315
-10.0194
-9.01909
-4.34846
4.29812
8.40523
3.14938
4.52104
-12.4526
-11.3995
6.00998
2.86457
-9.41265
-14.5505
3.3676
-13.5351
-0.198225
4.8024
-9.29634
2.90415
6.30347
4.67395
-10.1596
1.98679
0.541975
7.1292
5.11291
4.49459
2.31175
2.96787
1.93263
-10.5737
-12.3026
-16.4529
-12.6367
8.55288
2.34994
1.4976
0.340426
1.78718
2.90651
-13.8821
2.18339
1.85952
6.14018
7.43428
6.1661
11.1457
-3.39359
0.923938
2.78302
-11.8069
4.09912
-10.5455
-11.1507
2.9815
2.95279
-11.8144
4.43909
4.69838
2.51932
5.10238
2.94572
4.45572
-8.04797
1.94066
3.53628
6.5621
6.28341
-11.84
-11.5084
3.69362
4.47967
4.41044
2.03683
2.8085
8.08734
2.71783
-9.84046
-11.4619
-9.65664
-13.5454
7.36466
-10.1161
-10.1168
-9.81314
-11.5145
-11.9722
-11.6226
7.28277
2.71008
-12.0006
6.01999
1.68757
7.99173
2.95983
4.10503
-11.5362
-11.1756
2.07428
-10.4055
-12.0835
2.98474
1.73181
3.68869
11.7881
1.17758
1.4901
0.792993
-11.9681
11.3487
-10.8023
-8.68127
-9.72735
-11.1708
1.07722
-9.84635
-10.3402
-9.64654
-10.678
-12.5563
-9.4639
-10.8708
-11.2796
-9.40095
1.00613
1.67705
-10.0108
)
;

boundaryField
{
    back
    {
        type            empty;
    }
    front
    {
        type            empty;
    }
    outlet
    {
        type            zeroGradient;
    }
    circle
    {
        type            zeroGradient;
    }
    walls
    {
        type            zeroGradient;
    }
    inlet
    {
        type            zeroGradient;
    }
}


// ************************************************************************* //
