/*--------------------------------*- C++ -*----------------------------------*\
  =========                 |
  \\      /  F ield         | OpenFOAM: The Open Source CFD Toolbox
   \\    /   O peration     | Website:  https://openfoam.org
    \\  /    A nd           | Version:  10
     \\/     M anipulation  |
\*---------------------------------------------------------------------------*/
FoamFile
{
    format      ascii;
    class       volScalarField;
    location    "800";
    object      k;
}
// * * * * * * * * * * * * * * * * * * * * * * * * * * * * * * * * * * * * * //

dimensions      [0 2 -2 0 0 0 0];

internalField   nonuniform List<scalar> 
10435
(
0.948346
1.06855
1.02321
1.24833
1.62997
1.69163
0.961435
0.89096
0.838537
1.4653
1.23992
1.39008
1.22566
0.729822
0.74817
0.99759
0.713669
1.43805
0.816295
0.994637
0.93178
1.20417
1.05317
1.12448
1.35239
0.400924
0.53146
1.07551
0.475953
1.47279
1.30216
1.33015
0.872743
0.47145
1.00096
0.859632
1.06876
0.561148
0.30658
0.917714
1.58289
0.992164
0.589055
1.13426
1.13904
1.03205
1.6393
0.563017
0.789957
1.16258
0.920543
1.5361
0.298321
0.41196
0.329077
0.440969
1.10696
0.575395
0.637094
1.02568
0.324074
0.992507
0.560739
1.57844
1.09804
1.09903
0.583957
0.623829
0.904387
1.19597
0.407787
0.489681
0.444055
1.09828
0.771873
0.585162
1.24417
0.937048
0.845597
0.741252
1.24804
0.861866
0.290488
0.416702
1.27246
0.855247
0.931921
1.16068
0.800561
0.984954
1.22635
1.29634
0.903108
0.836796
1.04067
0.802462
1.3481
0.761096
0.667262
1.44293
0.779833
1.74878
0.881874
1.09906
1.7686
1.19225
0.947855
1.21043
1.2809
0.764646
1.1078
1.69978
0.824639
0.792402
1.40495
1.15101
1.46519
0.909139
1.16797
1.4062
1.46424
0.497993
0.966993
0.628789
1.42344
0.364082
1.38431
0.53268
1.54381
0.550873
0.581031
1.31682
0.958818
0.720834
0.525646
0.272458
0.728719
1.29651
1.09679
1.09628
1.04384
1.21127
0.543899
1.45482
1.2514
0.695068
0.67535
1.63442
0.706039
1.39971
0.512909
1.18119
0.977089
1.38692
1.55574
0.457154
1.52723
1.02967
1.5245
1.10644
1.29888
0.702542
1.32489
1.33013
0.798582
1.52846
0.88338
1.35778
1.29842
1.52703
1.41258
0.384916
0.481461
0.720357
1.33914
1.01354
0.922662
0.666478
1.05162
0.512445
1.15098
1.72898
1.40553
0.346359
1.25574
0.513447
0.523729
0.929927
1.66858
1.48962
1.43528
0.285748
0.528415
0.788388
1.62356
0.916038
0.659463
0.806756
0.621918
1.0346
0.806774
0.552172
1.14164
0.574963
1.09184
1.46018
1.24443
1.33327
0.564815
1.28831
0.457035
1.02866
1.47222
1.34043
0.520972
0.720623
0.828944
0.344514
0.40487
0.685625
0.483611
0.687746
0.584443
0.690444
0.436367
0.978607
0.352375
0.768472
1.40601
0.604742
0.660131
0.926328
0.376997
1.22519
0.57319
0.696261
1.16192
0.435823
1.21655
1.32995
1.07942
0.396504
0.363214
0.435558
1.39718
0.843743
0.751405
0.895294
0.382401
0.930121
0.38616
0.843033
1.29581
1.31432
0.909432
1.59594
0.345979
0.920503
0.420744
0.549813
0.933808
1.43131
0.39589
1.28604
0.864453
0.666212
1.02707
1.17666
0.320631
1.50847
0.950613
0.872761
0.894993
1.26334
0.435556
1.41581
0.552252
1.57443
0.95496
0.860028
1.31856
0.657299
0.969842
0.745974
0.883549
0.309947
1.68075
0.328571
0.420198
0.489846
0.70724
1.20906
0.555821
0.882758
0.311692
0.402447
0.674715
0.904658
1.50081
1.25715
0.632556
1.2569
0.991643
0.418432
1.41838
0.739302
0.693816
1.26177
1.18687
0.420206
0.99782
0.517628
0.855229
1.67221
0.89113
0.40644
0.359406
1.38924
0.636295
1.37521
1.76599
0.524475
0.928847
0.281207
0.844558
1.17739
0.469557
1.02087
0.627815
0.568444
0.938586
0.510572
0.416996
0.984576
1.32314
0.58865
0.410701
0.395112
0.435389
0.463603
0.494705
0.474925
0.318094
0.481096
0.462509
0.502289
0.599658
0.579327
0.27695
0.825878
0.42006
1.19707
0.515564
1.06104
0.827693
0.765337
1.20019
1.12354
0.425382
0.449389
0.402457
0.371866
0.449697
0.31392
0.506496
0.514071
0.599122
1.34494
0.502731
0.811991
0.349667
0.535719
1.24024
0.733435
0.314775
0.532246
0.555396
0.55526
0.447925
0.431914
0.627167
0.338637
0.856094
0.600644
0.884426
0.809655
1.11104
1.16456
0.791349
1.03071
0.941745
0.636699
0.443021
0.459063
0.413419
1.00312
0.438199
1.26255
0.609564
0.52457
0.548502
0.538144
0.380811
0.968825
0.556223
0.87128
1.28793
0.386843
0.459622
0.580051
0.752733
0.586616
0.481838
0.417378
0.445807
0.591027
0.490035
1.03559
0.408878
0.46458
0.486067
0.478532
1.34516
0.321876
0.283516
0.695838
0.44118
0.0856955
0.0832354
0.0799712
0.0762558
0.0723848
0.0682195
0.0637565
0.0589215
0.0536285
0.0866325
0.0838673
0.0803159
0.076441
0.0724301
0.0682425
0.0638473
0.059244
0.0544805
0.0872631
0.0841676
0.0803602
0.0763331
0.0722214
0.0680062
0.0636717
0.059247
0.0548345
0.0877187
0.08429
0.0802427
0.0760769
0.0718776
0.0676344
0.0633437
0.0590451
0.0548366
0.0880947
0.0843701
0.0800952
0.0757941
0.0715085
0.0672309
0.062963
0.0587419
0.0546381
0.0885033
0.0845385
0.0800426
0.0755991
0.0712169
0.0668915
0.0626254
0.0584518
0.0544294
0.0891184
0.0849279
0.0801994
0.0755955
0.0710998
0.0667098
0.0624281
0.0582889
0.0543539
0.090226
0.085665
0.0806662
0.0758759
0.0712474
0.0667743
0.0624594
0.0583411
0.0544882
0.0919993
0.0868329
0.0815268
0.0765267
0.071748
0.0671723
0.0628022
0.0586765
0.054866
0.0943043
0.0884466
0.0828517
0.0776364
0.072696
0.0679985
0.0635474
0.0593785
0.0555516
0.0968039
0.0904778
0.0847088
0.0793056
0.0742023
0.0693661
0.0648083
0.0605641
0.0566869
0.0991264
0.0929325
0.0871958
0.0816651
0.0764083
0.0714207
0.066733
0.062388
0.0584471
0.100882
0.0959932
0.0905084
0.0849125
0.0795077
0.0743525
0.0695077
0.0650293
0.0609955
0.104281
0.100352
0.0950397
0.089349
0.0837643
0.0784045
0.0733587
0.0686992
0.0645191
0.110681
0.106745
0.101265
0.0953385
0.0894901
0.083859
0.0785459
0.0736305
0.0692003
0.120656
0.115617
0.109546
0.103199
0.0969768
0.0909905
0.0853344
0.0800924
0.0753515
0.133614
0.126869
0.119971
0.113089
0.10641
0.099998
0.0939305
0.0882953
0.0831965
0.147651
0.139872
0.13233
0.124965
0.117832
0.110976
0.10446
0.0983707
0.09282
0.162078
0.154143
0.146354
0.138693
0.131207
0.123961
0.117018
0.110459
0.10439
0.177156
0.169671
0.161966
0.154217
0.14653
0.139009
0.131722
0.12475
0.118205
0.193599
0.186795
0.179323
0.171623
0.163892
0.156249
0.148756
0.141472
0.134501
0.212227
0.205969
0.19868
0.191084
0.183454
0.175875
0.168375
0.160968
0.153735
0.233959
0.227597
0.220252
0.212762
0.205386
0.198102
0.190866
0.183627
0.176448
0.259724
0.251863
0.24406
0.236699
0.229777
0.22308
0.216456
0.209754
0.203015
0.290102
0.278403
0.269906
0.262861
0.256698
0.250938
0.245338
0.239656
0.233187
0.134533
0.134401
0.135076
0.136566
0.138879
0.141998
0.1459
0.150543
0.15588
0.161842
0.16836
0.175353
0.182726
0.190386
0.198219
0.206107
0.213922
0.221528
0.228785
0.235556
0.241689
0.247022
0.251322
0.254215
0.255664
0.255908
0.254998
0.252804
0.249284
0.244751
0.239312
0.233
0.225869
0.218066
0.209733
0.201013
0.19205
0.182986
0.173958
0.165094
0.156499
0.148258
0.140415
0.132985
0.125996
0.119485
0.113494
0.108071
0.103251
0.099066
0.0955212
0.0925963
0.0902545
0.0884407
0.0871016
0.0861824
0.0856384
0.0854304
0.0855268
0.137266
0.137449
0.138401
0.140139
0.142665
0.145967
0.150018
0.154775
0.16018
0.166155
0.172602
0.1794
0.186453
0.193681
0.200995
0.208297
0.215481
0.222433
0.229037
0.235173
0.240717
0.245539
0.249492
0.252396
0.254081
0.25445
0.253484
0.251233
0.247832
0.243425
0.238103
0.231927
0.224971
0.217336
0.209136
0.200499
0.191556
0.18244
0.173279
0.164191
0.155284
0.146646
0.138351
0.130463
0.123055
0.116205
0.109986
0.104472
0.0996884
0.0956167
0.0922134
0.0894301
0.0872114
0.0854991
0.0842381
0.0833685
0.0828405
0.0826159
0.0826585
0.13798
0.13838
0.139466
0.141244
0.143713
0.146857
0.150651
0.155058
0.160036
0.165527
0.171468
0.177782
0.184384
0.191186
0.198093
0.205007
0.211824
0.218435
0.224727
0.230581
0.235873
0.240467
0.244217
0.24697
0.248596
0.249015
0.248195
0.246159
0.242981
0.238768
0.233615
0.227606
0.220824
0.213367
0.205341
0.196862
0.188049
0.179022
0.1699
0.160795
0.151812
0.143052
0.134612
0.126589
0.119083
0.11219
0.105992
0.10054
0.095853
0.0919066
0.0886522
0.0860172
0.0839292
0.0823198
0.0811249
0.0802891
0.0797669
0.079524
0.0795277
0.1343
0.134708
0.135771
0.137493
0.139865
0.142866
0.146467
0.150631
0.155311
0.160458
0.166011
0.171907
0.178072
0.184433
0.190906
0.197402
0.203827
0.210077
0.216043
0.221609
0.226651
0.231038
0.234635
0.237309
0.238942
0.239453
0.238801
0.236994
0.234081
0.230141
0.225261
0.219527
0.213031
0.205869
0.198142
0.189957
0.181423
0.172653
0.163756
0.154841
0.146018
0.137396
0.129085
0.121198
0.113845
0.107126
0.101116
0.0958624
0.0913708
0.0876126
0.0845356
0.0820626
0.0801097
0.0786002
0.0774713
0.0766717
0.0761612
0.0759111
0.0758937
0.127891
0.12828
0.129293
0.130932
0.133186
0.136034
0.139445
0.143382
0.147799
0.152646
0.157868
0.163406
0.169197
0.17517
0.181252
0.187361
0.193409
0.199301
0.204933
0.210194
0.214966
0.219128
0.222554
0.225127
0.226744
0.227329
0.226839
0.225268
0.222645
0.219026
0.214483
0.209097
0.202958
0.196161
0.188805
0.180991
0.172824
0.16441
0.155857
0.147275
0.138776
0.130475
0.122487
0.11493
0.107911
0.101523
0.0958336
0.0908762
0.0866492
0.0831187
0.0802265
0.0779004
0.0760645
0.0746476
0.0735885
0.0728368
0.0723535
0.0721103
0.0720809
0.118959
0.119253
0.120147
0.121642
0.123727
0.126382
0.129576
0.133271
0.137422
0.141981
0.146894
0.152104
0.157552
0.163173
0.168896
0.174646
0.180341
0.18589
0.191198
0.196163
0.200673
0.204617
0.207881
0.210359
0.211956
0.212604
0.212259
0.210909
0.20857
0.205283
0.201108
0.196119
0.190403
0.184051
0.177159
0.169825
0.162149
0.154231
0.146181
0.138106
0.130116
0.122322
0.114837
0.107773
0.101228
0.0952853
0.090002
0.0854037
0.0814841
0.0782081
0.0755199
0.073353
0.0716383
0.0703122
0.0693202
0.0686173
0.0681656
0.06794
0.067916
0.107972
0.108144
0.108885
0.110199
0.112076
0.114499
0.117439
0.12086
0.124721
0.128974
0.133568
0.138449
0.14356
0.148838
0.154219
0.15963
0.164994
0.170225
0.175232
0.179919
0.184183
0.18792
0.191029
0.193415
0.194989
0.195688
0.195473
0.194331
0.192266
0.18931
0.185518
0.180955
0.17571
0.169873
0.163534
0.15679
0.149733
0.142459
0.135078
0.127687
0.120386
0.113274
0.106452
0.100018
0.0940573
0.0886401
0.0838147
0.0796024
0.0759981
0.0729726
0.070479
0.0684607
0.0668588
0.065618
0.0646898
0.0640336
0.0636173
0.0634172
0.0634105
0.0946395
0.0946184
0.095137
0.0962035
0.0978147
0.0999564
0.102603
0.105723
0.109276
0.113215
0.117494
0.122057
0.126847
0.131805
0.136869
0.141979
0.147062
0.152029
0.156793
0.161253
0.165311
0.168869
0.171847
0.174166
0.175731
0.176495
0.176417
0.175489
0.173698
0.171072
0.167668
0.16355
0.158824
0.153581
0.147887
0.141847
0.135548
0.129073
0.122536
0.116006
0.109567
0.103297
0.0972753
0.0915832
0.0862945
0.0814594
0.0771273
0.0733136
0.0700189
0.0672256
0.0649032
0.0630112
0.0615045
0.0603397
0.0594768
0.05888
0.0585198
0.058374
0.0584193
0.0782876
0.0779585
0.0781528
0.0788963
0.080196
0.0820366
0.0843857
0.0871903
0.0904511
0.0941639
0.0982105
0.102534
0.107062
0.111723
0.116507
0.121347
0.126235
0.131123
0.135808
0.140135
0.144033
0.147438
0.150319
0.152597
0.154205
0.155085
0.155207
0.154547
0.153055
0.150736
0.147707
0.144055
0.1399
0.135338
0.130427
0.125166
0.119686
0.114231
0.10876
0.103259
0.0978377
0.0925537
0.0874501
0.0825752
0.0779797
0.0737442
0.069905
0.0665113
0.0635464
0.0609597
0.0587448
0.0569084
0.0554428
0.0543215
0.0535055
0.0529716
0.0526937
0.0526463
0.0528029
0.419883
0.388483
0.360928
0.335361
0.311034
0.287756
0.265547
0.244541
0.224823
0.206445
0.190266
0.177053
0.166932
0.159455
0.153406
0.148169
0.143785
0.140354
0.138081
0.137038
0.136912
0.137197
0.13739
0.136977
0.135342
0.399076
0.378582
0.355262
0.331246
0.307384
0.284116
0.261767
0.240573
0.220755
0.202645
0.186712
0.173264
0.162332
0.153697
0.146966
0.14182
0.138073
0.135605
0.134323
0.134108
0.134747
0.135918
0.137231
0.138196
0.138146
0.395089
0.373588
0.350245
0.326158
0.302051
0.278454
0.255779
0.234352
0.214485
0.196513
0.180716
0.167234
0.156065
0.147098
0.140164
0.135092
0.131713
0.129847
0.129296
0.129848
0.131257
0.133214
0.135329
0.13714
0.138086
0.394231
0.36988
0.345
0.319974
0.295236
0.271195
0.248228
0.22667
0.206833
0.188992
0.173335
0.159933
0.148773
0.139789
0.132889
0.127964
0.124866
0.123402
0.123326
0.12438
0.126276
0.128674
0.131161
0.133254
0.134365
0.393769
0.366597
0.339727
0.313336
0.28769
0.263077
0.23979
0.218111
0.1983
0.180568
0.165045
0.15177
0.140722
0.131849
0.125083
0.120329
0.117444
0.116237
0.116436
0.117754
0.119861
0.122382
0.124888
0.126915
0.127982
0.392581
0.362856
0.333932
0.306048
0.279405
0.254183
0.230571
0.208774
0.188985
0.171357
0.155979
0.14287
0.131998
0.123307
0.116725
0.112148
0.109426
0.10836
0.108668
0.110042
0.112128
0.114533
0.116827
0.118566
0.1193
0.390919
0.358551
0.327451
0.298012
0.270361
0.24454
0.220613
0.198701
0.178933
0.16141
0.146193
0.133285
0.12264
0.114178
0.107807
0.103402
0.100794
0.0997769
0.100061
0.101326
0.103201
0.105287
0.107157
0.108398
0.108629
0.38919
0.353509
0.32002
0.289036
0.26045
0.234099
0.209896
0.187878
0.168135
0.150725
0.135686
0.123014
0.11265
0.10446
0.0983225
0.0940819
0.0915465
0.0904957
0.0906455
0.0916638
0.0931635
0.0947411
0.0959619
0.0964342
0.0958301
0.38675
0.347178
0.311256
0.2789
0.249577
0.222835
0.198439
0.176313
0.156583
0.139297
0.124436
0.112035
0.102039
0.0941697
0.0882868
0.084209
0.0816966
0.0805305
0.0804527
0.0811235
0.0821016
0.0830095
0.0833285
0.0825172
0.0803711
1.30173
1.27267
3.85479
0.307973
0.0412403
0.0491423
0.980503
0.0212
4.10115
0.0475627
2.94813
0.0361394
0.423178
0.033504
1.19511
0.0658356
4.69643
0.284417
0.0467473
0.642642
0.267767
0.0669984
3.17947
0.117567
0.0186267
0.0253383
0.0187392
0.187619
1.32832
3.65117
0.0489095
0.0323058
2.97267
0.545438
3.36061
0.0347553
1.01618
1.20326
1.10349
0.0609742
3.30714
0.00524084
0.0464989
0.484072
0.175924
0.106182
3.8736
4.04394
1.63981
2.07567
3.67719
2.63481
0.329836
0.267789
0.93374
3.86452
0.0297214
0.293313
0.0197941
2.16532
0.0490967
3.72727
0.040154
0.0715571
0.021666
0.447607
0.050285
0.234028
0.440899
1.90418
3.66445
0.0862797
0.0272816
0.69327
0.0193636
0.265103
0.827684
3.84082
0.0141894
0.248036
0.504988
0.0700141
0.0245428
2.94366
0.042869
0.0517832
0.0260591
3.73391
2.98103
0.0865747
0.120158
0.0611464
0.0581312
0.0379969
0.0301122
2.96238
0.0253987
3.17613
0.0125101
2.09412
0.103559
3.30424
0.115304
0.0921145
0.0197949
0.16192
3.24864
0.488511
0.0218773
3.70974
0.064931
0.0300138
3.33975
0.0897858
0.318602
1.62515
2.68653
0.0582025
0.370046
0.0202187
0.00134726
0.028713
0.116136
0.0184607
3.04971
0.0439823
2.69767
0.503477
0.0142429
4.04234
0.0234267
0.696256
1.92609
0.946358
0.254294
0.0260253
0.167984
0.0736768
0.0456835
0.6526
0.078412
1.02213
2.3145
0.00291438
1.4434
0.0817621
0.342726
0.462329
0.0646311
3.58802
0.280727
0.029643
0.339032
1.43628
0.0200649
2.87822
0.021076
0.0576802
1.07432
0.0381687
0.0479864
3.89626
0.0501117
3.31024
0.0569852
3.35672
0.0368962
0.0188932
0.0975382
0.0216468
0.0294519
0.0777032
0.243165
3.10944
0.0533786
0.177574
0.548418
1.64175
1.71106
0.0787618
0.776077
0.0307122
0.340735
0.7921
0.394197
0.0143512
3.54493
0.0223335
2.32893
0.055529
3.37396
2.21782
0.952032
0.982926
1.28139
2.55849
0.0192004
0.0646616
1.53692
1.21881
0.531251
0.120901
0.064346
0.0582332
0.155778
0.0477087
0.0517527
0.112593
1.78827
0.0550405
0.0195045
0.0383354
0.761916
0.142055
0.370692
3.6782
0.0293181
0.0160221
0.122638
0.116177
0.0790541
0.00610253
0.0202734
3.11192
0.0946311
2.76965
0.0820165
4.69591
0.019892
0.0290708
2.74087
0.0354042
0.02958
0.0187
1.08428
0.0489075
1.13814
0.120596
0.832019
1.49785
0.047685
0.0488392
0.0525884
0.319841
0.0265341
0.0256951
0.033333
0.237329
0.064061
0.0387331
0.0177341
0.192455
0.0469004
1.66458
0.0218951
0.0190028
3.32514
0.850453
1.09844
0.0470663
0.236973
0.0149444
0.0409913
0.0196292
0.722447
0.0182206
0.0460672
0.399626
0.968228
0.0189031
0.318565
1.02535
0.0150345
0.0152058
0.0475605
0.406952
0.0543969
5.07554
0.0332339
2.79012
0.516999
0.304222
0.205274
0.104623
1.67955
0.0527326
0.170672
0.153048
3.57726
3.55459
1.36944
0.0542513
0.00317909
3.72791
0.792805
3.62629
3.45371
0.0571902
0.0399552
1.77999
2.48847
0.0491814
0.0630466
0.0626713
3.39484
0.0489566
0.260422
0.0486568
0.650863
0.0680108
0.0886125
0.0746566
2.64528
0.0138563
0.014269
0.987519
4.10157
0.0474491
0.0186347
1.08848
1.04646
0.0368171
0.0651485
0.0478659
0.027026
0.0181466
2.62791
0.502373
0.0568567
0.299218
0.0562007
1.26368
0.0641128
0.0482412
3.43697
0.0558135
0.0291794
0.0261579
0.00821311
0.232115
0.0395973
0.0343445
1.73851
0.0718621
0.724789
0.0288135
0.0523871
0.0216316
0.0251058
3.77194
0.635385
0.0581813
0.00916686
1.07919
3.74623
0.0860163
1.19526
0.470523
0.0505751
4.00181
1.83268
3.11371
0.0311157
2.709
0.00472961
0.0245002
0.0854861
4.12814
0.0384262
2.22906
0.0863833
1.42042
1.35994
3.96452
0.424119
0.0178671
0.0196429
0.0649946
0.0348584
0.0479548
3.42163
0.0701416
3.05839
0.536837
0.497843
0.987832
0.0595739
0.639186
2.86409
3.388
0.557503
0.0470494
0.150887
3.20632
0.740568
0.0469354
0.0476648
3.0029
0.0568629
1.36692
0.0215381
0.0472736
0.0421548
1.77013
0.0323498
0.000241733
1.06808
0.161994
0.633774
0.046975
1.83162
0.0392306
1.71675
0.0438882
0.0322116
0.0487256
1.64909
3.77348
0.0453566
0.0600344
0.0604271
0.0369644
0.091724
0.128252
0.0902033
3.2324
0.00508112
0.0759623
0.0490905
0.0330323
0.0541039
0.0191277
0.0893532
0.0145522
1.26818
0.0799928
0.0652137
0.00243498
0.0218465
0.0549328
0.0379631
1.50411
3.70076
0.542263
0.457222
1.74087
0.140996
1.8157
0.0190088
0.0138522
3.94147
0.0435406
0.0485689
1.71257
0.073292
1.83441
3.83269
0.0517864
0.12565
0.569044
0.0560788
0.377328
1.70156
0.711181
2.90144
0.0227116
0.0225118
3.42964
0.0364044
2.90936
0.217728
0.0229945
3.13041
0.0540227
0.0184353
0.483573
0.0817451
0.0208361
0.494757
0.418806
0.375646
1.10566
0.00188826
0.0346061
2.87305
0.0358156
0.0681023
0.0990661
1.92687
0.079366
1.2336
0.0552252
0.0191537
3.09725
0.0367122
0.0260864
1.20287
0.0504081
0.0569805
2.16165
0.0480791
1.30247
0.0409907
0.261179
0.523223
0.597464
0.0558023
0.0545765
1.06456
0.0317811
0.0616413
0.552857
0.052445
0.0768539
0.0137641
4.11033
3.37999
1.66657
0.0180437
0.356444
0.0581279
3.54028
0.648233
0.626081
0.543034
0.108022
3.08673
3.37902
0.0475185
0.0910537
0.181998
0.0830715
0.51513
2.76028
0.0217145
0.632255
0.0472831
1.8079
1.62979
0.058999
1.05338
4.08482
0.0643842
3.35728
0.0111897
2.63856
0.0381351
0.0642377
0.0500602
5.2224
1.06253
1.10124
0.0141773
1.72057
1.68727
4.14497
0.0198759
0.0695436
0.395983
1.92396
0.0500888
0.945124
0.0484178
0.442709
3.81051
0.0469113
0.355472
0.0181007
0.0330964
0.269415
2.74898
0.116854
1.09858
0.0239744
0.0388893
3.38819
3.98638
1.98037
0.0771533
0.283727
0.663522
0.339117
0.116845
0.0594816
0.0211677
3.02788
0.0626754
0.0485518
1.18016
0.108572
0.0691609
0.0563816
0.0681484
1.31325
0.0748777
0.0188969
0.495573
1.68498
0.0367024
0.0306143
1.78261
0.183703
0.00546435
0.0739074
0.486083
0.0235389
0.0549345
0.0461311
0.137199
0.0415068
0.0494649
1.10123
0.025087
0.0928814
0.138246
0.317911
0.0238921
0.0522064
2.42862
0.0821938
0.021465
0.0362745
0.0667774
0.0513147
0.0273275
1.99834
4.31828
0.168905
2.9972
0.0211436
0.0189723
0.0217399
0.0105944
0.0820932
0.0195398
0.33128
0.0866563
0.020446
0.0260173
1.11552
0.34113
0.0485421
0.438961
0.0616516
0.0459499
0.0187829
0.140184
0.617672
1.94376
1.31433
1.10529
0.0123137
0.047749
0.0084261
0.113279
0.0458862
4.007
0.0485895
0.263358
0.0334008
2.05039
0.214886
2.89822
0.00284046
0.0221326
0.0203654
3.40504
2.04166
0.355515
0.331089
0.0258805
0.0486805
0.0398195
2.32675
0.00353558
0.0310195
1.00069
0.0327372
0.0892802
0.0476355
0.0141917
0.324877
0.0726622
0.0252549
0.0444978
0.0620604
0.0635864
1.49533
3.41684
0.0329663
1.11174
0.0457343
2.93166
0.0215899
0.0704913
0.0391315
0.0224137
1.18845
0.047901
0.0639147
0.0201411
0.216199
0.0233236
0.102134
0.0869566
2.82354
1.12928
0.264653
3.856
1.24949
2.00129
3.30936
0.0471601
0.0212778
0.0219798
0.000533782
0.0520807
0.507414
0.0748948
0.0315966
0.406701
0.0537611
0.0485826
0.316493
0.0419074
0.0494883
0.0226235
0.266077
0.551789
3.4635
0.0485631
1.87454
0.85425
1.59391
0.274577
3.44429
3.57328
0.501836
0.0147978
0.0612806
0.00218579
0.189828
0.04473
0.714526
1.57833
0.0656584
1.03228
0.557816
0.0216631
0.0222918
0.0393092
4.22622
2.11501
0.027821
0.99475
1.40504
0.369886
2.18724
3.03263e-05
0.0368447
0.32907
0.00315396
1.51512
0.661517
3.15342
1.36115
0.0190206
1.3755
0.018799
0.00217143
0.346407
0.0638858
0.0843076
0.0365857
0.0448201
0.447598
0.0618037
0.0178909
0.0495711
0.0503008
0.305765
0.0591136
2.42872
1.21771
0.0652012
0.594451
0.0767321
0.674676
0.0541746
0.0598298
0.0856334
0.374691
0.333031
0.00383387
0.083797
3.79786
1.91141
0.781991
0.0477381
0.49106
0.69483
1.28832
2.00459
0.968836
0.0613764
0.0756754
3.18855
0.011074
0.0211776
0.141436
2.58713
3.7807
0.0297471
0.0365364
2.09182
0.021014
2.6388
2.11518
0.0810653
0.0292868
5.14111
1.46835
1.79117
0.0534806
0.0326948
0.00954842
0.455769
1.03416
0.0449795
0.0208011
0.0281476
0.759758
0.0443089
0.341896
1.72426
0.0483776
0.0374788
1.2087
0.0498806
0.361664
0.0305034
0.344311
0.049583
0.0205694
0.688376
0.0824261
0.067133
0.0559028
0.213632
0.3581
3.56296
0.0177738
0.0460404
0.0434066
1.12047
0.663414
3.013
0.0182384
0.515433
1.23383
0.00121665
0.0187382
0.03532
2.76738
0.0521247
0.80314
0.0754416
0.00350752
0.931873
0.0575334
0.700665
0.695611
0.427137
2.44396
2.70115
4.18447
0.0502621
2.90761
1.04997
0.0819648
0.947221
0.0323589
0.0351094
0.61534
0.0466564
0.108278
0.286672
2.1374
0.015051
0.0115148
2.70236
0.0485094
0.0644719
1.10884
1.55552
1.02818
0.061927
0.167809
3.87442
3.1728
0.816074
0.352507
2.04983
0.061
0.0146391
0.44335
1.70293
0.0500377
0.240109
0.0360408
1.9524
0.0806956
0.690368
1.75232
0.00342132
0.0334687
0.0632267
1.67594
1.0928
2.06501
1.53669
0.114602
0.212569
0.321928
0.120057
1.54138
0.283262
0.0326053
0.0553086
0.0459189
0.0119127
0.529199
2.96821
0.0296774
1.7815
0.0918745
1.14805
0.0545756
0.0321002
0.020458
2.97732
2.0986
0.172568
0.336204
0.0294073
0.0205
1.33129
0.0494678
1.17662
0.981846
3.61314
0.0296414
0.211866
1.34042
0.0657665
0.10382
0.0623214
3.52076
0.0562029
0.0902239
1.13018
1.11503
0.0223334
0.11948
0.047899
0.0821494
0.0239413
0.0230716
0.310224
0.018831
0.197771
1.71379
0.661767
2.99039
0.050122
0.177035
0.510499
0.0112076
1.40874
0.0417735
0.050397
3.39831
0.073999
0.309222
0.0597877
0.0190435
1.73767
0.0490858
0.205238
0.0130859
0.922731
1.04212
2.71894
0.02001
0.894641
0.0306861
0.26151
0.0671658
1.96762
0.848897
0.189702
4.10827
0.0395985
3.82387
0.0418794
1.63313
0.0690833
0.0212684
0.0557323
0.729979
1.23421
0.0227576
0.0620992
0.652656
0.0308297
0.0647313
0.0201164
0.0117734
0.0619585
3.99849
0.0922816
0.0485156
1.37775
0.204097
4.17428
0.0116546
0.072689
0.0280306
0.0694649
0.110946
0.0375655
3.3694
0.0752995
0.465572
0.0326045
0.126119
0.51248
1.81409
0.0529984
0.0585759
0.0668073
0.105869
0.0381125
0.253761
3.34576
0.265263
0.306788
0.0274903
1.36484
3.44885
0.163823
0.599919
0.0692294
1.58664
3.11007
3.99644
0.0419615
0.0438168
0.137488
2.09365
0.117784
2.42091
0.0845301
0.329051
1.84808
0.015771
0.0650085
0.0598849
0.0499553
0.0495389
0.0424558
1.52177
0.0474319
2.69153
0.0500055
0.0304876
0.0184228
0.0471096
0.342989
0.0342185
0.693506
0.590781
0.0376129
0.0869158
1.57964
2.83842
0.0322185
0.0422705
0.0852805
0.26931
0.233089
0.154151
2.60287
0.0240224
0.0519834
0.383906
0.038687
0.150034
1.35407
0.0313559
0.0248862
0.00396818
0.0514106
0.754824
1.63214
0.862383
0.053589
0.143191
0.049101
3.09923
3.23394
0.0512565
0.0509644
1.0529
0.0502342
0.0238093
1.58797
1.46524
0.0612273
0.0518357
0.0194148
0.3001
1.65001
0.0286927
0.0156056
1.68986
1.81434
0.00134058
0.0292287
0.0236035
0.0925601
0.302615
0.362279
0.0414456
1.2539
0.0453019
0.0793361
0.0333971
0.324562
0.0270514
3.51952
1.69523
3.6976
1.63402
0.897327
0.365887
0.0326054
2.77512
0.36816
0.0226197
0.151072
0.032519
0.125459
0.0432054
0.0357635
0.0199614
2.4045
0.018775
0.187216
1.33006
0.0502513
0.177012
0.271165
3.98257
0.0114842
3.68425
3.16308
0.0550603
0.0233104
0.150252
0.207239
0.126594
0.865826
1.98694
0.0814546
0.0200724
0.0513332
0.841695
3.14417
0.0773999
0.0761735
0.0191921
0.0292857
0.0599685
0.227435
0.0504507
0.0654612
0.0937357
1.81346
0.0598181
0.166748
5.50803
0.0566797
0.193816
0.141103
0.66575
0.206547
0.221789
0.372888
0.0490928
0.978821
1.77515
0.0366889
0.527744
1.19886
0.0486844
0.0729848
0.0839711
1.07256
0.0311794
0.453538
0.0603362
1.34033
1.96491
0.529483
1.7283
0.0782969
0.0574347
0.67561
0.827038
0.0718539
0.0908594
0.0378558
3.00512
0.0844133
0.180117
0.0234256
0.106175
0.428435
0.0309159
0.0256491
0.0302198
2.12754
0.6255
0.0460116
0.106111
0.0464712
0.0389458
0.0494071
1.66225
0.0977678
0.650925
2.63074
0.433628
0.00139536
0.913797
1.35279
0.660443
1.66032
0.0769031
0.771146
2.62695
1.92809
0.00917544
1.76872
0.051081
4.34936
0.162265
0.0498785
0.455508
1.12433
3.57797
0.655992
0.166178
0.0478678
0.947224
2.14688
0.136634
2.66544
0.104034
0.657657
0.0556004
1.98608
0.166737
0.0200803
0.0507121
0.601156
0.0221371
0.0541753
0.621365
0.0348608
1.57744
0.0157653
0.0595412
1.22342
0.900665
0.0788942
0.355853
1.28006
0.110925
0.38619
0.165381
0.0633743
0.224079
0.0201987
1.78904
0.557093
0.0140085
3.51083
0.0584027
0.293255
0.15134
0.0771526
0.0253113
0.270182
0.60911
1.02427
0.0218838
3.33345
0.0290349
0.380742
3.45696
0.250735
0.0970341
0.932358
0.0752318
0.0375082
0.00204258
1.12307
2.24849
0.0439469
2.82036
0.166107
0.0514966
0.921777
0.0617156
0.0379751
0.485866
0.0918004
0.0374443
0.101804
0.0285018
0.0650367
0.0982981
2.00157
2.08208
0.101708
0.0526666
0.0207731
0.519994
3.36798
0.0369039
0.0155476
0.157254
2.91296
0.0167488
0.784551
0.47199
0.0215093
0.347081
2.84427
0.034045
0.122825
0.0472781
0.181134
0.0327561
0.0350047
0.0821658
0.261232
2.17419
0.0129099
2.6915
0.021057
3.05877
0.0616905
0.936255
0.298313
0.682884
1.75419
0.0615319
0.405253
0.108434
0.0830362
0.0866524
1.8763
1.77862
0.0635593
0.0552733
0.291339
0.0877819
0.0387384
0.0156331
3.65352
1.96052
0.567849
2.82038
0.0993978
0.0224056
0.574056
0.124414
1.67443
0.0119004
0.0733878
0.0199087
0.056929
0.0401262
0.0533742
0.0461433
0.23756
3.30862
2.04837
0.0528554
0.177875
0.410242
3.68335
0.042923
3.42864
1.62182
2.11702
0.0791126
0.586704
0.0236637
0.101351
0.0762235
0.0702573
0.047741
1.59415
3.31529
0.087398
0.168921
0.624522
0.194005
1.99356
4.12753
0.052378
0.0142066
0.0559507
0.145545
0.65007
0.0194495
1.89053
0.529156
0.067191
0.0681746
0.0957055
0.322616
0.104545
0.0239329
0.0617743
0.0332117
0.0883051
0.404196
0.0955865
3.78499
0.0742187
0.0516873
0.178828
0.0594334
0.0317572
3.18195
2.05381
0.0527925
2.1761
0.0487436
0.919899
0.0800047
0.108293
0.0331325
0.0237057
1.90225
0.0626628
0.0865039
1.20392
1.45837
0.0468307
0.0518479
0.0469862
0.094224
1.19119
0.0265592
0.044621
2.95318
0.0462661
0.0494327
0.0807866
2.83898
0.0506453
2.15367
1.66215
0.0192318
1.46134
0.0863395
0.012119
3.38454
0.281837
0.0476156
0.0013783
0.343619
0.0705663
0.116326
0.0204386
1.17034
4.37442
0.0472508
0.019023
1.68988
0.0667509
0.68817
0.729571
0.0614774
0.51832
3.35818
0.0465787
0.593779
0.0627937
0.073912
0.101153
0.038362
2.2158
1.6836
0.0608751
0.0504596
2.43272
0.0597363
0.105802
0.0747824
0.516243
0.960816
0.0217033
0.0354843
0.0510986
0.03551
0.0216999
5.26037e-05
0.050308
0.101801
3.7024
0.359395
0.0412197
0.778637
0.0760721
0.684723
3.55715
0.769776
1.79503
0.0511348
0.0010286
0.364147
0.104348
0.0571371
1.69481
0.0656772
1.62737
2.02117
0.382039
0.0775473
4.32112
0.0221976
2.12111
0.0419129
0.0426644
1.40222
0.20711
0.686025
0.0546592
0.0386015
0.0138646
0.0850536
1.26583
0.714791
0.0663591
1.53952
0.27016
2.02279
0.0153284
3.30641
0.0607947
0.0485949
0.228444
0.0574538
0.308687
1.87091
0.39823
0.024541
1.80624
1.23443
0.11482
0.654106
0.425571
0.0102091
0.311137
1.98554
0.048023
0.030069
0.0386519
2.66864
0.0394597
0.0110097
1.1625
0.37853
0.122285
3.39902
0.613864
0.149447
0.148456
1.00509
0.066476
0.358895
0.0263851
0.0619068
0.0362447
3.4704
0.0636752
0.778472
2.11748
0.018675
0.607969
4.80516
0.0655793
2.96914
0.0338674
0.327374
0.0991282
0.0179296
0.0783863
0.0498856
0.0242733
0.0701715
0.0573448
0.0482154
0.0488588
1.79374
0.386252
0.0519324
0.310888
0.0340426
0.0442178
0.029398
0.05969
0.0720398
1.39545
0.0107924
1.1296
2.06964
1.34288
0.853168
0.0923934
0.0850222
3.53545
0.0400673
0.458899
0.0593488
0.0301264
0.107638
3.30941
0.0681844
0.0457147
0.0339296
0.127314
0.0620514
1.29992
0.359474
0.946513
1.92194
0.0395411
0.0272306
0.359255
0.0500099
0.0633975
0.0195243
0.0869475
0.022949
0.0464678
0.0808403
0.0107883
0.823225
2.19814
0.825138
0.0695236
0.048457
0.655448
2.05087
1.82671
0.0230865
0.04774
0.477368
0.0317096
0.0206263
0.0599187
1.68015
0.496795
0.0310194
0.0358674
0.0695473
0.019485
2.08482
0.0251095
0.062699
0.062181
0.055916
1.93728
0.0564734
1.43429
0.0415836
0.0562522
0.0185273
0.0208534
2.0125
0.224706
0.0270788
2.90022
0.461444
0.391458
0.0166056
0.039883
1.0256
3.24478
3.39178
0.0316937
0.606854
0.0545381
0.0489045
3.5783
1.75957
0.0185865
0.0165179
0.764218
1.1986
0.0474223
0.0206487
1.9048
0.0356835
0.073916
0.101091
0.0608654
0.383759
0.054164
0.0514845
0.0593825
1.61808
0.046355
0.0229155
0.0364109
0.077117
0.0961105
0.0702547
0.29405
0.543834
0.433043
0.0740632
0.0694179
0.0472641
0.0175774
0.0569075
0.0421892
0.366193
0.0536212
0.0636971
0.123995
0.442213
0.0240488
0.0188559
0.0568889
3.61588
0.0524391
0.609016
0.0115555
0.0527016
0.00304011
0.0596314
0.0589794
3.2041
0.0684931
0.026511
0.224047
0.0470516
1.24176
0.0470523
0.0348065
2.86319
2.36014
0.0204122
1.96583
0.04757
0.769941
1.06462e-05
1.95093
0.0234585
1.04998
0.0394216
2.23446
0.338714
0.904522
3.52735
4.31698
0.0276497
2.7921
0.0206805
0.019823
0.0400781
2.14927
0.102553
0.0215797
0.424117
2.84978
1.56474
0.10914
3.12903
0.0189861
0.0958323
0.0357923
0.28019
0.0781479
1.51467
0.0486416
0.0623814
0.0507952
0.0113147
0.0981621
2.01912
0.0304777
0.0524344
3.97099
0.367196
0.0207299
0.107564
1.93875
0.0732197
0.0542609
2.51395
0.111029
2.53422
1.00913
0.037654
0.252382
0.580342
0.0258723
0.0921601
0.0295866
0.0202649
0.105092
0.0806368
2.16681
0.0232657
0.706263
0.114739
0.0351823
2.01149
0.765427
0.0375075
0.0468804
0.0188429
0.021076
0.0209393
0.571887
1.29121
0.0315903
0.0450885
0.0540448
0.886425
0.0656987
0.628002
0.0719772
0.029517
0.0811044
0.0905925
0.98463
0.0578684
0.397449
0.900702
0.00017199
1.16594
0.0711039
0.566846
0.296367
0.0418176
0.0414462
0.0834509
0.0240836
0.081014
0.971731
4.03813
2.9658
1.86138
0.467156
0.00216153
0.0205616
1.07225
0.0240119
1.13627
3.73596
0.0552183
2.99031
0.577955
2.85866
0.0630439
0.0242887
0.0422945
0.0468811
1.8115
0.0335989
2.20883
0.159741
0.0698052
0.0176229
3.63299
0.938905
0.0536569
0.021214
0.107745
0.0800069
0.0436469
0.449228
0.552138
0.0245199
0.0216619
3.24521
0.0451081
0.861076
0.0792875
0.0482089
0.105199
1.88924
0.00228361
0.0272982
0.0306111
0.0287695
0.119555
0.0215862
2.05282
0.18983
0.0251161
0.0661367
0.0232025
0.485752
0.125911
0.0191059
1.37837
2.03164
0.0421209
0.644514
0.0467347
1.68033
0.3285
0.0888607
0.0955813
0.0432752
0.0185109
0.0247696
0.385353
0.417043
0.0510069
0.150369
1.13504
1.90538
1.12657
0.829211
0.100838
0.0627471
3.12722
0.0505147
0.0365136
0.0208964
0.109751
0.723097
3.5847
0.0888796
0.530696
0.0707317
0.391161
4.58519
1.84194
2.5412
1.80324
0.431029
0.0724667
0.0831161
0.04257
0.29588
1.31388
0.0217161
0.440156
0.0234998
3.59558
0.0540411
1.0394
3.18701
2.03142
0.0349217
0.941662
0.20041
3.04116
2.16397
0.013569
0.0191231
0.0276617
0.0525848
0.0237401
1.14048
0.0554485
0.00307492
0.815253
0.0251983
0.033688
0.391127
0.0867817
0.0774619
0.64669
3.31634
0.204991
0.980771
0.0227153
0.0528497
0.0298515
2.21711
0.941215
2.19596
0.0374339
0.0360998
0.0881853
1.87501
0.221228
0.415549
0.0426749
3.67697
0.0201076
0.0136888
0.360418
0.00278121
0.0424975
0.0497301
0.4191
0.0406136
0.0821426
3.87243
0.0780184
0.0305297
3.07677
0.0332516
0.970197
0.977404
0.013533
1.39109
0.0515289
3.13453
0.0522478
0.827549
0.0476556
0.00939867
0.0456276
0.0539445
0.0476971
0.0716476
0.0584524
0.354229
0.0204325
0.0349707
0.0740733
2.99311
0.0518235
0.118466
0.0870127
3.17396
0.0344166
2.55727
1.63657
0.0469849
0.282071
0.841646
0.728262
0.745953
0.972555
0.0107515
0.0432217
0.982222
3.34608
3.61109
0.916343
0.107919
0.0253604
0.249741
0.0137496
0.120919
0.0171976
0.100592
0.0343798
0.0521741
0.73649
0.0504951
2.81849
0.0459799
0.0193524
5.23512
0.0148913
0.336825
0.0147857
0.02231
0.0329751
0.0248984
0.0175078
0.0230286
1.44029
0.363778
0.0226417
1.10093
2.97178
1.28383
0.0174517
0.240611
1.9897
2.98651
1.7485
2.02017
1.82376
0.0174481
0.00324139
0.0716069
0.316173
0.612176
2.95115
0.0364811
0.0186135
0.0799867
0.0534173
0.892906
0.060376
0.432868
0.0458816
0.0193839
0.0154627
2.10901
0.0198908
0.609723
2.85129
0.230996
0.225673
0.0749936
0.053651
0.0262705
0.0216776
1.0707
0.0586212
0.0588002
0.150696
0.0870154
0.0828456
2.20129
0.612008
1.06399
1.66091
2.73262
1.71438
0.168563
0.0569496
2.52165
0.125935
0.0591378
0.392219
0.0616186
0.0926631
0.0436501
5.48599
2.95061
0.0247453
0.0460684
0.0417235
3.75474
0.0259427
2.9342
2.62493
0.642408
2.03695
2.2691
0.904041
3.21502
0.954269
1.10464
0.581338
0.643819
2.07119
0.634549
0.0551909
3.16839
0.0463582
3.02754
0.0273535
2.983
0.0731785
0.0305172
1.59782
0.974373
1.41159
0.0139316
0.942557
0.0596872
0.0570164
0.0138511
0.0211336
0.0385643
0.0393691
0.0200688
0.0592357
0.293683
0.0640553
0.0317871
0.0474888
0.0294526
1.76687
0.0314564
1.52965
3.18133
0.0772128
0.594195
0.060283
0.81638
1.19756
0.445793
2.65516
1.77068
3.22921
0.810905
0.0466098
0.0486984
0.0160796
0.0339686
0.0367078
0.027574
0.0954093
0.493589
0.678377
1.01787
0.571904
0.0483956
0.0670192
0.0773321
0.0891688
0.0502627
0.211144
0.0545498
0.141727
0.0482292
0.0919357
0.0174523
3.22623
1.06634
2.89777
0.099342
0.196934
0.0211095
2.05242
0.0191038
2.78648
0.0760318
0.0467389
3.49637
2.79504
1.17889
0.0496861
2.0643
0.0461855
0.0258255
2.9836
0.0759974
2.67587
0.0421282
0.0422878
0.016882
3.25081
1.34136
1.01544
1.6995
0.672435
3.99272
0.022888
0.0450821
0.0793916
2.14081
0.020695
0.0320353
0.0204391
0.368434
4.3002
4.5575
0.0234341
0.0296751
0.0597987
0.0178278
0.58329
3.30493
0.475725
0.0428193
0.0371834
4.16553
0.110342
0.0247474
0.910287
0.535467
0.0190684
0.0610571
0.0521042
0.0785403
0.0337795
0.0148963
0.450057
0.0188396
0.0656823
0.0379196
1.78951
3.53176
0.0975872
0.515316
3.73181
0.0595459
0.029994
0.329746
0.081939
0.00954245
0.15024
0.109795
0.290105
3.02212
0.979114
0.100762
0.0496078
0.054334
0.0401798
0.0112091
0.0600266
0.0254029
0.0896484
0.0625698
0.0465709
0.0330839
0.0138683
0.0219176
2.10959
0.0339966
0.0242355
0.282254
0.078897
0.0215661
0.066236
0.0323356
2.07415
3.06427
0.0311927
1.48958
0.0754897
0.0137045
3.33645
0.000743622
0.0127485
0.418641
4.16245
0.702283
0.0996258
0.0529967
0.604434
0.00211241
0.0313733
1.00942
1.18112
3.69015
3.67839
1.09701
0.244988
0.0239854
0.269107
0.697571
2.89059
0.0188056
0.112157
2.55604
0.18634
1.3407
0.0919758
0.0569
0.000256619
0.0948559
3.18989
0.0536124
2.27328
0.196198
1.30108
3.72781
4.28016
0.000965225
0.640044
3.62146
0.0164546
0.0338931
0.0610831
0.535719
0.0617567
0.0584673
0.018786
0.569706
0.0225104
0.0133235
0.766136
3.57081
0.0206875
0.0539838
0.0315541
2.93128
0.859985
3.3086
2.78484
0.0512942
4.45422
3.72414
0.529504
0.303035
0.0457118
0.023699
0.0583157
0.05679
2.54537
0.0188128
3.00325
0.077477
3.91024
0.913342
0.138516
3.19225
0.951257
3.00063
0.031678
0.0209563
0.0264128
0.863076
0.022082
1.9707
1.50778
1.37645
0.046451
0.961062
0.0773876
0.570076
0.0689725
0.01841
0.0594131
0.0213583
3.51713
1.35854
0.0719184
1.15649
0.0356774
3.67194
0.927581
1.29336
0.0543604
3.79735
1.35912
0.0466967
3.3655
4.30486
1.36181
2.20328
0.555408
0.0108787
0.067492
1.36922
2.86493
0.0188017
1.15382
0.728052
0.0219938
0.0284952
1.36848
1.33618
0.0473629
0.015248
0.27827
1.65306
0.0614598
0.709882
0.498161
0.278772
0.11019
0.0469412
0.100629
4.01632
0.0152756
0.0186532
0.960244
0.460015
0.0507267
0.0487441
1.24802
0.701757
4.30515
1.08816
0.0561962
3.84876
1.22471
0.0171921
2.0772
0.0160922
0.0596562
0.0326396
0.046785
0.0581301
0.0172068
1.20046
1.41379
0.089992
0.0416461
0.0148199
3.35222
1.38772
0.0252671
0.473201
0.0188118
0.808501
0.045763
1.78029
0.969283
0.0195499
2.81235
2.52198
1.11342
0.0213349
3.45732
0.0209566
3.50057
0.714961
1.20336
1.29884
0.868291
0.856614
0.0858624
3.20728
3.75502
0.0561931
0.07595
0.372195
2.46846
0.0245676
0.0472358
0.0185316
0.0427856
3.66645
2.66549
2.79981
0.0422659
0.0111396
1.77569
2.76685
0.0314991
0.062705
0.791481
0.400089
2.70058
0.0147668
1.13939
0.360012
0.0953198
2.92274
0.75481
2.75424
3.64192
0.0518956
0.0206512
0.0488328
3.82617
0.583161
0.706041
3.02144
0.0457683
0.0253938
3.24484
0.0505647
3.22187
2.15509
2.25384
1.35446
1.98082
0.0477978
0.00834764
0.137944
0.534907
0.015577
0.89765
0.0275821
0.0120098
0.694943
1.78053
3.12706
2.84633
0.0576666
0.0173925
0.065826
0.949884
1.11834
0.0301386
0.180664
0.0349994
0.0368622
0.0206776
0.0135057
1.04136
0.0508927
0.0972462
0.798488
0.0339614
3.93866
0.0431812
1.25608
0.597323
0.509221
0.0634379
1.19131
1.99594
2.9048
3.94489
3.83961
0.0260007
0.99682
0.0300288
0.0771881
0.980931
0.0267293
0.308039
0.0207608
1.93039
5.59438
0.0378652
3.51891
0.223417
4.07799
3.91194
1.10614
0.0290121
3.24663
4.01367
0.0171944
0.304536
3.08747
0.656408
1.86579
0.0133502
0.447995
0.031994
0.000563839
0.94183
0.0585555
0.0188856
0.000606335
0.00237804
2.2939
3.71944
0.0211397
0.0206444
2.29232
0.0308549
0.0147094
0.0941361
3.73029
1.22573
3.94867
0.0260076
0.297179
0.472758
0.330493
4.36849
1.15501
1.14356
0.0416754
0.802468
1.11046
0.462804
1.98842
0.0852148
1.48129
0.845017
0.0221643
3.25419
1.11059
1.1977
0.0236972
1.04524
1.09743
1.15889
0.0684272
8.09221e-05
2.20655e-05
3.91534
3.43733
2.91546
3.76817
0.0185209
0.0185047
0.0183108
1.20603
3.55559
4.5401
0.0309356
0.106232
1.25899
0.675903
0.682117
2.88403
3.62951
1.45208
0.0350662
2.88917
0.0448488
0.0772632
0.0645431
3.50545
3.19594
3.72104
3.37179
3.8814
0.0821046
2.6105
1.25502
0.631543
3.27356
0.131497
0.801837
1.02058
3.9114
0.000233149
0.000459885
0.0836924
3.11113
2.8731
0.0305247
2.19758
0.0354387
0.929022
2.76851
0.0316539
1.25873
3.59306
3.06171
1.21291
0.614744
3.19825
3.52781
0.00529475
1.45024
3.7101
4.01747
3.22848
1.0051
2.64238
1.54561
2.41469
0.0320456
0.0117568
0.0421936
2.9497
0.225828
1.76964
0.583583
1.41254
1.33676
0.0245483
0.741375
0.0186659
0.0443129
1.09338
4.35174
1.35131
0.239489
3.82194
0.684049
1.73139
0.866007
0.840086
0.0629914
3.83686
0.0475486
0.0537202
4.30179
4.14599
2.73642
1.93411
1.16684
4.34605
3.07333
3.88717
0.0112365
0.0379326
0.672316
0.698264
0.671061
0.0205035
0.372937
3.21893
0.0292054
3.35635
1.36557
1.35358
1.27008
3.97413
0.0395711
2.75034
4.00248
0.596059
3.42769
3.34635
0.0767311
1.35413
0.0339993
0.025515
2.76392
3.02865
3.20642
3.3197
1.33906
1.35749
4.35881
1.21438
0.0142925
0.708284
1.3347
0.0139701
0.0982039
0.996446
0.108538
0.999618
0.025336
4.86674
0.0143519
0.0317142
3.38902
1.3174
2.17501
0.660282
0.67972
0.0798117
0.0338656
1.26933
0.431325
0.0284069
0.0239282
0.517706
0.481328
2.87345
1.14104
0.945955
1.39089
0.034016
0.0275521
0.0227664
3.9072
0.0221589
4.17693
0.285663
2.9812
3.05638
0.346514
0.0162434
0.0310486
0.490467
0.0201441
0.846602
3.97191
3.27313
0.0226291
0.0720351
0.0949235
2.29554
0.0188196
0.0484325
0.0181505
0.0584754
0.857733
0.026957
1.30998
1.00849
1.17997
1.79508
0.0231972
2.50297
0.0506438
0.448411
1.41034
3.59305
0.100824
1.4034
3.33972
0.0245666
0.849515
0.00920324
0.0152398
0.0833174
3.88949
1.38361
0.241419
0.119221
0.655386
0.0596551
3.5418
1.08708
2.66257
1.03833
0.895781
1.01437
1.05557
0.0153372
0.032108
0.0639718
0.0843325
0.0069064
3.57718
0.0533532
0.0201318
0.244345
0.104698
0.0190313
0.0486413
0.0260973
1.00924
0.367763
0.0314186
0.78738
0.0288261
0.0394208
1.44435
3.9939
3.81671
0.0993801
0.0336768
0.0276237
3.82169
3.84595
3.37028
0.0198833
0.422265
0.0761536
3.38795
3.36842
0.0247365
0.0294336
1.46732
1.12065
1.21841
1.08473
0.0201904
0.0183472
0.127785
0.0268931
0.0583075
0.209729
0.651758
0.555588
0.516246
1.19476
0.0689768
1.2845
1.5729
3.7505
4.25643
4.70037
2.70363
0.0202555
1.35756
3.62991
1.1586
2.7708
1.26752
0.0998099
3.17988
0.32772
0.209978
0.0170251
1.96491
0.84024
0.0188007
2.54033
3.51055
0.0161329
1.01268
0.980997
1.20667
1.46673
1.07971
0.105494
4.28318
0.225053
3.86309
0.0946225
1.04072
4.52855
0.030379
1.2911
0.110222
2.49141
0.0135662
0.39909
0.573822
1.42128
0.270692
0.684523
0.72882
0.00060564
0.869874
3.42117
1.18835
1.13045
3.81988
2.86325
3.23318
0.0135695
0.0187619
1.06133
0.0565169
0.779386
4.08891
0.0927301
4.3371
0.0432411
0.391839
0.0266498
0.024643
4.72101
3.70272
0.109462
0.331733
0.119035
0.0698277
2.78038
0.0741197
0.195623
0.422511
0.262123
0.118374
3.45313
0.0757374
2.92495
1.40024
2.89797
0.0102107
0.0202606
1.27302
1.10744
4.36059
2.60264
0.659435
4.42632
1.87736
3.23164
1.21449
3.75772
2.66948
0.0518762
0.129344
3.14025
1.38147
3.89115
1.31609
1.85614
1.52147
1.78388
1.23929
0.0757351
0.00187647
0.139874
0.276289
3.67429
0.0555606
0.364374
0.0111919
1.08098
4.06573
0.748256
0.19765
1.29853
0.0244215
0.0197292
2.71338
0.322561
0.0502437
0.0435689
0.0648726
0.620551
1.73289
0.678587
3.2561
0.872141
1.56781
0.595294
1.45747
1.72381
1.15158
0.88905
3.05943
0.0274916
2.75754
2.81017
0.0226898
1.26645
1.05306
0.0473234
0.0233483
1.52325
4.0149
2.35773
1.26807
0.0350982
2.23095
1.8082
0.181934
0.0323425
0.00352106
0.00015254
0.0376113
0.0155224
3.30719
4.02358
0.0368408
0.0815797
3.10995
0.222787
0.563133
0.032957
0.164714
3.38689
0.992291
0.681449
3.40965
0.701651
3.98343
4.37511
0.0470506
0.180928
0.0130973
0.0484753
0.0298561
0.101829
0.0565478
0.704054
0.343956
0.0141062
4.83665
0.742167
3.18104
2.83099
0.988774
0.656127
0.0114062
0.982977
1.8648
0.0579056
0.113187
0.0279107
0.0187591
0.766071
2.74644
0.011344
0.0896615
4.228
0.000114459
1.17546
3.28735
4.0081
0.0330692
0.0445032
0.170301
0.695555
0.0175284
0.466582
0.9126
0.000369377
1.56687
0.0167774
0.0190942
0.136495
0.911353
4.28732
0.103193
0.141716
3.61078
3.53813
1.8281
0.091841
0.0280871
1.41123
1.3867
1.06661
0.0550303
0.0188474
0.118203
0.671518
0.0141778
0.203786
3.13659
0.929459
0.0596138
4.71091
0.625129
0.136763
3.33067
8.2589e-05
0.0260695
0.0168047
0.0531371
3.51188
0.0209315
0.0967758
3.58052
0.000903864
3.32917
0.0187452
0.0562179
4.21165
0.000194705
3.72725
0.25832
0.119442
3.35551
3.14895
0.0790011
1.16875
0.158108
1.42921
2.57121
0.0146482
0.0674885
0.262517
0.0662407
2.10911
0.0239976
0.0183019
0.0467065
0.00169808
0.227541
0.023077
0.0166663
0.0135844
2.17048
0.0195602
1.15528
2.58091
0.043633
0.102877
3.48756
0.0189581
1.36806
1.12733
1.52769
0.585022
0.011502
0.0292756
0.0436197
1.21101
0.0173441
3.13841
0.0473803
0.0179905
0.0103529
3.84568
0.357197
4.16825
1.56944
2.02772
0.0067889
3.70234
0.202627
0.436883
0.0493604
0.0325765
3.1632
3.1528
0.651718
3.19298
0.0584793
0.960258
3.01783
0.497097
0.852507
0.0526906
0.0141757
0.0211301
3.31456
0.0834083
4.28168
0.0860084
3.42437
0.0500784
0.147641
0.0150685
0.0129068
3.01703
1.69923
0.0325106
2.28481
2.94213
0.01295
0.73839
0.728476
2.06299
3.65218
0.6617
0.664458
0.0188536
0.0202517
0.18474
0.0488308
0.274898
0.0506364
1.28781
1.00644
0.0187617
0.248917
2.5405
1.53153
1.83995
0.0140231
1.57181
0.0187236
3.12981
0.798794
0.0417719
0.0486102
3.4462
0.83546
0.02222
0.0185611
2.82043
0.0323113
0.769849
2.49938
0.0210859
0.0199181
1.43196
0.380702
0.39296
0.00597644
0.0490816
2.63422
0.667511
1.6783
0.0227762
0.0135266
0.137082
3.36246
1.18153
0.123644
1.04417
2.52168
0.0604057
0.0264972
0.569601
0.0184319
0.132136
0.0846213
0.274179
0.0479351
3.88335
0.406347
0.110803
0.637097
2.66214
0.130923
0.678801
3.25949
3.22997
0.910105
1.05773
0.895094
1.05725
0.58689
0.0455588
0.725046
0.737217
0.0896167
2.1458
1.08509
3.46472
0.047852
0.898652
3.00426
1.88297
1.94445
0.575272
0.0176935
1.47367
0.0117665
0.698753
1.23354
1.36849
0.511483
3.56052
0.727717
2.4322
0.028708
0.0999345
0.0276116
0.886404
0.291302
1.01384
0.923758
2.63968
0.672922
0.318412
1.10634
0.613209
0.0218862
0.00159779
0.685712
0.085033
0.056412
2.61218
2.73668
0.0393242
0.469567
0.102833
0.125008
0.68573
0.607934
3.37513
0.699921
0.0569953
0.0330096
0.529248
1.0685
2.53807
3.30444
3.52081
2.49963
0.023725
0.0394202
1.1309
2.8091
3.61238
1.0029
0.0188314
1.12573
0.0469088
0.0213163
1.13276
0.107806
1.19039
1.4892
0.049888
0.892638
0.0280804
0.0673634
0.709153
0.645929
0.981934
3.29513
0.102252
0.849462
0.0144243
0.651888
3.36199
2.72804
3.37753
0.0129634
0.0633371
0.0173727
1.311
0.1624
0.0193395
1.61129
0.0256692
0.0145531
1.12394
1.07996
0.0204424
2.48702
1.69129
0.0217646
0.0687359
4.05117
0.0172611
3.27752
0.929679
0.0177863
0.0124667
0.0271754
0.516819
3.87954
2.94831
0.0710147
0.01984
0.0476128
0.0480401
0.0187766
2.00784
3.98631
3.96721
0.63729
3.32949
0.232178
4.18192
1.22121
0.944197
0.227065
4.37148
0.0659703
0.0438887
0.00755135
0.0413573
0.0387012
0.0234853
1.14581
0.678501
0.0255771
0.0902
1.40396
1.84373
0.141532
1.10918
0.0790087
1.80963
0.0666945
0.353845
0.0187334
0.0346971
0.773342
0.794117
0.0184634
5.14887
1.24905
0.975878
0.305207
0.0819721
0.712718
1.024
0.00212115
0.993238
0.617389
0.287643
0.000210424
2.66376
3.18566
0.0709177
1.85854
0.0181972
0.760814
0.089715
0.333351
2.48399
0.0506856
0.167642
0.0346963
0.0340288
3.98842
0.503166
0.137223
1.79073
0.0145986
0.000472176
0.785477
1.20491
0.0168671
0.0272377
4.09719
0.0202407
1.28183
0.68282
0.0497787
0.0549917
3.5168
0.637269
2.58488
0.803624
1.87698
0.0235959
0.010915
4.07012
4.17097
0.0112191
2.95121e-05
2.29231
0.550647
2.8701
0.703806
2.68152
0.0267012
0.0222016
1.0631
4.24668
1.2196
0.0187648
0.215485
0.828304
2.69793
0.762714
0.023267
0.0691194
1.55733
0.0468544
3.93061
1.14272
2.71803
0.102576
0.0597567
3.15877
1.14748
0.296387
0.0303236
0.920364
1.16131
0.0312594
0.0888015
0.704731
0.893776
0.15742
0.0105867
2.18417
0.0590399
0.0968169
0.292988
0.0854012
0.0203517
0.00751496
0.712923
0.663321
3.26366
2.70035
1.20747
0.487638
0.0855257
0.298373
0.0731027
0.0812775
0.393192
0.0184782
0.0299494
0.0212596
0.200391
2.35635
0.0913249
1.29588
0.0495363
2.57311
0.048012
0.0346638
0.641468
0.0249256
2.98872
0.00492526
0.00012372
2.79016
1.32779
0.0213268
4.87737
0.0488677
0.528394
0.0468163
0.0188067
0.135787
0.0461455
1.15086
1.44666
0.970626
1.60042
0.333094
0.00529711
3.27508
1.54923
0.314203
0.0212109
0.0201549
0.41773
0.0719097
0.0251672
3.75192
0.0236621
3.96752
0.00335555
0.0254681
0.0210237
0.0936275
2.85734
0.226614
0.0501755
0.668583
0.552569
0.0275179
0.0567935
0.018761
0.0404752
0.147961
0.305451
0.334017
0.797166
0.368252
0.00112855
0.000125019
0.0139048
1.22843
0.036034
1.47479
0.054125
0.702596
0.0241892
0.075836
0.0335583
0.0978221
0.609254
0.0169872
0.0422406
1.2185
3.85239
0.0421637
0.0124665
3.39454
0.0717182
4.12488
0.0182963
0.144496
0.839689
0.0081638
0.0251951
0.0586512
0.000341575
3.21684
3.16794
0.0331071
0.384489
0.0768647
1.36844
0.218287
3.55906
0.302205
0.63329
0.467511
0.0342594
0.00458153
1.39148
0.0118449
0.36307
3.44023
1.42208
0.0437253
1.75566
1.19227
0.0668402
0.242329
0.0743742
3.78981
0.09136
0.0222309
4.24257
0.0113275
0.0164658
3.40253
0.0182995
2.30097
0.0315983
0.00385267
0.807853
0.319422
0.0945835
1.06085
0.00939853
0.317253
0.000152823
0.015416
5.4866e-07
0.123134
1.4225
0.102165
0.970632
0.0671541
0.0170527
0.0661409
0.229971
0.0189618
1.63243
0.0038329
2.09163e-05
0.0127538
0.0515634
0.674854
0.0143736
0.442444
0.102929
3.86191
2.72142
0.0152722
0.234287
0.0209256
0.286646
0.658609
3.10881
4.53641
0.0693145
0.789775
0.00306169
1.12251
0.063832
0.0321538
0.0200719
0.0279756
0.0161201
0.0517572
0.293013
0.0120256
2.55315
0.0194739
4.1461
4.51418
0.3465
2.40946
0.0208928
0.968882
3.30025
0.227695
0.0234836
0.105432
0.0249499
0.0721116
0.0153261
1.10911
0.0214685
0.945434
0.0191506
0.0460461
3.80389
0.0551745
0.0194315
0.0442296
0.0284475
1.07211
0.0529126
1.01449
3.20691
1.0217
0.341164
0.28532
0.0106347
2.72867
0.0470497
1.80642
3.62411
0.0155881
0.0466773
3.50157
0.0153754
1.32227
0.608885
0.17063
0.180965
2.53539
0.146729
0.967184
0.0420859
0.386141
0.00952125
1.27161
0.243932
1.13183
0.923529
0.00237263
3.90253e-05
0.880523
0.558865
2.8643
1.42424
0.0436865
3.44961
0.0109665
0.0249704
2.30148
1.36627
0.0188454
0.242479
0.167725
0.367377
0.0486871
0.375122
0.183596
0.0221341
3.34276
3.47315
0.0199828
0.12508
0.741607
0.45083
0.572486
0.0709759
1.27454
4.29808
0.252449
0.394308
0.0168998
0.0354113
3.64923
4.41721
0.912035
0.02111
0.0461629
0.257928
0.0118463
3.11383
3.03089
0.0418532
0.0981184
0.0203994
0.0880758
2.39084
0.313803
2.46784
0.804965
0.0564462
0.258692
0.749896
0.00576459
0.223895
2.44544
1.64319
0.541075
3.52273
0.0409325
0.00999538
0.317149
1.04891
0.327152
0.287089
0.0976235
0.279087
0.129464
0.0860951
0.0828889
0.058757
0.0911944
0.426197
3.31135
0.27239
3.60484
0.019443
0.0687057
2.4464
1.01493
0.0522605
0.0212171
0.85631
0.0304965
0.359055
1.03925
0.0458278
0.327573
0.117755
0.749858
0.38376
0.0276085
0.0924593
3.8309
3.5148
0.0420584
0.0720872
1.2224
3.15644
0.0274026
0.0156795
0.210702
1.16626
0.0458207
0.592157
0.0294948
1.14938
0.0198159
0.0336541
0.140969
0.0237656
0.0140354
0.0435284
0.613217
2.77385
0.102189
0.015469
1.18134
0.139204
3.19735
0.219871
0.259394
0.0157538
0.314406
0.0581473
0.20889
1.03791
3.37375
0.0128032
0.0149958
0.0442293
0.0229488
0.0206656
0.753231
0.105936
2.79333
0.8002
0.0163567
0.0185779
0.790534
0.299411
0.163812
4.14616
0.194085
1.39204
0.0837205
0.0777844
0.046807
0.0145014
0.234027
0.0163282
2.37841
0.0286558
0.0715332
0.0597638
1.4755
0.194891
3.08978
0.243479
3.42686
0.0510942
0.0193319
0.0162852
0.0240869
3.36024
0.101835
3.39223
0.0147187
0.0183747
0.504628
0.420088
0.0197611
1.09137
0.00914123
0.0187533
0.449346
0.0198595
0.00967742
0.234543
0.254988
0.0295284
1.22978
0.193083
0.299848
0.0468171
0.0201727
0.0164726
0.332569
3.52627
2.93497
0.0143599
0.0194029
0.00140885
0.0146548
0.254836
0.146071
3.44402
1.83341
0.730233
0.252628
0.0146032
0.122161
0.0322796
2.79171
0.0180656
0.575947
0.0128285
1.70509
0.71138
0.121923
3.38754
0.266341
0.0214501
0.0132869
3.67534
0.771155
0.0162311
0.0142416
1.43194
0.0541155
0.0980642
1.45685
4.02866
0.00817433
0.651762
0.0265125
0.0513331
0.135849
0.0754754
0.0943097
0.0384797
0.086958
2.82204
3.99294
0.0145774
0.202045
0.160921
0.0107176
3.84538
0.0188475
0.18837
0.272132
0.469904
0.0334177
0.0404955
2.60517
1.10237
4.42891
0.155676
0.0487293
0.014874
0.129414
0.0173212
0.0763017
0.0194955
0.359318
0.107736
0.326576
1.09415
0.531012
3.31664
0.0820223
0.208775
0.214448
2.24885
0.0197146
2.2572
0.389876
0.0518004
0.0216048
3.21983
0.302481
0.0798991
3.65089
0.14979
0.0158152
0.0317899
0.0253918
0.00951046
0.158841
0.367005
0.0688101
0.0178428
0.0157887
0.0197751
2.99862
0.0561887
0.420257
0.164828
0.0153578
1.22711
0.102209
0.155652
0.0163061
0.468471
0.0153377
2.49763
0.210185
0.0224309
0.0174459
0.171542
0.0205147
0.562447
0.0164081
1.14054
0.00803944
0.10636
0.0216538
0.202112
0.47253
0.206042
0.277956
0.0154792
0.134392
0.0198978
1.01683
1.0821
0.109935
0.0978009
1.54406
2.86565
0.0483339
0.0174359
0.140374
3.38846
3.34055
0.463904
0.0780377
0.0428929
0.584119
0.032536
0.021641
0.026455
0.0525165
0.029609
0.0149542
0.0187126
0.0735331
0.015274
0.054813
1.11765
0.0151452
0.199264
0.619832
1.10265
1.83654
1.38198
4.11263
0.028117
0.0219568
0.2574
0.0410924
2.18518
4.01131
0.0187628
1.19532
0.480242
3.06105
0.0397846
0.143303
2.00457
0.132672
0.307716
0.0228985
1.68654
3.33793
0.168668
0.0248052
0.0226874
1.195
0.0155157
0.0606549
1.14414
0.0129098
0.0812749
3.28551
0.134118
1.11983
3.16556
0.235248
0.871638
0.219922
0.0151309
0.927332
0.176213
0.12827
0.0491691
0.137536
0.182685
0.0729709
0.532965
1.11676
0.0260109
1.30792
0.0195679
0.0799917
0.414597
0.0331607
0.0465406
0.0508964
0.0122071
0.153009
0.109373
0.00999787
0.109433
0.0460946
0.148165
0.498944
0.0179084
0.0283111
1.11148
1.374
0.0616184
1.16331
0.0182755
0.0214443
3.78295
0.080976
0.0484831
0.0147328
0.438811
0.0228722
0.0717383
0.0273213
0.482495
4.15447
0.0422716
0.0331312
0.099648
0.0705744
0.0216374
0.0129981
0.19462
0.167859
3.18799
0.0147397
0.0247566
0.118412
0.0109005
0.0269687
0.544465
0.917083
1.33038
0.0122757
0.587978
3.2516
0.631387
3.87571
4.3225
0.649354
0.149502
2.33729
0.506134
0.0508453
4.12694
0.641439
0.0356069
0.113023
0.0228779
1.10634
0.0392308
2.22502
4.24556
0.0539181
0.0187964
0.0688831
1.04943
0.742307
0.169968
0.142767
0.620296
3.18537
0.476757
2.41546
2.82046
0.659909
0.924667
0.645465
0.0980455
0.0977884
0.0271754
0.496082
2.46929
0.662862
0.696048
2.05103
0.395266
2.04835
0.1125
0.957154
1.05516
0.0213881
1.42755
1.99545
0.0885357
1.99991
0.0122985
0.0154415
0.0170702
0.268327
0.0309824
0.0137069
0.00772516
0.0125474
1.61544
1.40147
0.0214738
0.483065
0.458866
0.312155
0.755471
0.0265158
0.0686858
0.0871155
0.412791
0.727498
0.135053
2.78089
0.0193848
3.57716
4.13355
0.015693
0.0280767
0.0400767
3.82635
0.831349
0.0166599
0.0180858
0.0190467
3.65412
0.016661
0.191462
3.30633
0.0497333
0.0167595
3.19129
0.0159966
0.162567
0.266593
1.31595
1.32425
1.83743
1.10873
2.22247
3.01515
0.178136
0.0398607
0.0595281
0.249032
2.05327
0.625808
0.0276845
0.35191
0.00950177
0.827081
4.25466
1.50078
0.0342452
0.0487911
0.0188018
0.0569699
0.0880399
0.0340137
0.016374
0.385305
2.93617
0.0355311
0.0161336
0.0563141
0.319277
0.0186886
1.18647
0.0478062
0.0161905
0.328947
0.00275349
2.96868
3.94498
5.06814
0.250888
0.301326
4.35304
0.373306
0.0217261
0.298972
2.97767
0.148936
0.098054
0.0201989
0.437532
0.17952
1.06887
4.16639
0.0177326
0.182056
0.0131156
0.0173793
0.0209634
0.245636
0.2408
2.97638
2.923
0.174777
0.613744
0.0586873
0.296174
0.0876446
0.285782
4.44878
0.160437
3.2647
4.34131
0.0245497
0.03249
0.632151
0.958623
3.49395
0.167836
1.06288
0.481102
0.0711329
0.435225
4.42004
0.0734124
2.44009
0.569575
0.123157
0.0166925
0.508169
0.00551946
0.0239145
1.16719
1.35381
0.0158899
0.0249973
1.91133
0.0161354
2.15114
0.0872114
0.142895
4.01777
0.329529
0.0190305
0.0132906
0.197707
1.79813
0.322557
0.407072
0.0498357
1.05619
0.0138393
3.5925
1.04412
1.10111
0.0268734
0.370172
3.05225
1.52388
0.0773693
0.017102
1.0882
0.357098
0.0143281
0.156606
3.12768
0.0200529
0.0311537
1.05187
0.0463786
0.0203614
0.0173563
4.40644
1.25033
0.0384912
2.59263
0.00329728
0.0964068
0.439299
5.3787
0.0750817
0.0443756
0.0873258
0.485082
0.074194
0.0794669
0.0325115
0.272525
0.0164399
0.646661
0.0306176
0.0157655
0.0555756
1.26201
4.36882
0.0382476
0.220437
0.0969943
0.069935
2.67851
0.212504
3.24284
0.0273614
0.701869
0.226354
0.403371
0.148505
0.0506162
0.0224541
0.326343
1.43206
0.0165715
1.45864
3.83621
0.945533
1.48047
0.257913
0.0110344
0.198875
3.44479
0.38155
1.90961
3.11531
0.0840283
0.010301
0.0982784
3.71973
3.5607
0.109249
3.11091
0.0315553
1.07815
4.23962
0.0174046
3.37924
0.379134
0.230992
0.017111
4.90548
0.0221633
2.11193
6.07151
0.60139
0.402259
1.12839
0.0180224
0.0578723
1.02691
0.148639
0.0796014
0.337236
0.16411
1.09783
0.0283019
0.544255
0.0164879
0.0402446
0.0300638
0.0196198
0.193143
0.0686523
0.436198
0.0185316
0.0757618
0.0226046
3.27223
0.135221
1.02138
0.121829
0.0479943
0.046792
0.00854692
0.347507
0.496285
0.209365
0.470538
3.50502
1.61704
0.19126
1.05305
0.00927342
3.90309
0.243048
0.133595
0.517077
0.78879
0.0685637
0.480662
1.65493
0.12271
0.815161
6.23649
0.293788
1.7115
3.479
1.47458
0.273029
1.6512
3.73053
0.00813117
0.624822
0.254486
2.61485
0.179652
0.822612
0.573096
3.5024
0.263055
5.63113
0.146278
0.0726028
0.0162534
0.0417676
0.024189
0.452452
0.017671
2.45303
0.777149
0.364236
0.0694819
0.0531812
0.116787
0.669691
0.442535
0.627736
0.0495616
0.0364147
0.178781
0.210947
2.81084
0.0137975
2.28233
0.0776237
0.505752
0.758022
1.34568
3.38755
0.0288518
0.0303558
0.0135989
0.0957547
5.74389
1.02311
3.06836
0.0508646
1.26477
0.0405815
0.254484
0.586284
3.14127
1.06054
0.0297836
3.37967
0.658579
0.115009
1.30081
0.51129
0.0177267
0.516784
0.0994311
0.00178677
3.348
0.457099
2.22964
1.07466
1.64384
0.0355491
3.09207
0.0604579
0.51557
0.333044
0.0320699
3.84483
0.0246637
0.161247
5.0359
1.19527
3.64675
0.0159587
1.74542
6.32429
0.211716
0.00819359
0.83573
0.134495
0.0145165
0.67582
0.01887
0.109557
2.78241
1.4824
0.0229657
0.0163604
0.718294
0.0939576
3.7311
4.23706
0.0163156
0.0774375
0.023118
3.42004
3.57222
4.0106
0.0170031
0.0757579
0.277033
0.256992
0.0261481
0.0641492
0.0215445
1.39268
4.57034
0.0374452
0.00489376
0.0574113
3.1854
0.0173992
2.70671
1.11176
3.9017
0.944566
1.82755
0.706236
0.0140846
0.214018
0.0176186
0.0305814
3.41298
0.517247
0.0157123
0.0530314
1.49429
3.729
0.00477801
0.152697
0.0195153
1.31054
0.0198398
0.332638
6.12339
0.763421
1.44932
1.19647
0.228597
0.0684365
0.0125017
0.00594324
2.31651
0.0690743
0.0212576
0.0644736
0.0189434
1.69955
1.25074
1.54082
3.31352
0.431701
0.918166
0.0181019
0.0599295
2.13905
0.0466291
0.321261
0.0810082
0.40643
3.4045
0.0998094
0.0344408
0.310503
2.70842
0.0177425
0.580949
0.304903
2.86946
5.41284
0.0187898
0.0238762
3.79017
0.127998
4.20183
2.90028
0.342572
0.34784
0.0650177
0.75189
3.44343
0.645915
0.0610639
1.11198
0.0204453
0.0123722
0.303347
0.443132
0.0323693
0.0518558
0.0493601
1.05613
0.0752006
3.2803
0.0526743
0.894702
4.53483
1.52312
0.347891
1.29668
0.22967
3.58403
0.407536
0.538311
0.241518
0.0752816
0.524873
0.50417
0.377251
0.150888
0.270918
0.745573
1.0765
3.87666
0.121713
0.311688
3.46079
0.348195
0.164827
3.18458
0.0435109
0.0182476
0.0404185
0.310968
4.3748
0.0244047
0.0188813
0.120622
1.98073
0.144059
0.00760424
0.962417
0.790073
1.63505
0.2518
0.363266
3.40871
1.53898
0.134933
0.0179022
1.0698
0.0178838
1.96562
3.24964
0.0373414
0.0298398
0.0178928
1.00014
0.285256
0.000463769
0.333722
0.00578988
1.15974
0.00388471
0.0214863
0.692731
0.0568188
0.603316
3.36512
0.0390202
2.92568
0.00265819
0.0463308
0.112331
2.66427
0.317566
0.0853461
0.401557
0.0859225
0.638452
0.351969
0.0655369
0.0191227
0.0515778
0.0938452
0.00798236
0.210603
0.0358086
1.25655
0.86698
1.13982
1.20044
3.52673
0.277282
0.0386879
0.0488429
1.63869
0.751638
0.838427
0.416423
0.0310589
0.323118
0.5528
0.447816
0.0174567
0.0131336
0.701884
1.01722
0.063103
1.0158
0.0151139
0.327185
0.981593
0.0353887
0.33361
0.347807
0.0246401
0.747692
0.0840456
0.0414306
2.68971
3.49191
0.031021
1.13816
3.69745
0.489694
0.16377
0.823426
0.0726453
0.0626536
0.0189222
3.2966
0.53672
0.00669081
0.948528
0.322083
0.521782
1.42848
1.21003
1.2336
0.403965
2.38518
0.0162375
1.21456
0.682276
0.81159
0.0320708
0.288384
0.107576
0.0233391
0.567978
0.11306
0.372444
0.21228
1.70817
0.365176
0.0359306
1.19249
0.436175
0.542543
0.0144892
0.639236
0.231713
0.619285
0.496475
0.0936504
0.0182432
0.0183152
0.481319
3.90456
1.85473
0.0252092
0.0378458
0.896249
0.0861331
0.0284996
0.179876
0.235613
0.014913
0.305779
1.18315
0.0167595
3.11264
0.576443
0.021852
0.00555011
0.0263004
0.00854508
0.0130283
1.90376
0.38329
0.0624496
0.0946552
0.0114423
0.000312342
0.340578
0.552963
2.33538
0.0642656
0.491449
0.0123784
0.0220072
0.546242
0.330225
0.444724
0.405394
0.317463
0.0458335
0.694223
1.85018
0.0311196
0.0121384
0.0216088
2.83065
2.33204
3.29371
0.856911
0.0370418
3.49618
0.0116362
3.08865
0.297679
0.607098
2.79744
2.93335
0.0168309
0.0242618
0.508045
0.0449262
0.0381672
1.14538
1.56324
0.0821075
0.825455
0.0482694
0.0112639
0.00266654
0.0260746
0.119415
0.0128586
0.160833
1.18649
0.043791
0.564432
0.583365
0.561001
0.431944
1.6489
0.0510554
0.843667
0.0184314
0.804619
0.0489769
0.103656
3.09914
1.30714
0.0148195
1.04498
0.0113854
0.0115808
0.0208706
4.27022
0.0362316
1.83204
0.462366
0.0327063
0.446186
2.27794
0.0478829
0.0132012
3.59843
0.0621317
2.79864
4.23002
0.715167
0.766671
0.50656
0.0193248
0.0516692
3.1963
4.97662
0.0270522
0.253815
0.03303
0.620454
1.64522
0.187295
0.0254734
0.0156724
4.44466
0.855649
2.4806
0.608058
0.0557674
0.193504
0.0275422
1.29797
1.75499
0.30866
0.984076
0.0193172
0.0261967
1.2172
0.127813
0.119893
1.40785
0.0138919
0.322701
3.68032
2.95892
2.54213
2.59659
0.0170446
0.660192
5.12055
0.0877567
0.0949252
0.386581
0.815918
0.694085
0.46659
0.0628272
0.0260556
1.12669
0.0144236
3.97758
0.0189267
2.67871
0.0175632
0.334569
0.0191042
2.49508
0.0950607
0.271731
0.0151974
0.633014
0.0179515
0.0396399
1.01578
0.0164909
0.35803
0.0112155
1.2689
0.022645
0.88281
0.338964
0.535072
4.19054
0.380464
1.08855
0.0151196
0.02416
3.6759
0.020062
0.0212122
0.0528046
0.588139
3.36718
0.0879372
3.54011
0.501924
0.0201026
3.65937
0.147063
0.0638642
0.57734
4.93655
0.0169802
0.0113221
0.466775
0.0741999
0.0278327
0.486786
0.0485218
0.019627
0.41802
1.15371
0.0480355
0.0466779
0.69468
0.0120959
0.0172628
0.60438
0.527514
0.0697768
0.0395103
2.78481
0.0280261
2.22083
0.0351157
0.0156336
2.2012
0.0180047
0.0198035
0.978837
0.486895
2.69244
1.31288
1.72821
0.0431856
0.0661131
0.706498
0.0193353
0.167544
0.0262146
1.03811
0.560795
0.818713
1.41539
1.8868
0.024589
0.659046
0.0791645
1.32839
0.0250164
0.165517
0.09401
0.122146
3.21422
0.880916
0.0919997
0.498597
1.41053
0.129006
5.46456
0.0212079
0.104141
0.0465697
0.527741
0.011695
3.30609
0.461536
3.10799
0.380818
3.70812
1.47029
0.0182535
0.0775573
0.0298772
0.0188662
1.44926
0.0362745
0.0393479
1.05239
1.44914
1.2882
0.283562
1.67752
1.16238
2.22012
0.233733
0.262568
0.0354699
2.93819
3.43001
3.49072
0.0294361
0.465748
4.26843
0.000265305
0.693428
0.0128587
0.0539132
0.00669002
0.50371
1.16529
0.0125382
2.39652
0.320032
0.60496
0.0138709
0.0209344
0.0395755
4.01329
2.63922
0.0439443
1.02325
0.0553006
0.158713
0.0195381
0.377487
0.376372
0.0124054
0.0159839
1.30177
0.383416
4.118
1.04696
0.0133522
0.0237626
5.80145
0.0200348
1.3871
0.346623
0.383775
0.0713622
0.410211
0.668444
3.02723
3.78983
2.34203
2.50968
0.0143221
0.046161
0.654019
0.0176555
0.0896571
1.21966
0.0290785
3.29662
0.0274146
0.764518
0.0265567
0.0204794
1.05439
0.0699284
0.00539183
0.559355
0.0187488
1.38886
3.26778
0.389452
0.022906
1.00823
4.19637
0.0929281
0.0123599
0.67157
0.00852899
1.18579
0.105995
4.26335
0.342804
0.0946744
0.0301723
0.0187796
0.0470389
0.65903
0.0244009
0.0561874
1.94176
5.94676
4.01543
0.133734
0.0326173
0.0539899
3.23362
0.440489
0.0438041
0.0300343
0.000659535
0.02934
0.103022
0.0203094
1.41276
0.0279781
0.786028
0.0268492
0.00607835
0.0900198
1.04249
0.0115821
0.37759
0.0324552
4.38985
0.0882254
0.0206948
0.165388
0.0292504
0.0722766
0.452978
2.94405
0.0628282
0.847351
0.690194
0.7736
0.0532801
0.0561098
0.0346345
0.180432
0.321955
0.049128
0.0100759
6.04181
0.0199503
0.0763572
0.0130865
3.40137
0.863476
0.0320225
0.0871679
3.54784
2.00101
3.45681
0.558004
0.253073
0.545756
0.0688253
0.533174
0.0236441
1.15672
0.913899
0.0126092
0.86891
0.0521242
0.0668766
0.991368
0.902609
0.0488371
0.56431
3.58107
1.06706
1.44849
0.347655
1.15706
0.044771
0.0256224
1.07485
3.72655
0.0158533
0.115725
0.0298998
1.11518
0.00637336
0.0246741
0.943645
5.83399
0.0351369
0.0123805
0.0336703
0.0388232
0.0469468
0.976221
1.34214
0.00629995
0.136299
1.72783
0.011207
0.36078
0.0178974
0.836533
0.0356836
0.00244968
0.239405
0.356869
0.0788758
0.730412
0.0691504
0.00369968
1.5427
0.0618702
0.696139
0.0983507
0.0186197
3.15715
0.180762
1.5148
0.750259
0.0120772
0.06133
3.58348
0.148805
3.03961
0.569596
0.0597889
0.060435
0.0514541
2.97983
0.0317918
5.60546
0.061411
0.256777
0.009099
0.0121867
0.147087
2.09153
2.27042
0.117528
0.805841
0.0631819
1.12912
0.0198682
0.00127026
0.0268055
1.06272
0.12467
0.152927
0.0161402
0.025084
0.0116001
0.0082637
0.0537548
4.39959
3.28554
5.30182
0.0373965
0.0202921
0.964475
4.36875
0.0621132
1.03919
1.05638
0.128357
2.25474
0.442858
0.63079
0.790942
1.3817
0.0233776
2.31094
0.592355
0.00803063
3.56385
0.0342147
0.019776
2.1686
0.0174011
0.0292604
4.98116
0.829207
0.0196791
0.0523382
3.11634
0.0158877
0.146641
1.45972
0.0249918
1.32362
2.95683
0.0188546
0.0771113
0.330199
3.6805
0.0150535
0.0317617
1.25546
4.56604
1.16334
1.24137
0.652246
0.00493334
0.016031
1.16049
0.0607893
0.0344505
0.0237972
0.0984288
0.042895
0.0349419
0.614294
0.0177089
0.772883
0.848637
0.845519
0.0181074
0.0114799
0.559652
1.46995
0.021972
3.49354
4.40167
1.31553
2.43581
1.31518
1.54325
0.0162221
0.0323446
0.248465
0.031962
0.0530102
0.63028
0.0194074
3.40134
3.87624
0.0205755
0.0964134
1.02934
1.30435
0.0112017
1.27151
0.0113135
0.0195499
0.0184671
0.137142
0.0201143
0.0517175
0.585896
0.0298342
0.0675849
0.0656562
3.6458
0.0181991
0.0286541
0.385444
0.0279675
0.368375
0.0516257
0.00399914
0.59931
0.019227
1.24525
0.0475101
1.01948
0.0113819
3.38646
1.46062
0.0546394
0.0480947
0.00277127
0.60526
1.35273e-05
3.11894
0.0117596
0.222181
0.0123785
0.235322
1.95804
0.517701
3.42025
0.00429217
0.0496819
0.0181909
0.0739228
0.0253491
2.21596
3.54879
3.29857
1.4922
0.588732
0.210333
3.42551
0.0189787
0.113342
3.58687
0.579622
1.38923
1.06181
0.00968625
0.418325
0.0484723
0.0368753
0.0565398
0.0558231
0.786135
0.879006
0.0200526
1.08684
1.1013
0.144154
0.0706656
0.766698
4.07767
0.278808
0.0431968
0.0118182
0.675418
3.92393
2.64487
1.13772
1.45536
0.0190224
0.00823136
1.42944
0.892777
0.0260683
2.30014
4.13612
0.068241
0.0468448
0.0278485
0.727203
0.0711396
3.26402
0.159319
1.29092
1.07812
1.04816
0.0172928
0.69502
0.0361292
0.0388952
1.19796
0.0729065
0.0144744
0.0104378
3.69684
0.120714
0.0454867
0.029633
0.648545
0.0610544
0.522409
3.92316
2.08598
0.602768
0.0175716
2.96098
2.74244
0.0166029
0.021163
0.024774
0.0463585
2.49024
0.649205
1.12576
0.104701
0.00734925
0.0416786
0.0475452
2.59725
0.00843078
0.112513
1.2004
0.0107151
0.050027
0.0449613
0.0665447
0.0131675
0.0515336
0.0856036
0.0290687
3.02313
2.63608
0.0791072
0.0530826
0.0075203
0.0150613
0.25641
2.33198
0.0235961
0.0458343
0.056673
0.0760242
3.70963
0.028643
0.0348877
0.950027
0.0282758
0.312962
0.0474642
0.105725
1.10416
2.28358
0.848272
0.026374
0.000227713
0.0257956
1.39296
0.0481744
0.841676
3.5906
2.72586
0.0192114
0.0240937
0.756312
0.01286
0.380773
0.036041
0.00976825
0.0291782
0.981383
0.0514465
1.41014
0.0127134
0.868843
0.962347
0.0954226
0.627152
0.116892
0.0148999
2.48024
0.0138773
0.0607995
0.0287537
0.648795
2.85931
0.0215574
0.902614
1.90331
2.84753
0.0694289
1.49447
1.27059
0.699574
2.51541
3.35464
0.0472312
0.0515508
1.16225
0.691612
1.12232
0.206682
0.0217826
0.567152
0.0174078
0.0164092
0.414582
3.93086
2.53192
0.0496368
0.0895392
1.04933
0.0539774
0.0389212
0.370777
1.01497
0.0813989
0.026803
0.816586
2.57229
0.0199139
0.0187599
0.817655
0.0142609
0.0529098
0.018884
0.0233555
0.0136664
0.804288
0.893885
1.0761
3.58794
0.231912
0.0268027
1.01236
3.4895
0.0469423
1.08531
0.0171142
1.14316
0.0853893
2.09346
0.0227101
0.0354491
0.00648064
2.39826
1.02729
0.253082
1.61094
0.086866
0.0558177
0.0754882
0.597188
3.82387
0.651008
1.57341
0.30257
0.00581019
0.804587
0.0115234
0.340751
0.00853883
2.40139
0.0920364
0.0274108
0.0296931
0.026193
3.49182
0.0702261
0.223862
4.39313
0.841932
0.0282133
0.11448
0.130033
4.08408
0.0136836
3.37019
0.0708839
0.0270627
0.0186514
1.1431
0.026815
0.0134522
2.33028
0.00257165
0.115157
0.0197986
0.0517155
0.39033
0.0540495
0.0545622
0.0481664
0.215044
1.64795
0.0441728
0.302945
0.0298793
0.817384
1.00746
0.000885202
0.0257041
4.18696
4.36041
0.0521369
0.0715431
0.128394
2.91471
0.698637
0.0267925
0.534111
0.0107846
2.68329
1.10352
0.0532444
1.63846
0.0189182
0.0721093
0.120285
1.1437
2.31847
0.0192399
0.0611435
0.0471598
0.0507499
0.127701
1.43264
0.0710245
2.38668
3.79716
0.0225742
0.766719
0.632589
0.0774014
0.616759
4.01246
0.050646
3.48957
0.0116588
1.01622
1.63729
0.260919
3.07489
0.794245
0.0282004
0.0466101
0.483545
0.0358366
0.00538159
2.07475
2.26557
0.00858736
0.0123018
0.0906631
3.58665
0.0241734
0.0142102
0.049692
1.8458
0.00653144
0.14016
2.98608
0.615422
1.76362
0.0191627
0.0585671
0.116848
1.01298
0.0851872
1.0151
0.0174959
0.0833994
0.0779173
0.0735481
1.09577
0.0615705
0.8093
0.0480164
1.81046
0.714439
0.0106792
0.0181553
0.00444191
0.00958631
0.0463852
3.02812
0.455385
0.0190128
0.0181422
0.0452266
0.0175009
1.09124
0.01219
0.0693775
0.0226859
3.67568
0.0150804
0.344658
0.0976556
0.010126
1.66296
3.88168
3.64768
0.0135618
0.0407231
0.0324826
0.132768
0.025084
0.0331587
1.73633
0.0192739
0.115789
0.0307297
0.811955
0.0196718
0.213842
0.00894071
1.87481
0.0959021
0.0132043
0.0179044
1.07942
0.04648
0.0244386
1.86332
0.0116218
0.0245496
0.0753411
0.0175542
2.29567
0.0207814
0.910323
0.0599356
0.0196016
0.124427
2.34783
0.0567063
0.0668777
0.038949
0.849167
1.15785
0.0234059
0.053262
0.694055
2.45915
1.83167
0.0431188
0.0192466
0.0411845
0.0288652
0.551343
0.409191
0.0111111
0.0259789
0.00468778
0.0724959
0.0207378
1.04961
0.0638963
0.0669666
0.0175734
1.32078
4.86497
0.0182741
0.161178
3.49231
0.016065
0.252725
0.028091
0.0172252
4.60606
0.257561
0.390181
0.0122057
0.0115577
0.00953661
4.04585
0.0611718
3.87935
4.39329
1.14215
0.622079
0.0205166
0.0332741
0.0173707
0.615924
0.0610104
0.0211296
0.092258
0.0685784
2.46357
0.224851
3.51627
2.57147
0.136096
0.0555698
0.106669
0.0108689
0.0506832
0.0206911
0.802353
0.214678
0.0155636
0.0547333
0.47685
0.410957
0.0287331
0.0427146
0.062178
0.0507767
0.0266585
0.0218598
2.23466
0.01914
2.44398
0.0440296
0.0128898
0.0222213
0.0978245
0.10338
3.03311
0.0326399
2.10158
4.06174
0.128537
0.923247
0.0271872
0.0512759
0.101659
0.0724692
0.0177829
1.92391
0.323522
0.0152817
0.0410853
0.0971456
0.203044
0.106837
0.749937
0.0382663
0.0661631
0.0456707
2.47774
0.026374
0.015348
2.26696
1.20408
0.117435
0.0124993
1.33512
0.0322453
0.598894
0.57898
0.0699102
0.131966
0.0211432
0.0116653
0.029995
0.0187662
0.298993
0.0216371
0.0239295
0.549093
1.0439
0.344738
0.0923989
0.645935
0.738918
1.41079
2.20035
0.655984
1.18088
0.235706
0.36906
0.0477112
0.0842204
0.0420844
0.0536991
0.90204
0.062037
0.0878954
0.965635
0.0192186
2.15776
0.527553
0.713981
0.0880611
0.329255
0.138025
0.01088
0.289373
0.433469
0.757107
0.686749
0.979931
1.42774
1.05259
0.111315
0.562669
0.0621436
0.023098
0.0239716
0.402609
0.0504296
0.611487
0.680787
0.12833
0.0322284
0.0378926
0.00256027
0.0403761
0.331711
1.11098
3.92431
0.0195219
1.40974
0.0488136
0.0240777
0.0086106
0.041862
0.0537861
3.83628
1.46122
0.897362
0.108707
1.25328
0.435304
0.186824
0.0248134
0.0834028
0.90542
0.0193373
1.81164
0.0109468
0.639401
0.00938392
0.372793
0.0244045
0.485884
0.010816
0.0481615
0.127675
0.0163609
0.112547
0.0238062
0.0180726
0.00475938
0.0464764
0.0221777
1.4503
0.0197216
0.0504056
0.428286
0.0216623
0.0177026
0.0605506
0.962931
0.121615
0.0417859
0.929736
0.0589389
0.0626162
0.0299113
0.0111757
3.03767
0.139274
0.0249837
0.0376785
0.0208665
0.318595
0.0055264
0.00647578
0.646472
0.0264091
0.0185473
0.175173
0.0862518
0.120139
0.0113836
0.1222
0.0633512
0.0187967
1.09203
3.49768
0.399758
0.0369538
1.52742
0.585125
2.56188
0.00836142
0.0189032
1.07583
0.00896313
0.0982727
0.87652
0.118053
2.73128
0.037843
0.279393
1.07566
0.928879
0.344692
0.0171579
0.0326592
0.0337521
0.139685
0.390034
0.0515446
0.000844
0.662332
0.0542067
0.0951574
0.0135118
0.0144121
2.77773
0.565378
0.0471386
0.0242537
0.117587
0.0645569
0.118682
1.14989
4.19402
0.139468
2.99467
0.052584
0.00661953
0.0627371
0.0507136
0.424322
0.00296812
0.0600884
0.724298
0.0167458
0.0551604
0.0540605
0.025552
0.562171
0.0246355
0.868589
1.22424
0.0120922
0.0187658
0.0516354
0.00344557
0.0249177
0.0483175
1.33278
0.137656
4.248
1.48219
0.0177963
0.14918
0.0614323
1.27252
1.16815
0.0792747
0.136912
0.074935
1.62452
0.0583842
0.575922
1.49758
0.0507521
0.0489688
2.4336
0.030977
2.69575
0.0191817
1.05605
1.01194
0.0109458
0.0115359
0.612867
0.0323762
2.24867
0.0391574
0.424148
0.0120433
0.0610273
0.0571632
1.5179
0.109515
0.0276588
0.0486679
0.0454942
2.83544
0.118674
0.0247252
0.0443228
3.78564
0.0447554
0.010865
1.17405
0.34542
0.0510185
0.0532947
0.631211
0.0642717
0.0454641
0.0249162
0.0171332
0.883135
0.270325
0.00447842
2.08812
2.25072
0.0745041
0.0718264
0.0226676
0.0365555
1.09556
2.29247
0.016934
0.0191527
1.15553
1.28364
0.272101
0.0832386
0.581091
2.45918
0.0181298
1.18807
0.112552
1.3613
0.0323364
0.445882
0.355266
4.06934
0.0236293
0.0559937
1.11526
0.0638998
0.0818081
0.0320247
0.651245
0.722582
0.0100093
0.0267232
0.0463191
0.353211
1.99622
0.137816
0.017938
0.176306
0.0134074
1.3975
0.071388
1.09468
0.0927959
2.71955
2.41382
1.28103
0.0473591
0.0703414
2.43678
0.183746
0.374196
0.0389678
2.92146
1.80133
0.961557
0.0930468
0.0100177
2.89871
0.246042
0.0482172
0.444402
4.27212
0.0339436
0.412026
0.062622
0.0119971
0.0189478
0.0124952
0.919029
0.0336712
0.049507
0.426782
4.35354
1.89439
0.037512
0.821466
0.0577106
0.0782271
0.0743197
0.334128
1.07205
0.019444
0.0350976
1.08103
0.356317
0.279776
1.64624
3.78599
0.0178803
0.0145304
0.0289666
0.0242301
0.0498951
0.0366021
0.0534857
4.1728
4.18411
0.0182684
0.73208
1.1487
0.0883836
0.428457
0.648154
1.32208
0.0871859
0.0115254
0.399039
0.0492322
2.47824
0.053933
0.130706
0.029756
0.0611986
0.018164
2.3412
0.0279759
0.0939004
1.09189
0.0456561
0.0424422
0.0262684
0.00139462
0.0434288
0.672729
2.7263
0.0864898
1.23949
0.0850134
0.036373
0.0109409
0.0685932
1.2268
0.047746
0.0597019
0.114537
0.0406854
0.0273186
1.17477
0.0190915
0.387304
1.63483
0.0190486
0.0435596
0.0287668
1.0803
0.054429
1.85543
0.00417403
2.21095
1.60678
0.157192
0.0728949
0.00677557
0.0257476
0.0719713
2.28828
0.0360742
2.05728
0.0240947
0.0441045
0.0941928
0.680428
0.129475
0.0589097
3.40463
2.80998
0.0192356
0.00205287
0.107019
0.955828
0.0470059
2.37075
1.0039
0.0489191
0.716701
0.792909
3.62332
0.0367003
2.46934
0.0334234
0.0215185
0.0186917
0.130361
0.118087
0.686326
1.93534
0.0144352
0.0244392
0.632543
1.34818
0.172004
0.0649455
0.00192119
0.0117839
4.16338
0.412581
0.296201
1.3287
0.530114
0.0456199
0.0418463
0.0198987
0.0183784
0.255459
2.5812
0.406141
0.0512028
0.07296
0.59848
0.0173154
0.752337
0.0113202
0.231432
3.25227
0.0112422
0.0235193
0.040985
0.0279387
0.0257146
0.0645266
0.0739084
0.0116253
0.0347083
0.0144402
0.210154
0.0664264
0.0704602
0.0188349
0.130546
0.752967
0.0257419
0.0584808
0.0868242
0.865614
2.27936
1.96147
0.0474512
0.193765
4.37247
0.0289573
0.0223736
2.35105
0.0249868
0.740057
0.460388
0.82691
0.0472744
0.0399377
0.0229721
2.08226
0.784315
0.0629881
0.0229148
0.748769
0.489491
3.74894
0.0200261
0.0160781
4.17318
0.755482
0.723866
0.0601835
0.0425343
0.0226613
0.0106116
0.0490934
2.29379
0.0875714
0.688089
0.73868
0.0908077
0.161244
0.0741192
0.0448607
0.0483749
0.0736227
0.311293
0.0111922
3.91976
3.04082
0.0473324
0.150759
1.61985
0.291656
2.52016
0.0821092
0.683835
0.0131186
0.028201
0.0295449
3.28703
0.0593998
0.765152
0.628619
0.0682432
0.120517
0.0159089
0.3491
0.617307
0.00056501
1.45577
0.0467737
0.0471738
3.87147
0.0249231
0.0316509
3.48519
0.0153423
0.676613
1.38646
0.519099
0.0122134
0.0319651
0.00846112
0.0179489
0.0438498
0.0166946
2.45232
1.75984
0.0646561
0.0391633
0.0755704
0.0517597
0.0158004
2.35387
0.0293957
0.01257
0.00655369
0.576202
0.396189
0.0193756
0.115269
0.948819
0.0121624
0.776251
0.025966
0.0392908
0.0416429
0.688385
0.0115233
0.100995
0.0803352
0.190815
5.51002e-06
2.35567
0.02015
0.588243
2.42392
0.0822807
1.42729
0.280656
0.265296
0.0399155
0.0489718
0.0702234
0.0229383
0.0912804
0.416706
0.0193869
0.0672009
0.289228
0.0338921
0.131785
0.035391
2.07563
2.28967
0.38485
1.15887
0.0273907
0.0583467
0.0285927
0.0861159
3.47825
0.381805
0.0279005
4.08611
2.88499
0.0456628
0.0475146
0.675476
1.16917
0.089479
0.279975
2.56618
0.0229967
0.250047
0.927738
0.0329882
0.650585
0.0836521
0.0289481
0.0840917
0.0158034
0.0378266
0.0693702
0.0233418
0.0490112
0.151876
0.0785569
0.873114
0.0829064
0.0511227
2.35555
0.0236948
0.0144616
0.0699696
0.5459
0.798365
0.0856827
0.0741183
1.1003
0.0513041
1.80443
0.0233941
0.149237
0.0385224
0.0177711
0.056245
0.1964
0.0429568
0.026095
0.0152855
1.42383
0.870327
0.328403
0.000776694
0.221585
3.08644
2.34837
0.0531159
0.392838
0.171347
0.498972
0.279789
0.277163
0.110207
0.0374833
0.0349378
0.0542227
0.703701
0.0251807
0.108863
0.0252988
0.630358
0.0640668
0.0157275
0.27037
0.0506499
0.826107
0.0186982
0.0753967
0.883967
0.385421
2.04044
0.0114737
0.524295
0.0306648
2.19331
1.61121
0.306927
0.1462
0.645347
0.673339
0.0308894
0.0664452
1.10058
0.0481192
0.0502242
0.170518
0.875305
0.19347
0.176877
2.45173
0.80551
0.0274373
1.10486
0.231379
0.0830438
0.0683258
2.68937
0.0496464
0.0669341
0.0675175
0.035963
0.02512
1.09363
0.058283
3.77294
0.900285
0.0215927
0.918782
0.0481936
0.966766
0.506715
0.0207085
0.171409
0.0368211
0.0268267
0.432743
0.0488242
0.022765
0.0258216
0.460891
0.0336341
0.277296
0.0308743
0.1204
1.23791
0.0348326
0.017271
0.282643
0.257608
1.84899
3.38637
2.22713
2.50514
0.182873
0.0727957
0.0365095
0.019305
0.813612
0.0336535
0.0171553
0.0241182
0.0220719
0.991061
0.0160148
3.1445
0.77007
0.109886
0.267452
0.0756139
0.0827588
1.02572
0.259408
3.03884
0.0496663
0.0593438
0.348594
0.0418596
2.34061
1.21341
0.129777
2.42299
1.72396
0.0132888
0.133502
4.05984
1.7815
0.0421856
0.262171
0.0181238
0.395326
0.0204884
0.0572705
0.187574
0.0243043
0.5105
1.84151
0.0179184
1.55096
0.417535
0.0386956
0.0495919
0.0495089
0.0187809
3.03517e-08
2.05373
0.279814
0.00486179
1.64623
0.319086
1.59106
0.0352328
1.10913
0.24878
0.0378845
3.46458
0.0275941
0.118682
1.76572
0.398422
2.59675
0.0308049
4.13093
0.0187116
0.000214525
0.0236073
0.0583788
0.10574
0.0793126
0.114615
0.0541479
0.0345597
0.00993114
0.0194106
0.266578
0.0162875
0.304437
0.0256667
0.0271737
0.038962
0.0193238
3.26292
0.471201
0.479972
2.95888
4.11929
1.09198
0.0173945
0.252605
0.069334
0.0793813
0.393354
0.116176
0.112509
1.27063
0.775171
0.0173879
0.0573583
0.165231
0.0190406
0.0482395
1.27225
5.04783
1.05724
3.54527
0.0297131
0.724623
0.0483039
1.16891
0.424063
0.0188976
1.13934
0.0299561
1.91904
0.00738603
0.0187026
0.0141514
0.00542106
0.668233
1.63218
1.60453
0.0740902
0.067873
0.0189747
0.0184603
0.0207855
0.0196648
0.0286189
1.505
0.026218
0.0184852
0.0498003
1.43726
0.060146
0.0620712
0.000128606
3.51522
0.0069112
0.716526
3.74573
0.313716
0.0495451
0.396018
0.0448286
0.134876
1.01367
0.0721564
0.236646
3.07307
0.0696837
0.652964
0.0356301
0.0787645
0.0142515
0.452213
0.0502921
0.0192516
0.0148582
0.645233
0.122786
0.188685
0.0380415
0.220925
0.0485381
0.0803515
0.845454
0.000604699
0.028507
0.020257
4.51118
4.79544
0.0184425
0.387864
0.0314346
1.72798
0.019104
0.475101
0.0101413
0.0192019
0.0635758
0.0941621
0.0190894
0.647822
0.0103668
0.0451253
0.0469184
0.0300726
1.30612
0.196157
0.0733933
0.394181
0.126678
0.0322052
0.0863503
0.335134
0.0193141
4.11641
0.0178742
0.0546523
0.0120635
0.0485917
0.606455
0.0227055
1.30179
0.0526604
0.338461
0.198005
0.0469154
0.257486
0.00120411
0.0194339
0.00578341
0.0232686
0.0798389
0.898482
0.0312137
0.0069393
0.568609
0.0137321
0.0354989
0.108649
1.46527
0.0623582
0.0545681
0.482385
0.135667
1.83528
0.0119981
0.0591196
0.0256813
0.5182
0.048609
1.28432
0.116904
0.0647607
0.0720899
0.0208558
1.6814
0.0661677
0.0185267
0.0999337
0.0187277
0.0710954
0.0198855
0.0193166
0.0443657
0.817337
0.0282004
0.0249227
4.49803
0.0248644
2.75628
0.0121909
0.771164
0.124986
0.0502514
0.0194551
3.04309
2.84481
0.15814
0.135729
1.14459
1.01772
5.04084
0.017264
0.269616
0.146989
0.868282
0.358128
0.0539432
0.041332
0.0552261
0.057786
0.650492
0.0118957
0.0515852
0.0252563
0.06251
0.0579932
0.00230689
0.16963
2.37728
0.0248543
0.0184633
0.293224
0.269424
0.0421686
0.116116
3.21903
0.10098
0.870321
0.0474101
0.0813993
0.101456
0.177477
1.25586
0.235771
0.218095
0.0596818
0.0316393
0.647341
0.0531342
0.139486
2.10931
0.0490395
1.86513
0.0117119
0.00670047
0.0717427
0.0120719
3.87101
1.49498
0.00644581
0.772896
0.134384
0.0481869
0.42445
0.0399248
0.000124651
3.67733
4.02743
1.69945
3.5885
0.195252
0.0450065
0.0503116
0.0171494
0.00746317
0.20988
0.0391789
0.195438
0.25716
1.82298
0.0966415
1.59062
0.0260291
0.316891
2.2639
0.0708542
0.0337975
0.773472
1.16527
1.71113
0.0543555
0.371645
0.128132
0.01961
2.65358
3.3197
0.0269137
0.0104526
0.0907703
0.0390629
0.182709
0.0109971
0.0204108
0.0523328
0.0365281
0.0317655
0.0483319
0.0291603
0.019944
3.38207
0.133146
1.10241
0.0713016
0.0115904
0.0793664
0.0611018
0.0272838
0.073197
0.283568
0.0194246
0.00942641
1.12164
0.0645822
0.00673604
0.0920206
0.307616
0.109136
1.57079
0.198947
0.0766524
0.182924
0.0631363
3.1137
3.88517
0.726987
0.0488717
0.128216
0.0322659
0.240097
0.242997
0.0192656
0.368002
0.0554032
0.00635373
1.52693
0.342156
0.078686
0.106242
0.0770002
4.30934
0.365102
1.22687
2.76227
0.0341225
0.746126
0.0168247
0.0482501
0.191469
0.0202785
0.0873554
0.0189307
0.0290233
0.0320448
0.0348387
3.11192
0.263019
0.073584
0.0286855
0.0449941
0.0907209
0.0558229
0.0636557
0.0223975
0.0769509
0.224642
0.997664
0.0804201
0.0251499
0.0108277
0.0257168
2.69131
1.5312
0.00553392
2.85978
0.0248192
0.0193942
0.0492732
0.205193
0.0461073
3.0279
0.499025
0.0835303
2.7689
0.0560211
0.0964146
2.35564
0.849527
0.339352
4.31176
0.0463904
0.0546679
0.412904
3.49879
0.856628
0.249357
2.96412
0.746474
0.104789
0.0758514
0.0351708
0.0229907
5.25302
0.489666
1.98416
0.0485408
1.78412
0.085859
1.02423
0.0510842
0.0163987
0.0593555
3.40838
0.0283674
0.126406
0.128534
4.18539
0.544886
0.0114791
0.0746481
0.0347577
0.0522608
0.437224
0.769532
2.94647
0.776508
0.0882503
0.0223766
0.323469
3.33883
1.84533
0.689654
0.981834
0.953789
0.42022
3.48017
0.045839
3.25959
0.0689184
1.15206
0.0292476
0.0470488
0.0215889
0.202856
0.868331
0.0168124
0.0218111
0.00536678
1.9432
0.152242
1.89221
2.32227
0.0258505
1.26343
0.0320219
0.302154
0.0627081
3.81634
4.2239
0.0235683
2.53891
0.910103
1.20676
0.0434063
0.751355
0.0725609
1.8846
2.19517
0.00296934
0.551846
0.0308358
0.0657327
0.0490139
2.52521
0.722724
0.356754
0.0646912
0.0287836
0.0890221
0.0562243
0.00152042
0.0229305
0.0492565
0.202374
0.0474703
0.120517
0.0354058
0.0459109
0.0313312
0.104644
0.131466
2.02851
2.63066
0.0703541
1.50174
0.349993
1.88408
0.100152
0.0797039
0.608885
0.0844153
0.0224583
0.0350597
0.0679311
4.01732
1.6732
1.4494
0.0509026
0.0525923
1.7233
0.0523928
3.1163
0.126402
0.0634645
1.06721
0.0628634
0.493553
0.0474702
0.035172
1.20827
0.0105886
0.127604
0.278646
0.019538
0.0592231
0.00321011
0.021737
0.398962
0.0517101
0.188657
0.0577733
0.0225979
1.50862
0.0894924
0.0713688
2.66669
0.0105253
1.77663
1.13246
0.0410063
0.018616
2.67788
0.0484946
0.0904028
1.08285
0.110901
0.0259246
0.0288524
0.0551709
0.603772
1.44312
0.0408484
4.25546
1.3807
0.0308009
0.0115506
0.0123167
2.88181
0.04902
0.109179
0.426268
3.84704
2.2782
0.0165218
1.17627
0.0510139
0.731465
0.0255996
2.19702
0.431614
0.212859
0.0224951
0.11206
0.274589
0.0106569
1.64426
0.0696513
0.0313741
0.0696062
0.0931907
0.114646
0.572495
0.0180037
0.0684128
4.07787
0.0314307
0.306008
0.858884
0.0224287
0.779892
0.811607
0.0637673
0.899031
0.113142
0.0456023
0.187188
0.0485673
0.135361
3.25972
1.14226
0.02828
0.0719786
2.08909
0.0446729
0.663573
0.0305335
2.73476
0.702963
0.426631
0.0482242
0.277314
0.912862
3.4757
1.30971
1.81676
0.357704
1.47292
0.25058
0.0391356
1.60212
0.0481484
2.49424
0.0130158
0.0203486
0.128209
0.079372
0.0468659
0.984162
0.0546087
2.77597
0.0478517
0.0197485
0.0474394
0.0800414
0.0224945
1.63197
0.0536555
3.51488
0.0815428
1.2308
0.0240205
0.0302061
0.571604
0.727298
0.066868
0.00357316
0.0180558
2.26326
0.100637
0.404054
0.00776173
0.0735896
0.0327434
1.01705
1.14526
0.843133
1.30136
0.0135305
0.346895
0.927034
0.0280343
0.00271077
0.621655
1.41721
0.0437606
0.508088
0.966863
0.0641331
0.415382
0.0275785
0.0228097
0.127164
0.651395
0.0614798
0.0259871
0.0169299
0.122606
0.722618
0.0222591
1.24533
0.377042
0.0727044
0.0925037
0.335039
1.10274
0.0642819
0.014267
0.316155
0.0698395
3.35136
0.0486857
0.072352
2.08623
0.0396715
0.0249456
0.86365
0.0424166
0.0274547
0.0515979
0.0584813
3.35294
0.372591
0.0178256
0.0784796
0.0777022
0.0679748
0.0622467
2.67858
0.0262234
0.0499274
0.0618727
0.00597211
0.282479
3.40753
0.0109704
0.663061
3.73614
0.0657197
0.106683
0.0642817
0.0346884
0.0763108
1.24232
2.57852
0.60132
1.05461
0.0351448
2.4527
4.23605
0.0796517
1.10799
0.943167
1.18405
0.528223
1.98665
0.111793
0.432333
0.0176578
1.3375
0.0255099
0.0190781
0.0441408
0.0207258
0.463931
0.241196
0.620068
0.314741
0.25881
0.194442
0.140049
0.0137661
0.0313078
1.73328
0.853338
2.56042
0.0428678
0.0514367
0.00045964
2.8226
0.434348
0.34705
0.0798301
4.05651
1.10847
1.95301
0.0545098
0.076876
0.863258
0.0519433
0.119933
0.0243915
0.0568192
0.0628672
3.11837
1.56929
0.137093
0.105186
1.12569
0.123603
0.761936
0.0672386
0.0478533
0.00918866
0.0357166
0.026861
0.0209515
0.0188534
0.832239
0.0700616
0.124745
0.25707
0.0300294
0.716172
0.0356813
0.121534
0.16596
0.384089
0.644045
0.0181612
1.86197
0.0684855
0.0458535
0.0193281
0.0412119
2.61727
0.777065
0.0408908
0.679912
0.065271
3.05108
0.260521
0.98695
0.0452489
1.67008
3.41577
0.0715959
0.245123
1.65574
0.462257
0.0270595
0.111282
0.0126522
0.0665398
0.0244825
0.277036
0.0492552
0.4447
1.26936
0.0179181
0.0489973
0.0578648
0.088923
0.0186419
0.052841
0.213474
2.1577
0.0648224
0.258898
0.0407939
0.0186946
0.129772
1.44229
0.0183315
1.21775
0.119046
0.0846596
2.09784
0.0549243
2.33683
0.0198444
1.00562
0.469316
0.0252874
0.0485624
0.0680715
0.0490573
0.0081411
0.495871
0.0367854
2.31791
0.0172236
0.066234
0.692271
0.469443
0.12454
0.0549296
0.133591
0.371094
1.51767
0.511469
0.02498
0.905294
0.068229
0.0345928
0.0713872
0.272418
0.492756
0.0125624
0.0403632
0.899736
0.0723124
0.0238734
2.9009
0.0925571
1.0046
3.20524
0.0735779
0.072796
0.299492
1.62743
0.0101199
0.263309
0.0444405
0.0206522
0.456184
0.10001
0.298448
0.0527111
0.0529104
0.0544595
0.131863
0.0361322
0.0190388
0.0475372
0.0219884
0.820487
2.01524
0.0292911
0.643259
2.05825
0.0339877
1.32591
0.0671251
0.0588499
1.30951
3.08761
1.1896
1.8936
0.0193118
0.00105802
0.00390692
0.118971
0.0689957
0.0464827
0.430231
0.0494515
0.0346859
0.330512
0.0535767
0.0231856
0.125668
0.0369779
0.936779
0.93739
0.0443325
0.938876
0.41072
0.434504
0.0384976
0.0211747
0.379795
1.37721
0.0486794
0.104828
0.486593
0.021423
0.0563325
0.177421
0.0362985
0.0362165
0.260341
0.841676
0.0467159
0.0711804
0.0413748
3.00152
0.180651
0.0479919
0.0729466
0.648812
0.0180588
0.0109437
0.0221225
0.334776
3.24944
3.52384
0.133085
1.38634
3.40647
0.0395819
1.73961
0.0469509
0.0469682
1.43237
0.898835
0.0186657
0.0110414
1.35121
0.387628
0.0278184
2.79505
0.275777
0.0492442
0.00561263
0.420717
0.101941
1.49669
0.951445
0.778078
0.0219661
0.594264
0.0634465
0.397441
1.32794
0.155058
0.0375991
0.0541393
0.0667339
0.097208
0.034725
1.48145
0.648248
0.865963
0.274024
0.193481
3.04125
0.312652
0.375476
0.0446005
0.325155
0.732113
2.48481
0.0270076
0.290164
0.370177
0.0196713
1.61238
0.313918
0.0272366
0.0402849
0.702918
1.62416
0.114595
1.62872
0.0280517
3.02952
0.0709408
1.33679
0.879166
0.556505
0.408085
3.0478
0.47388
3.58118
1.45887
0.284364
0.00662466
1.30764
0.407563
1.17576
0.00696219
0.0240824
0.112472
0.0280839
0.0224367
4.12861
0.0549822
0.0184353
1.58769
0.0244367
3.65882
1.57062
1.64113
0.0193879
2.58045
0.618933
0.0714279
1.28569
0.418384
0.0413674
0.300143
0.0603131
2.21749
0.306843
0.0460714
0.0346971
0.0148828
1.48445
2.30657
0.0511813
0.67237
0.037554
0.423618
0.33288
0.00583377
0.0770654
0.0519547
0.936081
0.0466344
0.0574387
0.0864632
0.599066
0.308627
0.0218956
0.0369752
0.00856181
0.0683163
0.0604941
0.0258812
0.0539775
0.065359
0.103503
0.02172
0.980204
0.0437545
0.476542
0.950927
0.033543
0.023591
1.13005
1.83318
0.0492239
0.0524008
0.000369042
0.0735999
1.05219
1.19255
4.01011
0.247521
0.351704
1.16343
0.0149875
2.19283
0.0242102
0.0688492
1.13739
0.0873144
1.37083
0.0487298
0.0885317
0.0477185
1.49192
1.89173
0.00877642
0.0614582
0.0519204
0.07484
0.979843
0.0223092
1.80318
1.95894
2.06178
0.0564136
0.0401263
0.40111
0.0761
0.270801
1.98638
0.450055
1.4839
0.0267899
0.799295
0.00595757
1.28219
2.79164
1.04833
0.658631
0.850962
0.0698773
0.03901
0.674313
0.0173135
0.882669
0.0720695
1.89447
0.181924
0.0321444
1.63417
2.42376
4.0191
0.0226654
0.771533
1.40328
0.0703388
4.29524
1.81215
0.0494149
0.169315
0.284009
0.321027
0.168817
2.84066
1.33844
1.10045
3.75074
0.160376
0.254903
1.79533
0.0768368
0.5067
0.065683
0.0169191
1.15458
2.7087
0.0631935
0.0468276
2.47255
0.808696
0.0694146
0.0623739
0.459455
0.958081
0.0189851
0.047354
1.63539
0.0244295
0.0508535
0.0855601
0.0964818
0.0513595
0.0847136
0.0662688
0.0808619
1.92615
3.86684e-05
0.0245423
0.0141261
1.42482
2.6049
0.14487
3.95485
1.15168
0.0362861
0.0455723
0.0313777
0.0106979
0.791341
1.54855
0.969792
0.0591072
0.0666313
0.0284047
0.0407516
0.826071
0.0109119
0.0406653
0.503556
2.72591
0.00780969
3.57489
1.91348
0.629126
0.0444873
2.75574
0.0511338
0.193387
2.43031
0.46843
0.0479273
0.0106834
0.0208078
0.226998
0.127591
0.0731432
1.70465
0.0255047
0.0736684
0.0696036
0.538168
3.73973
0.093646
0.624924
0.84236
0.273659
0.294647
0.0314903
1.07776
0.0481289
0.0491309
0.010428
0.408695
0.0287994
0.0267416
0.532366
1.29972
2.38972
0.0611853
0.353983
0.33908
0.0701648
0.0752135
0.0904582
0.023719
3.95074
0.054151
0.0786135
0.0565279
1.3211
0.040199
0.00570835
0.0632485
0.867244
0.0746649
0.102458
0.0268141
0.00167283
0.0284626
0.0048262
0.0045744
0.871277
1.182
0.0455751
2.58084
0.02051
0.157119
0.0110502
0.568685
0.859962
0.264339
0.717049
0.00279941
0.725149
0.895891
0.0152669
0.104638
2.82799
3.98727
2.81145
3.87352
0.0381638
0.781669
0.804767
0.0915505
1.91117
0.0657347
0.0375829
0.543114
1.26682
0.0592197
0.482183
0.05702
0.908286
0.0109524
0.0801001
2.53436
0.423702
0.011125
0.442323
3.22519
0.60261
2.69103
2.2753e-06
0.0612905
2.94197
0.0239318
0.107578
0.117478
0.878681
0.104794
0.0805823
3.2527
0.0704927
0.0196433
0.186759
0.0610386
0.879588
0.00476878
0.71068
0.0398918
0.171862
0.0179186
0.0205095
0.0630526
0.118038
0.0235045
0.00868189
1.40438
3.04097
0.0585387
0.00820655
0.334214
0.358215
0.107549
0.0680831
0.0641646
1.09539
0.0154719
0.205471
0.0397826
3.73029
0.90548
0.288738
0.0105857
0.0162391
0.920806
0.0553753
0.0253966
1.17924
0.440419
1.41749
0.0826434
0.0409313
0.547735
0.112201
0.749753
0.00383974
0.0702402
0.642594
3.48407
2.71981
0.057411
0.0838342
0.031089
0.0512868
0.0613338
3.37071
0.423087
2.84685
3.5661
0.458582
0.072352
3.12101
0.114777
0.115848
0.268425
0.0479428
0.0111308
0.239548
0.0802292
4.76509
0.0217886
0.0428623
3.53556
0.115014
0.0472632
0.0570204
0.0590412
0.383927
0.0166169
1.49196
0.0165682
1.3948
0.0574261
0.0272913
0.0513319
1.46518
1.25797
0.0108922
1.47143
2.89362
0.0664586
0.346542
1.52273
0.44531
0.384486
3.12307
0.0131301
0.628255
1.35794
1.07478
0.10947
1.5664
0.0054569
0.178327
0.0184881
1.74924
0.0194292
0.0927749
1.20506
0.0325858
0.0477933
0.0296567
0.00481502
0.107
0.0131549
0.0502327
0.293784
0.0232489
0.502434
0.0710858
0.0494753
0.00381454
0.753158
1.49736
0.0622989
3.36686
0.0214429
3.11252
0.103595
0.0672603
1.88222
0.0691019
0.0380998
0.286545
0.0176796
0.0430982
0.0231391
0.0278085
0.0193483
0.262336
0.447776
0.000695879
1.2935
0.263967
0.484778
0.0670215
0.0112922
1.52183
1.205
0.0354008
0.0955466
0.308433
1.39435
0.0275652
1.79764
0.0271997
0.362139
1.22469
0.0333692
1.42506
0.0192791
0.463413
0.0391132
0.054578
0.0489064
0.0367449
0.0798878
0.066549
1.37869
0.152303
3.23411
0.0639443
0.0241692
2.19426
0.0427829
0.00246121
0.106964
0.0279191
0.0843812
0.00148351
0.787533
0.845703
3.24171
0.0603031
0.457733
0.277619
0.0224805
0.0479044
0.0539645
1.89684
0.369547
0.126234
0.0489278
0.638161
0.0689299
4.01137
0.461862
0.0518974
0.0541449
0.104167
2.86795
1.6892
0.726062
0.0490381
0.293375
0.0401506
4.01709
0.64088
0.0488371
0.0478287
0.47689
0.556344
2.67107
0.613887
0.0566271
0.45878
0.860778
1.46749
0.85331
0.0377814
1.49939
0.354894
0.0517318
3.12562
0.0396374
0.0384346
0.0331791
0.0251608
0.104829
0.0275448
2.63836
3.35047
0.0221644
2.43838
0.125041
0.0235116
0.0198506
0.0970173
0.0660707
0.0465556
0.0727779
0.0495478
0.0624882
0.0650383
0.0421294
0.0467831
0.0232637
1.12187
0.468111
0.0389947
0.020991
0.92223
0.0252139
2.58649
5.65756
0.0654254
0.083011
2.93534
1.40317
0.0196456
1.74434
1.63982
3.05324
0.0414027
0.0921532
0.0566599
0.698603
0.0578711
0.0266259
5.46387
1.70187
2.83258
0.445276
0.0510745
0.00256589
0.0213739
0.292388
1.15256
0.446008
0.0163226
0.284333
0.0214502
0.156355
3.09204
0.555296
3.4029
0.0108601
1.44406
3.16233
0.87009
0.874799
0.0647703
0.0864703
0.0719877
0.316069
0.0198937
0.0219078
1.13527
0.382901
0.829698
0.0652132
0.0165261
1.71152
0.224834
0.991238
0.339018
0.0683857
0.084353
0.0690449
1.37202
0.0493437
0.0219664
0.0991987
0.0479828
0.0274091
0.0741406
0.0135199
0.0671103
0.04103
0.0503828
0.0438468
1.65749
0.0375834
0.0457635
0.0929308
1.04551
0.0501342
0.0278038
0.0719293
0.0613207
0.223098
0.0557047
0.949264
2.41145
1.66743
0.109737
0.00439016
0.0290961
0.277958
0.135658
2.71636
5.36702
0.0201244
0.765569
0.00107079
0.0234993
0.0121041
3.23514
2.39479
0.0380348
0.0706225
0.0474457
0.0266894
4.89841e-05
1.84827
0.144083
0.484478
0.0709111
1.48765
0.0136748
0.013113
1.67837
0.268926
0.0106123
0.782463
1.83115
0.100194
0.077457
0.0514343
0.885074
0.0408068
1.42825
0.0136088
0.556552
1.37064
0.0717435
2.82485
2.13425
1.14683
1.8541
1.0942
0.0749724
1.94359
0.0480554
0.0519907
0.291652
1.2405
0.461078
0.0469046
0.047885
1.21391
0.494156
0.92386
0.0375657
1.35292
0.597835
0.0505109
1.36809
0.0576695
0.377218
1.44865
0.339975
0.0392601
1.74237
0.409677
2.96083
0.0284924
0.0128062
0.0778753
0.0258878
0.98902
0.0386684
0.744252
0.0913635
0.392004
0.0367125
0.0657064
1.1868
0.20644
1.4264
0.0682992
4.86813
0.0177282
0.0234036
0.0665471
0.0474467
0.0297229
1.41966
2.89843
0.0409617
0.841681
0.0495203
0.000528396
0.032465
0.0559688
1.39694
0.512966
0.0961498
0.0691249
0.11486
0.0659135
3.38832
0.390262
0.0891986
0.0191432
0.519423
2.45105
0.0652117
0.0488501
1.31139
1.08727
0.124886
0.0262269
1.00241
0.0194676
0.0686364
0.0734219
0.045705
0.195076
0.635389
0.660487
0.429873
0.805343
0.06619
1.37347
0.384175
0.0186167
0.0602513
0.490206
5.4668
1.28148
0.594927
1.27581
0.0622775
0.0771603
0.282949
0.0743512
0.00111272
0.0263554
1.34664
0.393045
1.09159
0.0981651
0.424548
0.0482294
0.290429
0.0456038
1.44399
0.0512726
0.403456
1.32578
1.21033
0.514011
0.0232332
2.97228
0.0188729
0.047137
0.0210186
0.544524
3.09192
1.08492
0.0338919
2.83914
1.30419
0.41395
0.0476368
0.776193
0.224968
0.514388
0.0684312
0.016119
3.54497
1.19761
0.549845
0.0619526
0.038233
0.175812
2.37612
0.0388649
0.0489221
0.0678166
0.0967412
2.50316
0.492013
0.0662087
0.047056
0.0255824
0.116966
1.82242
0.0942253
0.0466631
0.117645
0.016476
1.36106
0.583084
0.0289007
0.410051
1.87291
1.68121
0.415414
1.27338
1.65731
3.80512
0.0343119
0.0485385
0.0598207
0.0193105
0.438615
2.88821
0.0549903
0.0915169
3.39224
0.652863
0.0701152
0.800511
0.809226
0.0357386
4.22365
0.0649012
0.0530954
0.017463
1.3839
0.247691
0.317188
0.0482282
0.0536946
0.122926
0.0914688
0.0662458
0.278727
2.03754
1.9175
0.267972
0.405059
0.0492823
0.0279966
0.0257458
0.374455
0.190614
0.0968068
3.41719
0.0265765
0.173746
0.0472128
0.0487279
0.0516332
0.0465893
3.69263
0.340933
0.0678813
1.69424
0.0371186
0.632847
1.48886
0.00691875
0.0046869
3.55553
0.0156308
0.0181999
0.0635623
0.112018
0.0642875
0.0152406
1.6665
0.239664
0.0490237
0.0549764
0.0465772
0.669746
1.43367
0.170511
0.0162419
0.0172988
0.0228582
0.0638665
0.0492281
0.0661793
1.26065
0.45472
4.12907
0.808263
0.0503085
1.22787
1.24053
1.37382
0.487109
0.470387
0.418348
0.0490905
0.0656415
0.618493
0.0473569
0.246702
0.0484851
0.0640782
0.0947166
0.617305
1.4198
0.203653
1.22044
0.505814
0.0638711
0.283284
0.0695368
0.0503217
0.216967
0.275764
0.443241
0.661865
0.0489518
1.20284
0.61869
1.24805
1.34314
0.351275
1.22823
1.2202
1.20615
1.23295
0.537345
0.56317
0.592606
0.577368
0.606153
0.462243
0.309577
1.31614
)
;

boundaryField
{
    back
    {
        type            empty;
    }
    front
    {
        type            empty;
    }
    outlet
    {
        type            zeroGradient;
    }
    circle
    {
        type            fixedValue;
        value           uniform 1e-12;
    }
    walls
    {
        type            fixedValue;
        value           uniform 1e-12;
    }
    inlet
    {
        type            fixedValue;
        value           uniform 1e-12;
    }
}


// ************************************************************************* //
