/*--------------------------------*- C++ -*----------------------------------*\
  =========                 |
  \\      /  F ield         | OpenFOAM: The Open Source CFD Toolbox
   \\    /   O peration     | Website:  https://openfoam.org
    \\  /    A nd           | Version:  10
     \\/     M anipulation  |
\*---------------------------------------------------------------------------*/
FoamFile
{
    format      ascii;
    class       volScalarField;
    location    "800";
    object      p;
}
// * * * * * * * * * * * * * * * * * * * * * * * * * * * * * * * * * * * * * //

dimensions      [0 2 -2 0 0 0 0];

internalField   nonuniform List<scalar> 
10435
(
0.0123005
0.613305
-8.46034
-2.37018
-3.7515
-7.3942
-8.51166
-8.45039
-9.38514
-8.62244
-0.221434
-6.11041
-8.92726
-0.486497
-0.299783
-8.60382
-0.726845
-9.06454
-11.0859
-0.216843
-8.97624
-2.7246
-8.52713
-9.77747
-8.06635
-1.81036
-2.69493
-8.92376
-2.29419
-8.37651
-7.46541
-0.609141
-8.92049
-1.39827
-9.21699
1.14763
-9.01684
-3.79047
-1.08876
-10.6783
-8.20646
-8.93293
-0.298104
-1.08205
-8.38005
-10.8399
-8.13201
-1.22488
-9.03003
-4.0316
-8.77046
-7.23496
-1.80351
-2.39523
-0.526641
-2.30952
-9.59847
-2.32955
-1.25113
-9.14305
-1.55873
0.890117
-1.95129
-6.09785
-8.43842
-8.52175
-1.33121
-1.75953
-8.68454
-9.16309
-1.61519
-2.56238
0.291732
-8.49672
-0.2429
0.228393
-7.08571
-8.51324
-8.26033
-0.369933
-5.66619
-0.438081
-1.4884
-1.85685
-6.5906
0.793215
0.537486
-0.680317
0.653423
0.380428
-1.22539
-1.74269
-0.723261
0.492741
0.190985
1.11381
-2.85905
0.256656
-0.533402
-3.1554
-0.591889
-4.06696
0.589293
-0.204055
-5.02829
-1.69795
-1.1016
-4.75447
-7.26759
-0.176118
-3.09772
-3.11013
-0.246499
-0.34055
-1.46071
-1.93245
-3.90707
0.771091
-0.311678
-4.44466
-4.4913
0.500279
0.667928
0.885007
-0.692685
-1.60555
-3.71445
0.56107
-3.54434
-2.85859
0.879823
-0.13069
-8.84003
-0.445986
-2.09247
0.0134921
1.27816
-3.10244
0.12727
-1.27161
-0.707745
-8.30623
-1.06915
-6.02283
-3.48424
0.12147
1.24677
-6.73464
-0.468605
-7.06409
-1.25511
-8.47855
0.101972
-7.35705
-7.43179
-1.35053
-1.36473
0.476566
-8.03813
0.575989
-7.86047
-0.544013
-1.25418
-6.06373
0.0895169
-5.21579
-9.44393
-4.85041
-8.5207
-6.46226
-8.10364
-0.448874
-3.46259
0.280993
-7.24112
0.906775
1.05845
-1.13221
-2.3001
-1.60251
0.214694
-6.99331
-6.60669
-1.80527
-8.34938
-0.266097
-0.439404
-8.58532
-4.43122
-6.80906
-5.86479
-1.21553
-1.4089
1.32159
-2.19986
-8.62299
-0.126965
0.703808
-1.03271
-8.79829
0.822161
-0.74283
-8.93635
-1.89464
-8.70073
-2.23955
-0.832367
-4.03395
-2.18611
-4.47029
-0.604556
-8.32964
-5.74503
-6.66205
-1.77668
-0.297567
-0.037312
-0.819521
-4.9155
-0.668658
-1.63175
-1.45585
-1.15621
0.667071
-1.84357
-9.1524
-4.33865
0.593419
-7.61675
0.208588
-1.27816
-8.97248
-4.41975
-8.22419
-2.66345
-0.806403
-8.99221
-2.96272
-8.97019
-7.85875
-0.567174
-1.50485
-0.817404
-2.27237
-2.2655
-8.82894
1.04559
-8.42416
-6.24451
1.10103
-6.20787
0.166029
-8.76295
-5.39363
-8.33487
-4.25862
-8.20531
-8.36242
-1.38458
-1.74299
-8.84492
-7.6446
-2.52779
-8.79466
0.244388
-0.693662
-0.12502
-8.35967
-0.928898
-3.01766
-8.75354
-8.46648
-8.69564
-8.71117
-5.72159
-5.17813
-1.38415
-2.67622
-8.88296
-8.06576
-8.39463
-0.846815
-8.71883
-0.179277
0.309107
-0.624472
-5.53207
-4.02828
-1.66138
-1.97438
1.03762
0.244826
-2.30483
-8.20252
-3.64822
-7.23718
-0.0956119
0.187275
-1.78012
-8.04397
-1.36862
-8.02802
-8.86856
-8.47504
-1.21306
-0.151649
-0.256013
-7.98933
-8.22238
-1.56591
-1.72154
-2.40961
1.23308
-5.72672
-10.1948
-8.16005
-0.886366
-7.25211
-1.48358
-5.46789
-5.92097
-3.35714
0.270888
-0.862728
-7.39826
-8.7122
-7.01252
-9.03762
-1.15628
-2.46087
-9.84529
-1.9134
-1.52501
-8.58506
-7.6163
-2.14251
-1.81114
-3.15565
-0.998979
-3.02497
-8.04953
-1.43152
-1.2266
-6.37217
-9.74004
-2.49417
-1.93684
-0.275579
-0.607178
-8.0205
-1.25709
-8.28249
-5.883
-9.13216
-7.94385
-7.46572
-9.24104
-8.52259
-2.30676
-1.47089
-3.46964
-1.29384
-2.26769
-1.42201
-3.47519
-8.43962
-2.32018
-6.93745
-1.65428
-8.51381
-1.3755
-8.97046
-9.25163
-7.64665
-0.542122
-7.62862
-3.57853
-3.21606
-1.56151
-1.89194
-9.5923
-3.23803
-8.65359
-1.62679
-8.34567
-6.92828
-9.21277
-9.18758
-7.51934
-8.94492
-9.23084
0.725449
-0.904012
-2.0091
-0.958375
-8.58785
-1.80521
-8.98273
-9.08669
-2.28331
-11.8991
-1.03035
-1.69314
-8.14011
-4.19834
-8.42899
-7.62365
-0.584745
-1.80972
-6.53825
-10.7362
-7.07392
-1.6383
-2.3393
-2.16257
-1.24017
-1.86464
-8.64247
-5.0613
-2.93321
-2.35898
-0.565813
-8.83885
-0.293015
-0.110329
-8.07419
-1.09531
100.091
26.4653
46.5699
32.0894
33.6599
27.2273
24.5622
21.0744
14.6333
85.8097
24.8329
38.4765
27.6646
28.4635
23.928
21.8814
18.9725
16.0416
68.7697
20.7611
31.0568
23.471
23.7321
20.6088
18.9477
16.7032
14.4104
53.1581
14.9624
23.4954
18.7921
19.0927
17.1244
15.9462
14.3221
12.4686
38.8079
9.35099
16.5265
14.1655
14.6089
13.5607
12.8953
11.9579
10.5686
25.4797
5.33061
10.6126
10.0166
10.539
10.1526
9.87097
9.37846
8.63965
13.7648
3.91844
6.105
6.63179
7.09166
7.13684
7.12701
6.97385
6.69721
4.4396
4.01241
2.89018
4.04073
4.35914
4.6552
4.81543
4.90494
4.39816
-2.3152
3.35651
0.491092
2.09365
2.33002
2.76507
3.02084
3.19907
3.23208
-6.62707
1.67197
-1.20098
0.723006
0.958995
1.46235
1.77596
2.031
2.16021
-9.19543
-0.0727394
-2.10992
-0.0877664
0.167336
0.668691
0.990742
1.2599
1.54639
-9.78444
-0.573117
-2.14286
-0.37768
-0.159993
0.268852
0.547765
0.764357
1.26886
-8.11357
0.0560101
-1.44667
-0.285634
-0.174735
0.138711
0.357382
0.570612
0.803902
-6.1972
0.765512
-0.677581
-0.0793128
-0.0639727
0.141101
0.308223
0.509639
0.627739
-4.9018
1.10847
-0.124616
0.085505
0.0489774
0.174117
0.301935
0.468413
0.61595
-3.72851
1.13736
0.185322
0.158068
0.110942
0.189719
0.294359
0.431509
0.601409
-2.98145
0.777173
0.230201
0.123503
0.106316
0.17111
0.267723
0.383047
0.61445
-2.75618
0.0866829
0.0338629
0.000186466
0.0450752
0.122276
0.22448
0.34049
0.539634
-2.58829
-0.529788
-0.204078
-0.145452
-0.0440032
0.0510675
0.157428
0.273615
0.412992
-2.32408
-0.849307
-0.393939
-0.274553
-0.138372
-0.0259016
0.0880099
0.211605
0.358688
-2.21462
-0.976249
-0.551772
-0.3849
-0.234311
-0.110112
0.00677807
0.136048
0.237283
-2.34562
-0.954106
-0.692559
-0.482258
-0.333551
-0.202272
-0.082325
0.0580668
0.0453056
-2.76857
-0.740932
-0.79872
-0.552226
-0.416683
-0.286488
-0.166632
-0.029772
-0.0742566
-3.29789
-0.473599
-1.00959
-0.741268
-0.607318
-0.463397
-0.305801
-0.13249
-0.19719
-3.31277
0.14082
-0.62842
-0.400211
-0.326342
-0.308807
-0.206677
-0.0481898
-0.854619
9.87408
9.53482
9.48522
9.78698
10.1898
10.7424
11.4592
12.3501
13.4176
14.6529
16.0452
17.5661
19.1708
20.8251
22.4858
24.0927
25.6063
26.9788
28.1732
29.1713
30.0279
30.9577
31.6631
31.5187
31.1288
31.3984
32.3097
33.4189
34.3803
35.4389
36.6557
37.5684
38.016
38.2217
38.3156
38.3138
38.2455
38.2088
38.265
38.5383
39.1899
40.3571
41.9671
43.9606
46.4724
49.6098
53.3377
57.4678
61.8721
66.5576
71.5965
76.9248
82.3848
87.708
92.5234
96.6667
99.9259
102.435
104.917
0.729256
0.0353477
-0.547954
-1.11192
-1.65701
-2.17231
-2.65282
-3.08756
-3.46323
-3.75912
-3.99885
-4.24968
-4.49435
-4.6485
-4.68182
-4.59538
-4.38582
-4.04854
-3.57667
-2.95971
-2.17969
-1.20576
-0.0587742
1.19496
2.21835
2.68473
2.55639
1.8402
0.958469
0.274517
-0.212835
-0.557339
-0.822675
-1.02689
-1.16969
-1.25007
-1.25408
-1.15829
-0.938235
-0.575024
-0.0543165
0.641253
1.42302
2.05517
2.41404
2.49818
2.39359
2.32794
2.49385
2.75007
2.86676
2.9845
3.20048
3.75039
5.17938
7.41642
10.0922
13.2118
17.4911
3.98706
3.97111
3.93379
3.97258
4.06334
4.20368
4.39237
4.62772
4.90759
5.22857
5.58555
5.97856
6.41723
6.9038
7.43429
8.00311
8.60469
9.23301
9.88327
10.5495
11.2266
11.9046
12.5521
13.1098
13.5414
13.8673
14.0925
14.1877
14.1776
14.1553
14.1435
14.1353
14.1241
14.1235
14.1482
14.2126
14.3342
14.5322
14.8271
15.237
15.7815
16.4739
17.3254
18.3381
19.5372
20.9372
22.644
24.7923
27.4017
30.3915
33.5158
36.464
39.2837
42.1063
44.8347
47.3036
49.4229
51.356
52.3779
0.985392
0.698784
0.474663
0.299965
0.161164
0.0603326
-0.00251562
-0.0267921
-0.012393
0.040623
0.131543
0.258624
0.422829
0.628513
0.878593
1.17557
1.52055
1.91255
2.34918
2.82467
3.33045
3.85276
4.37079
4.85492
5.26946
5.58637
5.7909
5.88336
5.8857
5.82945
5.73345
5.60834
5.46127
5.2993
5.12838
4.95555
4.78755
4.6322
4.49925
4.39851
4.34296
4.34681
4.43003
4.61565
4.94126
5.44751
6.18243
7.19695
8.49645
10.1808
12.3754
14.9091
17.5115
20.0243
22.4089
24.608
26.5518
28.4798
30.6159
2.25559
2.20176
2.14937
2.1515
2.19101
2.2656
2.37357
2.51296
2.68147
2.87649
3.09617
3.33854
3.60182
3.88529
4.18751
4.50738
4.84361
5.19358
5.55536
5.92488
6.29689
6.6637
7.01533
7.3406
7.62706
7.8675
8.05614
8.19269
8.28138
8.33122
8.35102
8.3461
8.32452
8.29436
8.26173
8.23727
8.22916
8.24497
8.3006
8.40885
8.5872
8.85554
9.24011
9.76929
10.4793
11.4024
12.5733
14.0106
15.7054
17.6968
20.004
22.5128
25.0816
27.5422
29.7986
31.7975
33.484
34.9547
35.9948
1.21994
1.07462
0.965499
0.899041
0.863973
0.860674
0.889176
0.948711
1.03874
1.15794
1.3066
1.4836
1.68854
1.92058
2.17846
2.46063
2.76523
3.08668
3.42484
3.77461
4.13072
4.48353
4.82343
5.14271
5.42455
5.6665
5.8576
6.00026
6.09323
6.13905
6.14484
6.10737
6.03686
5.94137
5.817
5.68118
5.53398
5.37022
5.21865
5.08743
4.99483
4.96218
5.01602
5.1879
5.51713
6.03078
6.77069
7.75703
9.00806
10.5223
12.2869
14.2514
16.3204
18.3714
20.4081
22.3681
24.0768
25.5977
27.0029
1.55729
1.49791
1.45562
1.45247
1.47723
1.52918
1.60636
1.70883
1.83464
1.98046
2.14659
2.33078
2.53368
2.75291
2.98636
3.23372
3.49751
3.76266
4.04008
4.32113
4.60831
4.88853
5.15674
5.41904
5.64173
5.84669
6.00776
6.14214
6.2406
6.30008
6.33849
6.32655
6.28914
6.24346
6.15555
6.07993
6.00292
5.88594
5.81529
5.76783
5.76493
5.82488
5.9676
6.22125
6.63266
7.19221
7.96296
8.93475
10.1304
11.5409
13.1409
14.8813
16.689
18.496
20.2217
21.775
23.1037
24.2617
25.1735
1.34598
1.25002
1.18195
1.15234
1.14264
1.16563
1.20495
1.28492
1.38454
1.47982
1.62206
1.77725
1.96113
2.17187
2.39412
2.64774
2.92252
3.13762
3.39652
3.67097
3.97337
4.25514
4.5134
4.80539
4.9956
5.20641
5.33613
5.46735
5.56206
5.61707
5.67586
5.62364
5.55829
5.52127
5.34468
5.27536
5.2399
4.92475
4.72703
4.53782
4.38291
4.27082
4.2147
4.24695
4.53992
4.81362
5.4014
6.04316
6.82344
7.8525
9.14891
10.6784
12.2351
13.8397
15.4809
17.0773
18.4951
19.8962
21.0102
1.4094
1.40612
1.38873
1.41978
1.45627
1.52577
1.5917
1.65453
1.76865
1.9578
2.02035
2.1785
2.38345
2.53959
2.77871
2.88065
3.15217
3.38493
3.62561
3.81285
4.06993
4.27261
4.4811
4.747
4.86843
5.06802
5.14401
5.25831
5.40074
5.29842
5.49019
5.40017
5.24414
5.2463
5.01518
4.99379
4.72184
4.34269
4.39567
4.2084
4.07317
4.04297
3.93048
3.95953
4.17418
4.33147
4.73466
5.16282
6.12389
7.10958
8.17009
9.36864
10.6659
12.3188
13.8198
15.1357
16.4156
16.3051
17.1391
-7.27331
-7.12346
-6.61554
-5.9331
-5.21759
-4.62624
-4.14306
-3.59031
-2.9799
-2.49075
-2.09679
-1.65874
-1.25897
-0.902824
-0.406107
0.210002
0.831767
1.47816
2.19436
3.00397
3.89498
4.83123
5.86555
7.33585
8.94218
-0.848998
-0.80533
-1.02393
-1.13869
-0.996327
-0.71617
-0.414999
-0.0754109
0.238707
0.324723
0.158306
-0.108089
-0.372667
-0.536283
-0.455195
-0.132479
0.249634
0.536702
0.638688
0.644325
0.74423
0.982123
1.33465
1.90094
2.11567
-2.08188
-2.04527
-1.92448
-1.75292
-1.48533
-1.18175
-0.886131
-0.608063
-0.379791
-0.278873
-0.298377
-0.370774
-0.448601
-0.481416
-0.399584
-0.201993
0.0567156
0.337368
0.614865
0.90621
1.25107
1.66266
2.14656
2.72679
3.50469
-1.55727
-1.53439
-1.40352
-1.26935
-1.09276
-0.897244
-0.701352
-0.519677
-0.369769
-0.276925
-0.238601
-0.228356
-0.220406
-0.189664
-0.111195
0.0158247
0.171709
0.337348
0.499571
0.660728
0.831032
1.00835
1.17764
1.29746
1.44779
-1.46969
-1.43833
-1.30375
-1.17254
-1.01396
-0.848965
-0.685361
-0.536537
-0.411335
-0.319654
-0.259919
-0.217614
-0.176876
-0.124193
-0.0457549
0.0609821
0.189972
0.334088
0.488515
0.653623
0.83589
1.03994
1.27506
1.53719
1.95945
-1.3346
-1.27944
-1.14475
-1.02943
-0.892267
-0.757101
-0.620592
-0.497384
-0.389868
-0.301555
-0.233968
-0.177157
-0.119946
-0.0573934
0.0195815
0.112461
0.218878
0.335318
0.45827
0.585162
0.717891
0.853735
0.993647
1.11697
1.3251
-1.15485
-1.17434
-1.0282
-0.931574
-0.807855
-0.694676
-0.573611
-0.466896
-0.370272
-0.28359
-0.21498
-0.153642
-0.0880721
-0.0215062
0.0556615
0.143984
0.242588
0.350623
0.466121
0.585225
0.713738
0.849086
1.00187
1.16232
1.4348
-0.972265
-1.08188
-0.920044
-0.84699
-0.728891
-0.631833
-0.515416
-0.422283
-0.338277
-0.253527
-0.190329
-0.13147
-0.0566724
0.0134359
0.0913816
0.178549
0.273417
0.376098
0.484682
0.594017
0.716833
0.841223
0.987783
1.14335
1.36576
-0.989025
-1.03546
-0.804646
-0.761622
-0.660235
-0.606654
-0.502893
-0.427993
-0.319175
-0.23455
-0.16463
-0.116974
-0.0542005
0.00781432
0.0934123
0.17822
0.271769
0.37513
0.508588
0.62418
0.73915
0.870074
0.995691
1.06165
1.20155
-8.46789
-8.86029
4.65676
5.06193
0.401453
0.251953
-5.37833
0.932181
4.3997
6.87202
-10.1897
0.742302
-12.6807
-1.02478
-13.5472
1.81295
0.843076
4.9568
3.42995
-36.6995
-33.841
2.49281
-6.2629
2.84207
0.772403
1.61194
0.726138
-0.595626
-9.92037
-2.61698
9.72514
2.04302
-9.19005
-18.6176
-3.56302
0.753525
-3.82812
-12.4323
-6.90342
3.56296
-11.6442
2.43206
2.00665
-0.574259
0.992487
3.3177
-10.7037
-9.59707
-10.032
-10.1744
-10.6278
-11.25
-25.6292
4.91546
-5.10471
4.40108
-1.0553
-29.772
-0.490216
-8.93421
0.915224
4.91277
0.399882
2.06367
0.885716
-0.671774
1.70166
2.77063
-7.18791
-10.2371
4.14358
2.9637
0.427329
-35.9012
0.0754297
-35.575
-34.8216
-10.7635
-0.936854
4.86489
-17.1508
0.956098
1.25475
-8.66012
0.609662
0.966271
0.47944
-10.8984
-9.85691
1.40623
2.13439
0.568563
2.85794
0.826496
0.325897
-9.90709
1.54794
-10.2211
2.38323
-9.00359
-0.206134
-11.9779
-0.259467
2.3065
-0.353643
-0.126051
-6.10681
-21.2853
1.44395
-1.7458
2.04529
1.1201
-3.29418
2.07034
-26.9963
-9.97631
-11.7637
4.2003
-18.5797
1.36152
1.74632
1.01828
3.01815
0.913717
-8.88513
2.02664
-11.418
-36.8383
-1.31935
-9.8363
1.32092
-35.937
-10.1726
-13.1186
-0.716707
0.461977
1.15511
-0.116254
1.08062
-36.3679
0.485243
-5.91589
-9.33216
1.77645
-10.0735
1.50821
4.98259
-35.086
0.953038
-3.55331
-2.53686
-1.74617
4.95435
-19.6683
0.641134
-9.5335
0.105783
3.59802
-32.5534
3.40424
2.11525
4.25459
1.41526
-10.2002
2.06181
-8.51378
-1.11324
0.473208
2.78809
0.0416887
-1.00103
2.21358
2.71817
-8.84077
0.947659
-0.481887
-27.7834
-9.99563
-9.54506
2.83967
-20.1836
2.32026
-22.4531
-20.5509
-0.170868
2.79586
-8.95197
1.38745
-10.423
1.26798
-9.4736
-9.43649
2.56375
-4.66811
-16.2003
-10.1778
0.117703
2.41045
-10.0192
-9.33771
-6.24293
2.6811
1.12036
1.10892
-2.47673
3.653
2.92321
-0.210579
-10.1509
3.57766
-0.385577
0.895186
-19.9245
-2.5868
-2.36026
-10.6523
0.122718
2.95766
5.23832
0.634257
-0.410087
2.46667
0.757807
4.9012
4.04673
-11.7846
2.03496
0.948051
1.43322
0.39707
-9.24626
0.845305
2.20839
1.42753
-7.006
4.88145
-31.5024
-0.588884
-21.4202
-17.3685
8.84122
0.864425
2.34456
-0.556662
0.391073
0.699547
1.97357
-0.0229909
1.66249
2.47194
1.47024
-0.481683
3.49145
-10.1896
1.83066
0.16375
-3.36341
-34.4259
-32.325
9.07519
2.11978
-1.33942
1.17675
0.502832
-35.7372
1.02558
3.60979
5.0331
-6.35261
0.515037
-32.0887
2.48825
2.27466
2.95873
4.08423
4.99763
2.24979
4.20929
-1.13358
-10.7337
-0.522307
-2.35785
3.06049
2.75039
-9.34211
1.27883
-0.264632
4.32126
-9.95292
-9.39127
-10.073
1.63689
2.22001
-10.4636
-12.4847
-10.6681
-6.37206
1.23188
3.30754
-9.57382
-10.1537
1.98031
3.46856
1.16457
-3.87977
2.77811
-35.3316
2.52289
-36.4959
1.12039
2.39498
1.4449
-10.7271
-1.23612
2.26023
-3.17279
-10.6953
3.38384
0.81943
-12.2553
-32.9107
1.48485
3.45501
9.6208
0.688584
1.05025
-11.8555
-24.0479
1.87042
-29.3113
1.87872
-16.3021
-0.439359
6.00244
-11.2987
0.919036
1.01662
1.28157
1.27655
2.52739
0.893588
0.639257
-9.46697
-0.320295
-35.6839
0.122345
0.0397312
2.35991
0.47554
-9.763
2.92417
3.09989
1.97228
-32.5409
-10.3994
3.9961
-9.11161
-0.915756
2.25755
-8.69972
-10.21
-6.06887
2.89596
-11.8955
2.4978
0.359613
2.23899
-11.1221
1.05182
-9.98798
2.73845
-20.7512
-9.7412
1.65714
-10.8228
1.24272
1.21764
2.31523
3.37347
5.52393
-5.97249
1.4786
-8.13285
-0.848212
-0.514401
-11.1628
2.23529
-36.6672
-10.0685
-9.30573
-3.93276
3.72677
0.439905
-2.23425
-20.0387
7.58694
2.37916
-7.68323
3.54061
-9.82842
0.838786
2.17605
0.556021
-9.36187
0.534292
2.82746
-6.02005
0.480002
-1.03782
4.32303
0.714623
0.940661
-9.45186
0.952657
1.58919
3.57757
-9.96963
-9.44471
3.57155
1.44508
1.88644
3.17163
1.43181
-0.33793
3.12885
-10.4516
1.30825
3.34695
2.94518
2.0805
0.780409
0.132614
0.529365
-0.880799
-7.27708
2.39909
1.42307
2.19567
2.31909
3.39386
3.26854
-17.6729
-10.2938
-1.04645
-12.3666
5.30683
-0.533467
2.87012
-0.488976
-0.979581
1.76022
2.1847
1.31615
-9.60817
2.21704
-10.2582
-8.39979
1.14212
2.17885
-35.8698
1.39109
-1.27226
0.6131
-19.2269
-10.4642
0.586469
-0.0984832
5.07738
3.11404
-9.12453
-0.568907
0.479675
-5.60359
3.47757
0.966972
-20.1165
0.631126
0.216354
-34.8007
-34.0964
-2.56249
-8.28385
2.65268
0.649079
-9.19455
0.503015
0.864701
3.74885
-4.08644
2.06493
-20.6798
1.745
1.13689
-1.86826
0.973225
-0.176628
-18.1855
0.91185
3.27554
-10.3187
2.01642
-8.69126
1.11695
-0.567726
-28.8648
-19.0964
1.41511
1.29353
-5.92979
1.72894
2.2755
-15.1495
1.40038
0.772707
2.81162
-11.1446
-4.0893
-9.80157
1.19085
-3.37324
1.77824
-9.67394
-36.6569
5.32154
-16.8243
3.99026
-10.5504
-11.2528
3.2558
3.22932
-0.337329
1.69485
4.96548
3.6067
1.2906
-1.22075
1.57473
-9.75615
-10.0214
1.64848
-12.9627
-1.34374
1.70632
-6.94008
1.9818
5.04808
1.38962
-0.455902
0.932173
4.00986
-6.42421
-8.7651
-1.31313
-10.1029
-9.82538
-10.5873
0.676065
1.81029
-7.98981
-10.4814
0.810523
-15.1555
1.40477
-17.6771
-2.92749
6.98375
-3.17521
-0.633582
2.19519
1.7779
-10.8798
4.62594
-12.9741
-0.100672
0.250033
-2.55089
-9.80994
-10.3063
-0.440754
2.08721
-35.9472
-25.9297
2.45236
1.65972
1.10181
-7.07875
2.33053
0.256783
-6.41534
3.81291
0.209369
0.528458
2.22721
-23.7511
2.32651
-0.639395
-19.9197
-9.99904
0.431522
2.33097
-9.43472
-0.578921
2.54758
3.54905
-36.5822
1.90942
1.15915
4.28962
4.28126
2.17823
2.23482
-6.25264
0.770317
2.71828
-0.259427
-27.4869
3.24838
0.0837009
5.1636
2.49367
0.591697
1.29078
1.13874
-1.88325
0.200448
-9.06685
-8.84912
-0.594051
-6.16729
-0.14603
0.328036
0.37881
2.72368
1.63414
1.39089
-28.5443
1.79612
0.902139
-1.68204
-25.9934
-3.30746
-0.881396
-0.690448
2.18645
0.388459
2.81817
2.11921
-0.795822
-9.16472
-22.7254
-32.3161
2.94191
5.4947
1.92032
4.2198
4.60923
-9.7714
16.9267
-36.3454
2.4841
-10.3189
4.74436
-10.4273
1.83253
0.466425
1.0569
-8.01023
2.77742
-0.644125
-26.2823
0.139538
4.81108
0.720427
-10.0216
2.59573
1.46266
-13.6901
0.784511
2.91821
5.15773
2.32787
-24.6049
3.41884
1.28726
3.59488
-0.876639
2.28531
-9.96628
-6.99258
1.86704
-6.6822
3.49748
-9.25691
1.20164
2.25478
2.42237
1.5842
-5.411
1.67637
2.31896
-0.448658
2.8656
1.77243
3.09538
3.77422
-8.90778
-21.2425
-2.25035
-10.0657
-9.88351
-4.62671
-3.89778
6.57398
0.162358
0.563158
2.82618
1.48326
-1.35026
1.64498
0.832352
-9.45849
-0.114479
5.30393
0.168788
2.29155
1.01827
0.756759
-2.04054
-20.9242
-8.03926
2.86576
-9.9131
-4.8655
-10.0578
-36.1806
-11.1047
-10.3315
5.019
2.94594
1.54252
2.59294
3.2823
1.27939
-13.1743
-9.19272
-0.128943
-33.4632
-0.743174
3.19225
0.840999
1.02573
-8.65566
5.06495
0.87978
-5.40308
-22.677
-21.5022
-10.5248
2.82924
2.82102
0.401403
2.65785
-9.18961
-1.77537
-6.03754
-21.3886
0.0420491
-24.0569
1.47433
2.8787
-0.321341
0.172579
-0.085441
3.42952
1.82796
1.68663
1.14968
1.42521
2.04643
1.20955
2.20399
3.615
-10.2384
-9.18902
2.31381
2.7241
2.06092
-36.173
0.653665
4.73386
1.41237
-33.316
-2.29495
2.69862
0.666977
-10.1191
4.98324
-33.9571
1.31619
-34.3769
-14.2929
-27.9157
5.28419
-14.0247
-1.21784
1.18874
-6.90188
2.3548
0.822492
1.44793
-9.99451
4.63861
2.06734
0.597616
-10.2804
0.414679
4.9656
0.948404
3.13617
2.1864
4.02101
-9.60358
-7.42396
2.48426
3.32801
2.6893
-34.5745
-6.98813
2.31397
0.643332
-0.130868
-32.2765
3.36708
1.09926
-8.78568
3.82892
1.17977
5.28634
2.66258
-27.2119
1.16358
-33.4867
3.39128
1.04502
-13.0869
2.73389
1.19015
2.72536
-0.463726
-30.7913
-11.0319
2.82231
3.43187
1.04646
-14.7127
-36.1821
4.73056
1.42036
-15.4292
-12.0482
1.36829
-0.218161
-0.235594
-9.48165
3.68512
-35.2765
1.82286
1.3802
-22.2172
1.47588
5.31371
4.86284
-35.9161
-9.99418
-9.06691
-9.18605
2.69023
-6.30604
-14.786
1.30232
-5.23085
0.724337
-0.229267
-35.9967
1.19513
0.462352
-35.745
5.09932
3.23106
3.0814
-9.38989
-1.23913
1.59434
-26.0649
-9.81854
-10.4464
0.388782
1.5674
-9.68479
-5.15294
-13.4733
-26.9283
-9.34025
-1.85756
2.7536
-3.41059
-9.60713
2.91188
3.3116
-1.80173
1.43151
1.94186
-3.18827
-7.57328
1.88638
-0.0694155
1.30894
-9.18268
-5.21676
-10.1448
-10.0504
4.16299
-0.61214
-3.11611
1.18855
-9.27621
-26.6492
2.78164
1.09141
1.1388
2.92715
-34.0321
-9.23379
1.08256
-9.69001
0.875517
-31.206
1.4509
0.737336
0.967825
3.33471
-10.4596
-0.741363
-31.4545
1.71572
1.85633
-9.33743
3.75282
-8.3853
-13.4373
-1.16983
1.12244
3.0546
-8.49236
1.43629
2.76612
0.909913
-2.10458
1.56025
-0.305839
-31.2078
-6.58033
-0.141676
1.50114
2.70124
2.44503
-0.193584
2.27075
-29.7432
2.65656
1.44904
-9.61552
-36.3537
3.01978
1.50341
2.07055
-3.25002
3.07194
-9.99846
0.266349
-0.1935
-2.81217
1.40539
1.58719
-1.84191
0.377314
-10.1587
5.19851
3.2884
2.59575
-6.04928
-6.07602
-11.7395
0.812868
-33.5798
1.79765
2.66318
1.64971
-9.80961
-20.4291
2.76084
-0.688194
3.3706
-9.78176
1.27962
-10.0048
0.463082
0.672223
2.84449
-3.30098
-11.1432
1.35068
0.981194
-35.9962
3.13396
0.279334
0.924955
2.57393
1.34887
-9.97755
2.05902
1.43428
-24.8047
-0.387213
-9.3065
2.94662
-1.04601
2.10755
3.82191
2.84348
-0.140907
-8.7601
3.81052
-0.901463
3.15822
1.09935
-3.66534
-9.65171
1.76216
1.30175
1.53243
2.70696
3.55959
3.28795
-9.6067
4.95316
-35.9176
1.67245
-10.1638
-2.70701
-0.3999
-35.8052
1.53488
-9.90242
-6.49476
-9.38163
1.02383
1.18289
-0.35812
-10.3061
2.91419
4.97071
2.74732
1.50457
-0.436196
-0.703978
3.34059
-0.0120929
5.34212
10.0813
3.59322
-9.64324
6.56313
-10.1217
3.66405
2.16961
2.64032
5.67204
-23.5095
3.33035
-35.9977
-26.7854
0.636548
2.70165
-10.1112
-10.0779
2.99447
3.37298
3.04242
3.3208
4.75595
-0.357665
-10.3764
1.53313
3.75818
-17.6945
0.961519
-2.43167
-11.6132
2.45552
0.536329
2.67679
-0.478988
-24.0081
5.11372
-34.0785
-0.583679
-0.323655
6.58139
-12.0403
-12.1942
2.16025
4.62619
-33.3779
3.21775
-0.237886
-1.07117
-9.77981
3.42571
4.08197
3.23273
-0.670738
-9.21521
0.374368
3.26806
-8.6145
-9.69628
2.87048
2.32666
-0.00528151
4.47686
2.2846
-22.4882
0.864057
-29.2603
0.986258
1.62716
0.777047
-25.6615
2.12623
-9.34616
-0.165771
-0.797083
-8.64908
-11.6684
5.25425
1.80761
-11.7999
-25.4725
1.20208
3.17761
1.09431
-0.259111
2.13901
0.876448
1.28485
1.73572
-0.153822
-0.45004
-11.1658
-0.182016
1.48998
2.40133
-9.53218
2.93112
-10.0204
-10.1793
-0.0866038
2.29832
1.56317
2.61948
1.39926
-32.537
5.04376
2.0243
1.07096
2.7235
-25.1094
-12.056
1.92521
1.63269
-0.021268
2.86665
0.572332
-0.555539
4.18806
-0.132806
-1.27052
-10.1267
2.33557
2.23471
3.16219
1.29069
0.963804
2.5482
4.9331
1.59624
3.18317
-11.8806
1.67112
5.35066
-9.87504
0.535895
-3.20884
-9.68102
2.47324
1.19887
2.11542
-14.7521
1.83005
-17.9696
2.01616
-10.5061
-9.77666
-36.6417
-10.1443
3.44258
0.92431
-35.7568
-32.4577
0.0110895
2.59693
3.40638
-7.63548
1.92019
2.2744
3.22935
3.44473
-3.77813
3.32777
0.222102
2.98215
-10.2913
-36.0731
6.37464
4.34489
6.76099
2.22486
1.11191
-1.50505
4.03706
-0.363619
-8.83961
-36.3448
2.67709
-33.2672
-9.68785
-36.3661
-9.93494
-1.27088
-15.146
-11.4149
-9.35438
2.85216
-9.8719
3.1206
4.13717
4.36861
0.644163
-13.9024
-19.6075
-10.3938
-19.5728
-0.371537
2.03378
-5.54176
-10.6691
3.90778
-11.7914
2.809
-36.4188
1.73996
-10.1616
-2.5297
-0.336005
1.23915
-36.5102
1.10676
-1.90643
-36.3201
2.41013
-10.1275
1.54845
1.92299
-8.68708
-5.35731
1.54152
-23.307
-14.734
4.46157
-26.5099
3.9704
0.991225
-0.481492
-0.19048
-9.73494
-15.2779
2.95585
-11.4756
-1.00452
-31.0662
3.91451
1.56392
2.14885
-31.7913
-3.25874
-27.2888
1.91363
-9.77453
0.359844
-25.949
-11.7391
-2.26402
3.18429
-13.7084
2.51066
1.67207
2.53298
-31.425
-10.8094
0.910983
-11.1564
1.91232
1.20402
-5.7015
1.95929
0.888479
-14.9247
2.65124
2.59286
3.91743
1.06033
2.27643
4.1583
-8.80764
-10.3823
1.33525
3.72905
1.64639
-14.5815
-10.6363
0.956209
-1.41454
-0.264763
-11.9078
-1.46049
-2.55703
-10.2909
0.722885
-25.3134
-11.8026
0.854901
1.01549
3.57303
3.99551
0.703669
1.84246
-0.0186085
-0.528565
-10.6915
2.04147
-11.7271
0.752277
-10.9035
2.31099
-20.8306
-2.21081
-35.8185
-10.1372
0.0144866
-1.40589
2.28141
2.32777
2.08033
-10.0031
-9.68939
1.61498
2.55141
2.50518
2.68443
0.907947
1.58789
-10.2755
-9.56526
-35.7479
-11.8567
3.44941
0.6466
-17.7829
3.36776
-10.2003
2.66197
0.906014
-0.29881
1.6503
0.964462
2.30948
0.984394
-1.97229
-8.57296
-10.362
2.25285
1.19473
-34.2424
3.9769
1.16953
-3.041
-9.19408
-9.3461
1.853
-36.2909
1.26257
3.45675
3.06446
0.746152
10.6113
-1.00938
-4.25962
1.88116
-0.375482
-36.3495
2.02953
-10.6486
-9.26462
2.04727
-1.12835
3.30383
-0.244902
-19.4203
-0.068712
-10.1487
-0.301038
1.8401
-0.251474
3.87829
-0.824884
3.59806
1.96018
1.87585
0.655408
1.685
-25.146
3.06112
0.253343
1.36821
1.99949
2.78133
-0.248629
1.31523
2.88876
-10.5209
1.5292
-10.594
5.53307
-32.8425
2.68362
3.40644
0.894359
0.624357
-9.97604
2.50802
2.09499
3.68931
-0.225119
4.56026
4.47418
4.29885
2.81652
-7.57976
1.05632
1.53933
-11.9578
1.06022
4.11593
1.71433
-5.73391
1.72587
-10.4902
-10.0619
3.32935
5.03901
2.87629
2.65477
-11.1197
3.23981
1.56277
2.27956
-24.3405
-0.10674
3.22954
0.453694
-8.72792
0.271294
-0.00985191
1.45478
-9.56817
1.60398
2.62725
-15.2076
1.80459
-3.61626
-10.75
8.51864
-18.4981
2.10065
1.76229
3.66821
0.947349
2.11256
-9.55972
2.0955
4.91923
-11.0503
2.1862
3.23282
3.52264
-0.647412
-6.33746
0.672475
0.492442
4.9267
1.64391
0.448019
1.6517
-0.279574
3.38344
-0.498646
-22.2945
0.600831
-12.8924
0.0421273
-34.1415
-10.5308
-35.3081
-9.4901
3.64408
2.5468
-25.5498
2.92534
2.1742
-9.99183
1.64935
5.23411
-10.4025
-13.5746
2.10449
-9.47686
0.343534
-10.2635
0.131195
3.42929
3.62657
-0.497301
-33.8116
2.12079
3.32086
-1.09906
1.06467
-16.475
-0.292491
0.911857
-8.90793
-0.568789
-10.5353
-0.734201
-11.5397
1.95155
3.97803
1.65793
2.58468
-29.9608
-9.09331
-33.3485
0.366163
-9.11764
-29.2526
3.9189
-36.3793
-2.76148
2.87006
-34.829
-9.92074
2.98791
-0.257255
0.243933
-11.6611
0.765978
3.0092
-30.5193
-30.2028
-0.727218
-11.6707
-20.0502
1.22143
-0.358188
-5.62439
-0.13584
-34.8092
-0.206253
2.22688
1.0091
-1.89137
0.544491
-2.82564
-10.5772
0.645131
-4.27573
2.35774
2.01092
-10.4773
2.42525
-35.8614
2.77761
1.0779
1.50251
4.84009
1.31251
1.75952
3.4616
0.0352185
3.4479
-10.237
-31.8971
1.14021
-36.2344
0.656308
1.00751
1.99004
2.05191
1.73288
-14.1435
3.03869
-4.66881
-10.6082
-10.7001
-35.0145
3.79693
2.5001
-9.74772
2.29399
1.81018
1.81544
0.805826
1.54121
-9.49811
3.21715
3.60602
0.762105
-0.240865
-0.540626
-9.25135
-3.6254
-3.13432
-5.12504
1.27723
0.990483
4.77994
1.55563
0.728571
1.29625
-0.270705
1.10809
7.01888
2.6958
3.01504
-4.68227
-10.7957
-12.6497
-0.214282
3.81218
-3.49497
-9.35095
-10.0362
0.331662
1.28647
-0.803552
2.69427
0.755645
-0.24497
-9.60316
-3.72098
0.907933
1.63641
2.04953
-0.346634
-10.4759
0.15263
2.10893
1.14948
1.57592
-10.1769
3.40524
-19.0431
3.57015
-0.0407005
-0.324554
2.57113
-10.1017
-2.57106
2.06042
-11.9292
-33.3236
-0.9513
2.9801
1.69945
-26.7252
-11.5377
-11.8874
1.07647
-36.1988
2.78598
6.38394
-1.28055
-9.97177
0.83778
1.14225
-4.25485
-8.43312
4.60449
0.432701
-9.90072
0.950476
3.79183
2.39103
3.26314
4.89799
3.91649
2.66379
3.51481
-8.91616
3.18288
0.625383
0.332359
1.22114
-2.23062
0.0636048
-27.9367
-3.20705
-3.68756
3.08644
1.90316
3.26269
3.28675
1.90916
0.948433
-31.6645
3.67177
0.181404
3.83637
4.01244
1.64193
-0.179862
3.47859
-9.58154
0.789366
-34.3114
2.02621
4.85349
2.43162
2.15622
2.41445
-10.5618
2.5232
0.312513
3.34256
4.01254
-28.7684
1.15276
2.53193
-5.04043
-11.0241
0.667928
-10.1264
3.36917
-32.4093
2.83393
-9.47417
3.14957
-4.36003
1.24695
-10.531
-0.520985
-20.6363
-9.26042
-9.81039
-1.49116
-11.9177
1.15692
0.0881264
1.05189
-10.4148
3.30006
-0.00800826
-36.1271
-9.98882
-9.64481
3.59438
-11.987
-0.271913
2.1478
0.846761
-2.93784
3.50988
-12.8867
1.95156
1.7018
4.22959
3.07124
3.07228
-8.07976
2.55957
3.1405
-10.1399
-3.15344
0.316558
1.24547
-9.60828
1.94739
2.23212
-11.2113
3.36137
3.49472
-5.80891
2.29414
-0.275515
-36.6357
1.27316
2.94562
2.98804
0.771675
3.38806
1.91754
-10.7626
0.522486
-18.7238
-0.786902
-0.33744
-10.0295
-0.49752
-1.21086
3.39027
0.365109
1.65386
0.529773
-12.4467
-9.13889
2.63699
2.07613
1.48031
-24.9955
-0.0620209
-3.30894
0.560707
-0.364066
1.73934
3.11207
-3.59165
-0.158071
-24.6676
-30.4631
2.72829
-20.7234
3.79434
-33.9924
-2.97852
0.833318
2.12611
0.0387417
2.18855
1.88825
-23.9732
2.15365
-4.70334
-9.98177
-36.1532
2.29036
0.541387
-6.37188
0.678598
-6.2084
-11.868
2.16297
-9.71482
-35.0395
-9.20617
3.47155
0.566661
1.25524
4.93842
-9.47738
3.09821
-10.7215
3.13927
3.50949
-0.571021
-9.98388
-28.8414
1.28478
3.2219
3.96461
2.8866
1.97949
-3.69764
-35.5245
2.10542
0.983166
-10.6169
3.25585
-32.0002
1.94397
1.57115
3.64908
-10.0808
2.38032
1.27877
2.60861
2.79143
-0.589103
1.77118
-9.85105
-0.408333
1.33801
2.08174
1.16539
-35.798
0.494369
0.240167
-13.1647
-10.2394
-0.307779
-33.3377
3.61486
-9.77314
-35.9435
3.3205
-0.581212
1.82058
1.66741
0.286315
-18.1144
-2.62216
8.63897
0.81898
-11.3272
1.97804
-9.37168
-35.0099
-1.89184
1.9337
-6.84848
-0.274142
0.926432
1.25932
3.39047
-35.7742
-10.1279
2.38335
-33.0162
0.697502
-34.468
4.25071
-9.68224
-11.3573
-9.60904
4.67959
-0.614496
3.36009
-0.21351
-35.4476
-9.67785
3.14705
-3.27599
0.39061
-10.5601
2.44687
-5.80356
2.10773
-9.6091
-0.347925
-29.7588
-0.862648
-5.85696
-10.3436
2.81256
-0.0928127
2.02305
4.45572
1.70081
-7.41753
3.48468
1.62137
-31.5624
0.34208
-1.49491
-0.520738
2.46237
2.32966
-33.8762
-10.9926
-0.814953
-27.4856
1.32608
3.45374
2.01194
-10.5469
-33.4135
-10.6628
1.67916
2.34871
2.74004
-9.84856
-0.783842
-3.241
1.53553
-10.5143
1.71666
-1.19792
-17.1275
2.50421
3.36614
-0.0948911
4.76066
1.42928
3.36517
3.36269
1.88407
2.41653
-10.5102
1.75674
-22.6617
-26.2132
-1.07891
-12.4598
3.42746
-9.65146
1.78591
-20.0474
1.14275
2.39962
3.86657
3.7446
1.82343
-1.81354
3.4722
-35.4065
1.87555
2.34702
0.614334
-12.0405
2.29647
3.12698
1.7818
-11.6709
1.59818
-9.33785
-1.92469
4.21659
4.98742
-5.15283
-32.9301
-35.6989
-2.76823
2.96582
-0.026479
-34.0033
-10.4123
-10.1843
-19.3655
3.34164
2.07238
2.38495
-0.956456
4.06353
2.70963
3.27217
0.615017
3.47009
-35.7526
2.89361
-8.9252
5.89956
1.59618
2.63703
1.6347
-34.8298
-0.838355
0.120814
1.06581
1.36685
3.17526
0.075171
-10.8999
-1.29925
1.74526
-6.5607
-11.9794
-27.9654
3.19208
-1.81759
-9.7792
-11.9844
-10.0217
-10.2847
-9.1988
2.86383
2.12326
2.10837
1.91995
-34.6835
-11.8431
0.546785
3.10215
-0.512353
2.76103
-18.8236
1.78069
-33.4021
1.03729
-0.120465
1.58924
-10.1068
1.71375
-36.5635
-10.2043
-0.785621
-0.654005
1.84058
3.36522
-0.286049
0.838957
-6.11301
2.56034
3.48888
1.82864
3.2612
-0.688648
-10.5816
-3.18733
1.56116
2.23022
-4.2385
-9.90032
-0.359749
-2.07661
-9.77891
3.99759
1.08056
-36.4201
2.13211
3.44997
2.00383
3.61174
-11.6393
1.99705
6.25469
2.07252
-10.7257
1.69995
-10.3394
-11.5713
-36.3938
-9.61218
-9.35126
-31.3066
-10.0693
-18.2764
-9.66266
-36.3607
-36.4375
-10.1357
-35.6797
0.410986
-11.854
6.78226
-12.1127
1.50299
-7.84491
0.795521
2.04524
-10.1239
-19.6679
-9.76194
-1.26529
2.69918
1.70164
2.00961
2.90839
-0.131967
0.0793576
2.24528
0.994912
-0.560188
-2.98795
3.4894
1.12941
3.72602
1.76537
-8.8241
0.492697
-0.315134
-8.13056
1.72717
-3.4332
2.45008
-32.411
-26.998
4.93762
-8.27018
-9.51398
-10.5101
1.71431
3.6586
2.27348
2.86266
1.88799
2.27869
2.19787
2.56431
-36.0177
-35.9329
-25.261
-36.1909
2.90372
1.27325
3.77532
3.45093
-0.486789
3.87879
3.30935
-2.23423
3.85608
-0.766095
1.72205
-11.9255
-26.4921
-10.9248
3.337
2.13113
0.28937
-9.98296
-0.0400499
-11.0389
2.51016
7.23483
-2.01042
-9.28846
-11.4792
4.45174
3.7784
5.68439
1.74523
-11.3953
-0.0352881
-9.51856
-0.312332
-0.217309
3.09265
-11.2751
0.478233
-2.95143
-8.22142
-35.671
-9.28706
1.1839
2.17657
2.51799
-10.2799
-0.0109511
0.931063
0.118369
4.05388
-9.3556
2.26988
0.458061
0.271875
1.46725
1.40181
-35.3485
-10.6677
-36.3026
3.2246
0.388994
-9.83796
-1.31705
0.4616
-32.4411
-36.0492
-0.262627
1.7247
4.0472
-0.519186
2.48722
2.9021
-36.0047
-0.262709
0.87627
1.33182
-3.27598
-10.7067
-0.241624
-35.7123
-10.3293
-0.404576
1.54635
-0.745488
3.39049
1.55128
-0.789622
3.98911
2.96991
-12.0162
-33.9679
-1.85104
1.86329
2.23834
0.86243
2.9706
1.46492
0.164964
2.84933
2.60304
2.4447
0.445715
1.53502
0.00653461
-9.99392
-0.435357
2.02152
-32.1469
2.53952
1.22715
2.11647
0.546928
-9.73868
-11.1186
3.10873
-17.3338
0.976737
-1.02905
-11.5636
2.37492
1.48452
-3.19486
-9.20665
-35.7157
3.57645
1.32137
-33.4593
2.0871
0.889956
-21.3264
-10.5637
-9.61743
-0.7629
1.15487
-2.56038
1.2327
2.8227
-35.948
-11.9758
3.10385
-0.105493
-11.3468
-0.463784
-22.352
-0.606452
2.0325
2.46644
2.91475
-10.8781
2.01521
-10.9754
4.03444
-8.24616
-9.7872
-9.6676
1.54534
-35.6932
-1.00388
2.91025
0.288687
0.986414
-34.8269
0.867302
-0.163773
-0.320103
-34.4242
1.0749
2.88598
4.66583
-1.64965
1.36806
1.88657
0.887424
-10.588
-35.0146
-6.39365
-1.15435
0.0554087
2.00881
-9.98613
-35.8961
-0.458017
6.14777
0.298811
2.08641
2.19638
-9.49667
0.276124
-11.9288
2.12934
-0.0665592
-34.508
-2.17804
-8.8947
-1.80593
-11.7729
3.47868
-0.145035
0.0670068
-4.41661
0.981486
-9.34202
-13.8886
-12.2933
5.14352
5.31154
-0.729906
2.06925
1.52068
0.931742
0.318448
0.877397
-9.75875
-19.9382
2.23165
-18.1737
0.220862
-9.96746
-25.4482
-9.18566
3.67693
-10.1704
-13.874
12.609
-7.38566
-9.59438
-24.751
4.4608
-36.9528
2.9834
2.74165
-15.6849
-11.7909
-0.0231658
-9.224
-32.3078
-0.23445
2.61925
-17.5315
-12.1944
3.61573
3.07484
-1.0588
-9.88671
2.68255
-35.9261
-33.1048
3.08876
-0.64048
3.40771
-0.077173
0.399159
3.00245
-0.298601
-33.9345
-12.0191
2.38534
1.39773
-8.93155
-35.7737
-9.89398
-25.9392
-3.15219
-10.5547
-16.6443
3.09049
-9.53991
3.13505
2.6837
1.60899
7.2137
2.2685
1.36115
-8.51809
-19.6714
3.48083
-0.415863
3.01927
-4.22199
-20.0376
0.667558
1.80745
0.436602
0.0887764
3.6902
-9.96757
-5.43956
1.22145
-9.77963
-8.85941
-11.8247
0.705032
-10.7595
0.539916
-10.0753
-35.8817
-29.9972
-10.3021
5.30856
-30.7992
2.24129
-11.9194
-10.0746
0.66817
1.89224
4.73025
-11.3477
1.36673
2.73935
0.855518
1.46257
-9.78555
-9.72656
-11.4846
1.38998
2.96182
-2.58547
-11.7892
0.647478
1.34913
4.54323
5.26914
-9.46538
1.59433
-9.99109
1.4698
2.48928
-11.1061
-35.6597
-8.14762
-10.2003
10.0349
-0.245597
3.23852
-10.524
4.83411
-4.27249
-11.5313
1.69347
1.18943
-8.85678
0.907411
-5.73046
-10.539
-10.6925
5.27687
2.25422
4.00839
2.78934
3.01079
-17.3966
3.0733
-34.726
0.667502
1.51632
-4.20289
2.61082
-7.40286
-9.39574
2.50927
1.70664
3.57811
-34.1412
-9.35535
1.20732
-2.6044
2.50632
3.45473
-0.115763
3.0111
-3.27453
3.02247
3.31989
-0.620775
0.923421
-10.7702
2.09225
-14.0787
2.92385
-35.3902
3.55338
-30.4174
-10.3946
-8.70586
2.83307
-10.2987
-0.316121
-33.1021
-0.279949
2.46862
-18.4261
0.0878989
-0.971767
0.623212
-9.57468
3.14464
1.13872
-9.48205
1.91565
0.870544
-10.4023
-6.77889
-0.387759
-5.47653
-10.1616
-0.680609
-2.89786
-11.3157
-36.0383
-4.84679
2.92316
-3.12751
0.979779
2.61964
-5.0926
1.40019
1.79614
2.22565
1.92362
-10.8452
-10.6101
2.27748
0.395563
-10.7302
0.903173
-0.840335
3.95586
-9.46375
-7.38428
-10.8262
0.960283
2.69653
-35.5854
-3.01994
-9.30875
-8.33172
-23.9158
0.94712
-35.3934
-9.03598
-3.05402
4.38205
-0.826294
-16.5243
5.25691
2.19323
-9.40178
-6.73196
-17.7063
1.31005
-6.0957
-12.23
-9.89722
-0.645026
2.41412
1.70525
-10.9081
-10.3969
-12.0178
-10.377
-0.350672
-0.32271
1.65174
-10.2666
-9.90247
1.82516
0.752526
3.44222
-10.5991
-36.031
-36.1375
-12.007
-9.32867
-20.909
3.2747
-9.54694
0.232426
2.90279
1.67097
-7.54352
-6.58432
0.796658
-9.17337
0.138996
2.13467
-9.13156
-28.6263
-36.1836
-6.22127
-1.34218
-4.54134
-5.52636
3.56703
1.4996
2.57821
2.87064
-11.5573
-1.94997
0.747431
-10.0137
1.78815
-4.93206
-2.33499
2.54515
-8.64635
-9.2449
-10.2224
-8.27393
-36.2762
-11.05
-10.832
2.71721
-17.1961
-9.72123
-10.9838
-6.8487
-32.9316
-9.49329
4.96691
-10.939
1.14976
2.90568
1.1741
-3.59385
-0.572881
-3.18793
-16.7476
-14.1851
-20.8073
1.13508
-35.7129
0.756803
3.72428
-21.9082
-9.53966
-19.0801
-2.84348
-10.3782
-4.02396
-9.81722
-4.9235
-35.1742
-1.15514
-10.8092
3.42369
3.51248
-9.99199
-10.0252
-10.1839
-10.3968
-7.83713
-9.56796
-11.9303
-9.52151
3.05847
0.965867
1.83654
-0.561811
-4.27744
0.841185
-3.05511
-9.4984
0.667967
-8.58061
-20.6216
-11.6477
-27.7184
-10.851
0.505636
3.85724
-10.829
-3.7486
-3.15261
-5.52482
2.46344
-14.618
2.34975
0.37422
-10.3689
-10.7797
-9.8973
-7.23666
-13.036
-16.7336
-9.6779
-30.3255
2.90817
-0.31493
-23.2569
-0.901142
3.00223
-33.9864
3.67398
-5.57522
3.28943
3.04821
3.21451
0.83526
-6.29651
-26.2226
-10.0864
-4.14082
-35.9698
2.2829
1.0854
-8.02238
-3.11665
2.53635
1.03429
-3.42319
-3.00016
-7.36196
-31.4654
-31.4971
-15.1998
1.01484
3.39906
0.140796
-10.9827
1.36868
1.23909
2.83344
-9.94388
-9.68452
-3.0701
1.66414
1.18265
-3.43483
0.888359
-0.856652
-10.7043
-5.12911
2.10649
3.4709
-2.16238
3.78582
-0.343205
3.45227
3.14132
2.17531
-34.9223
0.905021
-11.2565
3.61348
-9.37173
-6.93739
0.95595
4.0857
1.51715
-2.98101
-20.2548
0.968366
5.47714
-16.0641
-4.84509
2.23284
3.92419
2.90451
-0.769389
3.57976
-0.339017
-19.3816
2.92192
2.79803
-36.4136
1.35882
-0.191784
-32.4543
-10.1677
-33.1994
1.72205
-24.0049
-13.5328
2.88246
2.0796
0.855716
1.90264
2.76998
4.61141
3.38659
0.238615
-2.77242
-0.702215
1.60525
5.80607
1.25472
-19.9154
4.95887
0.0114804
-35.4681
0.92312
-1.76607
-11.1772
-11.1438
0.0420731
-0.853878
0.952438
0.477144
1.23804
-10.8003
-3.78847
0.0309248
3.91083
2.55818
4.40289
-3.08229
1.29379
1.07435
-16.9571
-8.51539
-29.2221
-5.98697
1.37835
1.00411
-0.032997
3.29382
1.1773
1.17685
-0.643703
1.50831
4.66999
3.50363
1.77675
-23.4761
-10.0451
-9.40902
-10.1674
3.25563
-3.43753
2.5847
3.0592
-11.3267
-31.3001
-9.04627
-9.67972
2.85414
-11.1106
-31.0436
4.22158
1.40236
-10.0508
3.778
0.505321
-11.5451
0.443955
1.45471
-32.455
-31.622
1.16872
-0.323094
-3.76386
-2.12636
-9.76233
-2.7758
-10.6289
4.00269
-32.5308
2.60641
0.758817
-27.3907
2.60295
-11.2149
2.9564
-15.5179
-36.8322
-17.5835
-0.639269
-32.7376
-35.744
2.68011
1.69356
-10.5298
-30.0801
-8.37794
-10.5819
4.56574
-7.71944
-1.0889
-0.117457
-24.9447
2.2568
-35.5004
-10.1735
2.66437
-9.69682
3.66463
-3.22269
2.91242
3.33175
3.75485
-10.7205
4.51181
4.72279
-2.0556
3.79816
-7.46139
2.15673
3.85474
-19.3975
-35.5813
-1.82753
-0.73416
1.50898
-11.9653
-17.8157
-9.91706
1.15979
0.192137
5.22272
-32.3141
1.04981
-9.1909
-36.0968
1.56519
4.74567
-5.04052
0.906606
-9.07737
-9.54191
2.54434
-2.2656
-5.86341
-11.8768
-10.5124
5.29899
-9.29286
-10.0394
-3.95528
-6.43403
2.43756
2.88134
-1.74696
4.42952
-10.2547
1.5692
-1.48397
1.59137
-11.8261
-10.3222
-0.788591
-0.464369
-9.69358
1.79536
2.36101
-10.3247
4.58946
-0.0891653
1.00497
0.836506
-0.747232
4.55156
-35.9961
1.16088
-4.70981
4.35368
-35.593
-12.5694
-2.88074
3.24063
-34.7188
-8.10062
3.04851
-10.5705
-11.69
0.81807
-30.8479
-22.7142
7.00565
1.32792
5.14128
0.557174
4.67042
-8.42381
0.90668
-10.4865
-10.0457
4.457
1.02283
1.20559
2.77191
1.84321
2.69913
-5.68704
-10.0596
-0.141803
-1.15508
-6.77027
4.67543
-3.15609
1.13012
-1.66963
-10.202
1.40966
0.272078
-10.0313
-35.9782
-10.3536
-9.1276
7.04112
-2.32918
2.8718
-1.73229
1.18457
-0.23499
1.70404
-35.7937
-24.851
3.06914
3.36371
-4.38108
-10.4001
-9.52359
-5.24146
-36.1624
2.94253
3.44728
-9.09605
2.26603
-2.31934
2.73298
0.564799
-4.71907
2.55048
2.97484
-0.0740187
-10.0056
2.69842
5.2545
-7.93942
-11.1263
0.867073
1.37443
4.03132
2.14623
-1.435
-10.3516
4.6962
2.31537
-9.98459
-0.736525
-0.0571886
0.82523
-34.5346
-10.041
-2.10268
-1.64821
-8.79958
-9.78543
3.9906
-2.16454
2.26676
-0.330318
4.16491
-2.59185
0.498922
0.242358
-2.01719
-36.2149
2.87334
1.90181
-9.89436
-26.2601
0.768021
2.78924
-35.4809
-1.99115
4.52251
1.5958
2.79617
1.41197
0.183642
4.7867
-0.198198
2.56268
-9.41088
2.86714
1.55098
0.0210982
2.49564
-10.1187
2.51155
-9.92127
2.90737
-1.75301
-9.96275
-9.75899
1.99106
0.753235
-2.18539
-9.0223
-1.78474
-0.964872
2.05463
4.43362
0.313738
-10.6356
-0.0770634
-0.383452
9.86852
1.28568
-0.683276
0.116348
1.48281
2.85054
-10.2352
3.22841
-25.8875
-0.72412
-0.00373172
2.8298
-9.95931
-0.21543
4.33152
-4.08172
-1.04339
-0.686014
2.96328
3.28693
1.33821
-23.023
1.39771
-9.97712
2.37932
1.33713
1.46016
-11.4545
-3.00295
-9.6426
5.22763
4.2197
2.75664
-9.80089
-2.23332
-16.5419
3.46497
1.09941
-10.0367
4.36419
-3.97569
-10.0199
-1.6798
1.52683
4.72838
-3.33812
-29.379
3.92245
1.40035
-0.757046
-3.98003
-0.0856426
-9.88475
-1.93264
-10.2905
3.06291
4.28005
-0.981522
2.90366
-9.41127
-1.08266
-1.6839
4.76689
4.73135
2.83794
1.76167
-0.403732
3.5386
-9.41971
-36.0124
-35.485
0.0867851
0.237273
-1.8434
1.62538
-3.05468
3.48458
0.285552
-1.45502
0.181213
1.20672
0.230565
4.50548
-5.41453
-1.21006
1.97905
0.534764
-7.86415
-4.42214
1.82179
4.8374
-1.37479
-4.22828
0.712551
1.89716
-3.11184
0.725722
-32.2184
4.85071
1.12053
3.14367
-10.955
-23.029
-20.6047
1.11379
2.2499
-9.24771
-35.9515
4.6803
-0.350869
-1.00978
3.82438
-10.2883
-23.905
3.39162
-32.0831
-2.81404
0.505607
1.23346
-3.59563
-0.810158
-0.795087
3.47303
4.25486
-1.69581
-9.76219
-20.5793
3.84312
-36.1846
-9.65424
-0.254528
-3.68107
-9.01281
-8.47781
-4.66618
1.08496
-0.23483
-33.0104
-4.08642
0.909047
1.85905
-0.129169
1.61425
4.59026
-19.9135
-8.86908
4.99326
-34.7946
-12.1252
-9.88567
-7.9484
-0.554349
-0.786871
-18.7008
2.94839
-35.5351
-7.80131
-26.3291
-36.3879
-9.74582
-35.5056
-8.16529
3.19675
3.76012
1.82544
-27.4185
-2.85333
-31.6848
5.23154
4.47283
-0.589759
4.92258
-10.6097
1.62181
-0.107496
2.75405
-35.8272
-1.74051
2.15734
-5.27093
-10.3236
1.95421
-2.8548
-0.12804
-2.27619
-0.263263
1.66259
-3.66908
5.33849
3.47682
2.81067
-3.0846
-6.04016
-9.78711
-10.6997
-10.9625
-9.32669
1.14376
1.37688
-8.33814
-9.92529
-8.66041
-5.57735
1.7631
-7.53569
1.15393
1.30565
-6.69764
3.09297
-7.54385
2.55706
1.27751
-23.3383
0.550072
1.94365
-35.7848
-36.0583
-31.5298
-11.8285
5.70144
-0.105393
-1.06446
-0.589685
0.620158
-10.3467
-9.75928
2.96519
1.80488
1.81729
-29.1475
-2.24614
1.97896
3.99527
1.16584
2.86151
-9.3994
-18.7226
-0.0731153
-11.503
-2.12308
0.555603
0.562089
-10.7785
-0.626314
-9.1395
-33.3107
-0.50388
3.15011
0.28187
-19.9068
-10.8725
2.26387
2.3993
1.26786
4.44084
2.68092
-0.267216
-10.3153
-10.5484
-11.0007
-0.812575
-4.73376
-2.76753
-9.64972
-24.1646
-31.0926
3.92224
-9.39741
1.38817
1.33182
1.53155
0.937031
0.0704836
0.0154361
-16.8982
5.28761
0.174461
-0.324095
-10.2565
-10.2521
3.20911
3.05211
1.7408
4.18423
3.43773
4.6233
-0.536385
1.05265
0.331673
1.81815
-1.3614
2.18061
4.75313
4.44365
3.07088
2.77117
-35.8543
-32.9953
1.87645
4.30042
5.28293
4.235
2.64565
-9.81217
-9.93254
-1.77543
-9.74149
1.05712
-3.60791
2.74147
4.54361
-10.42
-1.10969
-1.52616
0.99741
1.09893
-11.1573
5.29622
-1.93883
-10.1126
-1.16089
1.32144
-3.75335
-15.3514
-0.778379
-1.66871
-10.9075
0.0165649
-22.4927
-4.48556
4.34953
-1.06326
-9.2332
-36.3289
-8.90262
-0.563412
-10.0416
0.0326975
2.95739
-10.8714
-9.94201
2.93983
1.76493
3.28841
-2.97479
-0.742257
-35.8309
-9.41936
0.397452
3.26682
-33.5856
-10.1016
5.13184
-0.170173
4.7471
-35.1328
-9.8506
-35.5299
1.34429
1.99115
-9.87439
4.14252
-10.8079
-32.6813
-10.2373
3.25135
1.75524
-11.8365
-7.00852
-30.7624
3.25752
-34.5818
-26.3979
0.987263
-0.401596
-0.975283
-1.66177
-2.09843
2.61519
-9.68048
-0.737807
-1.18902
4.8257
-1.68049
-0.808928
2.87716
0.0928496
1.75376
-11.3693
-10.4961
-31.3468
-36.6191
-1.08689
4.66898
1.1544
2.1172
-2.74094
-0.408866
0.828797
1.97638
3.03048
-10.4736
-0.909871
4.6387
4.67198
-7.59774
3.91429
3.16181
2.14987
1.08905
-9.58593
1.14881
2.80437
-10.5645
-31.0786
0.398216
2.13016
3.80714
4.56289
3.40306
0.330614
-1.22917
3.46692
-11.5782
-18.0054
-5.03102
3.16974
-2.10964
2.7391
-9.24539
2.78974
2.801
1.2831
0.354651
-1.18841
0.620216
0.24179
-10.2319
1.24666
-11.3757
1.59504
1.41674
-1.29001
1.84625
-11.3338
3.69876
1.4446
-0.395046
1.38114
2.53975
0.545008
-0.237835
2.0108
-0.375275
4.49728
3.67494
-35.2184
-20.2792
1.24141
2.74743
3.01433
-7.14705
2.98562
-17.0317
2.08341
-35.9426
1.03917
-0.133809
2.78756
-0.0160972
4.72527
-1.37885
0.106415
-29.3793
-10.2189
1.35293
2.85462
-9.97767
-1.05754
1.02098
-1.30408
4.38451
-35.1355
2.71761
-0.392389
-1.62897
2.86256
-7.70295
-9.61684
-0.45807
3.93722
-0.997353
4.90312
-1.59923
-10.2923
4.33864
-0.657207
0.953493
0.938919
1.09674
3.28432
2.21773
4.55021
-10.0596
-10.572
-0.935375
-10.2149
4.16931
1.61551
3.73333
2.22247
-10.426
2.0953
1.29526
-10.2736
2.92781
-1.26795
-9.35149
-1.19305
-10.7724
1.19728
2.86869
-30.5305
4.74884
-0.240952
-32.6359
2.89883
2.92108
2.85749
1.09692
2.84638
-0.886046
-15.9406
2.87885
-34.3172
1.92582
-0.510437
-2.0361
2.96996
-0.381802
-9.8647
1.13276
2.81296
3.01118
3.51027
-36.2199
2.82863
-1.05875
2.88347
-10.7387
-5.93938
-1.27688
4.8563
1.15279
4.06187
4.5117
-11.9635
3.06076
0.806194
-35.287
1.96113
-7.72909
3.39194
-1.63468
0.485702
1.47689
1.7478
2.37746
4.5174
3.14388
-9.0527
3.28092
-10.2126
3.6343
3.57607
-9.79186
0.229991
-12.7229
-9.64556
4.10067
0.911387
-0.945981
0.394258
1.53948
-1.01433
-9.89359
1.57983
-0.899261
0.944622
4.51704
-0.158573
1.63054
-0.288718
2.85094
0.354675
5.06763
3.73223
-12.8256
-5.39711
-33.7903
0.815226
4.67369
3.00927
-9.92722
0.827844
4.84364
-8.99665
-1.10636
2.91132
-10.4158
-1.16779
-25.7427
-0.533064
-2.39054
4.41909
-11.2584
1.14769
-17.02
3.58846
-2.95127
2.66875
2.79775
4.17112
5.16879
-4.53488
1.17921
2.78583
4.79758
-35.7646
-10.3381
-29.6004
1.37546
3.93718
2.9798
-1.3489
-10.3034
-24.3365
0.475963
3.91895
-0.987037
4.16668
1.72944
3.62463
-1.1418
-0.432057
-9.85318
-2.15053
0.597845
-1.46572
-2.78349
-1.02966
-3.80341
1.69023
-27.2574
-9.65569
4.56754
4.60613
-1.10333
0.168681
3.44277
2.39902
-17.6302
-1.2311
2.93301
3.98768
2.91492
-11.7266
-10.6995
1.02439
3.1206
0.0505498
3.527
-10.9473
4.29754
-1.11051
5.17718
1.5563
4.16773
-35.5293
2.88817
4.63895
-0.134403
-9.14266
-35.1829
-8.54058
2.06579
2.90723
-2.8454
-11.8233
2.45853
-0.895729
-1.01607
4.76902
-0.977553
3.95214
2.00126
2.61515
1.73824
0.772661
-9.99548
3.96518
3.07898
0.896191
1.54469
-2.04796
3.8669
3.26531
1.22599
-18.3755
1.55389
3.75563
-12.541
4.81853
4.40824
-1.21491
-0.680754
-0.776273
2.6199
2.3898
-10.8677
1.48486
-0.402741
1.77174
-28.6285
-11.4604
1.62975
-0.690468
4.54707
-29.9176
5.36497
5.23516
0.664219
4.46331
1.08737
0.809897
1.2593
0.383612
1.62231
-0.117025
-3.98318
2.78636
-1.66338
2.8447
-30.5631
-0.897561
-11.7048
4.45077
4.98958
1.5733
-26.6088
1.16158
-1.91552
-33.0403
-4.27908
2.83785
-1.07412
3.47549
0.796259
2.23672
-4.60498
3.43153
4.67652
-18.6576
1.48095
-1.13811
-35.4579
4.02178
4.35366
-10.2309
-1.57286
-17.1482
2.7002
3.55291
1.72703
-1.24076
4.50268
3.12868
-11.1113
2.67582
-1.58301
1.30196
-12.7351
3.69335
-11.8246
4.66806
-6.38171
3.71544
-0.291955
-1.02057
0.175538
-11.0904
3.43926
-9.41004
3.12292
-0.355099
-2.93441
-27.6447
3.28504
-32.2422
2.29381
-0.0521068
5.23471
0.716236
1.86627
3.20096
-2.72863
2.37213
-8.04667
4.5152
-2.06867
6.35432
1.44035
-1.20324
4.87798
-7.65865
-8.83133
1.65132
2.32461
1.65794
2.81901
-0.647504
-0.966215
-2.53715
-9.98114
-4.21042
4.51213
-1.32568
3.76605
0.392922
-9.90503
1.5157
-0.943915
2.8709
-2.16906
-3.8694
3.60862
3.05048
4.59773
2.15474
1.67444
-10.9977
-35.5101
1.50072
-0.957114
4.8088
1.97699
2.82596
-19.729
-10.8688
2.86395
-2.56317
2.28069
3.05127
3.74131
2.21966
3.54065
-1.6
2.20184
-11.8769
-10.6369
-0.901799
4.40131
-1.27924
2.6421
-10.7342
0.621541
4.3441
3.78356
4.85032
0.273809
2.19326
-4.51926
-31.4855
4.61519
3.34044
1.15256
-0.842702
-0.171199
-1.0459
-2.00388
-1.51961
4.93569
-1.41426
-33.5148
-11.0857
-3.69611
-8.0952
3.47704
2.25679
-1.76253
-10.683
0.813829
-10.6185
3.80983
10.2804
-0.291529
-10.2948
4.69968
1.39713
-10.3213
3.80567
3.17418
0.477833
2.77363
1.57156
4.21587
5.20337
3.45366
-0.872592
-0.755254
-0.0960772
-9.98162
2.01655
-31.3313
3.7944
-0.811486
-26.7468
2.09492
-1.07186
3.04579
4.11835
-1.41481
2.66149
3.53483
0.660859
3.24519
4.28783
1.45018
-15.1756
-0.838532
4.99893
2.88825
-1.10793
-0.47949
-2.17614
-0.83689
-1.09981
-0.790665
-0.917747
3.9186
-0.681429
-5.50465
-6.21947
3.68868
3.57795
-24.3952
-9.70146
3.42288
3.20917
4.008
-6.99282
-0.44031
-1.15431
2.15883
3.34823
5.22096
-1.78862
0.982196
1.9529
0.357705
0.779979
2.17145
1.15212
0.327355
-0.785616
0.239142
-8.07196
1.694
4.2277
-35.1293
-7.10911
3.57612
-30.7324
-10.8591
0.512222
0.479481
3.71815
-1.77226
-10.3457
-10.4118
0.0887656
-7.25583
-22.8259
1.37299
-0.506893
4.18014
4.90453
4.10115
3.22291
1.72424
5.19721
-2.81713
4.11642
0.18074
0.721381
-26.6454
-1.32876
3.5239
-6.3271
2.92318
3.8347
-5.42255
-0.221193
-8.86999
-10.7835
1.5679
5.13498
-1.03841
-0.863758
-4.91509
-1.40668
-0.367821
3.64315
-1.07141
4.17371
2.60437
3.42933
4.59268
2.89602
-21.3123
0.920091
0.140139
-29.332
1.59728
5.60604
9.15418
3.10264
4.08704
3.65305
2.21745
3.51609
6.24915
-1.16863
3.95744
1.5309
0.848182
-9.98601
-9.14405
-2.19246
5.2887
1.3202
3.34033
-10.7064
2.46859
0.671029
1.37929
5.07043
1.39601
0.292554
-0.829497
-1.34554
-10.3366
0.338414
3.07793
3.37614
3.42061
2.06402
2.16599
3.52932
-1.15756
5.04302
-0.923831
0.05304
4.09384
1.43581
3.02659
-36.3971
-31.9972
-16.9106
3.0971
-36.8996
-8.96322
-36.7442
-8.7918
-8.7352
-36.7223
3.63302
-9.01547
-1.62784
0.506404
-8.48349
-36.7078
0.649564
-1.02417
-0.0683214
-31.0891
2.14861
-10.3189
-10.3219
2.41929
0.769957
3.63931
-21.2888
-35.5596
-0.425811
2.96308
-36.6546
-8.72668
-37.1459
-8.9919
-11.2418
-35.2627
-3.67001
5.213
3.71896
1.98506
0.564441
4.12296
4.25722
-35.9988
-35.4035
-8.94714
-37.3376
5.08882
-2.69053
-5.33049
-5.8316
-1.63642
-17.7255
-10.3794
3.77887
-10.2343
2.25377
-0.883047
-0.608479
4.88842
0.582076
2.88543
1.49805
2.95998
-10.07
-10.1384
0.334433
5.23957
4.52236
4.13894
-35.593
0.360001
3.47416
3.62205
-36.4964
-35.3719
3.52424
-11.3758
1.03873
-8.78233
-8.87266
-0.722251
3.36226
3.51022
-11.2497
4.29725
-0.58702
-0.445527
-0.240774
-8.10445
-0.665619
-3.21303
4.71372
0.630738
-0.955305
4.18525
-0.778213
3.49087
-1.11058
-13.2477
-27.7538
-9.29724
-17.606
-8.53579
-2.40776
3.39784
0.937801
-1.43022
-1.64868
-10.1669
-36.5077
-0.469823
4.44594
2.76977
3.58988
1.67365
-13.6933
-0.930863
-1.2981
0.243716
1.98064
3.04722
1.34958
-1.41208
5.20655
-8.60645
1.66369
-0.670305
2.82724
5.03757
0.88981
-24.2815
8.82798
-0.927717
2.55843
2.24147
-9.94291
0.544717
3.23968
3.14062
-4.04065
4.19769
-2.89342
-1.11647
3.84789
-9.7938
3.58013
3.57525
3.32388
-1.34378
3.65794
-32.3174
-9.94985
-0.485766
-1.26362
1.5557
-0.540804
0.14382
4.35172
-1.27714
-9.44606
-7.97569
3.39317
-36.8241
0.162013
3.32589
3.63959
3.74522
3.52647
-1.83378
-4.15265
4.02333
-1.65068
1.13902
-36.6886
1.92269
-7.98472
-0.754693
-6.43764
-0.971049
1.75759
-37.21
2.84971
3.71049
-10.4657
-32.6819
-1.12099
-0.867691
-36.2516
1.34767
3.40413
-16.3672
2.28007
-0.823556
1.33685
-8.84803
-0.693707
-9.79184
-1.96426
1.97602
3.06047
-1.09614
-0.219171
2.87738
-1.23394
-8.8812
-37.6337
-2.47068
3.48622
-7.03457
-1.05254
-11.4886
-18.6539
-9.05248
1.27953
-2.22682
-8.71986
-21.6582
3.54261
-0.547677
-6.43842
-37.4987
-1.02512
-0.712498
-9.13038
0.155135
0.603901
-6.15504
3.48023
0.00713363
-0.471564
-8.92337
-23.1878
-1.86344
-6.91055
1.91845
2.66558
-4.83476
2.98215
1.87903
-1.96042
3.50072
-15.5874
-1.98656
3.69022
3.36349
-1.85386
-0.720297
-3.06309
1.19215
-0.698152
0.796032
-12.9217
0.417518
2.30977
-1.16426
-0.456733
3.71409
-9.90471
4.08503
-10.1298
0.744351
3.86597
3.51563
-1.0374
3.4332
4.43445
2.02373
5.14587
1.66278
-0.642718
-16.9732
-10.9752
3.24453
-15.4151
4.73803
1.6146
-1.41454
3.72831
5.19145
-9.77416
-8.59928
-2.44013
2.54178
3.45525
0.384584
-1.36942
3.40179
-11.2761
-0.197292
-12.7167
-10.1877
-0.514627
-7.51674
3.47334
4.331
1.85635
3.73593
3.29666
-10.5546
2.0154
-4.86884
4.50534
-31.5257
1.93947
1.97873
-5.73264
-2.98877
0.109558
4.3431
3.68441
-23.5176
3.0982
3.28976
2.80703
-1.83545
3.22043
-0.14234
3.43301
1.94956
-25.9034
1.01222
2.26618
-0.840366
-9.75206
3.6732
-15.9922
3.58463
1.21544
7.83339
2.87063
3.41414
-1.15186
3.37892
-24.0204
-10.6584
3.79389
3.26378
-29.2936
2.60278
-11.2087
-3.64832
3.36586
-11.9084
-4.51777
0.912284
5.28149
-8.97861
-1.58285
-6.84652
1.28879
-37.8453
-8.93118
-7.87468
-29.5715
-37.7889
-8.8886
-10.6334
2.65947
-36.7275
-1.26936
-11.0108
-2.06929
-35.2283
-2.03117
-2.27428
3.04435
3.28782
3.43912
-1.52624
1.54465
3.18795
-0.923959
-2.69909
3.32924
-7.61887
-4.39244
-4.23057
-2.17956
0.16317
3.28085
4.38774
-35.6114
-36.6059
3.9948
3.51323
3.56543
3.69294
-10.4149
3.06767
3.00933
3.66997
3.9038
-2.30411
-24.8661
-3.59336
1.88912
0.627253
1.99683
1.32219
-0.196507
-8.37922
-7.39673
8.96177
-9.47242
3.48854
-1.45939
-3.18047
-7.04871
-32.4617
-0.903011
-3.25794
-2.15876
-0.2786
-26.1185
-7.22834
-0.691357
-1.2869
3.66956
2.46031
-4.99793
-37.0935
-10.2096
-10.9628
-9.37882
3.42486
-8.88459
-1.37232
-4.96677
-2.7542
0.537674
-1.27923
0.713829
3.34019
-2.56527
-9.85677
-9.14505
1.7796
-8.26254
1.7165
-1.33145
2.73584
-1.92062
3.51491
3.12696
-3.86587
0.402131
3.52894
-11.7874
0.868562
-1.07424
-0.608805
-2.08114
3.34864
-8.88779
-8.89679
1.65544
3.21452
-0.317539
-8.82843
-8.27654
-8.86768
-0.570066
1.90889
-1.66661
3.52735
0.673808
0.119665
-0.889268
-13.9471
-4.68268
2.24332
1.08495
1.54171
-8.17839
3.22908
-6.85288
-7.27588
-9.03541
-5.06716
-10.0454
-6.05177
-1.00106
4.26454
3.27413
-1.23837
-8.93493
-37.0823
3.17779
3.44228
-15.9724
-6.27468
1.9664
2.34828
3.25085
-14.2269
-1.04338
3.09228
0.336927
-26.9229
-14.846
-29.0538
-1.47467
3.58109
2.93503
1.57733
-8.94612
3.5848
2.66248
1.44148
-0.90137
-9.28237
-27.6087
-19.454
-7.57513
5.16446
-7.40824
-0.408549
1.57533
-9.00302
1.58864
3.35872
2.81829
-2.24227
-5.73172
3.5446
1.04454
3.61317
-10.1167
1.29942
-3.94109
5.05795
-9.14228
-1.01796
-0.288926
-0.952387
-11.5251
-2.53492
-10.5701
1.77973
1.30621
2.88818
0.294957
5.07622
-8.31851
-3.42814
-0.33615
-10.0937
-0.98325
1.12336
-1.90241
2.75869
-0.85115
11.7294
5.8819
-11.752
2.12743
0.160603
3.42966
-28.8198
-2.32051
-22.4996
2.11309
-12.4765
-2.0589
-11.7235
3.16266
-36.9037
3.50483
-1.35135
-0.623656
-14.6602
-37.3163
-1.36533
3.49443
-17.4255
-31.3099
-4.61806
3.44799
-1.73306
-9.38446
2.19257
-0.499599
-9.39754
3.38295
-0.385367
3.4147
3.78694
-8.88825
1.00835
-0.0822969
3.48212
-8.96251
-0.462348
2.83092
-5.23594
-3.98663
-9.361
-38.1282
3.24787
-6.59574
-19.0927
3.20781
-0.432886
-11.7812
3.14745
-3.58801
-4.50704
1.74368
0.664527
2.58093
-15.9512
3.56418
2.86097
3.8408
2.87089
-5.89772
2.75634
3.24117
-17.9575
1.89395
-36.7651
-2.01165
3.3994
-10.3127
1.96945
3.93368
-2.33998
-8.58443
-1.50179
2.99224
3.26122
3.16653
-36.5882
-0.865356
1.95234
1.14607
3.49119
3.36454
2.39166
-2.93526
3.42538
-25.2766
-34.9234
-10.1996
4.00156
-10.4385
4.96004
1.8625
-0.691523
-9.48066
-4.05125
4.15683
-37.2356
0.594149
4.07754
-0.840364
-2.47978
-1.52482
3.15671
3.71312
-33.5884
3.38343
-30.8761
2.84661
-0.94253
-29.7498
3.38005
3.22827
2.782
-0.434416
-2.38238
-2.16103
0.868322
-11.1675
-7.0549
0.013804
-30.3082
-10.4846
4.25312
3.52374
3.40853
1.79759
3.61519
0.551745
-7.40238
-25.1346
2.85421
-17.0114
3.52629
-0.794156
-24.751
-9.12474
-6.93218
-2.85355
-3.09314
2.62737
2.56767
-36.1067
-35.268
1.07595
-1.53381
3.46496
0.213064
3.56441
4.45973
-1.99629
-0.564492
-9.13422
3.12189
1.0305
-7.52299
2.87175
-1.71285
1.59044
-17.4389
-1.04937
-2.11898
-2.76115
0.114569
-0.467101
-0.954855
2.40051
-11.2739
-8.96735
2.45461
1.29666
-17.2912
3.34559
-1.74812
3.84307
-1.2904
1.71069
-2.78105
1.50334
1.53654
-9.77699
-3.42853
1.42159
2.7866
2.23144
2.87281
1.64064
-9.99232
0.703867
3.39305
3.37962
2.96404
2.85713
-37.432
3.65522
-10.8215
3.7215
-1.94724
2.80169
1.53608
3.98461
-3.41051
-2.36727
-1.0713
-1.25998
2.39359
4.174
-5.79708
1.17419
2.88909
1.18978
-10.1559
-10.1919
-10.1608
-4.36057
0.587488
-11.5685
3.08665
-10.3662
3.49519
-36.6284
-8.40771
-8.60865
-0.56289
0.915346
-0.723652
2.74693
2.90695
-8.59884
-0.178694
-0.306939
-25.1519
4.18076
2.907
2.05265
0.786121
3.33018
3.06035
0.640767
-30.4349
2.55163
-1.23082
4.08487
5.1537
-0.68973
-10.0605
-2.00624
-17.9982
3.28367
-35.3424
3.99144
-1.57891
-12.0118
-8.15693
2.68063
-6.12714
2.9229
2.90579
2.46344
2.03134
3.3407
-6.62721
-1.60369
0.721499
-2.11234
4.00021
3.98869
2.76556
-11.5065
1.73521
-8.91795
-10.4064
-1.91879
3.48742
1.14513
1.48571
-0.370742
3.36543
2.71247
1.13822
-37.8505
1.12412
3.18455
-9.71012
-1.72177
0.495444
3.21985
4.64106
-35.0875
-5.42493
-2.84326
1.94819
4.64633
0.893091
2.0125
-8.92372
-37.5191
-5.45623
-0.177649
-1.56657
-7.22899
4.08496
-0.429547
3.82304
2.75042
3.9175
-0.82241
4.11314
-8.89962
-10.3648
1.43474
-26.2434
1.63341
3.48168
-0.154875
2.88029
3.20276
4.04221
4.40495
3.48763
1.25811
-9.48997
1.57672
4.01213
0.691816
-9.96445
-0.462967
4.20846
-0.274439
-11.1986
-2.35086
-37.0906
2.81542
-3.16852
1.57787
1.10044
4.02639
2.69612
5.13321
2.93658
0.944927
2.62387
-1.63647
-1.98431
-1.97885
-10.3565
1.37823
-5.90823
3.2212
1.36924
-0.743355
3.17773
2.80998
3.46619
3.94755
-4.86137
-1.50257
-8.1593
-4.1549
2.49764
-11.0854
-1.48881
3.48106
-2.92185
4.33079
2.65014
1.86934
-3.92866
1.97319
2.43582
-2.21435
2.13264
0.441798
2.44794
-5.99445
3.81274
8.34057
-3.44874
2.92917
1.38532
-3.82753
-3.6026
-2.04826
1.93391
-9.76282
1.25044
5.10937
2.28385
3.20176
-0.610788
-0.439289
2.93278
-13.5337
-0.674801
4.33465
-18.3727
-9.78169
0.894682
2.48443
-2.24716
2.45148
-2.72409
1.30738
4.85925
4.37529
3.13269
-10.8155
-10.1574
0.86279
-23.9822
3.38108
-15.0607
2.70993
-0.351413
2.60301
5.5199
3.64026
-34.1174
-0.192605
-36.9887
-9.89892
0.347631
4.07651
1.27328
3.17109
3.45816
1.70237
2.963
-4.82438
5.17881
-9.70609
4.44183
-11.4364
-13.9241
-0.532362
1.95322
0.380774
0.826029
-22.6624
0.928656
3.36912
-12.0985
-12.583
-11.2852
-37.6522
-8.92689
-4.3955
-1.52755
-2.17026
-3.18412
3.34437
-9.98382
-2.87988
5.0255
0.473651
0.924985
2.65616
2.84283
-2.65064
2.87507
1.80687
1.08468
-3.84243
2.28796
2.89973
-10.9747
5.04172
5.13394
2.84525
0.0241291
2.02919
-10.5345
-10.7089
3.40052
-12.7558
3.42334
-1.93064
-0.736567
-0.827159
5.17388
3.00595
1.54241
-20.3667
-0.570929
-10.9871
-30.9394
3.11397
0.111343
3.85697
-0.156167
1.25453
-21.8003
1.01282
1.95556
-2.07709
-3.39963
-8.01033
-0.313487
-10.5414
-11.1416
3.19246
1.25195
-4.34688
1.11145
-1.41824
-14.79
3.26764
-11.8455
2.49626
-1.6438
0.539202
2.75719
-5.23517
0.000281106
2.8574
-29.6213
0.940244
-9.59734
-11.8427
-3.60128
0.447698
-4.16408
1.46804
0.0521929
3.13771
-19.0228
2.24748
-7.69287
3.32899
-9.01862
-1.74167
3.07768
1.09433
1.2482
7.76294
-3.17793
0.293676
3.37858
-10.0663
3.25014
4.7371
-0.646043
2.37292
1.88021
-11.3536
-10.9307
-0.606939
2.42739
2.84612
0.731683
1.59565
3.05915
-9.60315
2.27592
-34.8645
-0.50299
2.3831
3.20803
-6.26299
2.93183
1.76443
3.24942
-9.42661
1.75395
-0.542166
-2.5267
3.3043
0.461141
-36.4841
-10.1736
3.46504
-35.0334
-3.07994
-3.669
0.735604
3.4443
1.22475
2.67849
-0.901431
3.19798
2.88806
2.78138
0.268742
0.941175
3.14693
-5.15803
-4.39007
1.11186
4.0571
-8.82563
-6.36983
-10.1306
-4.01434
-37.4769
-1.19977
0.197431
-2.94023
1.22849
-7.0231
-34.7704
3.06166
-5.26951
1.34807
2.61284
4.94516
-4.49028
3.51377
4.24784
-1.55456
-6.02736
0.631803
-0.73618
-7.05026
0.830893
0.459927
-6.45888
-9.38653
1.54475
3.28013
1.11775
-6.40252
2.83966
0.915807
3.01639
2.05516
1.27103
2.89103
3.35321
2.07367
3.5587
-33.0538
-9.79421
1.92107
2.88972
-9.3269
2.95622
4.35889
2.3997
-4.0847
3.35217
2.85138
-0.577108
3.90177
1.946
-3.16198
3.48533
2.85372
-14.6623
1.75041
-3.39212
3.50321
1.06216
-11.7749
-2.04333
-15.8597
-4.90585
2.96862
1.48023
-11.4674
-0.107782
-1.10883
-0.749056
2.23204
3.5035
-0.380185
3.91274
1.12577
1.21725
0.866711
-0.620646
2.57521
2.92061
-0.446346
-6.25233
-10.5544
3.69387
5.02426
1.94543
-7.23124
0.369991
2.85007
1.02524
-6.35444
4.73012
3.19835
2.83896
-0.579103
2.82616
2.45715
3.53487
-8.90651
-4.39235
0.421635
2.16152
-0.581708
-5.83895
-8.7403
1.86573
-13.7278
2.81953
-0.395457
2.42129
-31.9559
2.25981
-18.0779
-10.0715
-0.504376
-8.18609
3.77627
2.62314
-1.51137
-0.0599891
0.501663
-2.44494
1.3878
1.22506
-0.640587
-35.2158
0.637224
2.58891
-7.25565
1.61928
-0.348734
-10.8416
2.32147
-19.3854
-11.0491
0.110889
3.38273
5.19455
-0.871439
1.28023
1.32585
-7.62156
-1.60671
-7.02169
-28.9343
-36.6298
2.55746
3.24224
-5.78425
3.6164
1.09944
1.23848
5.12801
1.54494
1.08096
-3.1772
-0.464213
-35.3297
-4.02394
-0.701439
-0.4051
2.8807
-25.1171
-15.2137
3.32492
-8.98369
-2.3015
-15.8204
-3.82742
-8.65986
0.143134
1.53072
3.42408
-0.580236
2.19033
3.53818
-36.5332
0.861739
-3.69816
-3.65155
2.6246
1.73388
-5.91321
-25.3057
2.93151
-8.48358
2.91778
0.729308
2.0267
3.31566
1.19136
1.73794
3.78006
1.07756
2.20754
1.90196
-4.59091
1.26413
1.22853
-23.2923
1.21839
2.51328
7.32658
2.77709
-1.30743
0.963824
-22.4907
2.61365
-5.51361
1.16095
-5.644
-12.0716
1.35221
5.70517
2.78625
-32.5563
2.84505
-10.0594
2.90744
-1.03677
2.79831
-0.930937
-10.0282
-0.728052
-5.77666
2.86948
3.36468
1.24396
0.143106
0.945263
0.343183
-8.31543
-6.50372
-13.8065
-1.79771
0.970748
-2.79975
1.06406
4.12508
-1.57138
-1.09105
-10.1796
2.51709
2.88652
-12.8487
0.803314
1.00441
1.70953
2.70267
-35.389
-4.3986
-0.128226
2.13627
-16.3157
3.2812
3.47069
-30.8971
-10.7763
-34.7301
-0.784945
3.00928
-2.14847
-10.3726
-11.3561
-23.1126
-13.6286
0.467065
1.40708
-12.2613
-3.79411
3.16159
-4.77621
-10.4373
3.40709
-1.76612
1.19775
-3.72336
-0.303083
2.12087
4.41612
-12.5571
-30.9099
-30.4697
2.79398
3.51562
3.35511
0.870761
-28.4402
2.00168
3.21117
2.0694
-11.5219
3.36558
1.70457
1.06219
3.7739
3.47677
-2.53483
-11.1548
-1.90378
-0.175373
-0.465635
-10.195
-11.7974
2.61744
-0.328656
3.3343
-0.574828
-10.7492
3.42848
-5.68802
2.82769
2.81689
3.48196
3.66905
-11.4365
1.74672
4.06311
-6.78384
2.80166
-1.2086
3.00227
1.58822
2.75741
2.28201
0.0742091
0.720206
-10.6889
-11.4729
0.176382
2.9637
2.01844
2.6609
-37.7095
-10.756
0.802311
0.866595
0.382434
0.241337
-10.8001
1.41662
-0.610277
-4.36437
1.26808
-0.824236
3.77052
2.99671
-9.01922
-10.4731
-4.43979
0.930058
1.40295
2.67903
0.345539
2.92947
-35.178
-11.622
-8.96861
0.849228
2.9673
-35.1502
1.84148
-1.8118
1.05817
2.82062
1.23205
-30.1667
0.392035
-9.88564
1.69329
-4.21526
-4.9702
3.45135
-1.65132
-0.465045
1.16924
-6.2179
2.72348
2.90139
1.24642
-34.5968
-11.8307
2.45213
-4.57167
-10.2662
-11.677
1.67667
-10.0936
-20.9041
-35.6793
-10.8978
-11.7551
8.78105
5.14544
-32.0131
-35.0872
-6.18433
-2.01519
1.41759
-2.31744
1.43199
3.26882
-1.80735
0.380443
3.27872
0.434332
2.95788
-12.1176
0.315852
-0.0478727
2.45393
-4.76861
2.14285
0.323353
-34.5131
-11.3629
0.4834
-0.308069
-23.5086
3.15816
2.48699
-0.0817995
2.74314
-1.12235
-4.45707
3.08993
-11.8005
-11.6404
1.96346
1.30844
-5.42324
-11.7381
7.27736
-32.4327
1.43487
-4.30429
0.854029
-0.858559
-0.544292
2.28205
1.60052
-10.7137
-5.72712
-37.4918
3.40301
3.38032
0.77396
1.47163
-3.59789
-11.0139
-36.6508
-9.99027
-0.794481
2.80638
-3.99408
1.74174
-0.746913
2.80231
-10.8197
-0.0774284
1.79149
3.30452
-0.728444
-11.7255
3.39405
-2.44434
-8.92401
-29.5001
1.18916
3.83235
4.85907
-10.7085
1.59692
-11.1843
1.95729
0.878196
1.17755
-11.7919
1.94679
1.11965
-9.20798
2.86862
-0.199899
-0.169881
4.88431
-0.92333
1.92885
1.37311
0.552819
-0.934325
-9.45369
1.17968
-33.5929
1.17075
-34.6964
-32.9454
2.1153
1.18587
-10.511
-9.14205
2.75537
1.77407
1.75812
-11.4988
3.51313
2.40973
-29.9118
1.7873
-9.92099
-6.32475
3.36364
-9.40148
2.47883
-0.311264
3.40459
-8.92092
-10.7724
-0.0476045
1.92945
0.637817
4.39458
-0.240794
-16.6001
1.70236
-9.36167
-0.156936
2.69069
-15.7506
-36.4414
2.32602
-28.2957
-9.336
3.22046
-2.19877
2.56073
-30.3016
-9.47473
-35.6496
-10.1492
-2.72655
2.49028
4.68169
-2.37449
3.34442
2.62821
-0.184708
-4.11551
1.82408
2.73585
2.24818
-1.02546
2.43762
3.16969
3.73385
-3.76499
2.61628
3.20807
-8.93554
-36.5831
-9.28995
1.312
0.114625
-0.24925
-12.4206
2.28301
-17.3917
2.32127
2.18119
3.47354
2.11174
-7.29845
0.466374
-25.8388
11.7858
-4.75903
-3.49846
2.99976
1.19892
1.50362
2.41808
3.04715
-9.07981
-1.9016
2.90758
1.31997
2.3767
1.31115
-5.35778
1.81084
1.99548
0.127512
-11.4119
1.28141
4.13237
-0.497028
2.51298
-9.15784
-11.2655
-10.6143
1.73056
2.22069
3.4784
3.23051
3.28541
2.32537
-10.071
2.79002
2.95755
2.3841
-16.8465
0.0622026
2.5369
2.84455
-9.87591
3.76915
3.11471
2.40262
-10.9974
2.1773
1.14657
-8.76391
2.83004
-1.51693
2.39312
1.25721
-10.9141
-0.018121
-5.02868
3.41031
2.06526
3.3381
-10.9118
1.45709
1.98833
-1.43621
-34.2704
-8.05669
0.332003
2.04786
-35.8462
-11.0523
3.33936
2.55107
2.68423
3.51578
3.31287
-0.737774
-36.0255
3.04325
1.18574
2.05778
1.88799
1.42702
-12.928
0.0321605
2.29597
1.35695
-8.22195
1.61203
2.55804
-0.588562
-2.25269
2.47951
-37.499
1.20379
1.61339
4.04921
-0.832841
2.77514
2.86154
3.08593
2.1631
1.06824
3.83942
-9.17099
-8.93929
-6.6254
-4.25148
2.67782
0.92416
1.33337
-16.3481
-2.7025
-0.061016
-0.0557608
2.84567
-10.8042
2.23996
-11.4126
-11.2663
5.04634
2.47068
2.72813
2.8515
7.42431
2.55277
-2.32639
-0.495644
2.59203
3.63513
3.82582
-0.655656
0.835924
3.15795
-0.343959
1.23594
1.55244
0.26987
-9.61092
0.806989
-11.1481
3.39325
2.4966
1.39704
3.37278
1.47036
-11.009
0.143932
-10.521
-10.7276
3.9964
-4.83117
2.4593
4.87805
2.38954
-0.91637
1.25487
-5.76391
-2.68637
2.08405
-0.847671
2.53751
2.50457
4.08439
-27.198
-0.530771
0.934656
2.25778
-11.1478
2.33941
1.86835
-10.7629
-22.2684
2.82087
2.12333
-25.7543
3.31744
-0.795404
2.12685
0.408431
4.23502
2.71437
1.70365
1.16048
1.00174
-0.761923
0.177899
0.747733
-0.61473
-17.2617
-2.51415
2.12015
-36.6067
-17.8297
-13.2315
-7.50214
-4.40154
1.90493
-2.82891
-18.2017
9.94091
2.26582
1.92394
3.4537
-34.1981
2.26002
1.92301
-5.07638
0.720099
-9.70505
-2.66648
2.40162
1.36536
-0.64797
4.86149
3.03911
-37.4123
-28.3303
3.0952
-18.0162
-5.43277
-23.2601
-5.97731
-0.35253
-2.6056
2.09295
2.52118
1.00777
5.2367
4.14093
-25.5673
-25.9268
2.48249
3.3309
1.06799
2.74673
3.36863
-0.690657
-6.30687
2.43096
0.321919
-21.8304
1.30464
0.801459
2.49968
1.54867
3.29003
-11.247
-20.698
-34.838
2.39643
-27.0464
-30.0242
2.56768
0.849673
-2.23949
-4.46264
0.56515
-10.1756
2.96287
-36.2123
1.78099
-36.5484
-0.739936
-2.6596
1.74051
11.5162
3.27075
2.02788
4.23518
0.953379
1.06938
2.83241
3.54304
2.48438
-16.4262
2.50567
1.55625
-1.64016
0.135157
1.22435
1.94546
-13.1722
2.05383
2.49524
-4.83044
2.12335
1.49106
0.50021
2.44846
-4.65426
4.98979
1.15369
1.02142
1.20288
-36.8815
2.00272
1.8167
-36.0358
1.31576
1.30266
3.29582
1.22224
-2.34991
2.47243
2.60097
2.53465
0.136713
-10.2484
-1.59359
-21.1508
1.99675
-9.41478
-36.6698
-8.69409
2.06501
0.297446
-11.3852
1.70234
1.72839
-33.8257
3.71325
-10.138
0.920956
-1.19584
-6.83627
-13.6589
3.99
1.61243
0.987785
2.33776
4.63566
4.33321
3.0486
2.75501
3.37171
2.97468
3.7214
1.1195
2.44807
5.18514
-2.86339
2.6423
-1.39165
-0.204535
0.42073
4.10199
-7.81267
3.22002
5.04113
0.934186
1.55034
1.09034
0.412094
3.75909
2.41793
2.80884
1.76463
-35.2448
3.00476
-0.780294
1.06421
2.50237
-0.776324
2.48483
5.31987
-24.9946
2.85909
-0.428171
2.42909
2.83646
3.38244
1.99196
0.883935
4.37897
4.76104
-13.3608
-1.52475
-0.379049
1.95813
1.6488
-28.1864
2.80256
5.06988
0.180221
1.45424
3.10434
-31.4635
-19.4597
2.80484
3.38598
-11.1461
-0.541742
-10.2929
-0.59754
-6.24254
-14.7574
2.95595
2.88148
-1.00856
3.36222
-10.5151
3.25352
0.81035
1.64761
2.40107
2.51422
-16.5183
2.64181
3.26887
4.37428
1.61366
-10.1179
-0.0981278
3.32613
2.32212
-11.4237
1.78308
2.11964
-8.76656
-1.1129
3.61935
2.18998
-36.1582
1.8238
2.44288
3.0949
-0.578854
-34.9273
-1.00889
2.81457
-7.59007
5.24618
3.16472
2.62718
2.76559
2.15401
-10.116
-8.65364
1.43192
0.571103
-9.03198
-25.1656
-33.3671
-0.291468
-36.7614
-8.84225
1.23043
-9.30681
3.30627
-24.5694
3.28777
-26.4173
-1.58731
-10.5302
2.8488
3.45039
-10.2373
2.13587
2.01787
3.30799
-34.9699
-4.05495
2.8894
1.35516
1.16414
-2.61573
-6.9196
2.59546
-0.58293
2.48379
2.08328
-18.5536
2.09126
-10.8109
-0.168487
-11.614
-11.0649
-25.6994
5.18124
0.0142496
-10.1569
-0.935147
-1.25778
1.09716
-9.05051
-9.86339
-4.20062
2.69029
1.652
-10.2346
-0.830101
4.34591
-15.9532
3.28154
1.29579
-20.4252
0.7214
2.95475
0.196611
2.91494
-15.914
1.20619
3.75092
-0.856496
4.47658
-9.74294
-0.679889
-4.45967
1.43957
2.62817
2.52451
-1.38158
-16.0528
0.791422
1.07745
-7.5354
4.25901
-0.620521
-9.34425
-10.818
1.48953
2.7764
1.67438
1.3823
1.43092
1.07721
0.767545
-10.5293
-10.3231
1.27915
-25.6853
-6.61841
3.41585
-19.4171
-3.75662
5.35594
3.99292
2.90449
2.14763
3.20482
2.32835
2.21426
-0.316888
-0.575798
2.03916
1.12633
-6.90894
3.32548
3.30122
-10.352
6.39236
2.368
1.0946
2.62269
1.64519
-28.323
-10.2778
2.95512
-7.31363
3.2249
0.900973
2.85508
1.87545
-27.4283
2.85436
3.09183
5.05118
1.53976
1.29116
-8.54777
1.49457
-1.53755
-8.83534
0.360699
1.3327
3.32451
-7.04086
1.44805
-9.87801
1.06752
-7.01361
-9.80999
2.79109
2.06078
2.70284
2.60407
2.24806
-10.8656
3.36443
-10.1109
0.777242
2.62946
3.66415
5.33252
3.4392
0.279502
-11.637
5.10487
0.514943
2.83256
2.37954
-34.3105
8.01423
-10.8284
-5.68133
2.85928
-4.46978
-3.74816
-0.348976
2.63526
-11.3609
1.80655
-0.144822
0.794597
3.43032
2.78
-23.2981
-10.0055
1.79197
3.02357
-17.9471
-24.3843
-0.353971
3.0547
2.81439
1.32605
-10.5847
3.62706
-1.31053
-24.2866
-0.931235
2.98083
2.79004
3.02063
1.29589
-36.5431
-11.2891
2.08524
1.97166
2.5096
-14.7226
1.52973
-34.3487
1.6807
-0.476167
-12.2154
2.96364
2.95564
1.58641
1.15043
3.14306
4.59925
3.36366
1.3482
1.79012
2.54928
-2.70254
3.48301
3.4122
-0.0169664
4.30201
-35.4937
1.17624
0.0428071
2.40817
-21.5266
-10.1079
-9.98152
10.4883
-0.451807
-9.08673
0.716294
0.23421
-11.0088
-1.20642
-3.55161
-23.9621
-16.8088
0.346823
3.35521
2.8146
-10.5824
-34.7768
2.17454
1.40147
-3.79183
2.51069
-11.2402
2.52412
1.94656
2.23643
-35.0333
-35.1039
0.276121
1.07342
2.47385
2.79197
-1.48733
-10.5645
1.25683
-27.538
-35.6892
3.96421
2.61241
2.86441
0.59517
-1.92529
1.52073
-0.623059
3.04453
-10.4158
-11.5672
1.17963
2.55671
-9.66561
-26.9059
-10.8796
1.97229
-31.7519
2.60481
-0.00577124
3.26254
-1.68834
3.19267
-34.1601
-29.5411
2.27515
1.72783
2.3771
-18.1589
-30.8119
2.81407
-15.1792
6.32054
7.55205
-10.5761
2.62386
1.3087
-11.7003
-0.74514
-1.07585
-23.0411
5.35972
1.62638
-1.27975
1.37788
2.91898
-0.125557
1.49077
-8.77881
5.27237
2.14126
0.878581
1.42246
1.46309
2.35001
-10.7516
0.821091
2.40007
1.73542
-0.441306
-17.6828
2.14463
3.41984
-34.381
1.76916
-5.23581
1.29771
-1.55452
0.791333
-34.6899
2.77115
2.84213
2.0762
-1.03305
2.85537
-9.62134
1.0511
-1.23677
-9.41087
2.11323
-14.8152
-31.253
-0.964771
1.84076
8.16897
1.29622
0.952163
2.32799
4.2206
0.667947
1.26711
-0.55307
0.946015
4.32627
1.07725
1.65207
-10.8718
-36.1035
-7.35458
3.18119
1.52525
0.938099
2.86168
-11.593
4.27287
0.809817
4.49037
-10.5107
3.28211
4.67964
-16.507
-28.8668
2.78148
-0.676576
-11.2799
-0.0573354
2.02157
5.33488
1.08392
-36.6526
-0.0391661
3.34962
-0.0452004
2.19112
3.27769
0.208704
2.66607
3.99994
-0.252857
2.20709
-34.8315
3.95559
3.62759
-11.2064
0.872835
2.54093
2.2719
-31.451
-35.4103
2.46129
1.64778
-10.178
4.33732
-7.50461
2.59495
-0.391961
3.34857
1.28116
1.72006
-2.64642
3.00178
2.36343
1.99538
-22.7958
2.60527
-26.9565
2.72293
-0.551636
-9.25509
-6.28803
-0.653772
-0.612866
3.26011
-10.142
5.03328
1.51891
-0.340595
0.881427
0.0471516
2.66374
-35.6686
0.840164
1.85817
1.33838
-36.4263
1.88365
2.58016
-37.0943
2.95968
-4.1905
2.69376
2.44591
-34.8485
1.35705
0.711242
2.75883
-2.27716
1.28299
-10.6295
-9.82014
-28.8719
-2.43602
-31.9907
-3.78389
2.12987
2.45083
-8.5568
8.58791
3.42275
-0.435583
-17.0489
-0.539006
-0.876722
-9.49298
-4.34796
0.820181
-7.81141
1.18358
2.26256
1.05474
-11.1242
17.3865
1.12301
1.78048
1.17356
0.775281
-8.04876
0.81515
-11.4124
-14.7981
-0.646995
-4.49621
3.62431
-15.4304
-31.619
-1.55522
-0.4373
0.942197
0.841544
4.25172
6.52171
0.863274
0.876639
-36.419
1.54463
-3.22003
1.13309
3.12026
-7.40657
0.0383333
1.46113
-29.7742
-37.1877
-10.1466
-4.26377
-9.47628
-11.0258
3.27627
1.41183
1.06843
2.72027
2.1024
1.14991
2.53188
0.799058
0.171446
1.99871
2.48672
-10.7042
-4.42428
3.53965
-35.155
-0.206002
1.99949
-6.2021
-35.8133
-9.88006
3.42902
4.19201
-0.765895
1.6582
-10.8933
-6.11681
2.29658
-10.491
-10.0854
1.75787
5.10179
-11.2446
0.922709
3.47965
-36.8226
1.16275
-3.27784
1.34284
1.19875
-0.417078
1.45372
1.24079
-4.29833
-0.429251
-9.84429
-0.786276
-0.0395047
11.4225
3.6524
0.404266
2.85304
3.06167
-0.750108
2.10267
-9.65497
-26.1021
-9.84195
1.32886
-29.9917
-2.63103
1.46062
-6.58334
1.14648
3.34228
-9.89372
-0.802321
-11.2628
0.93706
3.89757
2.75849
1.83491
0.696926
0.50305
-0.382551
3.50764
3.09721
1.77349
3.22993
2.82962
1.32082
-37.8589
2.11565
-1.12902
0.820871
1.63174
1.01675
1.2139
-3.45634
-29.6478
-31.6895
-11.2903
3.75021
-7.25148
2.52623
-0.608624
1.75248
2.40386
-3.2764
5.12384
-0.145312
-9.55071
-4.00295
2.85172
1.54371
2.81498
0.753116
4.33952
-8.02091
1.99159
-5.27257
-10.9299
0.731932
-31.4038
4.73391
-22.0193
-0.62861
0.824689
-29.7514
3.46374
-8.67817
2.89465
0.952329
1.83077
1.77092
-16.3054
-9.44853
-9.73542
1.80515
3.58918
0.902125
2.11429
1.08349
-0.131001
0.829919
-9.75815
1.12243
1.10561
3.87433
-10.0424
1.54608
1.25953
2.85502
-7.68019
2.15808
-34.3296
-11.2451
5.06436
8.96451
4.15276
0.144116
4.63888
-13.6301
2.03268
-0.429989
-9.09343
0.967181
-36.108
0.856284
2.19662
2.43026
-23.6945
3.47552
0.700523
1.90908
-2.8306
3.57908
-2.60305
1.03024
-0.517765
3.70232
2.37209
-34.7864
1.45273
1.9027
1.48678
1.47563
3.83344
1.04291
-1.29385
3.43292
-10.0609
0.594585
-0.840371
1.71495
0.438961
2.58215
2.49217
3.02971
-36.7083
2.87201
3.37152
7.97828
2.35509
-8.66274
-0.52842
1.18723
-0.764707
3.9439
0.117689
3.79883
-23.3594
0.368377
-10.8681
1.19804
3.09744
1.92202
4.00306
-2.43627
1.41521
-28.225
3.83772
-1.25393
0.762321
6.07705
1.67592
2.83221
0.435369
1.47744
2.54972
1.81364
1.81279
1.72181
2.88096
-36.573
3.19706
2.16485
2.86103
-16.8653
4.00902
3.61445
-26.2879
4.62944
-10.3742
1.91664
2.11381
0.777548
1.98749
1.35026
-19.7504
4.1145
1.57986
0.716611
1.36321
-9.80185
1.90474
1.24081
-0.0516044
-0.36703
1.21416
-1.58084
0.083789
1.15725
-3.69824
0.107127
2.57501
-0.729942
1.38402
-0.124996
1.2144
-3.6508
4.29857
2.21248
0.159852
-3.22495
-10.4391
2.78753
4.05551
-9.7369
-13.4989
3.46429
1.49938
-0.778722
0.388856
2.29601
-19.456
2.17755
2.72263
0.882092
1.81706
-30.8741
3.05658
2.27374
1.03709
2.38214
0.440571
1.69179
0.277494
-11.0821
2.52
-0.384814
-37.5301
-1.38704
1.25473
-0.194463
-5.08124
2.07343
-5.07944
1.95466
2.43095
3.12023
4.51393
-24.6326
-0.00964995
-0.409859
1.45882
0.948139
-0.0870191
2.28203
0.527913
-10.7009
0.933836
-6.58597
3.05007
2.12135
2.54909
3.12349
-10.308
-14.0252
2.59054
2.44036
4.4645
3.37336
4.37833
1.65016
2.84229
-11.5561
-0.526999
-10.0807
1.82242
-0.416883
1.16403
3.3772
2.2771
2.51466
0.0180033
2.90998
-0.503441
-37.9006
-5.87982
2.05252
-28.8602
3.26865
-30.8962
-10.9665
2.08313
2.21758
-35.4717
-14.526
-10.1302
2.97253
-0.695699
4.1113
0.224432
-10.6094
-3.52176
0.616118
1.6728
3.33105
1.42232
-0.511967
2.89502
-0.234121
2.22684
2.01956
2.31739
4.0144
0.54979
1.57576
-5.52105
3.92361
-10.7607
2.30975
2.69963
3.22911
1.13289
2.40118
2.29316
-36.0679
3.19048
2.75971
-10.8156
2.07575
2.67757
2.47907
0.880255
3.60564
-9.80331
1.3209
1.8527
2.4917
1.76786
-8.11377
0.459736
-16.03
3.64494
-2.42916
-0.652706
-0.586169
-2.87456
3.19574
-0.599631
3.39323
2.25001
-9.83091
-19.4081
1.86022
0.046992
1.63473
-9.27756
-11.0634
-8.90765
-10.6383
0.843394
-35.6015
1.53826
3.81586
4.51147
-0.175516
2.05051
0.0269244
0.431314
2.29668
1.02104
0.393441
1.7714
3.66439
0.496243
3.38147
-0.231858
1.34323
1.79445
0.482683
-0.228827
-2.84306
-14.4148
3.02806
0.62868
2.9827
2.54367
-10.0965
-29.5359
1.84984
-9.74527
0.725962
0.243316
3.92704
-2.52078
5.85872
-8.56659
-0.844413
1.78946
-10.0141
2.18787
1.5423
-10.8717
-4.45541
-36.6232
-9.06008
5.41364
3.9772
-22.8838
-7.04301
-15.675
1.32792
-9.2858
-24.5144
1.89553
1.67635
2.15219
0.450807
3.1055
3.71252
-10.4015
3.86345
-10.0758
0.035485
-5.40332
10.2756
1.51072
2.22493
-4.96103
0.713397
3.99709
4.71486
1.93604
-36.698
1.8224
3.00757
0.978329
2.08124
4.08086
-35.4963
-11.7394
1.93465
0.0313231
0.592827
1.98394
-11.7157
-2.45586
-2.94882
-5.38685
-15.1734
-22.268
-11.5107
1.56043
-11.7655
0.305716
-14.374
1.60914
7.37066
-0.628788
4.59086
-16.2142
1.46748
-0.0100904
2.17788
-10.4739
1.92836
-5.91468
1.43619
1.10058
-19.3358
3.38908
-28.0255
2.99576
-11.2293
-9.25263
0.500894
-11.3481
-16.6286
-30.1425
1.14224
-35.4388
1.12133
-9.54321
-4.91166
2.348
-13.8238
0.214588
2.2006
2.51226
-11.5767
-23.8827
-0.764989
2.06452
1.27262
2.99832
4.06053
2.8606
1.01231
1.18308
-2.64622
6.89565
2.25463
3.13146
0.419893
1.97868
-0.262775
4.78316
-10.6291
1.56751
2.28634
-9.85749
-18.529
-9.67973
2.49757
2.13066
-16.9262
2.37813
0.158703
2.71508
1.04955
0.921143
-10.0943
-11.2586
0.293217
1.96023
-9.3747
1.81599
-8.93203
4.51702
1.55298
-11.6303
1.70326
-29.8838
11.0346
1.2313
-7.94534
1.10949
4.63677
1.37251
0.0206351
2.27147
1.50544
3.15279
4.06385
2.33886
-0.63481
1.07214
2.58595
-15.9351
2.64984
2.0725
-11.4374
2.73369
-8.52065
-28.1667
3.64872
2.21995
4.63629
3.52134
2.9035
-11.2372
2.33058
3.23396
2.33743
2.58736
-2.71543
-14.7789
0.480395
-10.1915
0.943339
1.35427
3.00555
2.70521
-10.5604
2.43027
3.44228
-20.218
-10.9383
-9.90727
2.88397
-10.7829
1.83242
-3.14488
1.86679
-10.7258
3.793
-0.597624
3.07254
-0.21997
-33.1359
2.95698
-9.67151
2.27407
1.67808
2.29201
2.97646
2.67129
-0.595545
2.19619
1.76681
1.33784
1.22516
-36.7354
-23.9849
0.881939
-1.08143
-4.20395
1.92249
-4.79331
0.42807
5.97613
-2.69048
2.79514
0.512698
-0.974149
-7.54032
0.511984
2.06985
-3.29201
0.454373
-36.1517
1.19928
-11.6358
-4.30754
1.45977
4.1928
-0.626902
-1.05749
2.29339
-7.93101
-8.42612
-16.2424
-9.9348
-0.69565
0.986896
-9.54714
13.1364
5.26747
2.51316
1.08153
4.5199
1.84625
3.23239
-33.9586
2.98004
-10.9105
7.67874
1.34645
6.25041
1.75856
0.934849
-9.52955
-1.94315
-1.86113
2.57239
-20.8295
0.714147
1.12542
-17.8547
-30.1621
1.19233
2.04751
1.41134
-10.4938
2.97257
-35.237
2.57223
2.0629
3.32813
-4.78707
-31.2553
-33.2249
-26.9399
3.18492
-37.1783
-3.43592
0.564491
1.55496
-36.4184
-9.38872
0.51064
-0.897629
-34.1511
1.79057
-0.786886
0.746701
0.0792057
2.74809
-36.2022
1.04514
0.794356
-0.528415
5.52058
-16.2869
0.229124
-7.04167
-35.913
4.80452
2.46606
-30.2924
1.7767
0.0559195
2.63858
-0.610378
1.8742
-11.9402
0.157506
-0.0638625
-8.10048
3.2735
2.33004
-12.3018
1.6212
0.660997
2.3638
0.0479866
-10.5876
-10.7738
1.15244
2.00188
1.44745
2.04714
1.46923
1.93151
3.2764
8.21512
1.48835
1.61871
-0.61734
-12.0287
2.29127
-23.0212
-11.2197
2.82303
2.42961
0.900446
0.972355
1.37479
-7.66668
-10.6386
-29.0081
-6.02197
-0.768391
-11.0721
-9.0679
0.550283
-29.6013
-5.09229
-30.2564
-23.754
-10.2136
3.72773
-3.35124
1.23353
-25.6907
1.00099
-0.269991
2.35463
1.21197
5.29468
4.88389
-0.947936
-37.2541
-0.50851
-2.72163
-0.578666
-1.15858
0.318496
-8.97421
-4.67485
-10.9915
0.791655
18.1132
2.76865
-9.3953
-20.575
-36.9046
2.60233
-11.026
-11.6683
-10.3378
3.38242
1.84956
-2.96787
1.34879
4.41114
-0.712041
3.58855
2.16869
-0.646087
-9.44482
-0.465882
3.12131
-6.92034
4.03506
3.09199
1.71999
6.65013
1.21406
0.951039
0.793373
-0.421454
-0.124348
-32.6221
1.70808
4.24114
-36.5052
-0.0860467
2.95263
1.81658
3.96253
0.930889
-37.0543
-36.5091
-0.730268
-2.33848
1.14209
5.6282
-0.193612
3.387
-10.9249
-16.5254
0.711987
-0.903938
0.763643
-9.03054
-36.0716
-5.84271
3.39232
-9.51381
-9.10667
2.04187
-0.76334
4.94445
-19.4557
0.678577
-0.397889
3.16886
1.68559
1.76228
-33.6455
4.15474
-0.8558
-9.78124
2.95959
1.93777
1.68471
0.666156
1.41689
1.16948
0.971938
-8.87247
1.32599
0.673943
0.929699
1.48097
-0.386064
-13.5842
1.14889
-5.18976
0.543985
1.40064
-5.89194
3.21676
-10.4937
-0.016733
-33.4564
-27.7105
0.542919
3.19916
1.91196
10.9301
1.67674
-12.2126
1.06423
-9.51648
1.4817
1.50921
-30.054
5.26223
4.18766
3.25228
5.5232
-0.91402
-10.1119
3.06782
0.660559
-15.395
2.63889
1.05798
1.94139
-34.6624
-28.2511
3.14657
3.34755
-4.60891
2.33293
-1.59875
-9.93287
2.31955
-33.7501
-2.96983
1.42474
1.28362
-29.1699
-9.751
2.91297
2.68297
1.18512
2.81438
-0.646701
0.512539
-31.2202
2.03418
9.1068
1.09738
0.844142
1.87758
1.07035
9.03837
0.999425
-16.5445
-10.4451
0.94597
-15.771
-8.78118
1.10475
-25.7711
-0.817134
3.64075
-9.50676
-9.47005
-6.32704
-1.35189
0.291077
2.17934
2.62705
4.39921
2.33639
6.11095
3.05331
8.80081
2.53786
-1.00439
2.77456
0.342006
3.04222
1.03848
-34.4345
-14.4776
1.82791
-4.07439
-1.00633
-20.5136
1.56014
2.62339
-10.3553
-9.92463
3.46542
4.67197
-27.1988
3.20517
1.195
0.310819
2.06582
-1.36898
-37.8365
-4.70241
5.68022
1.40577
3.42983
-9.96105
0.120775
3.30101
0.986558
-36.1773
2.6195
3.0014
3.07331
-36.9393
-10.4803
-10.2343
-0.143757
-22.5332
-6.03089
0.888272
-10.0474
6.25217
10.3762
-20.416
-34.5732
2.61517
2.8924
-9.98461
-1.6992
-0.0323795
-10.0465
-34.2583
1.91752
2.87769
3.48591
-0.0925471
-9.99394
-33.0664
-28.371
-1.6407
-14.2487
-2.03631
-3.72634
-9.91458
0.381594
1.53991
1.19098
2.41654
-0.346
2.06371
-14.3692
-14.3394
5.11368
-0.668688
0.473175
-10.366
-0.570492
-35.6977
3.63025
-24.8159
-35.5436
0.956201
3.19407
-2.89426
-36.929
0.363074
-9.75965
-27.2491
1.02317
2.52387
-29.2472
-9.64054
2.12547
-9.68971
1.0599
-0.00586651
2.03571
-8.5641
-3.27699
-0.665403
-0.885295
-11.7599
3.44249
-10.906
-10.6175
-34.5194
1.0782
-9.90717
-1.42411
-6.4247
1.2383
0.556355
-0.330556
1.12324
2.52961
-9.15651
2.15541
1.0865
-9.71969
0.00984772
-11.7882
-9.94974
-8.90464
1.13076
-8.88785
-36.4336
3.35886
-9.8583
-0.432634
1.30369
-0.559035
2.84945
-5.5977
1.70265
7.1325
2.15369
-0.815775
-9.45711
-10.7236
3.63431
-36.2182
1.02751
-36.5945
-22.6171
1.4385
-0.0892821
1.10924
-34.1793
1.84887
1.94004
2.29359
-0.563012
5.07298
3.28214
2.15782
1.18671
2.09601
1.91018
1.87494
1.2642
5.24631
-0.089477
1.49066
-4.34702
0.963282
-6.68924
-31.9089
0.749981
0.579992
-31.8752
-10.2836
1.01389
2.3897
2.80427
1.64464
-33.2197
-8.08935
-9.00398
-1.01607
-1.03006
-6.62824
1.19866
-9.7483
0.263744
2.6715
-28.4593
2.4955
-10.7735
6.49537
1.0818
5.69947
-16.5659
-10.4804
1.64267
2.05476
1.59438
2.3308
-32.6904
1.15764
-2.00684
-10.1608
-2.7732
5.28132
0.833417
-0.909092
3.83233
-35.4792
-4.91987
3.2035
-9.9642
0.591263
-1.20208
1.71375
-9.65874
1.12259
-12.4724
-36.2848
-15.1992
2.2642
0.664826
-36.066
1.1114
-4.83019
1.58343
-6.6389
-2.24978
1.05346
-9.49463
-10.9767
-9.38799
3.33052
-16.6489
-22.4104
2.99262
-9.09269
-4.41895
9.52527
1.59424
-33.9859
-0.951287
3.11698
0.266447
-8.18104
-28.2836
1.89683
3.09384
2.2566
-10.1412
2.24025
2.52498
-0.965896
2.63771
2.00832
-10.8227
3.5545
6.89657
-11.0772
-15.677
-0.670643
0.447713
3.12232
-34.2597
3.28592
2.74276
-9.62217
3.28356
-0.970857
2.06088
1.72097
0.970325
-0.118937
1.99874
1.12658
-10.3175
2.85561
2.41871
2.63326
-13.0072
-12.0551
-0.468553
-11.2083
-31.3518
0.788941
6.09243
3.36579
3.00939
-4.1155
-9.75273
-34.1984
2.83705
0.469377
3.43841
2.83449
-3.57823
1.07699
2.4489
-15.6477
-11.2596
2.30928
-9.09412
-9.94607
0.202509
1.86495
-9.77811
0.963103
0.436886
-10.9497
-3.90613
1.55379
2.91205
-1.4161
4.74105
6.25436
3.0771
1.66953
-1.16368
2.38751
2.61546
-36.385
2.97254
3.27059
-23.0623
-4.9883
-2.6624
-0.445551
0.885387
-29.4497
8.89405
-1.54742
1.09145
-36.9014
1.39503
1.24527
-10.6158
-9.38411
0.667699
0.543063
-36.0091
-18.5311
1.80882
1.62859
0.783836
3.18101
-11.2523
3.23305
3.37953
1.45287
-27.0759
1.03898
2.32156
0.938776
-2.74215
1.07063
0.600717
-0.637919
2.78344
-0.794594
2.87187
1.55909
-4.50578
-3.75524
-1.02488
-11.2943
1.50427
-0.825097
2.9636
-0.997864
2.69986
-34.5151
-34.4341
2.01027
-35.561
-5.81163
2.69104
3.14125
-9.93435
-10.882
-11.849
-9.16412
0.892546
-34.8878
-28.7347
1.77869
-10.2692
2.12365
0.963161
-9.81874
-9.3223
0.9861
-0.859108
1.17531
-4.34155
2.90661
0.0137617
-11.1475
1.33269
3.01177
-0.805746
-4.10282
-36.5459
-8.75999
2.85217
3.23661
-10.6302
3.36567
3.1564
3.80623
-34.9251
1.6715
1.84324
-8.95993
1.27039
0.310622
4.53407
2.64405
-12.046
2.27908
-15.8874
3.47029
-1.01365
3.00499
3.15311
2.43308
4.20129
3.2272
1.28386
-9.94065
-7.24643
1.74006
1.60831
-1.26044
-36.3092
3.17743
2.17679
1.20187
-7.96769
2.78267
0.62017
-1.33794
-9.08417
-10.7965
-0.753656
2.99025
1.51852
-34.4406
0.996794
0.896708
-7.6221
-20.3354
-12.1037
1.7855
3.60933
2.73554
6.88756
-5.03742
2.88188
3.42834
-1.37401
-10.0338
-11.4518
1.57617
4.46443
0.891927
3.64075
1.15539
-10.1659
-36.9604
-9.89038
-9.30115
-0.750286
1.86553
-5.42514
4.58271
4.60069
-1.09521
5.03821
2.92384
0.859669
3.25955
4.22419
3.34634
3.26107
2.55083
3.55517
4.32504
0.863052
1.23282
-36.7499
1.53477
-9.87658
-0.581818
-8.32125
4.80372
1.12794
2.30083
-9.92818
-9.79712
3.03394
-10.9138
-11.0675
2.22757
-22.0835
-9.93232
1.81414
1.89866
-10.8587
2.71175
-0.415952
-9.93771
-28.7143
6.43159
-9.94391
2.676
4.56371
1.33813
-9.6549
2.84557
3.07618
-9.33293
-0.154843
9.54249
-1.33088
2.35743
2.83939
2.68376
8.20375
-0.811911
0.0443749
-23.4807
-2.12108
0.538216
1.42655
-34.7905
-11.2808
2.06353
2.65706
2.95725
-4.30872
-0.112948
1.62948
-10.0714
2.37372
3.46706
-0.685724
2.72824
3.63009
1.14455
3.386
0.963006
-3.07057
-18.1519
2.85619
1.29171
-0.423143
-0.85213
1.23266
3.08346
-9.93531
-7.71631
0.785386
2.05529
1.42605
-11.8488
0.381538
-0.952923
3.31149
-13.453
-9.67169
-0.72704
-9.92037
0.487098
3.56314
2.76642
4.08806
7.28903
1.22584
2.27446
0.170275
-10.4984
3.17495
-9.38617
0.852559
-0.616143
-8.66382
3.76181
1.45809
2.59885
1.26313
-0.330749
2.71707
-24.1191
-2.31051
-5.86801
1.58643
2.03893
-33.0244
0.0853166
3.22003
1.46471
-8.10116
-15.4749
5.3687
0.56103
-36.21
1.78333
-10.2063
-36.8511
1.1371
1.02033
3.98813
-11.8167
-9.04184
2.86979
14.9656
-0.547785
2.63636
-10.6699
-36.5655
2.0777
8.88033
1.96488
-22.7054
-8.72858
-36.4043
1.47871
-3.31134
-15.4515
-11.3975
-3.07881
3.57131
-9.93455
-17.0845
1.52541
-3.54406
1.57796
3.20677
3.49513
3.21098
0.801163
1.07955
-11.5395
-10.3174
0.381657
-11.063
4.90522
2.39571
-0.194789
-0.378307
1.66514
2.08022
2.10523
3.79321
1.33785
1.75516
1.8145
4.05362
0.674222
-15.635
-21.629
1.82051
2.85697
-14.8418
3.21724
-11.2956
3.1464
2.05207
0.939887
-8.59676
-24.9686
1.47992
-10.0733
-9.4838
-6.68246
2.2351
4.56147
1.72045
-16.313
2.6988
3.45042
1.98932
-9.64448
-11.4839
-1.72034
3.21798
2.71633
-0.000994994
-34.6963
-10.1543
-36.9567
-0.649822
-36.4298
2.88482
2.65838
-9.1987
2.39666
-4.48599
2.91073
-10.1241
-4.77235
-5.35436
-1.27916
2.10753
3.63086
2.24389
-0.577791
-0.180556
2.40793
-9.15946
-12.1155
-3.22358
1.93054
1.58512
-9.27219
0.280314
-33.9249
-0.477379
1.74535
2.75271
-0.864492
-9.95478
5.1057
3.06134
3.19167
4.73862
-0.127954
0.086417
1.92431
1.98132
3.68527
1.59771
2.3896
-9.77743
2.87928
1.31287
0.766555
-29.9163
5.804
1.33197
1.42042
1.47977
-1.10853
3.3397
-34.4988
-10.9658
-9.69295
4.48995
1.69609
0.18499
0.638359
2.53091
0.723582
2.74338
1.43461
-29.1297
2.78838
3.12562
1.23628
-5.09719
-11.2438
1.06641
1.27388
2.11437
1.00453
2.85019
-7.39988
2.81269
-15.0199
2.59477
-13.3909
-1.19691
1.96525
-9.29733
-2.50438
2.99273
-34.3165
-10.0359
4.5619
-0.0556668
7.98619
-14.6343
2.75557
-9.91267
-1.13581
-12.5019
-9.41591
1.75731
-9.62156
-9.95572
-11.3948
-7.79694
-6.62491
2.77243
-6.94352
3.51752
5.45956
-2.53654
-9.73123
3.91499
8.61619
8.25071
-9.60354
3.00783
-34.5592
2.1875
-9.05018
-20.7154
3.69037
-23.0627
1.27161
-10.4192
-10.0333
-0.969335
0.846222
-10.1129
-9.00102
-10.1333
1.12406
1.86864
1.51479
3.38064
-4.14201
0.938571
-4.19686
1.60105
-12.8036
3.19941
1.63641
-7.02012
4.76087
-9.91752
1.45984
4.73352
2.76516
2.41186
2.28702
4.11027
-0.112627
-20.967
-10.5402
0.995866
-2.7845
0.0553401
2.78969
2.23198
2.20834
-9.99656
-21.8694
0.98846
0.12026
3.70289
3.00373
-5.42927
-15.6824
5.90167
0.23212
3.13962
-11.4226
1.19469
7.70015
-9.81543
-5.8628
3.09345
1.04692
-10.8501
-1.49533
2.02103
1.47628
3.92712
-2.52945
-36.1989
-36.2779
-8.90782
-4.03954
2.41612
-9.96455
-6.29039
1.19573
2.51633
-22.2151
3.7847
-9.82957
-26.9017
-7.53625
1.70203
1.7749
1.88745
2.4878
2.81391
0.83414
-9.93649
-7.79623
-6.00561
3.28244
-0.909538
13.5441
1.88494
0.15375
-9.84917
1.07273
-4.14496
-9.90341
-9.56344
2.25844
3.38401
-8.16185
0.76814
6.99598
-1.46612
-20.0929
-9.7654
-8.17363
2.15956
-10.2678
-9.88222
0.647581
7.1379
-35.1966
0.377627
-23.0152
2.74779
2.79163
-11.5281
-9.61774
3.52618
1.13774
2.55277
0.420593
-11.0763
3.11856
2.08173
1.51975
2.52973
-11.1862
2.74473
1.66465
9.66315
-0.0765591
2.59501
-8.09006
2.49681
10.9226
3.91927
2.75466
-9.16479
-13.2733
1.24702
-14.8079
-7.1901
-9.58456
-0.92248
-9.80031
-9.28648
1.91157
2.6252
8.29109
2.16494
2.93519
-3.03561
-10.0467
3.80273
1.39461
-2.73514
-36.4541
1.65758
-33.8263
2.58466
3.08013
-9.42848
1.25948
4.80396
3.0099
-9.95432
0.997257
-0.942842
4.45604
0.778979
3.07601
0.902733
1.33656
0.965413
-10.2076
-7.54368
-32.375
-13.4734
10.3026
1.15375
-0.0248906
-1.02103
0.499237
2.18487
-11.8194
0.918248
0.667646
4.90019
8.13149
4.38167
11.9997
2.60002
-0.573554
1.17383
-9.34657
2.40643
-13.8666
-9.25653
1.67511
1.64392
-10.3456
2.75773
3.05439
0.999041
3.32217
1.41227
2.781
-0.803077
0.837383
2.1339
3.51385
4.55452
-12.5158
-8.92296
3.1774
2.79079
2.7505
0.892015
1.66226
9.14356
1.23226
-9.72973
-0.258875
-9.76433
-34.21
7.20604
-9.63675
-9.70145
-9.95858
-0.19056
-1.26144
-9.80259
8.41988
1.29812
-21.9313
5.1949
0.521107
9.43016
1.34857
2.67823
-12.7605
-9.09592
0.957711
-9.51861
-1.87525
1.33788
0.486852
1.95535
21.9258
-0.430111
0.160406
-0.678008
-10.2281
16.3424
-9.30583
-7.63575
-9.29024
-9.01477
-0.391252
-9.45198
-9.46848
-9.60564
-9.37031
-4.27692
1.44056
-3.49137
-8.21879
-3.8642
-0.495385
0.514394
-9.71846
)
;

boundaryField
{
    back
    {
        type            empty;
    }
    front
    {
        type            empty;
    }
    outlet
    {
        type            zeroGradient;
    }
    circle
    {
        type            zeroGradient;
    }
    walls
    {
        type            zeroGradient;
    }
    inlet
    {
        type            zeroGradient;
    }
}


// ************************************************************************* //
