/*--------------------------------*- C++ -*----------------------------------*\
  =========                 |
  \\      /  F ield         | OpenFOAM: The Open Source CFD Toolbox
   \\    /   O peration     | Website:  https://openfoam.org
    \\  /    A nd           | Version:  10
     \\/     M anipulation  |
\*---------------------------------------------------------------------------*/
FoamFile
{
    format      ascii;
    class       volScalarField;
    location    "2000";
    object      k;
}
// * * * * * * * * * * * * * * * * * * * * * * * * * * * * * * * * * * * * * //

dimensions      [0 2 -2 0 0 0 0];

internalField   nonuniform List<scalar> 
10435
(
2.53451
2.96317
2.77318
2.5561
2.85197
3.29515
2.60905
2.19813
2.12991
3.24165
2.92732
2.38652
3.26295
1.95729
2.0756
2.35174
1.82958
3.48067
2.15204
2.5581
2.27392
2.5267
2.47847
2.20854
3.01337
0.814495
1.05864
3.02466
0.977147
3.37447
2.58728
2.90861
2.15585
1.0057
2.18423
2.84717
2.23275
1.11162
0.645935
2.16343
3.49724
2.61057
1.30724
2.59369
2.32476
2.18103
3.38545
1.16838
2.12197
2.5085
2.21548
2.83379
0.626446
0.880988
0.686938
0.907225
2.20761
1.14347
1.46713
2.1714
0.672099
2.9627
1.12056
2.78779
2.39657
2.86903
1.28044
1.28934
2.25642
2.25152
0.871177
0.970487
1.0106
2.72646
2.17758
1.42297
2.28734
2.51623
2.13223
2.17876
2.44486
2.46963
0.608322
0.893222
2.40474
2.57469
2.5698
2.67485
2.26939
2.63369
2.66227
2.64233
2.50744
2.3764
2.66923
2.71716
2.5831
2.10347
1.64223
2.61724
2.16666
3.09969
2.48148
2.67885
3.14337
2.58144
2.53091
2.48088
2.35824
2.2748
2.52738
3.06313
2.4192
2.35411
2.67722
2.5502
2.5659
2.68673
2.80261
2.48519
2.51464
1.3949
2.76246
2.34712
3.0363
0.743992
2.52902
1.6646
2.69326
1.08812
2.01551
3.04651
2.26251
2.06788
1.03801
0.574711
2.88332
2.51826
2.80932
2.56182
2.56549
2.46164
1.16478
2.522
2.49705
1.89041
2.66936
2.97513
1.76893
2.38863
1.02711
2.27884
2.56148
2.41962
3.03993
0.901457
3.03374
2.80137
3.14975
3.09561
2.3702
1.9405
2.7572
2.38549
2.28183
2.60574
2.14569
2.43958
2.30923
2.60844
2.94547
0.820647
0.965032
2.02001
2.32282
3.11979
2.92675
1.49491
2.53756
1.04958
2.95065
3.22015
2.39037
0.708517
2.38594
1.07871
1.24135
2.43244
2.89446
2.6551
2.44705
0.596811
1.04536
3.02501
3.03912
2.33647
1.608
2.43234
1.34632
2.28454
2.25679
1.09711
3.13856
1.14555
2.98512
2.7609
2.78656
2.47822
1.14025
2.46232
0.910453
2.57843
2.48527
2.35204
1.03883
1.88011
2.36724
0.692669
0.825612
1.79968
1.00539
1.59485
1.22815
2.04809
0.868219
2.2153
0.729373
2.26529
2.64296
1.63814
1.43746
2.17419
0.773951
2.26774
1.13286
1.68683
2.21214
0.872639
2.24725
2.74412
2.59758
0.794856
0.724357
0.907428
2.76525
2.12765
2.53188
2.29033
0.77626
3.12811
0.803053
2.36043
3.29584
2.42479
2.37575
2.77124
0.708704
2.45035
0.831322
1.09983
2.52775
2.83348
0.799577
2.32971
2.43826
1.49589
2.58935
2.54919
0.656561
2.72575
2.61382
2.20376
2.30101
2.99014
0.882056
2.44814
1.09007
2.87082
2.36004
2.16622
3.22485
1.51514
2.72064
2.11442
2.44447
0.634049
2.9154
0.6862
0.904307
1.02728
2.29369
3.06688
1.13705
2.24713
0.657552
0.856234
1.72713
2.49506
2.88581
2.76197
1.33697
2.27697
2.82414
0.840043
2.89761
1.99576
1.66395
2.26886
2.80843
0.910287
2.54019
1.02254
3.10165
2.962
2.13839
0.85482
0.725522
2.50701
1.344
2.40619
3.19798
1.05259
2.51284
0.587198
2.13704
3.12341
0.94358
2.92442
1.35293
1.12543
2.14984
1.08021
0.910602
2.73744
2.3297
1.18031
0.857415
0.807586
0.950121
0.931569
0.987675
0.9389
0.656973
0.966301
0.927139
0.99399
1.21928
1.14866
0.579876
2.12006
0.920254
3.03883
1.03294
3.02559
2.12013
2.12138
3.27473
2.6229
0.898112
0.958582
0.829746
0.762386
0.909343
0.642316
1.01385
1.02153
1.21166
2.33329
0.998181
2.11763
0.723561
1.06061
3.33886
2.13201
0.64216
1.06107
1.10385
1.10298
0.948466
0.871123
1.24594
0.701383
2.14884
1.24063
2.23204
2.11401
3.12135
3.20902
2.11425
2.92658
2.15713
1.8818
0.904871
0.955156
0.873548
2.83735
0.925458
3.34205
1.20525
1.06118
1.08296
1.11926
0.759158
2.49349
1.1038
2.1843
2.28493
0.773302
0.922122
1.14313
2.13684
1.15726
0.961557
0.828854
0.908453
1.20862
0.988187
2.88494
0.868545
0.926765
0.987479
1.03483
3.46138
0.667855
0.59684
2.14076
0.951439
0.184336
0.182647
0.178375
0.172322
0.165037
0.156806
0.147954
0.138786
0.129638
0.184746
0.182297
0.177783
0.171752
0.164608
0.1567
0.148333
0.139864
0.131712
0.184947
0.182048
0.177389
0.171405
0.164484
0.156954
0.149122
0.141336
0.133979
0.185335
0.182159
0.177392
0.171497
0.164846
0.157736
0.150454
0.143306
0.136595
0.18622
0.182852
0.178002
0.172231
0.165878
0.159209
0.152475
0.145913
0.139717
0.18786
0.184337
0.179427
0.1738
0.167761
0.161542
0.155348
0.149348
0.143647
0.19049
0.186836
0.181872
0.176396
0.17067
0.1649
0.15924
0.153808
0.148662
0.194393
0.190576
0.185536
0.180197
0.174773
0.169437
0.164295
0.159427
0.154868
0.199919
0.195726
0.190576
0.185356
0.180216
0.175287
0.170629
0.166274
0.162221
0.207014
0.202325
0.197106
0.192007
0.187133
0.182572
0.178345
0.174436
0.17077
0.215269
0.210404
0.205269
0.200308
0.195667
0.191414
0.187545
0.184006
0.18067
0.224243
0.220206
0.21532
0.210474
0.205988
0.201947
0.198346
0.195105
0.192111
0.235841
0.232393
0.227605
0.222734
0.21826
0.214297
0.210847
0.207832
0.205136
0.251454
0.247522
0.242394
0.237246
0.232586
0.228529
0.225086
0.222185
0.219705
0.271539
0.265776
0.259762
0.254041
0.248982
0.244654
0.241066
0.238133
0.235686
0.295432
0.286859
0.279564
0.273034
0.267393
0.26264
0.258775
0.255719
0.253331
0.32058
0.310144
0.301567
0.294122
0.287775
0.282478
0.278236
0.274984
0.272673
0.346922
0.335427
0.325726
0.31733
0.310181
0.304237
0.299511
0.295961
0.293528
0.374823
0.362823
0.352192
0.342836
0.334801
0.328094
0.322753
0.318763
0.31607
0.404838
0.392654
0.381237
0.370925
0.361939
0.354376
0.348311
0.343751
0.340691
0.437552
0.425349
0.413201
0.401928
0.391961
0.383501
0.376664
0.371487
0.367912
0.473644
0.461427
0.44845
0.436179
0.425245
0.415916
0.408336
0.40257
0.398511
0.51442
0.501481
0.487293
0.473945
0.462132
0.452079
0.443919
0.437744
0.433446
0.562087
0.545959
0.529789
0.515337
0.502899
0.492463
0.484091
0.477922
0.473787
0.619168
0.594368
0.575521
0.560231
0.547687
0.537439
0.529383
0.523726
0.519529
0.285895
0.285701
0.285966
0.286685
0.287872
0.289524
0.291645
0.294218
0.297238
0.300676
0.304507
0.3087
0.313204
0.317978
0.32295
0.328059
0.333229
0.338379
0.343421
0.34827
0.352824
0.356981
0.360628
0.363623
0.365759
0.366914
0.366983
0.366081
0.36419
0.361152
0.356985
0.351855
0.345787
0.338882
0.331262
0.323042
0.314337
0.305263
0.295939
0.286486
0.277021
0.267664
0.258517
0.249681
0.241245
0.233286
0.225864
0.219036
0.212829
0.20727
0.202365
0.198111
0.194502
0.191516
0.189138
0.187344
0.186115
0.185425
0.185255
0.284126
0.284264
0.284812
0.285778
0.287165
0.288974
0.291207
0.293856
0.296913
0.300358
0.304168
0.308311
0.312745
0.317423
0.322286
0.327269
0.332299
0.337296
0.342175
0.346845
0.351212
0.355178
0.358643
0.361497
0.363618
0.364867
0.365108
0.364248
0.362255
0.359155
0.355034
0.349983
0.344064
0.337346
0.329915
0.321867
0.313308
0.304354
0.295124
0.285741
0.276327
0.266999
0.257868
0.249036
0.240593
0.232618
0.225171
0.218301
0.212038
0.2064
0.201396
0.197029
0.19329
0.190162
0.187625
0.185655
0.18423
0.18333
0.182921
0.279342
0.279524
0.280111
0.281113
0.282533
0.284372
0.286628
0.289294
0.292356
0.295797
0.299592
0.303709
0.308109
0.312744
0.317558
0.322488
0.327462
0.332403
0.337225
0.341841
0.346156
0.350072
0.353483
0.356275
0.358328
0.359518
0.359736
0.358908
0.356998
0.354014
0.350008
0.345053
0.339222
0.332595
0.325258
0.317307
0.308845
0.299984
0.290843
0.281541
0.2722
0.262938
0.253865
0.245084
0.236687
0.22875
0.221335
0.214491
0.20825
0.202628
0.197632
0.19326
0.189499
0.186335
0.18375
0.181723
0.180235
0.179268
0.178794
0.27138
0.271577
0.272179
0.273192
0.274619
0.27646
0.278712
0.281365
0.284408
0.287822
0.291582
0.295657
0.30001
0.304593
0.309353
0.314226
0.319144
0.324029
0.328796
0.333357
0.337615
0.341471
0.344817
0.347543
0.349536
0.350685
0.350895
0.350094
0.348249
0.345361
0.341468
0.33663
0.330918
0.324412
0.317199
0.309376
0.301045
0.292319
0.283312
0.274146
0.26494
0.255808
0.246863
0.238205
0.229924
0.222095
0.214781
0.208026
0.201864
0.196311
0.191374
0.187052
0.183333
0.180202
0.177642
0.175634
0.174159
0.173199
0.172727
0.261207
0.261424
0.26204
0.263062
0.264494
0.266333
0.268578
0.271219
0.274244
0.277634
0.281364
0.285405
0.289717
0.294256
0.298967
0.30379
0.308655
0.313484
0.318194
0.322693
0.326887
0.330673
0.333947
0.336601
0.33853
0.339636
0.339834
0.339064
0.337291
0.334512
0.330752
0.326059
0.320497
0.314143
0.307083
0.299415
0.291242
0.282674
0.273829
0.264825
0.255782
0.246813
0.238028
0.229527
0.221398
0.213715
0.206539
0.199914
0.193873
0.188431
0.183597
0.179365
0.175727
0.172667
0.170167
0.168208
0.16677
0.165839
0.165386
0.249005
0.249206
0.249807
0.250814
0.25223
0.254055
0.256284
0.258908
0.261915
0.265285
0.268993
0.273008
0.277292
0.281799
0.286475
0.291259
0.296079
0.300859
0.305515
0.309956
0.314086
0.317806
0.321013
0.323605
0.325483
0.326557
0.326753
0.326015
0.324312
0.321636
0.318006
0.313461
0.308061
0.30188
0.295001
0.287519
0.279535
0.271158
0.262507
0.253699
0.244851
0.236078
0.227487
0.219177
0.211234
0.203732
0.19673
0.190273
0.184392
0.179103
0.174413
0.170317
0.166805
0.163861
0.161466
0.1596
0.158246
0.157386
0.156992
0.235135
0.235302
0.235869
0.236844
0.238232
0.240032
0.24224
0.244848
0.247842
0.251202
0.254902
0.258908
0.263183
0.267677
0.272337
0.277101
0.281898
0.286648
0.291267
0.295666
0.299748
0.303415
0.306571
0.309119
0.310961
0.312018
0.312222
0.311523
0.30989
0.307312
0.303806
0.299405
0.294169
0.28817
0.281486
0.274209
0.266437
0.258276
0.249847
0.241265
0.232644
0.224096
0.215725
0.207631
0.1999
0.192606
0.185808
0.179549
0.17386
0.168757
0.164246
0.160322
0.156972
0.154181
0.151929
0.150194
0.148957
0.1482
0.147895
0.219704
0.21978
0.220266
0.221173
0.222505
0.224266
0.226451
0.229052
0.232051
0.235426
0.23915
0.243182
0.24748
0.251993
0.256667
0.261443
0.266253
0.271011
0.275634
0.280024
0.284086
0.287723
0.290849
0.293378
0.295207
0.296268
0.296496
0.295851
0.294289
0.291799
0.288402
0.284128
0.279047
0.273234
0.266747
0.259686
0.252146
0.244222
0.236048
0.227723
0.219359
0.211064
0.202939
0.195084
0.18759
0.180527
0.173963
0.167936
0.162473
0.157589
0.153287
0.149566
0.146412
0.143811
0.141743
0.140185
0.139114
0.13851
0.138345
0.202766
0.202671
0.203012
0.203814
0.205087
0.206829
0.209023
0.211635
0.214678
0.218157
0.221988
0.226121
0.230494
0.235046
0.239749
0.244541
0.249393
0.254255
0.258969
0.263399
0.267461
0.271073
0.274184
0.276706
0.278549
0.279642
0.279931
0.27937
0.27789
0.275461
0.272139
0.267971
0.263027
0.257397
0.251135
0.244264
0.236911
0.229295
0.22145
0.213421
0.205351
0.197352
0.189511
0.181917
0.174654
0.167832
0.161513
0.155778
0.150625
0.14601
0.141928
0.1384
0.135441
0.133037
0.131165
0.129811
0.128954
0.128564
0.128615
0.902648
0.843976
0.791854
0.742544
0.694821
0.648231
0.602929
0.559327
0.517864
0.479041
0.443927
0.413254
0.387186
0.365344
0.346631
0.330866
0.318249
0.308637
0.301557
0.296474
0.292901
0.290402
0.288562
0.286979
0.285181
0.861363
0.826297
0.783373
0.73775
0.691359
0.645103
0.599663
0.555716
0.513934
0.475053
0.439817
0.408692
0.381835
0.359137
0.34028
0.324966
0.312915
0.303784
0.297144
0.292513
0.289416
0.287422
0.286158
0.285294
0.284517
0.85528
0.818806
0.776779
0.731777
0.685439
0.638857
0.592949
0.548574
0.506535
0.467565
0.432239
0.400919
0.373774
0.350809
0.33188
0.316735
0.305012
0.296269
0.290029
0.2858
0.283101
0.281497
0.2806
0.280076
0.279642
0.857102
0.815527
0.771037
0.724656
0.677386
0.630114
0.5837
0.538996
0.496792
0.457763
0.422405
0.391038
0.363832
0.340832
0.321946
0.306933
0.295412
0.28691
0.280919
0.276928
0.274453
0.273052
0.272337
0.271973
0.27166
0.86079
0.814137
0.766223
0.717517
0.668648
0.620288
0.573164
0.52803
0.485592
0.446446
0.411033
0.379649
0.352461
0.329515
0.310721
0.295836
0.284467
0.276127
0.270288
0.266424
0.264046
0.262711
0.262035
0.261701
0.26145
0.864018
0.812771
0.76128
0.709943
0.659211
0.609579
0.561622
0.51597
0.473228
0.433914
0.39843
0.367047
0.339919
0.317078
0.298414
0.283664
0.272423
0.26419
0.258426
0.254599
0.252213
0.250833
0.250083
0.249661
0.249319
0.866766
0.810983
0.755831
0.701772
0.649103
0.598132
0.549267
0.503024
0.459917
0.420393
0.384819
0.35345
0.326416
0.303715
0.28521
0.27061
0.259489
0.251337
0.245605
0.241755
0.239288
0.237767
0.236823
0.236163
0.235577
0.869315
0.808464
0.749529
0.692794
0.638254
0.585971
0.536185
0.489309
0.445798
0.406036
0.370359
0.339015
0.312114
0.289592
0.27128
0.256852
0.245857
0.237776
0.23206
0.228159
0.225566
0.223838
0.222591
0.221518
0.220446
0.871103
0.804682
0.742049
0.682857
0.626641
0.573146
0.522485
0.474941
0.430998
0.390982
0.355176
0.323873
0.29717
0.274873
0.256796
0.242576
0.231717
0.223706
0.218015
0.21408
0.211355
0.209423
0.207796
0.206002
0.204058
3.42455
3.3904
3.23615
4.94995
0.170583
0.193855
1.3669
0.148107
3.23624
0.132923
2.6023
0.198022
1.70341
0.201142
1.64096
0.197348
2.79477
5.05393
0.120335
1.14711
0.989785
0.200684
3.03725
0.785299
0.137494
0.193805
0.135278
0.534108
3.38779
2.79746
0.128539
0.199014
4.56502
1.729
2.77685
0.152816
1.65474
1.64439
1.85793
0.299814
4.31772
0.0645915
0.195885
1.2847
0.523066
0.227735
3.27675
3.97317
3.41348
4.1169
3.10853
4.18551
1.12173
5.27567
1.33646
3.32841
0.191956
1.0278
0.152192
4.07262
0.170733
3.34092
0.170692
0.21141
0.150134
1.04186
0.209826
2.907
1.77656
3.78629
3.53962
0.219852
0.141606
1.17093
0.157215
0.984324
1.23524
4.03349
0.195716
5.36618
1.62547
0.193978
0.165547
2.46828
0.165285
0.174138
0.136858
4.07111
4.56549
0.320347
0.549344
0.235907
0.138881
0.203713
0.149233
2.62999
0.196399
2.72521
0.137816
4.07501
0.344084
4.34929
0.369564
0.22127
0.145613
0.462929
3.21909
1.54991
0.0827558
2.821
0.205828
0.110564
3.42624
0.217196
1.08783
3.41123
4.22187
0.278585
1.3488
0.169872
0.022544
0.125213
0.824457
0.141459
4.58923
0.19685
4.20063
1.09766
0.169599
3.97342
0.165586
1.17285
3.75253
2.06429
0.653677
0.136932
0.540148
0.275135
0.17027
1.1568
0.187881
1.69161
4.06675
0.0299576
3.39236
0.21079
4.64291
1.12164
0.195748
2.69863
0.534953
0.188717
4.74071
1.54772
0.163929
2.44483
0.134467
0.279578
1.30848
0.186081
0.190117
3.43451
0.190885
2.83533
0.15954
2.75748
0.201072
0.129794
0.227198
0.137719
0.1947
0.217479
2.82838
2.5878
0.192291
0.502726
1.32211
3.57069
3.61591
0.190749
1.70769
0.194953
1.16819
1.58336
0.895625
0.135855
2.88525
0.0635613
4.26059
0.185791
4.04087
4.07278
3.50414
1.64512
1.58187
4.37871
0.151515
0.198973
3.40459
3.3991
2.00684
0.25224
0.187803
0.187668
0.476713
0.164808
0.219773
0.36357
3.49322
0.256272
0.145882
0.141243
1.76252
0.458284
0.635799
4.23627
0.157165
0.143241
0.253419
0.357397
0.297508
0.0744604
0.166051
3.46431
4.97148
4.26054
0.378604
2.82876
0.0885981
0.145317
2.34535
0.154686
0.195019
0.171982
1.80047
0.143262
1.36283
0.386638
1.62842
1.58029
0.139356
0.170309
0.162471
0.781732
0.13897
0.139995
0.202169
0.542218
0.19615
0.1659
0.0830506
0.533972
0.175682
3.43822
0.184428
0.128378
3.25282
1.24786
1.32388
0.120642
2.30022
0.166362
0.170513
0.157216
1.1854
0.145507
0.160638
4.43709
1.35595
0.129802
1.05617
3.49958
0.148124
0.140656
0.122342
4.36691
0.239656
3.02867
0.19267
4.09141
1.1576
0.550911
2.6944
0.227246
3.63667
0.178709
0.483697
5.59801
3.27721
4.03551
1.56837
0.195093
0.0437038
3.3597
2.19981
4.2785
4.21017
0.214885
0.190294
3.92948
4.09465
0.187099
0.402361
0.191407
4.24183
0.158404
0.980851
0.172047
1.1544
0.191349
0.221126
0.169925
4.41629
0.17462
0.146219
1.70738
3.54987
0.181883
0.139367
2.21223
1.31695
0.188242
0.452365
0.127911
0.138425
0.147416
4.1883
1.54615
0.207709
1.04008
0.157712
1.59406
0.266162
0.135928
4.14578
0.179005
0.157564
0.172663
0.00574855
2.46485
0.133053
0.229197
4.01766
0.165524
1.1881
0.157975
0.217564
0.169286
0.13637
3.0694
3.64862
0.139964
0.100461
1.3348
3.41574
4.66676
2.24862
1.34384
0.164672
3.20686
3.53414
2.75104
0.168336
4.23243
0.0564291
0.134869
0.218978
3.75057
0.167657
4.22026
0.195118
1.53813
3.42814
4.15611
1.69578
0.150606
0.168334
0.154005
0.192969
0.141362
4.24589
0.209592
4.58836
1.42701
1.39555
2.2183
0.15916
1.14559
2.52072
4.04026
1.0337
0.164331
0.412477
4.42382
1.61992
0.124745
0.160451
4.55149
0.279748
3.4012
0.144455
0.195675
0.165491
3.9038
0.23416
0.00208962
1.46277
0.433266
1.8934
0.140291
3.83708
0.167784
3.92766
0.167685
0.183901
2.87543
3.43027
3.07459
0.241037
0.237964
0.161073
0.194727
0.34525
0.396776
0.224343
4.0736
0.00466126
0.467906
0.158555
0.196688
0.183861
0.128713
0.316735
0.201679
1.52631
0.214239
0.205325
0.0346601
0.170182
1.44853
0.179943
1.57842
3.4677
1.71368
1.8199
3.92953
0.429955
4.01073
0.149132
0.194035
4.15395
0.183038
0.188354
3.81797
0.168032
3.76456
3.07543
0.173914
0.611638
1.13393
0.197545
0.862705
3.75533
1.7218
4.08946
0.133556
0.147432
3.46258
0.176538
2.56673
0.507771
0.133148
2.74366
1.64879
0.143485
1.70604
0.288083
0.131195
1.14697
1.11374
0.643678
1.88981
0.0180944
0.209582
2.4303
0.155933
0.191532
0.234991
3.72326
0.197878
1.56113
0.192262
0.163401
4.36623
0.165077
0.163412
1.56593
0.177955
0.145714
4.17054
0.193174
1.54302
0.167805
0.667368
1.31377
1.73336
0.185216
0.185275
1.44754
0.202905
0.179948
1.62607
0.193988
0.279489
0.13409
3.72667
4.3422
3.45904
0.151548
0.806836
0.139483
4.03649
1.14974
4.92819
1.77991
0.239581
4.07723
4.45895
0.168752
0.229177
0.511688
0.203291
4.15118
4.04436
0.166151
1.99462
0.194789
3.68304
3.43367
0.196183
2.21599
2.76748
0.196515
3.42575
0.12408
3.4375
0.174632
0.266996
0.178246
3.00818
1.72764
1.84035
0.17094
3.46833
3.45007
3.67024
0.160266
0.158874
1.55611
3.57474
0.163071
2.01037
0.195334
1.68447
2.70235
0.125849
0.788374
0.156271
0.199567
2.52401
4.45564
0.248485
1.72123
0.153503
0.173594
3.43438
3.25545
3.61522
0.293531
2.55083
1.18034
1.17088
0.248673
0.141028
0.156414
4.54039
0.191039
0.195639
2.24463
0.243143
0.237162
0.185718
0.208616
1.50497
0.169807
0.157265
1.69673
3.47752
0.15927
0.190018
4.02637
0.533299
0.0654871
0.473886
1.09161
0.185769
0.180059
0.161635
5.43808
0.185808
0.193289
1.84797
0.140339
0.223565
0.416372
1.07891
0.187238
0.214644
3.52526
0.221539
0.134085
0.1863
0.156542
0.230159
0.250032
4.07315
3.50314
0.490285
4.49219
0.238057
0.128518
0.131543
0.114123
0.211632
0.169306
1.09078
0.390078
0.16853
0.177292
1.45662
0.758227
0.237001
1.0381
0.195313
0.18475
0.152196
0.711265
1.95191
4.07
1.51415
1.3438
0.164135
0.13105
0.0888626
0.244425
0.154508
3.27901
0.122411
0.989146
0.177726
3.67807
5.5955
2.53182
0.0238966
0.132127
0.155449
4.4384
4.06777
0.852477
1.13107
0.249787
0.124601
0.162321
4.08622
0.0403411
0.185916
1.99479
0.150038
0.200178
0.151045
0.14523
1.09827
0.543639
0.174922
0.163186
0.265794
0.154139
3.41936
3.60572
0.201033
1.51509
0.252127
2.614
0.160741
0.161556
0.167038
0.188646
2.31005
0.174396
0.179184
0.151452
2.63247
0.189818
0.237451
0.213379
4.04345
1.55242
0.480415
4.00847
1.60427
3.80912
2.77692
0.121552
0.133391
0.133136
0.00435854
0.18803
1.16215
0.20348
0.149597
1.6053
0.133677
0.148627
0.84222
0.175147
0.171689
0.141861
0.490004
1.58011
4.36374
0.124424
3.70097
1.27587
3.535
1.00016
4.42359
3.24383
4.19558
0.141433
0.192294
0.0243939
2.39117
0.184038
2.16377
3.68375
0.153646
1.30251
1.7642
0.17925
0.144266
0.165392
3.38511
3.54652
0.155259
1.36749
1.52387
1.27131
3.8771
0.000266245
0.16644
0.762513
0.0321462
3.60178
1.94025
2.88719
1.52501
0.129764
1.52713
0.16716
0.0121804
0.829112
0.224474
0.300101
0.187528
0.195812
2.89927
0.192236
0.16824
0.190777
0.184776
3.14859
0.301787
4.10516
1.60742
0.191747
3.67654
0.216253
1.1662
0.184
0.144392
0.194548
1.10226
0.582293
0.0365245
0.206483
3.11634
3.60718
1.26619
0.171989
1.15811
2.15445
1.45623
3.81212
1.97979
0.230544
0.172722
3.05159
0.127842
0.141972
0.515156
4.38961
3.22408
0.200062
0.153814
4.10218
0.130409
3.43677
3.99249
0.199179
0.196402
3.05099
3.52542
3.59496
0.158372
0.180859
0.103665
1.14313
1.66897
0.178014
0.133791
0.16992
1.26372
0.69843
1.59918
3.76603
0.124065
0.175224
4.31495
0.126502
1.12788
0.0868723
1.07166
0.210117
0.17031
2.15436
0.215614
0.156836
0.147351
0.572903
1.11429
4.11169
0.148434
0.175938
0.181409
1.69177
1.16234
3.40588
0.168806
1.9396
1.62968
0.000388305
0.146269
0.193118
2.35526
0.23861
1.21102
0.20755
0.00205429
1.56411
0.188778
5.0956
4.00644
1.10322
4.08492
4.04584
3.37856
0.127339
4.44551
1.75437
0.185159
1.35281
0.151668
0.194305
1.1474
0.173399
0.346888
1.01021
3.61256
0.62511
0.301849
4.44799
0.208563
0.192685
1.47114
3.58387
2.21094
0.146418
0.641915
4.00552
2.85909
2.20249
1.13246
4.10829
0.239949
0.137032
0.885575
3.55601
0.210076
4.0894
0.203485
3.9511
0.212075
1.12206
3.52962
0.0325797
0.180632
0.147912
3.85524
2.30744
3.7748
3.39704
0.249168
0.604922
0.764218
0.393231
3.64899
1.00829
0.167903
0.184191
0.174309
0.162301
1.18867
2.66376
0.0155398
3.83261
0.205086
1.37454
0.13504
0.148205
0.148498
4.07508
3.71779
0.505015
1.07339
0.202828
0.17577
1.56259
0.153579
2.22126
2.10928
4.42744
0.10405
3.00594
1.55618
0.195786
0.237317
0.186027
4.4521
0.247644
0.314846
1.37748
1.49916
0.148616
0.43177
0.166206
0.211329
0.157415
0.174781
1.05687
0.156094
0.839746
3.7162
1.15662
4.14708
0.192569
0.926039
0.898786
0.292852
3.38505
0.179623
0.226252
3.63848
0.205119
1.70984
0.226161
0.128518
3.46509
0.147607
3.37923
0.137432
1.32265
1.39767
4.25202
0.162935
1.29848
0.203439
3.09646
0.199591
3.99853
1.70156
2.01418
2.79364
0.55192
3.1445
0.171079
3.45246
0.205443
0.137283
0.251924
1.17153
1.6267
0.157519
0.145281
1.15912
0.175957
0.152921
0.165761
0.130383
0.199824
3.97763
0.223803
0.183963
1.50724
0.557209
3.36397
0.139133
0.166206
0.196306
4.06721
0.24126
0.193486
4.50891
4.36623
1.26394
0.185078
0.42337
0.986824
3.8894
0.156711
0.139061
0.26772
0.236726
0.212446
4.04883
4.04219
5.63742
1.02768
0.20038
1.57084
4.50634
0.47321
1.15061
0.199202
3.59244
2.66481
3.23417
0.166402
0.170347
0.413048
3.75335
0.251757
3.49069
0.405724
2.22557
3.78077
0.220089
0.327501
0.237783
0.133716
0.127645
2.53418
3.59139
0.122459
4.44317
0.210124
0.199245
0.153781
0.146628
1.14501
0.522244
1.17466
1.3751
0.158036
0.221971
3.43201
2.46571
0.169727
0.241352
0.214381
4.2228
5.55938
0.451422
4.09296
0.191182
0.129882
1.39385
0.163033
0.449226
1.58313
0.17766
0.135216
0.0399697
0.239467
1.5785
3.67249
1.28445
0.131615
0.429137
0.145178
4.40377
4.38053
0.166601
0.129652
1.31425
0.223127
0.158574
3.24652
3.50082
1.93173
0.139324
0.274394
0.753095
3.75258
0.257183
0.715739
3.66177
3.78415
0.00853296
0.188858
0.252538
0.207254
2.8541
1.26289
0.17386
1.42984
0.171245
0.179845
0.149395
1.08958
0.191945
3.33921
3.71642
4.36349
3.6236
2.20212
5.69884
0.201638
4.25747
1.18369
0.161356
2.26257
0.0215427
0.389118
0.180355
0.159883
0.170244
4.13243
0.142292
0.520893
1.56742
0.227603
0.749198
2.99158
3.21775
0.116636
3.48924
2.74601
0.228898
0.175723
0.582302
2.28624
0.475093
1.30782
3.59888
0.184636
0.167453
0.221796
1.463
4.37717
0.206829
0.305054
0.130918
0.168561
0.188048
0.601977
0.131113
0.256917
0.28395
3.54569
0.146615
1.02289
2.89315
0.188503
0.54183
0.782331
4.0264
1.01094
3.61359
1.39065
0.19231
4.45981
3.63464
0.153994
0.934858
1.62648
0.161505
0.196676
0.189777
1.72011
0.203353
1.69048
0.141312
1.57621
4.06566
1.10783
3.52492
2.30181
0.180436
1.17142
1.28367
0.246435
0.227782
0.966158
2.66695
0.19014
1.24706
0.237214
0.23887
0.877765
0.40956
0.14361
0.169918
3.85898
1.14829
0.144414
0.233015
0.132382
0.182926
0.179195
3.46875
0.221505
1.98978
4.38979
1.07837
0.0124791
1.29205
3.43655
1.15736
3.68926
0.249841
2.13434
4.20558
4.06886
0.0756623
3.54128
0.156777
3.22736
5.78151
0.126508
1.74672
1.57685
4.04636
1.73576
0.477455
0.185573
1.33942
3.92167
4.57957
4.22227
0.240406
1.15495
0.134384
3.66495
0.471399
0.144169
0.181848
1.13297
0.172666
0.246815
1.15902
0.175779
3.39486
0.163699
0.177873
2.27259
1.30629
0.301777
1.21313
1.60286
0.246112
1.17136
4.79904
0.149581
0.598544
0.230147
3.91469
2.00049
0.141063
4.3884
0.141748
1.02775
4.80523
0.174856
0.185262
0.990944
1.02699
1.42091
0.177332
4.0448
0.269874
1.1775
4.16535
0.495275
0.23407
2.21961
0.215626
0.195734
0.0226653
1.36619
4.02524
0.16651
4.46138
0.91803
0.182051
1.64732
0.203608
0.162385
1.864
0.208457
0.169108
4.46514
0.133625
0.185116
0.21697
4.05754
3.70928
0.369456
0.14449
0.187309
1.8871
4.07721
0.160351
0.164119
0.459048
4.44538
0.162773
1.71657
1.86721
0.139038
1.13257
4.27267
0.157128
0.372985
0.15958
4.95983
0.148002
0.201406
0.274805
0.673788
3.85914
0.142602
4.27955
0.173554
2.66851
0.172696
1.61022
0.529013
1.18041
3.511
0.243893
1.10873
0.241328
0.221132
0.219146
3.59422
3.72352
0.147096
0.161861
3.23473
0.222847
0.179996
0.163862
4.23378
4.07094
1.12978
4.32319
0.233474
0.135434
1.91687
0.995924
3.49442
0.129385
0.198452
0.141762
0.226337
0.163782
0.204306
0.167556
0.453096
4.55977
3.69704
0.130866
0.608783
1.09958
3.66918
0.176498
4.41517
3.72026
4.07511
0.200577
1.13538
0.173156
0.229494
0.181375
0.195905
0.121204
3.37532
4.55775
0.199055
0.48172
1.15651
1.0836
3.76809
3.95612
0.206024
0.173007
0.261391
0.434415
1.79063
0.168487
3.56755
1.23543
0.154446
0.267737
0.233048
0.786254
0.240175
0.189784
0.145631
0.148889
0.351203
1.23055
0.214447
4.32334
0.203336
0.195129
2.32668
0.249707
0.188926
4.16924
3.81444
0.188186
3.80586
0.128464
1.30186
0.206704
0.243915
0.156943
0.134999
3.66779
0.292611
0.225084
3.9216
3.33919
0.144943
0.142291
0.173781
0.230246
1.48862
0.0100851
0.186266
4.47227
0.168448
0.127151
0.211993
4.36714
0.176822
3.77208
3.62055
1.04694
3.72675
0.223459
0.129871
4.48288
4.16673
0.122713
0.00720669
1.15682
0.26651
0.250544
0.171329
1.63367
2.82246
0.205427
0.174814
3.76563
0.154997
3.5689
2.17048
0.188479
0.961028
4.0882
0.128735
1.78967
0.14858
0.206826
0.234082
0.16526
4.09116
3.57751
0.183273
0.136796
4.07965
0.200056
0.240242
0.645717
1.5308
1.70947
0.135493
0.1585
0.13374
0.189252
0.132148
0.0030183
0.230906
0.228577
3.47142
1.20882
0.161842
2.1781
0.262608
1.22978
4.05564
1.19789
4.01076
3.12195
0.00915462
1.18997
0.234965
0.173178
3.43687
0.198815
4.23012
3.65842
1.43663
0.193071
3.50876
0.132644
3.98635
0.186878
0.253019
3.96148
0.562294
1.24246
0.197676
0.22199
0.176836
0.211849
1.56891
2.20498
0.156262
3.6024
0.687228
3.71343
0.212812
4.48599
0.192957
0.200651
1.15037
0.136846
1.05654
4.06239
1.11629
0.136246
3.91974
1.42407
4.76
1.1546
0.728523
0.0917792
1.03488
4.05391
0.159542
0.180104
0.176144
4.24233
0.228246
0.280183
1.39708
1.13384
0.399321
4.35948
1.63022
0.500545
0.439248
1.39578
0.261035
1.07318
0.166399
0.151614
0.165432
3.64939
0.198019
1.60002
3.75684
0.134633
1.07861
3.17142
0.15151
2.57741
0.169735
1.0414
0.234601
0.149143
0.207114
0.141465
0.143016
0.287017
0.297733
0.210471
1.2134
3.7125
1.12317
0.181325
1.02456
0.151905
0.17204
0.201753
0.174608
0.203965
1.58815
0.233881
2.37506
3.87203
1.58674
1.24018
4.39817
0.221182
3.31937
0.177584
2.62147
0.196157
0.172272
0.40226
2.74695
0.357404
0.182874
0.149779
0.394339
0.263401
1.56422
0.807039
2.1675
3.6924
0.1709
0.156516
4.42127
0.187478
0.193713
0.169094
0.308093
0.169038
0.137525
0.205088
0.261268
1.25369
3.9134
2.20056
0.271815
0.151184
1.08481
4.07698
3.5548
0.134383
0.183899
1.39232
0.168581
0.137357
0.252249
3.89865
0.94466
0.151932
0.192643
0.210307
0.141792
3.75913
0.257034
0.185754
0.185302
0.228425
3.61709
0.143034
1.55324
2.84403
0.233857
0.246595
0.164344
3.94482
0.494175
0.194815
4.30259
1.16145
1.20262
0.14598
0.197398
1.44034
4.51576
4.33434
0.101827
1.13834
0.1467
0.125041
3.45737
3.5663
0.138584
0.00315494
1.20283
1.49122
0.156711
0.130385
3.75405
0.162335
4.41347
0.493079
0.302241
4.36148
0.141482
0.160686
0.319651
3.66262
0.16602
0.134462
0.165237
0.175275
0.369905
0.246549
1.02998
0.92877
0.895467
0.177648
0.163624
0.154636
0.929895
0.197485
0.168043
1.10896
0.256597
0.219796
4.55367
3.99623
0.196578
0.153939
0.312728
3.51806
0.177695
1.20406
0.12835
0.130416
0.0372318
0.197717
0.143736
4.08618
0.19596
0.141575
3.88964
0.165248
1.43398
0.17648
0.168056
4.33546
4.13024
0.13541
3.68999
0.160678
1.28012
6.47157e-05
4.05856
0.175885
2.28899
0.179005
3.93438
0.840459
1.63537
2.88975
3.78423
0.172068
4.29138
0.171644
0.168223
0.0742352
3.95191
0.830421
0.141114
1.07789
2.44689
3.62241
0.24243
4.43459
0.233682
0.231317
0.153511
0.660142
0.55073
1.60225
0.178957
0.253017
0.143403
0.312159
0.235346
4.01174
0.172142
0.131069
3.98372
0.780119
0.129962
0.367136
4.06334
0.171627
0.169361
4.15049
0.246001
4.06324
1.40682
0.177567
0.653502
1.12512
0.0303383
0.229609
0.170939
0.139713
0.241313
0.329109
3.97868
0.133394
1.78246
0.384371
0.19736
3.90202
2.32414
0.19488
0.197227
0.129958
0.187704
0.13149
2.0623
3.44081
0.170682
0.195006
0.191762
1.49235
0.250987
1.03065
0.206896
0.182725
0.18435
0.204933
2.30276
0.241569
1.23806
1.36265
0.000978397
1.54825
0.164363
1.20248
0.695917
0.169936
0.188614
0.273413
0.179289
0.220616
1.51587
4.03668
4.38562
3.61971
1.0926
0.0244851
0.132315
1.52417
0.136174
1.45566
4.08282
0.141259
2.54434
1.17079
2.41346
0.328586
0.134792
0.176478
0.157981
3.9474
0.171408
3.85506
2.23573
2.00022
0.159083
3.01148
1.4081
0.182248
0.233946
4.96156
0.219504
0.194627
0.916629
1.1441
0.182687
0.174563
2.76901
0.17266
1.3201
0.179717
0.189964
0.234617
3.55629
0.0303251
0.0424664
0.169567
0.168737
0.385174
0.186084
4.08141
0.525191
0.0504649
0.194958
0.168298
1.10985
0.390062
0.128009
1.59112
4.01175
0.213469
1.24389
0.18811
3.679
1.0381
0.535029
0.334421
0.19678
0.175231
0.139414
1.37111
0.703923
0.132665
0.451853
1.71463
3.97471
2.21945
1.23181
0.275597
0.14906
2.90247
0.232938
0.162361
0.169577
0.24103
1.18775
4.31968
0.227392
1.20589
0.160554
1.10087
3.13143
4.0168
4.22711
3.96436
4.17219
0.286684
0.79852
0.209647
1.02256
1.58389
0.168205
0.860139
0.13436
3.0519
0.166826
1.51365
4.25001
4.07787
0.197888
1.38912
0.595562
4.48184
4.02809
0.133623
0.15808
0.198122
0.136319
0.195318
1.56449
0.32543
0.0163513
1.32495
0.138745
0.178469
0.939317
0.223006
0.176181
1.22996
4.53133
0.613818
1.43561
0.175472
0.238643
0.202976
3.96904
1.29758
3.81295
0.193776
0.180185
0.226461
3.79558
0.640469
0.841341
0.185343
4.21585
0.18018
0.179082
1.29876
0.0327309
1.16767
0.218822
4.22401
0.177532
0.185208
3.8242
0.213206
0.175671
2.69953
0.202362
1.55075
1.45844
0.186971
1.58969
0.131551
2.6357
0.129837
1.74605
0.181622
0.112907
0.167649
0.144124
0.177411
0.23665
0.141123
1.06324
0.172561
0.173493
0.175014
4.36296
0.171007
0.994792
0.216632
4.51614
0.184661
4.0532
3.19364
0.121653
5.7482
1.26368
1.26936
1.19522
2.36353
0.20587
0.198593
1.28738
2.89417
2.98787
1.69419
0.830672
0.187921
2.41125
0.197496
5.71414
0.1484
0.236924
0.151422
0.255036
1.19084
0.215259
4.48581
0.139023
0.181416
2.96797
0.164105
1.05892
0.208926
0.215097
0.0215432
0.181058
0.198328
0.242579
1.58505
0.962087
0.192962
1.43537
4.31245
1.45252
0.226531
0.479251
4.06855
4.40702
3.778
4.01418
4.05327
0.147593
0.0373664
0.212434
2.4484
1.19367
4.26696
0.154925
0.156803
0.300399
0.131554
1.73379
0.201327
1.14831
0.18019
0.173857
0.165896
4.08354
0.181474
1.13526
2.48828
0.688395
0.599212
0.283339
0.13647
0.169465
0.176481
1.49981
0.147542
0.336012
0.750403
0.668957
0.310241
3.84805
0.997999
3.31987
3.88755
4.2421
3.72205
0.481523
0.13919
4.06531
4.78593
0.189345
1.06348
0.148857
0.681333
0.188701
2.97559
4.2255
0.188856
0.13382
0.172797
4.08419
0.199978
4.5509
4.27124
1.1554
4.10646
4.06674
1.34738
4.59042
1.71667
1.97647
1.12827
1.1541
4.04366
1.16399
0.198431
4.49332
0.130259
4.39388
0.186494
2.62589
0.20058
0.201908
3.48012
1.63486
3.45217
0.171976
3.45497
0.22517
0.198391
0.13947
0.142947
0.181894
0.185714
0.151552
0.258159
0.713098
0.32906
0.0774919
0.148934
0.201702
3.81963
0.247738
3.41953
4.60836
0.17503
0.996266
0.152156
1.30786
1.4545
4.2249
4.37823
3.98781
4.57803
3.32816
0.156469
0.168394
0.14192
0.192418
0.182787
0.192453
0.232008
1.10788
1.16675
1.48521
1.12642
0.193898
0.153979
0.183991
0.593729
0.237595
4.7428
0.250995
0.393021
0.221507
0.331975
0.167833
4.46806
1.46537
4.13584
0.987445
1.41884
0.131057
4.06191
0.152745
4.47425
0.215901
0.134253
3.24295
4.49071
1.66307
0.126102
4.02318
0.146639
0.199529
4.18556
0.266312
4.0537
0.214715
0.210647
0.1551
4.54237
3.21778
2.45172
3.58105
1.17414
3.20115
0.167424
0.192158
0.219299
4.05352
0.137024
0.152487
0.132522
4.27295
3.52546
3.31002
0.13346
0.150244
0.1402
0.165027
1.16412
4.55124
1.09308
0.225392
0.164432
3.92631
0.306427
0.202213
1.32227
1.12092
0.138526
0.201202
0.147224
0.297929
0.172965
0.13861
1.09425
0.138649
0.152287
0.17875
3.48361
4.38068
0.331657
1.12888
4.10839
0.142408
0.190891
0.797793
0.474586
0.0621422
0.464065
0.243032
3.87912
4.34362
1.28359
0.263294
0.194723
0.174871
0.186227
0.257794
0.189771
0.145187
0.206393
0.145739
0.163589
0.15341
0.0929682
0.140818
4.09009
0.197617
0.184377
1.01047
0.21724
0.171732
0.207543
0.148922
4.08368
4.14735
0.173653
1.56856
0.181677
0.187284
4.2051
0.0125895
0.0523771
0.820778
3.94436
1.18201
0.230365
0.184828
1.2311
0.027684
0.160318
1.57593
1.65937
4.01393
3.66047
3.2344
0.513091
0.158927
3.41514
1.17783
4.35329
0.155294
0.359005
4.17726
0.519888
1.52938
0.328043
0.170244
0.00321224
0.229017
4.10965
0.218074
4.08242
4.92921
1.54779
3.85393
3.86234
0.000564434
1.16134
3.26065
0.143936
0.159645
0.184112
1.16445
0.228189
0.244665
0.141306
1.18976
0.174183
0.139512
3.97812
3.0345
0.0342088
0.196207
0.15432
2.54
1.23898
4.51119
4.22171
0.12881
3.4791
3.99242
1.12294
0.753066
0.150728
0.136874
0.200884
0.1792
4.05657
0.130518
4.29307
0.189658
3.29631
1.26453
0.365697
4.60723
2.45389
4.24804
2.17411
0.261592
0.153081
1.32331
0.175885
4.07331
1.59546
1.59133
0.147978
4.12148
0.299078
3.23837
0.266397
0.142358
0.209026
0.174406
4.03892
1.55052
0.169503
1.59304
0.169198
4.03095
1.48621
1.57223
3.53549
4.01568
1.59308
0.121042
4.44118
3.544
1.50065
3.83782
1.11549
0.239708
0.321921
1.58337
4.26083
0.13159
1.65958
1.28473
0.150576
0.171649
1.56878
1.59649
0.177574
0.158097
0.851663
3.42238
0.143402
1.18024
1.1936
3.94628
0.368727
0.279759
0.315399
3.08988
0.144729
0.144803
1.29201
1.81046
0.197422
0.186767
1.57814
1.17864
3.79648
1.43664
0.136484
3.76845
1.59817
0.152724
4.07831
0.17909
0.277855
0.194256
0.126947
0.183936
0.157543
1.59125
1.54722
0.807034
0.216612
0.147335
3.63746
1.54778
0.195789
3.03896
0.131876
2.39282
0.199501
3.50486
1.39548
0.16342
4.05706
4.33011
1.74834
0.176612
4.44745
0.175923
4.04319
1.18081
1.40359
1.59205
4.35534
1.35258
0.197467
4.43798
3.83061
0.135507
0.209948
4.34727
4.22214
0.064667
0.16816
0.141468
0.182979
4.13647
4.05842
4.20617
0.231418
0.27909
3.53611
4.318
0.145999
0.145101
3.96943
5.41005
4.04696
0.165532
1.7049
2.26709
0.22768
4.15338
1.19742
4.428
4.03595
0.132207
0.251849
0.199642
3.79378
4.06427
1.1563
4.20415
0.191152
0.146468
3.00551
0.173274
4.58884
3.79001
3.8821
4.46449
4.02002
0.123273
0.0760627
1.05684
1.85809
0.152589
1.25476
0.190439
0.0678546
1.14251
3.98099
2.92053
4.04566
0.155333
0.168704
0.355034
1.28172
1.99589
0.0649736
0.524814
0.170554
2.55924
0.266809
0.153418
2.3577
0.217235
0.22527
2.31408
0.159592
3.70886
0.191585
1.61458
3.60366
1.13394
3.97681
1.39116
3.62968
4.52494
4.04404
3.18598
0.169916
1.31082
0.181574
0.208333
1.68309
0.151658
0.944825
0.172559
4.01389
2.86815
0.168733
2.87989
1.51313
3.30139
3.99264
1.55872
0.182443
3.2326
3.32076
0.1612
0.680735
4.16354
1.15799
3.55713
0.140972
0.845152
0.135374
0.00216872
1.39493
0.183568
0.170333
0.00710118
0.00391646
4.01497
4.03445
0.16714
0.17523
3.95917
0.149241
0.212871
5.06493
4.02554
1.51527
3.97484
0.154849
3.54394
1.11779
0.763451
3.74283
1.61301
1.4936
0.163456
1.21577
1.89825
0.834069
3.87946
0.317418
1.57604
4.109
0.171124
2.99345
1.44299
1.58587
0.0276437
1.40078
1.7541
1.67544
0.278817
0.0016384
0.00301467
3.73165
4.46976
4.38331
4.02227
0.14852
0.155177
0.175594
1.63748
4.33794
3.14884
0.1451
0.989506
1.61267
1.16395
1.16717
4.31556
4.15401
1.54404
0.199476
2.45905
0.193671
0.203971
0.151258
3.77028
4.5969
4.31274
3.17516
4.24905
0.212689
2.22426
1.43352
1.17133
4.55485
0.355227
1.23512
1.43838
3.69685
3.21084e-05
0.00143486
0.200461
4.53384
4.26546
0.183712
4.09597
0.197313
1.37122
4.21982
0.173959
1.56645
3.53951
2.73082
1.57451
1.13962
4.12365
4.07202
0.050701
1.56329
4.02541
3.67448
4.59069
1.32195
2.27439
3.73889
4.09445
0.0624672
0.254613
0.1761
4.34543
0.59706
3.32949
1.88269
1.58833
1.53739
0.160046
1.1918
0.137792
0.18466
1.53198
3.81398
1.55799
0.623218
3.62411
1.1294
3.4949
1.2846
1.23
0.241192
3.59867
0.296404
0.274024
3.70475
3.9331
2.3964
3.61546
1.59012
3.66779
4.45519
4.00597
0.303834
0.243271
3.2078
2.17053
1.12363
0.142374
0.760347
2.91197
0.192574
3.19149
1.5347
1.59194
1.45228
3.50466
0.165275
3.9656
3.69847
1.03899
4.34233
4.4342
0.198332
1.58922
0.180169
0.21553
2.44198
4.11682
2.8803
4.51396
1.59746
1.57559
3.75871
1.40003
0.137837
2.08198
1.51028
0.203143
0.23283
1.28782
5.47315
1.47035
0.45725
3.17304
0.568325
0.28162
3.61664
1.47761
4.09891
1.10906
1.17405
0.21459
0.0791667
1.54714
0.807723
0.174742
0.168724
0.943838
0.825667
4.45472
1.35526
1.34478
1.58407
0.104502
1.86949
0.274838
3.86411
0.155316
3.48388
3.62511
2.65746
2.73588
0.738607
0.165155
0.0562312
0.920728
0.145301
2.41786
3.53392
4.57082
0.174017
0.390389
0.344082
4.02333
0.254493
3.2603
0.163174
0.188498
1.21909
0.166845
1.59878
3.84909
2.24486
3.43898
0.174776
3.93695
0.189696
0.796252
1.55298
4.33348
0.224619
1.57943
4.43003
0.181037
3.88165
0.0618918
0.220223
4.73974
3.07042
1.55531
3.23774
0.251469
1.15326
0.191965
4.4129
1.3454
4.10211
1.30417
3.30361
1.51166
1.79701
0.139044
0.201959
0.192879
0.215799
0.0606168
3.33335
0.148935
0.169138
0.606385
0.357951
0.179715
0.131313
0.128441
1.61393
4.44833
0.16821
1.21016
0.152943
0.196871
1.5883
3.81729
3.66445
0.350479
0.13187
0.274458
4.2314
3.30264
4.48782
0.173805
4.0578
0.210942
3.52654
4.53106
0.144518
0.134375
1.56732
1.95688
1.42506
1.8283
0.045949
0.145365
0.390381
0.352571
0.182071
0.782879
1.95527
2.812
4.08104
3.89519
0.202426
1.5068
3.4045
3.03344
3.80962
3.31693
4.20418
0.161562
3.88052
4.28883
1.37007
2.33709
1.59182
0.236839
4.56518
1.07192
6.64318
0.158712
3.7714
3.84564
0.131737
4.19387
4.37476
0.0589235
1.34226
1.343
3.36083
3.22103
2.44129
0.335993
3.56989
0.589407
3.34274
4.64307
1.34134
3.47582
0.145575
1.46107
0.560598
4.10959
0.144498
1.46312
1.12207
1.56949
0.688519
1.27229
1.19098
0.00495091
3.27091
4.05897
1.40584
1.974
3.92412
3.61942
4.59388
0.184475
0.135512
1.48692
0.153739
1.20741
3.94137
0.456034
3.68375
0.174581
0.837095
0.167211
0.36083
3.19213
4.04271
0.238599
4.5602
0.327112
0.161535
4.40747
0.214483
4.76828
1.52649
0.984754
0.281467
4.43547
0.176319
4.34672
1.56579
2.51434
0.00108502
0.173696
3.83389
1.3366
3.14872
2.22741
1.20632
3.30874
3.76299
3.06296
3.22189
3.04204
2.30681
0.130027
0.404119
4.56264
1.58693
4.00014
4.01857
4.05704
3.45363
3.27646
2.35756
0.191714
0.0111141
0.306712
4.90634
3.13005
0.214341
1.12073
0.105353
1.83227
3.94849
2.21806
0.541213
3.41134
0.196515
0.162226
2.3858
4.60701
0.222174
0.164265
0.189668
1.69937
3.86513
1.17158
4.31683
1.28651
3.93025
1.15494
1.59143
3.23352
3.81836
1.25682
2.79308
0.169121
2.43895
4.2381
0.178399
1.44539
1.53614
0.127506
0.0357859
3.71884
3.48095
3.69749
1.53731
0.15195
4.04158
3.80262
6.32585
0.110057
0.00212743
0.00164516
0.198841
0.142087
3.4376
3.33967
0.193617
0.279595
4.57515
6.48107
0.928397
0.0564799
0.359306
3.01729
3.26606
2.13792
3.11674
1.17585
3.41818
3.63073
0.121523
0.428545
0.134644
0.205656
0.0816331
0.336715
0.163178
1.18336
1.20492
0.158873
3.18506
1.18215
2.81192
4.04915
1.44078
1.15453
0.166087
3.80619
3.97377
0.192374
0.38498
0.168423
0.134379
1.20542
4.18263
0.17213
0.297747
3.87433
0.000667277
3.97473
4.56558
3.88638
0.159626
0.180106
6.38909
3.42785
0.162996
1.86331
3.94446
0.00354126
3.44216
0.16423
0.133149
0.40554
1.24938
3.71619
0.313097
0.31599
4.04032
2.91013
3.98809
0.321777
0.19087
3.15992
3.95719
2.47722
0.18978
0.129562
0.307071
1.16323
0.136978
1.32421
4.59952
1.45514
0.140563
3.31534
1.17278
0.324014
3.42343
0.000101543
0.167153
0.159841
0.208009
3.27602
0.143548
0.228171
4.25754
0.00699737
4.29332
0.133628
0.165211
3.88285
0.00202899
3.67662
3.47773
0.278652
2.79139
4.05044
0.209469
3.17894
0.383466
1.58635
4.12269
0.176417
0.156383
4.99805
0.212838
3.81314
0.15146
0.159793
0.125857
0.0025043
0.622143
0.222458
0.161256
0.136025
4.0925
0.337503
1.46609
4.13496
0.202096
0.222737
4.41763
0.168657
3.93935
2.45852
3.16917
1.69044
0.185364
0.601451
0.104018
1.5161
0.161682
4.05558
0.164999
0.0234264
0.0344686
4.03496
0.722932
3.40216
3.86152
3.93771
0.0626379
4.02745
0.448769
1.70848
0.23706
0.0851345
2.66735
3.62311
1.09622
2.83752
0.208175
3.24167
3.43761
0.907878
1.37092
0.234576
0.0293473
0.170978
4.55544
0.285562
3.58712
0.262588
2.86355
0.167899
6.04009
0.171465
0.140347
4.04195
3.58699
0.183686
3.62226
3.39821
0.129853
3.29186
2.25364
4.0522
3.70957
1.16844
1.18139
0.130336
0.129763
0.371717
0.180276
0.675873
0.292813
3.16587
2.48629
0.133015
1.08752
4.13646
3.89397
3.41863
0.171402
3.82814
0.133316
4.60447
1.23478
0.197875
0.155909
4.46965
1.2965
0.180872
0.164867
4.26042
0.186064
1.31314
3.5452
0.163489
0.167772
1.58343
1.26111
1.33611
0.00022754
0.170434
2.26034
1.1917
3.81431
0.158833
0.191438
6.01435
4.5236
1.49826
1.19128
1.35169
4.10244
0.187287
0.130254
1.00408
0.16528
0.428571
0.965337
4.88929
0.198429
4.00753
1.42588
4.26843
1.14838
2.30119
0.402897
1.09878
4.58882
3.04944
1.3742
3.20927
2.46839
1.31502
1.05089
0.166168
3.18513
2.26329
0.223088
3.76314
1.58567
3.37343
0.161737
1.25146
4.43734
3.89829
3.91957
1.35568
0.162107
1.56187
0.15727
1.18887
1.53707
1.49597
1.10472
2.93201
1.19556
4.25363
0.173671
4.21289
0.202137
1.42318
0.645925
1.35231
3.9786
3.70282
2.07159
4.71134
1.77678
3.04753
0.235393
0.01275
1.17962
0.239515
0.195107
4.21221
2.40589
0.199117
0.792504
0.340258
0.37739
2.07303
2.83401
4.52245
4.56182
0.35157
0.168278
0.893688
1.41932
4.07265
2.83561
4.08264
4.33577
0.00773051
0.181822
1.66882
4.06269
3.90405
1.37536
0.172496
1.61463
0.174804
0.173413
1.46323
0.237537
1.50254
3.85885
0.179198
1.53571
0.209506
0.153107
1.18624
1.1717
1.35456
4.46193
0.219679
2.43698
0.17329
1.82995
4.3579
2.41304
2.81318
0.14717
0.203991
0.164557
1.48137
0.433147
0.164299
3.98022
0.147751
0.136576
1.72276
1.61528
0.137678
4.15712
3.28278
0.182102
0.200427
3.77967
0.162684
2.71285
1.28706
0.161286
0.420188
0.14503
1.84849
3.88468
4.22888
0.164214
0.167255
0.17092
0.191417
0.173842
4.04553
3.44164
3.83581
1.83627
4.49634
0.57155
3.42347
1.49236
1.35734
4.85017
3.64444
0.151343
0.187636
0.0403298
0.149242
0.184956
0.269703
1.61542
4.27875
0.266167
0.31645
1.57584
3.5926
1.38917
3.76733
0.179606
3.95228
0.410117
4.4036
0.151496
0.0891911
2.3415
3.25162
0.164741
2.82336
3.86703
3.94707
4.02629
0.196603
1.17951
1.31799
0.0113431
3.94554
4.49244
4.81015
0.00126512
2.31079
2.69035
0.225956
3.97114
0.14654
1.20152
0.226079
4.52593
4.11689
0.224799
0.383312
0.116137
0.0645376
3.90947
4.67792
0.310602
3.48923
0.169696
0.00022822
1.23543
1.6155
0.163368
0.176661
3.82457
0.133254
1.51619
1.13941
0.148886
0.239106
2.87026
1.19792
2.20032
2.37554
3.93716
0.237102
0.189753
3.91756
3.46841
0.154586
0.0110152
4.09273
0.899437
4.25792
1.21945
2.31311
0.222535
0.440201
1.33585
3.6057
3.80235
0.138154
6.24095
1.22636
2.34168
1.20255
0.179163
0.200425
3.39352
0.168151
3.98396
1.40575
2.38056
0.708291
0.143036
4.32687
1.54501
1.03128
0.181725
1.26207
1.4554
0.125472
0.318046
2.15219
2.43763
0.361421
0.120527
4.18314
0.259476
0.302652
4.86703
0.236074
0.170429
0.04996
2.18635
3.04787
4.16648
2.38249
1.40783
1.09362
0.297571
4.78949
0.165502
0.216831
0.698016
0.148058
0.147206
0.17184
3.04565
4.12403
0.330773
3.89303
0.152652
4.29945
0.183901
0.177267
3.48189
0.160256
4.04798
0.000544133
0.000444759
2.47302
1.48524
0.182675
3.01536
0.217401
4.0493
1.57636
0.13373
0.382828
0.210011
1.68726
1.56837
1.45611
3.97528
0.59927
0.047829
2.70768
3.90856
3.71452
0.0189767
0.128977
1.19614
0.20244
0.231498
3.6569
0.157923
3.96095
0.0128457
0.18469
0.169166
0.381238
4.1889
4.54474
0.187486
1.95992
2.53189
0.172526
0.190197
0.158915
0.198037
0.438794
4.72443
4.4153
1.21702
1.35588
0.00182794
0.000430002
0.147468
1.50885
0.167921
1.58001
0.196321
1.17514
0.169928
0.283258
0.167703
0.317351
4.03521
0.163956
0.190705
1.40236
3.20536
0.0671192
0.101306
3.04343
0.274009
3.65411
0.165965
5.85161
1.23216
0.0848984
0.169814
0.205494
0.00302878
3.05685
4.04433
0.196326
4.1952
0.290983
3.79523
0.480568
3.16228
4.73884
1.68086
1.74168
0.145378
5.16085e-05
3.91938
0.1342
4.33622
2.88259
1.58411
0.225611
3.57624
3.94892
0.196372
4.66821
0.184601
3.95466
0.221842
0.167186
3.81938
0.158049
0.165928
3.13655
0.168721
3.93585
0.016453
0.0225156
1.36078
4.65272
0.326077
1.33741
0.0730318
3.94325
0.00129386
0.00210149
1.74558e-05
0.407838
1.5814
0.236802
1.28531
0.208535
0.236351
0.275418
3.28245
0.143416
3.63309
0.000137055
9.61513e-05
0.15706
0.269292
1.16306
0.136044
1.37797
0.233061
3.40674
4.30471
0.166513
6.10803
0.172393
4.77593
3.99331
4.35035
3.46692
0.197464
1.20958
0.0213057
1.93259
0.350167
0.179548
0.129762
0.189743
0.163693
0.173764
4.81325
0.366097
4.05089
0.602577
3.50708
3.3268
4.33085
4.06936
0.183238
2.20797
2.73549
4.96585
0.176281
0.36285
0.276613
0.195557
0.169316
2.22124
0.188008
2.47868
0.155684
0.155229
3.8252
0.198737
0.243633
0.166276
0.148494
3.8533
0.138977
2.18493
4.57535
1.31553
0.942106
4.89386
0.224139
2.37877
0.168677
3.70762
3.73241
0.16829
0.163211
2.9981
0.167924
1.48528
1.5176
0.462564
5.59708
4.14602
0.429102
1.77287
2.79182
0.745715
0.106402
3.78408
4.98986
3.8546
1.32377
0.000534066
0.000174766
3.93972
1.14042
2.53029
1.54308
0.144681
3.76023
0.219087
0.172247
4.11243
1.50694
0.135418
4.8009
0.524227
4.26803
0.194636
4.21897
0.561192
0.159077
4.53962
3.82871
0.131974
0.308974
1.6661
1.37432
1.0191
0.165812
1.46093
3.84723
5.12104
4.2255
0.168505
0.171368
3.90531
3.63048
1.80007
0.171176
0.152376
4.8465
0.150849
4.2459
4.10174
0.113334
0.230072
0.183981
2.36463
4.03627
4.65842
4.07971
4.01168
0.195114
4.9192
1.19804
0.0317119
5.36538
4.09016
3.95146
1.15621
3.57236
0.196064
0.0680996
0.666322
2.13643
3.35733
0.876654
0.339553
5.01332
0.423902
0.210171
0.188944
0.150257
0.220396
1.3475
4.05308
4.78207
4.00595
0.157796
0.19918
4.06245
3.90839
0.149163
0.170887
1.82724
0.193533
4.30627
1.93931
0.143449
4.56205
0.352314
2.25022
0.935465
0.169926
0.22762
4.01868
4.29742
0.216643
0.21269
1.43469
4.19614
0.198506
0.224489
5.49431
1.40741
0.137095
4.28636
0.203737
3.93472
0.157931
0.174404
0.454021
0.200753
0.163527
0.208219
1.07133
4.15314
0.256333
0.138752
1.39498
0.449333
4.21836
5.29292
6.16848
0.162313
1.07503
0.181439
0.403602
1.30855
3.80616
0.13021
0.169801
0.192053
0.180782
0.165195
1.19229
0.241711
3.53017
1.8516
0.161689
0.170051
1.21165
4.70244
5.52433
3.49103
0.446614
1.57166
0.222388
2.54934
0.192725
0.168916
5.18967
0.16722
4.17595
0.169399
0.219346
0.188727
1.5931
4.38701
4.48461
5.29386
3.78645
0.148321
0.228622
0.167888
0.141404
4.11089
1.18533
4.49693
0.180195
0.168928
0.832099
1.21776
0.833998
1.3318
0.110987
0.135914
4.65484
0.135246
0.100781
3.5677
0.590541
0.182821
1.54802
5.49666
0.55632
0.137134
0.161218
0.167086
4.60203
3.92314
4.04156
0.163933
0.160987
0.0124915
0.136411
0.691948
0.466335
4.51294
3.53764
1.17272
6.67871
0.166681
4.06981
0.153783
2.41042
0.157724
1.76022
0.136703
3.42871
1.13504
3.82208
4.06371
5.00869
0.168424
0.162912
4.05723
1.20558
0.0998083
0.188662
3.82482
0.17769
0.223249
1.55066
3.92531
0.0609979
1.43592
0.187328
0.22169
4.34917
0.214814
0.219126
0.18543
0.201292
4.29351
3.96487
0.18759
5.29772
0.44973
0.120184
4.01073
0.137955
5.37895
4.68925
4.16539
0.161122
0.193572
4.17923
1.36894
3.14158
2.56223
0.171399
0.193168
0.378101
0.168999
0.2866
0.166575
6.46848
0.287595
1.05779
1.82001
0.997627
3.22858
0.51154
1.73736
0.445477
3.86553
0.139622
4.01616
4.17498
0.135589
0.150227
2.72928
6.63522
0.207066
3.04968
4.37218
0.224997
0.14914
0.166002
0.0797687
5.35771
5.0982
0.356942
0.165964
0.180849
0.18429
2.54331
0.182078
1.15979
4.60012
0.183605
1.46278
0.231313
0.480115
0.147614
3.93143
0.164429
4.15344
4.16124
0.183645
0.56248
5.30691
0.149201
1.97951
0.165656
3.84269
0.0537743
0.347055
0.158689
0.423341
1.46878
0.616387
0.799272
0.169941
0.262634
0.16309
1.38607
1.43143
4.01985
3.45213
1.61891
2.50161
0.249498
0.324411
5.01012
4.37151
4.40441
1.36333
0.215459
0.179823
5.8887
0.202277
0.15359
0.195929
0.191072
0.149514
0.149795
0.00498676
0.220247
0.191367
0.201148
1.6445
0.163453
5.19283
1.17807
1.58591
4.02829
1.51898
3.85951
0.219908
0.185561
4.62084
0.2078
4.081
3.36773
0.134801
1.51406
1.43988
4.28496
0.213828
5.20752
3.64137
5.22567
4.21592
0.192582
3.70619
4.50667
5.15308
0.239645
0.136392
1.46412
0.165293
2.15689
1.4752
0.145123
4.05775
4.55001
0.392874
1.70238
4.58044
1.40632
3.94608
0.678217
0.178877
1.4054
0.449246
0.396859
0.201076
0.437341
5.1142
0.177503
3.83021
3.91974
0.166715
1.53163
0.144915
0.244992
1.17944
0.196909
0.130041
0.1271
0.24626
5.00036
3.51549
0.118195
3.25888
0.132873
0.446485
3.87651
0.172692
0.163987
1.76047
1.56537
0.292711
5.24353
0.0175408
1.32557
3.36044
0.217153
0.17238
0.0219278
6.23603
0.138148
0.221021
0.190634
1.34285
3.89291
0.177519
0.173988
0.231815
0.388853
0.170574
0.141921
4.17086
0.486923
3.32798
0.180823
0.147869
4.99984
0.0262873
0.16959
1.11536
1.31513
1.57389
0.222607
1.12685
4.0419
1.14235
4.01265
3.86692
1.15034
4.14004
4.05968
1.3121
0.183108
3.27951
1.15108
0.243764
0.372304
0.257796
1.3796
0.190821
4.1073
3.73037
0.241304
0.14115
0.160389
1.56531
1.19648
0.483383
1.20211
1.14678
2.63947
1.08685
4.05435
4.17194
1.18587
2.3195
4.15266
3.70564
0.234461
0.139357
3.9263
3.85685
1.17178
1.19318
4.07398
1.05528
4.60571
0.412346
1.34171
2.00177
0.16791
1.56418
3.65926
3.88701
3.7414
0.13664
0.172628
0.169648
6.48077
0.145617
0.137355
0.0299923
0.1537
3.40778
1.57711
0.186957
4.46581
4.08741
4.6558
1.19776
0.231555
2.47356
3.12651
1.06671
1.19958
3.61385
4.42864
0.150638
4.03762
3.95937
0.197362
1.44593
0.214735
4.05558
3.94642
0.201122
0.157058
0.184286
2.95132
0.1737
0.565723
4.14277
0.177208
0.167415
3.73679
0.17332
3.40841
0.787487
1.60193
1.47006
4.04719
1.62898
4.06728
4.3409
3.68671
0.1621
0.208739
0.56149
3.88209
1.1414
0.180742
4.3816
0.0922354
3.75982
3.65234
1.58467
0.205959
0.203071
0.135151
0.186532
0.218726
0.180025
0.163786
4.85283
2.63038
0.199142
0.195025
0.138081
6.34045
0.144774
1.48536
0.121411
0.166894
3.62029
0.0383218
4.0625
3.82349
3.06541
3.80003
0.735471
3.57807
0.708869
0.175368
4.64544
4.05168
3.6473
2.93932
0.971787
1.17724
4.39068
1.34951
3.45072
0.16928
0.487827
0.111814
0.173857
0.188252
5.0492
0.723137
2.54404
4.51553
3.14283
1.1358
0.215271
4.28884
3.6325
4.62692
3.46547
0.334088
3.08624
3.32661
0.177519
0.0441427
1.14957
3.34372
3.58845
0.51094
1.65966
1.45825
0.170716
1.07102
3.62569
3.95
4.12696
1.23793
0.379087
0.165598
1.10637
0.00498403
1.54926
1.62588
3.74483
0.170169
0.124421
4.06722
0.186018
4.08811
0.28017
0.606562
3.85645
1.00223
0.136102
0.148828
0.574046
4.05181
1.02436
0.701024
0.277451
1.77944
0.182462
4.15471
1.63284
1.92532
0.10897
0.683256
2.55036
1.58303
3.04735
0.197567
1.94864
1.03963
0.177394
0.475005
4.60698
0.130064
0.209642
1.66437
1.77462
0.18929
0.226787
3.7276
1.50983
0.221086
4.27155
0.0295814
0.225821
0.911419
3.27385
0.208219
0.240857
2.87299
1.83333
0.267875
3.80351
0.194378
0.554354
0.17002
1.15535
0.0433086
0.205872
0.182969
1.61778
2.97511
0.169911
0.622477
0.335058
3.45403
4.07122
5.02075
2.75332
0.182191
3.81765
4.35493
1.20665
3.38598
0.146742
0.175669
5.29649
3.70644
0.182426
1.57665
3.46445
3.70676
1.58588
5.14306
0.122506
0.484977
3.87644
6.09225
3.85401
2.8641
0.349627
0.119479
2.68058
4.34687
3.83493
2.46732
4.5568
0.180886
1.79623
3.61867
0.183417
3.41272
4.14852
5.13291
0.162638
3.43215
0.538179
3.90186
3.04249
1.08078
4.17315
1.32968
0.16195
0.243051
1.45991
0.485699
0.248922
4.48665
4.1591
1.50918
0.175407
3.78369
0.143098
0.220621
0.184842
0.189576
3.69176
0.164933
1.28127
0.148737
0.204849
0.178268
4.57738
3.86564
1.74668
3.31112
0.178884
0.130063
0.0529215
4.23938
1.44246
3.93197
1.45186
2.95092
3.99474
3.42333
1.42256
0.107403
3.95751
0.650828
2.81108
1.96949
1.22246
0.159733
5.70916
3.74295
0.292763
1.24801
2.89413
1.0099
4.02767
4.27927
1.57659
0.997084
3.9929
3.24545
0.0909649
1.13989
0.727497
4.38194
0.382258
1.22127
1.32896
4.40516
3.75236
3.06653
2.83852
0.222133
0.139462
0.171731
0.183618
0.752989
0.994795
4.23394
1.2116
0.819494
0.308305
0.211462
1.19639
3.97257
1.09675
1.14911
0.137803
2.00629
3.9347
4.5698
2.48533
0.168937
4.11101
3.29791
3.8728
2.13473
1.49958
3.81805
0.203015
0.143944
0.148622
0.328411
2.77425
1.37935
2.79863
0.136415
3.41485
1.8917
0.611356
0.947285
4.59946
1.28304
0.196985
3.09387
1.55503
0.367819
1.47741
1.97202
0.158652
1.4154
0.211852
0.0214027
3.63132
1.07951
4.10795
2.07396
3.91953
1.4251
4.04141
0.214583
0.995898
0.651025
0.259807
2.92835
0.191163
3.13845
2.66321
1.46476
3.88602
0.162685
3.62646
2.99496
0.573248
0.0813337
2.27761
3.08569
0.198674
1.11866
0.136691
2.73384
4.34727
3.6456
0.178821
0.212589
2.04421
0.220274
4.02739
3.91693
0.165372
0.429258
0.158677
4.04168
4.05529
3.98856
0.187775
0.200116
0.601994
4.46257
0.137806
0.233944
0.176543
1.58528
2.59718
0.188065
8.27443e-05
0.136858
2.58093
0.393179
4.32943
1.9243
3.11969
1.54795
3.88662
1.16879
0.183033
5.12641
0.665126
0.183568
2.79288
1.10185
0.261702
2.07322
1.61783
2.53658
0.0495643
0.922254
0.503792
1.5987
0.173529
4.04577
2.84888
1.44246
1.60491
1.42612
0.568127
2.71537
0.14792
0.0340412
4.05915
3.20617
0.162519
0.1764
0.169881
3.96023
1.45253
1.61496
2.53372
4.47992
1.3141
0.173925
0.187572
4.07348
0.190441
4.29042
0.180922
0.730495
3.80351
0.213774
0.162719
4.48741
2.36527
0.156225
1.03705
5.24576
2.51081
2.71671
0.189468
0.183092
4.03666
0.443834
3.63902
4.24444
1.32551
3.95012
0.214402
3.99595
3.39173
1.03775
0.257432
1.42314
0.175165
0.00122398
0.595259
3.68109
0.202733
0.129395
0.123362
1.98528
0.194284
4.36676
0.336132
1.40069
2.63604
1.58115
2.93072
1.52362
0.452566
4.25688
3.94259
1.10954
4.31819
0.237836
1.6498
1.93465
1.04809
0.383962
4.4114
1.87372
1.37068
2.58358
3.04772
0.701676
4.43236
3.25035
0.476735
4.04166
0.28142
0.184064
1.68908
4.57259
3.80003
0.155637
0.13244
2.50452
4.07168
0.432647
0.0592432
1.37974
1.24148
3.80761
0.974173
4.14619
2.56452
1.63337
1.40813
0.188878
1.88032
0.169388
3.75873
4.55762
0.199904
0.143892
0.154237
1.78586
4.50714
0.004161
4.47256
0.034552
2.30956
0.0321602
0.279942
1.88971
0.190516
1.13227
4.4773
0.240582
2.60095
0.00810891
0.162526
0.40357
4.04691
0.764043
0.188369
4.05156
0.473111
1.15111
1.05436
0.181911
0.156012
0.224707
1.17854
0.0979209
0.595618
1.79997
1.48057
1.23608
2.23167
3.9482
3.03143
5.39811
0.199248
0.237448
3.72438
1.19519
3.93002
1.06377
0.223816
4.57849
1.55711
0.756395
0.162045
0.325327
3.76935
1.3055
1.29384
1.3752
0.137805
0.965127
1.39643
0.21342
4.20526
3.75062
0.169191
1.78829
0.338406
0.162172
4.39641
3.93935
0.169381
1.39872
3.09379
3.96976
3.92177
3.70648
0.166717
3.34741
0.138908
3.23327
1.44435
0.0455367
1.81682
4.41022
1.58512
1.54093
1.50323
2.31942
0.732909
4.03066
0.146929
3.72528
1.16602
1.21853
0.163758
0.713519
1.93293
0.137494
3.78434
0.242682
0.734115
0.561059
3.78872
4.01381
0.085825
1.53901
3.83435
1.37706
0.159665
1.89506
0.714562
1.50002
0.816122
0.299296
0.151688
0.169684
3.5599
3.99622
4.06055
0.178207
0.0368536
1.8482
0.190371
0.189222
4.59716
0.618048
0.163221
0.631395
3.31148
0.154903
2.61466
0.996093
0.135039
0.0445395
0.187548
0.0637011
0.161207
3.94137
1.2329
0.751713
0.20401
0.211026
0.00306243
1.03263
3.80548
4.00938
3.5855
1.11454
0.124086
0.190975
3.83019
0.777759
0.830115
1.21225
0.909854
0.168249
3.92522
3.46034
0.0381331
0.137458
0.167561
2.50637
4.10581
4.05808
1.32816
0.15508
4.33244
0.270359
4.58459
4.44155
1.14044
2.35632
2.51864
0.210391
0.1506
1.59074
0.161667
0.164564
2.03808
3.54128
0.299919
1.42823
0.160853
0.139001
0.0218301
0.181694
2.23008
0.172788
0.441397
1.37857
0.164322
1.59385
3.88565
4.19148
1.31874
3.51092
0.257471
1.87826
0.899947
1.21755
0.156072
0.26148
4.29603
1.53985
0.140487
1.54561
0.144567
0.138404
0.16641
3.79355
0.313052
3.48396
1.15004
0.201771
0.893623
3.96742
0.168645
0.131549
4.1385
0.20072
4.04358
3.74267
1.8629
3.66326
2.45596
0.146439
0.23856
4.03505
3.02771
0.133896
0.979134
0.0400008
3.70455
3.71493
0.387851
0.138481
0.439737
3.33269
1.23508
4.14209
1.04363
0.193604
6.10995
0.151031
3.6814
4.04146
1.01779
1.49139
0.13735
0.171541
2.35964
5.43958
0.382725
3.96847
0.135767
4.55147
4.30599
3.81591
4.05143
4.11203
0.163873
1.41796
2.80261
1.622
0.293722
3.90919
3.5579
3.89367
4.04805
1.50338
0.0246033
2.04861
0.134471
3.97088
0.14181
2.33062
0.21691
4.50445
0.199698
4.09709
0.371008
0.996484
0.137864
1.01528
0.17393
0.173041
3.92769
0.14609
4.85232
0.178651
3.36404
0.165933
2.21245
0.689238
1.27164
3.64061
1.7531
2.02926
0.680609
0.121826
3.98329
0.163908
0.159336
0.286214
3.8405
2.69415
0.243694
3.75699
0.972678
0.163498
4.0683
0.355886
0.372577
0.940366
3.19863
0.146803
0.124183
0.937505
0.187726
0.181212
1.02434
0.195979
0.157708
3.62194
1.4691
0.179969
0.126419
1.10697
0.154462
0.160583
1.05573
0.983786
0.294174
0.197744
2.38777
0.092109
3.90499
0.184987
0.369305
3.96344
0.213309
0.154767
2.1552
1.49564
3.7965
1.5628
3.80515
0.1633
0.160182
1.73281
0.160953
0.522371
0.106746
3.89549
3.99035
3.59706
1.5851
3.55953
0.173067
1.48941
1.58945
1.59038
0.166747
0.461244
0.231887
0.251182
3.94427
1.27555
0.316343
1.09511
3.39413
0.366341
3.09331
0.0148191
0.219598
2.20251
3.23628
0.167254
3.44496
4.34187
2.80799
4.215
4.11672
1.59134
0.152018
0.210672
0.247958
0.145286
1.55169
0.114897
0.25236
2.03933
1.59122
1.60708
1.00407
4.01005
2.36956
3.95167
0.441523
0.675817
0.220708
2.61726
3.99216
3.79301
0.227366
2.03
3.7787
0.00247872
1.49141
0.213531
0.195492
0.000128377
0.965259
3.59442
0.144446
4.01825
5.04026
4.10623
0.135325
0.198551
0.195564
3.95743
4.12371
0.845047
2.05045
0.253156
0.3348
0.163928
1.00258
4.66006
0.166441
0.166409
1.54076
0.896391
3.85154
1.37206
0.200392
0.14253
3.04505
0.138618
3.62861
1.20664
1.04399
0.161623
0.845123
1.0723
2.56476
4.20262
4.12876
4.16818
0.40542
0.178768
1.12791
0.0027417
0.25394
1.62343
0.216179
4.27891
0.175616
2.0319
0.196335
0.158012
2.10101
0.25369
0.0330989
1.28629
0.1491
3.48175
4.25921
0.845091
0.190493
2.15517
3.80413
0.284538
0.310676
1.63778
0.105312
1.55342
1.66974
3.41444
0.748073
0.232509
0.160899
0.160951
0.12193
1.0759
0.216551
0.891018
3.59945
2.93877
3.53036
0.420579
0.182136
0.197379
4.15099
1.74235
0.225479
0.179281
0.00518414
0.145011
0.408728
0.159442
3.48778
0.188686
1.22531
0.179473
0.0754385
0.196243
1.40966
0.149628
2.83539
0.199516
3.72672
0.210589
0.158576
0.515463
0.20754
0.212387
1.08149
2.57271
0.912932
1.2255
1.21061
1.21983
0.177596
1.06645
0.171702
1.69611
0.915162
0.155593
0.0824145
2.8844
0.128725
0.173056
0.284143
3.97041
1.34995
0.0266208
0.206043
4.27075
3.8555
4.05141
1.04028
0.972195
1.62378
0.228038
0.877523
0.0142786
1.50042
1.25595
0.186497
1.28987
0.184558
0.158782
3.89236
1.38657
0.195136
3.95826
4.23107
1.71906
3.55974
1.00491
1.51411
0.16527
0.208313
1.58345
4.02531
0.162615
0.246157
0.0184495
1.98194
0.0448689
0.161525
3.64823
2.81529
0.175548
0.133747
0.634893
0.193209
2.42543
1.31454
1.55449
0.0636732
1.18147
3.85211
0.168159
4.31416
0.156149
1.30565
0.239467
0.0144855
0.615941
4.34063
0.336452
1.33969
0.767244
0.0220022
1.61704
0.203501
1.16379
2.1637
0.153197
4.26874
0.368805
1.57932
1.19617
0.158218
0.194762
4.28208
0.435392
4.32827
1.38817
0.154685
2.62593
0.237273
3.91554
0.029954
2.77585
0.217759
0.669205
0.106696
0.144521
0.438133
3.94404
4.07586
0.240018
3.95975
0.156741
1.96349
0.128926
0.00864526
0.147231
1.40346
0.254519
1.92945
0.141538
0.176673
0.114852
0.0989483
2.7606
3.63521
3.27425
2.74905
0.190588
0.159278
1.34431
3.53667
0.200544
1.841
3.65407
0.399266
4.10903
1.17026
3.36567
1.90569
1.55892
0.167446
4.1829
3.75788
0.0917324
3.98467
0.180532
0.13054
3.91497
0.159162
0.0384537
2.71906
1.22509
0.133421
0.131157
2.56029
0.163297
0.418441
1.60503
0.181797
1.55413
4.5335
0.13961
0.954739
5.74756
4.1082
0.0115213
0.178368
1.51347
2.7111
1.46462
1.422
1.15197
0.0579003
0.607738
1.46682
2.86602
0.0472665
0.0171346
0.214886
0.188779
0.0601497
1.01395
0.203394
1.19301
1.33613
2.34552
0.198962
0.120623
1.45709
1.58805
0.886377
4.36305
2.68282
1.58239
4.07008
1.52887
3.59116
0.163713
1.89039
0.645926
0.195091
2.29929
1.14246
0.142102
3.98479
2.61775
0.161241
0.229795
1.57678
1.48581
0.131049
1.52566
0.131186
0.137246
0.160534
1.97342
0.161651
0.196076
3.77394
0.157311
0.181373
0.203303
2.61749
0.160703
0.0951271
1.25238
0.0281226
3.64419
0.139719
0.0312434
1.66136
0.147366
1.5207
0.176231
1.53782
0.00206539
2.61086
1.57309
0.179027
0.124135
0.0204048
1.24892
0.000170734
4.06738
0.132565
0.595919
0.12484
0.713756
3.95729
1.27101
3.96597
0.0234834
1.03867
0.0099598
0.240298
0.151813
4.00193
4.17247
2.61362
1.58133
1.55004
0.586687
4.12046
0.152676
0.233596
4.31839
1.70352
1.58004
3.5857
0.0813861
1.63634
0.126111
0.0998541
0.196652
0.150023
1.21074
1.39572
0.199368
3.4354
1.65816
2.55907
1.32792
1.33048
3.75038
1.00509
0.226206
0.172012
1.80222
3.59648
4.20564
1.51029
1.59136
0.142701
0.016105
1.5891
1.52921
0.171259
4.01583
3.9003
0.634212
0.121366
0.114105
1.15273
0.277719
4.22046
5.91486
1.60886
1.38089
1.38336
0.146611
3.68292
0.365719
0.157882
1.43554
0.180977
0.473364
0.117051
4.13681
1.42994
0.193082
0.161777
3.74199
0.510128
0.99553
3.9377
3.87408
1.81784
0.233531
4.06966
4.23367
0.149188
0.151514
0.802583
0.230343
4.14115
3.6911
2.2304
0.233909
0.0592979
2.31913
0.235826
4.17651
0.0832386
5.18885
1.48785
0.103769
0.12705
0.160267
0.1899
0.132183
0.196372
0.262648
0.147168
4.57093
4.30541
0.261365
0.150998
0.0837348
0.142362
0.97279
4.09037
0.143293
0.167733
0.197915
0.230921
3.2046
0.184614
0.204798
1.52697
0.0731045
0.858114
0.184855
0.241501
1.78072
4.11816
1.30185
0.153458
2.17096e-05
0.168534
3.37611
0.157059
1.22902
4.19248
2.3118
0.15199
0.1639
1.21513
0.152985
0.866974
0.0705684
0.0897833
0.0606098
1.38039
0.192123
3.43444
0.161139
1.40313
1.47957
1.40241
1.61599
0.376923
0.00390001
4.17437
0.136732
0.28866
0.0459552
1.20676
4.38099
0.168793
1.48912
3.62819
4.22381
0.157364
3.39188
1.53628
1.17064
4.16189
4.22379
0.121452
0.145014
1.387
1.20499
2.14364
0.4005
0.116778
1.22305
0.163892
0.708505
0.919144
3.96219
4.10942
0.183585
0.226894
2.17468
0.202953
0.190569
3.40622
2.06695
0.218193
0.146565
1.24769
4.18563
0.16339
0.204452
1.5182
0.255599
0.168163
0.144511
0.164416
0.184073
1.2452
3.58774
2.1193
4.21404
1.7999
0.0530766
1.57287
4.26426
0.121499
1.32245
0.0451597
2.43585
0.202036
3.90307
0.166726
0.187638
0.0479581
4.14212
1.61974
0.977284
3.99197
1.38691
0.19025
0.17086
1.02925
4.01775
1.15174
3.49021
0.734692
0.0445459
1.27141
0.148709
0.947043
0.0750933
4.14444
0.310772
0.201714
0.192167
0.184909
4.29008
1.12322
0.517112
3.71912
1.41284
0.117056
0.247176
0.256884
3.90892
0.147343
4.12369
0.205417
0.15211
0.157412
1.67946
0.198574
0.00155099
4.06265
0.0145739
0.342888
0.204623
0.151499
1.08002
0.178308
0.18762
0.176695
0.659712
3.76425
0.177154
1.03222
0.0285222
1.24168
1.30516
0.0211394
0.168482
3.831
3.80439
0.159353
0.174366
0.547445
4.49073
3.65404
0.181323
1.28
0.122777
2.35011
1.4562
0.134296
3.65358
0.159375
0.281109
0.24758
2.06922
4.03426
0.132504
0.256094
0.171794
0.12766
0.383802
1.5774
0.160408
4.27468
4.10056
0.163839
2.16175
1.15224
0.1751
1.37217
3.98566
0.215899
4.12379
0.130341
1.38807
3.59311
0.975564
4.59212
1.9534
0.178074
0.139813
0.880101
0.253988
0.059415
3.92622
3.97826
0.0846821
0.127217
0.198173
4.44312
0.176624
0.296132
0.153498
3.58259
0.0745091
1.66709
2.49581
1.14576
4.04075
0.168231
0.218879
0.360273
2.20723
0.19959
1.70004
0.155145
0.192383
1.14637
0.209927
1.64957
0.197346
1.47576
0.124501
3.31536
1.13888
0.242033
0.155171
0.0128937
0.113727
0.159269
2.74762
1.05826
0.15254
0.164364
0.166724
0.156987
2.21507
0.148705
0.168287
0.139112
4.19419
0.00870061
4.42736
0.337187
0.118385
3.96182
4.01421
3.21124
0.161898
0.180429
2.16282
1.69264
0.683586
0.184542
3.69822
0.154268
0.242968
0.181563
2.15096
0.131028
2.18001
0.0745916
4.00028
0.209368
0.222832
0.15631
1.91793
0.171819
0.00947862
3.92514
0.114814
0.169045
0.177239
0.154291
3.94953
0.203697
1.33752
0.439069
0.162926
0.251919
3.9682
0.192424
0.16325
0.18553
1.26565
2.07055
0.210121
0.222464
1.18249
4.15936
4.03465
0.16336
0.15645
0.181416
0.252624
1.72713
1.0809
0.227893
0.0171522
0.0469329
0.208211
0.164148
1.88678
0.237368
0.254616
0.160368
1.56893
2.91611
0.15628
0.471066
4.23431
0.150045
0.973789
0.0241703
0.170012
3.10636
0.733545
3.73626
0.124164
0.244712
0.110876
3.95607
3.71536
4.0094
3.63076
2.07984
1.0868
0.159488
0.159725
0.155771
2.006
0.146161
0.218648
0.313823
0.333757
4.14966
1.92534
4.10391
4.16136
0.264255
0.134532
0.233784
0.103371
0.141108
0.164925
2.06633
0.575431
0.146287
2.99502
3.92919
1.11283
0.149594
0.163221
0.260801
0.18575
0.191057
0.132697
4.20152
0.137206
4.05161
0.303452
0.13821
0.180516
1.90716
0.347698
4.5578
0.164336
3.98129
3.59157
0.256183
1.42537
0.178705
0.129197
0.228749
0.287505
0.155975
3.72194
0.616685
0.15232
0.221697
0.224151
1.84581
5.21141
1.40436
0.211196
0.234115
0.186245
4.25991
0.18452
0.159476
3.90271
1.52962
0.701971
0.138808
1.48477
0.263309
1.54347
3.39136
0.21194
0.259832
0.16055
0.154041
0.0251053
0.146581
0.795143
0.196148
0.180746
1.41707
1.67134
0.609204
0.219414
1.15193
1.92725
1.5897
4.08267
1.12406
3.51775
0.636041
1.30439
0.123094
0.211223
0.197236
0.369435
1.26658
0.28381
0.214942
1.51595
0.148573
4.0788
0.893095
3.46896
0.211987
0.882381
0.266547
0.265825
1.00818
1.21826
3.58788
1.93972
1.52215
1.52184
1.42221
0.361582
1.04564
0.199192
0.172019
0.158178
5.1495
0.151369
1.43415
1.47447
0.743244
0.241591
0.0442386
0.0212929
0.324239
0.835561
1.46973
3.97871
0.128068
1.52513
0.181717
0.142081
0.102387
0.186795
0.242737
4.04624
1.54287
1.24776
0.491353
1.46159
1.1893
1.6234
0.176577
0.327742
1.41073
0.130338
3.60857
0.179371
1.14784
0.0967972
1.05139
0.181163
0.837821
0.132246
0.122801
1.97344
0.155632
0.234149
0.152602
0.00284184
0.0318243
0.166358
0.170046
1.58032
0.161835
0.194442
1.08738
0.201674
0.152981
0.201858
2.22008
0.254464
0.166072
1.45953
0.168539
0.225556
0.145479
0.128394
4.45264
0.267976
0.00792048
0.169424
0.00972192
1.02659
0.0589609
0.0585032
1.16773
0.0863178
0.165234
2.48304
0.301552
0.411372
0.129209
0.255078
0.203424
0.130549
2.00281
4.48176
1.32811
0.19881
3.61877
1.10856
2.15012
0.0939076
0.140229
1.97036
0.095446
0.231894
1.26721
0.25185
2.3876
0.159248
0.783762
1.6173
2.18432
4.42197
0.169535
0.163308
0.18948
0.26846
4.15771
0.152908
0.00714631
3.66311
0.151461
0.205887
0.00157531
0.144811
3.67259
0.987525
0.179874
0.169967
0.367939
0.204239
5.53123
2.04335
3.75948
0.268192
4.28537
0.172445
0.000474173
0.204443
0.147129
3.41234
0.020746
0.199054
1.20936
0.147626
0.251648
0.183819
0.176317
1.71954
0.175796
4.78183
1.48209
0.125671
0.146012
0.163001
0.0215868
1.22121
0.182452
3.31749
0.266487
3.21576
1.59303
0.162498
0.440469
0.142567
3.5334
1.43618
0.3944
0.265315
0.233271
3.79755
0.274794
1.26173
1.56767
0.154725
0.352785
4.04213
0.192682
2.32558
0.155328
1.61821
1.83722
0.179655
0.117413
1.89426
0.210997
4.09184
0.203746
1.60991
0.152287
0.156795
0.151291
1.58136
0.586558
0.179603
0.160309
0.183064
2.50841
0.35538
1.07301
0.175514
4.0883
0.192073
0.123445
2.15037
0.974999
0.154512
0.183084
1.16699
0.159339
0.183246
0.166273
0.240594
1.24357
0.815823
0.0314293
4.00955
4.22549
0.389545
0.341513
0.16244
0.195033
1.84878
4.19938
0.161008
0.145624
2.12073
1.48791
0.988993
0.303388
1.10127
2.07221
0.00812544
2.19988
1.42995
1.49446
0.218211
1.27344
0.886738
3.48188
0.163547
0.59808
2.07635
0.205754
0.182802
0.3505
1.19807
1.1663
0.0864741
0.167568
0.176297
0.639604
3.8934
0.8711
0.15513
1.35744
0.145268
1.53658
0.164519
2.05325
0.319036
4.34226
4.13122
1.47851
0.126454
0.257988
4.32001
0.569942
1.12541
0.173261
2.59982
3.60446
2.09685
0.475732
0.115619
2.50079
0.682365
0.174131
1.61181
3.60306
0.176016
1.41097
0.187918
0.22575
0.142766
0.117264
1.90845
0.172136
0.201858
1.25365
3.13577
4.01722
0.212638
1.26586
0.192894
0.378993
0.21191
0.900666
1.68264
0.154379
0.0438792
1.75166
4.34058
0.703985
3.68729
4.11385
0.165426
0.137351
0.195329
0.101474
0.195206
0.0540116
0.132724
3.83714
3.73981
0.161707
1.4502
2.15775
2.11687
1.51194
1.0868
4.86728
0.195058
0.105049
3.29371
0.126117
4.15986
0.190676
0.402596
0.1906
0.16959
0.149656
4.13664
0.987467
0.606187
1.89886
0.139206
0.167136
0.00918114
0.0120996
0.192886
1.36922
2.41324
0.454866
1.50894
0.476798
0.158307
0.104589
0.290664
1.45339
0.158251
0.285942
0.248085
0.191604
0.0703839
2.13511
0.128709
0.943917
3.9626
0.144438
0.179845
0.286685
1.69417
0.193744
3.95645
7.37487e-05
4.05722
3.40178
1.45707
0.315737
0.069756
0.170919
0.205226
3.90639
1.26387
3.97814
0.138866
0.16122
0.226121
5.59665
0.25855
0.210104
4.26471
3.93082
0.147953
0.0135362
0.232925
1.27774
0.121033
4.11849
1.37183
0.156601
1.17003
1.26805
4.41175
0.165643
4.08052
0.200885
0.249673
0.133193
2.25413
0.670673
1.56636
4.0371
0.160748
0.166449
1.9388
1.50646
0.478847
0.315249
0.0132593
0.0105381
3.75336
4.09071
0.775279
1.50057
1.63207
0.15985
0.162447
0.155073
0.16508
0.97362
4.32893
3.02704
0.194996
0.192801
2.06657
0.124549
1.24472
0.147118
0.61093
4.31778
0.161104
0.163092
0.18841
0.0178129
0.172591
0.152747
0.391362
0.0139396
0.201223
0.143457
0.5949
0.378878
1.77354
0.140581
5.62707
1.2053
0.0146188
0.225966
0.224025
1.60391
4.09565
3.85556
0.121258
0.531781
3.80009
0.141614
0.13501
3.99108
0.177083
1.22225
1.34479
1.98391
0.184531
0.289772
0.162026
3.82085
1.23664
0.161287
0.100145
1.20479
3.39208
4.16066
0.161992
0.157758
3.92209
1.22042
1.21634
0.206762
0.174854
0.172114
0.104929
0.195696
4.11373
0.194307
1.41162
1.19106
0.216782
1.18248
0.368462
0.17149
0.24101
0.166368
0.812209
0.211129
3.31329
4.49847
0.178789
0.991089
3.46623
1.02217
4.34005
0.188307
1.2901
0.136876
0.160979
0.196516
4.43734
0.143625
1.24463
1.33009
0.209268
0.486729
0.150309
1.23516
1.29738
0.00447562
1.58577
0.132441
0.122635
3.45145
0.168664
0.173636
4.22242
0.206285
2.11271
1.5187
5.05858
0.142264
0.183403
0.0117739
0.149067
0.207042
0.166322
4.05552
4.50626
0.148991
0.159027
0.171361
0.196008
0.150305
4.12739
0.15211
0.13771
0.0562747
1.82388
1.47931
0.161157
1.68396
1.26659
0.154032
1.21689
0.179086
0.184719
0.161022
1.21181
0.116926
0.537077
0.187129
0.591407
5.04523e-05
4.27337
0.169156
1.82086
4.06346
0.191477
1.58619
1.00761
0.779196
0.196214
0.125667
0.158679
0.15759
0.214232
4.04821
0.151271
0.153046
0.744056
0.162958
0.261195
0.166258
4.01338
4.17226
1.064
2.09793
0.182232
0.191319
0.145937
0.439762
4.20116
4.18341
0.142646
3.18946
2.54113
0.150439
0.123435
2.02556
1.42685
0.224887
0.731916
4.29933
0.145624
2.01279
5.03493
0.167995
1.15224
0.296365
0.734126
0.29059
0.151234
0.166979
0.224864
0.166274
0.157072
0.434063
0.215041
1.23175
0.207424
0.151615
4.04681
0.147717
0.144087
0.174979
1.2535
1.22366
0.223946
0.167839
1.82536
0.222572
3.54543
0.168585
0.440994
0.817613
0.158791
0.1964
0.541251
0.161993
0.182613
0.154888
1.52685
3.48679
1.12706
0.00606381
0.583437
2.58665
4.1049
0.246214
1.02122
2.85358
1.94661
5.98852
1.25861
0.352985
0.157592
0.175309
0.24721
1.17899
0.14744
0.447775
0.0842836
1.15354
0.274307
0.147507
0.99563
0.15325
1.34275
0.153626
0.172017
1.26184
2.0521
3.94741
0.118879
1.07485
0.174975
4.08161
3.43681
1.05565
0.475675
1.28003
1.11167
0.191894
0.187129
1.75422
0.126446
0.71552
0.485569
1.94954
0.53513
0.545297
4.05747
1.257
0.147465
1.71428
0.817347
0.19494
0.155523
4.21681
0.123582
0.191392
0.201726
0.170541
0.14369
1.68581
0.182758
4.10818
2.10889
0.16854
1.45673
3.08886
1.87531
1.21695
0.165283
0.486621
0.13143
0.148117
4.02923
0.136611
0.147066
0.150303
1.0832
0.189867
0.695893
0.165165
0.250288
1.50976
0.177556
0.166318
1.00997
0.982403
3.85805
4.22211
4.07509
4.31345
2.79071
0.165604
0.170011
0.155411
3.44039
0.167421
0.152756
0.146002
0.135554
3.37407
0.14972
2.72093
1.21814
0.237792
0.982396
0.277649
0.215151
1.81058
0.97544
2.5973
0.402648
0.14308
0.844341
0.19024
3.95514
2.26952
0.711046
4.30236
3.59084
0.160174
0.262694
3.90019
3.83923
0.168166
0.988285
0.152214
0.849413
0.174582
0.185767
0.509157
0.186177
2.14751
3.50476
0.226274
3.38771
1.18138
0.192201
0.125365
0.200479
0.131033
4.28526e-06
4.07308
0.705908
0.0521556
3.62224
1.09082
3.41222
0.179083
1.39971
0.562502
0.181686
4.09143
0.0149423
0.247042
3.85746
0.917033
4.17001
0.15441
3.44529
0.15265
0.00515599
0.139695
0.203313
0.353216
1.82607
0.242713
0.197724
0.181652
0.0895835
0.171566
0.992304
0.153506
0.910467
0.146283
0.194112
0.0697576
0.167452
4.50117
1.22905
1.20701
4.51271
3.58523
1.80089
0.153922
0.653356
0.204668
0.186653
0.852301
0.250052
0.34658
3.41447
1.31892
0.146885
0.142044
1.45828
0.135286
0.190707
1.52252
2.91967
1.84242
4.35623
0.155502
1.32016
0.165529
1.52844
1.03717
0.139375
1.40851
1.92536
3.96996
0.0438784
0.143941
0.159036
0.0473029
2.05714
3.88911
3.683
0.168477
0.153811
0.14177
0.158899
0.00439896
0.135008
0.172992
3.52334
0.149585
0.151078
0.203942
3.37491
0.194237
0.186357
0.00141165
4.1752
0.0820138
1.23976
4.14255
5.57118
0.130936
4.1203
0.188615
0.264449
1.93832
0.162879
0.620205
2.56581
0.161739
1.15244
0.152468
0.216363
0.144787
1.35882
0.152699
0.13334
0.157264
1.22986
0.251357
0.515456
0.0827581
0.594495
0.160447
0.219139
1.25118
0.000218951
0.202207
0.11328
2.99491
3.11485
0.148362
1.123
1.52237
3.51462
0.131653
1.14976
0.120501
0.129356
0.173676
0.216203
0.153128
1.15174
0.0947542
0.392019
0.122249
0.185333
1.53786
0.538681
0.168162
1.13627
0.25542
0.165542
4.53057
1.16238
0.128205
3.52205
0.15101
0.135304
0.135004
0.186371
1.27379
0.183929
1.46211
0.234147
0.796892
0.472606
0.123456
1.56883
0.00837436
0.12862
0.017064
0.170508
0.207406
3.39078
0.198662
0.0413514
1.12167
0.492041
0.192529
0.635116
1.56169
0.148877
3.46483
1.32585
0.265404
3.66204
0.135704
0.162744
0.142952
3.02096
0.177038
1.55979
0.240745
0.200396
0.251971
0.177842
3.77331
0.155634
0.161954
0.328104
0.218166
0.202107
0.164736
0.154051
0.175938
1.37291
0.151728
0.171182
2.75756
0.189185
4.21663
0.00461418
1.38274
0.251914
0.200565
0.129212
4.38037
2.50325
1.86702
0.265513
2.13907
2.10178
3.07109
0.166985
0.674155
0.395418
3.38129
1.27593
0.187211
0.162746
0.177774
0.200705
1.30404
0.191096
0.213615
0.163711
0.202141
0.197131
0.0219666
0.430229
3.99421
0.173721
0.241473
1.01283
0.72268
0.173077
0.370829
2.89866
0.471211
1.28581
0.191883
0.219208
0.229302
6.12944
1.49003
0.622166
0.581061
0.196093
0.157096
2.04257
0.193383
0.398818
4.03129
0.17246
3.62307
0.206651
0.0753545
0.21138
0.341752
3.25022
1.59297
0.0750598
3.4228
0.264306
0.128842
4.07713
0.190144
0.00123714
4.17386
2.92796
3.43877
4.24551
0.534776
0.176036
0.58502
0.15421
0.0885915
0.570507
0.164255
0.529228
0.983424
3.39045
0.224403
1.65029
0.218893
1.0607
3.95696
0.20741
0.191846
1.20809
1.65424
3.6501
0.133902
0.862427
0.2598
0.128857
4.18015
2.93307
0.138478
0.129634
0.534239
0.184176
0.517817
0.110655
0.143915
0.196811
0.200319
0.18629
0.164745
0.14227
0.182749
4.37111
0.262912
2.14015
0.180862
0.124504
0.467865
0.188303
0.18377
0.198138
1.00657
0.183777
0.0948732
2.11953
0.20631
0.0723814
0.219717
1.18236
0.228395
3.39594
0.66597
0.175591
2.0719
0.197661
2.88316
4.18076
2.0216
0.189985
0.441748
0.199296
0.64417
0.643694
0.200316
0.928129
0.495444
0.0835311
3.38317
1.20269
0.179518
0.323319
0.175464
3.86572
1.35219
2.27714
4.12255
0.153938
1.19528
0.167147
0.171901
5.9443
0.21489
0.215046
0.143243
0.23777
0.188663
0.166565
4.32326
1.87733
0.420741
0.142041
0.220608
0.288485
0.198265
0.200004
0.137326
0.287007
0.608481
1.88336
0.419182
0.135861
0.188593
0.173691
4.08007
1.61704
0.0506915
4.52602
0.136994
0.128037
0.197097
0.52862
0.140411
2.74953
1.57143
0.21114
4.48166
0.135664
0.213241
4.07332
1.47759
1.03772
3.86279
0.153478
0.133569
1.30994
4.06659
2.09639
0.936422
4.0427
1.49446
0.221682
0.18518
0.195002
0.194535
2.97969
3.91218
3.71927
0.182805
3.49307
0.268407
1.88795
0.129625
0.161636
0.201482
4.0902
0.141477
0.25712
0.256482
3.92189
1.11264
0.133153
0.378663
0.265332
0.1858
3.99133
1.23971
4.43922
3.46064
0.290392
0.139671
2.73695
4.40041
3.67138
1.38251
1.57572
1.91982
1.30089
4.35223
0.179694
4.40848
0.159184
1.64652
0.197911
0.122235
0.166118
5.71863
2.00212
0.162579
0.22693
0.0685704
3.84298
0.696715
3.63027
4.09723
0.16206
1.54633
1.049
1.04571
0.149565
4.06559
3.91484
0.189998
4.12727
1.95775
1.39784
0.171856
1.20154
0.163834
4.03882
3.95111
0.0383188
2.02714
0.157273
0.164726
0.192656
4.12019
1.51195
0.916969
0.202373
0.17301
0.21972
0.139388
0.00949029
0.152081
0.181532
0.492932
0.129678
0.614531
0.170554
0.177167
0.203379
0.345919
0.260131
3.93388
4.1929
0.206986
3.38243
1.24964
4.0505
0.236974
0.17985
2.0318
0.366869
0.209386
0.167293
0.242638
4.06276
3.55769
1.58759
0.127887
0.189424
3.98235
0.192316
2.83754
0.252124
0.145798
2.22038
0.192308
1.23654
0.124988
0.182531
2.23898
0.000688995
0.25883
1.48732
0.13177
0.139523
0.00412006
0.165095
4.12754
0.154884
0.519855
0.185718
0.167864
1.58582
0.199614
0.210196
4.36401
0.109838
3.75833
1.43689
0.164848
0.158514
4.48746
0.186041
0.228819
2.1898
0.238743
0.283347
0.186153
0.236767
1.17786
1.58774
0.166116
3.89575
3.47757
0.18029
0.183518
0.128883
4.10455
0.175032
0.244275
1.38767
3.98994
4.07969
0.143336
2.20051
0.19429
1.43394
0.196235
4.12701
4.04171
0.581183
0.16221
0.352731
0.995542
0.201868
3.568
0.193701
0.200752
0.198426
0.508427
0.245946
1.56897
0.156946
0.208968
4.05317
0.16938
1.01791
1.55112
0.149375
2.14216
1.60877
0.163709
1.32107
0.339565
0.14519
0.552639
0.156627
0.380171
4.40257
1.45519
0.140458
0.194908
3.87086
0.177199
1.16451
0.1703
4.37072
1.16118
2.18385
0.176908
0.696119
2.37158
4.21402
1.53308
3.81411
1.30027
3.3815
0.640956
0.0848177
3.70026
0.121868
3.67039
0.138342
0.00454566
0.259722
0.183374
0.174589
1.28126
0.154509
4.13928
0.136254
0.168561
0.133829
0.183655
0.154528
3.54345
0.260857
2.99581
0.193552
1.54398
0.184229
0.16604
1.57428
1.34282
0.194125
0.0322753
0.167047
4.215
0.556494
1.08386
0.0915845
0.210548
0.913907
1.61919
1.3464
1.26965
1.46145
0.431235
1.03617
1.94859
0.140361
0.00272215
1.15117
3.51321
0.171489
1.27846
1.27823
0.147126
1.0354
0.144679
0.228098
0.875764
1.16041
0.189167
0.174885
0.231019
0.246824
2.06254
0.197698
2.31524
1.07575
0.166755
0.203932
1.09114
3.35109
0.244698
0.141216
0.76133
0.178055
4.423
0.204204
0.268065
4.04196
0.1779
0.181046
2.19222
0.195411
0.140831
0.17915
0.22905
2.94623
1.40631
0.00516485
0.217021
0.179381
0.178444
0.186033
4.20184
0.205853
0.124499
0.197046
0.0443769
0.701044
4.28751
0.127086
1.57683
4.16893
0.329137
0.234451
0.191142
0.155849
0.203949
1.50725
4.14096
1.3281
1.40213
0.208264
4.12747
3.91693
0.271936
1.40931
1.33506
1.37958
1.35279
3.81683
0.238808
0.898873
0.152294
1.48098
0.156675
0.213519
0.171314
0.00827543
5.38856
5.70217
1.95219
1.02155
0.663127
0.558422
0.431239
0.175609
0.156165
4.02744
1.27342
4.1671
0.163553
0.12703
0.00443391
2.49954
1.61182
1.03917
0.189618
3.61966
2.17373
3.96051
0.1347
0.174865
2.29177
0.176229
0.25044
0.178393
0.139038
0.167896
4.34857
3.66769
0.420245
0.694093
1.4485
0.255326
3.55612
0.195716
0.122612
0.00321622
0.146249
0.144947
0.1519
0.134313
1.27717
0.15927
0.257147
0.979529
0.170937
3.59043
0.200088
0.247047
0.481842
1.05158
1.14791
0.160687
3.7077
0.160652
0.137996
0.135754
0.187244
4.15759
2.00783
0.16022
1.89812
0.19467
4.04035
0.984873
1.56707
0.467834
3.78305
4.04177
0.189494
0.6351
5.25509
1.58818
0.142461
0.364383
0.408944
0.203414
0.195261
1.00395
0.155345
1.15014
3.37689
0.149521
0.195496
0.200149
0.29274
0.169048
0.18029
0.644732
4.14459
0.148082
0.682771
0.176507
0.175767
0.401199
1.5901
0.157413
2.40221
0.353114
0.189353
3.91609
0.252389
4.25078
0.134716
1.29344
1.26346
0.136572
0.141553
0.206087
0.123914
0.0820027
1.9365
0.0418196
4.07687
0.167976
0.15085
1.33732
4.92634
0.256682
0.13875
0.261192
0.866427
3.41784
3.81382
0.185704
2.06468
0.206827
0.0311806
0.202872
0.998114
1.3158
0.352361
0.456682
2.093
0.187007
0.169693
2.5674
0.225579
1.28972
4.45566
0.170133
0.16741
1.03873
3.45164
0.0783217
2.70865
0.173999
0.15742
1.15325
0.314977
1.03065
0.183828
0.131964
0.177595
0.381889
0.196657
0.158564
0.120931
0.138735
2.03318
3.88252
0.152705
2.10651
4.0711
0.0330167
1.47644
0.277231
3.47819
3.4304
2.58333
2.40618
3.76566
0.152496
0.0210649
0.0428556
0.246847
0.183843
0.134647
1.74506
0.134849
0.166534
0.977826
0.153435
0.203483
0.808769
0.0682368
1.26254
2.15336
0.19416
1.87214
1.27668
1.37821
0.186467
0.163937
1.46143
3.36752
0.157553
0.22384
1.26427
0.188679
0.183977
0.451635
0.198404
0.184826
0.986788
1.27356
0.128314
0.20008
1.33074
2.63222
0.449882
0.204217
0.26404
1.16177
0.153558
0.202546
0.16244
1.03155
2.83715
3.10857
0.398737
1.52331
4.20546
0.170084
3.46597
0.124468
0.120424
1.53478
1.27341
0.156647
0.115507
3.36776
1.51724
0.162075
2.42659
0.995892
0.19562
0.0303463
4.03407
0.329965
3.45486
1.31729
1.40115
0.168831
2.07508
0.285848
1.57835
3.36874
0.411323
0.18426
0.182066
0.173429
0.333534
0.199648
1.59312
2.09353
5.99187
0.762018
0.514404
2.59245
0.759152
1.06881
0.209722
1.11263
1.18874
4.1361
0.193684
0.718804
1.04658
0.160965
3.42447
1.07499
0.153068
0.163602
1.36913
3.50108
0.244934
3.48275
0.15961
4.30919
0.183835
1.54927
1.86807
1.74565
0.95409
4.52248
3.91049
3.11722
1.5817
1.01319
0.000207385
3.37087
1.63647
1.47787
0.00350402
0.134239
0.364843
0.169626
0.169311
3.95655
0.198583
0.153195
3.40374
0.148915
4.24221
3.39257
3.97856
0.163837
2.1867
1.17206
0.416664
3.37311
1.69258
0.172614
0.743891
0.145284
4.00412
1.95179
0.13498
0.198647
0.199834
3.58307
4.20639
0.22088
1.16121
0.0537923
1.06938
1.14851
0.0125195
0.27557
0.180728
1.28426
0.195935
0.246857
0.206832
1.88627
6.04468
0.756244
0.175368
0.00179525
0.172574
0.202752
0.198502
0.180632
0.15415
0.326291
0.1846
1.9287
0.173816
1.89286
1.32554
0.155182
0.136907
1.34093
3.51563
0.174235
0.130407
0.00281264
0.200925
1.30924
2.23686
3.98805
0.756953
1.0811
1.47799
0.00524449
4.0845
0.223762
0.159318
1.42765
0.216196
1.56345
0.124539
0.196607
0.13785
1.58802
3.69323
0.0913047
0.203657
0.186172
0.172663
1.32444
0.00804672
3.67351
3.92622
3.8407
0.138321
0.158946
1.24085
4.18262
0.996723
3.7987
3.93661
3.3938
0.205298
2.27574
0.0480191
3.41073
4.23266
2.22015
1.15471
2.13081
0.205057
0.158124
1.16212
0.00310567
1.32852
0.199553
3.67796
0.450709
0.160239
3.74355
4.27652
3.9839
1.17204
2.05186
1.53336
0.354052
3.87289
3.35541
0.124938
0.784621
1.00822
0.979448
2.02646
4.24637
1.54714
1.42849
4.20913
1.63902
2.29139
3.6745
0.204046
3.60411
0.269883
0.148758
3.44404
4.15898
0.310041
0.123606
4.15821
2.11217
0.156873
0.144329
3.84355
1.2717
0.963908
0.17958
3.52198
0.184084
0.238355
0.224624
0.217135
0.177734
0.297129
0.167658
0.182287
3.67504
0.000354419
0.178409
0.139788
1.59
4.20472
0.423548
3.98838
1.35837
0.162632
0.142882
1.34944
0.208659
1.24009
3.38675
1.28758
0.264758
0.244036
1.61359
0.166966
1.87296
0.00120514
0.168854
1.77738
4.17488
0.0973368
4.03658
4.0094
1.95886
0.196456
2.37821
0.184722
0.478469
4.1354
0.940119
0.194361
0.104541
0.165878
5.89461
0.259265
0.202499
3.85372
0.180062
0.21255
0.18892
1.1151
4.0337
0.21417
1.59451
1.26437
0.582941
0.733236
0.160299
1.4017
0.121548
0.194833
0.000980941
1.06186
0.178668
0.00798147
2.00737
3.43609
4.09365
0.192737
1.05266
1.18435
0.160944
0.172134
0.209291
0.16792
3.6025
0.133535
0.429557
0.13785
1.47046
0.104996
0.0753258
0.150517
1.93982
0.262162
0.329991
0.184586
0.0129066
0.192819
0.0258493
0.0183597
1.31093
2.43927
0.224493
4.19226
0.18138
0.490426
0.183354
1.6804
3.45789
0.979379
1.23043
0.00524158
1.18993
1.30333
0.140321
0.229415
4.08057
3.9452
4.40079
4.00993
0.156244
1.2194
1.37956
0.389266
3.87941
0.204638
0.155891
2.02458
3.42194
0.187797
1.14454
0.179752
1.72659
0.112689
0.259098
4.17645
2.45658
0.189525
1.3842
4.52481
1.13732
2.26506
2.806e-05
0.146963
2.6093
1.49388
0.231598
0.250296
1.23903
0.452277
0.195459
4.04188
0.197884
0.159501
5.71671
0.142062
2.21173
0.0658645
2.12365
0.173393
0.538032
0.151439
0.15841
0.277068
0.251452
0.210961
0.00494161
3.36857
2.62112
0.166168
0.0736808
0.796643
1.05075
0.658942
0.169435
0.147159
1.80292
0.139081
0.523354
0.191112
4.02718
2.22526
0.857463
0.226949
0.162538
1.25529
0.190003
0.166843
2.16689
1.47682
1.58896
0.222096
0.205077
3.54205
0.236731
1.19737
0.0200105
0.358257
1.8211
2.94394
4.2356
0.20018
0.187314
0.157403
0.17208
0.188184
2.92644
1.06698
2.45655
4.03652
1.44088
0.200765
4.52883
0.242227
0.242178
0.827308
0.122464
0.16434
0.697137
0.426663
3.12441
1.27367
0.200478
4.15629
0.249211
0.142763
0.182202
0.184643
1.0542
0.165045
3.48925
0.219885
1.57187
0.14015
0.136106
0.181676
3.38091
3.38508
0.252994
1.58604
4.52254
0.297322
1.22792
3.38407
1.80243
2.56053
2.66827
0.134016
1.96801
3.38678
1.41143
0.227459
3.54035
0.0583537
5.81977
0.167565
3.86844
0.154037
0.521635
2.2334
0.182205
0.121858
0.178267
0.0621067
0.241137
0.135214
0.126746
0.727475
0.144844
1.38152
0.309443
0.176448
0.00423687
1.23271
1.59555
0.165291
4.13503
0.159095
4.46396
0.312586
0.152547
3.54981
0.156181
2.3787
0.718345
0.149318
0.217707
0.0101658
1.12836
0.160544
0.677793
1.46148
0.00548284
3.46347
0.673978
1.52917
0.191084
0.270815
3.49728
1.4918
0.17716
0.210029
1.01865
1.58623
0.239337
3.71674
0.189518
1.32935
3.38965
0.203964
3.37241
0.151064
3.96018
0.165157
0.135038
0.132235
0.190842
0.180837
0.15116
1.58103
1.595
4.04182
0.237911
0.175202
4.13861
0.192859
0.0024336
0.242008
0.174844
0.307848
0.0127428
1.53037
2.19121
2.6757
0.186912
3.30336
0.997122
0.140207
0.174486
0.187578
3.89565
1.38211
0.257767
0.174741
1.1585
0.196174
3.3804
1.08188
0.175431
0.176902
0.23688
4.40282
4.01001
3.54712
0.123875
0.728595
0.171895
3.9284
1.14678
0.19504
0.121964
1.89888
1.4079
2.25682
1.15641
0.183038
0.91812
2.21396
1.58921
1.71927
2.47828
3.38463
1.27903
0.196453
4.43748
0.193408
0.171141
2.05475
0.179772
0.327523
0.160994
4.21139
2.93241
0.193037
4.07464
0.256248
0.175995
0.138877
0.33427
0.193112
0.173848
0.203063
0.126022
0.18834
0.171797
0.194272
0.120487
0.186061
1.66401
1.56652
0.19182
0.157683
2.21953
0.176672
4.16863
2.91282
0.149638
0.282927
2.58685
1.52479
0.179995
3.46186
3.84528
2.69154
0.169888
0.202379
0.190824
2.13384
0.274129
1.67383
2.82163
3.82665
4.42859
0.997763
0.128881
0.0224872
0.212256
1.02188
2.17325
1.07622
0.222869
1.00559
0.158946
1.22468
4.04102
3.62735
4.10785
0.103521
3.37996
4.51015
1.65852
2.1231
0.16909
0.225465
0.209661
0.769396
0.219298
0.170189
2.18679
1.45911
1.98917
0.203768
0.165748
3.99907
0.539024
1.28529
0.806881
0.186413
0.203517
0.160404
1.55958
0.139666
0.159919
0.58677
0.168801
0.165068
0.244746
0.152517
0.202761
0.198392
0.178186
0.16969
3.48696
0.164899
0.178858
0.304034
1.40595
0.127211
0.180791
0.210502
0.18952
0.596462
0.136103
1.26979
4.25305
3.5257
0.244077
0.03303
0.15257
0.823186
0.907776
4.20996
2.86269
0.178276
1.3714
0.00850541
0.169553
0.00577262
2.72887
4.08563
0.0997155
0.199037
0.181521
0.164627
0.000518332
3.69073
1.06041
1.76399
0.329704
1.58733
0.176762
0.147167
3.99373
0.556295
0.210137
1.24186
3.5159
0.222383
0.278988
0.12914
2.17462
0.164196
3.42278
0.179222
2.0394
3.48386
0.319932
2.42255
4.16725
2.21012
3.79241
1.76542
0.343291
3.8142
0.189223
0.130556
0.570064
3.38869
1.8544
0.12303
0.131658
3.39067
1.9398
1.25665
0.196875
1.57567
1.52129
0.213278
1.51794
0.184596
1.4383
3.42269
1.05168
0.112527
3.63494
1.63188
4.562
0.164008
0.148492
0.18314
1.52435
1.85553
0.157015
1.19032
0.213022
1.50986
0.172547
0.192093
2.17752
5.85845
3.37861
0.206324
3.06912
0.148707
0.175429
0.176299
0.17796
0.172018
1.53307
4.53504
0.160321
1.53804
0.203778
0.00474514
0.193084
0.137206
3.36918
1.49259
0.320497
0.255129
0.248497
0.32495
4.28512
1.51761
0.208805
0.148772
3.73946
4.10161
0.192044
0.123129
3.38892
1.42502
0.257301
0.159647
2.22251
0.163894
0.191018
0.201111
0.145857
0.498984
1.16057
1.15565
1.73546
1.49636
0.302656
3.37036
1.49154
0.158019
0.164628
1.39211
2.94117
3.37602
1.44746
1.5216
0.187648
0.179618
2.0072
0.212346
0.00837829
0.139024
3.37003
1.55012
1.42605
0.599664
1.72039
0.12167
2.31075
0.193063
3.44599
0.173716
1.61156
3.37227
3.39383
1.97827
1.31259
2.65536
0.13195
0.128809
0.165375
1.49755
2.65437
1.73418
0.201242
4.51142
3.37436
1.66907
0.124271
1.21154
0.552578
1.45906
0.207462
0.141726
4.34246
3.39811
2.03532
0.189828
0.172929
0.481524
4.02979
0.168291
0.196155
0.196602
0.22581
4.1417
3.74694
0.205644
0.120929
0.157207
0.250398
3.7508
0.427937
0.120664
0.246506
0.143616
3.48036
2.07311
0.168465
1.5428
3.70804
3.50914
0.95985
3.38445
3.97918
4.13459
0.166642
0.123934
0.262791
0.15444
1.77631
2.54221
0.135837
0.221269
2.93374
1.15196
0.197891
1.25966
3.49249
0.166062
3.91759
0.19233
0.132442
0.148621
3.39456
0.764308
0.773104
0.12372
0.132536
0.254993
0.307264
0.193805
0.91877
3.83432
3.82771
0.985835
1.55231
0.125024
0.165396
0.155441
1.16292
0.482733
0.421916
4.40609
0.162031
0.464628
0.123923
0.123656
0.129702
0.120656
4.12013
0.815558
0.195547
3.81755
0.171929
2.11638
3.59528
0.0599742
0.0302534
3.10692
0.140839
0.15145
0.191642
0.23779
0.19066
0.138765
3.6016
0.621934
0.182866
0.134358
0.120496
2.13901
3.54295
1.8728
0.143189
0.147227
0.138849
0.243328
0.123192
0.19208
3.39148
1.8335
3.95484
1.25672
0.127144
3.39373
3.39271
3.38168
1.92365
1.88076
1.61314
0.122874
0.191231
1.51214
0.125054
0.600078
0.122793
0.191284
0.22943
2.10548
3.52927
0.50738
3.39564
1.96325
0.190726
0.652479
0.194047
0.124544
0.501873
0.606006
0.98057
2.13409
0.123065
3.39542
2.11033
3.442
3.4937
0.821713
3.43199
3.42606
3.40622
3.4226
2.01621
2.05426
2.088
2.07064
2.10106
1.04194
0.775783
3.39856
)
;

boundaryField
{
    back
    {
        type            empty;
    }
    front
    {
        type            empty;
    }
    outlet
    {
        type            zeroGradient;
    }
    circle
    {
        type            fixedValue;
        value           uniform 1e-12;
    }
    walls
    {
        type            fixedValue;
        value           uniform 1e-12;
    }
    inlet
    {
        type            fixedValue;
        value           uniform 1e-12;
    }
}


// ************************************************************************* //
