/*--------------------------------*- C++ -*----------------------------------*\
  =========                 |
  \\      /  F ield         | OpenFOAM: The Open Source CFD Toolbox
   \\    /   O peration     | Website:  https://openfoam.org
    \\  /    A nd           | Version:  10
     \\/     M anipulation  |
\*---------------------------------------------------------------------------*/
FoamFile
{
    format      ascii;
    class       volScalarField;
    location    "2000";
    object      nut;
}
// * * * * * * * * * * * * * * * * * * * * * * * * * * * * * * * * * * * * * //

dimensions      [0 2 -1 0 0 0 0];

internalField   nonuniform List<scalar> 
10435
(
0.559064
0.568448
0.674493
0.570246
0.608567
0.695831
0.660014
0.630097
0.676529
0.708324
0.577809
0.583612
0.71361
0.571891
0.555619
0.629993
0.591802
0.725604
0.722715
0.565163
0.628241
0.57936
0.641243
0.633108
0.688345
0.844261
0.841907
0.695687
0.782924
0.718903
0.63436
0.581906
0.637326
0.759852
0.619703
0.536806
0.61043
0.833368
0.813368
0.689578
0.722239
0.660421
0.516648
0.562164
0.614404
0.657024
0.713096
0.613373
0.696786
0.589236
0.626246
0.647475
0.785136
0.836651
0.822529
0.767998
0.607482
0.810931
0.645005
0.628559
0.794012
0.563859
0.792949
0.632969
0.627058
0.683219
0.672321
0.712694
0.630447
0.6215
0.846298
0.854496
0.395315
0.668349
0.545057
0.418161
0.608643
0.650996
0.649512
0.566046
0.594135
0.567795
0.754569
0.825767
0.59618
0.511515
0.528237
0.558688
0.494526
0.538979
0.564152
0.568179
0.571504
0.504255
0.54911
0.516273
0.571397
0.504151
0.620699
0.578682
0.497088
0.63542
0.516217
0.555205
0.649227
0.566748
0.576206
0.592019
0.601524
0.563563
0.586162
0.621733
0.565204
0.563535
0.576616
0.576159
0.581612
0.52827
0.563773
0.577478
0.583657
0.365563
0.542142
0.454961
0.593953
0.812935
0.57457
0.376561
0.593671
0.915043
0.413001
0.589001
0.623247
0.57372
0.856597
0.628688
0.526437
0.573906
0.559524
0.572262
0.569672
0.624336
0.702554
0.605025
0.582582
0.456827
0.496288
0.654575
0.556541
0.592819
0.654748
0.604775
0.545769
0.599644
0.676797
0.732911
0.601036
0.553635
0.696095
0.582602
0.605187
0.585999
0.574123
0.588515
0.543449
0.593972
0.639086
0.579999
0.591796
0.607064
0.677734
0.453507
0.778739
0.466257
0.590933
0.578737
0.552294
0.614732
0.582615
0.777207
0.573547
0.679359
0.585756
0.786344
0.612678
0.516568
0.424691
0.643042
0.621607
0.624712
0.582782
0.723787
0.901358
0.549215
0.610217
0.635666
0.500218
0.493265
0.60428
0.618587
0.514543
0.776919
0.705101
0.783041
0.69251
0.584027
0.569215
0.577293
0.771111
0.58538
0.623005
0.65335
0.591081
0.58768
0.811392
0.528407
0.545446
0.685165
0.85258
0.601711
0.784921
0.624537
0.713915
0.444059
0.802368
0.618739
0.828124
0.47691
0.636188
0.410746
0.659516
0.627136
0.837535
0.59988
0.911759
0.612882
0.608634
0.839574
0.602936
0.655691
0.558982
0.786165
0.638364
0.793336
0.57858
0.657605
0.490782
0.634326
0.658152
0.574908
0.73506
0.523348
0.715977
0.587205
0.641061
0.615294
0.627759
0.646736
0.677564
0.71553
0.653352
0.660331
0.819049
0.596774
0.548973
0.652214
0.553751
0.641451
0.735016
0.587929
0.661004
0.636577
0.636924
0.692957
0.874287
0.580207
0.87739
0.599092
0.633925
0.640962
0.709946
0.553867
0.669831
0.470463
0.530688
0.66595
0.632794
0.816215
0.813872
0.769628
0.461845
0.585343
0.757134
0.635807
0.824489
0.841392
0.459667
0.554025
0.59217
0.662375
0.666311
0.599136
0.67835
0.697989
0.586572
0.509988
0.586713
0.595196
0.672956
0.80196
0.580529
0.793563
0.564844
0.64517
0.6491
0.810193
0.756454
0.615386
0.695871
0.582013
0.665308
0.788168
0.538415
0.692324
0.649162
0.70387
0.904957
0.687085
0.682944
0.858539
0.653234
0.737184
0.791283
0.67096
0.594596
0.774723
0.77721
0.69701
0.758111
0.753857
0.916956
0.800076
0.766692
0.785117
0.761193
0.724458
0.747789
0.934077
0.660232
0.661182
0.777304
0.696897
0.833853
0.69622
0.661555
0.715588
0.711941
0.654153
0.817502
0.788711
0.727664
0.832184
0.742928
0.700443
0.790424
0.917421
0.74048
0.587267
0.893805
0.67502
0.827358
0.924119
0.712263
0.741884
0.628425
0.859153
0.820536
0.886063
0.800776
0.863012
1.0181
0.814455
0.642396
0.728645
0.632592
0.676315
0.704215
0.710281
0.692989
0.686891
0.633806
0.419218
0.543102
0.795527
0.818206
0.67892
0.811309
0.713467
0.990388
0.780478
0.922853
0.745592
0.718223
0.64608
0.857273
0.635058
0.593521
0.584335
0.884281
0.943634
0.731169
0.969275
0.893406
0.756408
0.752513
0.68737
0.776517
0.683458
0.838628
0.863552
0.77708
0.722757
0.71194
0.538822
0.59576
0.767716
0.779892
4.45182
4.46886
4.46607
4.45441
4.4435
4.44431
4.4735
4.5555
4.72974
3.94934
3.96144
3.96188
3.95432
3.9457
3.94518
3.96564
4.02485
4.14632
3.47673
3.48494
3.48586
3.47997
3.47204
3.46928
3.48167
3.52236
3.60756
3.03741
3.04283
3.04324
3.03788
3.02999
3.02505
3.03074
3.05687
3.11495
2.63613
2.63969
2.6394
2.63427
2.62639
2.61986
2.62042
2.63532
2.67308
2.27725
2.2796
2.27886
2.27406
2.26654
2.25923
2.25625
2.26261
2.28408
1.96352
1.96525
1.96437
1.96016
1.95346
1.94626
1.94132
1.94178
1.95084
1.69588
1.69734
1.69651
1.6931
1.68757
1.68122
1.67576
1.67299
1.67428
1.47341
1.47434
1.47351
1.47093
1.46676
1.46171
1.45675
1.45285
1.45063
1.29251
1.29241
1.29151
1.28977
1.28699
1.28339
1.27936
1.27535
1.27169
1.14709
1.14612
1.14544
1.14463
1.14317
1.14087
1.13772
1.13374
1.12888
1.03007
1.0299
1.03011
1.03032
1.02996
1.02863
1.02603
1.02189
1.01596
0.937753
0.939447
0.940914
0.942023
0.942363
0.94149
0.938966
0.934334
0.927113
0.868601
0.871588
0.873867
0.875344
0.875778
0.874749
0.871755
0.866233
0.857576
0.820401
0.823134
0.825212
0.826268
0.826094
0.824269
0.820246
0.813401
0.803107
0.789537
0.790454
0.791272
0.79112
0.78968
0.786486
0.780931
0.772257
0.759713
0.770815
0.769656
0.768595
0.766662
0.763447
0.75845
0.751021
0.74029
0.725388
0.760172
0.757411
0.754305
0.750249
0.744898
0.73779
0.728286
0.715552
0.698737
0.755424
0.751431
0.746272
0.73988
0.732116
0.72264
0.710888
0.696117
0.677527
0.755349
0.750273
0.743025
0.734108
0.723681
0.711593
0.697411
0.68049
0.659988
0.759322
0.753081
0.743574
0.731899
0.718552
0.703613
0.686836
0.667766
0.645741
0.76716
0.759394
0.747253
0.732498
0.715947
0.6979
0.678315
0.656949
0.633374
0.779245
0.769018
0.753554
0.735295
0.715246
0.693852
0.67122
0.647287
0.621889
0.796855
0.781785
0.761892
0.739686
0.715917
0.691045
0.665192
0.638399
0.610805
0.822635
0.796892
0.771362
0.745042
0.71752
0.689274
0.660228
0.630204
0.599446
3.30601
3.38894
3.47559
3.56545
3.65824
3.75345
3.85067
3.94928
4.04887
4.1488
4.24864
4.34794
4.44616
4.543
4.6379
4.73052
4.82045
4.90726
4.99054
5.06993
5.1449
5.21501
5.27978
5.33868
5.39112
5.43668
5.47499
5.50626
5.53047
5.54745
5.55746
5.5612
5.55912
5.55191
5.54038
5.52549
5.5082
5.48948
5.47032
5.4517
5.43448
5.41948
5.40713
5.39761
5.39078
5.38601
5.38217
5.37791
5.37115
5.35983
5.34161
5.31423
5.27601
5.22545
5.16202
5.08567
4.99727
4.89804
4.79055
3.28436
3.36836
3.45562
3.54584
3.6387
3.7338
3.83072
3.92901
4.0282
4.12779
4.22734
4.32637
4.42446
4.52116
4.61605
4.70873
4.79877
4.88577
4.96929
5.04889
5.12412
5.19452
5.25962
5.31896
5.37205
5.41843
5.45772
5.48967
5.51427
5.53171
5.54239
5.54681
5.5455
5.53907
5.52828
5.514
5.49716
5.47876
5.45982
5.44133
5.42419
5.40917
5.39677
5.38723
5.38038
5.37563
5.37193
5.36776
5.36122
5.35015
5.33227
5.30539
5.26761
5.21752
5.15434
5.07799
4.98912
4.88899
4.77978
3.25131
3.33322
3.41849
3.50686
3.598
3.69153
3.78704
3.88409
3.98221
4.08093
4.1798
4.27837
4.37619
4.47282
4.56783
4.6608
4.75129
4.83888
4.92311
5.00352
5.07965
5.15099
5.21707
5.27739
5.33145
5.37882
5.41913
5.45219
5.47794
5.49653
5.50827
5.51362
5.5131
5.50737
5.49716
5.48334
5.46684
5.44865
5.42982
5.41134
5.39415
5.37903
5.36654
5.35695
5.35015
5.34559
5.34227
5.33872
5.33309
5.32321
5.30681
5.28169
5.24591
5.19801
5.13714
5.06316
4.97665
4.87879
4.77174
3.19918
3.27871
3.36169
3.44787
3.53696
3.6286
3.7224
3.81795
3.9148
4.01251
4.11063
4.20871
4.3063
4.40296
4.49825
4.59172
4.68293
4.7714
4.85667
4.93825
5.01563
5.08829
5.15572
5.21742
5.27287
5.32164
5.3634
5.39792
5.42514
5.44515
5.45823
5.46479
5.46534
5.46053
5.4511
5.43791
5.4219
5.40408
5.38551
5.3672
5.35014
5.33514
5.32281
5.31348
5.30707
5.30311
5.30063
5.29821
5.29402
5.2859
5.27157
5.24878
5.21552
5.17024
5.11201
5.04059
4.95648
4.86081
4.75567
3.13186
3.2087
3.28912
3.3729
3.45977
3.54941
3.64145
3.73551
3.83115
3.92795
4.02546
4.12324
4.22083
4.31779
4.41364
4.50794
4.60019
4.68992
4.7766
4.85972
4.93875
5.01313
5.08233
5.14581
5.20307
5.25368
5.29731
5.33371
5.36282
5.38469
5.39955
5.40775
5.4098
5.40633
5.39808
5.38591
5.37078
5.3537
5.33577
5.31805
5.30156
5.28715
5.27551
5.267
5.26163
5.25896
5.25807
5.25756
5.25559
5.24999
5.2384
5.2185
5.18817
5.14578
5.09026
5.0213
4.93933
4.84544
4.74173
3.05215
3.12601
3.20367
3.28491
3.36951
3.45716
3.54752
3.64022
3.73483
3.83095
3.92812
4.0259
4.12382
4.22142
4.31822
4.41372
4.50743
4.59881
4.68732
4.77242
4.85354
4.9301
5.00154
5.0673
5.12687
5.17982
5.22581
5.2646
5.29608
5.3203
5.33743
5.34782
5.35194
5.3504
5.34395
5.33344
5.31985
5.30421
5.28766
5.27129
5.25617
5.24324
5.23323
5.22659
5.22337
5.22318
5.22513
5.22781
5.22932
5.22743
5.21965
5.20352
5.17676
5.13759
5.08485
5.01811
4.9378
4.845
4.74185
2.96437
3.03507
3.10983
3.1885
3.27086
3.35662
3.44547
3.53703
3.63089
3.72663
3.82381
3.92195
4.0206
4.11925
4.2174
4.31455
4.41015
4.50364
4.59446
4.68202
4.76572
4.84498
4.9192
4.98781
5.05027
5.10616
5.15512
5.19692
5.23143
5.25866
5.27878
5.29211
5.29911
5.30039
5.29668
5.28886
5.27789
5.26485
5.25092
5.23724
5.22494
5.21503
5.20833
5.20536
5.20625
5.21065
5.21765
5.22576
5.23299
5.2369
5.23481
5.22399
5.20192
5.1666
5.11671
5.05177
4.9722
4.87917
4.77498
2.87357
2.94096
3.01279
3.08894
3.16918
3.25326
3.34085
3.43156
3.52498
3.62069
3.71823
3.81712
3.91687
4.01697
4.11689
4.2161
4.31403
4.41009
4.50368
4.59419
4.68101
4.76353
4.84115
4.91328
4.97931
5.03884
5.09153
5.13715
5.17554
5.20673
5.23087
5.24826
5.25935
5.26477
5.26522
5.26167
5.25509
5.2465
5.23721
5.22842
5.22134
5.21708
5.21655
5.22043
5.22893
5.24167
5.25767
5.27526
5.29219
5.30576
5.3129
5.31041
5.29532
5.26521
5.21847
5.15455
5.07395
4.97813
4.86977
2.788
2.85214
2.92119
2.99504
3.07341
3.15601
3.24251
3.33248
3.42563
3.52156
3.61965
3.71951
3.82062
3.92243
4.02444
4.12599
4.22655
4.32551
4.42217
4.51603
4.60648
4.69284
4.77458
4.85102
4.9214
4.98543
5.04276
5.09324
5.1367
5.17323
5.20303
5.22632
5.24338
5.25494
5.26169
5.265
5.2658
5.2646
5.26318
5.26286
5.26505
5.27096
5.28154
5.29792
5.32048
5.3486
5.38109
5.41537
5.44888
5.47912
5.50284
5.51582
5.51363
5.49283
5.45107
5.38716
5.30172
5.19703
5.0769
0.91743
0.894795
0.880089
0.868483
0.858253
0.849047
0.841293
0.835938
0.834358
0.838405
0.850356
0.872534
0.907142
0.956224
1.02209
1.10783
1.21628
1.34953
1.50893
1.69536
1.90947
2.15197
2.42391
2.72717
3.06511
0.870302
0.873599
0.869502
0.862629
0.854653
0.846557
0.839332
0.834198
0.832681
0.836659
0.848291
0.869866
0.903743
0.952361
1.01833
1.10441
1.21314
1.34652
1.50596
1.69234
1.90632
2.14865
2.42056
2.72422
3.06344
0.850581
0.857013
0.857157
0.853437
0.847503
0.840644
0.83412
0.829336
0.827928
0.83179
0.843048
0.864025
0.897227
0.945305
1.01099
1.09696
1.20554
1.33859
1.49738
1.68271
1.8951
2.13518
2.404
2.70337
3.03627
0.836518
0.843051
0.844826
0.842908
0.838467
0.832683
0.826848
0.822432
0.821114
0.824804
0.835639
0.855993
0.888463
0.935811
1.00083
1.08612
1.1939
1.32583
1.483
1.66602
1.87524
2.11111
2.37445
2.66679
2.99069
0.823723
0.830176
0.832826
0.832085
0.828752
0.823835
0.818575
0.814436
0.813112
0.816525
0.826842
0.846479
0.878093
0.924498
0.988491
1.07263
1.17899
1.30905
1.4637
1.6433
1.84803
2.0781
2.33419
2.61764
2.93081
0.811165
0.817757
0.821197
0.821463
0.819074
0.814882
0.810066
0.806083
0.804631
0.80765
0.817335
0.836142
0.866765
0.912032
0.974724
1.05732
1.16178
1.28938
1.44078
1.61611
1.81529
2.03835
2.28577
2.55878
2.85956
0.798396
0.805586
0.810144
0.811547
0.810084
0.806519
0.802022
0.798069
0.796371
0.79888
0.807826
0.825697
0.855205
0.899184
0.960383
1.0412
1.14345
1.26825
1.41598
1.58652
1.77951
1.99473
2.23245
2.4938
2.78092
0.784459
0.793712
0.800139
0.802979
0.802463
0.799427
0.795118
0.791087
0.789063
0.790982
0.799112
0.81597
0.844271
0.886865
0.946482
1.02543
1.12542
1.24735
1.39138
1.55709
1.74378
1.9509
2.17844
2.42748
2.69997
0.770049
0.783142
0.792257
0.796679
0.796998
0.794312
0.790035
0.785893
0.783558
0.784869
0.792178
0.807997
0.835009
0.876184
0.934255
1.01144
1.10936
1.22875
1.3695
1.53092
1.71198
1.91162
2.1294
2.36693
2.62473
0.709511
0.710054
0.400247
0.618889
1.04251
0.897308
3.37535
1.14377
0.399435
3.42216
0.28914
0.437925
0.926305
0.519832
2.91535
3.50011
0.336112
0.633083
5.41347
1.9867
2.22795
4.3576
0.330166
0.258459
0.455689
1.23745
0.501281
0.550363
0.597327
0.327178
3.27255
1.44772
0.594098
1.139
0.322684
1.91246
0.928846
2.89477
0.973344
0.529185
0.440098
0.164897
2.85883
0.5918
0.368061
5.30925
0.313746
0.352755
0.517832
0.665706
0.305513
0.428361
1.50326
0.640877
3.20839
0.409161
0.521584
1.83365
0.48901
0.397021
1.92662
0.408309
0.993124
4.16425
1.23808
0.649723
0.816822
0.477548
0.911316
0.59969
0.428034
4.90039
1.06431
2.12299
0.322439
2.20085
2.49526
0.376205
0.454601
0.652029
1.15934
1.97302
1.57778
0.267503
1.35041
1.72719
1.31565
0.383402
0.585668
0.535573
0.299202
0.733901
5.20472
0.443638
1.01386
0.29242
1.18608
0.289003
0.303554
0.399725
0.671849
0.448308
0.667948
5.12509
0.497866
0.775523
0.342335
1.21051
0.166519
0.330425
4.19858
0.238788
0.367269
5.13976
1.58775
0.524673
0.498011
0.578514
1.10811
0.244213
0.10431
0.242174
0.254778
0.445196
0.579004
2.62051
0.431298
2.21426
0.460166
0.353683
1.40981
2.16238
0.583633
1.22544
0.652857
1.23964
0.337263
0.678337
2.40003
1.90696
5.21813
0.821419
0.394467
0.127782
0.5679
3.6786
0.602028
2.48231
3.43886
0.31917
0.93123
0.745659
0.604291
4.14839
0.275775
0.268595
0.721841
0.579223
2.86153
1.24088
2.91373
0.41619
3.48831
0.294657
4.08143
0.281151
0.51799
0.462835
4.06076
0.726192
0.522912
4.34492
0.470183
0.273412
0.962404
0.741222
1.99903
0.59504
0.453836
5.17102
1.64362
1.36963
1.38011
1.97611
0.737674
0.461699
0.286413
0.154757
0.654369
3.13426
0.369701
0.397883
0.59422
0.752578
3.55042
0.640823
0.313952
4.22233
0.547543
0.65017
0.853585
4.66687
1.95376
3.09839
1.66547
2.02418
0.75908
0.65151
0.522846
0.655804
0.475914
0.381078
1.51475
1.6595
0.655044
0.41889
0.818624
0.628583
5.16055
0.579591
0.563323
0.189648
0.268061
0.425429
0.622851
0.476917
0.399919
0.341033
0.169077
1.07211
0.263674
2.02109
1.22336
0.700478
0.943429
2.84578
3.13396
0.54501
1.96104
4.28743
2.09823
1.81357
3.71205
0.667575
1.12033
1.64799
1.64199
0.521871
3.50421
2.70916
0.162557
0.757729
1.17619
0.533969
0.654462
0.462973
0.353551
2.5729
2.93889
5.22074
0.408778
0.468704
2.83844
0.278118
2.2302
0.42848
2.57393
0.579869
3.4516
0.50466
2.16083
0.595347
0.341378
0.53421
5.80583
0.576677
0.673595
0.374285
0.520804
0.394063
0.665522
0.821238
0.450403
5.30949
0.449793
2.56291
0.773609
0.667755
0.3277
0.365986
4.1344
3.65641
0.127533
0.328416
0.868665
0.427887
0.437491
0.826741
1.17076
0.428099
0.40029
3.05383
0.270615
3.12802
0.4556
3.3719
2.29552
1.15456
1.90215
2.17581
4.97308
5.5013
0.621949
0.45517
0.313223
0.684389
0.329415
1.11767
0.494712
0.796447
2.86216
2.51538
0.237839
3.27629
1.3665
0.459682
0.500609
1.2524
0.872941
1.82462
4.03742
3.41933
0.560496
3.29186
0.399072
1.74543
2.27966
1.68709
0.11276
0.426649
0.369936
0.46528
0.414314
5.51536
2.27555
0.79157
0.741777
0.657594
1.09971
0.295746
0.606617
5.04522
0.172658
2.97052
0.33318
0.603196
0.655712
0.575786
3.5513
0.30009
0.53096
0.314102
2.0042
0.481217
0.169191
1.13901
4.06188
0.345161
2.7796
0.6683
5.39253
4.10488
0.61529
0.476179
0.932849
0.358679
0.254341
4.94236
0.942029
2.79158
0.4459
4.10449
0.58243
0.598261
0.582566
0.75816
4.29479
2.00618
0.291492
0.368823
3.04344
2.1398
0.56288
0.596378
1.74288
4.35067
3.30691
0.602165
0.5718
0.596302
1.2068
3.09813
1.27486
0.697443
0.469021
0.107475
2.98809
0.541426
0.563498
2.04314
0.618804
2.74334
0.42626
2.33356
2.15368
0.457317
0.497197
0.296548
0.614535
0.711257
4.33701
0.989254
0.481632
0.647737
4.20109
0.383808
0.0894076
0.279238
1.4081
1.56063
3.04366
0.493192
0.568837
0.457853
3.99318
3.99628
4.23378
0.119592
0.71442
0.301095
1.43524
4.28584
0.34039
0.568627
0.910143
0.469918
0.552568
0.569308
0.454834
0.450735
0.479991
2.69835
3.4158
0.434391
5.50459
0.610335
0.293822
1.96874
0.284611
2.35642
3.74319
0.758733
0.619404
1.47956
0.392474
1.14809
0.664717
0.419403
1.53917
0.296826
0.555167
1.03892
0.314906
0.32706
0.478646
1.03962
0.645447
0.755168
2.50215
2.42061
0.769379
1.26811
0.131015
0.448314
0.266681
1.20174
2.2818
4.94131
0.666135
5.05865
3.47419
3.59458
0.261483
0.605274
2.69173
0.655994
3.34042
2.71852
4.34045
0.661919
2.92302
4.0118
2.61287
0.637283
1.91881
1.23538
3.03688
3.15988
3.12973
1.48752
4.08149
1.26843
0.938497
0.645039
0.409846
0.344195
0.47473
0.486587
0.32801
2.53073
5.7516
0.367116
1.97416
0.545655
1.08687
5.16059
0.386469
0.474894
1.81397
4.56369
0.725746
5.16051
0.55394
0.502993
0.232515
0.575239
3.20445
0.451404
0.540507
3.70247
0.818942
0.32897
4.19577
0.354403
0.200754
0.431633
2.90116
0.553409
2.78971
0.370716
1.06802
1.40294
0.458356
0.534835
0.493433
0.337846
0.27151
5.57122
0.96992
0.508422
1.32099
1.324
3.24466
0.977133
0.322171
4.12664
2.34895
0.45702
1.53246
0.439012
0.604322
5.15216
2.27578
0.6737
0.895485
0.370115
0.305611
0.508678
0.571836
0.44427
1.98506
1.35376
4.61217
5.71632
1.11733
0.603904
4.0775
0.864182
0.61912
4.64951
0.852742
1.33902
4.10246
3.85706
5.4988
0.48007
1.07156
0.48196
1.12869
1.46699
0.414645
0.533841
0.191254
0.262087
2.23882
0.691983
2.48504
1.3923
0.660623
2.47652
3.06773
1.10399
1.64711
4.03212
0.750156
1.71438
0.355253
0.762714
0.439818
4.44245
1.04054
2.51396
5.5576
0.911987
0.479885
0.402301
0.314189
0.555381
0.618941
0.471613
0.461495
0.912914
0.319335
3.72373
0.247167
1.86393
0.390209
0.26187
0.665507
3.40228
2.21093
0.508438
0.63819
4.01225
0.938613
1.03173
0.271659
0.574364
0.404686
3.8645
3.02081
0.220271
3.70001
0.158984
5.17792
1.56125
0.307375
5.41492
2.42221
2.10148
0.494508
0.664776
0.282508
0.110011
0.983051
0.972072
0.475645
0.564458
0.656442
1.45638
0.479303
5.82042
1.23779
0.40124
0.155355
1.98139
1.36205
1.88185
5.37702
2.14592
0.334392
1.62888
0.22666
1.53609
2.38636
0.50133
4.77617
0.570191
0.369286
1.54942
2.87787
0.53569
0.29751
1.16606
5.55543
2.74741
1.01559
0.608661
2.582
4.27721
0.501141
0.445197
0.754944
4.99396
5.11543
0.380432
3.14564
0.64032
0.361384
3.20934
0.672919
0.320863
5.76903
0.762485
1.06183
0.125661
3.46981
0.653206
3.47297
1.95756
0.958591
5.78217
1.69147
0.331551
2.79308
1.16321
1.4255
0.555546
1.33174
0.458406
5.54152
0.454757
3.56846
0.594879
2.40983
0.46138
0.324367
0.555897
0.461434
3.34858
0.116391
0.415075
3.24017
0.811897
0.693922
5.61151
2.74
0.568893
0.333772
1.3601
2.55097
0.307388
0.448679
2.139
3.73257
4.01112
1.26012
0.468168
0.0600578
2.55526
0.395498
0.153821
0.709211
0.566391
0.32292
3.97542
0.468851
4.00808
0.239117
0.136907
0.692325
0.871551
0.675225
1.15408
2.87632
0.502105
3.30669
0.589938
3.04777
3.37106
0.515158
0.508544
0.404844
3.01661
4.26483
0.607542
4.28549
1.97255
1.28026
5.65732
5.38996
2.27278
0.615388
0.170786
5.12969
0.299816
0.458002
2.80252
2.35465
2.47875
0.883528
3.59273
0.457337
1.38395
0.502177
5.47105
0.328907
0.268202
1.12376
0.328097
0.646404
0.400894
1.15378
1.67137
0.651854
0.848407
0.432591
0.60572
5.13197
1.14527
0.376127
0.637972
0.704864
3.8012
1.20164
0.292169
2.4287
1.03999
2.92819
0.938121
0.657005
2.78873
0.198343
0.339882
0.718267
5.66702
2.84351
0.496198
5.5149
1.90266
0.217085
2.29977
0.939929
0.256069
0.854884
4.83752
5.57343
4.09983
0.784371
1.99502
0.39099
0.917275
1.6125
3.18273
2.46025
1.93888
0.425284
0.249992
0.912976
3.07128
0.0033042
0.358837
0.626866
0.262635
0.734863
2.23901
3.76049
0.0168368
2.45742
3.28035
0.544211
0.53601
2.46103
0.398607
0.383372
0.309068
5.36239
0.63375
2.07172
5.42305
3.10678
2.05741
0.615371
2.29502
2.61001
0.570868
2.41894
0.450408
0.189319
0.180699
0.639207
0.514455
3.10866
3.35127
0.629639
0.716028
5.68396
0.286729
0.35988
0.322007
0.904837
1.74844
0.690277
0.905809
0.495606
2.4552
0.463402
0.820037
0.600733
0.823605
0.601132
3.82303
1.83147
0.706828
0.126739
0.682046
5.66664
0.430626
0.596969
0.467407
0.54082
4.9299
0.536664
2.45542
0.467545
0.698363
1.91058
2.06105
2.95422
2.77828
0.228723
2.49738
0.300489
0.1955
0.436015
5.36362
3.20418
5.78134
1.77315
0.993289
0.502836
0.503369
0.539942
2.18891
1.36211
0.531346
3.98899
1.54688
0.693536
1.14331
0.518529
0.221304
0.486495
4.10469
3.36839
4.44794
1.85165
0.517537
0.645465
0.664998
3.23079
3.03898
0.640844
0.385306
1.24741
4.92947
0.632165
0.678314
1.91148
0.821129
0.272051
0.442748
1.97989
0.516484
3.51329
0.271761
1.66885
0.19154
0.571538
0.894328
0.638994
0.387998
3.65922
0.348415
0.813181
0.497335
0.524799
2.6056
0.526528
0.389512
3.55786
3.78827
0.510775
0.265489
2.90498
1.40311
0.50238
3.60063
0.427893
1.81886
0.372044
0.332202
0.179468
0.301926
2.82232
0.550363
1.28003
1.09289
0.635327
1.96183
3.05626
0.220725
5.67968
2.25122
1.2992
5.5876
0.260249
0.34604
3.81276
0.356761
4.07512
3.35092
3.93069
0.724112
0.307926
0.224323
5.52314
0.990903
0.558396
4.38001
0.659712
0.49158
0.580157
0.584867
1.04289
0.41525
2.93108
0.432914
3.75751
5.69838
0.617752
4.31129
0.713558
0.599785
0.372028
0.642483
2.40663
1.28097
4.08792
0.53213
0.709695
2.40521
3.45362
0.620803
0.309865
0.303176
2.40601
2.59041
0.760852
0.477861
4.91222
0.439593
0.374475
0.410035
0.63199
0.466213
0.476407
0.721039
3.9624
3.51986
0.423196
0.65143
5.69329
0.633754
0.933054
1.23995
0.826164
2.27998
1.53079
0.172569
2.0182
1.9661
1.26296
4.193
0.553294
0.276563
1.82345
0.527631
5.00559
0.618987
0.657876
0.75129
0.397458
1.15633
5.32161
1.09706
2.4137
1.52633
3.91779
1.93339
1.20345
0.175832
0.554885
1.88715
0.4687
2.85343
5.6412
0.724011
1.84092
0.483927
0.461876
3.58077
4.96891
2.79405
0.831737
0.614148
0.615663
0.623783
0.36189
3.77791
0.149842
0.61859
0.703131
0.48486
0.201492
0.721778
0.441588
0.129868
1.33888
0.48105
5.35823
0.48056
1.23827
3.03465
3.47884
2.53312
5.44953
1.69349
1.73759
0.911488
0.336668
0.625439
0.503895
0.723775
0.764834
0.604982
1.5341
0.46268
1.56648
1.32775
0.399872
0.212462
0.736606
2.73901
2.40128
0.248142
0.581843
0.355276
0.691296
3.95045
0.627286
0.273146
0.492565
0.301893
0.212778
0.343342
0.292844
0.69988
0.731781
0.299346
0.404571
0.34594
2.93008
0.453404
5.42921
0.255332
0.819174
2.54173
0.468105
3.60889
0.5315
0.503438
1.84564
1.45733
0.612541
4.49788
0.67003
0.480216
0.543132
4.69453
0.274024
0.35552
3.31272
0.377524
0.26684
0.53606
0.277732
0.551828
1.06048
3.47355
0.511038
0.455355
1.59166
1.88868
2.83589
3.41412
2.09267
5.41044
2.24703
1.48522
0.993852
5.64658
3.92097
0.683288
2.208
0.55704
0.4051
1.84749
2.30732
2.8573
0.829167
4.82314
0.235051
0.306338
5.40604
0.291867
0.173269
5.11937
2.52258
0.160516
0.889077
1.69929
0.461596
2.24693
2.16323
5.26804
2.6905
2.35977
2.96543
0.631695
5.29621
0.569321
0.654125
2.37324
0.106564
2.84404
0.623249
1.94483
0.634311
0.492883
1.01948
0.460119
0.408056
0.230866
0.472467
3.56393
0.396025
0.671446
5.80564
0.955986
3.02615
0.374075
1.34742
0.693121
2.98316
3.55108
0.579854
0.622025
0.454851
4.83624
1.9534
5.64464
0.476153
1.52124
0.524862
3.12434
2.12798
0.247457
1.00539
1.86677
2.27749
0.525101
0.294851
3.95083
0.630378
3.62253
0.558091
1.33694
3.42891
4.82002
1.80869
0.643266
5.64771
0.738509
0.464815
0.682592
0.920854
0.402661
0.451128
5.70787
2.02707
0.639912
5.47054
0.768828
2.13653
1.86385
3.21505
0.565505
0.373397
0.489891
1.71712
0.40261
0.936178
4.83696
0.787493
4.36439
2.29734
0.108659
3.16079
0.584269
2.20668
0.584251
0.268834
3.08261
0.632638
4.05911
0.403788
0.926126
5.34675
2.6078
0.602832
0.25427
4.29557
5.33396
0.697559
0.516959
0.456899
3.59559
0.760743
0.964116
0.383415
2.35078
0.477129
0.73837
0.548903
0.496861
0.56042
0.900727
1.18001
1.67652
0.458852
2.32506
0.556205
2.56583
0.655941
1.58655
1.8416
0.795901
0.608809
0.550098
0.244147
0.541129
0.271416
0.289185
4.21357
2.30825
0.684812
2.0195
0.545165
0.702895
0.511988
4.50496
4.67657
4.02216
0.47389
0.445202
5.64694
3.92689
0.522543
4.87251
0.420799
0.335501
0.424219
0.409251
2.30938
0.514715
5.03923
1.23244
1.02251
0.261641
0.558753
0.361336
1.88386
0.527953
0.750173
2.349
0.864344
2.0049
0.532051
0.509923
0.482975
5.77047
0.303395
2.43971
0.438679
3.11893
0.496591
0.695791
0.400224
4.9946
2.28378
1.3526
5.22754
5.20095
1.77861
5.07625
0.622181
0.543846
5.37214
0.659878
1.8644
0.280022
0.572753
0.34824
0.843473
0.461543
0.633167
0.709554
1.26722
0.348976
0.526556
0.639464
5.20912
0.630963
4.60163
0.684657
4.65236
0.766508
5.06715
1.40487
0.455112
1.61601
5.33626
0.502073
3.50462
3.60964
0.406841
0.616677
1.98824
0.513829
0.572013
3.47055
0.522727
4.45196
2.90336
4.92612
4.90148
2.35879
1.31545
0.462277
0.527313
4.47823
0.560782
0.610281
1.82335
3.54318
1.64603
4.90312
3.9062
0.178947
3.22228
0.549745
2.1262
5.01658
4.84989
0.644367
2.56551
0.498796
0.607123
0.246422
0.478362
4.7666
0.370473
0.480964
0.616581
5.77031
0.0412432
1.46514
0.694385
4.87187
0.296792
2.62894
0.336688
0.743593
0.735353
0.43773
5.6058
0.601721
0.89385
3.99045
2.48671
0.386125
3.20893
1.16776
4.97199
3.78207
5.09112
2.61126
0.577809
0.458528
3.98006
3.71216
0.468309
3.97475
4.56927
0.219781
0.577419
0.643419
1.12403
1.07406
4.25203
2.36155
0.984584
0.0325007
0.606127
5.25825
0.381143
1.37874
1.41735
0.785504
0.792039
2.69552
0.376574
2.17785
0.417907
0.478505
0.114967
1.49863
5.17805
3.86258
0.517306
3.61818
0.480243
0.519811
1.03878
5.03774
0.314805
0.906802
0.440516
0.80813
0.443989
0.554821
0.705774
2.70967
3.7429
0.605089
0.455154
5.06267
3.55923
0.577204
5.00213
0.720128
0.757121
0.546149
0.462457
0.486764
3.94262
1.0502
0.288295
5.57602
1.85549
0.406705
2.32272
1.03465
0.708231
3.47842
0.625205
1.9181
0.978338
0.246963
2.37528
0.418955
1.37828
0.619588
0.851476
0.529212
0.464351
0.229286
3.33874
2.03099
0.510596
0.447623
1.40742
0.349684
0.661504
3.18544
0.655742
2.38313
0.637341
4.6962
2.72033
0.391224
1.2734
0.560975
0.527627
0.393266
3.1268
0.373346
5.17464
0.283351
2.32
2.41732
4.49924
0.420167
3.57506
3.17466
0.210044
0.561551
0.500042
0.719592
0.269532
0.603976
2.19099
2.95899
2.427
1.24709
2.71286
1.15772
4.01876
3.67341
4.00591
0.220142
0.59816
0.585075
3.80976
2.46505
0.594306
4.79154
0.333898
2.59191
0.468964
3.87566
0.364306
0.406722
0.282441
0.424866
1.40658
1.50398
0.723162
0.539143
3.76537
2.49168
0.5843
0.6771
2.92608
2.071
0.602793
0.979498
1.40771
0.251266
0.653428
1.29938
2.22747
5.00223
0.229117
2.91728
0.56185
0.804667
0.619722
2.29256
1.96677
0.403328
0.476928
0.946418
3.34018
0.573853
2.113
0.968855
0.606326
0.427832
2.55834
2.1518
2.28639
4.17514
0.484613
0.543206
0.482069
4.09899
2.14265
0.730452
0.479576
4.43076
4.15037
0.446349
0.682216
0.474901
0.939137
0.438147
1.1528
0.913823
0.466956
2.37585
0.535218
0.653862
2.39416
3.18009
0.503594
0.44207
0.251764
2.19932
3.88864
5.84618
0.377694
0.465755
0.384532
0.126723
2.81552
3.96575
1.85603
0.832237
0.450996
2.56795
0.581012
0.320539
0.522821
0.588877
4.10182
3.63223
0.440325
0.720491
1.34
1.23412
0.952174
5.47004
1.46627
0.81011
1.90519
1.53708
2.67096
5.09595
5.04163
1.49691
0.229815
3.76894
2.53019
2.13715
0.647781
0.909058
0.61651
0.615148
0.985959
0.35121
0.427195
0.349567
1.45934
2.61747
0.212908
5.56334
0.118474
3.92188
4.78248
0.387134
4.46967
0.999566
0.57955
1.49668
3.53704
2.89562
2.39499
0.642783
0.586364
0.899328
0.466961
2.38934
2.81575
0.0229274
0.693457
0.518388
0.593015
2.94137
0.464222
0.61391
2.1366
0.287932
0.336144
0.560417
0.504488
0.24691
0.329333
0.288034
0.448836
0.244666
0.675202
2.40203
0.271603
0.646433
5.10177
0.491456
0.469673
4.42144
1.83424
1.92907
0.23827
4.3621
3.17775
0.653004
3.24131
0.188274
4.79882
0.697794
2.01487
5.14282
0.358573
2.16183
0.793658
0.488784
0.412526
5.17294
3.74283
0.458972
4.77283
0.514632
3.06662
2.42335
0.767252
2.13625
0.161457
4.79256
1.53322
0.917016
4.79554
0.482159
0.592168
1.15392
1.37887
0.504689
0.592635
0.44308
0.577213
0.522439
1.10972
0.400149
0.736945
0.895501
0.839124
0.666108
2.12517
2.65462
3.58111
2.5754
0.72653
1.48515
1.35411
0.585382
5.42402
5.36038
0.589246
0.652347
1.53624
3.00344
0.0340802
3.28814
5.48296
2.55515
2.08257
2.72818
2.41181
0.810851
0.695886
4.53183
2.76298
0.465677
0.63138
0.465933
2.36771
0.0856949
0.870788
2.48706
1.41738
3.91209
0.386081
4.33429
0.275863
2.56078
0.264751
0.457751
1.29369
3.10307
1.71751
0.699309
1.74248
0.533208
0.396504
0.370087
0.421103
0.296824
3.01706
2.88554
0.16578
0.63151
4.54558
2.52011
2.74893
2.4857
0.703252
0.256295
0.289816
1.76941
2.94162
5.45082
3.40716
5.21405
0.515433
0.102843
0.15835
2.0442
1.717
0.537301
0.681098
0.412855
0.673835
0.150804
4.31401
0.240797
2.43452
0.505723
0.49791
3.9222
0.430187
0.598554
2.64692
1.27143
0.44518
2.42679
0.284684
0.532064
2.5186
0.527953
0.933484
1.13736
0.819663
2.96559
0.428619
2.29304
0.589784
0.734873
2.44133
0.811517
5.6416
0.320222
0.596395
2.52433
1.01087
4.41889
2.08079
0.440502
4.6736
2.44856
5.54916
2.3755
0.38673
0.419056
0.56857
0.425037
0.579917
0.525851
0.230418
0.630275
2.35773
3.66999
0.554244
2.18778
1.00667
0.303282
3.7727
2.26366
0.534793
0.407377
0.584476
3.0603
0.520406
0.615407
0.437551
0.387811
0.341589
0.988218
4.27705
1.01471
2.74831
0.354117
0.0912814
2.87284
0.990179
0.570835
0.633166
4.27226
5.45822
2.66149
0.499716
0.517714
3.06241
1.2081
0.735824
1.24124
0.454175
2.84611
0.507768
2.37122
2.2291
4.7046
0.444245
0.530574
2.27469
3.1077
0.419988
0.588487
0.452522
1.14826
0.131987
0.263389
0.681289
0.581583
3.0406
5.41452
0.449993
4.01461
1.9258
0.292396
1.69565
2.62752
2.98534
0.446214
4.01829
4.73741
0.278726
5.72319
1.67493
3.28287
0.242591
2.01419
3.87845
3.14008
0.789132
5.74087
2.41293
0.495951
2.34695
5.16357
0.483237
3.54716
0.25895
3.837
0.514096
2.36642
0.387713
0.618149
5.39987
0.637769
3.17596
2.76312
2.13417
0.589615
0.25215
0.722257
2.68592
0.299439
0.294911
1.99314
0.248973
0.769559
0.424856
0.447829
0.666092
0.723946
4.90494
1.33446
0.639943
2.12285
0.808176
0.628747
2.17101
0.657938
0.361223
0.290656
2.35472
0.461543
0.431873
0.205032
1.40642
0.185904
0.473916
4.29992
0.499871
0.842794
3.81896
0.461338
3.63014
0.162509
0.495755
0.414626
0.508007
0.637722
0.640756
0.409292
0.826569
0.131447
4.30232
0.435152
2.60827
0.442657
1.3465
0.533658
0.544959
5.44079
1.83559
4.01715
2.31361
3.24115
0.364998
0.266814
0.419858
0.616607
2.09595
0.27967
0.520833
0.781621
0.609708
4.51286
0.60538
0.270588
2.66048
4.48222
0.369988
0.27022
0.235077
0.513609
0.480206
1.26633
0.593093
0.591466
0.649872
0.628418
0.763664
5.73869
0.392558
0.631013
3.21505
2.4049
4.79571
0.24385
2.58601
0.366764
0.427216
0.759421
2.62201
2.84899
0.399337
1.0718
0.593479
0.56087
1.88198
0.687327
0.394171
3.01469
0.531204
2.01415
1.17597
2.19965
1.88134
0.427637
2.40881
0.927498
0.506488
3.13042
0.49163
1.59173
0.303161
1.69333
1.24798
0.571664
2.33107
0.614316
0.457506
0.594554
0.784963
3.80545
0.403151
0.618303
0.77958
2.31857
0.916393
0.534499
2.25287
0.467302
0.22667
1.66958
1.42034
0.715338
0.477962
0.61878
0.546934
5.46011
1.62755
4.50421
2.88026
3.5869
0.570381
0.656514
0.420712
0.524734
0.585959
1.45977
3.38927
0.682448
2.11584
2.19763
0.979051
4.50864
2.40051
2.20127
3.02378
2.23631
0.983188
5.60788
5.23094
0.256993
0.548908
0.649913
0.672936
1.22805
0.831273
0.502997
0.413646
0.489225
3.23655
0.403251
0.251017
0.309199
0.803288
0.422025
0.331186
0.605235
4.47218
2.47794
0.358201
0.624225
2.68891
5.73505
0.522604
1.77647
1.11126
0.414217
0.77431
0.386684
0.589554
0.619509
0.390148
0.51074
0.597775
0.590538
0.718311
2.3631
0.299893
0.237618
2.64923
4.46505
0.430938
0.643607
2.13862
0.674335
0.634803
0.317402
0.381634
1.10764
0.96005
5.59229
0.571494
2.53397
0.506155
2.33336
0.69969
1.00318
0.348621
0.475268
0.389276
2.99179
2.36177
0.450093
3.87495
3.37455
0.538405
2.26442
0.518003
2.4294
0.410484
5.6283
2.82986
0.65057
0.451775
0.644296
2.47322
0.404092
5.72678
1.76769
0.709327
0.30997
0.142843
0.517276
4.56222
0.590387
0.468617
2.65554
0.713153
3.47663
3.63681
0.421793
0.252956
3.18432
0.843462
5.33872
5.21501
3.27531
1.08338
0.167745
0.705219
0.415056
0.568027
0.69492
2.18203
4.60668
0.242468
4.10935
1.22991
0.40888
0.403091
1.46707
4.25225
5.12507
0.449653
0.412321
0.104165
0.141903
1.99584
0.348067
2.31604
5.14991
3.23359
2.5829
0.129421
0.356893
2.65573
2.66444
0.396961
0.398415
0.590128
1.10114
0.228264
0.538236
2.02405
0.506846
0.637966
0.736778
0.454776
0.767351
3.92542
0.525933
3.90863
0.0338421
4.99633
0.39305
0.7739
0.596449
0.658104
3.93673
0.377698
0.341629
0.0034407
2.35472
0.361869
0.710335
0.957995
2.03915
2.5409
0.787252
0.63943
0.406079
2.57353
0.252513
0.360826
0.539496
0.344252
0.139379
3.68186
2.26835
0.280748
2.41746
0.502347
0.617876
5.82777
0.396707
0.392757
2.40319
0.631538
1.76896
0.917526
3.91214
3.73059
0.389071
0.377547
0.448982
5.0997
0.369971
2.58599
1.08014
0.542874
0.587821
0.432316
0.381515
0.486684
0.769543
2.03757
0.261713
0.405305
4.33914
3.92633
2.07451
0.50881
0.509934
0.554025
0.64077
0.376074
0.942161
0.263652
0.369644
3.9529
5.09972
3.06011
0.857391
0.367358
2.72954
3.64693
0.504695
0.36513
3.81583
5.51243
0.480066
0.318924
3.90113
0.481374
2.13798
0.249786
0.473925
3.89862
0.447223
0.404097
2.44218
2.754
0.598925
1.85254
3.94377
3.69401
1.20741
0.293611
0.516551
0.503952
5.30299
2.06365
2.37886
0.594586
0.520512
0.385791
0.788406
0.354919
0.449387
0.377952
2.76605
0.920444
0.897191
3.40835
3.33934
2.26043
0.33784
3.36238
5.78516
0.362463
3.26242
0.471382
0.404115
0.216404
0.563157
1.92941
3.47958
3.76781
0.396033
2.98801
4.10228
0.235359
0.565879
0.376508
0.381543
4.03895
0.370281
0.522374
0.371595
0.575062
1.07014
0.486842
2.72446
0.830656
0.385702
0.665394
2.10575
0.280682
0.469423
0.293916
0.37133
2.10396
3.36587
3.53267
0.517342
2.92326
5.36277
0.482134
0.373908
5.71325
3.89582
0.598964
0.589925
0.159866
1.21884
0.353763
3.13074
0.412835
0.388316
0.426338
0.462411
0.246108
0.647033
0.532954
1.38872
5.63177
0.543147
0.589843
0.384071
0.266473
2.27236
0.418478
4.19106
0.406665
2.1768
0.644943
0.369411
3.18499
0.481327
0.915735
0.366162
0.550784
3.19391
0.418461
3.26667
0.222986
0.318138
1.62105
0.556117
0.485345
0.48859
0.493682
0.58202
5.41118
0.24805
0.267648
1.00955
0.350674
2.51083
0.375282
0.152845
3.02651
0.577834
0.319356
0.381318
4.19016
0.431837
0.407231
2.68684
1.04699
0.195718
1.78716
2.40098
0.421674
0.502004
0.298573
0.592727
0.858601
5.20424
0.580819
2.47795
0.352055
2.50115
3.27042
0.599941
2.49755
0.541116
3.29505
0.497243
0.614352
0.470105
0.305489
0.593878
2.87124
0.606614
4.76228
2.18306
0.801855
0.522099
0.28196
0.423805
0.351557
2.84529
0.286954
0.321159
0.372662
0.362571
2.5321
0.576804
0.3452
0.311113
0.443655
1.86938
0.406554
2.20082
0.669856
0.363232
1.89908
0.319294
0.0332403
2.33149
2.50704
0.452742
0.0414231
0.0176492
0.565438
0.371877
0.561367
0.311766
0.471015
0.328488
0.463767
0.623522
0.361312
3.76723
0.36533
1.92443
0.557023
2.47919
2.3592
0.330654
2.60321
3.40261
2.15667
2.26607
1.12416
1.57545
0.492218
0.499588
4.25882
0.51656
0.576653
0.31606
3.77375
3.23091
0.143359
3.7453
2.10563
2.45996
0.521673
0.0127589
0.0213646
0.355273
0.475764
0.516071
0.367396
0.382624
0.373652
0.547071
2.85639
0.44594
0.366139
1.55795
0.254045
3.22957
2.14973
2.01138
0.481569
0.416951
4.15702
0.806043
0.270331
0.805469
4.84325
5.03402
0.381053
0.553633
0.514479
0.32787
0.487017
3.79826
0.252314
3.52433
1.91024
0.520375
0.467926
3.41089
2.7776
0.437678
0.000477155
0.0173117
5.25101
0.532752
0.622486
0.390765
0.408336
2.06855
2.50308
0.632125
2.07065
3.48248
0.352753
0.299199
3.1544
2.15936
0.396023
0.381495
0.20004
4.18972
0.363267
0.344622
0.535975
2.94824
0.259667
0.478482
0.457875
0.223915
0.258026
0.41338
0.629644
0.624502
0.642189
1.06484
4.0845
3.90793
0.237703
2.16478
0.360298
1.36322
3.10514
0.335367
3.91298
2.00316
0.34984
2.79828
0.481658
3.10927
2.34932
0.496981
0.346409
0.325938
0.557738
0.331964
0.350148
0.274847
0.535978
2.78341
0.326884
0.510021
0.357198
0.211264
0.473945
0.558999
0.577915
3.06663
0.984989
1.89327
0.310031
0.396323
0.330633
3.98754
3.81485
3.6374
0.331354
1.10542
0.490116
0.34774
2.50956
0.47902
0.485401
4.90472
3.80857
2.06953
0.427461
0.281264
0.396833
0.307012
0.499602
3.69979
3.87981
0.33232
3.34224
0.449868
0.571684
3.90607
0.450653
4.40786
2.64758
0.649559
2.21164
0.161614
0.376472
0.188501
0.500816
0.372167
3.7764
0.412814
2.86831
1.98684
4.74338
0.266256
3.72057
1.6934
1.75457
0.251413
2.20712
1.2383
0.634605
3.09874
3.0683
3.99007
0.301212
0.349051
0.499872
0.367839
0.219377
0.390636
0.563255
0.299025
0.301016
1.97267
0.3695
0.202253
2.29632
0.920476
0.581455
0.334283
0.540962
0.580103
0.379118
1.31204
0.513169
0.499614
0.484645
0.349074
3.76658
2.34035
0.30483
3.55116
0.572747
0.652283
0.690277
0.264237
0.49083
3.49225
1.36437
4.09461
0.528545
5.30277
4.04851
0.489375
0.753378
0.568267
0.171476
0.46892
0.597396
0.351053
4.02183
0.514848
4.70146
1.9878
3.42077
0.544803
3.04083
0.398343
2.77113
0.588666
2.9183
1.91547
0.582711
1.42073
3.19104
3.90615
0.222221
0.412682
3.64973
0.312933
1.82418
0.514735
0.666628
3.93812
0.205459
2.509
0.594079
0.748155
2.24952
2.19483
0.746133
4.26843
0.358257
0.401275
0.493444
0.338339
0.491513
0.497567
0.317637
0.512045
0.346018
0.622595
4.66254
0.430607
0.560784
0.213177
0.272045
4.2257
1.0159
3.48966
0.811087
0.147213
0.342036
0.762297
0.153523
2.31568
0.276127
0.584665
0.500673
0.565085
0.567748
3.71184
3.79423
0.536836
0.292974
0.341102
0.391371
0.645713
0.938572
0.576851
0.430643
3.17769
0.258885
3.36657
4.71873
0.529424
2.0736
0.68847
0.352037
0.454736
0.573484
0.396702
0.554029
0.543008
0.152285
3.07672
3.08606
0.597775
0.6051
0.593615
1.176
0.322252
1.86822
0.321096
0.609099
3.05113
0.399263
1.73149
3.68394
0.297274
0.474872
0.3552
1.06285
2.12147
4.12025
0.740656
2.68439
2.09231
0.107125
0.584319
0.377757
3.38404
0.898185
0.379386
0.44601
0.532294
0.448273
0.384252
3.15775
4.09922
2.2049
0.353576
0.340158
0.328526
1.69903
2.46929
1.58209
0.15143
0.386837
0.374199
5.23195
0.620132
1.00201
5.54744
0.64668
4.29678
0.647966
1.0621
2.32364
0.667146
0.558904
5.28427
0.490446
4.05917
0.279747
0.083373
0.327215
0.487501
2.98458
0.363497
0.254341
1.99642
0.378815
0.476424
0.335817
0.592484
0.293825
0.264582
5.84336
1.40976
0.588436
4.01388
0.364741
0.48847
0.410094
0.580255
0.644831
0.605165
4.95021
0.123273
0.557145
0.659505
0.308259
0.813935
0.532749
0.175071
1.75595
0.355318
0.578277
0.778674
0.621901
0.92062
0.541486
0.27557
0.63217
0.665529
1.96904
1.76608
0.599101
0.494613
1.9796
0.55226
3.32547
0.512808
2.45705
4.27722
0.631285
0.57981
2.56155
0.311688
1.43244
0.282063
0.440735
0.277188
3.50618
2.95324
4.06537
0.148698
0.473231
0.387879
0.461214
3.81586
1.72549
0.44199
0.628668
0.676347
0.28119
0.11566
0.0873758
2.15923
0.559245
0.360435
0.312801
0.647808
0.483023
0.586955
0.673327
1.18813
0.235275
0.491824
0.310698
0.588951
0.57591
0.319909
2.05697
0.322557
0.322404
5.75423
1.10622
0.347542
0.744508
0.199509
0.725494
4.01585
2.04249
1.27541
0.274672
0.383592
2.89931
0.29942
0.382746
2.38701
2.10721
0.272619
0.578206
0.70474
3.73554
1.42255
1.79566
0.367847
3.29377
0.542643
0.266481
0.772553
0.345006
0.0171533
0.494127
0.514042
0.361908
0.375501
3.21267
0.688425
0.588429
0.506262
0.89515
0.527188
0.0198338
0.562379
0.447535
0.478689
0.509533
2.45816
0.333505
1.04721
0.513283
0.405296
0.289589
0.521449
1.19692
1.11633
0.598752
0.530532
0.591625
1.14585
0.404351
0.875842
1.97308
0.437063
0.301005
0.551725
2.84627
5.30322
0.388393
2.5111
0.819221
0.423295
0.000423389
1.65555
0.362254
0.832789
0.408566
0.595216
4.15941
0.433769
0.11573
0.538764
0.365117
3.95977
0.34658
0.0126799
0.359751
0.542826
0.595491
0.285323
0.378194
3.72274
0.589532
1.01988
4.30762
0.635149
0.458013
5.13418
0.662413
1.04205
0.555357
0.696619
0.38418
3.76698
0.125273
0.559064
0.445604
0.32176
0.378939
0.422623
0.149219
3.49754
0.621308
0.701351
5.32029
0.463655
0.368623
0.522522
0.594269
0.60707
0.588131
0.242582
0.181561
0.325909
3.56283
0.484321
0.379867
3.33303
0.145562
0.136739
0.379303
1.70341
0.311967
0.474834
0.501785
0.224721
0.364414
1.04486
0.9482
0.719724
0.250224
0.281187
0.442735
2.61315
0.302237
0.66317
0.586314
0.428191
2.0016
2.88032
0.743946
0.142917
0.518367
0.559639
0.764427
0.323869
0.854156
0.290528
1.22966
0.672538
0.464884
0.333036
0.377082
0.635624
0.681323
0.454808
0.426569
0.354023
0.576006
0.577029
0.533674
0.366983
1.94835
2.47378
0.418111
0.697894
0.542087
1.04975
2.11166
0.401391
0.593129
0.58837
0.349275
0.28653
0.607826
0.504877
0.667323
0.459832
0.597257
0.487293
0.56562
3.47057
2.46147
2.1256
0.560069
1.79709
0.291426
0.397796
0.636337
0.409704
2.79855
0.443913
1.06828
0.38957
4.27886
1.34869
1.2293
0.0855453
3.37976
0.2582
2.0045
0.487444
0.569065
0.44497
0.678594
0.494007
3.51268
0.276512
3.11555
0.64805
1.52991
0.211588
2.31319
0.49842
0.501264
0.245145
0.663927
0.680295
0.358111
1.13355
0.593193
2.1566
0.263333
0.679787
1.58656
0.523748
0.324069
2.09704
0.587687
0.58166
2.84225
2.98912
1.78355
0.561864
0.576349
4.14588
0.472605
2.85947
0.342791
1.74259
2.46557
0.518883
0.435264
0.700632
0.635134
0.481399
4.22506
0.283477
2.42702
3.57173
3.86873
2.28433
0.291239
2.3821
0.67589
1.22607
0.585566
1.18526
2.82635
1.69751
3.12789
0.509479
0.457917
0.580019
0.617547
1.91313
0.535399
0.468346
0.126923
2.01499
0.670886
3.66928
0.661735
0.27626
2.22843
1.04451
0.712198
1.27427
0.580489
0.509123
0.529352
0.534308
0.302891
1.98426
1.3191
3.65183
0.394247
0.294993
0.384103
0.662667
0.163014
2.90555
2.23883
0.387339
0.389392
3.637
0.480958
2.39099
2.73241
1.04489
3.65227
4.2778
3.62582
0.587029
2.91786
2.43709
0.424355
5.3816
2.05806
1.93858
3.12288
0.480629
5.32235
0.577605
0.463025
0.593186
0.555
0.27815
0.287082
0.326915
3.96333
0.372163
3.64764
1.29979
0.416339
0.530215
0.22829
0.478705
2.07816
2.71817
0.611313
0.555767
0.628516
0.306869
1.42563
0.351554
0.428134
0.279934
2.77633
0.406515
0.167642
0.944119
0.988895
0.371323
0.545236
5.50138
0.867582
1.41243
0.973426
0.383508
0.655587
0.324968
0.36129
0.590332
0.508242
1.66025
0.313557
3.64266
3.08174
0.659836
0.323699
5.61576
3.1737
0.13123
0.380452
0.751295
0.489968
2.92146
0.533627
0.483303
0.633714
4.23626
0.552933
0.298958
0.584985
5.43544
0.511739
0.285413
0.612902
0.453936
0.29268
0.57402
0.576113
0.507879
0.343682
0.503696
0.536348
0.608273
5.23973
2.14313
2.8942
0.0746122
0.54219
0.541424
0.661429
0.0139838
0.264815
0.283242
0.704794
0.426352
0.359733
1.50512
4.34948
0.628657
0.406766
0.506056
0.474411
0.328833
0.25935
0.365498
0.559374
0.709847
0.512802
0.469459
0.00373744
1.74454
3.10435
0.463019
0.65191
0.352723
0.635584
3.78021
3.2091
2.71366
0.500225
0.286195
1.93116
0.250608
0.578673
0.655335
0.467826
0.252978
0.357274
0.318457
0.256805
0.0863373
0.536422
0.998615
0.608199
2.08932
0.265721
0.444663
0.158687
2.81873
0.327109
0.489706
0.379211
0.670665
2.29739
0.269257
2.16138
1.23759
4.47999
0.530618
1.37955
0.367511
3.02715
0.274618
0.252009
4.97964
0.448522
2.92092
2.08532
0.995605
2.54032
3.51959
0.289209
0.577425
0.576281
0.584353
0.884125
0.316932
0.679054
0.514204
0.476033
0.634613
0.608449
0.515557
0.183521
0.575457
0.539517
0.405298
0.27592
3.29987
2.26598
0.481142
0.640426
5.51589
4.10735
1.09336
0.403209
1.90359
0.509432
0.490481
0.414924
0.490577
0.509004
2.52244
0.667112
1.14541
1.45337
0.589491
0.242994
0.379844
0.0432203
0.0746166
0.286783
3.70602
0.325312
0.35927
0.87379
0.566396
0.317891
0.337342
0.467121
0.930037
2.50129
4.18535
1.98306
0.565605
0.547167
0.19689
0.279194
0.580576
0.578406
0.151804
0.724266
0.52153
1.51351
0.458986
0.356581
0.224872
0.368387
0.0716686
1.41778
0.518919
0.411818
0.418004
0.638395
3.44581
0.585091
0.467543
1.73428
1.20707
0.362311
2.27316
0.677922
0.646005
0.648942
2.35544
1.08977
0.0798349
0.00910407
0.34121
3.90951
2.04664
4.25584
3.57078
2.09472
0.257925
0.647694
2.27427
0.769523
0.550947
0.4949
0.774555
3.35262
0.307157
0.277326
0.185168
0.313342
0.489128
0.40723
0.50364
0.66999
2.3961
0.258544
0.570491
0.61249
0.109299
0.325888
0.375409
0.561141
0.632073
0.487867
0.488988
0.472329
0.31721
0.653634
0.604488
0.370748
0.365807
0.0115691
0.569879
0.251811
0.610267
0.292226
4.22491
0.511464
0.568069
0.539281
3.34751
0.650789
4.97853
0.383946
5.07735
0.232663
0.342791
0.266448
0.489407
0.322649
0.505563
0.483319
0.185833
0.130887
2.79047
0.624799
0.623284
3.00458
0.195929
0.602787
0.126634
0.435081
0.00614406
0.495955
4.11708
5.03125
2.59313
4.16903
0.474879
1.10257
0.517883
0.433285
0.622153
0.0334342
0.00822589
0.283791
0.546666
2.01011
0.455075
0.547759
4.20332
0.32737
0.655826
0.47579
0.662726
0.248208
0.663012
0.555447
0.461167
0.405289
1.59426
2.21423
0.0841776
0.867686
0.395324
0.637402
0.751388
1.5959
0.343181
3.48552
0.649581
0.176895
0.386589
0.182945
0.32335
0.398532
0.644712
0.394519
0.34403
0.922055
0.281197
0.665882
0.27276
0.485451
0.491686
2.35248
0.474631
0.682214
0.896964
0.585129
0.27136
1.66517
0.418627
3.76256
0.475588
2.14284
0.934644
0.499972
4.04829
0.971503
0.573128
2.71439
0.318177
0.644789
0.234662
0.274173
1.60401
0.470821
0.370656
0.483798
1.31528
0.302705
0.481325
3.81751
0.61844
1.42029
0.670495
0.46958
0.479246
1.87746
0.44429
1.60016
0.293234
0.588213
0.667933
0.494095
3.42839
0.0270935
0.00988865
0.523679
2.44856
0.295161
4.0289
0.368705
0.451637
0.251126
0.534511
0.412448
3.93809
0.329756
0.659939
0.501432
0.628048
3.02936
0.638852
0.486231
0.543935
0.500058
0.409383
0.774766
0.484513
0.552865
0.540594
2.5933
5.12307
3.68331
0.339508
0.659785
0.594532
0.497257
0.819263
0.463475
0.414933
1.71381
0.517409
1.58744
0.664655
0.28475
0.427458
0.393554
0.338641
5.104
0.362841
0.412319
0.473297
0.650501
0.629401
0.51798
3.68382
0.666851
2.14017
0.144142
0.665405
0.615952
0.423098
2.5353
0.359672
2.2864
0.169989
1.61176
1.04162
0.54173
0.523899
0.483017
0.640423
0.488055
5.15493
5.40252
4.39607
3.89735
0.33554
0.376609
0.66331
0.475919
0.267705
3.48372
0.642363
0.560962
3.41424
0.240565
1.56724
1.74908
0.643225
1.47391
1.94008
0.639203
0.470427
0.577835
0.621577
1.79966
4.92785
0.371091
0.526825
0.572605
4.35234
3.54132
0.413852
1.32936
0.467851
0.667536
3.39646
2.35544
0.542674
0.420264
0.525842
0.874357
0.40175
0.396585
0.382973
0.243745
0.654204
2.96365
0.529435
0.573827
0.606226
3.32005
0.493753
0.417922
0.668374
0.655347
0.234509
1.65039
2.21606
0.566465
2.80481
0.398435
0.338126
0.473184
1.19232
0.288958
0.517465
3.12381
4.93234
0.439275
1.43796
0.326273
0.506832
2.22078
0.660591
0.668718
0.321741
0.468432
4.02193
4.64486
0.432487
3.30753
0.46718
0.666767
0.260262
0.598981
1.88234
0.587387
3.07498
4.30708
0.619583
0.517638
0.657363
0.388049
3.097
0.465548
0.488581
0.837779
0.391606
0.272032
0.486979
0.210607
0.388017
0.93277
1.79247
0.217374
2.94882
0.219005
0.359134
0.569005
0.790994
0.170082
0.548916
1.59398
1.57398
3.4482
0.670147
0.524897
2.84633
0.227115
0.491533
0.612146
0.396958
0.377753
0.282218
0.499703
0.0808613
0.490339
0.557406
0.486059
0.547408
0.484835
2.6195
0.675385
0.463653
0.581182
1.01894
0.270567
0.223099
0.580018
0.329276
0.636208
1.43209
0.560499
0.489796
0.656467
0.525449
0.254381
0.378843
2.17769
0.174923
0.453862
0.492672
3.57147
5.272
4.18155
0.361278
0.208038
0.537138
0.95679
0.763201
0.605659
4.50143
5.25414
0.635509
5.34206
0.487721
0.361091
0.453821
0.670071
0.468234
0.324559
0.368847
0.323894
0.669873
0.658004
0.566757
0.9077
2.25794
0.658242
3.19035
0.387499
0.435683
2.15627
0.454097
0.781863
0.49864
1.09674
0.560977
0.631548
0.484851
2.26769
1.74594
2.8836
0.336756
0.276593
0.343365
0.485316
0.502307
0.79822
0.450455
0.634873
2.72287
0.580374
0.286087
0.656006
3.46549
0.300283
0.610608
0.163351
1.15264
1.56446
0.157212
0.664708
0.594496
0.430171
0.495881
0.444705
0.380575
0.274677
3.6466
2.16428
0.63031
0.4489
3.6457
4.12069
0.478845
0.510543
0.598299
0.473584
0.551442
0.602814
0.305065
0.177822
0.666509
0.213133
0.95075
0.463595
0.498862
0.18187
0.476155
0.532947
0.88948
0.549742
0.486781
0.538849
0.464857
4.73985
0.505675
3.58735
3.5887
0.574303
0.52378
4.37838
0.293801
0.614333
0.149001
0.647096
0.467516
0.57011
0.534168
4.62994
1.50107
0.583139
0.83317
1.22435
0.908379
1.03034
2.06034
0.309955
0.149205
1.10053
0.451479
0.937805
2.21028
0.313789
0.668619
2.55212
2.35309
0.541256
3.88607
0.353551
0.443232
0.322856
0.650448
0.823427
0.428374
0.31609
0.342628
3.52761
1.36209
0.561331
0.552023
0.656054
0.46026
0.652805
0.627078
0.814715
0.467682
0.574028
0.661282
0.469391
1.33298
3.59223
0.477277
0.388237
3.57287
0.332973
0.56676
0.523498
0.779264
2.05771
0.536679
0.311418
0.512914
0.500959
0.452167
1.92226
0.465346
0.633406
0.935755
0.480549
0.663403
5.00052
0.61533
0.51995
1.4611
3.83217
0.796144
0.926975
1.98663
1.89429
3.33092
3.9743
0.178445
0.650754
0.531429
0.218076
0.507231
2.81783
0.47376
0.599837
0.587627
0.320119
1.90133
4.2108
1.24295
0.533769
0.136612
0.286801
0.326481
4.72457
1.43891
0.13178
0.604785
0.204517
1.04695
0.526773
0.527871
0.350169
0.941391
1.55957
4.26824
0.369336
0.52137
0.269311
0.601012
0.472658
0.417249
0.453998
0.770641
0.638332
0.125494
1.29342
2.23696
2.9709
3.77984
0.187193
2.0985
0.371053
2.02081
0.356403
0.33782
1.95491
0.592009
0.391781
0.522576
1.14539
0.301474
1.87122
0.475076
0.478234
0.484537
3.25296
2.19474
0.420153
0.336841
0.678761
0.317276
5.50861
2.82655
2.12362
0.644104
0.280155
1.83259
0.276311
2.21598
0.389453
0.413724
2.52427
0.586904
0.534881
0.545979
4.58106
1.19644
0.588414
0.479613
1.96236
2.48387
0.399815
2.2977
0.484311
1.61627
3.70944
0.617082
0.598769
4.13752
0.533218
0.557768
0.463042
0.270953
0.455819
0.424562
0.659983
1.3005
0.389536
0.118178
0.298283
0.50628
4.20414
0.34342
0.561319
0.580116
0.655774
2.22026
0.459271
0.423714
0.491929
2.35247
2.4374
0.543642
0.582326
0.780379
0.363967
0.347737
0.452118
0.300245
0.749246
0.383098
0.552157
0.449179
0.396907
0.397147
0.289201
0.432315
2.01901
0.459226
1.2831
0.489856
0.453
0.445048
0.526537
0.500519
3.57136
3.71679
0.412725
2.74487
0.394614
0.616116
0.555163
2.22637
0.542902
0.471547
0.449083
2.08607
0.559069
0.62283
0.275902
0.582741
0.409812
4.30385
0.519257
0.525418
0.328048
3.66034
5.01632
2.43575
0.496215
0.58703
0.300519
2.0011
0.447743
4.89811
0.635893
0.310544
3.55457
5.49322
0.476676
0.571222
0.11408
0.38452
0.421376
0.370976
0.574799
2.41742
0.409947
1.40256
0.517473
0.658949
0.381342
0.548397
0.474582
0.236946
0.515248
0.617404
3.08409
0.316844
0.406885
0.467861
0.181314
0.417601
0.362807
0.667642
0.498894
0.299725
0.61909
0.500186
2.05869
0.864988
0.630964
0.537215
0.65628
0.408063
0.579788
0.339676
0.401763
0.669258
0.228996
1.85048
0.59233
0.362792
0.513744
1.59367
0.543358
4.98945
2.25621
0.417361
0.554946
0.411981
2.46208
0.471746
0.477904
2.32597
0.0629782
0.311413
2.93394
0.597095
0.453523
0.197146
0.404326
0.442157
0.406567
0.965929
0.288234
0.449608
0.534672
0.453507
0.2154
0.480016
0.408394
2.37629
0.599618
0.463984
0.770446
0.452358
0.399989
2.53772
1.2955
0.193351
0.522598
0.301471
4.30568
0.482792
0.442944
0.66264
2.33857
0.457547
0.524124
0.557859
0.655228
0.438874
1.39617
0.342569
0.380875
0.468086
0.326679
3.6997
0.932274
0.666557
0.10896
5.16179
2.80211
0.382711
4.66868
1.0289
0.466941
0.947963
0.991487
0.547923
0.775295
0.485023
0.440188
0.579506
0.199904
0.457667
1.4107
3.25876
0.349208
2.66477
0.481059
0.55809
0.516635
0.391543
0.665566
0.288237
0.350878
0.580424
0.622383
0.52846
0.522993
3.01659
0.571231
0.612976
0.605992
0.435599
4.21784
0.333645
0.587262
4.27834
0.653326
0.188522
0.466233
0.463946
0.60871
0.440822
0.312205
1.43514
0.295769
0.447327
0.515622
0.412433
0.423779
0.540968
0.644282
1.91799
0.32866
0.424843
0.351619
0.634396
0.668918
0.350944
0.395569
0.172311
0.452554
0.361763
3.15912
0.59383
3.05678
0.370278
0.669936
2.61043
1.81395
0.894473
0.636259
0.596073
3.2038
1.08144
0.613639
0.750287
0.921688
0.865111
0.397289
0.557172
4.92501
1.60173
0.30243
4.75855
0.522734
0.518851
0.566508
2.05483
0.513574
3.05283
2.95908
0.156217
0.637738
0.537253
0.581534
1.30552
0.29651
0.539462
0.529843
3.28839
0.281673
0.375723
2.22582
0.462341
0.884805
3.26474
5.47486
0.577502
0.713571
0.505509
3.51708
0.349781
2.40813
0.412205
0.444296
4.18132
2.43091
0.416268
0.31763
0.260209
2.04191
0.491069
0.616598
0.815236
2.276
0.525174
0.500338
0.57226
0.365086
0.466028
0.549132
0.204096
1.83029
0.524767
0.734459
0.235321
0.675859
3.066
2.60135
1.2879
0.805198
0.274966
0.559094
2.45101
1.84444
3.40992
0.36753
0.578286
0.636856
0.283137
0.23919
0.547797
0.50588
0.607556
0.575773
3.89392
0.401789
1.21935
1.46057
0.257821
0.5652
0.336362
3.79803
0.313315
2.52526
0.642657
0.355783
0.47236
0.89046
0.568979
2.82616
0.523471
0.343674
0.541674
0.710447
3.77041
0.867017
0.460073
0.531565
5.30948
0.0887
0.378886
2.23784
0.415031
1.11811
0.425802
0.298023
0.374482
0.52321
2.97932
1.3232
0.48227
0.338896
0.349164
0.49882
0.32164
3.99062
0.385756
0.32846
0.714828
0.361173
0.473983
0.254964
0.581435
0.491731
0.186078
2.51699
0.318076
0.453475
0.542756
0.613914
0.520461
0.460084
0.571016
5.21687
0.360292
0.343045
0.384345
0.34505
0.582784
0.367605
0.409087
0.352252
0.43405
4.82832
0.476292
0.637521
1.48187
0.808016
0.521757
4.30404
0.310926
2.11429
0.0406083
5.47039
0.305641
0.155037
0.657184
0.746765
0.295147
0.798605
0.651975
3.34907
0.454018
0.668964
0.193053
0.527031
0.282381
2.17752
0.153766
0.378194
4.39514
0.302879
0.124239
0.267677
0.168231
3.57029
0.514511
0.616386
0.344941
2.35412
4.35844
3.49379
0.470088
0.448855
0.312336
0.110996
0.39197
0.495418
1.17706
4.37103
0.510708
0.422427
3.63456
4.39573
0.301119
0.571264
3.65481
0.401116
2.86979
0.397328
3.33649
0.636895
5.36437
0.541946
0.391631
5.31851
2.62013
0.650697
0.271439
0.317255
2.82292
0.62181
0.294557
0.32857
0.411794
0.523977
0.376256
1.69471
0.332117
0.558282
0.314911
0.609877
0.992989
0.524275
0.345782
1.13285
0.586946
3.89108
0.517989
0.0936957
0.495066
0.594264
0.522431
3.70353
4.71844
1.34336
4.88081
0.567891
0.285879
2.91532
0.317582
4.30173
0.495966
4.13839
0.82933
0.421834
0.618476
2.16117
0.622101
0.504636
0.559994
0.89952
2.31994
0.466269
0.636305
1.3228
3.21119
0.308665
0.486998
0.479392
0.468835
0.532748
0.57979
0.374058
0.308277
0.41195
0.331732
0.656212
0.332533
1.68488
0.431703
0.428214
0.402176
0.582629
0.216421
2.87147
1.3338
0.433172
2.40356
0.632275
0.30538
4.44197
0.299705
0.424076
1.6045
0.280676
0.66082
0.574101
2.0779
1.62455
0.646642
1.89286
0.647217
0.129876
0.651262
0.170316
0.605398
0.171563
0.151249
1.22329
3.64425
2.08169
0.573454
0.427804
0.294061
0.0470707
1.45795
1.5497
0.383698
0.482588
5.3445
0.62839
0.326525
1.86433
0.542653
4.36987
0.750716
0.767679
0.26999
0.210725
2.07798
0.344334
3.72208
2.36292
0.687548
0.546685
0.305232
0.636015
2.14006
0.523139
0.439786
2.50995
0.557577
2.27866
0.456742
0.652695
0.589569
0.632382
0.514942
0.159842
0.584322
2.7996
0.280267
3.20196
0.554569
0.541573
3.14409
0.582528
0.632018
0.588659
0.560823
0.55788
1.36124
2.04113
0.596941
0.400536
0.726523
3.35135
0.303048
0.585543
0.575223
0.586628
5.27803
0.504681
0.310947
0.33861
1.54972
0.191403
1.73082
0.647108
0.574708
4.05707
3.81789
0.614168
1.28373
0.653923
0.572637
0.592772
2.04595
2.25615
2.51956
0.479507
0.361272
0.867837
0.610935
5.22388
0.499196
0.791805
0.713488
0.619589
0.304265
3.27327
0.61055
0.527135
0.23055
1.13756
0.507268
0.536
0.784177
0.793189
0.40745
0.506505
0.584522
0.37617
0.406452
1.17072
0.227768
1.58555
5.35362
0.750534
0.633102
0.475179
0.304987
1.42927
0.595162
0.221089
0.276945
1.99275
0.201714
0.196534
0.89411
0.204629
0.239444
0.431734
0.319088
0.213928
5.31735
0.249025
0.114493
2.35931
0.60708
0.466608
0.523505
0.509605
0.338759
0.892782
0.59305
2.50961
0.524003
0.555769
0.503799
3.20991
0.567448
0.675256
0.207457
0.294794
1.12177
0.286611
0.407653
0.378461
1.6251
1.42954
0.439362
0.181817
0.555464
0.64462
1.81429
0.261332
0.296166
0.456447
1.69319
0.567472
3.09158
2.56207
0.823429
0.623756
0.614849
2.61716
1.86611
0.250133
0.104983
0.332065
0.39636
0.236746
0.502512
3.24229
3.07952
0.543893
0.581345
0.545548
0.556561
0.571041
1.09989
1.45778
0.226769
2.31124
2.24499
0.530814
0.44339
4.12067
0.497921
2.08626
0.236842
0.26968
0.682982
0.428667
0.189736
0.686437
0.510614
0.433536
0.50686
0.50157
1.52165
0.385937
0.396433
3.85079
0.380807
0.338564
0.560563
0.590505
0.452801
0.210925
0.570255
0.490425
0.362911
0.225721
2.43228
0.23541
0.608246
0.651295
0.501392
1.57208
0.162321
0.392868
2.36771
0.668919
0.607847
3.59795
0.67301
2.07424
0.600759
0.410329
2.39403
1.81019
0.492531
0.594681
0.60482
0.657487
0.575178
0.546669
0.439605
0.654644
0.487486
0.465808
0.386629
0.402943
0.286925
2.07473
0.340391
0.323191
0.813348
0.612202
0.595068
0.571989
0.581474
0.308049
0.160816
0.954437
0.199616
0.442426
0.30486
0.267092
0.459416
0.64429
0.426806
0.487682
1.48629
2.4359
0.565099
0.950796
0.571203
2.97534
0.554559
0.635725
0.596329
0.246771
0.600511
1.3091
0.581576
0.489301
0.519524
0.333058
0.360753
0.628481
0.198236
0.19338
0.433479
0.489324
1.2691
0.477746
0.584725
0.316133
0.524656
0.377914
2.86981
0.707267
0.381678
0.47236
0.330997
0.75371
0.380413
0.737463
0.194779
2.8422
4.91618
1.43924
0.508517
0.922308
0.281908
0.584434
3.8179
1.23684
3.82256
1.2015
0.294088
0.307182
2.76748
2.72145
1.19332
2.17344
0.267162
0.187374
0.454108
2.01066
0.154451
0.629485
0.454568
1.06255
1.05219
0.566769
0.467416
3.76092
0.654878
1.85998
4.82908
0.552656
0.594958
1.90331
0.187397
0.511427
0.57104
0.592683
4.18714
0.491111
0.281168
1.83995
0.318756
3.69123
1.59085
0.783288
4.72361
5.21869
0.477349
2.76885
0.701797
2.19954
0.577251
0.623492
0.374408
0.145416
5.30459
0.391673
0.549459
0.270036
0.363231
0.563676
0.305891
0.606906
0.393328
4.2746
0.42932
3.87288
0.478878
0.298615
4.17668
0.343953
0.356227
1.22994
4.24567
3.40449
2.42117
0.414123
0.599985
0.6416
0.701888
2.2636
0.49287
0.295774
0.423766
0.431879
0.458441
0.399611
0.434775
0.127767
0.544679
0.243716
3.51604
0.095593
2.75839
0.598938
0.313625
0.485626
0.613675
0.53992
0.404339
0.399396
2.17047
0.359269
0.405209
0.218049
1.24389
0.642679
0.65629
0.504156
0.577358
0.588643
0.258665
0.24961
3.79344
0.687913
0.351797
3.21653
0.191425
0.798417
0.368645
0.562276
0.608544
1.29041
0.328501
5.3735
0.497474
0.849385
0.302859
0.472146
0.420504
0.430627
0.160826
3.16416
3.26366
0.164136
0.502008
3.10127
0.302663
0.430096
1.61422
0.569844
0.382859
1.19621
0.601154
0.768667
0.171996
2.2085
0.292072
0.643748
0.426449
2.63829
0.341058
0.590089
0.426724
0.829491
0.166177
1.53218
0.200813
3.12205
0.329181
0.308125
0.484562
4.68409
2.36561
0.706361
4.71038
0.724973
0.429397
0.22636
0.488919
0.357271
0.41081
0.524955
1.89012
3.63603
0.402113
0.932104
0.534198
1.75492
0.128262
1.78822
0.387618
0.714598
0.636495
1.17408
2.52337
0.551696
0.17854
5.32809
3.44769
0.27337
0.487484
0.662663
0.328127
5.23752
0.510809
1.86266
0.37367
1.21893
2.31135
0.285146
0.231725
2.32229
0.601628
1.13457
1.5499
0.249566
2.65562
0.334567
0.549149
3.01084
0.196785
0.351228
0.677135
5.39699
0.16159
0.412399
1.25934
0.222473
5.28848
0.438122
0.688489
0.375107
3.07466
2.35276
0.549425
0.916185
0.707852
0.162583
3.36376
2.48478
0.215979
3.6121
3.26645
4.95629
0.509717
1.69189
1.01059
0.574473
0.466872
1.25046
0.61491
0.549388
3.23259
1.68034
0.409713
2.13378
0.360987
0.335479
4.48638
0.20845
0.682329
0.19389
1.65468
0.5907
0.342301
2.63978
0.307979
0.187205
2.12288
0.414907
2.92798
4.14975
0.135894
0.278124
0.703928
0.266638
0.62063
0.479019
1.40308
0.336826
0.147667
0.79447
0.642562
0.459847
0.580106
0.219898
0.160462
4.40336
3.97205
0.666085
0.388918
0.284928
0.432164
0.699124
4.2983
3.39997
0.28671
3.54317
0.427006
0.770672
0.602296
0.623528
4.39229
0.438513
0.577649
0.477661
0.223954
0.337636
0.847329
0.596681
0.271662
0.297007
0.594357
0.686192
0.439012
5.28156
0.521722
4.64927
0.772967
0.698992
0.142056
0.25117
3.85372
5.18571
0.359511
0.702211
0.538056
0.310832
0.231606
0.449892
0.32083
0.352463
0.334113
2.05366
0.505981
3.72133
0.314358
4.10116
1.75788
0.592935
0.597186
0.568277
2.2376
0.574779
1.34454
4.23555
0.541192
0.683575
0.601287
0.255968
0.430567
0.696889
0.720346
0.651679
0.467491
0.179766
0.33029
2.30042
0.734316
5.81519
0.302405
0.351883
0.781009
4.36156
0.870021
3.82845
0.571633
0.321305
0.24132
0.618296
0.451666
0.140283
2.23174
4.11961
0.326967
4.00013
3.4527
1.94106
0.182275
0.185512
3.99356
0.461979
0.256359
0.165027
5.33633
3.07665
0.268748
0.684455
0.444784
2.18155
1.07363
0.58286
0.436093
0.271506
1.59685
4.26217
0.224495
0.455726
0.322342
3.68114
0.659631
4.15538
0.62109
0.292431
0.353579
0.731198
1.49595
0.403216
2.05454
0.74164
0.420432
0.31482
1.0634
4.281
1.69671
3.80452
0.237023
4.05478
0.255444
0.741912
0.382983
0.365436
0.920618
3.42308
0.595009
2.33783
4.54012
3.8925
0.312435
0.284116
0.19852
1.40501
0.180203
0.580306
2.31551
0.172274
0.54809
0.73232
3.66171
1.1037
1.86425
0.117464
0.311143
4.27774
2.38776
5.2525
0.153922
2.5389
0.0865908
0.383487
0.278669
0.754095
0.348892
0.516801
0.432764
0.618554
0.409053
0.153787
0.24527
0.146047
0.889074
1.84553
0.616916
0.425658
0.308422
4.30511
0.539385
0.354371
0.441812
0.710284
5.2905
0.48475
0.552626
4.1222
0.59565
0.220053
0.96121
4.87239
0.329463
3.72297
4.04264
2.29401
0.960212
0.414429
0.595623
2.58898
0.434786
0.285267
2.75839
0.348025
2.37983
0.517412
0.256419
0.555967
0.342467
0.471108
3.33357
4.24509
0.296033
0.115459
4.19969
0.672933
1.02526
0.6703
0.351781
0.212489
5.62178
0.20731
1.07009
0.599296
0.522453
0.672633
3.41967
3.26144
3.25433
0.853561
0.592729
0.172301
1.45127
3.53521
4.93297
0.168395
0.200075
0.397343
0.30097
3.16185
2.30472
0.590539
0.208112
0.52887
0.372277
0.645305
0.582781
0.471048
0.386399
0.444637
0.571014
0.545281
0.211671
0.537814
0.414723
0.601279
0.606338
4.17854
0.219314
0.4023
0.702319
0.476567
0.155123
0.64261
4.0441
0.292621
5.85153
2.81463
4.38288
0.395594
3.45286
0.870495
1.9455
0.567402
0.57198
0.825454
3.64567
0.158342
0.50334
2.2799
0.443805
1.57692
1.51143
1.0332
1.00342
0.314365
1.75874
0.537265
0.918916
0.179292
0.558177
1.32078
4.70953
1.72224
0.423179
2.21407
0.260889
9.54971e-05
1.6505
0.60706
3.01626
2.31941
0.408029
0.258513
0.277055
1.35795
2.51015
0.244796
0.49044
0.291044
0.266292
0.177256
3.15226
0.980235
0.603689
0.250522
0.823917
1.59255
0.297005
0.543765
0.565024
0.12202
0.67206
0.443588
0.542565
0.176561
2.63932
0.533643
0.802441
0.752222
0.550033
0.431186
5.55422
0.549972
3.70305
2.04547
0.423788
0.416247
4.85096
1.96507
3.12265
2.5918
0.618888
0.642993
0.188099
0.521909
0.282059
0.199819
0.495844
0.438799
0.527312
1.08397
4.42926
0.958988
0.89779
0.706135
0.553618
0.594116
4.19393
0.891595
2.66236
0.434626
0.29101
0.438188
2.2607
0.158493
1.26836
0.338068
1.45415
0.452232
2.61473
0.592377
1.02788
0.412521
0.352655
0.16309
1.49185
0.423666
5.19289
2.90319
0.140782
0.595733
5.29218
0.634923
0.533072
1.96798
0.133127
0.423732
1.34152
2.41982
0.557006
0.293885
1.00652
5.46779
2.21116
0.38765
1.92289
0.582408
0.78835
0.196643
1.01356
0.221889
0.55759
0.244718
0.430258
0.743791
1.12324
0.637694
0.530634
0.429133
0.258824
1.32351
0.327242
2.72777
0.217433
5.11713
5.22918
0.355461
0.211678
0.394389
3.82317
2.04624
0.673947
2.5553
0.982403
0.156025
0.393003
0.148832
0.788643
0.428497
1.68206
0.567973
1.12314
3.36784
1.21048
0.50809
0.436656
3.14688
2.30644
0.202096
2.60328
2.80864
0.103911
1.69571
0.346253
0.334164
1.44834
4.94178
0.304175
0.567865
0.597251
1.28982
2.12219
0.189823
0.274122
3.42152
4.72899
0.446642
0.605928
0.590008
4.37435
0.851367
0.456201
0.507199
0.631229
1.35544
5.69891
0.774311
4.1505
5.4348
0.672765
0.454075
1.37199
0.968508
1.85925
5.40226
2.08197
0.352679
0.829011
0.445298
0.333696
3.21956
0.454319
2.19171
0.564233
0.567128
1.60985
2.59916
0.540985
0.275429
0.199986
0.623108
0.664934
0.155449
0.366591
5.33749
0.532665
1.03503
0.154949
2.62
0.660641
0.222493
0.329305
0.268638
1.82855
0.41091
0.76842
0.833127
0.771849
0.905255
5.31972
2.2057
0.423996
5.3679
0.263954
4.56344
2.0026
1.20694
2.38377
3.95233
0.657956
0.904088
0.241206
0.571327
0.0744185
0.2533
2.80934
0.305183
0.503979
1.02363
0.273361
3.18358
0.327751
0.600477
0.228511
4.89814
0.785125
0.409573
0.126905
0.641136
0.548082
0.283251
0.42132
0.379604
0.317971
0.268776
2.55758
0.381381
0.331545
0.193709
1.86084
0.613143
1.07599
4.2747
1.73995
1.02205
0.579236
0.39332
0.235823
0.423263
5.34052
0.177201
0.505018
1.4586
3.18545
0.176759
0.708156
0.301246
0.566415
5.22476
0.42825
0.53778
0.415676
2.79963
0.225419
0.427193
4.47102
0.491204
3.5806
4.81332
0.555728
2.74591
0.746766
0.413164
0.747387
2.03664
0.434096
0.55123
3.00392
0.940074
1.43386
0.195226
0.561855
2.44283
0.210033
0.178876
0.125687
3.93074
0.23042
1.61306
0.784264
0.685211
0.299451
3.86824
0.349554
0.63505
0.569941
0.463629
0.444192
2.37899
0.183368
0.466742
0.38464
0.538778
0.593783
0.313312
0.189975
0.201014
0.441257
0.528437
0.356673
0.320887
0.657545
3.10611
1.14724
2.50139
0.380686
1.00051
5.66896
0.44602
0.729627
0.458293
0.420817
0.365585
0.389589
0.514267
5.1657
5.39433
4.08194
0.277068
2.13891
0.829346
0.573028
0.670805
0.499615
0.471254
0.614461
0.575998
2.07394
2.44572
0.577677
1.00175
1.43592
0.852925
0.680108
0.640386
0.493663
0.256631
0.350042
1.10065
0.358017
0.53684
0.559915
0.828604
0.609856
0.335343
4.56597
1.5324
1.45932
5.84545
3.97523
0.493326
0.507271
0.68365
1.14304
0.303379
0.516538
3.87207
0.354099
0.640382
2.45313
0.547032
0.791507
2.79542
0.601489
1.06846
0.298751
0.527303
3.49675
0.267161
0.249353
3.8142
0.209819
0.610487
0.572673
1.15477
4.65522
1.23865
0.228812
0.204521
0.61973
0.568284
0.380986
0.29991
0.605963
2.38404
0.86557
3.76704
1.88508
1.24498
4.09177
0.688645
3.24095
0.600257
2.14933
1.182
4.28834
3.5682
2.54816
0.244399
2.63726
0.544393
3.6642
1.24634
0.282559
0.402145
0.617542
0.594172
5.19837
0.567187
5.12348
0.212828
2.42244
1.88097
0.597283
1.15946
1.43873
4.06218
3.3591
0.621598
0.544192
4.08505
1.06575
1.5868
0.585041
2.8932
1.84362
1.95757
0.2665
0.256092
0.245322
0.146689
0.202383
0.60246
3.312
0.464105
0.605929
4.03969
3.23712
1.62277
0.246983
3.02907
0.687182
0.386902
4.15885
2.42922
0.322442
3.67236
2.06886
0.32836
0.296011
1.29904
1.32464
0.634671
0.565829
0.25635
2.11506
0.166274
2.38762
0.527854
0.587259
0.198661
4.4492
0.365285
0.322117
5.29306
1.61412
0.142835
0.176052
1.27482
0.937882
4.20137
0.721079
3.54458
0.506505
0.399165
0.349371
3.89958
0.867239
4.83908
2.94638
1.18573
4.09467
0.811018
1.14628
0.292442
0.620345
5.07574
0.154286
2.85754
0.155816
2.41859
0.135349
0.13758
1.92856
0.176209
0.267158
0.425086
0.616635
1.53383
0.30715
4.874
4.16348
0.386496
1.2013
0.5468
1.27694
1.95076
0.66798
1.76086
0.240911
0.171973
0.307291
1.33142
0.166213
4.33705
2.70433
4.97898
0.275167
2.17658
0.49242
1.96039
0.993909
0.646129
0.481886
2.5661
1.78151
5.02138
0.606074
3.43398
0.105286
0.604397
3.82994
5.32694
0.136503
0.384334
0.437454
0.58186
1.09738
0.541392
0.758077
1.14943
0.657618
0.725661
0.435854
4.96066
0.573091
1.18784
0.159863
1.09033
1.81775
0.560698
0.157438
3.80545
2.55112
0.601088
0.512265
1.05477
1.32853
0.556957
1.1881
0.521846
3.65732
0.301055
0.427555
1.34912
0.159568
0.270769
1.02656
0.601424
4.8925
0.393634
4.30545
0.519271
0.63145
5.53796
0.604774
3.51071
0.386829
4.81971
0.960193
0.60757
0.580265
2.38976
4.24939
3.41818
0.228332
0.508003
0.547947
0.269111
0.479795
1.74956
1.75365
0.260022
0.280592
0.566436
0.472207
0.432044
0.885879
0.351688
0.22046
4.45577
4.18904
4.29853
0.288888
0.82671
2.09147
3.2738
0.290753
0.782553
0.250723
2.94645
0.390397
3.14322
0.216449
0.723278
0.506161
1.55607
3.42576
1.90249
4.67983
2.8431
1.213
0.492031
2.40601
0.524322
0.175546
0.693383
0.458493
0.393481
0.443244
1.39216
1.90726
1.58398
0.68291
0.422886
0.288149
0.790565
3.77968
2.02154
0.604944
1.75214
0.233563
0.140073
0.687614
0.300099
3.86171
0.392027
1.68794
0.491895
0.324401
1.44124
0.197947
0.982757
4.09129
5.37346
0.163033
2.60882
2.29191
0.215849
1.85711
2.94091
1.03032
0.693304
0.263798
0.434366
0.299794
0.263129
4.06264
5.21761
1.09709
0.688375
0.561975
0.567901
3.75458
3.51119
0.751081
0.654451
0.500473
0.52567
2.95347
0.298075
0.462217
0.585052
0.329547
0.182505
0.27665
0.549051
1.43099
1.03537
0.422335
2.51609
1.17451
1.67907
0.251004
0.307732
0.19972
1.49295
2.56284
0.962638
0.562709
0.388861
0.685979
0.528552
2.50155
3.57749
0.400439
4.54985
0.497063
2.40611
0.272928
0.256693
1.32311
0.63053
0.664907
0.443267
0.399388
0.237216
0.484635
1.56456
0.180001
3.47635
0.275004
5.82931
0.347617
0.340929
0.626336
2.21576
0.628411
0.38344
1.09401
2.31234
0.50193
5.38542
0.197161
0.543823
5.22927
0.562228
3.42069
0.695256
0.542999
4.24029
0.325602
0.681006
0.238441
0.262478
1.44255
2.28777
2.99343
0.155941
0.0863886
2.96756
2.31136
0.278931
0.341218
4.06866
0.320328
2.23595
0.268879
0.541584
3.62037
3.18954
0.557127
4.70277
2.76857
0.168563
0.705836
0.195827
0.495558
0.420967
0.294607
3.18335
0.168043
1.64516
3.6323
0.671074
0.035901
0.686426
0.512382
0.304973
0.489388
0.22953
1.5864
4.57337
0.511681
0.276681
0.436523
1.54357
2.95981
5.06866
0.561197
4.68917
0.875212
0.424034
0.443459
0.285391
0.148042
5.28337
2.63562
5.10603
0.440645
3.77024
3.21245
3.30531
0.862877
0.531742
2.49793
0.517084
1.77437
0.479891
0.447181
0.399301
0.272917
1.72305
0.42009
0.28451
1.08853
1.08515
3.92123
0.783016
0.491001
0.143543
0.121377
0.343032
0.63099
0.486277
3.87791
0.554275
2.99489
2.7767
1.00365
0.651802
2.31454
0.601237
0.512984
3.30017
4.77364
0.904331
0.192132
2.73545
0.214747
0.701191
0.441193
0.245237
1.24755
2.91446
0.194475
0.901876
5.56952
0.388677
0.125322
1.79319
0.428488
2.06042
0.34657
0.342253
0.335953
0.662472
2.39888
0.176975
0.781348
4.34844
2.12559
0.405788
0.444219
5.62932
0.641188
0.332757
1.43809
0.84196
0.530713
0.523531
0.703523
1.51135
1.2775
0.982046
0.239242
1.35244
0.462025
2.63976
4.53055
0.177135
0.811866
0.564927
0.406781
0.8277
0.312488
0.448323
2.567
2.60941
0.987638
3.06718
0.92438
0.29886
0.559932
0.429368
5.36826
2.2019
2.20732
5.18914
0.282633
0.414833
1.20556
1.00826
5.49458
0.578644
0.218843
0.315284
0.535183
3.09232
0.268774
0.48021
1.81609
0.628484
5.38998
2.64352
0.398111
0.736851
0.541276
0.584462
5.61402
2.72566
2.30357
4.26441
0.331079
0.401707
1.22434
2.39782
0.116388
4.22299
3.21232
4.42936
0.331205
1.55318
2.32511
0.414306
0.459239
0.576058
4.00333
0.561606
0.20703
0.531556
0.0975909
0.910202
0.667765
0.267363
0.389137
0.481316
5.25589
1.99441
5.44144
3.6025
0.383855
0.43321
2.18368
0.318492
0.139215
0.573274
1.03721
0.434375
0.331025
2.5366
0.236903
3.40528
1.5575
0.600891
1.66095
2.63571
0.32738
0.303239
5.34106
0.492086
0.00591462
0.669522
0.252088
0.578997
0.392567
5.3452
4.13645
2.06354
0.531416
2.46422
3.8262
5.52204
1.42237
5.26565
0.606072
0.278476
5.58436
0.592947
2.62073
4.77261
2.73136
0.594164
0.622746
2.42438
0.673974
0.7143
3.44298
0.284288
0.351737
0.410062
0.616772
1.72409
0.396043
0.285028
1.72003
5.08351
1.05501
3.48388
4.27277
0.581138
0.591709
0.713975
0.377145
0.518842
2.56012
1.90987
0.707593
0.200942
0.749981
0.336797
2.13111
0.954667
1.41338
2.44363
0.780149
4.10998
2.37212
5.06176
3.2008
0.555858
1.60677
0.414546
4.8102
2.30275
2.45538
4.41526
5.43112
1.56749
0.827293
0.698735
1.3288
0.618288
0.213514
0.529161
0.954886
1.76092
2.63295
1.11199
0.295961
4.07225
0.595056
1.43622
0.0846441
0.791397
0.274737
0.678288
0.525063
0.586099
0.46818
0.874573
0.643264
0.301121
0.748015
2.06077
0.760733
0.681172
2.05663
1.80861
0.352549
0.169478
1.86155
0.576556
0.489268
2.4352
3.22361
0.780566
0.931631
5.44545
2.63303
0.394842
0.611542
0.334578
0.517274
2.18481
0.617499
0.489711
1.67245
1.74572
2.56134
2.19517
1.45751
4.39729
1.70298
4.63244
0.203488
0.604014
1.378
0.589678
0.507369
0.389803
2.15834
1.97168
1.86713
0.282856
5.31726
5.31367
0.440194
4.86961
2.53946
3.7303
2.77739
1.74667
1.83789
1.66181
0.39422
1.13644
0.52087
1.01376
0.472706
1.61196
2.3053
0.559198
0.615942
0.366868
1.96391
0.595104
2.33567
1.45003
1.90173
2.28295
2.15378
2.25532
2.39448
5.20386
4.03381
0.736333
0.508164
1.99722
2.41143
0.635179
0.44981
0.399063
0.619665
0.46177
5.34964
2.81525
1.02733
0.595944
2.62399
0.549729
1.66591
0.799592
0.593271
0.461502
0.290539
1.92855
5.2547
2.08305
0.704876
3.93448
0.666604
2.23235
0.280463
0.200941
5.70875
0.641337
2.93794
0.505505
0.6261
0.270285
0.647213
0.580297
0.262237
5.14361
0.359547
0.612392
2.03344
2.43483
0.537746
2.56108
0.931263
2.94149
0.787386
1.26932
0.418205
0.661111
0.466278
0.51678
0.567052
0.688366
4.04107
1.02448
0.487829
0.00526911
0.554472
0.707003
0.13568
0.450545
1.54648
0.498817
2.57948
3.34918
1.43048
2.7793
0.420598
0.189538
4.41063
0.662436
0.702313
0.488909
2.2856
0.413625
0.997859
0.0309081
1.53147
0.919233
0.579446
0.348535
4.31095
3.67672
1.26672
0.260418
0.797178
2.43757
0.330909
0.511235
1.84313
1.42262
0.290164
0.257349
0.586658
2.05541
2.22731
0.562368
0.424053
1.25331
0.534871
0.713107
3.83947
5.30196
2.64413
4.78891
0.777402
0.637232
0.6561
0.861772
4.6622
0.30707
0.595792
1.19228
4.11799
0.352491
0.692178
0.44527
2.30243
2.67329
1.74827
3.37753
0.616322
0.588122
3.39726
0.355615
0.704377
0.160458
0.573901
0.275045
0.129851
1.01187
0.427539
0.657422
5.38475
5.44398
0.631011
0.392754
0.162635
0.549002
0.34545
0.620154
0.242499
0.599375
0.972601
0.550314
3.56316
2.43964
0.11832
0.42813
0.165603
2.72563
0.402101
0.622035
2.99553
0.616097
0.858774
5.0969
1.48473
5.49379
0.683676
0.272685
5.47373
2.06945
1.51541
4.19141
0.36591
1.43637
2.9557
0.641172
0.286064
0.550975
4.50818
1.63553
0.312068
0.586317
2.19088
4.32014
2.62397
0.00139459
1.14265
0.184332
0.352975
0.383191
0.558131
0.518686
0.310107
0.475097
0.597268
0.623052
0.18662
0.585675
4.34855
5.30514
0.913617
1.89492
0.240785
0.189912
4.81637
1.54523
4.14872
0.601559
5.43435
0.55944
4.60206
0.798337
0.597831
1.34558
0.57358
0.325963
0.458191
4.92187
0.215145
1.16692
0.53031
1.11874
3.67593
0.739914
0.777398
0.587067
4.27382
0.329758
0.136371
0.618829
0.105936
1.20225
3.50673
0.593579
1.67544
0.163527
2.16782
0.172445
1.85919
0.274728
4.21535
5.56136
0.504174
1.67549
5.04458
0.577771
0.212016
4.2157
1.75873
0.522244
2.80333
3.66799
5.28116
3.7586
0.745664
0.957674
0.662273
5.51947
0.275243
0.750382
0.456726
3.58419
0.556359
0.306677
3.0522
0.687546
0.858798
1.46505
0.332243
1.28156
0.603746
0.119243
0.602999
5.24353
0.871291
0.556699
0.618642
0.282381
0.35256
4.98611
0.818091
1.14358
0.374001
0.265656
0.793764
0.610765
0.593106
1.18323
3.42527
2.6282
1.93418
3.88303
2.49336
0.222049
0.790962
0.26294
3.90292
1.08698
0.103612
0.598326
0.514438
1.33735
0.473853
2.43001
0.484138
2.96368
0.696472
0.326367
0.33003
3.46482
3.37944
4.26797
4.02194
0.674894
3.72871
0.764731
0.653423
3.68451
2.39978
0.5763
3.39491
0.552233
0.623443
2.25263
0.691557
0.209195
0.156401
4.41935
0.168896
0.311226
4.31957
0.216367
0.593369
4.92052
4.17798
0.593882
2.75346
0.0937964
0.40547
0.341706
0.50921
0.512998
0.626632
3.01857
0.191022
0.397808
0.228095
0.760361
2.44414
0.787641
2.43842
0.676562
3.91448
4.47863
0.228502
2.03518
0.555273
3.94653
1.73395
2.3308
2.76186
0.603696
5.10862
0.732766
4.97288
0.594791
0.421665
0.331629
1.44822
0.194681
0.291881
2.8378
0.565971
0.253056
0.553766
3.60844
1.94161
1.68328
1.85644
1.29288
0.772774
0.469952
4.84934
0.931116
4.81879
0.351861
0.304011
2.82811
1.25935
4.72349
2.42907
0.238826
0.280829
0.906913
4.13599
0.230316
3.80946
0.300765
5.30145
0.507636
0.294022
5.38211
0.377375
3.65623
0.315015
0.472346
1.12034
1.16489
1.6712
0.535071
0.571215
2.13675
0.192575
0.598631
0.198108
0.166946
0.52564
1.26403
5.41755
0.793299
5.41614
0.338847
1.08068
0.63242
0.402408
2.08584
2.25717
0.249065
1.53527
0.671479
0.444289
3.70393
0.32159
0.4699
1.64459
2.70958
0.576584
0.36343
0.330989
1.21512
0.796495
0.807185
3.77615
3.77358
1.33836
0.63581
2.0224
1.61735
0.366932
1.34675
0.255823
1.47389
0.393134
4.33914
0.127419
0.608626
1.47816
0.568003
1.02896
1.57986
2.41984
0.306729
0.562608
3.60592
0.616485
5.23902
5.34322
0.452517
0.645044
2.41351
0.338332
1.80954
5.76466
1.38353
0.415716
1.13754
0.2817
0.377405
2.11021
5.30967
5.07426
1.78144
0.35829
0.364053
0.61842
0.558937
1.25328
0.494875
0.845713
0.630192
3.45903
0.374109
3.9095
0.428145
1.58094
5.1361
5.21672
0.444951
2.17599
0.203235
0.404138
0.489489
3.30911
0.606941
2.21593
0.535184
0.59675
0.786595
1.37494
0.470604
0.460444
0.652263
0.548454
0.980342
1.50103
1.44758
0.444811
3.23136
0.467908
5.57194
2.77827
1.52424
5.04456
0.520913
0.667979
1.28838
0.429697
0.457552
0.148869
0.607563
0.274552
0.683852
0.59098
1.82464
3.64479
0.246978
1.74001
5.59795
0.390667
0.343894
0.338137
0.494856
1.39271
3.33049
2.76731
2.34918
5.45593
0.417211
0.674264
0.11718
0.875255
0.872496
4.68315
0.931541
0.509956
1.97868
0.588164
4.23848
2.00853
3.95245
4.71868
0.134396
1.4683
3.19668
1.34522
2.99421
0.28452
1.84512
1.08598
1.40052
0.685231
5.18358
0.613474
0.576345
4.46969
0.534098
1.19103
0.414084
4.67943
5.40914
0.964733
0.417875
0.415861
2.106
0.76081
0.456721
0.581774
4.28983
5.59482
3.30582
0.41975
3.30789
0.308784
5.25131
5.54472
0.72414
3.2259
2.13796
3.81275
2.49576
0.652346
0.0748239
5.08826
0.323231
0.554566
5.42154
0.030465
0.674344
0.624019
3.57945
0.781394
2.87047
1.20074
4.31395
5.37421
4.44449
0.590369
0.310991
0.715097
3.45846
2.30149
0.432828
0.472245
1.25436
4.60677
0.873074
4.21716
0.158802
1.3787
0.685349
0.537564
4.19201
1.15467
0.343056
0.609693
2.08146
0.241512
0.374824
0.396393
3.27778
4.98421
1.26578
0.383087
0.400275
0.751051
0.706721
3.24992
0.560012
0.9094
0.631706
0.626299
0.574432
1.01804
0.764403
2.03454
0.24998
0.458381
4.56448
1.62093
4.52364
0.312262
4.52363
0.595355
0.398265
4.30071
0.458485
2.38653
2.41324
2.27679
1.38857
0.575703
0.570333
4.54671
2.91697
0.637593
1.90639
1.93994
2.80007
0.605129
0.582631
3.9737
1.35613
4.69158
0.661118
1.03384
1.9401
2.27303
0.570806
3.31265
0.413573
1.44515
0.781762
0.586411
0.511803
4.16589
0.711538
1.12999
0.542592
0.792579
0.311584
0.67276
4.85154
0.443754
0.364493
0.159752
5.03332
5.36684
1.14769
2.62018
3.90615
0.406113
2.31587
0.24177
2.51327
5.39352
1.37313
0.462368
1.10239
0.339477
5.27777
3.53849
0.314452
2.31334
1.39061
2.61006
3.02702
0.11422
0.26353
0.646285
0.294415
2.4492
0.240154
4.03289
0.227455
1.1794
3.10302
2.78424
3.65303
0.165971
2.36492
0.581131
1.49348
0.0167444
1.84692
0.657707
1.14288
0.609611
2.57863
5.58786
0.60658
1.85218
0.456114
0.260496
1.90951
2.91719
0.310334
0.471503
5.26779
1.06656
0.378915
0.614894
2.43108
5.42453
5.35494
1.92791
0.594595
0.745309
0.446854
0.781026
4.75262
0.465807
0.784653
0.718986
0.694319
1.53916
0.923708
0.977061
2.71454
1.62487
3.37449
0.760099
0.304974
1.03971
0.146577
4.25319
5.35714
4.61123
2.3455
0.565862
0.285556
4.47159
3.66836
0.123757
0.789277
0.42912
0.253516
1.63306
0.406594
0.474078
4.12472
1.59315
2.18731
3.41212
4.09987
0.411502
2.2004
3.84769
0.52568
0.453757
0.343209
0.707195
3.37937
3.63736
3.23981
1.78542
0.451249
4.18124
2.73862
0.411888
3.78568
1.84171
0.449486
3.04572
0.150555
0.575286
0.654537
0.577444
2.39775
0.779996
1.91289
0.532288
0.454668
0.913079
0.412768
3.49157
0.526395
1.49581
4.23749
0.0940438
0.291708
1.01468
2.39545
5.26714
0.338081
0.858476
0.641563
5.80367
5.44187
0.583522
2.35935
4.58167
0.530382
5.659
4.40162
0.591228
0.678217
0.561888
0.258701
3.9271
5.10734
0.599148
3.23617
5.78031
0.115604
0.378489
1.86385
0.533388
0.420215
2.83311
5.31423
4.99644
2.36703
0.689473
0.602045
1.84806
5.26391
0.411142
2.32643
2.02083
0.480377
0.648784
5.05598
2.47226
0.5026
1.26678
0.414693
1.19255
1.56896
0.561898
3.28823
0.375677
2.38411
1.1334
0.181179
0.677999
0.367721
4.73315
0.786086
0.523519
1.10002
1.74875
0.589718
0.166995
3.86938
0.884061
2.32258
2.77059
0.594784
0.603259
0.83649
3.15086
3.88714
0.679672
0.249675
2.73409
0.313444
0.688616
5.49072
0.348434
3.05257
0.68302
0.608078
4.20165
0.286671
0.599243
0.617114
5.38772
0.681683
0.656551
0.643177
0.574236
2.7111
1.86666
1.43301
1.99814
4.37357
4.32588
0.155592
0.881217
0.24955
0.397614
0.50857
5.57134
2.51165
0.567746
5.05576
4.52488
5.20019
0.717985
0.562792
0.614911
0.33199
1.21454
4.01128
0.233487
4.57719
2.29707
1.76367
0.164265
0.174336
0.579148
4.8065
0.595754
0.2965
5.01315
2.67908
0.59771
5.25686
5.48479
1.74575
0.485365
0.185993
0.458741
2.87891
1.20646
0.602876
0.658264
2.2213
1.03982
5.72047
2.19043
0.576631
1.8584
0.268004
5.40575
1.28343
1.20181
0.600909
0.310214
0.910731
0.695497
0.239923
3.76321
0.502566
0.511298
0.635622
0.273996
0.598846
0.641339
0.293909
0.117098
0.16829
5.24635
4.6181
2.93345
0.913047
2.5372
2.32771
0.512635
3.78112
0.393861
0.261449
0.293043
2.51546
1.06031
2.9768
0.588629
0.549012
1.31625
2.72902
1.06932
1.00598
0.56487
2.52838
5.3153
1.95715
0.255467
2.80534
0.554283
1.88033
0.544534
2.44044
2.82374
3.62617
3.40247
0.285668
0.288897
0.581463
1.01091
0.691232
1.9104
0.726098
0.235496
0.905104
2.38564
0.298691
0.313544
0.771336
4.01863
0.442127
2.88563
0.497728
3.98972
5.47985
4.10883
2.71343
0.732059
0.246475
0.572656
0.979438
0.714932
0.27376
1.99456
3.21958
0.146973
0.628369
0.761451
0.587763
2.97052
2.56372
0.602281
0.880332
1.18928
0.956671
0.580336
0.592464
2.69834
2.80805
4.5988
0.60175
1.71697
4.32302
0.940696
0.57996
0.547996
0.424503
0.27913
0.773004
2.43836
0.912615
1.48342
2.10933
0.595271
0.43539
2.34073
2.35068
0.305236
0.494836
1.60552
0.275514
2.73379
2.42467
0.470959
5.20493
0.475652
2.14829
0.587745
4.75366
4.19326
0.574157
0.573822
0.660055
0.542784
0.62101
0.311195
4.29929
2.23013
0.0744482
0.588096
0.938496
3.96717
0.111238
1.2215
0.610329
1.99358
1.07012
0.348064
3.7574
0.292306
0.503563
0.742876
0.419414
0.512516
0.418302
0.258542
0.247517
1.87478
0.317703
0.595831
0.9241
2.97328
0.715394
5.61631
0.678864
0.37646
2.73542
1.70392
0.456985
0.671028
0.630471
0.807931
2.04196
0.2721
2.32401
1.38348
0.0851599
0.742217
2.88254
2.73928
2.92878
0.651068
5.247
0.569089
0.632927
0.205326
2.44224
0.0891318
4.72978
3.96963
0.976129
2.6554
5.51324
0.778389
0.994576
0.596474
2.9174
0.887312
3.0135
2.22564
1.43474
3.04668
0.509684
2.42648
5.81304
0.0850933
3.2883
2.80207
0.628348
0.352352
0.505095
0.536505
3.75715
0.13433
0.403135
0.445316
5.15293
3.45399
3.79155
4.22789
5.82947
5.37029
3.00325
4.30243
0.574933
0.164139
4.03402
3.39538
5.30578
2.99169
0.159667
0.642503
0.627471
0.654233
5.72734
1.73386
0.547262
0.57094
2.3638
0.677216
0.622214
0.556147
0.407299
0.580218
0.128472
0.627008
0.580034
0.78985
2.01325
1.07854
4.47257
1.89521
2.07261
0.136262
2.44424
4.649
0.689868
1.2374
2.50671
0.682348
0.627497
0.352815
0.264086
1.13119
4.06763
0.434727
0.340486
0.653636
5.68953
0.269428
1.89124
0.520601
0.371549
0.594051
4.20036
3.39415
0.499176
0.325948
0.40968
0.58992
3.3769
0.592151
0.494818
0.642918
0.597829
0.412013
0.505699
4.41286
0.441661
1.082
5.46144
5.40449
0.613944
2.57349
0.252056
1.07145
0.466637
0.429568
0.5043
4.60033
5.3257
1.09705
0.722558
4.66463
5.40938
0.560117
0.0416108
1.00754
0.449945
4.1539
0.534874
0.775155
0.369559
3.12654
0.401161
2.07256
0.288061
0.240728
2.29479
0.521567
2.70748
0.591261
0.742068
0.320392
2.12024
0.56744
0.282358
2.85523
1.01804
0.416172
0.202096
0.364315
0.671891
0.578287
2.77887
0.268378
3.33527
0.533342
0.445021
2.83992
3.32773
0.22909
0.527002
0.662131
4.91101
4.66913
0.601916
0.5221
4.15896
4.61273
2.27454
0.475851
5.32102
1.49541
3.3557
1.3499
0.730771
2.47468
3.32925
5.24402
0.591699
0.168345
2.311
1.89099
0.139705
0.860232
0.651396
0.603471
1.3303
2.43163
1.30099
5.23205
5.36157
5.32386
0.851028
0.341406
5.82336
0.351503
5.78013
3.71823
0.332675
0.16598
5.56172
0.572764
0.715739
0.608258
0.534468
0.135146
0.527531
0.156478
0.0949723
2.59498
0.596056
0.508417
0.442464
0.880798
0.506769
0.25633
0.585001
0.595544
2.13597
2.69626
0.026127
2.09554
3.58694
0.55007
5.29551
0.390638
0.365569
0.560392
0.356539
1.73681
2.46582
2.7256
0.396414
0.624715
3.96322
1.83664
0.85068
0.655456
3.002
0.632769
2.0255
0.597002
0.225953
0.843266
0.446054
0.44632
0.244882
0.553393
0.587074
1.80937
0.252555
0.00442528
5.63907
0.304989
0.305175
5.29839
5.09643
2.38478
0.344596
5.18109
0.371169
3.19208
0.295857
0.670259
5.46541
0.928651
0.148331
0.973996
1.73603
0.492244
0.665627
0.829019
0.563582
5.04279
0.213512
0.110568
0.55729
0.305743
4.11489
0.149258
0.762673
2.42433
0.267523
4.77028
5.42119
1.3916
0.603798
0.44308
0.534172
0.360391
0.85071
0.531634
0.24241
0.377776
2.47294
3.49457
0.276193
0.656963
1.17167
4.15097
4.49352
0.910425
0.587884
5.28806
3.39784
0.142529
0.429218
0.558178
0.297326
0.454566
3.8632
5.38268
2.40295
1.17525
2.78257
0.302084
2.28561
0.273761
0.364727
0.553787
3.38224
0.600205
5.25872
5.26937
0.515883
5.72925
0.253367
0.318498
0.358945
0.382564
0.276513
1.01976
0.498738
5.00276
2.54462
1.57409
2.59053
2.36303
0.433233
0.60662
0.465045
4.26463
5.67165
0.234524
3.31191
0.547135
0.611706
0.21054
4.31212
0.589193
0.516648
1.22423
0.530011
0.902171
0.454577
0.284252
0.409713
0.570747
0.587397
3.33909
5.29612
0.60547
0.202795
0.671589
0.260207
0.677829
1.09044
0.303268
0.646697
0.654373
4.73044
0.537827
0.151323
5.06546
0.41072
5.72684
0.772918
0.737947
1.58503
1.28051
2.64244
0.0373265
2.67065
4.34098
4.40874
0.501053
1.05988
0.60971
0.803716
5.53059
0.499206
5.50945
0.406148
0.691793
0.833775
0.790409
0.166015
0.258177
0.263391
2.25772
1.21575
0.131628
0.60504
0.680301
0.561221
2.45584
0.190476
0.600557
4.03245
0.41416
5.34647
0.297112
4.08505
0.470458
0.634776
0.519428
1.10277
0.627469
0.527689
0.554174
0.2879
0.622982
2.30133
5.69854
2.76477
2.42701
5.42975
5.4917
4.06964
0.321607
0.371805
0.751086
0.533837
0.688988
1.15959
0.013405
5.00904
1.86298
0.586109
0.11473
2.12318
0.579329
0.313621
2.73424
0.550984
1.95705
0.754158
1.54665
3.39653
0.704463
1.05836
4.82808
2.50923
1.88672
3.10744
0.317454
2.24681
2.26005
2.10216
4.39938
0.542215
0.414193
0.600779
5.62186
0.760193
2.76518
0.362193
2.0461
3.35683
5.66572
0.881761
1.71806
0.253044
1.84936
2.6591
2.66716
0.891573
4.31033
0.574318
0.41414
0.538761
1.15647
3.54955
0.609366
2.58684
1.84242
0.370967
0.579453
0.636127
2.0726
0.445894
0.30386
0.360361
0.531251
4.75714
0.844699
0.54236
0.592962
2.95251
3.14164
3.56721
5.82025
2.67209
4.49739
2.76281
5.61792
0.317612
2.60953
1.13752
2.59949
1.16683
0.876642
0.674925
0.420844
0.358104
5.35689
0.681025
0.299641
4.04074
0.774932
0.506711
0.430564
0.309009
2.89393
5.34975
3.49245
0.9428
0.589834
0.326374
0.344168
0.685943
0.564967
0.698784
5.81028
0.146034
0.43155
2.28775
0.774393
2.27121
0.467524
2.42981
1.24352
0.283751
0.374506
0.598869
0.432488
0.211548
0.557067
0.599015
0.591262
0.577301
4.52447
4.57348
4.04287
0.747967
0.452774
0.789284
0.78848
1.01767
0.570781
4.25922
0.421129
0.416738
0.4803
2.65593
0.749034
4.55041
5.22083
5.5456
4.23633
2.147
1.16746
0.281047
1.74318
0.677292
0.863265
0.255315
4.35497
1.02259
1.08273
3.05997
0.476275
2.41815
3.19072
0.65822
3.28227
5.83447
1.73693
4.09948
3.00106
0.772812
5.79987
2.5672
0.618607
0.467405
5.04925
0.115022
0.882961
0.305457
0.262355
0.590229
0.349934
0.861897
2.63323
0.121387
0.738028
0.121063
0.316425
0.557874
0.332058
3.33102
3.03298
1.90401
0.0521614
0.700621
0.269604
0.996407
0.458621
4.32075
0.452776
0.243769
0.416453
1.19053
0.24951
2.6847
0.500914
5.3153
0.728839
5.73221
1.0109
2.82923
0.589829
0.450639
0.86061
0.660627
0.476787
0.269713
0.672669
0.737557
0.705257
1.54718
0.441057
0.694673
0.972149
5.8013
1.08894
0.619901
0.891579
4.68174
2.75882
0.635157
0.871986
2.47982
1.98916
3.99666
1.56588
0.867646
3.97946
2.7349
1.02087
0.584512
0.532205
0.348132
0.590318
0.945801
0.582913
2.14923
0.236533
5.28501
0.308974
0.614143
1.5469
2.1869
5.29214
0.997363
1.74428
2.81255
0.667268
0.667387
0.561813
3.97943
0.379096
0.891099
0.885263
4.5368
1.48343
0.674429
4.08883
0.592792
1.83139
0.605862
0.80496
0.107912
1.5892
5.77919
0.561294
1.36775
0.605337
0.703452
5.06459
0.476677
0.456153
0.986412
5.30378
0.30203
0.607955
0.541853
2.87976
5.52274
0.601962
3.87701
4.9375
1.91159
0.806626
0.532301
4.52617
3.32873
1.99726
1.44998
1.89092
2.057
0.918141
0.590136
0.503977
0.569194
0.991714
0.277158
4.27058
1.507
0.361991
0.599712
1.74657
4.13195
2.60483
5.31392
0.38266
4.11769
0.127492
1.56932
0.576829
0.967493
3.89944
0.27403
0.91831
5.10976
0.417185
0.82837
0.599129
2.07523
0.946755
0.584672
0.643388
0.861878
0.281969
0.302918
0.532811
3.78224
0.540386
1.45356
0.285303
1.51699
1.67558
0.607365
0.592515
0.930248
4.92412
2.37745
0.445172
1.43746
4.36237
0.692276
0.440865
0.656855
0.842307
2.96371
2.60227
0.443623
0.538596
2.02352
0.906683
3.29093
4.00455
0.539745
0.606259
3.99831
5.67694
0.696992
4.75717
0.70853
0.356734
5.67076
5.23347
0.725608
0.670723
0.842357
2.11956
1.01472
0.697384
0.472278
0.674069
0.607836
0.418411
0.48705
2.23262
5.79359
0.599722
0.838339
0.908043
0.285048
5.71521
3.94059
0.333376
2.02398
3.23537
2.77233
0.597155
2.26286
0.344379
2.98486
5.74562
0.751894
0.58515
0.300275
0.73472
5.83663
5.81742
4.78313
0.632284
3.06019
0.292075
0.454314
0.698343
2.11349
0.994631
5.74557
2.06651
0.719297
0.538181
0.502684
0.364924
0.458731
0.285731
0.483808
4.74644
5.68978
5.76063
5.62642
0.488463
0.719714
3.14215
0.697709
2.54379
0.858538
0.685028
0.139984
0.110608
0.311648
0.602822
0.754882
3.05518
5.28033
2.77439
0.565144
0.630828
0.373387
3.12196
5.79076
5.50169
0.810208
0.699097
0.353964
0.676219
0.82059
1.43103
0.718623
5.28282
2.74481
0.616579
0.896756
0.348903
2.74691
5.76531
0.632095
0.624371
0.579009
0.876423
0.886513
0.977837
5.19618
2.68942
1.65091
4.56166
0.415248
5.60071
2.91247
4.33725
0.836569
0.682811
0.482071
0.640111
0.866557
2.84275
0.430182
2.6017
4.93305
0.580007
0.498325
0.718294
0.794787
5.44527
0.652177
0.806187
0.681277
0.696822
0.765131
0.676859
0.672275
0.661884
0.667308
0.849903
0.835317
0.819903
0.829986
0.812286
0.677869
0.356577
0.60815
)
;

boundaryField
{
    back
    {
        type            empty;
    }
    front
    {
        type            empty;
    }
    outlet
    {
        type            zeroGradient;
    }
    circle
    {
        type            fixedValue;
        value           uniform 0;
    }
    walls
    {
        type            fixedValue;
        value           uniform 0;
    }
    inlet
    {
        type            fixedValue;
        value           uniform 0;
    }
}


// ************************************************************************* //
