/*--------------------------------*- C++ -*----------------------------------*\
  =========                 |
  \\      /  F ield         | OpenFOAM: The Open Source CFD Toolbox
   \\    /   O peration     | Website:  https://openfoam.org
    \\  /    A nd           | Version:  10
     \\/     M anipulation  |
\*---------------------------------------------------------------------------*/
FoamFile
{
    format      ascii;
    class       volScalarField;
    location    "2000";
    object      p;
}
// * * * * * * * * * * * * * * * * * * * * * * * * * * * * * * * * * * * * * //

dimensions      [0 2 -2 0 0 0 0];

internalField   nonuniform List<scalar> 
10435
(
-0.00180275
-3.46143
-11.5489
-4.9684
-10.0885
-12.3783
-11.4271
-11.6911
-12.1657
-11.1562
-5.83355
-8.54915
-10.9594
4.01309
3.74099
-11.4459
4.14765
-10.9242
-12.1643
-0.810959
-11.081
-4.22136
-11.1177
-9.8408
-12.0077
4.20278
4.26693
-11.0389
3.82759
-11.9452
-11.5503
-6.86709
-11.6473
4.12453
-11.2476
0.000747734
-11.1359
3.21462
4.63601
-11.2842
-12.8277
-10.4639
4.61137
-3.10141
-11.1887
-10.6135
-11.9067
4.3596
-12.3261
-3.92863
-11.483
-11.5325
4.21669
3.60564
4.83137
3.61316
-10.7595
3.95531
4.17815
-10.9171
4.33949
-2.28874
4.12954
-10.9171
-11.274
-11.3149
4.19975
4.11841
-11.3446
-9.00833
4.04751
3.66585
5.07905
-11.2175
3.33252
4.58726
-7.99425
-11.2489
-12.004
3.37448
-5.61196
0.902383
4.32425
3.87541
-6.44126
1.0499
0.295978
-3.66054
2.71745
-0.689374
-4.66435
-5.80087
0.137649
1.98223
-1.65574
1.05183
-6.50873
3.55121
4.43938
-8.05673
2.73343
-11.4673
1.19714
-2.65075
-11.6297
-4.05606
-0.638555
-4.72273
-7.19835
2.90871
-3.11716
-10.7897
1.65919
2.2646
-7.30348
-3.36628
-8.55273
0.074823
-4.2241
-7.76195
-8.74861
4.9045
-0.975904
3.16177
-8.52846
4.30176
-7.18493
4.49343
-9.60113
3.32048
3.98014
-7.43706
-11.4476
3.73545
3.82116
4.68195
1.26494
-5.70428
-3.12554
-2.49969
-1.65411
-11.3098
4.25307
-10.6369
-4.98845
3.98404
2.34579
-11.5495
4.28679
-9.66506
4.25322
-10.7618
-0.359673
-10.4309
-11.6821
4.22439
-9.4389
-2.03242
-11.6065
-5.04896
-10.7858
4.01556
-6.36303
-7.319
2.86926
-9.73024
-11.6982
-7.1312
-8.96675
-10.5282
-11.199
4.28343
3.50183
3.61968
-9.50125
-3.74717
-1.13717
4.21416
-2.24815
4.10583
-4.64711
-11.6677
-9.57366
4.10561
-10.5216
4.7712
4.02449
-11.1618
-11.0879
-10.9129
-8.8797
4.3664
4.13456
0.123373
-10.2196
-11.2754
4.54729
1.93292
4.31556
-11.2546
3.13114
4.62805
-11.0719
4.00119
-11.2377
-8.18354
-5.3724
-6.45857
3.974
-5.77471
4.65824
-11.6349
-9.53402
-8.23714
4.51289
4.11122
2.1735
4.34858
2.91134
4.20567
4.07194
3.98365
4.32666
3.43517
4.00948
-11.2769
3.17664
2.68849
-11.213
4.21209
4.25634
-11.4809
3.06311
-10.4199
3.45017
4.34804
-10.2218
3.54548
-9.68342
-11.4213
-2.18145
4.23954
4.31287
3.58384
-7.62311
-12.0401
2.07147
-11.3428
2.36929
-2.44333
2.11914
2.06736
-11.4818
-6.55503
-11.2251
-10.7638
1.61821
-11.0924
4.18663
4.10233
-10.5367
-11.5494
3.76787
-8.14064
1.57368
4.52974
-1.25769
-11.0423
4.64018
-8.84414
-10.941
-11.1289
-10.6911
-10.6928
2.75109
-8.15872
3.99979
-9.61892
-10.9438
-11.5225
-11.8426
4.18754
-11.074
2.95012
1.37853
4.80201
-10.9015
3.48662
3.94683
3.88623
3.03949
-6.31185
3.85378
-11.2181
3.82326
1.53037
4.22188
0.811043
-8.8023
-11.7303
4.23725
-8.97454
-10.9698
2.14378
-8.02601
3.82893
4.55031
-9.94068
-11.7228
3.98815
-1.45913
3.70671
-1.14805
-11.8133
-11.7272
1.51906
4.39918
-10.7436
4.21273
-7.79517
-12.14
3.51975
0.550163
4.48784
-12.0086
-11.4116
2.29678
-10.8397
4.34064
3.91404
-11.3222
3.93482
3.99021
-11.3562
-10.0603
4.00843
3.71504
3.27363
4.16351
3.48122
1.74557
4.23527
4.55219
2.05698
1.37289
3.59968
4.06624
4.67738
4.60995
-12.1278
4.07732
-12.0287
1.99462
-10.7873
-12.1133
-13.104
-10.7942
-11.0042
3.59951
4.04847
3.30362
4.54729
3.4908
4.17625
3.7671
1.43463
3.90487
-9.03981
4.05617
-12.2462
4.51357
1.16688
-10.5009
-13.4135
4.71148
0.70507
3.55327
3.79421
4.02502
3.9551
-0.172426
3.63887
-11.5818
4.15611
-11.3896
-12.7075
-10.6543
-10.5956
-12.8879
-10.8716
-11.4257
3.89629
4.37604
3.86603
4.13157
-11.4675
3.89952
-11.5072
1.08834
3.89192
0.000503417
4.38417
4.12736
-11.8524
3.36791
-11.5037
-9.41791
4.51962
3.84108
2.01509
-12.3255
1.86921
4.05085
3.78384
3.51258
4.35485
4.15672
-11.2156
2.29814
3.48799
3.84473
4.50501
-11.9306
4.59327
4.86941
-13.1997
4.20257
17.8915
10.8982
12.7002
11.0009
11.558
10.986
11.0393
10.9022
10.3721
15.8888
10.0581
11.4865
10.2972
10.619
10.2625
10.2834
10.1799
10.1056
14.0299
9.14016
10.4592
9.68173
9.88281
9.66975
9.67188
9.60551
9.52343
12.6302
8.54846
9.62001
9.10764
9.25105
9.13437
9.14298
9.11709
9.05214
11.3873
8.10518
8.9158
8.59796
8.71539
8.66926
8.69772
8.71619
8.67337
10.2823
7.73916
8.32727
8.1599
8.26589
8.2708
8.31835
8.36423
8.36641
9.35953
7.46321
7.84443
7.79071
7.892
7.93538
8.00279
8.07571
8.12544
8.62484
7.28395
7.45664
7.48154
7.58051
7.65111
7.73369
7.82615
7.8485
8.02159
7.06065
7.12776
7.21557
7.31826
7.40846
7.50278
7.60222
7.68049
7.45101
6.70529
6.8311
6.98085
7.09454
7.19916
7.3038
7.41276
7.50376
7.00373
6.40434
6.60569
6.785
6.90564
7.01648
7.12685
7.23992
7.35732
6.82421
6.2777
6.48781
6.63424
6.74732
6.85249
6.95863
7.06177
7.20668
6.72994
6.25331
6.42799
6.51348
6.61175
6.70741
6.8118
6.9259
7.04451
6.58622
6.24383
6.38163
6.40392
6.4849
6.5665
6.66166
6.7687
6.85494
6.49368
6.22165
6.32927
6.29406
6.36063
6.43099
6.52234
6.62855
6.73639
6.38458
6.1347
6.24498
6.17096
6.22901
6.29027
6.3755
6.47318
6.58486
6.16044
5.92295
6.09426
6.02374
6.08457
6.14212
6.22221
6.30913
6.42864
5.92757
5.6526
5.91033
5.86196
5.93157
5.99147
6.07362
6.16643
6.29489
5.75426
5.42469
5.72585
5.69659
5.77163
5.83182
5.90994
5.99833
6.09549
5.59393
5.24523
5.54703
5.53256
5.60809
5.66636
5.73725
5.81565
5.89963
5.40274
5.09227
5.37069
5.37274
5.44545
5.5028
5.57153
5.65269
5.72905
5.13812
4.95835
5.19031
5.21427
5.27868
5.33004
5.38981
5.46047
5.4712
4.76577
4.90198
5.02517
5.07477
5.12736
5.17016
5.22281
5.27699
5.26849
4.34034
4.92881
4.81557
4.87507
4.91254
4.9485
5.01074
5.06172
5.04545
4.15149
5.22567
4.96792
5.02217
5.02222
4.98511
5.03558
5.08755
4.76352
13.7192
14.017
14.5346
15.0849
15.6742
16.3094
16.9769
17.6756
18.398
19.1317
19.8689
20.6004
21.3099
21.9944
22.6445
23.2468
23.7995
24.2938
24.7199
25.0742
25.352
25.5671
25.7934
25.9608
25.8568
25.5641
25.3764
25.5222
25.9857
26.514
27.0175
27.4944
27.7935
27.9154
27.9606
27.9356
27.8294
27.6651
27.4439
27.1841
26.8904
26.5681
26.2149
25.8367
25.4347
24.9977
24.5336
24.045
23.5231
22.986
22.4434
21.9033
21.3801
20.8809
20.4063
19.9807
19.5924
19.2412
19.0663
5.69917
5.55455
5.533
5.49524
5.43787
5.37583
5.32928
5.30271
5.2984
5.31898
5.36628
5.44064
5.54123
5.66622
5.81366
5.98174
6.16878
6.37533
6.60428
6.86126
7.15629
7.50269
7.92149
8.41222
8.99454
9.62473
10.0719
10.1905
9.97552
9.50242
9.02873
8.69072
8.43746
8.23895
8.08812
7.96942
7.86965
7.78187
7.70128
7.62602
7.55576
7.49173
7.43718
7.39612
7.37347
7.37579
7.40903
7.481
7.59094
7.71487
7.8453
8.00777
8.21128
8.44454
8.6999
8.97195
9.24505
9.52728
9.98176
9.08974
9.33483
9.57187
9.8192
10.0758
10.3405
10.6139
10.8985
11.1901
11.485
11.7841
12.0849
12.3855
12.6834
12.977
13.265
13.5463
13.8211
14.0904
14.3558
14.6199
14.885
15.1523
15.4148
15.6562
15.8642
16.0137
16.1142
16.1653
16.1509
16.0976
16.039
15.9717
15.8995
15.8272
15.7553
15.6828
15.6093
15.5342
15.4572
15.3784
15.2974
15.2149
15.1308
15.0455
14.9597
14.8737
14.7875
14.7016
14.6157
14.5298
14.4409
14.3468
14.2459
14.138
14.0221
13.9031
13.8012
13.6642
6.67031
6.67807
6.75382
6.8282
6.90759
6.99565
7.09283
7.20127
7.32256
7.45776
7.60831
7.77523
7.95875
8.15919
8.37581
8.60771
8.85355
9.11139
9.37969
9.65616
9.93872
10.2241
10.5081
10.7841
11.0417
11.2676
11.4435
11.5582
11.609
11.6017
11.5532
11.4789
11.3866
11.2817
11.1679
11.0476
10.9223
10.7939
10.665
10.5382
10.4168
10.3041
10.2037
10.1184
10.0513
10.0043
9.97827
9.97379
9.98961
10.0243
10.0763
10.1445
10.2271
10.3216
10.424
10.5386
10.659
10.7854
10.9555
7.65352
7.80545
7.97334
8.14638
8.32555
8.51038
8.69978
8.89341
9.09037
9.28977
9.49119
9.6942
9.89796
10.1026
10.3075
10.5125
10.7175
10.9217
11.1251
11.3272
11.5271
11.7231
11.9127
12.0929
12.2581
12.4045
12.5262
12.621
12.6876
12.7268
12.7428
12.7396
12.7215
12.6926
12.6546
12.6114
12.5645
12.5146
12.4654
12.4182
12.3744
12.3354
12.3021
12.2749
12.254
12.2387
12.2282
12.2213
12.2161
12.2116
12.2063
12.1988
12.1887
12.1762
12.1615
12.1474
12.1364
12.1424
12.1317
6.79431
6.84534
6.93846
7.03569
7.1401
7.25344
7.37613
7.50849
7.65096
7.80323
7.96637
8.14006
8.32443
8.51903
8.72282
8.93463
9.15304
9.37388
9.59768
9.82199
10.0452
10.2629
10.4715
10.6693
10.8473
11.0055
11.1367
11.2418
11.3184
11.3668
11.3912
11.3902
11.37
11.3351
11.2832
11.2231
11.1542
11.072
10.9891
10.9056
10.8254
10.7514
10.6861
10.6319
10.5921
10.5642
10.5511
10.5503
10.5619
10.5853
10.6196
10.663
10.7141
10.772
10.8303
10.8945
10.9721
11.0642
11.163
6.95577
7.04986
7.16846
7.29351
7.42539
7.56461
7.70923
7.86067
8.01816
8.17917
8.3447
8.51349
8.68718
8.86436
9.04359
9.22539
9.41241
9.59285
9.77604
9.95631
10.1377
10.312
10.4774
10.6415
10.7819
10.9149
11.0233
11.1194
11.1968
11.2528
11.2992
11.3179
11.3236
11.3252
11.3024
11.284
11.261
11.2111
11.1766
11.1402
11.1076
11.0798
11.0568
11.0405
11.0387
11.0371
11.0486
11.0631
11.0834
11.1077
11.134
11.1619
11.189
11.2167
11.2444
11.2749
11.3047
11.351
11.3928
6.69888
6.74201
6.81591
6.90274
6.99001
7.09619
7.20035
7.3333
7.46971
7.58522
7.73463
7.88185
8.04533
8.22363
8.40251
8.60099
8.81263
8.96644
9.14417
9.32567
9.52497
9.70668
9.86932
10.0621
10.1861
10.3294
10.4202
10.5182
10.5973
10.6539
10.7215
10.7295
10.7382
10.7673
10.719
10.7328
10.769
10.6551
10.5997
10.5416
10.4923
10.448
10.4074
10.3736
10.4094
10.394
10.4422
10.4585
10.4617
10.483
10.5274
10.5963
10.6529
10.7149
10.789
10.8755
10.9626
11.0825
11.1675
6.46898
6.56389
6.63953
6.76447
6.87959
7.0199
7.12233
7.20852
7.36259
7.58734
7.65171
7.80202
7.99208
8.13439
8.33548
8.42074
8.64362
8.81282
9.00077
9.12652
9.31289
9.45817
9.59122
9.78134
9.86596
10.009
10.0721
10.1698
10.2915
10.2674
10.4322
10.4371
10.4013
10.4798
10.4225
10.4944
10.4188
10.2842
10.3931
10.3533
10.3291
10.3427
10.2878
10.2759
10.2899
10.2512
10.2606
10.2342
10.3348
10.3975
10.4175
10.4418
10.4803
10.568
10.6519
10.7076
10.7635
10.6246
10.7991
1.43882
1.27792
1.35251
1.49914
1.72774
2.02901
2.32881
2.6195
2.89468
3.1065
3.29845
3.52719
3.73438
3.94884
4.30008
4.76796
5.26483
5.80008
6.41718
7.14271
7.98378
8.95527
10.1043
11.5561
12.8612
4.36081
4.40855
4.34758
4.2514
4.16175
4.16113
4.24638
4.38032
4.51268
4.5631
4.50708
4.39795
4.28998
4.22755
4.27397
4.40484
4.49854
4.55888
4.67333
4.85973
5.09573
5.36647
5.67684
6.06777
6.34528
3.69796
3.71564
3.73717
3.7576
3.79817
3.87957
3.98919
4.10515
4.20587
4.25787
4.26281
4.24492
4.22575
4.23051
4.298
4.42768
4.59027
4.78953
5.04756
5.37427
5.77313
6.24988
6.81412
7.47922
8.28697
3.9478
3.9448
3.97285
3.99368
4.02483
4.07283
4.13526
4.2019
4.26238
4.30376
4.32504
4.33557
4.34701
4.37173
4.42413
4.50723
4.61593
4.75415
4.93091
5.1503
5.41208
5.71167
6.04013
6.37359
6.72183
3.98273
3.97053
3.99617
4.01945
4.05453
4.09877
4.15181
4.20551
4.25509
4.29432
4.32286
4.34616
4.37182
4.40749
4.4626
4.54249
4.6496
4.7891
4.96776
5.19015
5.46115
5.78412
6.16644
6.60753
7.16508
4.04885
4.03965
4.06438
4.08395
4.11621
4.15211
4.19601
4.23864
4.28002
4.31619
4.34615
4.37382
4.40486
4.44295
4.49501
4.56616
4.66045
4.78287
4.93827
5.12874
5.35815
5.62452
5.92976
6.25526
6.64323
4.12384
4.08598
4.11432
4.12725
4.15781
4.18663
4.22652
4.262
4.29906
4.33377
4.36311
4.39164
4.4254
4.46404
4.5143
4.58141
4.66967
4.78464
4.93099
5.10913
5.32738
5.58329
5.88935
6.22364
6.65291
4.1878
4.11648
4.15943
4.16523
4.19722
4.21917
4.25929
4.28784
4.32114
4.35489
4.38126
4.40759
4.44403
4.48227
4.52989
4.593
4.67483
4.78081
4.91459
5.07436
5.27657
5.50941
5.8003
6.13577
6.53029
4.18865
4.14535
4.21279
4.20284
4.23571
4.239
4.28451
4.30049
4.34307
4.37568
4.40248
4.42202
4.45579
4.48885
4.53412
4.59117
4.66511
4.76203
4.90665
5.05823
5.23664
5.46332
5.69967
5.83157
6.0713
-13.6095
-12.4381
-1.77599
8.51249
4.60951
4.56214
-1.27396
5.43656
-3.18175
10.137
-10.9406
6.04157
-16.8512
3.83237
-6.75129
7.38202
-8.64951
8.34893
10.0983
-18.6091
-17.8101
8.42266
-10.6681
9.36504
5.4044
7.16022
5.36308
4.221
-10.9559
-9.93695
9.30556
8.61724
-12.4961
-13.1135
-10.1578
5.01741
-2.4996
-6.16259
-4.56522
9.74259
-11.3505
9.75185
8.08557
4.23782
6.26739
9.60774
-10.7697
-9.63769
-10.281
-12.4501
-10.7674
-11.201
-17.0485
8.71385
-1.22627
-2.99028
3.79292
-17.8607
4.50688
-8.94491
5.21206
-1.02353
4.63682
7.45154
5.38378
4.36393
8.264
7.89103
-15.517
-11.6079
-3.44165
8.71232
4.75894
-16.4445
5.14741
-18.4559
-14.3921
-10.6161
4.26394
9.27731
-13.0663
5.41264
5.89134
-8.82062
4.80063
5.25671
4.60981
-10.7909
-12.5939
7.01955
7.83292
7.39363
10.4931
6.11398
4.63956
-10.7922
7.01155
-10.4864
9.54646
-9.0167
4.38972
-11.8526
4.39706
8.29452
4.57414
4.43354
-10.7295
-13.8744
7.05951
-9.65489
7.41897
6.48411
-10.1292
8.3755
-17.4448
-10.1528
-12.0194
9.94993
-16.6506
6.54201
7.94598
6.39407
9.68044
5.56031
-12.4105
8.10293
-11.3469
-18.4928
3.85489
-9.86896
6.20062
-16.5607
-11.112
-9.22989
4.19531
4.66553
6.30858
4.48184
5.66549
-17.6978
7.7626
-3.02618
-9.50904
8.01137
-10.5629
6.90741
6.71617
-14.9399
5.99623
-10.3726
2.10639
3.39855
6.3682
-7.12552
5.59032
-9.60652
4.69253
9.99823
-12.1217
10.8294
8.73698
-3.53127
6.56736
-10.5071
10.0144
-8.73901
3.74507
5.13454
8.28248
4.75391
3.84766
7.6391
7.52323
-8.96061
7.59302
4.28553
-12.3147
-11.1047
-9.74473
9.29518
-10.7589
9.11175
-16.7123
-9.96548
4.69276
10.8904
-9.02041
7.00005
-12.9027
6.5002
-9.57055
-9.72699
-6.39673
-2.03005
-6.83256
-12.5756
5.16595
8.39706
-10.2617
-10.7035
-15.2437
8.02696
5.58278
6.21618
2.43575
10.2681
8.54542
4.45667
-10.7058
10.0202
4.60116
6.29518
-10.8999
2.35675
1.85649
-10.9895
4.52002
11.1812
10.2104
5.95252
4.34359
9.85742
5.71349
-0.292931
11.4263
-11.8324
8.03176
-8.42949
7.02579
4.71455
-9.3782
5.17953
8.92668
6.37502
-4.02781
10.0576
-11.5178
4.21996
-10.0672
-6.15943
8.99568
5.06806
10.0082
4.30881
4.76984
5.07511
7.98302
4.66392
6.96857
10.3778
7.15
4.35944
9.01475
-10.7216
7.69897
4.94998
-9.91761
-13.9008
-12.0891
11.0269
7.07505
3.81319
5.92
5.44511
-16.0616
5.69409
10.7771
5.72083
-1.82217
5.14091
-15.5062
-6.98803
9.26778
11.2408
10.4284
5.40234
8.5595
-4.68778
3.67219
-11.0177
4.55215
2.01935
8.83356
9.39323
-9.44841
6.13308
4.35497
10.5723
-11.0659
-9.46638
-3.78318
6.72903
9.20036
-11.0882
-11.9014
-11.1321
-10.5725
7.44995
10.6644
-10.0076
-10.3671
8.47867
10.9532
6.37602
-10.4124
10.4044
-18.2859
8.14315
-18.0595
5.57058
8.10536
9.53711
-12.6675
3.97967
9.16173
-1.84335
-10.7647
9.13627
5.417
-8.99558
-12.459
6.96983
10.9968
9.35373
4.8217
5.71142
-12.3161
-13.8889
7.62005
-17.1961
9.87458
-7.09142
4.3473
9.99585
-11.1595
5.18059
5.50105
6.25664
7.05977
7.54944
6.32652
5.92138
-9.87156
8.96187
-15.9179
4.55448
4.4935
9.44541
4.87878
-9.7512
-1.31927
10.5184
8.42765
-12.1094
-11.1056
11.467
-7.89466
3.86376
9.97102
-8.86001
-10.8361
-10.7102
10.8641
-12.1087
9.95539
4.72114
7.51549
-11.1209
5.71518
-12.6255
9.80137
-7.49949
-10.8742
-7.48667
-15.8176
5.96591
6.20663
10.2613
11.0303
9.73562
-10.4926
6.7747
-12.2172
4.0523
4.09742
-10.2366
10.1631
-18.4909
-11.1951
-9.3962
0.894362
10.5287
5.62866
-10.973
-10.3327
10.6135
10.2268
-12.3484
10.2414
-10.5327
5.3498
7.96124
4.68942
-12.5459
5.79948
10.9557
-2.46017
5.62299
1.57556
8.691
-10.3234
5.59606
-9.81423
5.47866
6.84117
11.4366
-10.1696
-9.56722
10.9034
7.5311
9.57856
10.8119
6.94028
4.34304
8.5945
-10.5196
7.12951
10.5294
8.13372
8.60794
5.54577
4.942
6.81762
4.32877
-2.4402
7.82104
7.1641
9.11825
9.41013
11.3137
10.7884
-6.10965
-11.3206
2.75745
-15.4777
3.25889
4.31238
-6.58733
4.58872
4.24099
-7.6335
9.22081
6.31673
-10.0908
9.92668
-11.6403
-8.65504
5.49633
7.95211
-16.214
6.52319
4.07036
-10.4927
-11.2479
-10.5609
4.87852
4.5729
-0.225371
10.7754
-10.7688
4.44394
4.83298
-10.5872
11.3669
5.5837
-14.4155
6.4959
4.78354
-14.3788
-14.5902
1.72942
-5.61566
10.4177
5.94772
-9.28576
4.74641
5.45062
9.17889
-12.0757
8.47791
-8.26944
6.94063
6.04906
-10.913
5.69133
4.47261
-7.51878
5.59469
10.6218
-12.7214
8.28426
-3.23603
5.84899
4.30528
-12.9548
-12.5992
6.7999
6.40569
-2.37663
7.53188
9.02536
-11.9507
7.74919
6.8424
10.9471
-11.1154
-10.7685
-9.92478
5.93254
1.40274
9.95263
-9.75921
-18.4846
6.53646
-13.0474
9.44757
-10.7003
-11.9185
10.2684
8.34072
4.36305
8.40409
4.08097
-4.60612
6.53402
2.1037
7.16223
-10.1478
-10.2953
6.69489
-9.60189
-9.69765
7.75544
-10.9056
8.41876
0.557927
6.45686
4.31911
5.57723
-5.07392
-3.94092
-5.86212
3.88123
-10.6087
-10.0237
-10.6331
5.58452
9.89217
-16.2964
-11.2494
7.73076
-9.9509
7.12683
-15.0481
-9.79463
10.2994
1.55607
4.4622
8.85117
5.91799
-12.7674
9.77884
-7.02211
4.58965
4.55729
-9.95382
-9.83726
-10.9815
4.3029
5.95095
-16.4598
-17.6327
7.7813
10.0409
5.62192
-12.2827
8.63808
4.55888
-4.65166
9.04056
4.59071
4.72507
7.42566
-8.46331
9.92999
4.42735
-13.8936
-10.3094
4.58715
9.36728
-9.71565
4.23484
10.1125
10.7791
-17.9211
8.02394
5.75946
8.97879
10.9085
9.08968
8.68885
-4.55516
5.19577
8.28785
4.40452
-16.4438
11.3674
4.47782
1.25393
7.71418
5.00093
6.62041
9.5861
3.18592
5.43311
-9.19254
-8.97518
4.18738
-12.1423
5.07134
5.0558
4.79261
10.6694
7.09436
6.57319
-15.3295
7.73046
5.86315
3.46002
-9.50049
1.3535
3.95947
4.36049
8.20361
4.66285
10.8773
7.60155
2.46284
-9.36429
-8.22454
-12.0332
11.346
10.1494
8.3177
9.66771
9.02432
-9.84305
11.5298
-18.2505
10.0788
-10.9298
9.90286
-10.7236
8.16011
4.88494
5.62125
-11.491
-6.64511
4.31428
-17.4638
5.37356
10.4894
4.90624
-10.3328
10.2559
6.72395
-8.69097
5.10351
9.83117
9.83875
9.34801
-16.0098
10.9489
6.13014
10.8455
3.90858
10.0696
-10.3191
-10.9953
8.1598
-3.11735
10.8917
-10.9039
5.95693
10.0329
10.166
6.84332
-4.62406
6.65844
9.16013
4.55813
8.32285
7.6277
8.49623
9.40721
-8.93262
-8.50613
2.25056
-10.1195
-4.82592
-12.0821
-10.2477
10.8679
4.71083
4.91566
10.9461
6.51223
4.07397
7.18191
5.27975
-16.0249
9.30453
8.38838
5.09076
9.61055
7.94209
5.25278
2.37814
-12.9975
-11.2581
10.2227
-10.3785
-0.0999662
-11.2328
-17.6553
-11.4947
-11.275
4.61135
11.2434
6.89881
10.2573
9.00865
6.2995
-12.2254
-11.9828
9.28109
-12.8856
2.70781
11.3647
5.28339
5.74252
-8.78932
1.17138
5.39705
-0.7727
-8.27663
-15.7349
-10.9981
10.9659
10.7915
5.18511
10.4414
-10.8149
1.07253
-10.8886
-7.71696
4.83309
-8.38242
6.8225
11.1177
4.5511
4.5619
4.52111
10.9719
7.34334
3.67421
6.39516
6.35842
8.39288
6.10554
5.63862
10.2947
-10.458
-4.87603
8.57959
-0.593617
7.32631
-17.0975
4.86846
10.8688
9.05705
-14.7284
2.03095
10.5697
7.54791
-10.1083
1.20919
-13.1557
5.99338
-14.2084
-12.7639
-10.1815
2.82394
-8.83164
3.48056
9.54364
-10.93
9.50491
5.33475
6.81416
-13.0162
-1.93254
8.5449
4.74774
-12.1839
4.85935
0.25207
-9.58535
9.32894
8.9026
-4.62162
-11.2098
-12.9375
10.3226
11.0422
10.5803
-14.374
-3.49612
9.49745
5.07907
4.52421
-12.2538
11.4183
5.29415
-12.2963
10.5232
6.108
4.52671
10.288
-14.1304
6.59179
-15.2309
10.083
6.00792
-12.7393
8.51001
9.82124
10.3233
4.33282
-14.9363
-10.8726
10.9525
10.3698
6.1339
-7.72081
-17.098
-0.729554
6.69854
-13.9665
-6.08097
7.2179
4.88591
4.42446
-9.51969
10.3232
-14.9754
7.25583
7.24189
-9.38596
6.84203
6.06588
2.46048
-15.6185
-10.2908
-9.15747
-9.28506
10.0657
-12.2858
-7.88227
9.34571
-1.37797
4.91613
4.47537
-16.5622
5.93483
6.18231
-17.2478
1.52636
11.556
11.5601
-12.8019
3.58649
7.04447
-9.60388
-10.9919
-10.284
9.54237
6.76925
-9.74715
-10.524
-11.603
-15.0428
-12.4547
3.12583
10.8115
1.14099
-9.82969
8.88452
8.2225
3.33101
-8.9585
7.32643
-0.0176105
-12.4361
8.27362
4.51107
9.88157
-9.22842
-3.22811
-10.5747
-10.1508
9.38835
4.21259
1.67459
6.48991
-11.3597
-17.5442
10.6258
6.15709
5.92645
11.3071
-13.7172
-10.9864
6.7234
-10.1899
8.66803
-11.3399
9.67197
4.98048
5.54144
-5.20792
-11.1033
4.10451
-14.9527
7.53037
7.80226
-3.67943
8.17117
-7.65417
-9.34335
-9.68777
6.54418
8.66286
-3.00922
6.78535
8.06559
5.25864
-10.1337
8.09809
4.31452
-11.273
-3.06879
4.5603
6.91037
8.25129
8.32993
4.5406
9.15576
-16.1782
10.4636
6.6518
-10.0175
-17.5911
-6.00128
6.69498
7.17707
0.71318
11.5111
-10.2429
4.57058
4.44569
-10.0755
6.78892
5.79392
3.15878
5.05188
-10.6796
10.128
9.04076
10.2525
-1.37772
-1.30377
-11.9757
5.71491
-12.9102
7.81634
7.12431
6.99032
-10.0507
-10.3701
8.54467
-9.22273
11.4532
-9.89979
6.32669
-10.4759
4.79252
5.07301
8.75673
-0.371045
-5.50713
6.64339
9.76387
-16.5845
10.9693
9.44126
5.85445
10.2053
6.38986
-10.034
7.46393
6.57753
-8.81128
4.37104
-9.34576
11.3202
8.64432
8.53289
11.5298
8.22066
4.48762
-11.7671
11.2474
3.95963
10.9488
6.45213
1.06132
-9.99702
9.78203
9.91106
7.43393
8.06297
11.0737
7.85949
-9.70689
9.20675
-16.7485
7.36203
-3.89118
-10.5479
4.33453
-15.8286
7.02397
-11.5648
-10.6346
-9.4751
5.56034
5.9102
4.24724
-10.8411
8.46061
0.526193
8.45635
5.12927
-10.859
4.53211
9.67114
4.46789
10.3646
9.51607
11.5688
-11.2928
10.8768
-13.0629
10.0099
8.74523
10.4351
9.82222
-15.6952
11.4694
-16.6546
-11.9236
4.79998
7.92458
-10.5449
-10.2985
10.9309
10.9573
8.91738
7.42956
9.16984
4.34406
-10.6893
6.65407
10.6224
-15.8227
5.46992
2.44349
-4.93695
10.0702
4.69733
10.495
4.33355
-11.3068
2.13768
-13.2971
9.39391
4.37352
8.55194
-12.0596
-12.2691
9.84781
10.6004
-12.8781
10.1197
4.52958
-10.3875
-11.019
11.246
10.2818
11.4903
4.26881
-11.9031
5.5973
11.5505
-12.1191
-10.062
11.0922
9.37129
5.209
10.5431
5.94168
-16.413
5.61672
-10.5789
5.68875
9.54645
5.00059
-15.6303
8.67599
-11.1169
-10.3892
-9.52495
-12.1568
-11.4182
8.63016
8.06517
-11.7539
-15.0734
5.90436
9.91628
6.70066
4.3724
9.24381
5.39452
6.36112
-8.45455
4.90446
4.32692
-4.51215
4.45781
6.74402
6.6055
-9.54057
11.2994
-11.2338
-10.665
4.45452
9.2277
6.80646
8.30587
6.85947
-12.2027
1.57318
9.57908
6.04248
9.48382
-10.2345
-11.9719
7.43061
7.38169
4.86776
10.8607
4.77877
4.28981
10.2512
4.45192
3.36082
-10.8265
10.2465
7.9094
-6.56881
6.41672
5.64992
8.15713
3.14672
6.63369
8.65121
-16.5327
6.97804
5.43047
-10.321
4.72308
0.746931
-5.01228
10.3168
5.76058
9.54054
-7.91373
7.61703
-14.6399
10.1614
-4.47764
-12.5512
-18.1096
-10.9345
11.072
5.25224
-15.9872
-12.3884
4.40437
8.24634
11.4839
-10.845
9.48654
7.75419
11.4615
9.13244
0.876796
11.5231
4.58304
10.8823
-10.7092
-16.7252
9.59749
9.96145
9.13784
9.32888
6.05308
-11.2831
9.84623
1.8098
-12.8207
-16.9424
10.4977
-12.6944
-10.6068
-17.6592
-11.3519
3.43892
-11.9537
-11.4386
-9.6038
11.0662
-10.2175
10.8077
-3.95454
10.3511
9.92306
-14.311
-8.33054
-10.43
-12.0545
4.36083
8.83783
-1.09407
-11.8069
10.5027
-12.0195
8.31808
-17.7754
9.93583
-10.689
2.35217
4.58457
6.26987
-17.9586
6.22127
3.13997
-17.4165
9.93667
-10.3576
6.87134
8.91579
-7.71157
-0.643228
7.13256
-16.1252
-6.49739
9.67351
-14.0897
10.0412
9.84529
4.36127
4.9952
-12.1349
-13.7508
11.2597
-12.2743
9.06605
-16.5301
10.1701
9.51752
8.70182
-17.496
0.37191
-9.98674
8.01413
-9.883
5.57107
-14.2289
-11.6022
2.13638
8.65273
-11.4199
7.9403
7.35354
10.0736
-11.4278
-11.9423
5.29908
-12.4642
7.56611
6.30044
-1.6829
7.44918
6.2552
-14.5107
9.46096
10.4601
11.0458
6.39518
8.77229
10.1142
-12.6333
-11.0537
6.89073
10.3403
7.06473
-13.6235
-10.6672
5.52059
3.74933
4.42759
-12.7271
3.6981
-0.121297
-14.8641
5.22552
-14.9946
-11.709
5.38137
6.05747
10.4716
9.6616
4.89224
7.70483
4.49625
4.33103
-11.6272
8.54118
-12.1903
5.7546
-11.2445
9.37096
-9.48499
2.14258
-16.1319
-10.7539
4.53438
2.38903
7.65141
7.98114
7.52025
-10.4633
-10.11
9.90417
10.3868
6.24164
8.31586
6.24417
7.04538
-11.6974
-9.93873
-16.0771
-12.0701
9.10249
4.96355
-13.1172
9.78518
-10.8812
10.4814
5.34615
4.57207
7.69992
5.5087
7.75883
5.29941
2.47411
-11.8071
-10.9579
10.5834
6.31127
-14.5299
-4.05079
6.19664
-10.3326
-11.9055
-9.58585
8.30456
-17.0195
6.13937
9.3089
9.70707
5.13841
10.5288
-10.6067
-11.113
9.17502
4.36762
-17.4313
7.20378
-11.9141
-9.30323
7.9384
4.0277
9.61842
4.42341
-12.1411
5.06562
-10.8116
4.54615
9.74245
4.41089
9.09989
4.24778
8.82311
7.99912
10.0347
4.79461
7.31727
-14.1394
9.6784
-8.60102
6.78636
7.18664
9.02259
4.43945
6.52047
-5.9751
-11.627
6.76862
-11.3311
10.2472
-12.347
8.71471
8.65775
5.42145
4.90305
-10.4628
8.56437
7.47881
-4.19881
-9.75002
8.53588
10.3076
10.4863
8.40306
-2.41884
6.72558
6.66339
-12.8672
5.50483
10.1241
7.78547
-12.2433
6.82029
-11.0981
-11.1996
11.5778
2.13287
8.37089
10.4992
-12.134
6.9489
9.87713
9.30871
-16.0788
4.40872
8.4721
5.47261
-4.99683
-8.99779
4.47432
6.45831
-9.96091
9.94621
-1.71026
-11.9695
8.36488
0.733726
-10.724
9.65828
-12.6789
10.1731
7.08425
9.19349
5.53934
-7.83288
-9.69673
8.82309
10.2619
-11.332
8.03993
8.41882
11.0302
3.79454
-2.08612
5.11564
4.68332
10.3424
7.06968
4.89038
7.74502
4.4267
9.25779
-9.14451
-15.6697
4.76506
-12.4124
4.46905
-13.4991
-10.545
-15.0227
-9.77023
11.4322
10.1026
-15.3563
8.84854
9.44932
-10.2851
6.89814
3.26709
-11.1273
-16.3654
8.63326
-9.42826
4.74759
-10.6214
4.52429
11.0523
-4.38852
4.34079
-13.2585
7.25658
10.9929
4.06063
7.43314
-6.91787
1.75322
9.29865
-11.6398
4.31952
-11.4721
4.48963
-12.0646
8.17946
10.3409
6.5034
10.4109
-16.3968
-9.23324
-14.5095
4.62345
-12.4779
-10.4394
10.7509
-17.6105
1.3874
11.1005
-16.2185
-10.3217
8.30693
4.49036
4.58054
-12.1062
6.05069
11.4597
-10.9428
-14.4075
4.07427
-11.6641
-11.8796
6.5031
4.37589
-1.87512
4.43458
-15.526
4.50454
10.1736
5.65752
-9.66052
4.80325
-0.0829604
-11.3618
5.32438
0.465074
-7.27825
10.0778
-10.7316
10.3144
-16.5659
8.12863
5.84181
6.97316
10.0359
6.69522
7.47684
10.4455
4.52012
11.4111
-11.7533
-14.4128
6.21029
-17.2647
4.80625
5.8056
8.27587
9.12464
7.06008
-5.71154
11.4842
-3.43673
-11.7886
-4.6163
-14.5762
10.9524
8.21318
-11.279
9.67301
4.01442
7.91174
6.08255
6.94122
-9.60979
9.91032
10.424
5.0154
4.40249
4.29124
-3.98097
1.20718
-1.35584
-12.3705
6.11245
5.5255
4.91282
8.02053
5.02274
6.37017
4.38511
5.92243
8.95878
8.80106
11.4893
-0.894721
-11.7345
-11.6349
4.45825
9.73432
-0.0597395
-9.60339
-10.4525
4.70499
6.26261
3.72885
10.5646
5.21675
4.44314
-10.1209
0.704724
5.32853
6.96238
7.35797
4.68037
-11.3229
5.37591
8.55164
5.65508
7.81931
-10.7128
10.4067
-6.92019
11.5146
4.50108
4.88627
10.2158
-10.5167
2.14098
8.45913
-11.8228
-13.9236
3.09692
11.2034
7.6035
-9.90041
-12.2541
-11.9032
6.48883
-17.1134
10.189
11.0493
-9.49653
-10.4367
5.48338
6.84046
-0.403515
-2.82074
9.71188
4.91339
-10.3477
5.55652
11.3456
8.26665
9.89317
4.9498
10.6208
10.4912
10.5047
-11.9265
8.95831
5.00539
4.58653
9.46364
2.77024
4.50845
-16.6421
0.659303
1.03492
9.72846
9.5072
8.37637
11.5261
7.80689
5.57175
-14.6178
10.3006
4.52917
10.5635
0.0243287
7.2119
4.93589
10.6861
-11.2991
4.96247
-13.7835
8.53517
11.1463
9.76462
8.05313
10.1911
-10.6048
8.60255
4.56182
8.71171
9.41292
-10.2372
6.1425
10.2805
-12.3014
-12.1807
5.13444
-10.6302
10.5412
-12.3553
10.9809
-12.5472
11.2587
-2.51464
6.13707
-10.9395
4.36545
-9.45686
-9.39606
-9.84762
3.51213
-12.1263
6.20684
5.18241
6.54229
-10.8626
10.3989
4.65615
-16.5981
-10.0782
-11.3297
9.10764
-12.0711
4.95587
7.51947
5.28465
1.73934
10.7872
-4.59623
8.98841
7.52589
10.1533
11.5176
8.40051
-12.9546
10.3847
10.2845
-10.1726
1.39505
4.84568
6.62888
-9.93143
9.25444
9.70457
-11.366
8.58299
-4.64831
-2.04413
9.7215
4.44422
-18.2307
6.87503
8.40372
10.9243
5.28256
8.70711
7.41255
-12.006
4.9548
-11.3143
4.00903
4.43619
-10.4298
1.43934
3.59839
10.2966
5.1201
7.18412
4.98205
-14.1411
-11.0531
10.5057
8.34276
6.51756
-9.92221
4.48298
0.273797
4.89246
4.45242
9.35102
9.84815
-1.73349
4.45232
-14.348
-11.1725
10.6573
-8.37724
10.6034
-13.6581
1.74394
5.38156
8.9481
4.47737
8.87537
7.49335
-9.47187
-7.20475
-12.2806
-10.4187
-16.7061
9.34256
5.02304
-3.15816
5.0736
-1.44459
-11.8139
10.1089
-9.86053
-14.5447
-9.27536
10.2342
4.84843
6.17399
9.62357
-12.2393
10.9072
-11.5222
9.59985
11.2287
4.58418
-10.0963
-10.6317
6.39914
11.4715
10.901
8.43455
8.32769
1.05013
-15.3223
8.60364
6.02747
-10.766
10.4607
-11.8622
9.64056
6.53443
9.31655
-10.6009
9.59567
6.86072
10.5178
10.7548
4.20019
7.52089
-10.22
4.37365
6.93727
8.13182
6.32698
-15.8942
6.31185
4.95173
-5.55099
-10.8114
4.42155
-13.0497
10.3712
-10.2516
-16.5633
10.0766
4.23496
8.04551
7.20568
4.65255
-15.4413
1.54502
8.78621
6.20235
-6.59259
-8.26181
-8.5754
-14.5307
2.93551
9.94644
-10.7062
4.43356
5.57108
6.07437
8.73501
-16.0681
-11.5894
7.83911
-13.3583
9.2333
-14.871
-4.01712
-10.0472
-12.1388
-9.98322
2.79221
4.21855
10.9076
4.43442
-16.7213
-4.44389
11.256
1.11002
4.73266
-10.7343
10.0563
-3.14025
-7.24285
-9.93773
4.42528
-10.8811
3.9594
-12.1683
-10.7215
10.9623
5.03271
8.24915
10.4732
7.17226
-3.77314
10.915
7.6495
-11.777
4.69137
3.4725
4.39655
7.7386
9.91064
-13.2992
-12.1328
3.96108
-10.1473
6.25226
9.97546
8.1809
-10.9507
-12.8097
-11.3275
7.54071
9.73565
8.31163
-10.344
4.02439
1.1989
6.61567
-11.6465
7.39785
4.00438
-16.8498
9.98321
11.4031
4.48024
3.4993
6.19269
10.2938
-5.39843
7.1429
10.0395
-11.0572
7.6089
-9.48225
-9.94264
4.12779
-5.14177
10.213
-9.76609
10.2497
-10.355
5.73332
9.62555
10.6717
10.4069
8.97694
3.09266
10.5313
-15.7819
7.91417
10.0683
8.41016
-12.034
9.58876
9.99364
7.18556
-12.3649
6.58167
-9.50679
-10.4046
10.1261
8.9634
-0.961442
-12.5607
-15.9041
-1.6131
11.3947
4.48964
-13.3356
-10.8314
-10.21
-9.65315
10.1666
8.43861
6.73041
4.25678
10.8689
10.6311
8.62233
4.79251
10.4167
-16.0301
8.97155
-12.8952
9.02526
6.96246
-7.04137
7.20387
-15.7238
4.40614
5.32031
6.69163
6.35449
11.4533
5.27626
-3.87282
2.53181
7.35681
-1.71066
-11.8779
-9.95701
11.4835
2.58277
-10.1114
-12.1405
-11.7096
-11.9941
-9.39367
11.041
8.82675
7.46105
5.56434
-14.0504
-11.7104
4.67812
11.3089
4.30882
10.3126
-9.5614
7.15181
-14.1243
5.92918
5.05039
7.03058
-10.5087
7.31339
-18.1375
-10.4626
3.94606
4.22862
7.24251
10.2217
4.48646
5.88477
-3.07867
10.2538
10.736
7.4535
10.6466
4.13841
-11.1202
0.339614
-6.1786
-8.03557
-12.1513
-11.5863
4.41655
8.89654
-10.0057
10.7111
6.21235
-16.9371
10.0913
10.516
8.59635
-5.51472
-11.527
8.18165
9.20386
9.48757
-11.6789
7.43056
-13.384
-12.2999
-17.7277
-13.0476
-9.70235
-11.493
-12.2914
-9.04446
-6.51186
-17.4388
-17.7949
-10.5765
-15.7019
7.18281
-12.2952
9.50908
-12.1873
6.68273
-10.8856
5.19771
8.35235
-10.875
-8.91518
-10.6804
3.90764
-5.60428
7.29923
7.71368
11.1981
4.60991
4.51901
9.30653
5.6231
4.25643
1.77268
10.0001
6.59906
8.41244
7.47219
-12.3721
5.74041
-10.2376
-12.0243
9.47905
0.272845
10.2031
-12.102
-9.58153
4.33622
-12.8831
-9.84022
-12.2434
-2.07586
8.58622
9.81063
11.0522
7.59024
9.48239
8.82617
7.8006
-16.2333
-16.4969
-9.57612
-16.9854
9.03842
9.69879
10.2198
10.4617
4.315
9.07062
9.77358
2.60232
10.5953
4.04994
7.43825
-12.2191
-9.75001
-10.946
10.6517
7.52492
4.79
-10.2827
5.04005
-13.1724
7.83847
9.0568
-9.86641
-12.6066
-6.22064
10.629
-3.8672
8.90643
7.38535
-11.3054
4.46335
-9.67231
4.42222
4.44675
11.3692
-12.2869
-8.41305
-2.01036
-12.2433
-15.7869
-9.31668
6.37732
8.67011
7.65572
-10.6307
4.71429
5.54561
4.72124
2.53994
-9.42277
-7.33315
4.69614
4.5196
9.94227
6.31363
-14.8797
-12.1813
-16.9959
10.7889
4.64035
-9.89769
3.29284
5.62121
-12.0818
-16.3989
4.72732
6.95489
10.4346
4.27914
10.2227
11.1535
-16.1074
4.74749
9.68235
6.29115
-11.7144
-11.7757
4.47674
-15.4995
-11.4867
9.27864
6.868
4.23649
10.0781
7.40068
3.99159
9.37837
6.53158
-11.8889
-13.2295
2.98383
7.31352
9.37141
6.19396
11.4129
7.01101
4.62409
9.61684
10.4665
10.26
4.66956
7.27228
4.52286
-10.329
4.39582
8.33563
-16.6334
8.01252
6.33955
7.37618
4.6994
-10.0466
-11.0709
10.9494
-6.55313
8.12979
4.15084
-11.406
9.59857
7.26481
1.12736
-9.25765
-15.9487
9.22426
6.47173
-13.1457
8.80542
6.16883
-8.94424
-5.58982
-11.4532
-9.31762
-6.04368
2.10123
6.47702
7.05107
-16.5147
-12.1405
11.3016
4.45567
-11.4979
4.24687
-8.05595
4.20391
9.35108
9.86528
8.49276
-10.8828
7.98687
-12.2473
9.44406
-3.08536
-11.3552
-9.70626
7.53772
-15.811
-9.26543
11.131
4.59325
5.35497
-14.3909
7.24088
4.46138
4.73965
-13.8646
6.1711
11.1586
1.07555
-9.45509
7.04303
7.05525
5.43536
-10.7269
-14.5849
-11.2781
-10.848
9.66648
-7.50316
-11.5367
-16.1181
4.39917
9.50004
4.67721
7.67143
9.05926
-9.69333
5.10025
-11.7459
8.79086
-9.06033
-13.8508
2.66789
-12.1814
-1.06455
-11.5904
11.5592
5.04619
4.57377
-1.38594
6.05115
-9.62523
-5.13196
-5.13583
9.54593
5.01101
4.07514
1.83421
7.26732
5.58737
4.62437
5.89811
-9.84222
-7.41496
9.47541
-7.76588
4.58656
-10.0365
-10.0442
-4.07319
11.4064
-10.2155
-5.84646
12.5496
-11.5174
-9.61948
-8.69071
-1.68311
-19.2057
11.4342
8.64559
-6.3237
-11.642
4.90589
-5.09183
-12.3339
4.55442
10.4552
-6.79342
-5.36333
9.2507
11.3928
3.4841
-10.0684
10.2896
-16.4625
-13.5254
7.01215
4.1867
11.0223
4.43195
-8.77204
11.2834
4.7979
-13.2406
-14.6381
8.07858
6.4416
-4.21513
-16.0605
-9.92177
-9.51053
8.43469
-11.2849
-7.15338
11.3364
-9.82846
11.4489
8.66496
7.06633
9.70264
8.83853
6.21888
-4.307
-7.15627
10.7871
4.37797
11.3285
-10.3164
-7.32569
5.83886
3.261
5.20422
1.17275
10.5807
-10.317
-2.00752
5.98259
-9.96445
-12.9078
-6.59162
5.74796
-12.0043
5.60616
-10.1722
-16.3631
-10.8156
-4.72854
5.37168
-11.3606
9.36028
-12.0656
-11.4048
9.83708
7.16803
4.25647
-12.5443
6.9372
8.42598
5.57429
6.38201
-11.6191
-9.93148
-11.5128
6.47198
11.3118
-11.753
-12.2087
4.78595
9.88796
0.29459
8.18468
-9.68445
7.13297
-5.69984
4.93466
7.89479
-11.0487
-15.8204
-12.7322
-10.261
9.03621
4.98461
9.02564
-11.3877
2.66501
0.226087
-11.3687
6.92838
6.50637
-10.9949
5.17563
-11.5768
-11.1498
-11.2365
4.11608
-7.86963
10.4132
10.8566
9.32627
-12.9276
11.3589
-14.1315
5.89496
7.30441
0.11755
-7.0957
-11.0394
-9.55337
10.2001
7.34979
10.3083
-13.4545
-6.3852
6.69284
2.2779
10.3257
11.2355
5.13177
11.3524
-2.30096
9.65485
9.14268
0.592592
5.57111
-11.1347
8.73651
-6.57684
0.0823185
-15.1178
10.8738
-11.0017
-11.0575
-12.627
-6.41544
-10.338
4.48132
-12.4758
4.46633
8.3096
-9.04526
4.56138
3.44062
5.6179
-9.65654
-6.82589
6.04265
-9.5041
6.95499
-8.36441
-10.4329
-3.76389
4.42437
-10.5638
-10.1866
4.46285
1.69846
-11.2137
-16.7084
-12.0876
11.2205
1.08874
6.31028
10.3339
-1.99211
6.09319
7.66803
9.12137
8.31517
-11.7193
-10.6284
9.15051
5.46153
-11.1664
6.21114
4.40053
11.2787
-9.52125
-2.79495
-10.7908
5.54006
6.16776
-15.2941
1.64243
-9.36557
-4.45679
-8.93753
5.3916
-15.2495
-5.80342
1.04754
-1.67036
3.95772
-5.98876
4.93571
8.87892
-11.2503
-1.9878
-7.64681
6.94666
-1.36308
-7.11471
-5.76553
4.16296
9.70596
7.86892
-11.3397
-11.9829
-12.2745
-10.4132
4.77091
4.81415
7.10981
-5.56506
-11.7066
-7.74555
4.9647
10.4979
-5.33889
-16.7303
-17.0249
-12.0475
-11.4891
-7.28632
10.9828
-9.63698
4.67296
8.85138
9.85746
-11.0179
-11.7478
-8.60799
-11.2751
-9.13032
7.73492
-9.21164
-10.2716
-16.9911
-11.3765
3.20732
-0.0574631
-2.42766
-4.92591
7.4611
10.194
9.3572
-12.4687
-11.2801
6.00224
-10.349
7.3692
-1.92214
-11.4149
10.2439
-4.05899
-11.2258
-11.2585
-4.20959
-17.3304
-10.9877
-10.8266
10.6275
-6.40118
-9.79799
-11.1595
-11.6691
-12.307
-9.57586
1.4177
-11.1607
6.63101
11.2425
6.40661
-11.6732
4.27436
-11.4932
-12.8242
-5.66518
-7.693
6.37189
-15.9457
5.44718
10.6093
-8.80434
-9.53149
-7.26906
1.98008
-11.1614
0.0569949
-10.09
-0.949276
-14.8169
3.58697
-11.4283
11.0948
10.4868
-10.0258
-10.0522
-10.3745
-11.2021
-4.32132
-9.63203
-12.2037
-9.5791
11.3736
6.14661
0.697411
2.47362
0.111705
5.33361
1.3866
-10.9859
5.91555
-10.996
-7.56704
-5.12191
-9.80948
-11.0237
4.68823
-3.84056
-11.0499
0.387141
-10.4301
-10.9255
8.67922
-6.16364
9.72302
5.58324
-10.6805
-10.7593
-11.1508
-11.5253
-5.76835
-6.69455
-9.68316
-10.8308
11.1795
1.39086
-8.29508
4.37808
8.49138
-13.3538
10.0418
-2.57735
11.5112
-6.44037
11.5016
5.93334
-10.7864
-9.2702
-10.4314
0.0596566
-16.5544
8.10227
6.54177
-3.27588
1.09494
10.2305
6.21849
0.746205
1.04042
-12.6576
-11.5507
-11.5504
-6.11813
6.42595
11.3613
5.33329
-11.39
6.74589
-8.16081
6.60139
-11.2954
-10.9339
1.44633
7.2335
6.69727
0.801859
5.39833
0.29535
-10.9361
-11.2661
8.60368
10.0399
2.80811
-4.02152
4.93907
10.9076
11.3728
8.55828
-14.3261
6.12995
-5.25061
-4.62388
-8.50302
-12.1108
6.07608
-3.18899
6.59381
1.11575
-7.32398
-8.38019
10.8069
-6.25061
-10.9707
8.98668
-3.16687
11.2194
4.55236
10.3744
-9.18423
-7.21605
7.89195
8.20925
-17.7714
6.52367
-9.43967
-12.0124
-10.201
-12.6643
-3.26637
-9.48413
-7.83066
11.1231
8.45266
6.00561
7.36347
10.8045
-2.20886
10.471
5.32637
1.95719
4.09564
6.90657
10.0064
6.64496
-8.97241
5.71264
4.51226
-15.3851
5.47596
3.30539
-4.10587
-11.3142
-8.87263
3.92546
6.31747
5.62929
-8.01057
-10.9463
-10.7485
5.17956
0.697936
8.2724
-2.6896
-10.8861
6.61936
6.39256
-6.27258
-5.69288
-10.3851
-3.70088
7.03663
5.73495
4.51655
11.4546
5.73739
6.34189
3.42106
2.88746
1.96006
-4.92286
7.1166
-8.45946
-10.2823
-9.39526
-10.2006
-6.0597
-11.9548
10.2552
-6.22954
-12.2865
-11.4866
-9.11632
-4.7447
8.34766
-12.3285
-15.319
8.61373
6.40185
-10.5592
-3.81411
5.21456
-12.3284
-9.06347
7.17475
-11.9918
-11.6061
-7.99676
-9.52025
-2.73778
2.7944
-9.80979
2.02348
-10.8439
11.3013
-12.0378
-6.88581
5.00273
-9.72721
8.29463
-11.4975
11.2825
-15.2756
-18.7923
-6.60928
4.32746
-12.5581
-15.9987
10.5166
-2.34357
-10.625
-10.7657
-5.55447
-11.4008
-1.85586
-11.889
4.10302
4.86281
-9.47543
10.1431
-15.4481
-10.2113
8.38448
-9.7361
10.6905
1.34726
10.8996
11.5181
-5.10323
-10.6959
9.98927
5.642
2.7815
10.7296
-12.7126
7.38126
9.34249
-15.1669
-18.2303
2.90701
-9.9066
8.9463
-11.9615
-6.73801
-10.1975
6.88019
5.31029
3.572
-12.059
-8.40582
-9.2723
-16.6084
-7.95131
-0.147243
-10.7004
-7.46354
-9.22652
-9.62382
10.3503
2.64811
-11.8816
-4.87558
-10.5184
4.09799
-9.52166
-10.9384
-11.65
-5.78233
8.80647
11.1224
2.87801
7.39239
-10.5222
7.6034
2.97557
7.40328
-7.25839
-10.3398
1.00239
4.40065
-10.9947
7.54752
9.4174
-10.5002
5.61019
4.47549
5.34738
5.17741
3.98543
-0.895182
-16.6106
-8.58485
-0.559327
-1.58639
-15.4852
-4.68135
-11.0293
-5.94568
-14.0959
-11.2082
11.0036
-10.8588
-11.6174
5.92035
-10.5955
-9.02714
10.0661
6.95816
2.75492
-8.63042
-0.955248
-3.33888
5.09743
-10.8201
-11.8541
10.3369
6.40545
7.00258
10.7905
7.63892
10.6501
-10.7554
-10.1367
4.49965
3.51274
-12.2061
9.89059
0.660839
6.63764
2.86451
-11.0985
-4.7502
2.5415
-11.3675
-16.6253
-10.5164
-9.20984
10.6529
2.4322
11.1058
3.24649
6.65743
4.35541
9.49217
-16.0934
-17.9909
11.3854
-5.70978
-0.37778
-11.1291
-9.66965
-2.48045
-17.1092
11.3057
-5.18364
-12.3875
8.40124
2.66856
10.6968
5.30206
-0.255148
-6.73525
11.3442
4.46487
-10.0492
10.5707
4.15726
-11.8576
-11.1767
6.17791
6.42844
9.28835
-0.679253
3.68711
-15.7555
0.893959
9.44658
-10.4099
4.43237
4.79536
5.89099
-13.7617
-10.0708
2.83762
2.96999
-11.4158
-9.81705
-3.17122
2.83638
9.16722
-8.65171
-2.26529
-2.50424
4.71795
5.0523
2.82724
-17.2519
11.1116
7.21638
-12.4275
-9.99254
9.75765
-6.64157
-15.1227
2.75767
-2.06819
7.67023
10.7756
6.39937
4.58049
-1.37411
4.60143
8.01408
-11.6337
11.0737
-8.02778
4.96583
10.0496
-10.1392
9.99099
-11.2873
7.45552
2.97429
-9.9996
-9.88216
7.37056
-6.37651
2.59443
-3.07478
-11.3792
4.19641
9.77604
7.83693
4.61452
-11.5804
4.55665
4.79238
9.82818
7.08825
4.16675
5.32048
6.61029
11.0687
-10.5545
11.5091
-9.39062
-10.761
4.51389
9.34199
-11.9056
4.94074
-1.47052
-3.4352
-9.69089
3.8485
11.3725
11.4644
6.62189
-8.60508
6.26934
-10.1103
10.0832
7.04729
7.27536
-11.4214
1.41743
-9.673
3.27833
-2.44461
10.7502
-9.87136
2.42935
-15.5241
10.4402
6.52735
-10.1135
-2.53849
0.0109526
-10.9302
3.21121
-3.63315
-1.33207
0.745606
-10.9101
9.88686
7.15651
4.25451
-11.1615
4.40269
-9.91762
2.99635
-10.3405
8.03069
10.7467
4.16814
11.1847
-9.54435
-11.3858
3.37386
-0.284743
-1.0641
11.0134
-0.573558
2.09872
-4.66609
-11.3713
-16.6213
-15.2501
4.92851
4.81277
2.69386
8.09723
1.70417
10.924
-7.58871
-1.66701
5.06205
6.14227
-9.91713
-0.78839
-12.0345
3.94841
-8.49926
5.29217
-12.1155
0.174537
7.78005
10.071
-10.0936
-1.36685
5.78345
8.03442
-11.7518
6.0179
-12.0798
-0.320787
5.84472
11.3702
-3.85997
-15.1541
-15.0537
6.87335
9.69582
-9.32643
-16.3806
-0.0793352
4.47504
4.27666
9.58974
-12.0252
-8.89534
10.1256
-11.731
-11.8769
4.7496
6.57597
0.413288
4.24099
3.9958
10.9778
7.31867
3.28617
-9.81432
-15.2355
10.8588
-17.1245
-9.73666
4.41425
-0.246513
-11.9369
-11.2318
-1.91965
-4.9506
-0.135009
-12.5323
0.469441
5.14597
0.322931
2.31992
6.88361
-0.953485
-8.41111
-11.241
9.91909
-14.2469
-12.5364
-10.4066
-12.7749
4.46994
4.29743
-6.8402
11.2899
-15.4308
-3.3832
-9.0209
-17.2725
-9.83209
-15.4443
-12.8448
11.0713
10.8779
7.6033
-10.4067
1.73184
-11.5556
4.39625
-1.77662
3.06503
6.99465
-6.52304
1.80419
5.11941
10.7347
-16.1819
3.0717
8.13135
-12.4857
-10.5565
7.81728
1.15957
4.44056
2.66222
3.30929
2.50866
-10.8167
6.15518
10.9639
10.8275
0.750429
-1.66437
-9.95233
-10.9378
-10.8989
-12.9168
6.79157
6.41837
-5.06872
-10.1055
-11.2472
-1.08534
7.54242
-4.43535
6.08106
6.16387
-2.25966
8.49171
-2.9853
-7.42327
6.43695
-9.92257
5.76471
9.72569
-16.0773
-16.7375
-11.5246
-12.2235
11.0938
0.508712
4.07245
3.92699
-8.9937
-10.7675
-9.89533
11.2911
7.02248
7.79226
-10.2557
2.52469
8.27707
-3.01162
6.44684
11.086
-5.83274
-8.45642
4.65719
-12.4437
-11.0426
5.63692
4.90639
-10.9084
4.55595
-9.26493
-12.7324
4.67537
11.5625
4.75957
-14.6663
-11.3732
-7.10704
10.2175
6.04618
9.66759
8.83228
4.92472
-12.4434
-10.6901
-11.1993
3.67336
-10.9716
1.95996
-9.70524
-8.80221
-11.3552
8.64709
-9.41539
9.81871
6.43426
7.40607
6.31303
4.53533
5.19234
-7.74042
5.67115
5.365
4.28922
-3.71519
-11.0862
9.68668
-6.4527
9.39779
-2.35299
10.7658
4.27981
4.5502
6.47339
1.84668
-1.01777
3.70008
-7.66077
0.785389
-0.540945
6.03896
9.24131
-16.2975
-12.4369
8.1811
-1.3147
6.02943
6.83855
10.4183
-9.91295
-10.0737
3.13908
-10.1632
5.71584
-0.66525
8.14948
4.99957
-10.5864
3.63085
2.96624
6.37343
6.57529
-11.2178
6.85082
2.81286
-10.5407
3.95091
7.13311
-0.678696
-7.08568
4.33952
3.42946
-10.9803
4.71557
-8.25041
0.0944219
10.1394
3.71238
-9.28402
-17.3175
-9.00576
0.921345
-12.027
5.24772
11.3753
-10.8287
-10.0079
11.2889
7.96332
-5.25823
0.787386
-10.506
-15.9676
-9.49541
5.60374
11.5008
-12.9178
-10.1406
2.96957
4.86621
10.2119
-14.5276
-9.91131
-15.5053
6.34127
7.82724
-9.84667
9.35125
-10.7615
-12.3908
-10.3562
10.1015
9.94571
-11.6116
-3.61123
-16.2128
11.0763
-13.9705
-9.47938
6.34329
4.38444
1.4242
-0.495607
2.64331
10.3113
-12.7531
4.10276
3.4567
7.4797
3.1284
4.18485
11.1279
2.96434
1.41012
-11.2017
-10.6992
-11.1602
-17.9006
3.60868
6.84522
9.45208
7.38604
1.48234
4.70338
5.23507
8.22459
8.98803
-10.6929
3.84201
-0.00125384
10.2776
-12.8124
9.47099
10.9056
-0.19321
6.30171
-9.72893
6.92831
10.8864
-10.9649
-10.3134
5.48301
-7.54029
10.3974
1.23101
11.375
5.16461
3.31208
10.4774
-6.23107
-6.61566
-2.51486
-5.83652
2.12382
10.6992
-9.2859
-6.92404
5.67668
6.95635
4.88762
2.51573
4.96087
5.44875
-11.396
6.53656
-11.3395
7.59919
6.54676
3.69571
7.36087
-11.2245
8.67344
6.49687
3.70412
3.33369
10.2908
4.77453
4.91449
8.16691
4.33264
6.26284
4.67322
-14.9568
-17.5126
7.04689
10.7156
11.3282
-2.44091
10.7035
-6.16283
7.8979
-16.5288
6.2129
4.48121
10.7431
4.46118
1.88337
3.73082
4.53004
-10.7129
-10.3076
6.68568
11.1566
-10.9982
3.64842
-8.26574
3.74724
11.0869
-14.7539
10.6374
4.47413
3.26026
11.0627
-10.8403
-9.73628
4.37114
1.95428
3.74816
1.44828
2.77547
-11.0124
6.22689
4.14689
4.644
6.26052
6.85647
-5.65441
9.05715
3.61105
-10.2101
-3.93975
3.87631
-11.0955
-2.09128
7.20046
8.23693
8.90241
-11.4364
8.1476
6.50823
-10.288
11.2873
3.80709
-10.9523
3.81564
-11.2476
6.74243
11.102
-11.3834
6.19893
4.41833
-12.1498
11.1958
5.52292
11.0472
6.81063
11.0144
3.86889
-6.14663
8.64617
-13.6003
7.27472
4.72002
3.02726
8.26812
4.69748
-11.3812
6.90617
10.9178
11.3514
10.6581
-17.2798
11.0032
2.98259
8.30731
-11.0364
-12.5281
3.83781
9.94606
6.18855
6.80867
0.419046
-11.8301
-6.12078
5.17306
-15.0062
8.44051
-4.88754
10.4541
3.41382
4.97797
6.72805
7.57502
9.66625
6.78177
11.462
-9.16068
11.5429
-10.2692
-5.13762
4.08495
-10.1164
5.34716
-9.95356
-9.67277
8.72322
6.03815
3.7821
5.52491
6.32187
4.09203
-9.34812
6.91915
-0.877851
5.78661
9.31341
-8.95743
6.99076
4.91332
10.3689
4.66857
2.9812
10.2755
-9.49741
-11.6317
-13.1219
5.23173
7.33812
11.4711
-10.0214
5.04286
0.590927
-11.2402
3.96764
8.51739
-10.715
3.92787
-9.12668
4.35445
2.45108
9.94476
-11.4248
6.16067
-9.09715
11.5529
1.36477
10.4836
-7.14156
8.25738
3.58523
-0.543337
6.9772
10.8304
1.71045
-15.6584
-11.0927
-9.31399
6.59046
-3.92845
11.4159
3.63014
-10.57
-8.62405
5.25601
8.28652
3.73102
2.43464
7.56067
2.83871
3.43342
4.49419
-12.0232
-9.841
5.09544
3.13197
0.21387
2.69621
0.434017
9.29012
-9.63645
-9.6905
8.30525
2.8693
3.92617
4.55009
-5.18117
-6.98761
-9.6228
3.74774
8.5665
7.81433
11.2446
-11.5571
-10.7598
6.45111
8.96741
5.20074
11.0274
-11.2981
5.66832
-11.0546
4.4
6.63847
7.86159
-15.4944
11.1616
9.32065
-10.4414
-9.16809
-14.6354
-11.2235
8.3333
11.2266
1.65144
-8.65853
5.29655
3.63348
3.68102
7.70474
3.73829
9.80261
9.39477
10.35
7.14039
4.9344
-10.1003
7.36004
-5.84996
5.77707
6.97557
-11.5263
-3.40472
10.3343
6.37082
-10.274
7.02294
3.41082
-7.84094
8.79015
5.01628
3.37933
1.16756
4.25576
10.4945
8.22548
-10.8125
-8.03424
4.39841
7.26153
-10.1344
-11.311
7.14544
4.56403
9.36536
-10.6466
9.02496
5.69993
5.88954
-0.691384
5.70701
6.10199
6.42281
5.54708
7.25794
4.49549
0.502493
-6.27437
3.04495
11.0363
-11.0112
3.8281
-11.5083
9.06911
10.0043
7.11402
-17.2196
5.58349
2.61278
-12.489
-10.4016
11.037
4.04455
10.5418
5.9133
9.0464
-0.333186
8.87923
-1.15458
-10.8532
6.62988
3.8639
-15.3721
6.29882
10.3105
-10.2738
2.8556
-6.62651
8.1801
11.1463
7.12629
3.90043
8.83793
11.4067
-12.3483
10.5961
3.1942
6.62052
-4.75541
9.39821
-12.2012
8.6573
-10.9029
10.2511
4.94882
4.05067
4.63263
-11.0517
10.7101
-11.9284
11.4351
4.82033
1.0485
-13.8146
11.5355
-11.9438
9.31692
4.94695
6.80862
5.19421
8.14476
8.32124
1.92671
9.66281
-3.58215
9.95843
2.24773
9.84529
6.80471
3.85489
6.27683
-11.1418
-8.92823
7.30007
9.33492
7.73448
10.9806
4.15822
3.70778
-10.652
-10.3655
-0.485117
8.3224
3.84847
10.6684
4.66856
-10.0446
6.9993
3.29497
11.125
-11.2595
-0.357832
10.5418
-5.77903
7.95135
8.77561
7.42203
-10.956
-15.4699
7.17765
4.25518
0.707312
8.93899
9.05084
-6.95277
-10.8853
11.0826
0.752297
9.11688
8.87173
10.3553
7.78784
9.42728
3.35907
9.20067
-11.9012
-10.6218
4.29822
9.57026
3.22828
10.4305
-10.722
5.35932
9.73695
7.33736
3.49347
4.57734
8.78815
-12.3641
-11.4268
-2.87981
9.90833
5.56865
4.38865
4.40037
3.98372
2.98048
3.58396
7.08749
3.18803
-15.4739
-6.62036
0.841561
-11.2057
10.4482
7.53395
2.67077
-11.267
5.32848
-11.0164
2.16794
8.81819
4.56694
-10.4112
7.56386
6.8531
-10.4022
10.2548
11.4766
4.67186
10.7602
7.42864
10.2061
7.97264
9.78181
4.18063
4.44235
5.06989
-10.0222
8.85045
-13.8117
9.90684
4.407
-9.45184
7.52216
3.5202
11.304
-1.0155
3.7682
-6.64018
9.05364
5.7592
11.5356
10.117
6.89539
-13.2844
4.29936
2.28226
11.1766
3.53623
4.46223
2.42389
2.86239
3.37051
3.93253
4.21264
8.99949
4.31105
-1.29377
-1.85549
10.7136
10.8531
-7.56573
-11.2817
10.6395
11.5028
10.3753
-11.7418
-9.77002
2.39384
7.88835
10.6061
5.90023
3.27057
5.66706
8.14411
4.60384
5.16534
8.88558
6.83594
4.66627
4.4248
4.53029
-4.54835
7.38781
9.40881
-14.7043
-3.82631
-4.50997
-9.83149
-10.8418
5.72755
5.60776
7.84018
3.2773
-10.7189
-10.458
5.0477
-2.95091
-13.6288
-8.38873
4.33977
10.5499
0.495109
10.6219
5.93144
7.41898
2.6939
-10.9389
9.94956
5.39188
5.15263
-9.49159
3.80099
11.3164
-2.23482
11.2393
11.2756
-11.2824
4.38108
-5.15237
-12.38
6.53919
3.77143
3.56429
4.3159
-1.98559
3.04693
4.35757
9.37125
3.57723
9.7997
9.48995
-0.561011
0.0832943
10.8936
-7.87633
5.45364
4.53929
-13.7544
7.17071
9.43644
9.31944
11.4994
10.3243
10.7955
9.08122
10.7047
9.32094
3.4033
-1.60986
6.6499
6.12253
-5.93486
-3.23558
2.90938
4.32663
7.02338
11.4579
-11.1331
8.11834
4.82177
7.13155
5.96557
6.82116
4.6449
4.03871
2.10066
-10.3631
4.61723
10.8947
8.73236
10.2601
8.49529
8.904
9.32154
3.33795
-0.616923
4.27961
4.56749
10.9848
7.24146
10.9931
-17.4827
-11.8129
-6.7936
11.4725
-19.1078
-9.08127
-18.7532
-8.86958
-8.79132
-18.6944
10.1315
-9.07935
1.787
4.717
-8.65884
-18.5742
5.90796
3.65239
5.14486
-11.1873
8.8925
-10.6365
-10.3487
8.71124
5.48665
10.5368
-8.9532
-15.5731
4.35778
9.3374
-18.3747
-8.81862
-19.5041
-9.20645
-11.2094
-14.9217
-1.39498
5.14953
10.9711
7.3658
4.675
-1.26648
-2.47834
-16.6192
-15.1617
-9.14678
-19.6763
1.83036
2.41449
-0.537585
-2.82893
3.52451
-6.59949
-11.1553
11.13
-10.7844
9.17529
4.29258
4.57816
9.5876
4.77174
11.1427
7.37092
11.3102
-10.2755
-3.71351
5.46272
6.40102
1.37875
5.6887
-15.6989
5.56666
11.1694
11.0615
-17.4554
-15.2263
10.3451
-12.6497
5.61915
-8.86367
-8.93145
4.51665
11.4802
10.9104
-11.19
-1.14285
4.64964
4.7107
4.94456
-8.42122
4.54525
1.85525
-0.557613
4.85092
4.10444
-3.23971
4.42061
9.9443
3.21701
-5.873
-9.61901
-9.46038
-7.93666
-8.3079
-11.3691
9.61392
5.33304
3.33241
2.65259
-10.5757
-18.0065
4.40958
3.69723
10.8192
-4.85568
-7.79172
-5.2819
3.94603
3.44916
5.14617
8.60215
9.00144
6.36688
3.73047
7.49722
-10.8702
7.39831
4.54892
10.3008
8.75051
5.62121
-8.89795
10.8319
4.17658
5.1312
9.23159
-10.0793
-8.60755
-6.17725
7.86768
0.930607
-2.74656
1.43333
3.80395
6.31827
-9.96501
10.1971
10.9157
11.5623
2.23646
9.60922
-11.8853
-9.98705
4.69919
3.15912
7.30756
4.6734
5.30969
8.35214
3.22764
-11.3322
-12.5887
9.68458
-18.9873
4.51518
6.44607
10.9943
6.86391
-5.44473
2.80248
-10.2321
-4.36062
3.41866
6.66524
-18.4936
-4.86002
-11.0122
4.01961
-3.84459
2.5125
8.99879
-19.5103
-6.53184
11.1445
-10.618
-12.9749
3.48317
4.22942
-16.9824
7.18519
11.5769
-7.35191
-8.12899
4.33265
6.74906
-8.83248
4.53511
-10.0591
2.95637
7.27254
-5.78097
3.50655
4.73693
11.2143
3.24343
-8.91621
-19.8959
1.7128
10.8724
-3.39266
4.14423
-11.3377
-8.40961
-6.34604
6.6973
1.95943
-11.166
-7.0068
11.0857
4.67497
-3.39932
-19.8401
4.1502
4.07272
-12.1459
4.80203
5.8631
-3.85011
11.4272
5.18376
4.76748
-8.95465
-8.49455
3.26358
-12.7555
8.34879
8.7367
0.0573363
-5.17554
7.84495
3.11463
10.978
-14.2514
3.01349
11.1101
11.1043
2.45456
4.45586
0.592136
6.72337
4.52683
5.03499
-6.01895
-8.93852
9.97317
3.19083
4.34463
11.3217
-10.0829
9.04845
-10.3268
5.97783
-3.51952
8.60358
2.81039
10.1287
10.2345
8.33841
8.44166
-9.06688
4.56502
-6.2542
-11.4744
-6.08358
-5.74362
8.47612
7.4477
2.96671
-4.44834
8.24174
-10.1101
-11.0954
2.65716
10.0971
10.847
-8.82498
-9.57342
10.6981
-12.4268
4.49907
-7.24265
-10.2203
4.6928
-11.0534
3.05395
8.69947
7.91836
-3.8832
11.5304
-11.179
-6.6006
-0.65757
2.13445
-11.5233
8.16831
7.86657
-2.48668
2.09201
4.53062
4.38638
9.9773
-9.00914
11.0164
-0.177968
10.9374
3.27555
11.0742
5.05528
9.36181
9.44551
-13.822
5.75598
8.31549
4.12477
-12.1811
10.4356
-8.51118
10.6055
6.25768
9.33275
11.1489
4.23676
2.1855
8.99461
-14.0886
-10.7201
-3.81228
9.29905
-10.5531
10.2978
-11.4369
1.43133
10.3416
-14.0555
-0.138837
9.29617
7.3386
-12.3113
3.03489
-2.15121
-7.76159
-20.0443
-8.94684
-11.7284
-9.01621
-19.9377
-8.84724
-10.9608
10.4745
-18.6322
3.07333
-12.85
2.57313
-14.9225
1.25568
-10.2092
7.44848
-5.52679
10.1705
3.26654
7.16026
10.6516
4.04056
1.41249
11.5693
-12.8944
-0.280743
0.694675
2.9072
4.54151
10.3171
-0.339313
-15.66
-18.2427
9.94667
11.542
9.68401
8.98555
-10.9686
11.4149
-5.9893
11.1951
-1.27831
0.316695
-8.76938
-10.3662
7.81497
4.83072
8.40344
6.63354
-8.87541
-2.96997
-10.8011
8.62938
-10.3698
11.4694
2.76981
0.638618
-11.9972
-12.1485
3.9477
-10.3376
0.796994
4.36742
-9.2241
-14.5465
4.44035
1.90491
10.0961
9.84923
-10.6431
-19.1516
-10.4731
-7.86316
-9.98569
11.4827
-9.00158
3.41428
-0.443872
1.64588
5.75492
-9.73789
5.8518
9.89378
-9.893
-3.57524
-11.3951
7.68313
-12.1284
-7.18105
3.06099
10.7089
-0.233932
10.4007
11.4646
-0.00650905
5.25134
10.7575
-12.2694
-9.76716
3.88299
4.62573
0.61315
9.31624
-8.97936
-8.96744
7.15995
9.96039
4.52477
-8.92286
-11.2828
-8.94994
4.65972
8.19856
2.55686
7.81696
5.00294
4.52771
4.0643
-5.11831
-10.4919
9.21249
6.82427
10.0192
-11.1352
11.5296
-12.7089
-4.1752
-9.04676
-1.96445
-12.191
-1.46216
4.17543
9.16186
11.5607
3.62373
-8.98038
-19.4377
11.5042
11.3133
-5.64992
-10.8556
8.45879
8.02026
11.5202
-6.3053
3.91412
5.00051
-8.48063
-11.0333
-5.64722
-10.2959
2.86085
11.2504
11.2542
7.52468
-9.08854
11.1845
10.5111
8.42786
4.11132
-9.38206
-9.75039
-7.01725
-11.0787
6.28562
-2.27599
4.79678
6.81894
-9.18669
6.36244
5.39574
10.0392
1.82235
-10.7793
10.0365
5.75553
5.84477
-10.2679
6.17746
0.449887
8.45592
-11.0711
-9.2877
4.92085
3.98022
-11.4772
2.49083
-10.5743
-8.09192
5.61017
4.43689
4.61187
3.79536
-11.0191
0.195101
4.39708
-3.83271
3.96908
6.84674
2.34706
2.63959
4.05274
9.51495
9.49198
-7.92184
8.55777
-9.44868
11.0865
-10.6686
-9.85667
-7.13256
4.95069
-4.73531
2.40217
-11.878
2.74119
-18.8921
8.28602
3.32412
2.90019
-14.5208
-19.3679
3.14268
7.3918
-11.2352
-11.3241
-10.5546
10.5346
2.41792
-11.6993
4.74637
4.28777
-9.50093
11.1826
4.81435
11.4198
5.77406
-8.95462
5.64095
4.86682
10.5843
-9.09453
4.31955
10.9915
-1.88861
-0.806383
-9.72979
-20.1865
3.66739
-10.8857
-6.62401
9.93302
4.79324
-7.2144
11.4217
-12.5369
-11.4359
7.67505
4.92672
10.198
-8.53107
6.89088
11.0581
4.56997
11.1088
-4.10261
10.7404
11.4835
-11.9586
8.30217
-18.6882
-10.6778
11.1338
-11.1703
8.46074
9.13636
2.66375
-8.55243
2.53586
10.0237
2.44496
9.50677
-18.1992
3.69255
8.65915
5.78608
9.27146
10.8428
9.63026
2.01308
11.4601
-8.98426
-14.4582
-8.94472
-2.87309
-10.7753
8.78791
7.99981
4.14189
-9.99745
-0.455449
-1.88644
-19.3378
5.83542
5.10469
3.84927
1.54164
3.64983
11.5375
-4.06393
-12.9469
11.2368
-11.1947
11.0436
3.76392
-10.8296
11.1118
4.84024
4.64768
4.43236
0.177246
2.87076
5.17778
-12.4305
-11.0186
4.53593
-10.8299
-10.5555
-0.674096
9.89121
-5.32413
9.35938
11.259
5.36627
-10.874
-13.0555
11.0583
-9.17843
5.28157
3.58123
-8.41808
-3.55123
-5.99572
1.37332
-12.0679
10.3749
-7.5539
-16.9516
-14.9941
5.80555
2.64493
10.7427
4.66334
-1.37472
9.81392
2.06866
4.25162
-11.7148
3.88741
6.4876
-3.57816
2.25379
1.5595
7.22416
-12.437
3.54971
1.05011
1.1934
4.56173
4.66864
4.06316
2.17713
-11.3268
-9.05725
9.80956
6.71947
-9.67302
10.1789
3.39911
9.72652
2.97663
7.47366
1.73056
-7.6386
7.1021
-9.81594
0.358821
6.9022
10.8383
9.0111
11.1263
7.36145
-10.4997
5.07027
11.2383
10.0391
11.392
11.0481
-19.434
-1.7967
-11.2077
11.3401
1.65833
10.9365
6.88609
-2.36582
1.41099
1.65706
3.57007
2.88777
10.0067
-1.67526
-12.4447
6.72469
11.1755
5.92751
-10.8598
-10.4055
-10.2492
-1.3902
4.56089
-11.7836
11.5015
-12.1689
6.37491
-18.2657
-8.54926
-11.0548
4.6634
5.44626
3.33911
10.5152
10.6972
-5.74463
-10.6359
4.37501
-9.91522
9.91077
11.2432
8.72484
5.96939
10.5287
11.4064
5.79129
-11.1378
10.3173
1.76092
-2.09584
5.15062
3.65335
-10.849
3.10482
-10.392
11.55
-15.155
10.0462
3.12892
-11.8884
-2.75057
10.5536
-3.18787
11.2827
11.2257
9.67471
-7.4074
11.4003
-12.3535
1.95103
5.97854
1.74982
-3.16904
9.68291
10.8359
-11.4103
6.98231
-9.0456
-10.4291
0.570395
-4.95734
3.57589
6.99646
4.39181
-5.08448
-7.06419
6.48006
-20.0549
6.67075
-1.78645
-11.5105
2.79229
4.79831
11.5484
-2.61272
-14.6947
-12.5742
0.777917
8.14484
10.477
5.43134
-8.48526
-8.95261
-19.4646
-2.61158
4.69685
3.47049
-5.38687
10.5034
4.32057
-3.65836
10.7341
5.16352
-9.52877
-3.18581
-9.00926
-10.4221
6.56998
-11.3995
-8.22457
11.0128
4.3831
3.32659
-4.77321
-2.36066
0.641931
11.2992
6.86904
-6.51155
7.2761
-2.2722
5.48277
-10.0839
4.76746
4.463
4.93269
-11.4964
2.70533
-18.6332
10.9459
0.359367
6.8272
5.87589
-2.67473
10.5625
7.43334
11.3124
-8.52774
10.4156
-0.58331
2.19226
1.49121
-10.3967
5.18183
-3.31433
11.5818
6.84148
-9.27785
11.346
10.8391
10.684
-2.69313
-10.4435
3.18531
-11.2142
0.509274
9.9316
-11.0004
3.0338
10.7318
0.809607
-3.67825
10.5466
8.12547
0.735845
8.66498
9.79806
1.58057
8.57631
5.48432
3.129
-1.67143
9.53806
9.85477
-0.156297
11.2704
6.37956
0.455823
0.827065
2.98477
8.24841
-9.82261
6.71878
1.70478
9.44377
11.5249
-10.9119
4.78671
11.004
-9.53099
3.61077
-2.46166
-7.2622
-11.998
5.15238
10.1211
0.542152
9.76864
2.2615
6.77031
1.62831
-0.192203
-5.29676
-4.1249
-10.6908
6.04649
-11.2604
11.0621
-6.35254
10.6517
4.31755
8.06493
10.4314
-4.56054
-13.3909
4.36008
-19.0086
-9.92907
5.83746
-4.74817
6.93913
9.69818
11.361
2.03317
11.3349
-10.4176
5.92144
-11.3228
2.26821
-11.3665
-5.21114
4.58805
7.36168
5.62168
5.60616
-7.76707
6.35471
11.1897
-8.02858
-4.75738
-5.28124
-19.5604
-8.90425
-3.90359
-11.3888
2.39396
1.70496
11.1433
-10.9476
-10.0563
-0.22893
5.70977
4.28808
-6.62764
11.0007
0.461018
11.2128
7.7868
6.82911
0.707046
-8.08533
11.201
-11.3615
7.78287
4.58185
11.0499
5.20068
8.52048
-10.5474
-10.8338
11.427
-8.76254
9.16644
2.72315
4.29568
4.07314
7.20052
11.3742
7.01696
-7.70965
4.37044
-10.9669
-11.1875
11.4554
4.62941
-5.45835
4.65519
-9.42848
-16.8996
5.50578
9.64023
1.91249
0.209217
-10.9863
-9.20682
-10.7765
-11.2721
11.5405
6.2897
0.0816856
6.78968
3.27406
-6.76322
11.3431
-11.5994
10.0921
0.435112
5.75408
10.7507
-2.75962
4.46455
11.0587
-12.4101
5.74858
-10.7436
-11.7118
1.12836
5.61121
-2.0951
-7.88228
4.49728
11.5352
-10.8851
9.18307
-3.68122
10.702
-9.04318
2.29901
8.40546
5.9414
5.98072
10.2381
0.365864
5.48031
11.3158
-10.5518
-6.23962
-1.68801
4.18136
9.72251
7.7712
-11.2606
-15.067
4.22753
9.90024
11.0131
4.98776
7.23922
11.197
-11.3548
9.22698
-14.4281
4.37024
9.58384
10.0604
-2.02898
11.2631
4.56889
11.0853
-9.40149
8.33095
4.46544
2.40761
11.3142
4.7812
-17.5389
-10.5723
11.2769
-14.634
0.312787
-0.666417
4.96983
11.3409
6.07828
8.60068
3.89125
10.4372
11.2003
-7.02483
4.87022
9.25496
11.5183
-10.7066
-1.37745
6.69947
10.0663
-11.4036
-12.6181
-10.1889
0.459229
-19.9904
2.00525
4.55774
1.0292
6.86671
-3.02358
-14.2519
11.4328
-0.684101
6.40948
10.0892
2.30985
-1.90277
9.37392
-0.835535
-9.75921
-3.79021
-9.71614
3.93517
-3.12423
5.04336
5.66539
-3.80929
-9.46127
6.92688
8.55929
6.72066
-3.92759
11.0046
5.5295
-6.45008
-7.6749
6.20998
11.1526
11.4774
8.73428
11.4464
-12.4402
-3.57029
8.33765
9.48189
-12.4606
11.3207
2.99774
9.57912
-1.29334
11.2646
11.0312
4.28097
3.27808
7.63276
0.146531
11.18
11.0401
-5.12485
7.03003
0.183309
10.8979
5.8973
-11.5364
2.62031
-5.58987
-0.381575
11.317
6.63519
-11.6906
4.5186
-10.6111
4.30262
10.0997
11.2506
4.38408
-3.83266
6.69395
-8.30699
6.97076
4.26253
10.1853
11.2241
4.32984
-12.7923
-10.864
9.65554
3.06985
9.89792
-4.64373
4.94657
11.0192
6.31227
-1.45153
9.63738
9.73999
10.9759
4.35901
10.9759
9.81306
11.321
-8.96464
-10.5501
-8.79146
8.98615
4.41983
-1.14454
-8.77851
7.64949
-7.91062
-7.17928
4.36038
-7.32116
-13.7433
0.726005
-10.907
-3.45807
4.44156
-12.9293
-2.49862
10.3385
-9.61805
4.51512
5.01825
-11.9008
6.26998
6.78757
-9.26876
-14.8969
5.15779
10.1122
-10.9073
6.96661
4.32634
-3.81732
9.28281
-7.40423
-12.354
5.08451
11.0708
8.99809
-9.38435
7.0184
6.40957
-2.43304
-9.56884
-1.74883
-10.362
-18.406
10.1368
11.5485
-1.09611
11.3505
6.61883
6.88085
10.7013
6.7894
6.58506
0.62538
4.76894
-14.9917
-1.23411
0.0486651
4.81002
11.1552
-12.5866
-5.6815
11.5421
-11.7852
-9.88467
-6.64738
-12.2322
-2.94815
-10.3393
6.83212
11.4583
4.29711
8.97506
11.387
-18.1242
5.40439
-10.3837
-10.1507
10.3964
7.05153
-3.19495
-8.96837
11.274
-2.95709
11.231
5.26487
8.43074
10.1601
5.92446
7.42654
-2.90101
5.80484
8.82106
7.0257
-10.4755
6.17389
6.64941
-14.9093
6.8038
4.10817
8.41379
10.8092
1.47147
5.54481
-8.40171
8.43708
-3.13439
6.89286
-10.6085
-4.37196
6.0062
10.5939
10.8319
-12.8428
11.0142
-10.1214
11.1952
3.94756
10.8994
3.7519
-10.5044
4.28357
-10.8485
11.0967
11.3511
6.9435
4.51422
5.55831
-10.1061
-11.4423
-10.8143
-4.85472
1.36043
5.72501
-9.96301
5.69671
10.0206
-9.77814
1.80016
-3.90019
-7.39278
11.1504
-15.5639
9.31454
6.41986
6.96845
10.3068
-15.2398
-1.36688
5.06847
-7.47835
-7.99089
10.1204
11.2079
-11.6447
-10.8735
-16.9199
4.09749
11.3748
0.790785
-10.7704
-11.3248
-8.8757
-5.14964
5.31319
7.23997
-4.7048
-1.18291
11.1083
-12.5341
-10.4367
11.1236
9.11448
6.60315
-0.277624
4.41063
-7.42219
10.7759
-5.9032
-11.108
-10.9576
10.861
-4.18397
11.4446
5.0453
-10.0459
8.83741
11.5681
8.66228
-11.4453
10.3652
7.18574
5.74648
-3.7282
11.1923
1.31114
-11.3299
-11.6523
3.80915
4.74686
-10.3534
-11.8631
10.3406
4.56481
11.5232
4.28612
-10.9282
-2.97495
-3.66625
8.38097
10.9363
11.4212
10.7052
-11.6448
7.86328
10.9382
-1.71798
10.9237
9.31741
10.5809
7.7882
10.7873
7.9238
4.51207
5.13189
-12.6099
-12.2714
4.54656
10.3813
8.56438
10.5008
-20.1438
-11.0391
5.32276
5.08174
4.64843
4.60175
-11.05
6.53643
4.28066
-1.89122
6.75419
4.0453
10.3009
8.29471
-5.92636
-10.7295
-1.41121
6.19687
7.28268
10.5806
-9.73743
10.5086
-14.8517
-11.5503
-9.07412
5.65368
10.9821
-14.7505
7.99775
2.152
6.52904
10.9542
6.75943
-10.9722
4.65274
-10.4876
7.52682
-1.24133
-2.52997
10.8782
1.12327
4.3386
6.8848
-12.6685
10.6915
8.93706
6.78591
-13.9692
-12.2292
9.75026
-1.43368
-11.1482
-11.5995
9.75116
-10.2829
-7.90995
-15.6975
-10.925
-11.5596
10.5058
8.18549
-11.8745
-14.5245
-3.66718
2.52839
6.93911
1.20683
6.549
11.5764
2.01061
-8.65366
-5.27767
4.64596
8.28593
-8.82256
4.62082
4.49636
4.33813
-2.22058
7.44241
4.68947
-13.8554
-11.4567
5.44665
4.91394
-10.2618
11.4964
7.66069
4.98235
10.7044
4.13187
-0.969047
-6.1447
-8.16053
-11.5909
6.99773
6.85537
-3.13354
-11.68
10.5544
-12.1054
7.15061
-3.49657
8.23196
-11.1917
4.38994
9.34727
7.54212
-10.8924
-3.16378
-19.5277
-5.06805
10.9772
7.21015
9.41194
0.345385
-11.6101
-18.4374
-10.6451
4.22607
10.9055
-0.791199
7.72583
4.03453
10.9111
-11.0208
4.46972
7.71393
11.1755
4.19498
-11.759
11.1829
2.12523
-9.00894
-11.1517
6.5457
9.22408
9.97873
-10.7033
7.29717
-11.0715
7.27649
5.52131
5.86662
-6.42812
7.99434
6.81606
-9.36254
11.0837
4.38102
5.03601
8.0538
3.92708
7.53237
6.51717
4.7061
3.74033
-9.897
5.72929
-16.0197
6.74447
-14.1007
-12.3459
8.87362
6.1265
-10.5261
-9.2102
7.76586
9.03577
7.22101
-12.7748
-3.74505
9.69319
-12.7005
7.91622
-11.125
-2.32676
10.2345
-9.58412
9.82982
4.41535
8.72641
-6.32273
-11.123
4.74473
7.80124
4.79996
10.642
4.36201
-6.27516
9.54733
-13.1085
-9.0398
10.6018
-12.0695
-17.7794
9.82599
-12.0989
-9.39619
9.23226
-9.90636
10.1293
-10.9528
-9.53318
-19.8882
-12.645
-0.0812758
10.0271
9.4448
1.48475
11.3128
10.3537
-10.568
-12.2625
8.06235
10.7233
9.55332
-9.88845
9.72753
11.5238
10.2103
-12.1432
10.324
9.93397
-8.9818
-18.1656
-9.6764
6.15499
4.50297
4.36924
-9.52962
9.18208
-8.49354
9.33289
9.32466
11.1146
7.85965
-4.51341
4.73264
-10.5002
10.1183
-11.9457
-0.142136
11.4523
5.86731
7.4328
9.69727
10.5076
-11.2298
1.84301
11.0097
6.34623
10.1109
6.18144
-3.07455
7.9101
9.42221
4.66844
-11.5422
7.00118
3.81653
4.30289
9.97349
-9.21989
-11.3179
-11.1063
7.60109
9.41205
11.4926
10.1577
11.4936
9.56741
-11.2992
10.8359
8.40938
9.75713
-11.5541
4.81216
7.9222
11.0246
-10.4196
10.2019
11.4835
9.63199
-7.2534
9.62523
6.78283
-12.4218
11.014
3.53525
9.3781
6.0162
-11.6871
5.17734
-1.45172
11.1225
8.53493
8.63362
-11.4067
6.53795
9.59165
3.41165
-13.4808
-5.52027
5.50471
8.10851
-16.1979
-11.2247
-5.26514
10.3895
10.5461
10.7188
11.4404
2.51949
-16.0586
11.4659
6.8111
8.6532
7.13842
6.7579
-7.93723
4.47679
7.52342
6.34848
-3.40488
-8.18508
10.1362
4.22242
-9.97982
9.8482
-19.6003
6.79973
7.01901
-4.04777
3.96203
3.60616
11.0723
11.4967
8.93171
-8.22061
11.7034
-9.22028
-8.98914
-4.2405
0.463121
10.5578
5.54562
6.19722
-12.8606
8.4997
5.13608
4.49713
8.88083
-10.9869
7.27176
-11.361
-11.5127
9.97794
10.2507
8.13521
11.0452
8.33289
10.1065
-0.146325
4.31387
10.2545
11.4102
-0.470628
4.14962
5.30628
10.6711
4.40468
7.81481
6.83315
4.75383
-12.9736
5.367
-11.5819
11.2442
9.91161
6.44232
10.8367
6.80518
-12.4635
4.51911
-11.9395
-10.8327
9.16255
-1.97713
9.91069
10.4573
7.8409
3.8549
6.02034
-12.6882
1.74989
8.61341
3.97569
8.02193
7.9819
11.3097
-10.8381
4.29772
6.90871
8.84932
-12.3643
9.39363
8.01227
-11.4868
-8.55295
8.99601
8.77856
-9.17148
11.4053
4.14376
1.25786
4.73843
9.3207
10.6624
7.61055
6.74521
5.58596
4.1254
5.33761
5.91128
4.2625
-8.46298
1.83521
7.61213
-18.2572
-11.4687
-5.2932
-12.8302
0.609037
-8.36409
2.01774
-15.7424
9.96214
7.84328
7.75837
11.154
-13.4199
8.36495
7.41822
-2.53835
5.52852
-10.1036
1.17824
-1.08827
7.9858
4.17966
9.87553
11.5109
-18.773
-13.6213
-4.18264
-12.1128
-2.61521
-7.8529
-1.97849
4.38079
1.09332
8.07334
10.0361
5.65587
7.66726
10.4099
-11.7616
-11.5967
8.52152
11.3711
6.61463
10.7108
11.3622
4.25299
-2.4676
-6.87147
4.95187
-7.97295
6.26684
5.23426
9.95785
6.649
9.21534
-11.4573
-7.23044
-14.3666
7.7181
-9.54275
-13.5994
8.19988
6.02649
2.79393
-1.88176
5.06611
-11.1231
11.3277
-17.2128
7.93545
-17.4589
4.21836
1.36934
7.77829
10.3293
10.3518
8.48153
10.0051
5.51416
6.78309
10.9796
8.76995
9.897
-6.13052
9.95603
7.01283
2.11014
5.31035
6.02868
7.11539
-10.3995
7.56142
10.3542
-1.96381
9.49548
7.16729
4.67311
9.76014
-11.7001
9.90182
6.77181
5.8356
6.87229
-17.7525
8.5256
8.06513
-16.6386
6.80724
6.33049
9.59684
6.60508
2.6589
9.87106
8.18435
7.99477
5.00165
-7.15859
-10.1379
-14.8296
8.19655
-11.5104
-18.389
-8.78053
8.68504
5.19919
-7.3457
7.72579
7.16413
-13.1565
8.95345
-10.2378
5.40313
2.97956
-3.85857
-10.1435
3.91917
6.94885
5.74099
9.37643
9.62503
1.56838
10.4517
10.7376
-2.45378
10.4611
10.1958
6.82323
9.7834
1.11155
0.999756
8.78823
3.57778
4.45218
4.69901
10.9302
-4.97286
-5.88691
9.93986
-8.96359
7.60751
6.80252
4.69165
7.97635
3.41769
10.899
6.57087
-14.793
11.2762
4.01337
7.44692
10.0103
2.17854
9.92081
5.63991
-8.98235
11.0976
4.63396
7.78587
10.9851
11.5469
8.29493
-8.62182
9.39552
-2.19682
-4.97718
3.63712
4.36819
10.0715
-8.93305
-9.9741
8.81198
9.90367
4.57409
-9.26428
9.05588
-12.6701
-6.54547
10.4771
11.2321
-11.6581
4.34617
-11.1788
4.46027
-3.83673
-8.521
11.3533
11.1254
1.94327
11.2218
-10.8323
10.8056
4.82425
7.44184
10.1199
10.2751
-6.21106
8.64259
11.1608
10.2258
6.68201
-10.975
4.44409
11.5132
9.68023
-11.4617
7.1333
8.80312
-6.42326
2.80101
7.98002
8.79653
-16.9821
9.63474
9.5298
11.0888
4.74752
-14.464
3.65452
10.9207
-12.847
2.12404
9.45306
8.52302
10.7601
8.81222
-6.5673
-12.9096
6.44766
5.41145
-6.56126
-8.91802
-19.4614
4.39217
-18.1781
-8.92886
6.92031
-6.78184
10.5325
-8.85703
11.2515
-13.6167
2.39963
-10.5748
10.8597
11.3099
-7.18475
7.45551
9.63745
11.4444
-14.375
-0.550028
11.1866
6.26175
6.05006
1.67421
-12.8413
8.56979
4.55327
8.24318
8.64726
-6.93456
9.67085
-7.35308
4.40835
-12.3892
-11.8287
-9.1036
9.02719
4.48986
-12.7209
3.74161
2.88569
5.91409
-11.0809
-10.3167
-1.63297
8.71073
7.55237
-10.3798
4.0273
9.90587
-14.2252
-5.65235
6.22202
-14.9097
5.02577
11.3759
5.18625
11.267
-9.53181
6.06413
9.62185
3.72246
-3.09983
-12.5913
4.209
-1.04393
6.63323
8.50405
8.13566
2.65522
-7.84286
5.65927
6.62712
-4.60066
3.10567
4.34809
-9.53888
-11.3243
6.91932
10.8473
7.1823
6.88504
6.78812
6.58579
9.83326
-10.5297
-10.3821
6.07741
-10.7877
-4.27988
10.9655
-14.7574
-0.0103166
4.72019
10.4907
11.2307
3.91006
10.1676
-7.34623
8.62951
4.37645
4.28369
9.38774
5.9148
-12.7861
11.4902
10.1453
-6.60098
9.37322
10.0828
6.73762
10.3332
7.0886
-11.4932
-10.8296
9.12299
-2.11632
9.74945
5.34409
11.081
7.71575
-9.69111
10.5528
9.25137
9.85113
6.92019
6.81893
-5.86235
7.05048
2.27107
-8.37514
5.30065
6.37457
11.4763
-4.52387
6.38762
-12.4621
6.80258
-12.8245
-9.8467
8.97748
7.72528
10.6009
10.3974
8.06929
-11.5043
11.4382
-10.4317
5.11145
10.4133
9.2173
6.76922
8.7018
6.95917
-11.4508
0.774484
5.4237
10.9692
8.69121
-13.6773
10.5989
-11.0836
-0.915561
10.4664
0.219057
-0.659546
-9.55933
10.4051
-11.882
7.52979
5.06134
5.23537
10.3872
8.72627
-11.3992
-10.5672
7.79392
11.0439
-12.6146
-8.62641
4.35459
8.97456
10.9144
7.09253
-10.6116
1.63412
2.76743
-8.64226
2.37957
10.587
10.533
11.1643
6.10339
-19.3758
-12.6553
4.15154
7.96769
8.76047
-13.2898
7.17182
-13.5937
7.55201
4.34698
-12.2289
11.3543
10.9875
6.76039
6.76326
11.1179
10.7646
9.74581
7.13363
7.96202
10.1196
2.21419
10.5334
11.1687
5.00293
11.1608
-15.4507
6.80675
4.48082
7.73933
-9.9815
-10.4417
-10.4207
10.9887
4.33757
-9.10944
4.81455
4.69165
-11.7298
3.72072
-0.15565
-13.5186
-10.8084
4.59844
11.312
10.8428
-11.2441
-14.1396
9.8839
6.95698
-0.290692
2.59046
-12.0756
10.0572
8.23671
-7.23889
-14.5393
-14.5294
4.57286
5.73427
9.85501
10.8759
3.40552
-10.8426
9.15616
-11.5314
-15.8761
9.62189
8.39797
8.84462
4.77815
3.18873
9.45805
4.23598
11.4435
-10.5275
-11.9992
6.1152
8.4516
-9.68153
-19.0215
-12.8132
9.32074
-12.2361
10.3237
4.55376
11.2008
-10.5585
9.96659
-13.3845
-12.0193
7.67037
7.28788
9.5293
-17.0798
-12.2499
10.9114
-5.76064
9.82333
9.90553
-10.9446
10.4617
6.29286
-11.5372
4.50446
1.75269
-8.19957
7.60606
7.3964
3.53719
7.19412
11.0963
4.46671
6.7986
-8.71142
3.05677
10.0008
5.25364
9.29136
6.64513
9.46591
-10.9834
5.32432
9.62451
7.84421
3.20259
-15.9832
8.77872
10.5704
-13.7926
7.78181
-0.552657
6.28755
3.39464
4.98805
-14.113
10.8339
8.74807
9.22261
3.55694
11.0404
-12.7434
6.02203
3.00141
-9.5538
9.20616
-5.7642
-17.1672
3.79398
7.62504
9.27849
9.46559
5.64666
8.778
0.314842
5.53756
9.59179
4.30587
5.56277
9.36502
5.86028
-8.80582
-12.5838
-16.5306
-4.87249
11.1529
6.7485
6.23912
8.81044
-11.4543
1.67553
5.19839
-2.79209
-10.991
8.71617
10.1863
-12.4268
-10.2348
8.1553
4.22633
-12.4107
4.57053
6.67763
5.3834
5.88024
-18.4714
4.4821
11.5126
4.44376
8.9696
10.8521
4.54995
10.546
10.3576
4.3925
7.45344
-14.3343
9.72486
10.4809
-12.1818
5.40454
10.0665
9.23761
-12.8296
-15.2049
7.77716
9.41273
-6.16454
10.2373
-11.8217
10.3312
4.3628
11.4362
6.0568
7.3962
2.19813
10.6065
9.49546
8.36338
-8.1304
-5.04534
-19.3429
10.6425
4.28316
-9.38522
-12.7273
4.19063
4.25673
9.66138
-15.2154
9.63848
6.06417
4.2504
5.17582
4.539
9.26596
-15.7527
5.40457
7.25948
6.87555
-17.7744
7.71588
10.198
-18.6103
10.3647
-0.851427
10.579
10.0754
-14.2133
4.99944
-10.083
10.7855
1.37657
6.31212
-12.1356
-9.7801
-19.2427
2.52388
-12.41
-0.0327875
9.05683
9.0622
-5.23324
11.1588
11.386
4.35311
-10.4189
4.27521
3.84219
-9.79591
-1.09026
5.25938
-5.04037
5.97612
9.19048
9.31733
-10.839
11.1641
6.0538
7.04175
5.96795
5.21459
-4.68088
5.06034
-11.4774
-10.2838
4.3275
-1.81858
11.5229
-9.05207
-13.1075
3.55662
4.33632
6.32092
5.32517
0.167028
8.64076
5.4708
5.4283
-17.4817
6.51153
1.60693
5.96073
8.86837
-2.35874
4.52474
6.53526
-17.0233
-18.7938
-11.8093
-10.4119
-9.66544
-12.7094
9.36335
9.29768
5.89039
10.6669
-3.20471
5.97389
10.0392
5.29663
4.66597
-5.91409
9.90211
-10.9748
-1.04368
9.35504
-20.0586
4.42638
7.34577
-2.69872
-19.32
-10.0935
11.2955
10.825
4.26489
7.02068
-11.4585
-5.64835
8.23923
-12.8074
-11.1214
7.69895
10.0576
-11.2462
-9.59541
10.745
-18.5336
5.86505
1.3792
6.24054
6.30132
4.31463
6.57674
4.14972
-12.3922
4.78951
-9.61421
3.97727
4.52289
10.0422
9.96126
5.2451
11.0337
-5.92367
4.20839
8.78164
-9.97425
-18.9832
-9.79184
6.33917
-10.712
2.00409
6.51252
-11.2071
6.76522
8.67241
-11.7986
4.31075
-11.3563
5.48076
-4.31266
10.7441
8.07154
5.0762
7.14654
4.34723
11.132
8.50637
7.32102
10.9074
11.0018
6.19922
-19.7549
8.73053
3.178
5.2941
7.00805
6.54308
6.20764
-11.3735
-13.1441
-13.3288
-12.3414
-4.90629
-4.86198
10.006
4.30723
6.95842
9.28057
1.48698
10.1743
4.41604
-11.0349
-0.358516
10.9812
9.81623
8.72461
5.3464
10.3847
-2.48065
-7.51182
-3.02428
-11.6991
5.14703
-11.9352
10.1504
-8.50614
4.31902
5.37894
-10.5716
11.6074
-12.7804
11.1895
5.53848
7.91129
7.95502
-12.4516
-10.2671
-11.5586
9.47839
10.6345
5.46601
8.67586
6.77315
4.72417
6.07155
-11.284
6.37687
5.72381
9.88263
-9.97517
6.69047
5.84359
11.0429
-11.1775
8.93697
-13.5536
-11.5201
8.17851
9.05849
1.10282
4.51321
9.70777
-8.50626
9.71361
4.4107
-9.17917
9.38176
-16.9468
4.94866
7.46478
9.69587
-13.7892
10.3913
5.22579
8.11544
0.642483
8.84869
2.24735
6.4982
4.31004
10.2634
7.72779
-14.1228
7.36286
8.00805
7.07433
-8.04177
-4.85301
5.68225
2.64804
11.5206
-10.485
5.17501
4.22498
7.72096
5.0681
9.75756
9.01763
11.2276
-18.7106
11.1351
11.3406
10.4211
9.5514
-2.87991
4.28593
9.236
3.91506
9.11177
4.56001
10.9584
-19.2128
4.98449
-10.8692
5.85533
10.3634
8.23689
9.74831
0.961243
6.517
-10.0302
9.60719
4.04069
5.44253
9.70134
6.32348
10.9684
5.0331
7.35987
10.1665
7.38351
-4.59819
7.28091
11.1485
-18.0098
11.5943
8.89586
9.10562
-6.17938
10.3476
11.2447
-13.2121
9.66778
-11.5177
8.25446
9.60677
5.19572
2.97689
6.43654
-7.70492
9.93119
6.75301
6.68174
6.34024
-11.7397
9.54414
6.17999
4.531
4.85626
6.48043
3.57958
5.2046
6.02289
-0.654929
4.56269
10.2891
-9.28701
6.6096
-10.1389
6.94863
-0.283494
9.74751
8.25533
4.87948
-11.6408
-10.8445
9.28652
9.2395
-7.16947
-8.95428
-5.76229
6.73933
4.19911
5.64152
-3.47674
-16.9141
8.65527
10.5045
5.12699
7.25695
-12.1555
11.4261
8.31179
6.24491
7.91852
4.68633
7.78476
5.42149
-11.6699
10.0901
4.84369
-18.4133
2.86075
6.20412
4.43407
-10.327
8.0828
-0.531677
7.39199
7.78708
8.55653
10.5235
-8.82968
4.70285
4.40109
6.5644
5.58816
2.95993
8.38838
5.84561
-12.3877
5.23149
-12.54
11.4488
8.83663
7.9476
11.5827
-10.4073
-5.05108
10.2427
-2.0291
9.50039
9.80841
0.779163
7.02653
11.002
-11.6168
-8.97104
-10.403
-7.50756
4.38014
6.18176
11.352
9.16546
10.0014
4.64398
10.6102
4.28302
-19.7612
-12.3934
7.48099
-8.45506
11.42
-15.7977
-11.9615
7.31667
9.08762
-15.3803
-7.04238
-11.7286
10.3135
4.33829
9.24961
4.88509
-10.2453
-10.3373
4.9056
7.60221
9.83734
6.54927
4.33426
11.1677
4.65079
7.83825
8.006
9.46701
10.142
4.72696
6.84735
-10.6134
9.08824
-7.88172
9.02489
10.5901
10.2304
5.95351
9.61885
8.4493
-17.4048
11.4186
10.7704
-7.42808
7.53737
10.5081
7.99514
5.46608
9.59037
-9.65647
6.26564
9.36505
8.57966
7.05381
-10.9388
-8.69944
-11.9106
9.89111
2.56156
4.21352
4.25301
2.0148
11.4671
4.29463
11.2585
9.22563
-9.59899
-19.2504
9.38481
4.50541
9.29422
-9.30134
-18.7378
-7.23323
-10.7585
5.25929
-15.7064
6.93513
9.91556
9.78324
5.03621
7.56409
5.07824
5.67091
9.39966
5.80722
-9.43242
6.27797
10.4002
4.68871
10.6016
4.35323
6.41812
6.92317
5.06858
4.46141
2.00594
-8.53694
9.15641
4.94811
11.3795
10.1854
-10.253
-9.00788
8.1469
-12.5011
4.9162
4.89491
9.76404
2.15234
9.581
-10.9475
3.00924
7.28772
-12.2856
10.1537
8.8538
-11.2109
-0.94069
-17.5079
-9.12667
9.59036
10.5767
-14.3248
-10.9138
-10.865
6.21677
-9.44142
-10.755
9.1571
8.61681
8.84499
5.62492
-6.21801
-0.14651
-11.3232
9.82729
-10.5047
4.51446
-2.50757
9.1532
6.68744
7.57236
-10.4024
4.97048
9.40586
9.95182
-7.33131
-18.3074
8.00431
9.15506
6.08011
8.79801
-0.239103
-15.179
-12.1461
-2.77596
4.44343
5.16456
5.26338
-11.825
-11.8545
0.431621
-2.5621
-9.21962
-13.9144
-11.8054
7.09258
-11.7536
9.36716
-7.10379
7.10538
10.556
4.38636
9.56426
-10.2655
6.50056
5.18668
9.01885
-11.9539
7.35318
-12.504
-8.68929
5.72999
-7.59913
11.501
-17.6518
10.1766
-11.5129
-9.31226
5.67555
-11.6601
-9.90595
-10.9579
5.93811
-15.3684
9.20108
-9.81645
-12.7718
9.45995
-13.6276
4.63004
9.68227
8.33862
-12.1078
-10.8898
4.17427
7.92592
6.23097
8.45073
10.8257
11.0616
5.53369
6.17885
2.06836
9.07709
8.02411
10.8592
4.62458
8.08584
4.40965
9.87572
-12.2755
-8.4038
7.93584
-9.5043
-19.1277
-10.1636
7.94916
9.80815
-13.1949
7.88267
5.33882
10.5546
6.90363
-8.22464
-10.962
-4.07884
9.63267
8.41453
-9.60642
8.17216
-10.8637
9.90698
9.89899
-9.72051
7.27392
-12.8786
10.0576
6.32052
-6.6838
6.8389
9.67282
6.01954
4.7455
10.1768
7.44748
11.2468
1.26292
10.2429
4.22512
6.10121
10.2755
-5.90675
9.79985
7.74429
-12.7154
10.7117
-12.2949
-10.0403
11.0109
9.02535
-0.195924
9.96552
8.29
-8.68558
7.85096
11.4771
9.47403
8.31079
0.919856
-5.6584
4.57773
-10.1394
-9.45115
6.36391
11.3948
10.6421
-10.6299
9.49431
8.72412
-14.1845
-11.4003
-10.1781
11.0771
-7.41612
8.0273
0.084935
7.88366
-12.4608
0.974209
4.24624
11.1354
4.37432
-18.3468
11.374
-9.87634
8.50774
7.39723
8.5449
9.12842
8.07999
4.14742
8.91636
7.29528
-7.96707
6.07882
-18.0686
-10.144
5.51561
0.482569
-0.674537
9.60555
-1.28954
5.90234
9.1672
2.22635
10.347
5.86009
-10.3223
-2.04601
4.87418
8.35046
-11.9383
4.68326
-17.0479
6.06382
-12.5206
0.37311
4.63357
10.136
4.30919
-0.605464
-7.02609
-2.40055
-12.5006
-18.8006
-9.6249
4.22006
6.49173
-11.4778
11.028
1.64529
10.0049
6.78033
9.55691
9.16257
8.78181
-13.3033
10.5906
-10.9862
8.77888
6.59868
8.77941
9.2221
5.5694
-9.53765
3.13067
-9.58596
9.26483
-8.10908
5.88675
5.96287
-11.7604
-11.6368
6.35566
8.59777
6.56152
-12.5912
9.08622
-15.3849
10.1941
7.28345
11.4593
-2.95619
-11.5581
-12.6515
-9.7631
11.55
-18.7028
-1.24692
4.73863
7.53742
-17.7329
-10.9889
4.70652
4.1679
-13.4726
9.92584
4.2117
5.11261
5.29037
9.1507
-17.1207
6.17066
6.02025
4.70846
10.575
-11.9905
5.4093
-6.65862
-16.0276
10.7912
9.52442
-15.5122
-6.68436
4.5178
10.399
4.30678
8.86158
-12.2491
4.52437
4.47885
-12.701
10.7627
9.3284
-11.1051
7.33701
4.88241
9.30211
4.50336
-11.1833
-18.7228
6.85367
7.37581
9.01649
8.8344
6.18652
-7.96657
11.3866
9.7394
6.61342
7.59807
4.30235
-12.0083
9.27475
-11.7595
-11.5639
9.34547
7.83755
5.21089
5.48389
6.87933
-2.07938
-10.7107
-12.041
-0.978175
4.10824
-11.2782
-9.10613
6.43109
-10.5302
-0.548959
-10.9763
-11.8567
-10.7355
9.09493
1.29456
6.01434
-9.26545
5.58356
4.94071
9.89259
6.87037
7.38342
9.67088
2.73077
-18.7016
4.36183
2.21494
4.23571
4.02673
4.68395
-8.93473
-0.262542
-11.1489
4.8941
10.4822
10.7807
-11.027
-15.3234
-17.9152
9.29779
-11.1296
-8.22932
-12.3588
10.7108
9.71601
-0.797284
5.96808
9.47102
4.21857
9.92931
9.51591
-10.1783
-11.5811
4.31389
9.79877
-1.8232
9.37617
-3.56426
7.17937
10.3947
6.95517
6.295
5.24614
4.52812
4.82283
-12.3156
9.61897
9.41536
-18.5928
4.52918
-2.84904
7.90639
9.59776
5.93604
-18.6385
-18.0955
4.33746
-11.5926
9.09469
9.33015
4.72791
10.7585
-10.9496
-11.3292
4.80323
1.09343
5.87113
-9.06661
-18.2635
-2.75123
11.3868
-11.9883
-9.19251
8.55888
4.18924
1.84029
-14.3169
4.99452
4.39075
11.5515
6.82899
7.59933
-16.7324
10.6872
4.10716
-9.85149
11.1166
7.96149
7.30307
6.41103
6.65356
6.19465
6.1258
-12.5639
9.70239
5.3895
5.63593
6.62331
4.37001
-5.23803
6.00509
-4.9734
5.94854
9.21441
-12.6515
9.37721
-12.4663
4.73212
-12.8497
-13.1559
4.76676
8.02797
7.54606
9.82034
7.68134
-14.9252
6.62771
-9.67361
6.57918
9.78035
-11.727
6.78916
9.40024
10.2127
10.3629
4.18614
-10.6655
0.442335
5.8482
-10.3345
7.9541
6.65903
8.00904
-17.4028
-13.3675
11.5472
11.4104
-1.3603
8.79813
3.50615
-10.9351
8.2926
-13.1355
-11.0995
9.04454
9.40498
-18.8218
-9.75699
11.2342
7.27492
6.12295
10.8666
4.2858
6.21201
-15.6845
7.64203
10.7838
5.51875
6.13445
8.3111
5.92875
10.5201
5.20125
-10.9062
-11.7634
6.22823
-12.9054
-12.9377
6.66107
-9.18645
4.01037
11.3033
-11.0046
-9.50236
-4.70794
-11.2598
5.30865
9.00908
10.3499
9.82904
8.8934
9.65904
-17.8803
8.85175
10.4412
3.05107
10.3584
5.52634
9.10923
6.54302
-13.8062
-10.1696
7.47797
-1.49143
3.2659
-13.8579
6.7201
10.374
-18.6242
-9.58846
10.3027
10.4735
-12.5815
11.4249
6.09769
5.34366
8.64255
3.44209
-20.0433
-0.973225
9.73865
6.87409
11.451
-10.5923
5.29996
10.2451
6.78164
-17.103
10.3419
11.4138
11.1497
-18.3169
-10.9745
-10.8797
4.41018
-8.03099
-11.4263
5.58503
-10.4081
9.69269
11.0835
-7.42251
-13.864
10.3097
11.1952
-9.75439
-18.0194
4.51572
-10.2054
-18.8692
7.90756
11.144
1.85196
4.3954
-10.6867
-12.3828
-11.0959
3.51911
-13.5139
3.03992
-18.2022
-9.63324
5.6213
6.74915
6.17975
9.29756
4.38504
8.3466
-5.19975
-12.6201
3.68888
4.14142
5.61243
-10.406
4.37597
-15.9321
10.6895
-18.3281
-15.5041
-9.38897
11.2844
1.9183
-18.3624
5.34455
-9.72323
-18.5739
6.27447
10.3154
-11.6585
-9.69817
8.33883
-9.7312
5.86487
-9.76473
8.79496
-2.7642
-0.851511
3.34668
4.23667
-12.7165
0.861775
-11.2774
-3.66899
-17.1156
6.80966
-9.64871
-18.0507
-1.64396
7.00795
4.97736
4.37508
6.04291
10.0741
-9.21914
7.66632
5.91027
-9.54195
4.56625
-12.2637
-9.9462
-8.77998
6.06216
-8.98205
-17.6373
10.494
-9.92523
-18.052
6.26317
4.38981
9.98378
-12.528
5.89222
9.67337
8.64869
4.41292
-11.3395
-12.3477
9.57631
-17.2756
6.58114
-17.6818
-18.3142
7.2988
4.42714
5.93354
-13.4147
7.73093
8.09652
8.86377
2.52189
8.89596
11.5167
9.65269
6.93046
9.2703
7.11494
7.76334
6.11516
10.7542
4.44721
6.59409
-1.88459
5.75879
-15.0763
-11.8311
5.20662
4.92878
-11.8177
-10.8872
5.52075
10.1727
10.8859
7.10472
-12.7205
-5.37469
-9.05493
3.38204
3.44828
-2.08584
6.9144
-10.0488
5.46174
10.1167
-10.1233
8.02856
-3.8939
10.6186
9.06529
10.048
-6.00547
-11.8045
7.58177
7.55856
6.78603
9.57684
-12.1616
6.81078
-11.4881
-11.6406
-12.2495
10.8426
5.16008
3.44324
11.2907
-17.4538
-12.8258
1.34677
-10.068
5.7814
0.322829
7.81374
-10.2753
-8.94494
-10.1112
-17.3679
-10.975
8.10099
4.83811
-16.9484
6.81023
-1.53257
7.77103
-12.6107
2.48123
5.72508
-11.9655
-12.923
-9.43338
11.5279
-11.4794
-7.9264
9.10884
-9.17223
-11.7903
10.192
7.08484
-19.7665
3.23099
9.39004
-9.71931
-2.60492
-10.1344
-7.58904
9.30884
6.8994
-11.2085
7.88233
1.66148
3.78072
10.4511
-7.70137
-10.8204
9.40162
9.80404
-11.2401
-11.3923
8.44784
9.42998
1.74746
-13.6325
11.4269
8.60302
-9.67886
11.3613
3.82571
7.45911
8.76539
7.57656
4.4684
9.45628
9.38049
-11.2486
11.0413
9.66235
10.4122
-5.10488
-12.8104
4.26903
-11.2409
-11.5319
6.14811
9.313
11.4702
11.4144
-0.877721
-9.48894
-13.5044
8.50687
6.89853
11.5431
10.4615
-0.470459
6.80128
10.2341
-13.6722
-11.2961
9.35787
-9.1767
-12.1757
3.5713
7.72703
-9.89114
5.77558
5.31175
-11.1085
0.921386
6.65536
11.2187
3.64011
9.38076
10.7638
8.9109
-8.72358
3.75139
7.77336
8.87196
-17.3198
-6.06009
9.63333
-12.3056
-0.599148
1.88544
4.38609
5.5582
-10.5445
10.6312
3.30793
6.81598
-18.4078
6.47114
6.78964
-14.042
-10.7359
-9.69927
4.78398
-16.5242
-18.2007
9.4729
9.23725
8.23381
11.1856
-11.5077
10.499
9.79943
9.99995
-9.75591
6.48026
9.4291
9.39798
-0.729009
6.80487
6.26435
4.31261
10.8209
4.0871
11.1183
7.49598
-1.32312
-4.07118
3.74642
-11.3545
6.542
3.97254
11.3602
3.57078
-4.26263
-19.301
-13.8733
8.64301
-15.5263
-0.96284
10.6379
9.30449
-9.99061
-10.8011
-12.7826
-9.23361
5.08266
-14.4223
-10.8849
7.62014
-11.9846
7.39112
5.27275
-14.5746
-10.9435
6.11621
4.23506
5.59622
-1.29643
11.235
4.48349
-11.1775
4.21565
11.4004
3.34849
-11.3522
-18.1766
-8.84737
11.0315
10.3366
-11.1241
11.4646
9.24238
9.20924
-14.4846
7.51693
8.54904
-9.03468
6.54392
5.35046
10.0397
10.4446
-11.2459
9.31657
-12.1602
10.8279
3.6618
11.2174
11.2462
8.11828
9.33507
11.4271
7.05111
-9.70706
-10.8267
9.32073
7.52264
3.96967
-16.7508
9.46948
9.36843
9.67932
-5.07383
10.9068
5.87305
3.56919
-9.15079
-11.0235
3.90107
11.3936
6.71514
-13.8028
5.90026
6.11235
-5.21606
-14.3733
-4.76476
7.27317
10.8891
1.32485
11.6677
-0.155726
11.1342
9.53311
1.34103
-10.2781
-11.2351
7.03137
10.8011
5.44217
7.99364
6.16353
-10.6993
-18.5961
-10.0521
-9.37236
3.0864
7.53436
-11.8514
9.99126
9.99009
3.47587
9.9904
11.2924
5.67549
9.49583
-3.75053
11.5877
10.5694
-6.52632
8.95411
9.71893
5.12419
5.93023
-17.8015
6.75692
-10.8006
4.6656
-2.74576
10.3521
6.43747
9.36007
-9.75627
-9.76686
11.4699
-3.97707
-12.7993
8.06407
-18.904
-9.80626
-16.8106
4.89002
-10.8769
10.6509
2.1982
-10.3153
-10.2916
11.366
-11.0451
10.5115
10.6048
6.45457
-12.1294
10.9282
9.45417
-6.31394
4.51056
10.3025
3.61695
9.51094
8.53496
10.5285
10.1631
4.21371
4.61439
-12.6383
2.92724
4.73291
7.29296
-14.2282
-4.20618
9.5332
-6.4367
11.024
-11.6535
4.41719
9.69499
-10.5239
9.96707
11.377
4.27244
10.6894
10.7885
6.80908
11.5284
5.8751
1.80992
-13.735
11.041
-9.1828
4.38262
3.22602
5.83387
11.5086
-11.2688
-2.29301
6.11739
9.30886
5.87545
-4.75234
5.59423
-11.3058
11.2526
-17.9738
-10.1806
4.09752
-9.6106
5.35318
0.514298
10.586
9.75059
8.83209
6.41795
9.83746
9.20432
-4.16754
9.47057
-9.49431
6.99124
4.28166
-13.183
10.7272
7.37234
8.31587
6.20104
4.42032
10.6253
-10.5495
-0.31491
-10.7093
6.54587
2.98449
-20.229
4.63958
9.94195
6.65678
-12.4912
-18.5088
10.2306
4.83575
-17.0982
7.29488
-10.3101
-18.5161
5.54914
5.36558
9.19456
-12.3236
-9.10191
-2.35929
11.004
4.38137
10.3352
-10.5995
-18.2444
7.97203
10.9196
-16.9081
-11.7692
-8.85154
-17.6114
6.48703
1.17301
-11.0446
-4.08556
-0.583954
11.598
-9.78327
-18.2
6.91197
-11.5544
6.98569
10.8086
11.5192
11.2682
6.3364
5.76779
-11.5665
-10.9251
5.49026
-11.5377
9.78678
9.51043
4.62892
4.3253
7.02727
9.39482
7.72997
9.96624
6.1229
9.11734
7.60571
10.1318
5.79112
-7.52043
-14.3723
7.31987
10.958
-10.6481
11.2212
-11.5623
-6.31902
10.1058
6.62373
-11.0068
-8.62036
6.65312
-10.4877
-10.044
-10.8285
9.92589
10.6843
6.90677
-12.761
9.15787
11.646
-7.67299
-11.8175
-12.2651
3.84506
10.048
10.6224
5.19718
-16.6238
-7.54428
-18.6102
4.5717
-17.8912
10.9378
8.72448
-9.32486
0.448309
-10.8227
11.2337
-10.449
-12.0129
-1.22981
-0.452801
9.38032
8.92631
7.54926
4.35285
5.04495
9.65873
-7.66892
-16.6579
-0.529521
7.75743
6.87626
-9.44243
5.38714
-13.2845
4.42901
8.40171
8.99712
8.9402
-3.38136
8.424
11.121
9.51015
10.4072
4.5595
4.47782
8.19269
7.76414
10.9536
7.88419
9.9784
-9.96168
10.6833
6.65847
6.4076
-10.8229
10.6064
6.37547
6.7766
6.76063
3.97887
10.6245
-13.9427
-12.4532
-9.84735
9.65909
7.77019
4.4331
5.59789
8.80254
-9.39609
-7.21396
6.48319
-11.2159
10.8382
11.1899
6.98355
-10.561
-12.1918
6.4836
6.66872
8.88217
5.76089
11.0266
-12.6103
8.8643
-13.8023
8.4161
-4.87227
3.99104
8.34033
-9.60544
2.04978
11.4223
-13.6736
-10.4902
10.347
4.41648
10.2476
-10.5185
10.5789
-10.4463
4.03816
-13.8216
-11.2734
7.95068
-9.74504
-12.4836
-8.37319
-12.6199
-4.83128
8.14605
-13.0857
8.75167
10.3777
1.86043
-9.97598
-17.3653
10.6403
9.02945
-10.1887
-16.79
-13.948
8.57002
-3.64537
-11.6502
9.59827
-8.26039
6.18228
-17.8418
-10.9766
3.40663
6.33009
-11.189
-16.3267
-12.1789
5.93858
8.06066
8.97373
11.516
-1.90326
5.30392
-0.585592
8.46177
-16.2868
10.851
6.72649
-5.54733
10.312
-9.81859
6.45959
-3.53526
10.8163
9.6042
9.18094
10.4412
4.45147
-7.45335
-12.7423
5.25141
-0.582382
4.51365
10.8435
8.93827
10.1363
-9.98739
-13.1641
6.44269
6.61539
9.12771
9.19035
-11.2561
-17.2692
11.2225
5.20341
0.933419
-12.2343
6.22696
9.97977
-10.4562
-1.02642
8.54568
5.76266
-9.80983
3.62864
8.38935
6.77429
9.06532
2.27511
-17.1515
-17.4445
-16.2088
-0.429231
8.24147
-9.89973
-17.615
6.05218
10.122
-12.8807
-5.78776
-9.9261
-12.4002
-2.16964
6.66955
9.03644
6.0478
7.71625
10.91
5.27024
-9.75458
-17.9419
-1.1411
9.79802
-17.4229
11.3233
6.07461
4.43699
-11.0417
5.44364
-17.3776
-9.7646
-10.1702
-16.4124
11.5606
-11.0505
5.20849
9.94649
3.6066
-12.0636
-10.103
-4.86047
8.54119
-12.7897
-9.43868
-16.8256
10.7275
-14.8775
4.86137
-13.0705
8.26923
10.8606
-12.1014
-9.57034
-15.3829
6.14029
10.1134
5.73028
-11.8262
10.7875
8.45234
7.0264
8.04914
-11.8296
1.22231
6.7354
11.0808
4.53678
8.01965
-12.517
8.02468
11.4814
9.42783
10.8104
-10.8608
-13.4456
5.95732
-15.2027
-12.8337
-9.65593
4.22134
-10.3041
-9.60405
-7.49274
10.5986
10.6435
8.03617
11.0455
-17.0057
-10.6087
9.88869
6.84631
-9.8178
-17.9226
7.07766
-13.3066
-3.89894
10.9238
-9.45308
6.52486
9.90344
11.2187
-10.5548
5.78414
4.15107
10.169
10.0384
8.37561
6.6002
6.58043
5.67972
-10.6535
-12.3577
-18.2375
-15.5633
10.5825
6.0649
4.59861
3.26877
5.50167
7.65764
-12.3516
6.18442
5.54965
9.99161
10.0696
9.76543
11.9207
-6.64397
4.41047
6.5287
-11.7825
10.069
-13.1088
-11.3595
7.68607
7.65378
-10.8431
10.7758
11.2462
6.19916
9.26594
6.11416
10.8485
-10.7571
5.71881
8.78415
10.7525
9.81703
-13.1397
-12.0594
9.18723
10.7875
10.7389
5.17304
7.18099
10.3433
5.83226
-9.89936
-16.1894
-9.78147
-13.5243
10.1509
-10.1309
-10.2645
-10.1667
-16.0306
-16.5189
-14.8294
9.97639
5.71367
-11.4705
9.92228
5.49093
10.2344
6.41024
7.88979
-13.5738
-11.5537
5.41254
-10.5471
-16.212
6.43214
5.198
6.84776
11.333
4.75877
5.18962
4.42578
-13.0859
11.5643
-11.3748
-12.5198
-8.78681
-11.2459
4.51493
-8.90433
-9.89463
-8.8404
-10.5368
-16.4601
-14.1239
-14.1125
-14.1156
-13.2042
4.4872
5.3309
-10.2208
)
;

boundaryField
{
    back
    {
        type            empty;
    }
    front
    {
        type            empty;
    }
    outlet
    {
        type            zeroGradient;
    }
    circle
    {
        type            zeroGradient;
    }
    walls
    {
        type            zeroGradient;
    }
    inlet
    {
        type            zeroGradient;
    }
}


// ************************************************************************* //
