/*--------------------------------*- C++ -*----------------------------------*\
  =========                 |
  \\      /  F ield         | OpenFOAM: The Open Source CFD Toolbox
   \\    /   O peration     | Website:  https://openfoam.org
    \\  /    A nd           | Version:  10
     \\/     M anipulation  |
\*---------------------------------------------------------------------------*/
FoamFile
{
    format      ascii;
    class       volScalarField;
    location    "100";
    object      p;
}
// * * * * * * * * * * * * * * * * * * * * * * * * * * * * * * * * * * * * * //

dimensions      [0 2 -2 0 0 0 0];

internalField   nonuniform List<scalar> 
10435
(
7.42339
11.0112
-187.555
-19.3992
-43.6694
-117.427
-241.204
-243.902
-256.367
-252.865
13.7991
-91.8697
-339.492
22.6064
23.6004
-183.714
23.0813
-351.219
-243.493
12.6262
-203.686
-20.9579
-158.567
-142.318
-162.132
75.6768
18.011
-301.85
23.2852
-273.479
-134.658
9.6505
-242.428
25.9714
-188.431
20.831
-164.54
15.6714
129.923
-217.058
-193.541
-134.634
23.6021
6.84126
-147.988
-170.221
-164.53
22.5172
-269.754
-34.6357
-215.975
-108.639
94.0419
21.4144
177.661
24.837
-161.351
18.7557
24.0951
-177.067
91.94
8.93929
20.191
-94.293
-150.95
-157.34
24.3851
21.7033
-230.784
-114.124
37.1638
23.2794
24.6796
-130.818
27.9334
23.8548
-90.5166
-265.917
-265.469
30.0199
-60.5199
23.9139
53.4686
22.982
-69.9094
23.2416
11.902
7.38218
35.3341
5.24007
1.08837
-14.7526
18.7021
27.0706
4.92811
30.1819
-37.2199
25.9916
24.1989
-49.4836
27.0123
-26.2654
20.25
6.53444
-39.7418
-3.36976
17.4495
-48.4844
-71.0488
33.2026
-12.1477
-15.4078
29.1152
30.2211
-8.44896
-1.1501
-60.6955
13.8813
8.51046
-68.7982
-68.0174
23.2235
6.98442
25.7546
4.35932
78.8145
-57.4022
22.7741
-52.2508
20.7611
23.0629
17.7542
-191.694
26.1667
23.7132
26.2324
38.1916
-38.6579
6.78081
11.5523
13.2068
-118.069
25.5514
-100.596
-37.5927
21.7115
35.4587
-98.1955
23.0467
-112.48
23.078
-149.344
7.31748
-116.193
-126.809
25.136
-3.67151
4.91372
-165.479
22.409
-119.18
23.9362
2.46773
-74.3874
34.3445
-84.6205
-236.107
-68.562
-108.007
-105.582
-147.474
24.345
20.6063
22.7459
-108.513
20.8123
13.1527
22.9472
6.1605
24.5327
14.655
-100.241
-104.184
61.2511
-136.588
24.4322
22.984
-218.422
-58.5929
-106.665
-96.2089
36.8953
37.3189
33.4797
-9.59403
-238.573
22.6518
31.5579
22.8431
-169.182
38.9157
23.5965
-333.06
20.3417
-208.485
-31.4446
4.18098
-57.0657
21.6888
-53.1764
24.4458
-151.01
-93.9311
-93.3453
18.2671
22.4774
28.6197
29.668
-23.7208
23.7926
24.2925
22.9294
24.4797
24.4085
32.2848
-187.526
-77.7026
32.5929
-107.06
22.7908
23.0586
-224.107
-40.9639
-129.414
21.5823
23.7388
-128.468
43.2047
-121.515
-133.298
8.20994
47.2158
25.5691
22.8555
-47.699
-257.958
35.5773
-245.865
20.1424
21.2623
-1.11813
27.2841
-292.67
-65.5124
-264.768
-56.7376
-0.698451
-266.26
24.3012
21.2731
-232.576
-108.028
51.2798
-103.34
24.7012
24.1978
7.46798
-146.385
46.256
-47.6033
-246.908
-256.038
-251.242
-198.74
-10.7336
-76.4558
19.9927
-33.2172
-194.531
-267.551
-240.607
23.0353
-278.092
25.9571
22.0057
28.3992
-72.2157
-87.1427
22.7998
25.0013
29.9958
23.3966
22.9072
-256.186
-48.1519
-35.147
22.1821
17.3864
-18.0836
-143.468
22.453
-106.726
-272.127
19.4668
-8.16721
22.6168
23.7308
-121.731
-184.245
23.739
13.2096
19.7712
27.4691
-70.3996
-237.855
-29.5195
57.5363
-116.589
22.9639
-77.8435
-66.8418
20.1661
14.4605
26.4376
-279.332
-257.483
-14.0366
-285.135
23.9497
17.9796
-207.111
24.832
25.5483
-249.501
-116.231
19.8603
26.3355
25.5701
26.8441
22.284
-19.6035
29.7017
60.0518
22.3755
21.1849
20.5435
21.6102
16.9909
25.8799
-272.98
26.8518
-177
20.195
-321.964
-277.637
-288.038
-397.034
-153.867
22.5298
25.5977
22.19
104.16
23.682
24.3818
19.2634
-8.34766
19.3754
-101.313
45.0145
-271.663
132.49
12.4163
-392.419
-289.607
24.909
21.5418
18.2188
16.6179
24.2168
71.5052
25.7743
52.0644
-257.415
23.235
-250.152
-286.57
-357.916
-357.557
-285.571
-285.675
-220.387
22.9164
23.8991
24.4247
38.014
-295.308
25.1427
-411.065
26.013
22.4508
26.4944
25.467
28.0059
-245.231
18.4274
-254.529
-108.222
24.8772
61.0217
16.1641
-257.14
26.958
57.1901
23.0932
25.8066
22.8978
21.2474
-175.949
-4.69405
29.3478
22.3366
25.7791
-404.147
24.7159
26.2331
-288.738
26.8056
1021.59
526.091
417.26
96.6612
-8.34767
-11.3633
-11.5046
5.60169
17.1826
1237.47
545.697
449.597
143.9
38.7689
29.2485
15.1122
19.5534
25.966
1459.42
549.871
389.039
107.544
23.623
21.9858
12.3921
18.3864
27.4947
1606.78
593.191
287.034
67.937
9.30088
23.4756
18.8227
23.5361
31.376
1677.93
672.282
157.311
35.5617
-4.13973
27.7663
28.8476
32.8683
36.7307
1669.57
815.466
49.4895
43.457
4.32792
45.6252
45.1177
46.0822
44.4229
1554.62
1051.78
14.3931
117.592
49.8138
85.8215
71.3803
63.5424
53.9773
1266.7
1341.21
109.992
300.889
151.278
153.997
108.492
85.2129
64.5725
708.973
1339.25
246.091
577.23
297.933
240.231
145.74
103.015
72.7699
-244.535
787.056
205.158
826.363
430.32
315.234
166.866
107.418
67.4839
-1771.14
332.293
-10.4071
862.068
473.345
350.12
166.431
99.3916
53.5836
-3623.83
485.133
-305.936
708.562
428.683
347.72
159.824
94.2278
49.9764
-5109.43
1155.89
-530.493
477.824
328.352
327.154
161.547
102.846
55.2056
-5399.44
1718.67
-572.05
238.042
184.123
280.723
161.573
116.211
76.5295
-4918.54
1912.44
-533.457
-47.0609
-56.2247
158.596
124.734
108.429
94.3482
-4737.42
1944.65
-507.566
-300.041
-335.631
-40.128
36.2726
66.6648
83.2492
-4672.37
1876.25
-487.795
-430.369
-512.858
-234.016
-74.9933
6.78092
51.8558
-4035.48
1614.66
-421.858
-434.521
-519.118
-326.567
-155.371
-39.2171
24.4018
-2641.98
951.534
-325.075
-365.111
-407.214
-300.404
-173.46
-63.1493
2.77666
-860.694
32.0251
-225.188
-271.748
-260.46
-207.765
-135.308
-60.2042
-6.00769
350.347
-818.592
-127.869
-163.493
-129.735
-108.442
-74.6412
-36.9256
-5.35185
599.091
-1171.88
-60.7123
-112.836
-47.9496
-38.6592
-24.2885
-9.21289
3.66737
375.802
-726.425
16.2028
-52.2729
3.60617
0.436679
4.85794
9.74451
13.7494
135.761
-125.225
79.3719
6.47979
23.9061
15.6148
16.1308
17.4278
18.2635
-11.5783
94.8032
92.1807
35.5834
35.2355
24.3205
22.9914
22.2256
19.9198
46.6446
44.1035
42.1578
40.9834
40.2461
39.8638
39.6973
39.7661
39.9441
40.2551
40.7133
40.9182
40.6135
39.8454
38.5719
37.2581
36.5043
36.2394
36.2002
36.2182
36.2295
36.2321
36.2356
36.2402
36.2452
36.2531
36.3164
41.3011
70.7
161.819
396.962
809.162
1094.38
1902.99
4794.47
7814.66
9275.96
8215.6
4927.77
2504.61
941.789
242.166
79.4036
77.8763
82.8253
84.2547
86.3057
95.6497
114.759
140.785
162.91
178.04
184.088
191.836
207.259
244.355
333.332
502.664
705.871
37.3015
36.8191
36.6165
36.5764
36.6922
36.8704
37.1134
37.4878
37.8215
38.1703
38.5502
38.7695
38.6064
37.9526
37.2404
36.7847
36.5231
36.4235
36.3429
36.3121
36.2843
36.2428
36.2408
36.2561
36.2776
36.3388
36.9545
42.2371
62.454
112.583
209.946
392.533
797.396
1363.28
2326.32
3862.15
4029.01
2991.46
1526.6
389.906
-155.254
-194.131
-143.443
-97.8114
-68.9038
-50.2442
-30.4336
6.73535
50.8889
89.0562
100.979
93.3978
89.3908
91.9163
97.5009
108.179
132.243
195.691
310.643
35.76
35.5189
35.4362
35.4456
35.5338
35.6809
35.7874
35.7448
35.5944
35.4929
35.5447
35.8883
36.3955
36.4655
36.0269
35.6123
35.5803
35.9186
36.1318
36.312
36.2804
36.1753
36.1635
36.1772
36.2263
36.5933
41.0515
62.1933
114.168
202.626
321.379
472.268
644.332
1034.01
2165.32
3465.78
3735.47
3154.96
1912.29
723.454
127.288
-3.46839
-12.2604
-0.38503
3.61777
5.68489
20.5188
55.2858
87.3815
96.7592
78.4819
54.2492
43.1639
44.9482
49.4091
56.4144
77.764
145.166
250.385
35.5802
35.4709
35.5612
35.7344
35.8949
36.0059
36.0732
36.1718
36.2878
36.4158
36.5575
36.7529
37.0967
37.2104
36.4937
35.7595
35.7332
36.2071
36.7452
37.1358
36.6929
36.1219
35.9147
35.8993
35.935
38.0094
51.0148
86.7444
143.773
173.949
213.973
328.047
609.778
1008.9
1389.96
1537.66
1327.61
943.5
467.542
123.546
-6.95352
-51.6929
-58.4807
-46.2317
-25.3274
-3.08585
20.1812
43.536
51.9891
38.865
9.64183
-14.5645
-25.6855
-29.2861
-32.4549
-32.1459
-19.6496
9.22198
29.0118
34.9452
34.8497
34.8393
34.8565
34.8668
34.9028
34.9501
34.9899
35.0498
35.0806
35.0771
35.2724
35.7554
36.0637
35.8807
35.7232
36.4745
37.6832
37.5525
36.9685
36.7533
36.0484
35.373
35.2804
35.3243
37.7823
52.0918
88.5561
137.027
164.359
235.891
389.458
530.047
635.237
709.456
650.082
450.059
267.792
98.0644
0.0831591
-30.1591
-37.9575
-37.5844
-29.1764
-12.9247
2.23129
9.70924
10.0893
-1.55978
-20.4144
-38.7771
-51.2342
-58.5505
-62.0832
-62.3002
-57.5932
-46.5447
-39.4113
-45.8563
35.1467
35.1242
35.1747
35.1761
35.1456
35.1178
35.0646
35.0375
35.032
34.9639
34.8726
35.1124
35.7596
36.1817
36.2121
36.4383
37.2875
37.9445
37.7832
37.4245
36.6378
35.8558
35.4464
35.36
35.405
36.533
46.7672
97.4714
201.286
237.894
214.849
189.524
250.488
364.003
425.192
329.101
256.161
192.296
85.4859
29.9595
13.5569
11.4612
15.9858
26.4153
38.8906
47.0982
45.7907
35.9187
20.161
6.23332
-4.01653
-11.8806
-18.6844
-23.9315
-27.1959
-25.9879
-19.6256
-16.4143
-24.3339
34.7937
34.8854
34.9932
35.0582
35.0949
35.113
35.1155
35.1027
35.0642
35.025
35.0288
35.1283
35.0808
34.6799
34.0354
34.4261
36.5583
37.9821
37.7739
37.0057
35.9958
35.5834
35.4755
35.4595
35.4856
35.9361
49.7668
131.898
236.857
240.203
29.3273
-96.63
-83.1228
10.4308
118.868
171.133
164.47
143.795
79.0305
16.5965
-6.49549
-9.78624
-5.40195
6.47354
17.9648
23.3984
19.7371
12.1084
3.2392
-3.26279
-7.02732
-9.10774
-11.0769
-13.4731
-16.051
-16.8785
-14.7398
-14.9941
-21.1527
34.944
35.1506
35.3468
35.4569
35.5074
35.572
35.6698
35.801
35.9487
36.0849
36.21
36.363
36.4416
36.3674
36.252
36.4844
37.1178
36.7896
36.4851
37.0951
36.4691
35.7421
35.5215
35.5185
35.5185
35.6803
40.2109
113.034
186.675
124.307
-45.1293
-81.0332
-55.4
-28.2597
18.8741
51.1467
37.2822
22.8535
-1.52775
-20.6452
-21.1079
-14.4466
-4.50004
10.8893
24.3339
30.4249
27.7895
21.0701
14.3016
10.0354
7.91429
7.09954
6.63445
6.29649
6.20995
6.95321
8.07386
6.42845
2.13271
34.54
34.7286
34.8597
34.9462
35.1591
35.459
35.7796
36.0696
36.269
36.4036
36.5283
36.6784
36.7543
36.7303
36.6996
36.911
37.5521
37.2847
36.6517
36.5051
36.1177
35.7915
35.8109
35.7087
35.5602
34.785
53.6594
63.6803
87.839
64.4276
27.2439
20.5436
21.4522
25.4003
57.9874
97.4013
90.5597
82.6811
49.6255
24.6988
15.9103
14.9351
18.5861
28.0648
34.7146
34.2058
31.223
28.2477
25.1097
23.3244
21.8349
20.4682
19.586
19.3973
19.2045
19.2131
18.3763
17.1455
15.2561
-35.2043
-30.9894
-20.3941
-11.5027
-3.94556
3.21597
7.78569
8.7922
9.24113
11.95
16.6327
21.1467
24.6223
27.5525
30.3432
32.9128
35.2762
37.428
39.2987
40.6657
41.6481
42.4868
44.0138
46.7991
48.7177
49.0933
47.9994
42.4832
34.0705
28.8256
32.4143
39.5072
43.6109
44.8914
44.7525
43.7258
42.3989
41.0946
40.225
39.4244
38.3962
37.9787
38.3069
38.7541
39.0045
39.1297
39.1811
39.2916
39.6966
39.1637
26.6203
26.4584
27.5808
27.8134
28.3899
30.3811
32.3788
33.2286
33.4051
33.4975
33.6642
33.9607
34.3261
34.8249
35.2704
35.5132
35.7667
35.971
36.1525
36.5424
37.0688
37.589
37.7996
37.6274
36.8661
27.705
27.4995
28.7281
29.3559
30.25
31.3345
32.2101
32.7404
33.1714
33.6914
34.3631
35.1378
35.8613
36.4128
36.6734
36.6842
36.5956
36.5228
36.4787
36.5699
36.7386
36.9312
36.9585
36.7777
36.1648
24.9505
25.358
26.68
27.6291
28.4608
29.1897
29.7037
30.1624
30.7802
31.6814
32.7655
33.8113
34.6113
35.0802
35.2505
35.2421
35.1927
35.1619
35.1746
35.2831
35.458
35.6589
35.7451
35.664
35.3212
24.1833
24.6597
25.5166
26.2724
26.9765
27.6282
28.295
29.1225
30.1937
31.4763
32.7343
33.7692
34.496
34.893
35.0104
34.9805
34.9166
34.8662
34.8604
34.9222
35.0651
35.2495
35.3879
35.4279
35.2601
25.0984
24.4368
24.5211
24.9113
25.5084
26.2687
27.2207
28.4064
29.7315
31.1564
32.4041
33.365
34.0286
34.3973
34.532
34.5343
34.4985
34.464
34.4577
34.5017
34.6131
34.7709
34.9108
35.0075
34.8533
26.0347
24.8709
23.988
23.9488
24.5392
25.5358
26.7715
28.1812
29.6271
31.1534
32.3476
33.1827
33.7603
34.101
34.2541
34.284
34.279
34.2763
34.297
34.3502
34.4487
34.5863
34.7362
34.8986
34.8053
25.9819
25.085
23.9369
23.6795
24.26
25.3274
26.525
27.9913
29.5821
31.3677
32.5314
33.0897
33.4442
33.7232
33.9271
34.0185
34.0886
34.1545
34.2366
34.3185
34.4145
34.5379
34.6003
34.5376
34.3306
-358.9
-383.669
72.7257
58.6159
33.6405
33.7334
25.9718
34.1029
78.8509
43.7087
352.333
37.8276
-344.669
29.2684
26.063
37.3724
101.284
58.3285
40.4783
1031.72
-60.5312
36.0875
114.653
42.045
34.2125
36.0152
34.0818
29.0119
-654.316
103.738
43.8114
36.0406
76.9753
-128.709
106.178
34.3103
15.7553
25.2352
10.1982
41.9535
156.278
36.1031
36.0548
25.6697
26.7458
75.5055
549.509
592.428
-432.461
-56.7021
573.313
149.222
-148.958
58.0674
25.5494
78.1928
29.0795
-108.849
29.9902
-105.235
34.44
77.346
33.5374
36.1885
34.2152
25.2044
41.8864
45.7964
-337.775
-236.655
75.1908
36.13
32.9066
747.174
31.6275
-65.9849
548.631
361.044
29.2396
57.6367
-145.704
34.5717
38.1734
820.532
33.8265
34.2079
32.9415
336.935
78.4031
38.1134
34.9739
38.4679
44.3663
42.0385
33.0835
336.622
36.0145
567.846
36.0939
-107.233
27.6068
137.655
28.6397
36.8347
30.3293
26.1575
113.331
-102.087
35.882
102.698
36.0745
35.599
102.989
39.9249
-154.16
-445.222
80.3223
41.9439
-262.37
35.7886
35.9797
35.59
42.3668
34.5135
80.582
36.051
155.678
232.188
-52.5716
615.236
38.775
639.426
-242.62
-19.9811
26.0251
32.9302
27.7068
31.8845
35.5526
1326.81
46.7542
14.3989
51.2069
35.9875
-597.211
37.1578
58.6491
36.7038
37.146
105.676
27.9422
66.7531
58.9142
55.6116
33.8272
807.204
31.8739
41.9748
614.542
41.4517
36.1984
79.9618
35.566
554.218
44.4116
819.197
29.116
33.3012
36.9096
31.8195
29.377
36.0542
44.3639
818.061
40.2093
25.3493
-6.509
-379.164
-369.142
47.4822
-14.901
36.1468
-179.533
3.91439
26.0224
36.2602
817.577
35.8769
36.3277
36.8484
444.262
-5.89057
57.8777
15.9984
32.5887
62.3105
31.4813
36.084
-520.056
-617.574
-319.396
35.9995
34.736
36.8423
31.7416
43.11
41.9256
30.5132
-338.394
41.9449
30.2338
35.9597
-18.9946
31.053
27.9338
153.103
32.5945
36.8174
39.8397
29.5184
29.6876
36.1092
33.7501
68.4153
49.1146
113.928
40.6573
100.976
35.8913
33.0938
807.98
34.8081
36.1159
36.0041
11.8171
43.1773
227.705
29.1489
1.97719
42.0648
43.4476
34.2669
44.2947
25.5024
32.928
32.3788
36.0384
25.3238
37.4364
41.3287
35.9027
23.8836
42.0718
-409.85
36.0239
31.9823
103.343
417.944
524.113
41.9987
40.3335
67.8629
37.2653
33.853
617.612
34.9479
44.3243
58.9556
25.137
33.4218
-39.5951
61.1777
36.0801
36.6468
37.2313
59.2601
41.8264
94.7602
28.7629
257.081
24.9993
28.1215
46.8136
62.6219
-383.523
35.9683
25.0714
51.0364
222.172
488.646
34.92
35.3032
36.0635
268.609
-213.015
144.487
103.651
49.8316
41.6608
-291.087
156.412
36.7501
43.1936
36.6923
97.3565
45.05
-57.1344
42.722
1323.2
34.6976
36.1531
48.915
65.2924
62.6539
36.0742
15.0452
542.811
42.0281
34.2603
-61.4614
429.61
36.0455
43.5566
44.2091
33.0548
35.122
83.7099
-109.635
47.547
-100.635
44.4894
30.5026
29.7369
43.713
294.569
34.2806
38.9634
34.0638
35.8738
42.3064
35.8999
32.4355
-241.474
47.9535
512.5
32.4035
33.2883
36.1015
32.8064
797.445
59.8685
44.4467
36.0244
313.058
248.467
48.8405
-68.8937
27.136
44.0684
816.893
-325.723
117.207
39.2984
102.791
36.1169
32.7926
36.772
472.04
37.005
26.1221
51.5831
58.9526
-594.495
89.4454
-335.793
35.5759
35.264
44.6477
41.4212
43.3147
102.731
36.2263
80.2974
24.9987
27.5813
-149.274
44.432
920.543
269.61
423.783
31.3389
43.2731
24.5588
75.2153
-13.9175
44.8549
44.814
76.5485
41.9696
-616.284
33.3984
36.0583
33.7993
-179.912
33.2488
36.193
24.2045
25.8695
27.3291
43.0908
71.7309
37.0913
-314.485
35.6861
36.0319
48.1601
-410.22
790.999
41.9502
41.3212
44.2526
41.4497
36.7642
29.5226
36.1705
395.944
35.8809
42.9437
45.8941
36.0737
36.6505
31.8594
35.4486
29.1708
33.0239
36.8793
36.0749
36.0592
36.1035
46.7205
41.2519
42.3658
213.281
30.3004
-331.413
66.0662
29.1675
70.9583
29.9363
29.5672
86.9224
37.4227
35.4024
-333.531
48.5917
-250.479
818.282
34.6238
35.1609
180.854
35.7022
25.7473
71.0601
-28.1203
299.896
33.0733
31.3721
71.2931
40.9602
254.78
22.8537
32.8161
114.077
46.9826
34.6465
-221.511
38.6695
32.1375
31.558
14.7523
27.3862
9.59605
36.149
34.507
809.372
33.6384
34.8702
36.1327
52.281
40.7793
33.1108
36.963
35.2231
74.0907
37.6103
31.0873
31.7454
36.0981
44.6192
-24.0674
36.0549
33.1479
37.0348
26.398
-9.23919
-101.006
36.7073
36.9606
25.0554
36.0363
40.2152
-89.5619
40.0201
36.6807
36.2334
446.431
94.7847
-410.473
35.4509
32.8887
45.1295
504.232
1119.73
62.8291
-154.085
39.8873
347.177
105.79
42.6327
36.0687
28.0882
42.2284
60.1332
71.6766
35.6096
28.2278
36.0603
-335.911
-442.428
36.8001
-70.5782
102.157
36.0895
117.144
36.0266
71.7635
38.0548
29.6519
36.2066
96.1058
14.1622
11.4388
13.8692
-377.315
-397.516
522.212
34.5989
47.338
-328.905
-275.637
47.1758
-17.4544
36.059
-279.75
104.173
44.7256
31.7383
29.3633
36.0359
39.4039
70.2222
38.9871
18.2084
31.3278
33.3739
101.779
782.515
-250.77
29.4584
38.1161
1330.3
-218.115
36.0194
45.384
35.9173
75.9903
36.2609
33.7172
-14.5194
36.0451
33.5503
33.9527
36.4716
62.6793
48.8265
29.5482
-186.59
-399.239
33.5727
36.2818
-220.684
29.3136
36.1228
43.3689
192.7
36.0342
35.7614
42.2082
50.4896
37.264
36.0561
11.3172
32.4817
36.9279
27.9795
-104.429
42.3664
33.9207
71.9554
36.0616
33.2208
36.0502
45.9564
38.7559
33.6956
-164.304
809.534
29.0497
73.6884
34.7188
32.5101
32.6231
36.1632
37.1113
35.9433
-74.3939
40.0295
34.4967
47.0792
51.425
31.3089
29.3451
25.3623
36.0661
33.6643
36.6932
36.8971
30.7765
-178.622
58.5236
313.474
36.4267
43.9265
36.015
40.2137
42.2395
759.291
33.6121
-21.6844
36.09
-223.314
56.46
558.407
35.9983
32.74
34.9617
98.0853
71.2255
25.5129
-183.593
33.8107
39.512
33.7578
131.703
36.1351
35.9335
-6.41823
34.1775
51.6433
42.6304
36.0884
-126.106
43.986
34.0638
43.7448
29.3095
44.6019
-550.427
114.921
36.0367
23.7534
41.9709
220.068
37.5841
47.6789
41.0163
36.0124
-19.1101
36.2241
45.798
30.0773
45.4035
36.0272
36.1424
40.9954
157.957
30.5159
28.4575
556.73
26.5472
52.7997
108.001
37.5882
32.0223
32.8967
36.1913
38.7735
24.7859
37.1331
34.6617
-325.165
39.0553
45.1551
24.8959
38.6085
42.1395
33.4089
28.8603
-100.909
101.373
43.0445
-297.285
32.7196
-429.717
-19.2663
115.196
239.15
59.8159
36.8212
37.2322
36.1332
46.7737
35.9566
-244.483
-356.441
46.3099
881.633
30.509
41.695
33.6246
37.1059
814.904
67.3165
31.9612
30.8856
75.9331
-182.572
-135.875
36.192
39.2879
24.7809
36.1495
-392.849
25.8357
112.594
58.635
31.6007
57.6879
35.9756
36.2092
25.5163
33.5333
31.1621
41.3504
36.0545
30.6973
37.0926
36.0048
36.0637
38.8923
39.9006
42.0183
109.394
24.9399
36.4033
56.9787
36.0593
1312.81
33.9045
42.3912
51.3111
-9.59591
28.1275
36.1593
42.4891
767.133
64.4728
92.9807
35.6691
24.3216
-243.239
123.516
67.6314
-6.53107
29.0527
48.6019
119.317
36.0908
33.3233
29.9473
60.5762
70.1119
36.0405
33.8311
-77.5527
32.5818
67.5345
72.1008
43.4353
36.0469
92.6298
-486.688
-75.4651
44.6566
40.7013
36.1595
15.1194
14.5289
39.8283
33.2284
31.074
61.0615
45.8458
25.6817
-186.496
42.3579
36.8267
62.9404
44.565
-61.996
35.8975
-11.0372
41.9985
34.9893
-247.706
36.1073
46.7828
44.4669
23.8519
-32.432
325.549
36.5779
42.4312
36.1333
19.8223
1321.22
65.7868
35.974
-294.18
26.486
35.8987
30.8201
30.5712
809.032
41.9502
1307.69
37.0846
35.8999
22.045
37.2298
62.3443
61.5158
31.898
134.071
155.238
795.43
45.1151
71.4123
14.5626
50.0219
24.7771
35.2209
30.47
274.483
36.1316
28.0533
-9.68611
65.5224
44.9716
39.2967
65.518
28.6597
36.5315
50.4536
-434.56
-147.522
45.4491
28.8553
556.686
110.811
-185.05
-68.2627
-10.3948
35.5797
36.2615
29.4595
-389.41
41.9543
49.9656
48.0076
72.0879
36.9831
23.9981
-113.98
36.0055
31.6375
45.6707
-365.268
-8.46497
-219.913
-539.09
36.1039
29.1761
33.6066
30.788
-372.075
-109.68
38.8765
36.41
36.3127
36.3858
23.7999
209.116
35.8068
-295.912
51.1433
215.675
40.7802
33.8493
34.0852
73.1702
-217.75
28.6528
-26.0088
36.0297
36.0231
33.4296
46.6373
-48.087
-25.5288
86.2423
35.9282
47.2707
34.5732
37.181
36.0782
34.4512
87.3615
41.726
25.868
186.431
24.4975
31.2042
32.1548
42.9336
35.5888
30.954
36.0869
-70.3847
36.2517
28.1338
-352.721
1169.36
73.8876
36.1095
33.6511
25.6974
39.2296
-647.76
33.3759
30.4093
101.441
37.1963
27.0099
31.0334
32.6256
-373.181
43.189
48.4718
36.139
27.2437
29.5907
74.2558
34.6803
166.746
36.0344
44.5532
37.3188
-171.164
-0.634118
43.5274
101.868
44.7352
746.02
37.175
-420.941
34.1039
33.5072
41.8779
23.6087
25.98
35.6676
45.5754
362.579
39.5128
45.0105
34.8531
36.1371
35.9928
571.969
36.7691
39.2593
76.3707
26.1874
806.612
36.3372
48.298
36.0432
48.5361
36.1712
31.06
95.9189
49.0254
26.4177
40.9344
30.1878
31.5951
-292.146
44.6566
45.4224
40.9825
36.2249
41.8507
49.6558
432.183
58.7509
-5.7805
36.0232
34.609
85.6614
26.2486
180.189
37.1346
-403.179
119.839
793.401
36.1489
36.3934
26.5888
-211.503
36.0835
68.0539
41.0178
30.3333
70.4276
29.2262
41.9421
32.8974
44.5366
42.5657
47.8786
-444.92
40.3627
64.071
42.0278
36.0402
36.3182
42.556
-108.386
45.9029
1293.45
-13.1
33.705
36.0924
-480.431
695.751
40.7032
41.9576
36.4219
50.652
57.3952
25.2655
198.514
36.0344
45.5019
-251.55
36.6198
32.4381
32.9164
37.033
32.8404
36.1544
29.6919
-5.55005
65.1247
155.187
44.8148
27.8367
45.6447
109.395
126.522
43.9099
45.8279
806.183
41.9327
30.8366
20.1705
-511.583
47.5507
44.2489
39.3103
26.1445
-308.814
34.5238
45.4986
-203.33
-314.314
36.2063
36.2973
33.7081
51.4921
37.7578
-206.499
36.7691
131.718
35.9196
49.8183
33.7558
-85.0916
36.0474
175.562
68.8989
87.8204
-265.426
-198.704
62.3134
36.0369
109.759
-93.6969
39.4151
46.8469
35.8025
28.9854
38.4031
36.7723
35.5226
72.3732
30.8869
26.8989
32.6096
30.3726
29.7327
42.6636
802.264
36.2919
196.918
466.663
31.6841
36.0993
30.4344
43.7123
31.2604
88.1925
64.8305
50.4578
34.7961
41.9537
25.682
112.543
37.2107
40.2666
31.4975
38.8115
34.0487
27.6012
45.3399
31.4003
29.0804
-327.064
44.3998
34.8517
99.2841
37.412
27.4012
36.9118
61.1098
30.0816
48.8386
-302.719
36.11
63.1598
-333.458
33.7916
26.2281
23.9919
44.835
34.7891
51.0346
17.7493
36.0349
-271.131
45.4153
32.8097
-77.224
248.802
-369.365
47.9194
34.4552
342.385
87.1924
33.5348
36.1136
45.0776
143.497
50.8848
36.6567
41.0224
37.9708
30.0123
43.4432
32.4668
39.4772
-176.641
326.899
42.4528
46.7441
43.6043
37.0741
36.5704
46.1448
50.446
30.4064
63.0839
93.5578
36.1542
249.547
-584.674
1284.76
-334.763
29.1496
-152.337
98.2666
-150.119
36.2035
-362.09
45.0282
83.8045
52.771
41.1387
-299.432
28.5278
468.628
-65.738
29.0431
36.9174
27.1067
-145.832
50.1789
136.765
36.0939
1258.73
45.1918
-262.168
32.6791
30.5503
36.8535
420.368
35.1417
37.0672
1332.93
34.773
-479.241
35.985
38.3862
-73.8018
29.4385
39.5267
-175.695
30.1072
36.0707
-51.8299
50.9961
45.8436
24.3422
32.6646
-191.853
-289.224
36.7552
116.781
42.6996
-67.0814
50.5289
49.198
36.0546
-74.5908
25.1166
57.2763
36.0328
451.49
33.0205
-68.2635
259.409
28.9083
36.1088
-185.574
36.0555
36.042
36.1246
195.891
-83.0799
35.1651
74.0986
34.0391
36.8062
15.5574
36.0701
36.3322
-311.162
51.7012
38.8255
49.4433
35.521
41.1661
51.6529
0.541643
-210.44
34.8578
44.514
36.0091
-275.782
403.37
36.5954
38.5511
26.7468
80.0676
-2.35961
22.9708
-323.595
33.3555
-94.829
132.06
36.9859
29.1762
44.5603
51.7268
33.6527
36.0392
33.0358
27.0084
-158.392
36.0374
65.3503
34.1746
427.306
44.3549
17.3347
28.525
1328.51
-359.531
33.5907
29.6163
36.0654
36.0957
37.0117
-314.998
-321.484
45.7553
44.2801
43.1085
36.121
37.4226
35.9913
125.891
-95.521
185.442
80.4483
36.1396
33.2913
-212.162
43.0595
-391.912
36.1504
34.578
30.6699
41.5106
36.1361
43.2494
34.6003
28.8471
92.6045
-234.083
44.166
28.0826
12.9732
78.3164
36.5518
91.6576
-336.884
-24.2593
35.9118
271.803
34.1928
44.3022
46.5409
34.3889
41.4549
36.2423
85.0725
51.5331
29.2475
1332.87
32.1922
-218.474
679.735
42.0076
15.8793
41.9269
27.2829
-70.6566
30.9364
-292.352
25.2636
44.7506
29.3773
36.0678
25.4383
36.0551
36.0305
44.3458
33.5821
38.0688
-73.1728
51.9928
86.606
37.1497
36.0903
45.8687
29.8537
36.0102
75.7131
-191.402
39.8579
-168.815
45.6071
192.433
34.5696
36.1066
37.6413
32.8736
-307.171
41.777
36.0641
68.0204
34.4709
42.8973
44.5247
42.6644
36.1259
30.6274
35.8114
36.0996
80.5391
34.9538
45.6343
35.86
70.1976
36.0874
-180.799
-355.07
45.4995
63.0695
36.1072
36.1563
103.242
50.0433
39.2089
36.0759
-142.429
31.4016
36.0704
33.2188
22.4916
101.459
32.709
36.05
-347.319
46.6714
58.8774
-221.764
35.5585
27.6172
375.422
44.1584
-113.713
44.4923
37.0435
36.2847
36.9738
72.1375
-386.439
34.6693
43.9885
28.2994
36.0744
36.0531
44.4852
29.488
14.6387
33.1527
33.5169
45.0202
36.0376
32.9203
35.9596
30.0006
46.6701
100.34
-140.511
33.8354
-238.452
33.3583
66.3583
442.52
1312.73
-231.349
48.4578
36.1247
-103.704
40.8814
41.6946
-385.471
37.2809
64.5408
-259.998
-272.381
41.3488
797.551
32.447
-118.619
33.3752
42.1094
68.233
26.8071
58.6063
36.0663
41.8619
33.4227
38.5178
33.5518
30.8676
44.4595
-359.414
24.9658
-242.499
29.1916
102.616
36.0024
42.0344
29.1033
45.1338
-82.4705
-228.935
1.5931
32.6658
-122.939
108.465
49.2281
1318.64
26.5316
36.2079
-10.5859
-101.337
42.5329
30.5524
33.2927
70.2475
38.365
37.5609
125.273
-22.6367
29.2289
135.685
-65.262
28.7878
27.2852
25.2775
31.5193
1.43761
30.9
44.5146
38.4461
100.774
34.0401
21.4363
-206.184
33.8787
29.4601
98.2573
44.797
581.53
34.8646
2.32839
36.0625
35.3997
37.2039
43.6613
35.7959
40.1903
42.0024
33.2091
46.0076
-254.645
-10.0537
36.5832
12.7606
33.561
36.424
36.0388
42.0015
37.2004
36.1583
38.0479
-17.6804
-182.613
31.7007
748.491
49.2948
36.1099
190.506
37.2333
27.5306
36.0649
35.215
34.0113
799.246
41.9897
41.9919
33.6761
27.0608
29.5278
30.467
31.6375
13.5925
33.6395
37.2776
39.7959
58.2546
41.5481
34.1484
35.7955
26.7288
35.6726
43.2053
37.2313
37.4414
24.7161
-141.318
-218.1
30.1346
42.6838
24.3468
-78.4464
-335.743
32.4826
37.785
29.8231
37.4959
33.4924
29.8242
-323.378
28.2824
36.6278
36.0352
36.11
30.4359
-201.85
32.9364
37.6195
35.0392
41.5788
-285.47
44.5133
50.8982
47.6451
32.8284
28.7216
36.2778
-174.934
28.5233
36.0427
115.214
12.1054
30.4858
37.0811
36.0463
47.3662
96.251
145.937
35.2167
334.208
44.6132
38.8868
100.611
-359.653
33.902
35.828
25.0929
31.206
42.3525
32.8751
-294.413
37.593
48.6401
39.4485
41.9512
58.8447
44.6749
44.6958
42.077
-293.267
42.1105
32.9369
33.3353
49.292
41.5963
33.5409
-96.2193
25.1368
30.8749
45.756
44.5617
42.8855
45.675
36.0684
36.6191
-25.0925
41.9831
33.6897
49.5837
62.9194
36.0169
30.7125
42.1084
168.678
33.9712
49.7512
36.0353
45.051
36.1025
36.0717
44.0578
364.286
36.1681
32.7648
49.4306
42.0996
99.4307
36.5019
34.6654
71.0085
-18.6377
33.3722
-268.415
43.6034
63.4051
36.1939
-56.1853
41.426
-7.23614
36.2884
-100.741
25.9417
12.6753
802.582
693.684
34.1448
87.8257
35.0893
31.1453
35.7792
-123.62
43.793
31.5383
73.0322
780.718
-398.741
36.9736
98.2885
31.0776
36.0695
34.0637
31.9589
43.689
39.7094
40.4529
41.0358
43.9755
38.9316
36.0962
20.8238
36.9635
45.0319
558.314
30.6769
32.4527
33.4789
-118.199
45.4639
43.9723
68.4813
36.0559
70.7091
24.4655
35.3589
24.5317
368.512
35.8521
36.1059
38.8928
33.5908
36.0816
39.5154
-115.203
32.945
-42.0162
29.1795
30.1836
-190.1
28.325
29.0305
41.9113
32.5283
36.0124
33.0043
-290.071
-525.499
37.272
36.0494
35.9252
28.4474
32.6455
23.889
34.2145
30.1805
50.191
51.6103
3.35861
31.3829
-85.3781
59.3098
36.1646
32.9335
45.3215
31.6214
32.1121
36.9754
36.9353
33.3219
36.0636
36.0718
28.9876
87.4018
71.7678
-316.594
110.541
36.0772
33.0479
22.1248
32.7033
31.6763
293.605
44.1636
778.424
66.3342
812.845
42.0174
32.8519
38.1215
42.2604
-141.262
39.8125
-151.869
46.4943
47.4207
29.2885
721.972
46.7871
36.3671
39.2676
49.4835
36.0795
36.0448
30.651
92.8691
36.0505
35.0845
598.399
42.3142
70.9488
49.7795
36.0068
44.0009
-306.955
36.0934
35.8608
37.1795
38.6414
29.3751
36.0192
-50.4159
28.5269
35.8672
36.1366
35.3459
84.651
29.1832
32.2139
34.4308
-98.2239
30.1449
40.5534
42.0303
-349.727
10.2388
42.4069
29.3705
36.0481
36.0067
32.49
-209.344
26.9249
41.4027
28.1207
18.9786
71.9426
-60.7521
731.824
30.3239
45.8634
121.422
29.9657
37.2335
36.1929
36.1179
1294.33
118.47
36.0863
19.5646
47.4163
1.88215
86.8749
-194.271
45.139
-257.415
60.5268
29.386
44.7962
30.3384
-17.7369
30.0498
41.4937
28.6897
32.6532
540.611
44.0039
21.388
75.3326
-62.9022
30.1782
58.5031
28.7226
73.7599
-81.4723
36.2213
31.2261
36.0401
45.1764
36.0127
23.15
42.4153
35.9525
54.9842
32.6715
34.0562
25.4876
36.0739
49.2071
50.1248
97.8208
29.1207
43.6204
35.5706
41.9599
36.0389
-93.9106
258.982
-165.236
36.0401
35.0463
36.0938
-277.262
28.676
29.6981
36.1138
134.443
36.0144
162.768
-286.749
36.1177
45.4829
31.7461
59.8349
37.7435
49.2601
81.313
36.5264
37.1964
374.543
36.0364
23.3736
36.9167
43.558
35.285
45.3015
794.512
44.2154
-3.96571
38.4784
36.0973
43.0672
44.8145
40.2822
31.6804
44.7819
4.26675
36.0265
33.6032
45.2749
110.202
43.2789
43.3878
36.9388
93.0157
36.0574
140.584
6.86527
42.9346
58.9185
24.8922
56.5596
1266.56
8.02237
36.6783
32.2979
702.034
441.782
745.548
9.40088
43.3456
36.0454
41.3171
29.0012
50.0776
36.327
36.12
33.6211
41.9493
1221.38
41.9541
70.1338
42.8669
36.0054
98.4425
35.9863
-8.05058
29.1481
33.4387
35.8036
35.5329
37.0787
34.6636
37.0358
29.5983
36.017
28.6491
130.892
97.2206
36.4449
29.075
-75.8116
93.6153
-267.927
-137.546
-232.592
36.6937
36.0489
36.0478
31.6877
61.2391
164.162
33.7062
40.0743
29.474
45.3407
4.72476
36.0754
0.348584
38.1092
31.309
35.9764
-37.9931
36.0118
477.788
617.667
29.2268
23.6861
42.2894
45.0213
30.4953
34.6882
22.8791
44.4729
42.2876
33.5952
43.8581
29.2988
-144.879
23.6501
43.4482
71.5908
70.355
-283.504
24.3126
41.9088
166.134
50.0322
36.9822
59.8205
44.3047
43.6443
36.6788
96.7052
203.756
36.0376
43.2649
38.9685
152.486
36.0248
75.3912
56.9211
1330.74
-22.1278
-17.2266
73.4801
88.9307
12.0098
2.78507
305.841
1330.53
-89.4405
194.032
39.1634
95.5407
43.7348
96.5306
35.9769
152.649
34.4509
36.0394
-444.175
18.825
-544.214
66.7558
62.5229
46.576
36.0711
36.375
31.2134
32.8548
37.4078
34.2047
29.5006
33.3241
42.0118
35.5089
42.9128
36.0289
-138.005
33.4761
47.203
86.1729
48.9415
24.3287
44.6307
76.0427
72.3914
59.6273
64.0929
-267.546
91.1924
40.1021
42.2778
43.5897
36.5012
36.0271
35.8404
36.0449
36.0639
108.974
476.785
35.9254
253.069
41.9792
46.6121
47.0689
43.3258
29.6962
51.6113
41.9422
30.8819
41.9161
29.2883
36.0074
100.987
44.7139
266.341
44.8252
36.1974
32.2374
-71.1196
30.7126
69.6056
36.0749
43.5861
101.364
68.4302
23.2461
42.17
68.966
42.522
36.0225
239.744
33.6466
207.905
30.1439
30.2547
39.5299
94.5078
20.9409
1.32471
-176.837
273.165
809.909
35.3981
36.0499
36.0644
-59.7383
31.5436
36.475
31.8308
58.8688
788.043
98.742
32.722
33.0206
45.3262
36.0349
86.5822
95.069
135.757
41.8622
33.4752
625.349
29.2366
34.0857
112.562
154.908
30.6779
36.2659
44.7279
29.5303
35.029
36.4397
71.5282
30.6852
46.2769
36.1914
34.6749
114.634
28.6386
80.3185
144.836
45.2087
36.0071
25.489
42.2908
35.9329
29.0642
36.0475
48.008
115.299
860.004
29.5657
36.0696
41.5523
35.4071
36.8909
37.0756
32.2706
51.4504
44.6184
44.4108
33.3812
35.9262
31.6703
-16.3104
29.9186
36.0412
-59.7198
36.0908
35.2765
35.9098
33.4612
-25.611
286.601
39.6395
45.0634
44.7005
28.6556
249.659
36.0931
35.9126
28.2914
611.123
382.458
38.6983
37.1525
33.5245
36.0427
35.5482
24.3605
23.0476
133.948
100.034
28.22
28.2073
35.6342
46.0121
1310.93
91.2833
39.5827
30.5669
100.734
23.9636
53.2646
29.3701
43.7566
36.1094
36.1406
339.107
41.4778
-49.4794
51.9522
32.5807
151.438
656.579
35.939
236.946
100.991
36.6049
33.212
34.7779
42.3199
66.8156
30.8128
30.5253
40.9317
35.0787
36.2468
62.8818
101.737
35.875
36.0845
37.6818
630.022
940.798
92.3894
73.196
41.8658
97.7474
143.009
125.481
26.0305
42.3274
32.4339
36.0712
38.2976
168.711
32.3537
143.53
45.3051
100.302
716.369
29.2996
86.9189
14.7036
177.014
46.3347
31.2514
32.0683
22.144
34.9769
-114.18
39.8794
33.8596
42.4116
62.46
29.3074
43.936
41.3436
34.431
33.7525
34.8826
484.993
45.6988
45.1503
28.3281
33.169
513.632
27.6732
29.8037
48.2205
524.314
33.0482
42.7312
97.0544
763.459
76.6875
67.0637
345.138
36.8378
41.8479
35.8244
145.21
31.354
21.3268
46.0945
30.8279
37.4009
40.0126
30.7988
42.0237
37.2268
30.2479
-408.015
44.3832
1265.52
10.3541
49.7666
29.279
42.2214
33.323
100.672
37.6414
30.571
414.546
-316.732
42.0293
34.9753
27.116
481.835
670.201
59.5846
44.5161
205.283
29.5392
39.4976
-20.8705
35.7229
41.885
36.0251
44.0091
35.8196
36.0366
24.7264
53.5233
44.5551
29.9082
37.5773
103.524
50.106
34.6253
30.0261
33.4539
27.4592
41.8532
-355.922
23.3739
35.992
274.598
58.9943
17.2783
34.4314
107.629
33.1782
486.543
1116.19
137.365
28.9621
62.4051
58.1048
51.2763
108.494
163.697
45.0817
36.8753
58.8289
27.5113
35.8694
42.1822
34.3399
36.096
126.616
221.064
199.907
29.8715
37.2725
45.6188
74.7251
33.4776
45.6081
63.447
62.4955
216.516
35.9781
19.7846
28.644
36.3795
247.678
1154.54
66.8475
501.241
39.2131
34.4638
41.9998
193.267
61.2587
27.4901
217.198
36.076
35.7691
173.861
34.1044
83.8001
-175.393
-119.464
62.6351
71.6456
44.3153
36.1813
42.2934
-194.484
38.9502
807.116
34.7358
35.9241
26.5299
71.4101
127.905
244.101
44.5851
36.0047
42.1146
557.468
0.404366
35.8985
33.8308
32.458
50.3032
37.496
36.9166
-0.837394
41.9669
42.8646
25.0155
38.2137
261.799
36.1249
28.7266
61.3338
61.1601
50.5635
159.23
-260.916
72.7377
86.812
692.828
30.4276
338.807
30.4844
36.0859
15.5089
32.1395
30.2377
34.1084
-181.377
99.9848
38.362
805.31
32.6099
100.067
528.952
22.0997
30.1153
110.364
723.215
29.2045
30.9454
259.771
442.536
23.4821
36.3466
27.6534
35.443
36.1399
22.3403
35.7366
36.0169
36.0664
36.0097
-74.974
472.626
36.0839
32.7805
-72.3909
35.3627
29.0997
49.329
553.412
30.1797
448.06
39.3467
44.5037
50.5278
33.388
747.02
22.3589
42.8377
35.1575
1149.78
7.9449
26.498
66.4391
29.2865
43.1183
61.4691
36.0663
186.943
29.367
30.323
35.8591
29.3132
16.6185
21.1706
29.3675
36.1009
35.9693
245.927
103.247
84.3274
503.299
30.3395
30.3729
36.0045
24.2814
112.803
99.7694
33.5637
44.4758
26.8254
610.836
1232.38
110.602
120.428
56.0893
41.627
804.249
33.2609
35.9359
44.5108
118.143
84.6835
82.2371
167.71
87.5434
37.0037
815.218
106.396
1332.38
89.4188
29.0896
28.6506
23.6939
79.7752
35.9285
36.1323
43.8127
88.238
73.0442
35.1543
41.0235
36.0378
23.0692
72.5045
36.9775
28.0606
154.741
262.635
25.5695
394.385
312.437
408.606
36.1631
48.3819
519.83
351.564
87.3454
290.476
807.688
64.102
17.0756
35.637
36.6787
35.5241
72.7401
26.894
15.7229
-178.741
37.3713
49.5336
35.4883
1065.67
34.0474
41.8766
32.2899
731.804
41.9863
33.0434
220.129
25.8453
-378.434
25.1948
1053.91
29.2818
235.742
42.5358
41.9749
700.317
610.399
693.174
-273.037
23.2968
753.738
93.8341
571.308
38.8508
45.6454
41.3335
30.7925
27.0121
33.4703
29.41
220.262
34.8031
155.225
54.2208
32.0494
88.6753
417.372
33.6675
70.6863
318.611
26.2665
94.6648
93.888
38.184
33.5451
34.7216
33.8421
566.17
297.79
233.549
93.2888
31.1078
36.8275
725.448
204.828
36.3804
29.6049
63.1433
29.0836
36.0773
1060.18
50.5292
21.5495
41.3614
97.6531
43.5895
32.7231
111.621
82.0814
8.91101
26.1249
1323.55
36.0996
35.4476
29.9891
27.0009
37.057
35.2473
26.9947
25.7037
70.2545
293.052
99.8238
37.0859
35.5368
48.188
31.489
226.148
35.8102
99.2938
47.1533
234.634
245.455
30.2685
35.9984
35.6783
27.6493
33.8309
17.6624
379.488
85.9772
36.0526
42.0914
35.2403
69.3591
31.4171
50.856
40.9163
35.9752
1286.29
35.1083
29.1694
68.1698
-87.4569
-75.8497
35.0767
69.3829
34.5265
26.1942
49.2086
80.2149
53.2669
39.3627
93.9874
36.0738
66.3173
36.2307
29.2731
51.2393
100.88
46.21
46.9647
35.9992
1104.34
37.5017
80.0478
306.186
210.795
712.932
32.7695
30.4271
12.9465
36.4389
36.0374
36.7934
36.9496
36.1779
74.4171
44.8265
32.7366
32.0264
29.2395
36.005
44.4512
35.9641
21.1375
58.3525
32.2043
1068.53
37.062
31.3601
37.0341
295.052
99.657
29.278
35.8099
34.5906
83.6543
483.552
90.0577
31.6462
61.7849
36.0947
73.797
81.264
35.8532
35.4068
45.4977
3.96293
101.026
11.674
35.8807
34.773
28.5579
44.8811
35.4427
27.3775
27.5165
29.1946
61.6203
68.8262
37.0916
55.8934
-483.651
810.542
639.275
95.0643
71.2718
36.2328
70.3879
128.994
216.648
818.124
27.3768
36.0763
89.7109
-44.217
48.2572
36.0173
-253.275
67.0844
33.1327
38.4977
78.7336
35.9017
170.979
136.947
37.0996
16.4769
-14.413
32.2891
756.191
33.1363
444.071
49.3956
217.714
96.8748
33.7165
86.9312
39.9335
42.1723
36.587
-234.042
382.198
44.0469
25.124
43.5607
1305.52
36.1533
26.5873
433.031
132.465
2.67806
178.46
70.1866
88.1663
53.8719
31.1052
38.634
44.5632
1219.81
580.03
41.2295
722.043
42.1133
31.667
38.8936
43.2145
91.839
442.965
45.1945
57.4304
30.5309
47.7873
68.1492
36.0447
51.4936
-224.985
-49.2365
29.7246
78.5125
47.1782
97.8594
44.0334
696.605
35.8363
31.9965
63.6488
407.622
100.061
814.375
1332.57
99.2223
65.2238
108.318
26.0413
805.674
804.542
41.497
32.7242
78.7406
34.625
502.588
63.897
-194.455
-513.439
-1.73025
-44.3965
44.4074
36.21
29.4426
55.1286
513.44
42.1407
30.035
35.9462
11.6982
555.52
22.6728
23.0117
-618.766
36.0243
36.0996
629.463
56.8246
31.8374
34.4718
34.4133
24.4057
65.4756
1320.11
75.8865
26.0403
65.85
137.157
37.5317
6.41226
69.9134
641.531
142.736
38.5091
493.57
163.552
34.7483
123.545
29.57
44.842
35.8664
63.1673
99.7338
66.9738
31.1126
33.8753
-59.0179
-240.721
53.6633
35.2065
35.8636
36.1756
36.0426
36.2302
109.105
690.236
30.9488
29.0762
79.1629
55.0188
24.375
35.7377
29.1253
268.212
29.8896
37.4047
211.669
1208.9
528.358
787.231
38.4517
29.061
36.2304
32.661
36.0612
29.7852
44.0776
1317.45
-248.137
38.1312
93.6469
25.1393
306.461
265.034
22.3625
574.175
36.4605
68.8785
-68.801
36.0488
31.6638
38.7566
34.0527
26.8706
73.0549
36.7148
32.7915
635.954
36.1589
62.2254
91.2412
332.077
36.049
37.9868
52.9305
46.5487
10.452
-330.095
63.0589
36.0841
-477.673
29.2274
31.2993
29.4302
1172.6
663.538
30.5625
29.2082
120.285
793.917
67.6185
34.263
36.0961
13.7639
66.1982
0.00969783
33.8657
32.1217
29.3227
1289.31
36.2798
34.2577
85.6246
34.1225
44.1303
96.0279
133.736
29.4498
71.2264
35.9494
37.9524
36.0049
33.7629
74.4112
31.0795
36.5976
113.816
36.2071
76.7592
31.5092
44.0763
612.413
36.1169
173.268
47.7909
29.347
783.273
391.323
37.1076
32.2055
29.1949
37.2009
72.0174
28.7771
44.8582
55.3265
33.9073
-188.023
31.5048
29.9803
44.5341
35.8799
28.4548
34.0769
35.9972
36.2263
-13.5031
38.9423
59.1035
72.7329
32.7045
55.0854
106.249
30.6093
65.7202
-21.5836
7.87696
26.6814
36.4974
43.1041
35.7719
41.4668
36.0318
391.953
44.0805
35.8753
35.9121
302.501
28.502
786.705
64.1753
67.3208
36.1723
542.318
29.0408
-322.645
41.9326
35.255
765.3
70.1432
25.5063
284.642
30.2549
29.646
71.0628
26.652
45.934
41.9504
35.8928
29.3169
82.3531
32.9123
720.131
30.215
714.436
48.3798
52.3966
29.2025
36.2573
294.141
60.2097
34.1979
65.6691
70.2765
36.2125
38.2627
30.5469
69.5399
148.869
1327.5
191.377
31.6632
32.1105
29.1447
41.9684
32.8752
42.2048
25.4015
19.3637
32.0882
27.2506
72.8664
65.2292
-13.1705
29.8722
71.4189
32.9332
83.2654
29.9192
36.0481
42.7756
79.5326
21.6837
34.6602
36.0256
72.0032
35.4402
54.0975
67.778
36.3134
41.5293
36.6128
-133.136
-175.168
35.8375
42.9346
811.216
1330.61
64.5508
30.327
29.7234
52.7713
98.8388
48.8023
44.2335
189.735
70.7496
34.1214
35.9809
26.1443
29.2157
29.2092
45.5156
54.7786
30.7238
572.622
-198.83
49.5595
439.699
803.697
27.2689
22.998
90.225
146.472
21.9113
28.9921
24.8177
562.795
28.6639
34.1732
34.8741
30.9464
36.3212
65.6914
26.3804
149.198
42.4193
1003.08
86.1089
-245.321
2.34068
24.9356
29.2561
46.7172
36.3931
280.17
28.5185
83.8156
184.959
782.963
384.26
58.5813
38.9862
49.1441
36.0292
36.7174
29.9685
153.33
62.0828
67.302
27.8567
57.7249
15.4969
38.281
33.376
36.1729
1325.41
30.2023
36.0626
68.1002
634.539
36.0452
25.8763
30.0855
28.6756
28.6988
33.9283
86.7767
62.179
42.7696
39.8255
25.0484
27.5615
162.814
507.541
379.964
59.039
35.818
36.1323
20.0541
262.121
125.533
27.2862
36.0132
21.2224
36.1652
35.8587
28.1749
36.4408
28.5594
71.2217
36.6071
20.0709
34.333
45.8085
1319.41
1330.67
114.35
105.696
46.1663
23.8875
28.2268
24.6884
77.0543
503.223
768.584
36.639
36.119
36.0155
134.874
31.501
36.0363
67.4664
35.6937
36.3044
18.1399
24.2564
31.4053
43.1436
18.8593
33.9123
34.19
356.646
29.3273
808.004
326.292
29.4681
41.1198
32.8011
-290.769
213.891
74.4145
46.7799
36.0813
42.1491
42.0016
30.7676
-117.354
496.445
269.795
25.6277
90.5266
30.6293
763.735
55.9555
82.2651
52.4746
763.258
46.1581
36.1001
35.9312
35.7179
32.8219
34.9258
26.9943
61.554
33.7229
27.8299
36.1366
-306.921
43.7146
69.936
49.3518
67.0624
42.9209
58.2222
29.8269
35.5392
33.1917
33.1759
31.5581
100.7
63.6302
64.4843
49.917
44.9243
876.65
353.176
35.9999
64.9793
61.8049
54.7485
36.1459
792.33
745.78
30.19
-227.187
34.9975
22.0126
36.0729
57.3335
143.322
29.0258
29.2452
35.7882
35.5698
295.833
62.029
29.1476
-348.642
6.80799
35.8889
22.414
28.4376
29.1746
42.8984
414.637
31.6898
52.7112
28.1487
43.5807
29.3073
812.183
1333.68
821.439
23.1309
-184.402
34.1541
36.5331
480.818
708.132
36.3342
35.9802
70.8553
24.6284
73.4032
1330.01
810.008
33.8784
42.5813
913.854
692.989
63.2826
30.9297
55.3101
1296.49
791.894
1288
35.9484
36.0926
-508.3
42.0954
422.399
412.852
686.465
42.8599
44.3468
142.051
23.95
-57.7901
40.362
891.204
64.7607
35.2696
29.1907
27.8904
16.0712
29.0212
36.142
19.7277
29.3661
29.2355
57.0898
29.8345
29.3041
36.2114
32.6272
37.0931
269.045
545.833
144.577
191.059
29.2429
56.4114
47.9616
35.985
26.8259
30.0658
34.4868
36.0369
47.602
84.2763
29.2962
64.2829
43.4605
62.7334
42.032
40.3705
48.7504
35.4037
321.957
35.8485
36.1849
434.34
97.7854
33.5719
99.5587
41.9669
62.2708
46.8443
33.0994
29.2855
41.885
21.3583
45.3643
21.0065
70.1639
28.5687
36.1689
811.957
70.978
46.5625
35.8587
32.4608
29.906
34.3023
33.6682
187.759
35.7562
323.154
35.9462
36.1114
34.1995
37.6501
200.049
51.1695
35.6645
26.6192
27.8138
36.9516
33.9297
30.8287
36.0447
26.4885
56.032
54.7159
746.336
-285.966
35.8713
36.1698
37.7242
32.1882
40.6762
41.7798
36.0653
1003.31
35.1384
33.4023
37.1352
32.8314
61.8379
-0.913284
33.0494
171.45
666.324
35.7871
36.2589
248.508
29.1564
98.7937
22.6753
51.7633
855.648
36.1632
30.1432
30.0151
36.2045
136.067
382.148
29.9115
59.8925
29.3044
63.1747
29.2189
280.052
55.466
24.3715
23.7516
35.9158
35.834
69.7741
36.065
59.0563
693.986
36.4195
29.3497
-335.422
66.1113
37.2768
51.7762
45.2345
166.476
36.5478
35.5842
603.44
36.3385
43.4526
197.937
32.3919
-79.5829
35.8073
36.2135
44.9952
57.2274
29.9541
260.289
36.2241
47.5082
36.2032
35.8217
36.1981
29.1898
40.1087
36.1482
1160.72
35.9383
29.2919
45.1246
47.8884
30.2172
-346.539
35.8436
36.1877
37.3477
41.982
1173.21
36.2744
30.3112
36.6272
368.991
68.6087
-63.711
56.7997
35.1268
54.124
63.3024
132.603
92.3563
34.3364
1303.07
36.02
5.68419
42.145
32.4658
33.0563
36.034
36.0052
42.2693
56.0467
41.1352
78.2525
45.4183
633.675
89.0161
54.697
140.504
33.2167
-78.3365
802.332
52.9313
34.9313
29.1999
36.7038
34.9803
29.1706
-112.44
35.9983
23.1379
34.7557
42.2119
99.3921
36.0663
30.3972
43.0464
32.8941
62.0836
44.6717
-45.4936
81.1664
916.212
25.7986
56.5798
37.375
768.079
34.0081
64.0591
138.142
29.0023
42.2721
495.288
39.0664
77.1391
24.8402
30.2177
53.0006
69.9932
28.3395
8.58897
47.6178
27.9511
36.1534
70.8571
53.9637
62.0001
27.2738
35.8566
36.1801
62.5227
121.503
308.721
77.1818
35.7394
74.1693
36.7036
30.4412
60.9507
72.6466
33.9262
52.5544
29.0447
59.7981
36.0542
57.0505
29.4264
30.1027
95.572
100.321
33.4255
29.3161
24.8246
30.5093
26.8072
44.8174
84.1253
671.816
55.6618
60.1338
30.1505
32.9795
78.3951
94.9288
0.35875
29.3741
42.3447
53.3648
36.3006
204.739
317.195
35.7566
36.085
32.0407
47.8355
-14.6332
55.8657
72.1831
61.0754
34.9931
53.8746
1313.74
36.2188
55.9062
72.6797
-384.46
55.4242
134.743
36.0401
36.2419
29.2066
-24.4905
41.7754
29.7051
29.2221
56.9765
29.1908
43.9919
50.8882
44.6027
36.8796
24.3998
436.965
53.4429
78.1709
34.9051
37.187
71.29
66.7937
44.6453
35.3505
-10.725
36.016
56.7302
2.86026
42.5886
56.5602
29.033
26.3033
25.476
37.5913
36.1293
436.659
78.8146
29.9566
36.0611
98.4153
250.975
36.0199
29.2716
54.8747
124.759
42.8629
60.758
34.59
64.6173
35.4166
36.4539
29.5276
33.9302
35.9716
31.2593
27.8187
72.5108
29.737
36.3964
137.965
29.234
217.214
54.3946
58.886
35.9555
-128.268
35.254
29.0767
577.2
103.021
36.2094
29.3124
41.8389
34.8347
36.0746
25.7668
36.1227
68.5855
-25.0985
35.993
28.3284
1254.37
54.4388
52.3253
667.5
29.1088
40.826
36.0891
48.1945
36.0697
17.4904
54.8696
38.8249
11.6504
37.9413
29.9845
36.6843
38.2817
50.3686
89.5567
55.8023
109.269
44.2473
31.1154
29.1007
32.1664
345.449
45.5856
98.2075
37.0655
29.9544
25.2898
-44.1965
46.6817
426.266
36.079
31.1876
61.3843
33.8186
36.0074
48.516
29.9496
36.2081
27.6526
54.3911
28.5861
43.2984
35.939
21.192
57.8161
114.081
170.473
35.9883
36.0906
35.9602
36.3061
28.5117
29.1796
82.77
-326.655
24.6729
53.3077
21.5756
49.5038
33.2764
771.896
35.9337
27.9545
36.2257
37.5801
22.5503
49.2484
76.038
55.6227
36.0593
35.9841
400.392
1297.46
35.9181
29.1402
64.0061
40.6832
48.3625
54.3588
433.407
36.2053
26.5376
36.1365
41.9738
49.8518
36.0808
48.001
31.3407
51.017
96.5608
495.111
29.032
53.8661
29.1649
36.1492
464.884
34.2877
52.8711
52.6296
60.2563
33.1579
36.0491
69.434
169.513
83.3771
47.5826
35.1041
29.1668
31.95
29.0086
33.8788
13.7243
59.2166
29.2245
-20.398
13.0585
30.1548
132.264
42.9963
38.4371
28.9858
-129.302
33.9566
-53.9878
58.9742
42.6675
30.6989
684.62
56.304
36.873
662.436
50.0073
38.3794
33.3891
37.2939
35.9433
51.0573
61.4644
41.9887
29.2201
29.0821
31.3079
789.684
37.0825
-14.657
50.5894
29.088
75.6189
36.8983
29.2626
38.1892
63.8398
28.4461
72.3313
50.0336
34.3508
45.6811
52.5745
35.9306
-262.942
29.1669
62.8268
36.217
29.1015
29.9879
29.0884
30.6103
29.5425
28.6387
29.0509
35.9156
29.3979
27.9349
27.4774
49.3056
48.9173
46.8475
198.765
41.9352
41.6047
50.0343
96.5369
76.6666
30.0896
36.0939
41.8264
61.6519
6.83824
34.8598
36.038
33.8415
35.8059
36.0592
35.8277
34.0306
29.0966
33.769
20.12
35.9955
53.0284
98.2356
21.2259
69.2879
82.8037
462.863
33.7055
33.6654
51.9373
39.2722
-27.0509
639.817
31.6851
27.7212
-84.455
74.8513
29.7349
50.8575
65.5258
49.7241
50.393
36.0199
65.677
78.8163
51.4539
33.6525
33.0161
68.6943
-64.9562
47.9744
27.9666
36.3476
49.2053
88.9813
30.1564
18.8075
88.2967
30.6524
61.8594
29.4668
28.9459
21.1958
29.1758
27.4074
41.9761
29.2406
52.259
46.1058
62.436
64.0663
37.3424
47.6898
34.0189
33.8998
-33.8602
36.0299
43.8938
38.1857
39.6047
51.1069
48.934
36.0643
48.6513
43.4036
29.189
64.3407
36.0115
35.0525
16.5707
35.7133
18.2766
60.1943
35.8676
47.6112
312.107
36.1014
33.9167
35.8842
60.7433
35.8838
33.941
29.3132
29.3618
580.108
33.5924
40.1033
36.2202
42.1523
36.0471
36.0585
49.7777
29.3706
76.0262
29.0873
31.859
49.6115
35.9025
37.759
234.403
122.369
35.6023
39.8735
456.081
353.693
807.537
672.695
797.942
1236.1
49.6726
-20.7188
28.5927
33.8733
822.063
1332.3
33.8267
29.207
32.6123
157.35
36.6665
17.3989
630.011
41.893
34.3669
44.8731
26.3532
1312.48
27.191
42.4734
1334.44
826.514
210.125
-41.2365
222.163
146.75
7.86675
61.0662
49.1044
36.0615
33.0585
64.3295
67.9596
1328.31
215.203
-230.119
113.71
63.2927
6.63989
31.6191
6.68316
28.3764
46.9609
-257.825
49.1762
-253.794
36.074
29.1113
29.1703
58.2317
33.417
36.2652
35.9213
36.6422
-432.423
35.8388
33.0179
61.1482
62.0869
55.0503
944.533
33.8414
48.3213
48.7037
92.0444
295.422
48.9143
72.7689
34.5946
541.877
759.16
29.154
47.5998
41.845
274.197
64.8601
29.2051
29.7523
30.5692
824.431
29.2357
29.5773
58.8108
33.8927
29.1183
73.1405
29.1216
48.8393
29.8802
30.3448
99.9246
-204.969
24.4935
-160.614
73.6109
48.9097
35.6651
29.9117
29.0895
-196.46
556.283
29.9267
58.4318
36.1791
68.4987
97.9176
41.4007
29.3352
29.6175
32.3286
36.2872
36.1931
36.092
14.302
60.9283
183.945
36.038
29.1045
44.3241
59.9097
34.668
50.4105
35.8979
29.1425
43.0862
36.071
336.741
98.5658
96.8606
49.3785
30.7712
50.5085
27.2868
28.7167
53.51
331.548
49.0206
48.4085
46.3645
29.4908
50.2516
232.901
747.942
29.409
29.3793
35.939
29.4896
32.4468
54.2963
29.6195
176.09
73.0132
48.4165
610.752
33.7157
51.5168
48.9662
52.7648
90.4709
29.1444
105.942
85.9846
-2.28952
35.696
1333.62
45.1127
127.141
29.1589
17.4227
30.259
45.3028
156.483
93.082
49.0948
106.144
19.7218
29.2289
29.1426
161.488
35.892
45.3799
26.5538
71.0451
29.0883
35.8616
-292.136
29.0878
1.17335
32.6039
32.379
84.1963
29.6334
30.8352
36.34
29.4216
-337.946
46.1321
27.5852
42.0413
11.8347
30.7432
248.31
22.0208
6.64857
35.9575
28.3083
157.389
40.2728
48.728
29.1702
6.80174
77.321
29.4225
29.1493
84.3384
31.9955
34.4059
16.7249
47.8044
31.9947
29.372
813.15
49.0603
61.4421
64.126
36.0147
37.9205
29.4896
76.592
36.0926
43.9509
48.4612
-291.485
35.2762
49.0145
41.4896
28.8769
29.1475
23.9951
35.5997
29.218
34.0157
28.1677
100.615
37.763
29.5773
29.5099
49.0136
227.624
52.9215
666.306
35.0315
66.4091
50.4433
30.3453
48.5479
44.0587
36.042
60.6415
70.7974
29.099
42.9308
279.234
69.6542
40.4998
56.4703
35.9572
29.3088
76.3078
61.6411
-275.147
162.627
9.35132
36.1274
48.1282
84.1858
100.014
47.7613
86.7958
30.8898
13.5183
649.281
29.301
122.468
56.328
54.3711
36.0193
56.4047
43.1939
-123.024
93.7286
25.2142
60.9799
359.992
36.0302
41.3518
22.835
17.0149
33.6375
57.4444
49.7032
35.6366
39.2856
62.8041
36.4948
44.9796
41.1264
31.7694
49.2079
44.6397
-63.9344
35.0449
36.101
29.2887
91.79
49.2618
14.0889
48.6694
36.7415
43.9852
36.2262
54.2987
29.642
49.4852
-116.61
619.219
67.9317
48.5843
69.6586
36.1402
234.955
31.4054
47.9543
-303.738
26.7252
38.3347
62.2278
-279.408
29.277
19.5762
98.7281
20.8079
-365.157
101.794
68.3233
0.604583
-387.327
392.339
36.1506
682.592
29.6567
63.5775
29.0581
1284.9
27.7933
90.9384
48.4875
91.4564
48.1842
29.4994
35.9355
42.1391
29.3126
26.4675
45.5146
58.667
25.7389
30.6617
45.4316
33.9212
44.7294
63.8758
54.2892
1333.69
43.1455
47.8947
49.4792
50.9595
403.841
36.7284
71.3169
48.88
64.4417
22.6028
73.7092
101.684
36.034
33.4594
36.0323
36.2679
100.335
22.1921
130.943
43.3054
-605.888
48.3591
29.3417
23.8244
82.4162
596.375
29.3107
102.765
26.6318
26.8767
78.2412
-317.396
29.3583
29.1358
52.4625
36.1097
105.498
174.639
35.0004
-11.2118
-382.64
47.6961
276.228
29.2263
27.5639
28.026
33.2769
101.345
34.8419
48.2523
101.153
29.4428
132.873
36.0088
-130.403
97.0001
29.3656
36.1697
14.2116
48.4538
37.4819
25.3357
33.3381
48.1495
73.4204
68.7036
28.9153
29.2709
23.7451
44.962
587.369
764.807
35.9968
42.0735
30.4591
435.986
115.868
698.357
29.3133
36.7131
29.1555
51.1749
32.9398
33.6188
29.2686
32.6197
104.4
37.0199
35.8277
44.9344
140.234
42.4463
66.7432
6.79641
821.801
17.1922
-211.404
20.7756
29.2511
53.3189
45.8072
29.2881
822.737
269.21
39.4318
48.1173
35.5362
110.97
36.0203
38.0643
44.5383
30.6616
29.1504
50.5469
99.6411
15.9559
34.3458
95.3753
29.2452
48.5881
36.3486
35.9415
-75.2364
48.7889
36.4403
46.1052
29.2102
-325.977
84.0832
37.9143
123.577
60.0412
19.4252
29.808
36.0503
-162.445
36.1033
52.6116
36.5487
28.2553
106.732
52.7476
39.6956
53.115
735.099
35.8361
27.5192
59.7514
191.445
100.726
30.834
29.2031
375.731
27.2077
606.03
73.7519
25.4855
47.9191
33.8211
61.0342
139.027
23.0069
29.8223
24.4495
29.1975
35.8312
28.9016
48.3149
29.3626
37.2209
35.738
-0.942579
43.7908
75.8189
42.8782
46.7092
102.397
38.9318
35.6395
31.3458
28.8686
166.811
54.36
290.91
50.5343
29.3609
31.0404
-307.579
92.8868
29.2749
51.031
-47.345
150.329
107.764
48.3042
29.0603
102.774
37.8168
28.541
362.522
42.6204
29.6204
47.8117
53.9883
797.05
41.5159
31.2344
47.9276
-231.92
28.8693
36.1948
24.1556
21.3948
-402.297
-43.7982
53.1249
114.854
36.35
44.5776
29.9303
8.52503
39.1815
59.3921
80.2359
36.0418
33.4967
36.1754
10.4167
51.9808
36.204
55.5949
36.2075
-15.537
36.1717
38.6765
-85.3241
36.0589
507.182
77.9865
42.2212
308.493
36.0191
42.1111
38.0557
53.0013
29.3303
35.3379
56.2737
41.9715
1332.87
29.7878
44.5646
35.5888
41.9506
45.7462
36.0941
32.605
48.0484
66.7904
1249.34
-86.4095
66.51
456.644
58.7124
36.0429
29.4124
-396.737
24.4905
65.2835
132.003
33.3417
55.8422
26.0435
27.4309
5.23695
41.5337
67.023
454.649
46.6114
100.422
36.3609
29.2529
64.0795
41.917
51.1557
46.3827
30.0688
22.8837
40.0553
34.6848
68.3362
111.178
32.1372
117.429
632.363
63.7955
49.2517
68.064
45.8306
48.7105
34.3144
124.975
-37.1834
36.2017
4.74143
53.0235
28.5361
75.1263
29.6399
-46.2435
26.988
69.575
36.1682
70.2176
1047.48
1274.57
41.0566
29.3104
47.3335
32.2008
64.7434
44.6857
28.7158
25.1765
-230.365
51.9882
35.7512
26.2071
53.1328
28.4468
35.9605
-135.173
29.3728
27.0227
26.0603
32.871
29.8157
29.1763
48.3976
282.328
-287.905
36.2299
35.7976
-3.10415
38.3329
54.6057
50.7333
29.4691
35.9986
28.4828
51.9535
35.9405
800.22
25.3863
35.9082
36.1805
36.0624
36.2103
35.9757
-217.394
24.9657
45.2516
35.3665
36.5718
36.202
59.3746
64.2064
-31.2187
48.9638
28.5028
36.1952
36.0062
65.298
32.8255
27.8271
29.2932
29.8565
42.9732
64.986
-14.8098
35.6541
36.244
35.2273
359.545
95.7181
425.795
21.1266
33.7417
142.047
39.6791
85.179
51.8793
1334.8
830.187
168.849
29.2737
35.3338
29.865
44.8185
42.4175
-3.34001
60.6627
28.9253
26.9324
42.5539
36.2759
36.0365
35.0787
47.3586
37.7624
27.4923
228.091
44.4529
28.7342
64.872
60.0271
30.5054
-404.712
57.2083
-13.6058
45.9525
961.885
43.0601
29.432
161.219
34.5692
36.1912
20.5375
36.3072
36.2595
36.1102
94.7866
43.2936
-40.8071
28.9808
35.0644
28.4415
68.5957
42.2294
36.2021
279.443
35.3031
139.673
591.351
24.1022
68.0127
25.3382
35.9225
29.9622
73.9724
99.1351
35.8117
-32.166
35.7631
62.0714
-323.268
29.1516
32.3769
43.5346
73.6788
1130.92
66.13
24.979
36.0568
54.3828
33.789
69.526
-328.484
31.9351
20.1168
30.975
36.9626
-38.3373
50.9589
29.1933
67.8639
36.2048
54.8694
91.5826
70.0128
36.6157
160.017
35.9945
0.802014
100.937
47.0587
33.2323
50.3052
65.5128
65.4548
62.799
46.6953
35.8389
-5.3075
35.9431
38.5209
34.5685
770.579
29.516
56.6759
30.9525
28.232
37.5059
-4.31557
36.3686
23.2782
36.0028
38.7217
66.3916
36.2602
60.1201
36.4566
41.0204
36.4178
20.6689
28.736
28.0007
573.869
25.0308
5.25849
42.941
35.8984
98.9615
41.4549
36.7672
42.022
65.5208
109.052
29.4305
123.195
29.6424
36.1271
376.522
29.1579
42.5815
24.7584
82.9536
36.3195
36.0087
32.3304
45.3671
36.2836
27.9491
41.9786
32.0677
45.1382
30.1556
42.0443
44.49
22.4046
36.4022
36.0146
26.9722
28.6967
39.2561
36.0405
803.831
35.9774
62.6133
35.5646
43.6554
71.6301
29.529
36.93
-37.4086
29.74
69.4074
37.1704
-255.728
34.2117
44.6517
25.8587
36.1176
29.2395
35.9168
62.9045
63.7229
64.0917
36.0206
-305.052
35.0305
-13.587
46.9045
32.6331
37.4054
27.876
36.0886
45.8643
73.4117
266.442
29.6354
227.835
-622.8
7.68186
92.9893
35.8503
56.7458
48.4078
38.7576
36.8258
106.488
60.1639
204.447
60.6067
260.258
38.6591
29.6148
36.9332
33.3614
34.803
51.3548
35.8678
42.375
-6.35858
37.2197
28.4508
10.3356
-362.817
-18.6668
70.9754
28.7681
32.8276
42.1182
277.514
99.8855
71.5768
33.6274
23.9236
89.4655
36.1966
25.341
36.4455
36.0615
35.83
29.3661
68.2664
36.267
-24.4674
59.4484
60.7662
36.2491
32.3357
36.0353
525.437
191.322
45.1906
-12.4889
41.9239
29.3151
29.4169
27.3126
59.9903
37.2988
35.965
43.9113
25.4348
493.551
126.811
38.9449
31.9837
96.2003
31.091
67.569
-229.967
24.8603
46.2937
28.4596
22.5099
150.378
93.3084
67.8846
118.727
43.9483
37.7669
30.4759
35.8201
29.3309
27.728
42.3095
173.488
37.0931
24.4447
34.598
36.6172
4.40148
33.5741
36.2029
6.35386
34.8844
-540.957
202.817
32.8471
33.8755
5.61587
96.5809
33.5744
41.5507
-39.5882
36.0705
25.3292
46.6374
819.308
29.0465
36.0805
39.0097
36.0786
43.9049
23.2572
33.6548
45.9484
-271.847
98.058
68.7375
29.2194
35.3165
36.068
290.152
-327.668
29.5138
36.5631
36.1988
33.7043
35.4243
39.2656
-516.124
36.1771
326.483
29.8717
36.0961
35.2247
26.3151
36.2984
31.748
41.904
769.441
44.8988
29.8438
27.6163
42.0272
34.1235
133.273
537.383
46.0323
1286.29
23.158
21.2402
34.0407
45.9706
36.5902
42.5207
28.459
44.8521
36.2363
99.4023
32.2876
40.9106
41.7511
103.223
20.0863
35.8013
47.2134
110.083
34.5887
466.632
31.2955
-55.9194
29.3649
33.6724
25.1503
35.8317
26.5152
1075.64
38.326
28.2544
37.4089
44.8314
62.2858
20.7179
41.9761
64.2075
95.944
15.1826
64.0611
28.9534
25.7384
34.0396
34.0427
20.3508
537.618
35.991
36.0954
35.807
5.65342
36.1967
41.38
68.0947
100.199
36.1221
36.2291
44.3974
36.1538
48.5916
272.693
34.6577
36.0136
42.9646
-196.293
36.4353
59.4019
36.1046
20.7379
42.4938
36.2005
24.2359
57.616
40.1646
21.9751
45.3892
36.1998
39.5652
35.6428
22.0759
47.6485
35.0822
176.875
29.0269
40.648
28.8342
36.6348
37.3874
153.958
26.0366
74.0845
24.7058
44.5667
48.6046
29.8944
71.9889
35.7943
100.775
85.4792
27.2566
36.1325
36.2766
28.3399
48.5405
-15.9457
69.7529
61.7754
44.4962
4.75176
32.6652
36.1979
35.4731
29.1756
42.05
45.8966
36.4879
29.7063
36.1948
36.1095
48.5297
812.371
105.171
101.167
36.3016
29.77
27.8437
819.733
36.0768
9.12715
69.6384
28.7827
71.9309
-0.775437
49.7854
-29.6563
35.6902
29.921
51.4034
66.2246
36.1441
99.3144
31.9344
33.2529
69.0948
36.0609
35.8087
101.537
1204.15
33.2934
39.2587
131.44
35.9918
29.5539
36.7792
36.1184
40.6396
79.6529
31.8593
45.5398
61.0262
97.3251
35.8678
36.1484
33.7674
102.196
31.8569
120.858
1265.99
36.13
45.7251
33.3595
48.8054
35.8044
35.8389
49.5674
36.0748
35.7862
23.6086
29.6294
1314.83
19.9629
30.0279
29.8579
36.2222
-34.5608
39.5336
47.1573
103.94
103.485
33.193
68.8753
34.8369
64.8824
35.9865
47.6227
25.2943
36.1025
48.5369
627.05
34.0053
100.789
106.505
36.3585
36.1471
18.8625
73.6001
36.2742
33.4022
36.2559
33.5562
36.0412
46.6032
36.132
36.0623
65.399
42.2315
45.8621
36.5066
109.039
35.7817
36.1231
-115.509
35.8228
43.0241
45.8731
36.1776
28.1575
34.4714
46.1966
42.0852
19.9164
35.8403
112.583
37.6288
35.7565
44.9579
36.1808
26.7127
36.1969
383.073
36.2414
23.3984
36.1909
28.9769
-191.152
25.0429
105.012
36.2076
46.1119
35.8514
33.7761
35.3782
72.4495
110.467
117.699
38.5937
27.9068
26.9079
99.0734
35.2684
97.6804
92.8485
29.183
35.4202
65.8551
36.2149
-312.125
44.7399
35.824
34.4662
44.5878
877.726
19.2671
32.181
54.4324
22.6252
47.5848
46.6196
42.1829
388.453
-23.2643
29.3559
37.3026
24.9453
281.063
92.9299
39.6994
37.8478
34.0215
35.9016
36.5602
18.4103
39.1347
64.8469
548.533
44.6394
40.1592
36.0846
21.8469
29.5139
75.2515
52.8581
28.7893
136.33
114.275
36.5757
65.7531
44.1338
33.811
93.2272
45.6978
43.3615
36.0411
232.274
45.5013
36.0603
43.9713
67.1762
44.2942
27.0626
252.958
69.2116
29.1541
29.3906
323.885
150.827
36.1563
30.3668
45.9067
29.5638
129.269
63.7458
-6.02235
36.8062
36.1893
48.1623
41.9352
85.3653
35.9826
49.5736
33.5455
36.187
38.9809
44.9103
37.7706
36.194
36.0658
33.7498
34.4731
82.1819
62.3086
33.5942
44.8078
36.0311
36.1605
-67.0449
-2.23132
32.7791
33.9565
33.8266
33.9639
432.861
35.0733
29.5553
17.6036
35.9201
28.0781
42.1904
36.0586
15.1471
34.9171
22.7007
35.2919
35.9074
37.257
40.664
44.8035
1236.34
219.491
815.962
34.6582
37.4361
304.389
36.0092
28.912
35.8072
36.1909
35.9085
73.8958
33.8018
-590.021
35.988
19.4976
19.5806
46.5184
27.0661
29.2647
35.8386
63.7695
36.1858
41.867
35.8726
71.1571
80.2637
36.1278
18.2253
-281.899
176.756
46.9043
-579.719
41.3807
1326.91
120.452
212.517
43.5044
49.7271
349.903
138.081
-0.864039
28.9769
35.8952
27.2093
36.0037
45.197
28.8553
97.4503
71.4833
33.8191
36.0678
-34.5513
33.8134
32.0065
40.602
5.74605
36.1012
32.6185
250.677
118.147
35.5428
31.3128
14.2604
41.2629
60.2315
31.0868
37.1994
54.9686
24.0795
66.7791
-17.9015
194.547
35.4852
35.8699
18.3188
179.942
43.8179
550.014
35.8919
-30.5038
46.739
70.8976
29.8255
36.0545
35.9496
82.0797
16.9809
-35.3517
69.642
46.4397
52.2529
48.2929
25.8296
184.488
1323.38
-454.842
24.2686
36.1863
20.6347
35.9901
27.8669
36.1871
78.5632
31.6329
36.0311
41.8184
29.4909
160.216
46.1276
29.6114
788.856
38.9483
35.9424
37.5602
44.2914
515.224
35.9549
321.355
36.8787
28.8789
35.9034
22.1183
36.0361
35.8236
4.3173
36.2045
32.8571
32.0641
56.3849
27.8748
52.3309
37.4685
33.8359
29.2704
-385.795
38.016
-23.3327
35.7678
357.486
478.346
36.0483
33.6269
570.152
757.401
59.9025
45.7844
33.4997
77.8892
66.7362
36.2382
-2.81375
35.993
218.621
26.6352
44.9548
-411.529
36.1227
29.4978
36.3743
-6.56892
-38.6626
31.3377
41.4654
33.8763
43.6387
30.3371
41.8762
46.7651
50.4548
96.2827
36.6266
-187.872
1332.43
40.3704
-0.834741
637.281
41.9496
98.7123
36.13
87.3925
-417.601
-79.4757
83.0073
22.0427
36.7911
42.6323
27.778
42.7466
36.1449
71.505
66.7027
35.998
36.1766
38.6015
83.5517
36.1815
41.1421
43.7612
39.6542
36.1416
45.1586
823.836
1334.16
-268.749
36.006
33.7736
30.7734
-58.6295
48.3563
16.7138
36.0888
50.8416
46.3031
36.0897
19.2053
33.9421
18.6923
44.2067
-12.9115
22.0534
37.1232
35.8153
35.9281
36.1048
44.7752
181.305
28.5236
36.8459
35.9794
43.5616
35.956
-3.11507
36.0027
44.9901
32.0087
183.57
35.8604
57.6555
29.4228
36.12
-351.757
254.314
324.22
35.9958
36.7245
47.1058
45.8414
44.1244
35.2697
-304.225
36.65
36.8565
36.0877
-127.394
31.6341
42.053
36.1984
-188.739
51.3834
39.3483
36.1124
6.20057
41.2772
35.8172
-67.554
36.198
35.4201
46.8806
35.9901
-109.091
32.6854
23.8755
43.7637
36.0474
36.6438
-57.2558
38.5303
44.7504
30.1727
256.079
-4.52837
33.8623
41.7913
1323.85
80.9116
69.7844
44.7494
36.4125
41.7086
42.5158
30.652
44.2045
38.35
35.8186
36.0349
36.5463
35.958
6.83929
33.9798
47.0898
36.0008
31.9501
100.289
36.1492
28.6478
96.3879
36.1168
-48.6064
35.8148
36.001
83.5282
28.68
47.1209
36.2107
39.5423
36.0558
95.8458
48.2219
616.714
802.878
-0.213638
28.293
36.3989
39.3922
36.0141
-220.135
44.9592
32.9463
31.9707
41.8034
117.462
37.9437
335.71
39.1803
80.2196
45.1267
36.8689
36.2012
45.926
36.1637
19.1445
26.8953
36.1482
48.7475
63.1077
27.0088
35.307
44.1062
29.809
41.5975
36.0398
32.2874
30.551
33.868
-5.89615
42.9919
36.1183
36.3592
47.1667
33.7241
82.9467
32.8393
-136.685
473.64
36.0798
19.8994
36.4947
40.2621
36.8462
29.2551
36.0205
28.2545
27.687
36.0459
29.328
36.905
40.7023
49.4389
21.4118
29.6937
99.2394
37.1616
45.0988
36.1221
36.0177
-118.879
39.0787
40.872
36.0507
79.9062
43.044
24.5255
45.1289
34.0197
35.9639
36.5697
35.9849
35.8045
34.5949
27.8115
33.1785
34.9875
24.9456
19.5156
27.6304
37.0598
1331.9
-56.9182
36.2976
49.5537
30.748
61.4457
34.2096
-243.149
43.6466
36.9593
36.0492
43.3228
582.382
41.7066
37.1
18.1351
34.8615
12.8074
26.5173
44.1552
44.7822
27.6333
52.4649
37.8898
13.2221
-32.3621
62.4756
-102.694
18.5385
65.4061
26.0108
28.0142
26.8767
36.077
36.2495
42.3014
61.251
44.3094
-17.995
-4.11818
38.8879
42.4892
35.793
36.1688
43.5996
26.2108
25.9608
81.8543
32.3222
72.1975
37.7163
32.6117
36.1173
36.0824
41.9311
216.495
54.0538
1193.78
38.3436
80.6474
-13.2854
40.4389
35.0787
43.8782
19.476
33.3921
-309.795
36.5213
500.055
35.9913
60.0624
29.3904
26.6991
35.9875
43.513
46.7906
36.0404
90.1764
37.8022
35.8195
36.1936
42.145
36.1539
41.5692
36.135
36.0766
29.0662
33.0087
35.7355
36.013
-101.419
36.0182
43.3539
18.6125
44.1347
76.4074
33.2421
36.1079
73.1869
48.0064
35.8137
38.955
35.835
24.4635
36.0291
35.9957
1330.61
35.8867
35.8946
47.081
35.1738
24.9187
36.1156
36.0418
36.078
31.7558
-0.964176
81.8415
-142.003
36.0401
-439.673
1334.93
828.499
36.0403
32.6477
2.34655
35.976
36.1171
381.556
36.123
731.67
35.4906
29.716
19.3253
-70.1822
56.7207
36.0008
43.0267
36.2606
40.1719
61.5053
44.8501
36.1716
63.9839
44.7195
42.6433
35.8256
36.1138
70.6909
25.5591
42.0428
32.6677
28.0145
33.9639
50.0959
-1.55611
88.2937
36.3014
73.9051
47.4765
35.8242
33.9005
48.6848
40.1534
36.186
35.065
214.044
37.6225
29.3352
43.2443
36.4713
30.1075
36.2865
63.9123
59.2426
36.2149
30.1499
56.422
36.1953
47.466
41.9688
41.4127
35.923
77.5321
38.9251
26.4614
29.0224
45.2865
65.4462
86.1612
41.5328
35.8871
33.8183
71.4879
41.9237
15.2447
46.5448
44.9741
43.354
-25.5759
29.7407
255.716
29.637
18.6668
8.10841
36.5309
36.2156
29.2916
42.1506
-8.75329
41.7469
24.1867
35.9714
44.5411
44.6302
42.3489
40.0408
40.9057
43.0381
36.4855
360.566
31.8439
47.2926
39.8705
239.547
36.0641
36.0496
-17.5363
29.9075
53.3549
37.4135
1332.42
44.46
38.118
37.7012
29.4419
1164.01
29.376
36.1885
34.4435
69.3198
41.9536
41.6433
36.7296
36.0442
11.4625
51.6723
36.01
34.8603
-14.7491
68.6816
-101.315
29.2643
1334.75
827.014
35.8442
-32.3102
45.8402
83.4099
42.3251
-56.9186
29.2863
560.539
37.3997
45.1902
-9.48819
36.0387
39.0622
44.4406
92.7402
24.149
36.2218
35.775
36.6923
27.5406
33.0517
39.5969
29.4943
39.4552
36.0447
57.5992
45.2526
-6.33373
30.1349
67.149
-25.7889
73.26
44.1309
34.0416
51.7596
29.2011
30.163
39.5565
193.836
-346.443
7.88017
40.9618
35.9634
712.615
28.2488
42.279
-210.794
86.7411
36.2336
-179.642
34.2593
36.6265
32.2566
36.3069
-8.38723
36.1756
41.9947
29.1645
78.8984
-119.72
29.4523
23.6952
38.3103
41.6238
36.0898
29.642
19.9009
34.3345
35.8041
14.8923
58.7844
25.4761
-402.921
170.623
35.9483
36.2277
36.0194
35.8733
36.0647
35.7947
42.2741
536.922
554.464
36.0997
10.8699
-4.24469
47.5731
-200.295
25.062
64.1459
50.7158
36.2723
37.0148
45.7551
72.256
36.0696
23.5282
29.6718
44.404
35.1583
57.7315
46.1196
42.7155
8.55005
42.6414
42.7872
35.812
36.1409
36.0557
12.4776
435.315
41.6389
33.519
42.001
36.0477
36.2057
40.8703
78.4911
44.9336
41.8981
36.0232
36.0521
35.886
-14.4689
35.9162
29.2413
-408.724
33.8312
38.4015
43.2577
17.3383
34.3582
-174.617
35.8257
49.7971
-446.824
43.3542
40.6219
36.1603
36.8928
36.0902
-110.643
46.2272
-156.444
32.7498
44.8135
36.2937
62.9265
35.9585
23.2781
197.65
69.7863
33.9942
36.193
48.6181
699.741
43.0057
45.1329
30.9523
45.0061
28.2864
20.8711
81.9905
40.4338
4.11688
36.0353
35.0072
35.3179
47.5114
40.5201
-13.9991
-110.292
36.007
38.0979
-151.759
68.6778
26.446
41.9088
36.1887
35.8768
522.136
59.3655
29.5714
69.721
30.6935
45.0567
44.4231
37.3964
36.0507
-60.9964
59.4811
32.9527
36.0596
40.328
-273.963
35.9236
101.309
35.9763
26.317
158.357
36.3671
37.1271
36.0664
35.8127
40.3327
44.1472
41.9789
35.885
36.0375
36.1361
33.2466
42.3482
47.2739
31.1089
49.9947
434.997
35.8176
33.7784
36.075
11.0769
60.2087
-240.573
36.1398
27.69
776.904
33.3591
32.1805
-67.8686
28.3007
21.8078
-74.0993
-38.8193
33.7108
43.0114
36.5239
-180.947
240.345
44.4893
35.8749
21.3111
44.6844
153.817
36.2066
36.0291
89.2812
231.303
161.882
33.8258
37.4953
36.1293
36.1832
29.2975
26.8638
44.6865
7.57442
855.747
44.2114
39.7622
41.8534
33.8084
52.7418
47.9177
27.238
38.4142
587.103
87.427
36.9511
39.0847
-447.571
-137.7
56.316
50.778
34.8296
36.1455
31.8277
42.2692
76.1541
35.5714
111.551
10.6641
36.0633
33.0104
36.1019
-280.137
15.3325
36.1888
39.9203
43.6229
43.9205
345.935
36.8438
36.2297
206.071
29.2217
29.4767
69.8672
62.9402
35.9608
29.7804
35.8928
36.7006
31.3049
35.9813
43.1186
65.7647
44.5988
34.5517
48.0043
36.0678
36.0945
38.5509
36.8475
36.1032
35.9796
30.1622
-260.24
36.0596
46.6515
1143.93
35.9977
28.6796
34.1207
30.1078
33.9784
101.115
36.1818
41.3479
45.7771
29.2792
36.2009
51.0877
34.8845
26.1976
114.36
48.3486
38.5826
-69.6778
28.6449
36.0464
42.818
46.9485
39.7385
47.084
62.6217
34.1422
46.5069
27.0564
40.6278
35.9227
40.437
72.1491
-23.094
44.3974
-3.3946
41.6871
37.5202
35.2072
41.6868
237.094
60.9497
33.3118
79.7613
414.539
42.2371
44.9785
-169.264
90.0145
36.0593
27.4414
53.1427
31.5825
34.8056
62.9383
38.2896
1320.63
33.3604
43.8376
33.3147
36.0655
42.4853
33.8425
36.9162
43.6348
27.9556
36.1669
1274.72
41.4256
44.7775
-43.7755
34.5485
36.1288
45.2814
7.99752
517.748
36.0629
47.4668
12.9705
41.9888
-84.0234
36.5256
28.272
44.7026
36.0554
62.9416
32.5303
44.5355
36.1196
36.0338
66.349
57.0776
-240.645
36.1649
24.2813
805.613
59.3697
29.4086
26.2561
47.8002
-318.991
60.1417
27.3154
29.3781
34.9406
32.677
41.8927
1325.68
31.5646
35.5176
35.8736
1332.23
41.0638
36.1399
-10.2479
44.8227
19.9332
36.4062
46.6705
544.75
25.4163
71.9026
36.1756
27.9068
36.2418
-79.2916
-452.111
-164.273
27.887
29.1948
24.8437
36.1167
41.8186
16.3397
46.3273
45.43
28.5185
-20.5391
28.3281
29.0747
138.458
23.0132
33.4022
17.7284
27.4204
46.3677
45.1104
151.695
36.1631
35.1288
37.1171
39.5844
31.4065
17.9894
34.2239
217.868
-43.4039
29.5352
18.5941
47.5662
1.49162
8.43447
40.5779
27.9328
35.9674
30.8784
63.1741
43.3642
33.8247
30.6894
148.187
36.0189
33.1846
36.9978
42.9475
33.2638
32.3513
36.0095
-88.1406
-31.9878
-217.584
98.5787
44.303
51.9198
47.5319
46.121
40.0268
36.4735
41.2917
39.9071
36.1361
32.5894
32.0569
46.8725
36.1241
496.715
22.5228
45.671
-92.9762
29.5118
36.9847
11.4667
-71.9864
710.942
44.0436
45.1171
25.5614
36.061
-71.5598
-26.1154
37.8861
48.5317
-342.44
35.9997
52.9261
407.054
71.3371
42.8813
-19.4014
35.6314
32.237
36.0454
36.318
26.1765
36.2135
24.2246
26.9491
29.7149
-547.034
28.0803
32.2605
41.798
42.0369
32.9232
36.2
70.9853
25.6432
36.0444
-405.237
-200.487
-466.449
36.1003
109.029
29.507
36.0945
104.591
35.8126
36.3292
-229.91
25.2968
60.5886
38.4009
81.9856
36.6053
35.99
32.6739
57.998
29.47
47.2714
36.5505
36.0685
40.8226
36.1955
35.9758
-7.44486
36.0526
29.9829
29.9913
36.0196
35.7846
35.5187
77.1387
-13.7426
-2.14572
80.5417
84.71
13.1073
36.127
25.3775
36.8254
45.8891
32.8234
36.0352
32.3267
-604.976
20.5588
36.5831
43.8804
42.4208
33.7991
42.1962
34.1718
99.7978
11.0209
120.562
38.629
40.7227
42.598
35.2248
25.3897
34.1567
112.498
46.1188
-23.564
36.2201
34.3736
36.0112
35.9858
-194.468
-388.359
-354.539
46.9419
46.0169
34.1906
36.0528
35.8183
31.2729
35.0858
-476.494
35.6049
35.2029
42.0362
-698.054
37.4065
35.4583
36.2003
108.97
36.0547
77.7853
184.514
60.6456
43.2324
61.8535
33.563
37.9569
0.529394
47.3791
26.2874
813.454
39.5352
603.916
33.755
36.1427
36.1066
-80.3801
44.4707
33.5752
36.0221
25.353
36.1878
31.5086
35.7813
27.9105
43.2505
36.0614
433.933
35.9179
36.0359
35.9056
100.435
89.932
34.8426
30.0436
47.9466
-373.978
33.6783
25.1504
35.9788
33.0177
45.2564
49.5861
37.347
1330.56
36.2122
43.8828
44.5364
36.2126
34.5133
27.7762
40.2834
29.0476
36.0292
32.7336
49.5415
-276.562
32.419
579.685
35.7438
44.8434
36.021
42.0854
27.1235
36.2993
90.671
41.9501
25.2158
22.8828
43.9706
29.6599
36.1944
32.7801
35.9203
36.5109
37.0155
42.5617
36.0278
36.2151
318.112
42.5829
36.2166
41.5093
48.2814
36.7116
48.8157
-51.6468
45.7149
-289.03
36.0148
44.2582
31.8441
36.7782
36.3337
35.6632
66.6788
37.041
72.8748
36.221
-282.834
39.0208
35.5857
30.9577
30.3677
37.2322
29.5803
30.2906
37.4077
20.2064
32.6849
36.6612
101.531
36.0767
73.3251
35.853
21.1712
49.9583
41.9414
31.8621
73.3409
492.092
44.762
36.104
-18.2792
-17.5196
95.9129
35.9833
23.7806
13.1974
55.3765
-251.481
36.6775
44.1859
34.574
36.0598
21.5692
38.4275
41.7498
35.2335
35.7601
33.8986
35.9704
18.23
-46.3354
36.6892
28.4217
8.49065
29.51
37.3173
26.3791
108.571
38.2676
26.5732
36.0833
36.0889
36.8679
52.7306
63.0823
23.7646
27.411
37.6039
39.7735
32.264
36.0588
25.8543
-110.646
35.2429
-17.3899
38.4201
36.0473
36.0801
40.5625
612.258
39.3502
36.1351
57.425
36.0113
44.2922
62.4975
36.053
36.1975
200.868
101.056
-388.104
79.6833
27.8311
37.0862
44.9967
36.0793
36.1219
24.2096
43.6197
24.9379
-22.5108
-36.2467
36.8768
40.3994
42.0385
-52.4779
-116.185
36.7723
36.2819
694.959
24.2256
-325.129
44.8554
25.41
36.0907
31.9825
164.652
105.564
33.055
35.973
42.2143
36.0705
28.6331
36.2233
30.7439
36.0667
36.041
36.0572
42.7387
33.2385
36.0123
96.0783
35.93
-21.4891
43.8883
36.1596
42.4928
35.7988
36.1781
36.5157
-6.79418
40.5278
36.1733
-17.2948
36.0559
36.1543
36.9826
25.9534
71.9166
-502.209
27.6087
47.3961
44.33
37.3045
151.231
91.8313
-119.035
42.1595
23.4091
29.5298
28.1159
33.797
37.7362
25.9644
44.2637
36.0693
-598.968
-313.994
49.2112
33.1057
48.3627
737.741
-354.706
-57.8902
251.646
35.2489
727.258
35.9676
42.3994
53.97
32.6903
37.123
31.1316
33.4101
36.2457
41.1855
74.6719
32.882
42.3608
33.1748
41.8744
33.3683
35.9755
37.0866
32.8915
28.8529
33.5532
4.0813
41.9062
32.9172
36.7917
36.8097
213.656
55.9791
36.0011
72.2618
32.9149
32.1434
42.0141
31.5151
42.6466
166.632
31.6241
37.1203
68.7656
44.5658
50.7206
11.8252
18.5005
34.8414
756.636
42.2874
44.8405
-101.963
107.522
-61.1055
27.0724
260.171
2.38053
41.4726
43.9261
36.062
33.8266
97.4472
63.3869
-249.206
42.14
-342.036
33.2365
11.0704
39.9825
35.9983
36.0349
101.593
33.3011
40.2369
45.7156
92.2823
284.808
36.001
41.8114
34.0412
37.0155
63.2433
1321.71
84.4701
41.0375
33.5105
32.875
34.515
124.575
57.8564
24.5827
16.8542
-1.65524
-89.0783
134.93
38.8873
115.865
47.2952
25.3441
36.0223
44.3503
29.6356
56.7388
-25.289
36.0058
35.0295
36.0599
-201.648
32.431
7.46877
72.5703
42.3304
39.0371
46.1538
-128.862
42.5935
202.251
702.379
34.1576
41.3454
-11.6014
152.62
36.8464
503.548
47.1917
-178.558
61.4766
36.0874
-290.002
32.9564
44.6602
41.9684
35.0535
-1.00703
26.624
36.0795
35.6528
36.9277
44.5833
36.204
36.1111
37.2057
29.0988
44.0992
38.3395
40.7772
33.7709
36.0388
23.3557
48.4158
-161.839
72.8106
36.0884
-628.713
-344.856
-144.643
36.067
45.2829
-252.444
40.1674
33.1162
39.2616
69.9734
93.6594
-368.696
37.3251
44.2687
36.1638
-290.946
36.0589
193.372
52.0199
45.4289
-114.567
37.1232
-4.66682
44.2449
36.0605
-36.2504
35.8293
35.8416
27.6373
31.5591
44.925
35.9279
40.6217
61.0519
44.8136
24.1327
36.1227
36.4226
40.4617
50.7959
36.0836
64.8106
36.1699
-129.393
75.1855
43.7398
36.0731
53.0119
42.1865
36.0738
-39.0471
36.9383
42.1237
36.2222
41.7291
26.1137
38.8527
33.7103
695.694
61.025
35.9124
37.6527
36.1683
269.973
41.4749
36.141
-121.897
195.725
80.6623
36.5341
-38.6936
36.0571
23.2481
36.0324
-40.2712
61.4051
28.299
37.9639
30.0118
-88.3836
36.8976
-413.059
36.5284
36.0302
36.1197
41.74
36.0631
25.1144
36.0655
36.0721
90.6272
36.5789
23.5016
15.1734
34.8964
18.8269
19.6116
44.5119
24.6333
11.2746
42.4777
32.4074
44.4001
19.1083
75.5812
31.0358
33.2235
37.0843
65.5128
33.7224
1325.71
36.1935
69.7622
31.3349
25.605
42.432
24.3497
32.0412
78.6877
35.4299
-77.257
-354.015
-661.43
24.035
35.7716
-362.09
41.5465
71.2501
36.1256
35.8203
39.8867
47.8583
42.1005
1022.11
44.6742
227.524
43.8307
35.9509
43.5873
49.4401
36.6957
-427.47
59.5315
102.518
44.9539
35.817
34.8396
37.4581
-41.9512
30.9781
35.88
36.0317
36.0242
6.65625
41.4639
30.6883
36.1305
36.514
44.1169
16.6306
291.501
190.203
110.049
43.636
60.5918
14.822
33.2045
35.9394
1333.34
-501.964
33.7651
24.9642
1146.65
45.651
25.5641
33.4095
33.8108
41.8932
1329.26
35.9745
35.0214
29.2254
51.0738
-140.568
32.9019
-52.6406
13.5133
43.7943
48.4122
-56.0786
39.9515
33.9689
36.148
24.9065
44.6134
114.403
34.1083
32.315
31.1684
41.6079
36.1212
-121.747
36.0512
33.1021
40.4481
33.8745
319.007
-359.155
35.8329
36.0997
46.7907
45.7898
35.4178
73.1302
41.8485
36.2673
37.4659
35.9547
24.1054
166.126
36.0805
-19.6703
172.664
41.9145
36.9786
34.2626
36.0648
36.9029
33.941
160.414
3.50011
30.392
29.395
65.0989
744.512
41.5943
99.6355
28.5913
205.543
-38.6336
-236.932
37.2876
33.3337
35.8322
87.0804
46.5341
31.8177
40.4221
35.8316
62.3142
58.1609
29.0434
33.6898
24.1974
30.8446
29.3211
54.6745
33.0478
-306.778
28.9135
24.5133
33.8995
38.4408
36.1763
215.732
-257.555
47.6506
45.8699
422.787
-33.6876
-166.925
42.2155
47.4279
7.24434
35.7002
36.0363
29.5232
33.9687
44.7615
74.3393
-386.736
29.4463
42.3318
30.796
37.0699
62.2531
36.8482
36.3091
35.8537
36.1098
32.7527
30.2038
31.0779
100.769
45.4533
36.1197
-44.1412
31.487
59.9501
36.0394
44.2216
27.8738
92.3999
848.592
29.2702
61.3067
44.5155
42.7449
31.0346
41.6689
150.845
-71.4
33.9036
24.1983
37.0847
273.037
-36.6
16.8403
44.799
-285.049
449.956
39.6494
23.9428
54.4267
-190.448
32.9873
28.6068
42.5684
36.8356
36.0262
-37.9563
44.497
25.8123
-759.806
36.9778
36.0582
36.0708
29.1348
35.9639
36.1664
26.227
34.6243
45.4258
25.9376
38.8677
36.0304
28.2236
37.8254
35.4764
-39.0708
19.1746
46.8532
49.9718
41.9099
28.1687
31.3778
738.32
-28.6979
32.7894
44.3409
36.0838
41.7419
35.9675
-313.756
35.7923
93.859
36.0079
46.0275
24.3931
62.4239
36.4628
44.5808
37.6486
25.437
-533.67
59.1981
34.8402
-33.8082
36.2601
35.797
36.092
-45.3592
-39.209
41.5578
45.0339
11.9894
43.7247
46.0138
317.46
36.1624
900.236
75.5105
45.9225
47.4535
-143.127
-441.377
36.2411
40.0251
36.8945
36.6056
25.2743
15.5236
-43.8376
46.5773
32.279
35.2408
24.4422
36.0292
35.0515
37.9828
33.7896
-46.8839
-203.962
35.1661
-255.087
12.1435
35.798
86.0981
29.353
48.6282
-577.501
807.695
-38.0993
68.4929
32.6707
36.0589
36.143
48.2354
43.8214
43.2717
-360.097
44.0333
33.8604
30.0307
44.7513
33.6818
41.3741
35.7929
1123.88
-51.9977
36.0577
12.6582
30.5185
-111.818
36.0625
36.3728
-356.255
-740.123
43.9929
56.007
-22.6971
41.1397
36.1008
24.2482
36.0377
30.8207
-16.3309
24.3518
44.1039
37.1651
46.5397
426.34
23.0786
41.9147
36.7744
1329.63
36.2115
37.4982
38.9169
46.6446
371.518
304.853
29.4421
64.9135
100.19
36.8127
-369.291
44.1207
39.2204
62.3884
375.647
36.2189
36.23
-755.034
-352.921
31.6769
731.74
-95.4869
36.0587
36.2146
59.1637
32.6385
-529.337
209.106
29.2144
38.9092
-278.932
58.7697
-361.495
-760.608
21.5367
36.0658
36.183
45.3223
28.7317
36.0373
38.2555
-240.527
59.5045
28.57
25.983
728.901
25.072
22.7026
41.8479
-203.819
1320.75
72.6135
42.1256
33.9625
75.7614
33.7581
-450.504
-173.817
35.2701
43.9824
19.0705
-438.628
41.5876
-435.59
43.2565
74.0193
41.6249
35.2409
15.5487
29.7119
25.3984
84.6219
61.0558
377.453
37.8744
-46.2114
35.8257
-776.751
-363.876
32.1358
35.8636
32.8912
28.8443
35.4888
36.3196
692.323
36.0655
35.2546
-478.735
31.7644
150.044
-508.22
-388.051
35.0335
821.332
1333.66
42.615
-762.761
-362.186
37.4328
25.5005
38.4317
57.9864
28.0863
43.1038
36.0339
29.1695
-451.803
1.51458
41.945
987.668
35.7904
111.387
-242.956
35.9101
32.9592
36.3283
460.847
36.0543
41.5399
44.6172
31.7632
60.1129
46.2114
35.5621
35.8475
44.9116
36.0534
36.0312
36.0425
38.7447
32.4299
36.1337
11.9314
36.986
-329.015
149.249
36.2606
32.6082
470.583
-318.962
35.6579
43.0615
36.1855
36.4451
701.834
-22.4665
681.49
29.6731
30.1534
29.4458
35.8456
18.805
33.8109
44.8032
83.7593
37.0048
35.2913
36.8696
47.8442
42.8903
40.0488
-266.754
35.9611
36.0618
38.5641
46.6747
207.048
35.8219
61.7884
-174.191
66.6445
40.972
33.9811
29.6879
48.9849
-32.0344
46.7035
58.6646
-568.516
34.3358
16.1024
35.9722
-629.351
73.2576
-83.5048
979.595
-77.5903
36.0886
34.1997
775.197
35.8238
23.0386
36.1666
-2.13285
29.9216
42.3791
-307.557
40.1386
630.398
46.841
-88.0459
60.2464
41.9202
704.82
2.85367
32.0028
30.074
-123.064
30.012
45.3932
73.3461
35.696
74.0213
82.2901
44.1791
36.95
-298.177
36.7516
48.9869
29.2852
36.2046
59.025
216.861
41.936
44.5783
93.7794
-109.822
46.3373
44.8776
56.3444
1037.15
48.9055
42.0466
-426.217
41.9205
29.3641
36.0785
51.7466
43.1475
31.0511
44.6992
46.9965
-258.833
36.2016
36.1374
36.157
36.9644
62.6726
27.4875
380.601
277.347
36.2523
42.4797
47.4771
37.4193
23.4057
-542.971
605.714
41.8206
46.3528
47.1276
42.695
22.1082
35.8235
41.3492
-243.559
200.325
36.0837
497.419
-141.756
32.8289
36.0525
792.566
37.884
25.077
45.5308
30.3875
36.0624
36.2332
34.0603
56.7784
36.0559
36.116
71.6562
28.6092
36.3195
41.3998
211.571
81.3519
50.6597
-47.1586
26.2579
28.7453
25.4513
42.9994
96.161
37.2643
30.4732
35.8244
110.445
35.4682
35.8159
-301.962
-554.744
72.6632
34.0178
21.3867
-277.737
45.0645
46.9065
50.6564
39.9159
308.695
43.4
42.041
44.176
94.748
35.7718
36.0823
38.5943
17.0691
46.0463
29.3206
29.5349
36.179
29.3805
36.2104
35.9403
23.7065
-21.652
29.2241
130.122
36.0695
29.0438
36.8686
26.9573
55.0004
-85.6684
97.9284
36.03
1322.33
28.273
36.2416
51.2668
294.925
337.514
73.5376
613.6
33.9599
405.551
33.9997
37.9552
-211.564
35.9125
34.1614
-306.141
-571
36.3612
25.1856
34.8557
15.7819
36.2454
33.4434
87.6865
26.9626
37.4486
31.5181
78.2795
1334.22
826.215
36.1998
44.0409
328.998
46.629
58.2658
36.8195
1246.96
35.7503
44.9758
361.287
36.3085
32.7327
53.7621
45.0903
-143.74
36.0751
-194.257
41.9067
29.2019
38.1749
38.9015
41.4555
36.2277
41.7346
35.8684
-725.345
132.566
44.1254
35.9506
25.4142
33.3636
42.0131
44.9469
45.0869
13.1538
36.3815
25.252
28.2555
579.307
-162.595
29.2851
37.236
35.9957
1207.62
37.9344
35.0855
-11.8844
-164.337
36.2572
36.0654
41.7595
58.3116
61.9396
29.9813
36.211
41.9284
28.3014
606.823
110.023
36.0497
44.6554
41.1731
48.0018
35.6832
420.131
130.066
762.736
511.219
29.6723
37.0934
76.5542
46.3356
45.7184
29.2648
35.386
36.3796
26.4409
41.9131
83.9083
45.1455
41.7704
78.8038
36.1519
42.8572
34.1219
35.7903
76.6271
36.0006
-514.357
29.38
36.7081
36.8222
35.7109
38.4304
-638.959
-755.497
38.3503
38.3576
75.4733
41.3485
-320.492
-595.223
-356.511
28.5996
636.965
36.1713
29.3914
-672.172
83.6237
73.2093
-439.212
36.1517
53.2782
35.979
-225.376
36.6665
41.8082
-34.5511
30.9356
42.6958
30.425
36.0889
36.2659
36.1612
32.3138
24.9539
31.784
-68.5269
53.1586
36.016
35.9097
157.953
39.3027
44.5757
75.4462
37.441
74.2854
33.2662
46.1912
-297.136
46.6675
48.0439
25.5229
36.397
41.8757
35.8227
47.5954
34.9346
33.5418
-131.427
36.2011
56.3944
25.9056
28.8314
34.9419
39.362
-476.306
32.8512
36.8059
49.2317
26.101
35.4296
33.7165
67.2719
42.1158
-334.812
-742.217
29.3955
-685.283
32.8613
61.2667
42.2698
32.9431
43.4395
36.0381
48.9875
45.8086
34.9451
44.3294
396.389
44.4831
29.6511
39.5639
41.8044
35.9183
36.1575
35.1566
29.5076
36.1602
10.3027
21.0404
112.708
35.8186
40.5901
-112.276
31.9008
42.4828
37.7771
-23.9393
-348.141
35.9747
35.5444
1331.66
36.2368
616.613
176.146
35.4005
35.0355
36.1058
77.8084
-328.066
57.4829
31.3596
25.2142
39.8114
398.46
732.209
36.0638
35.0633
-351.093
-36.4526
822.165
1333.73
36.0212
31.0475
-161.079
37.9191
19.3589
47.1431
-608.225
-324.256
36.0652
74.2561
36.0467
41.4572
47.4568
41.656
23.9472
50.1509
116.934
357.737
34.2198
-22.8477
35.9666
36.106
31.01
28.9404
35.8855
40.8791
37.2157
36.4548
35.6035
44.7564
36.0523
38.0824
34.8016
22.3237
-168.912
36.0477
36.9031
-119.753
41.1553
159.161
98.4356
45.0915
30.5974
169.875
66.5094
36.0467
-358.776
-384.071
124.233
40.2394
47.4852
37.6476
-225.161
41.9053
45.6052
100.307
-250.452
75.5353
24.9948
36.6707
36.1623
33.4894
-29.3952
-28.556
152.466
29.3147
5.82328
36.9383
41.3124
278.412
54.1747
100.08
36.2518
-623.158
75.964
16.2756
20.2192
44.6924
36.0754
36.3504
25.3846
33.3654
36.1173
-32.757
-298.252
17.654
36.0794
35.9984
-302.879
24.4133
847.994
25.4776
43.6219
43.8067
47.1624
35.7988
44.1857
37.3942
42.0262
42.8138
31.3523
33.5441
36.0216
36.0837
41.6913
42.0475
41.756
-414.436
41.8318
38.2305
25.6177
68.2808
37.5914
34.7089
36.2356
36.2929
23.8669
44.1182
914.269
30.4982
-402.948
36.2586
35.9696
32.7577
25.4014
40.4472
73.123
100.038
36.2303
33.3512
36.1821
40.7666
35.8613
110.505
-26.186
35.8207
36.8897
39.4498
37.0014
36.2004
-41.2567
41.2609
-238.227
41.5519
38.6273
188.007
36.0261
-314.441
28.5531
36.8226
166.604
-327.908
56.3725
33.4777
32.1762
-81.9031
43.9795
-593.862
64.4186
-291.275
-513.078
40.5666
801.585
-11.9263
-51.8417
-32.1887
15.8131
41.6005
16.2607
42.0475
37.5543
28.1304
-758.545
-355.988
45.0758
44.0023
-719.001
-346.723
1237.63
36.0345
34.2323
-51.4424
41.9592
66.0496
35.9998
-333.44
-557.681
29.9329
35.7808
-310.566
-339.935
78.9421
43.0513
36.0132
46.6568
46.6799
12.4987
33.8808
23.857
48.1024
-299.483
40.6771
35.5522
-16.1065
55.0399
-630.35
36.3475
92.9838
36.5706
36.1115
46.5988
42.4366
31.2544
63.5526
75.033
34.1663
18.7981
33.4228
36.1807
36.1889
43.098
-711.967
-84.1525
33.6378
21.6953
36.4467
41.8641
97.7058
-321.888
48.5233
32.5773
59.7618
11.3739
35.628
31.3042
-668.726
31.2471
36.0796
51.856
-103.48
32.2821
37.8066
36.7008
42.2521
29.541
1331.26
786.081
-345.165
20.0316
41.5654
-719.186
-344.493
35.3911
44.2782
-58.4773
98.0315
-748.62
-27.5158
34.5005
35.6257
46.9192
31.854
36.2254
36.1872
32.9127
-731.681
-357.467
31.7992
42.1581
-359.084
39.0161
33.4822
33.8024
-556.253
34.9047
-355.806
-740.413
-698.004
-343.418
46.2871
160.086
34.695
44.305
34.2736
-68.3737
627.864
15.9409
36.0388
70.7349
-736.289
-354.909
45.5072
576.525
26.5778
-82.7369
36.0834
36.4502
129.081
-656.204
-337.684
36.0775
40.439
26.5635
-39.3556
42.0009
41.9575
36.9799
36.8855
50.6988
58.1836
36.0411
37.4522
31.4773
36.0154
-88.2419
39.9285
38.9015
46.5587
36.4154
-507.334
-281.123
36.1098
-258.205
-18.8777
-405.027
25.4043
-717.98
-337.766
81.5637
35.8675
35.6772
41.5864
37.7575
-351.753
494.496
35.6046
36.8847
104.302
914.627
36.6642
124.2
58.039
40.2738
680.325
35.9375
34.1906
37.1786
-642.881
26.6062
25.4149
37.8787
43.5815
35.9825
40.3386
36.1453
26.0539
-214.828
-2.29773
-82.649
-278.972
33.7296
37.9411
31.6322
30.0447
25.6276
38.454
116.413
35.1366
27.1432
45.1029
32.8954
33.5611
39.457
80.7168
25.3738
36.3269
-251.143
38.1005
-269.513
-440.693
35.9658
35.9573
363.165
36.3235
38.0216
36.2316
49.5929
35.4469
36.3306
62.0712
26.1597
38.1631
44.6043
41.4896
-268.115
-411.171
44.5083
36.3523
36.4548
33.3791
44.5755
29.648
35.1299
-713.255
-349.124
646.414
178.368
33.8185
-696.981
-711.265
-669.071
-341.374
-345.834
-290.492
31.6562
35.0636
-31.2191
45.5004
25.2219
33.1033
35.8061
36.0893
-280.163
-470.102
27.0726
-681.924
-339.142
35.6727
26.0194
35.1103
31.1539
21.2617
24.9614
25.232
-274.931
30.6437
-631.671
-274.682
-489.097
-421.135
25.5564
-543.467
-562.87
-613.177
-539.988
-329.598
-319.468
-312.171
-301.153
-297.095
25.5831
24.8722
-628.686
)
;

boundaryField
{
    back
    {
        type            empty;
    }
    front
    {
        type            empty;
    }
    outlet
    {
        type            zeroGradient;
    }
    circle
    {
        type            zeroGradient;
    }
    walls
    {
        type            zeroGradient;
    }
    inlet
    {
        type            zeroGradient;
    }
}


// ************************************************************************* //
