/*--------------------------------*- C++ -*----------------------------------*\
  =========                 |
  \\      /  F ield         | OpenFOAM: The Open Source CFD Toolbox
   \\    /   O peration     | Website:  https://openfoam.org
    \\  /    A nd           | Version:  10
     \\/     M anipulation  |
\*---------------------------------------------------------------------------*/
FoamFile
{
    format      ascii;
    class       volScalarField;
    location    "550";
    object      k;
}
// * * * * * * * * * * * * * * * * * * * * * * * * * * * * * * * * * * * * * //

dimensions      [0 2 -2 0 0 0 0];

internalField   nonuniform List<scalar> 
10435
(
0.584187
0.643117
0.568739
0.938943
1.13365
1.04492
0.554079
0.621626
0.651876
0.81648
0.771924
1.25638
0.481569
0.4592
0.461004
0.718423
0.457088
0.538924
0.661219
0.635902
0.647456
0.93604
0.737005
1.09305
0.824221
0.288056
0.408211
0.508159
0.35624
0.68651
1.03112
0.841508
0.621307
0.331847
0.846227
0.499939
0.909754
0.42562
0.216145
0.810931
0.780863
0.590613
0.415149
0.77901
0.948749
0.971735
0.928328
0.410622
0.583429
0.916629
0.665776
1.14315
0.210657
0.304377
0.231999
0.332667
1.01684
0.436037
0.407342
0.932449
0.229146
0.588722
0.423025
1.21283
0.84323
0.607751
0.383139
0.452588
0.608889
1.17208
0.302705
0.365332
0.307407
0.673646
0.464933
0.390999
1.21041
0.555594
0.597729
0.428362
1.0846
0.504764
0.205568
0.305473
1.15536
0.505972
0.561358
0.772155
0.477996
0.602982
0.845525
0.930138
0.547441
0.497809
0.651613
0.465429
1.01492
0.467975
0.416863
1.09367
0.471425
1.11774
0.526106
0.707866
1.13809
0.856057
0.600405
1.00324
1.20505
0.435219
0.827586
1.0742
0.472011
0.449411
1.01566
0.849984
1.1623
0.541015
0.747135
1.16436
1.20959
0.323515
0.581813
0.362812
0.855205
0.259495
1.09846
0.331834
1.16261
0.418469
0.347141
0.783113
0.70298
0.424874
0.39675
0.192621
0.407476
1.02366
0.684876
0.769161
0.697466
0.967836
0.368147
1.24456
1.02246
0.442255
0.380173
1.1642
0.466512
1.2598
0.379185
1.05295
0.603375
1.22942
1.05854
0.338696
0.930953
0.629681
0.942097
0.645279
1.15861
0.4219
0.894413
1.22682
0.471256
1.21887
0.664636
1.1714
1.25209
1.24576
0.93572
0.271247
0.370745
0.447111
1.25537
0.584416
0.540966
0.462465
0.742342
0.378897
0.70446
1.11502
1.27052
0.246527
1.07121
0.369739
0.358025
0.57766
1.17196
1.20573
1.24033
0.20251
0.398545
0.442132
1.00824
0.59355
0.444654
0.477711
0.443645
0.811928
0.480406
0.415242
0.50208
0.432529
0.544993
1.01079
0.817242
1.10391
0.419444
1.10324
0.336469
0.65705
1.25684
1.25888
0.399497
0.46673
0.484657
0.247986
0.290534
0.419219
0.354612
0.461075
0.408128
0.421022
0.320595
0.767893
0.249109
0.459088
1.10563
0.390315
0.460952
0.711407
0.267996
1.14281
0.438737
0.453377
1.11727
0.318746
1.18736
0.96046
0.711798
0.287521
0.263251
0.326198
0.953699
0.621893
0.438132
0.574685
0.292665
0.530748
0.291399
0.499738
0.544403
1.17387
0.562423
1.21799
0.262933
0.552687
0.309302
0.409318
0.544117
1.02723
0.285437
1.23874
0.508397
0.447181
0.653299
0.866785
0.228414
1.08463
0.536946
0.573342
0.56525
0.716233
0.316172
1.20967
0.420027
1.05803
0.643378
0.576607
0.648072
0.452433
0.525529
0.452953
0.526151
0.221368
1.18756
0.231942
0.304823
0.352242
0.419386
0.712224
0.405281
0.568784
0.219967
0.300156
0.441853
0.541802
0.980182
0.859413
0.454572
1.22583
0.511974
0.323413
0.909904
0.467172
0.464298
1.2038
0.74585
0.300932
0.666009
0.388645
0.483363
1.18665
0.715982
0.304971
0.258101
1.1795
0.449318
1.22319
1.13833
0.397114
0.560955
0.199375
0.576948
0.551268
0.344516
0.501106
0.428957
0.433961
0.808016
0.356206
0.294699
0.53793
1.22095
0.440496
0.30871
0.300784
0.301006
0.355936
0.36653
0.353369
0.225585
0.371602
0.358653
0.373986
0.440246
0.444325
0.196285
0.579977
0.293433
0.623401
0.397018
0.49294
0.572833
0.550747
0.441919
0.760012
0.316376
0.322856
0.304491
0.264504
0.343386
0.223801
0.386966
0.384561
0.444565
1.26772
0.375635
0.584677
0.247218
0.40437
0.417414
0.528128
0.225355
0.408713
0.423439
0.426103
0.32672
0.313847
0.481388
0.23941
0.590566
0.430969
0.583678
0.568068
0.482624
0.465656
0.563297
0.510354
0.772966
0.395084
0.321218
0.341057
0.30866
0.520124
0.323358
0.434459
0.468222
0.392872
0.416961
0.383722
0.276558
0.616108
0.426076
0.589558
1.23893
0.280989
0.337141
0.445125
0.56343
0.448021
0.356662
0.305774
0.338415
0.434522
0.372354
0.534291
0.304866
0.342867
0.366688
0.324315
0.395458
0.228869
0.200635
0.498369
0.312229
0.0705115
0.0685506
0.0661978
0.0633574
0.0601542
0.056408
0.052074
0.04695
0.0407282
0.073125
0.0706839
0.0677834
0.064561
0.0610536
0.0571272
0.0526813
0.0476332
0.0419227
0.0751079
0.0721723
0.068787
0.0652018
0.0614101
0.0572929
0.0527652
0.0478039
0.0424774
0.0766381
0.0732279
0.0694064
0.0654902
0.0614422
0.0571577
0.0525708
0.0476871
0.0426032
0.0778606
0.0740397
0.0698269
0.0656115
0.061333
0.0569027
0.0522679
0.0474412
0.0425017
0.0789416
0.0747903
0.0702206
0.065729
0.0612389
0.0566759
0.0519948
0.047208
0.0423854
0.0801176
0.0756526
0.0707369
0.0659807
0.0612902
0.0566003
0.0518698
0.0471136
0.0424046
0.0817196
0.0767665
0.071492
0.066476
0.0615923
0.0567754
0.0519862
0.0472436
0.0426271
0.0837983
0.0781903
0.0725646
0.0672995
0.0622305
0.0572828
0.0524177
0.0476529
0.0430665
0.0861353
0.0799105
0.0740051
0.0685201
0.0632782
0.058195
0.0532335
0.0484058
0.0437755
0.0884596
0.0818821
0.0758488
0.0701992
0.0648047
0.0595846
0.0545101
0.0495909
0.0448817
0.0904463
0.0840849
0.0781444
0.0724056
0.0668852
0.0615323
0.0563362
0.0513123
0.0465239
0.0916617
0.0866421
0.0810091
0.0752455
0.0696171
0.0641322
0.0588064
0.0536647
0.0487861
0.0941115
0.0901305
0.0847133
0.0788913
0.0731321
0.0674959
0.0620195
0.0567385
0.051744
0.0991123
0.0951474
0.0895742
0.083545
0.077579
0.0717429
0.0660754
0.0606128
0.0554378
0.107162
0.10199
0.0957863
0.0893527
0.0830749
0.0769722
0.0710644
0.065384
0.0600083
0.117644
0.110432
0.103288
0.0963196
0.0896501
0.0832244
0.0770312
0.071099
0.0655142
0.128305
0.119637
0.111721
0.104275
0.0972252
0.0904709
0.0839755
0.0777608
0.0719202
0.137847
0.128817
0.120636
0.112962
0.105665
0.0986574
0.0919
0.0854116
0.0792818
0.146181
0.13774
0.129813
0.12223
0.114898
0.107785
0.100867
0.0941716
0.0877935
0.154084
0.146734
0.139398
0.132164
0.125023
0.117994
0.111068
0.104271
0.0977091
0.162666
0.156465
0.149824
0.143085
0.136337
0.129601
0.122863
0.116127
0.109504
0.173203
0.167727
0.161664
0.155474
0.149294
0.143079
0.136774
0.130333
0.123868
0.187176
0.181272
0.175453
0.169827
0.164393
0.158956
0.153389
0.147539
0.141507
0.205822
0.197493
0.191617
0.186645
0.18217
0.177784
0.173315
0.168479
0.162812
0.0877065
0.0871501
0.0874875
0.0887421
0.0909156
0.0939783
0.0978821
0.102558
0.107935
0.113929
0.120462
0.127457
0.134832
0.142505
0.150361
0.158286
0.16616
0.173854
0.181231
0.18815
0.19446
0.200004
0.204588
0.207892
0.209408
0.209543
0.208531
0.20641
0.202951
0.198553
0.19343
0.187667
0.181248
0.17432
0.167015
0.159457
0.151762
0.144039
0.136394
0.12892
0.121695
0.114769
0.108176
0.101964
0.0961897
0.0909125
0.086181
0.0820311
0.0784729
0.0755027
0.0730964
0.0712147
0.0698133
0.0688405
0.0682506
0.0679994
0.0680523
0.0683806
0.0689608
0.0917983
0.0916558
0.0923975
0.0940388
0.0965618
0.0999235
0.10406
0.108894
0.114343
0.120327
0.126776
0.133636
0.140853
0.148278
0.155745
0.163058
0.17015
0.176946
0.18336
0.189296
0.19465
0.199308
0.20314
0.205984
0.207639
0.207979
0.206987
0.204719
0.201327
0.197019
0.191945
0.186195
0.179843
0.172984
0.165722
0.158169
0.150432
0.14262
0.134835
0.127169
0.119705
0.112511
0.105655
0.0992141
0.0932686
0.0878928
0.0831429
0.07905
0.0756268
0.0728459
0.0706469
0.0689579
0.0677075
0.0668334
0.0662904
0.0660427
0.066065
0.0663325
0.0668186
0.094312
0.0945321
0.0955555
0.0973835
0.0999926
0.103335
0.107346
0.111949
0.117063
0.122609
0.128512
0.134704
0.141123
0.1477
0.15435
0.160976
0.167478
0.173758
0.179715
0.185244
0.190234
0.194564
0.198097
0.20068
0.202164
0.202459
0.201538
0.199434
0.196236
0.192083
0.18711
0.181428
0.175137
0.168339
0.161141
0.153654
0.145986
0.138244
0.130531
0.122941
0.115563
0.108482
0.10178
0.0955377
0.0898319
0.0847235
0.080252
0.0764305
0.0732438
0.0706512
0.0685944
0.067008
0.065828
0.0649984
0.0644704
0.0642079
0.0641829
0.0643762
0.0647662
0.0920205
0.0922208
0.093193
0.0949308
0.0974041
0.100561
0.104335
0.108651
0.113431
0.1186
0.124086
0.129825
0.135753
0.141807
0.147918
0.154011
0.160005
0.165817
0.171354
0.176515
0.18119
0.185256
0.188584
0.191039
0.192494
0.19286
0.192092
0.1902
0.187246
0.18333
0.178569
0.173076
0.166966
0.160354
0.153353
0.146081
0.138651
0.131172
0.123749
0.116481
0.109459
0.102769
0.0964898
0.0906936
0.0854392
0.0807667
0.0766944
0.0732163
0.0703049
0.0679164
0.0659974
0.0644926
0.0633502
0.062525
0.0619798
0.061685
0.0616161
0.061758
0.0620921
0.0867423
0.086852
0.0876939
0.0892625
0.0915299
0.0944483
0.0979555
0.101981
0.106451
0.111291
0.116433
0.12181
0.127361
0.133023
0.138734
0.144428
0.150036
0.155481
0.160676
0.165528
0.16993
0.173768
0.176921
0.179267
0.180696
0.181126
0.180507
0.178836
0.176148
0.172516
0.168037
0.162821
0.156986
0.150656
0.143958
0.137014
0.129947
0.12287
0.115892
0.109111
0.102614
0.0964783
0.0907685
0.0855359
0.0808166
0.0766287
0.0729723
0.0698312
0.0671755
0.0649663
0.0631607
0.0617159
0.0605927
0.0597569
0.05918
0.0588392
0.0587163
0.0587982
0.0590679
0.0791831
0.0791124
0.0797326
0.0810409
0.0830148
0.0856132
0.0887812
0.0924554
0.0965679
0.101051
0.105837
0.110862
0.116066
0.121387
0.126764
0.132135
0.13743
0.142578
0.147497
0.152098
0.156282
0.159942
0.162967
0.165246
0.166678
0.167187
0.166722
0.165272
0.162859
0.159538
0.155393
0.150529
0.145069
0.139143
0.132884
0.126423
0.119883
0.113382
0.107024
0.100899
0.0950799
0.0896244
0.0845743
0.0799582
0.0757905
0.0720732
0.0687984
0.0659492
0.0635026
0.0614314
0.0597063
0.0582986
0.0571814
0.0563307
0.0557256
0.0553488
0.0551852
0.0552238
0.0554485
0.0701493
0.0699039
0.070289
0.0713072
0.0729443
0.0751685
0.0779358
0.0811932
0.0848826
0.0889437
0.0933168
0.0979429
0.102764
0.107721
0.112755
0.117804
0.122801
0.127673
0.13234
0.136717
0.140708
0.144212
0.147127
0.149353
0.150794
0.15138
0.151063
0.149831
0.147697
0.144707
0.14094
0.136496
0.131507
0.126108
0.120431
0.114614
0.108774
0.103022
0.097455
0.0921412
0.0871281
0.0824459
0.078111
0.0741307
0.0705035
0.0672225
0.0642805
0.0616679
0.059375
0.0573905
0.0557018
0.0542949
0.0531557
0.0522702
0.0516247
0.0512061
0.0510026
0.0510041
0.0511949
0.0594666
0.0590147
0.0591231
0.0598032
0.0610497
0.0628428
0.0651495
0.0679295
0.0711355
0.0747162
0.0786236
0.0828009
0.0871949
0.0917503
0.0964126
0.101127
0.10583
0.11044
0.114879
0.119049
0.122861
0.126215
0.129029
0.131215
0.132671
0.133342
0.133184
0.132188
0.13035
0.127718
0.124375
0.120423
0.116014
0.111289
0.106357
0.101359
0.0964033
0.0915785
0.0869726
0.0826093
0.0785071
0.0746655
0.0710772
0.0677335
0.0646269
0.0617429
0.0590867
0.0566552
0.0544555
0.0524969
0.0507885
0.0493357
0.0481388
0.0471968
0.0465045
0.0460524
0.0458296
0.0458257
0.046022
0.0464123
0.04569
0.0454557
0.0457354
0.046539
0.0478556
0.0496579
0.0518998
0.0545831
0.0577023
0.0611481
0.0648771
0.0688231
0.0729252
0.0771767
0.0815203
0.0859618
0.090449
0.0947716
0.0987799
0.102407
0.105592
0.108303
0.110449
0.11196
0.112767
0.112836
0.112146
0.110652
0.108384
0.1055
0.102125
0.09844
0.0945672
0.0906012
0.0865605
0.0825875
0.0789216
0.0754672
0.0721559
0.0690297
0.0660647
0.0632292
0.0604933
0.0578348
0.055285
0.0528475
0.0505604
0.0484327
0.0464392
0.0446134
0.0430105
0.0416768
0.0406325
0.0398694
0.0393904
0.0391851
0.0392373
0.0395163
0.3113
0.28634
0.264654
0.244806
0.226261
0.20888
0.192651
0.177488
0.163199
0.149805
0.138361
0.129503
0.123208
0.118923
0.115334
0.111898
0.108582
0.105368
0.102358
0.0998001
0.0979576
0.0967718
0.0956307
0.0937386
0.0902015
0.294686
0.277967
0.259527
0.240893
0.222722
0.20535
0.188947
0.173558
0.159262
0.146341
0.135215
0.126075
0.118825
0.113143
0.108591
0.104861
0.101799
0.099325
0.0974219
0.0961054
0.0953865
0.0951945
0.0952715
0.0951004
0.0937651
0.290212
0.272886
0.254501
0.235865
0.217536
0.199904
0.183223
0.167661
0.15342
0.140743
0.129807
0.120629
0.113085
0.106966
0.102059
0.0982117
0.0953263
0.0933304
0.0921641
0.0917683
0.092059
0.0929053
0.0940512
0.0950348
0.0951164
0.28728
0.268041
0.248695
0.22951
0.210823
0.192939
0.176107
0.160537
0.146434
0.133973
0.123224
0.114136
0.106574
0.100382
0.0954313
0.0916414
0.0889593
0.0873302
0.0866875
0.086925
0.087905
0.089424
0.0911535
0.0925682
0.0928542
0.284078
0.263046
0.242478
0.222495
0.203316
0.185163
0.168239
0.152727
0.13879
0.126534
0.115974
0.107026
0.0995608
0.0934475
0.0885912
0.0849389
0.0824564
0.0811004
0.0807987
0.0814214
0.0827753
0.084576
0.0864116
0.0877196
0.0877857
0.279854
0.257318
0.235548
0.214738
0.195067
0.176683
0.159722
0.144315
0.130565
0.118526
0.108174
0.0994142
0.092119
0.0861702
0.0814837
0.0780115
0.0757204
0.0745677
0.0744694
0.0752758
0.0767497
0.0785482
0.0802063
0.081153
0.0806754
0.275007
0.250906
0.22787
0.206226
0.186103
0.167546
0.150599
0.135329
0.121789
0.109984
0.0998698
0.0913436
0.0842779
0.0785525
0.0740804
0.0708067
0.0686881
0.067673
0.0676638
0.0684899
0.0698805
0.0714525
0.0727171
0.0731329
0.0720462
0.269959
0.243725
0.219271
0.196836
0.176356
0.157718
0.140845
0.125747
0.11244
0.100893
0.0910463
0.0827991
0.0760235
0.0705734
0.0663506
0.0632853
0.0613158
0.0603758
0.0603566
0.0610652
0.0622038
0.0633422
0.0640285
0.063722
0.0618488
0.264111
0.235329
0.209455
0.186406
0.16576
0.14718
0.130474
0.115566
0.102497
0.0912336
0.0816705
0.0737455
0.0673485
0.0622266
0.0582804
0.0554296
0.0535725
0.052637
0.0525117
0.0529847
0.0536978
0.0542361
0.054105
0.0526566
0.0494658
0.385933
0.39487
1.14541
0.116733
0.0228899
0.0277937
0.585692
0.0148312
1.38444
0.0296218
3.24745
0.0213343
0.268539
0.0120805
0.833117
0.0314094
4.9145
0.108898
0.0307024
0.596101
0.122615
0.0404654
4.23757
0.0599747
0.0141417
0.0150657
0.0142625
0.0850429
0.147258
5.34236
0.0348168
0.0164168
2.73367
0.340121
5.21562
0.0178378
0.71025
0.843556
0.831344
0.036517
2.96586
0.00139783
0.0258583
0.253181
0.111673
0.0698008
4.04549
3.72833
0.424803
1.31313
3.88182
1.98675
0.173836
0.0992346
0.552142
1.25337
0.0116083
0.145309
0.0125847
1.14571
0.0276252
1.05821
0.0220187
0.0383795
0.0148806
0.266913
0.0326788
0.102058
0.280812
1.04856
1.19031
0.0532585
0.0156861
0.590516
0.0138479
0.122688
0.667446
3.72958
0.0103028
0.0925244
0.30714
0.0438147
0.0156292
3.33736
0.0243192
0.0303132
0.0153267
3.60112
2.75865
0.0596098
0.0657491
0.0445892
0.0371839
0.0222806
0.0165948
3.27342
0.0148964
3.43714
0.00521488
1.05587
0.0572916
2.94792
0.0641396
0.0584415
0.0127603
0.101339
4.13862
0.289298
0.0103645
5.25454
0.0366979
0.0147878
4.45022
0.0572352
0.166029
0.432932
1.79311
0.0352538
0.218039
0.0111904
0.00189053
0.0145099
0.0591528
0.013872
2.88323
0.0242276
2.06888
0.302962
0.00972909
3.73302
0.0152257
0.570587
1.03785
0.700835
0.143975
0.0153762
0.103563
0.0394369
0.0223999
0.704728
0.0535397
0.721895
1.44596
0.00178168
0.138095
0.0447953
0.137791
0.21215
0.0305818
5.579
0.106589
0.0159095
0.130721
1.21412
0.0138883
3.23446
0.013652
0.0345451
1.05835
0.0192615
0.0254882
1.32254
0.0256914
3.5464
0.032338
3.76865
0.0121474
0.0141231
0.0580473
0.0135506
0.0117988
0.0432013
0.105843
3.50859
0.0395544
0.107278
0.275441
0.686752
0.284952
0.0533675
0.476309
0.0153105
0.184483
0.459503
0.260673
0.00738021
3.95238
0.0105447
1.65232
0.0245863
2.75473
1.33742
0.507331
0.67391
0.916302
2.01552
0.0136906
0.038877
0.226332
0.202291
0.336087
0.079287
0.0393873
0.0268518
0.0645882
0.0289672
0.0337133
0.0614414
0.749854
0.0334705
0.0127337
0.0203361
0.476914
0.060106
0.150594
3.49703
0.0155423
0.00629384
0.0815486
0.0818312
0.0342762
0.00187032
0.0138035
0.789074
0.0404776
1.95343
0.0484108
4.61786
0.00962217
0.0163148
3.09175
0.0178076
0.0150476
0.0117959
0.803219
0.0304304
1.05262
0.0522376
0.497602
1.22229
0.0337925
0.0278403
0.0276546
0.18716
0.0155211
0.0149668
0.0180125
0.163181
0.0300594
0.0167883
0.00880127
0.118011
0.0302301
0.602344
0.0114768
0.0136224
4.59192
0.67987
1.07381
0.0312833
0.104328
0.00995606
0.0175317
0.0137921
0.584282
0.0133932
0.0256803
0.153943
0.571684
0.0142121
0.144791
0.539734
0.00684266
0.00620485
0.0314969
0.162753
0.0348867
2.15462
0.0117599
2.32239
0.326876
0.117116
0.0903994
0.0682965
0.279584
0.0266868
0.10641
0.060377
3.62909
3.00139
0.948521
0.027802
0.00150277
3.7729
0.631724
3.43885
3.81499
0.0423584
0.0207919
0.419254
1.91628
0.0260427
0.0309
0.0304152
3.70534
0.025389
0.118516
0.0342637
0.699774
0.0415313
0.055185
0.0524238
2.13104
0.00964761
0.00635486
0.680371
4.18504
0.0302984
0.0141328
0.971366
0.964024
0.0212263
0.031261
0.0332786
0.0155367
0.0132288
1.69327
0.295595
0.0428215
0.147544
0.0316417
0.896884
0.0268497
0.0299179
3.21675
0.0333201
0.0161395
0.0162774
0.0039439
0.102156
0.0205736
0.0216976
0.44663
0.0507418
0.567302
0.0152626
0.0278057
0.0113738
0.0151648
4.12377
0.321844
0.0367628
0.00356359
0.987223
3.76831
0.0370252
1.1244
0.228853
0.0256492
4.37547
0.816818
4.57458
0.0128581
1.83868
0.00137498
0.0150723
0.0473171
4.1302
0.01707
1.49838
0.0582775
1.21501
0.158485
2.26909
0.269047
0.0124261
0.0122333
0.0430945
0.0159663
0.0298949
3.79757
0.036964
2.85177
0.290471
0.251493
0.886816
0.0353437
0.571424
3.52543
2.76604
0.27981
0.0279266
0.103783
1.78524
0.435514
0.0295862
0.0238993
2.63135
0.0334271
0.145837
0.0149304
0.0267575
0.0238253
0.849758
0.0210834
0.000141623
0.688419
0.11027
0.298791
0.0327381
0.678299
0.0171861
0.359846
0.0215437
0.0190691
0.0207643
0.241915
4.11702
0.0230705
0.042811
0.0362455
0.0177666
0.0607649
0.0703433
0.0513786
2.85223
0.00264288
0.0396198
0.0355558
0.0164528
0.0239556
0.0134873
0.06306
0.0107289
0.835656
0.042786
0.0372314
0.00151432
0.011578
0.0225255
0.0192149
1.247
3.6928
0.24188
0.292638
0.359183
0.0635692
0.486236
0.0125669
0.00999976
2.07572
0.0208525
0.0245654
0.332833
0.0515363
0.988636
4.2361
0.0295195
0.0667269
0.333952
0.0291594
0.252599
0.686395
0.436151
2.47115
0.0150066
0.0133406
0.915038
0.0178171
3.59496
0.149615
0.0148971
4.71818
0.0221236
0.0137865
0.302896
0.0603225
0.0140033
0.231825
0.184993
0.157752
0.824675
0.000868052
0.0211227
3.24303
0.0196936
0.0411307
0.0613627
0.957827
0.0525092
0.869762
0.0261417
0.0124159
1.57904
0.0167693
0.0138628
0.836254
0.0235103
0.0342792
1.40995
0.0262298
0.874263
0.0181181
0.145259
0.264021
0.370885
0.0252876
0.0238297
0.677058
0.0172075
0.0372438
0.332632
0.0380482
0.0563948
0.00704821
4.11874
3.55274
0.234131
0.0124641
0.157434
0.0403944
2.99626
0.619261
0.175081
0.344412
0.0694289
2.66655
3.13344
0.0290079
0.0534032
0.108718
0.0544469
0.189412
0.797339
0.0114901
0.302446
0.0267064
0.488812
0.554805
0.0282339
0.932331
5.46509
0.039103
3.92497
0.00449514
0.622119
0.019641
0.0262381
0.0226685
2.37851
0.766115
0.805338
0.00975381
0.695759
0.354167
4.18118
0.0138279
0.0494219
0.248122
0.85831
0.036799
0.680928
0.0274236
0.278531
5.66533
0.0295922
0.161092
0.0119467
0.0169171
0.116722
2.28954
0.0764952
0.755242
0.0135128
0.0207427
4.43073
4.28381
0.914311
0.0341988
0.123551
0.701018
0.185706
0.0755051
0.0413668
0.0146022
2.55315
0.0381086
0.0270539
0.984972
0.0679607
0.0423182
0.034182
0.0363548
1.06357
0.0527598
0.0120029
0.30837
0.258824
0.0201647
0.0148346
0.535042
0.0773568
0.00183399
0.0377234
0.279209
0.0122603
0.0290857
0.0303104
0.0554258
0.0197176
0.0274376
0.819432
0.0149234
0.053772
0.0837238
0.159583
0.00850669
0.0281171
0.545823
0.0465884
0.0149978
0.020923
0.0480079
0.0215539
0.0196687
0.880965
4.57106
0.0774844
2.28062
0.0165091
0.0139101
0.014646
0.00478846
0.0448637
0.0107975
0.160331
0.0511748
0.0135819
0.014059
0.782646
0.154571
0.015027
0.25534
0.0369734
0.0257588
0.00788398
0.0724949
0.293997
0.810536
1.04261
1.02793
0.00627028
0.0296179
0.00313499
0.0736057
0.0303329
4.28812
0.0338065
0.115802
0.0139953
0.948618
0.0797804
3.18634
0.00111374
0.0148358
0.0143345
3.57924
0.55437
0.207593
0.177026
0.0190865
0.0318667
0.0222276
1.66767
0.00128266
0.0185552
0.730234
0.0169533
0.0597492
0.0300244
0.00630655
0.166069
0.0352903
0.015885
0.0244521
0.0179886
0.0410223
0.161648
3.89564
0.0171925
0.739439
0.0226054
3.53616
0.0146132
0.0499134
0.0168092
0.0134582
0.997561
0.022711
0.0396933
0.0127015
0.0953073
0.0123717
0.0638341
0.0555941
2.03459
0.759124
0.090904
3.48649
0.87527
0.975999
5.14872
0.030988
0.0138735
0.0149986
0.00031038
0.0239765
0.310637
0.0394721
0.016286
0.255726
0.0380471
0.0350519
0.206091
0.0188141
0.0355261
0.0148764
0.0879445
0.325706
3.63702
0.0304491
0.678413
0.483823
0.578279
0.119616
3.206
3.63967
0.179728
0.00607658
0.028197
0.000678878
0.0845111
0.0227578
0.542872
0.399525
0.0467898
1.01297
0.249643
0.00776638
0.0149631
0.017641
4.5499
0.456586
0.0158837
0.587064
1.27447
0.205917
1.05796
2.7528e-05
0.0157073
0.225502
0.00134309
0.411447
0.321557
4.54214
1.11478
0.0132935
1.14202
0.00967304
0.00132289
0.210687
0.0386033
0.04586
0.0177656
0.0253387
0.212179
0.0287398
0.0112301
0.0269784
0.0220707
0.130615
0.0339475
1.83181
0.850227
0.0403323
0.295255
0.0421963
0.693592
0.0325438
0.0433995
0.0578773
0.167035
0.126831
0.00162842
0.0543585
4.10559
0.401811
0.485439
0.0242712
0.227211
0.516446
1.226
0.420424
0.693201
0.014568
0.0529793
4.06228
0.00435541
0.0149058
0.0841518
2.05387
1.13531
0.0155324
0.0195376
1.32483
0.0145591
0.631578
0.674517
0.0536902
0.0151177
2.07614
0.185765
0.970878
0.0288952
0.0146826
0.00411099
0.205805
0.729395
0.0214081
0.0149396
0.014299
0.455396
0.0176717
0.187217
0.782629
0.0306747
0.0198146
0.261529
0.0311395
0.174191
0.0144232
0.151564
0.0302036
0.0132312
0.511602
0.050773
0.0479426
0.0331663
0.135326
0.168993
3.38075
0.00762803
0.0273671
0.0217848
0.769503
0.703463
0.761964
0.00977946
0.338853
0.869903
0.00103378
0.0133006
0.016416
3.12794
0.0312394
0.762081
0.0388936
0.00198086
0.565493
0.0255978
0.191343
0.216325
0.190472
1.83254
1.87991
4.488
0.0310846
2.1174
0.712774
0.0562075
0.567872
0.0163227
0.0162919
0.399986
0.0215593
0.0762614
0.123351
0.45866
0.00933938
0.0082955
2.20725
0.0131231
0.0321397
0.762014
0.355735
0.950146
0.0439359
0.0959772
3.49293
4.73405
0.646238
0.174775
1.22255
0.022954
0.00763744
0.212303
0.264952
0.0321589
0.100647
0.0179504
0.613546
0.0432587
0.388591
0.974578
0.00118192
0.0161998
0.0448028
0.332107
0.832456
0.932761
0.179263
0.0737784
0.0906934
0.13846
0.0795578
0.376474
0.13885
0.0138889
0.0254523
0.0198978
0.00623076
0.250457
3.5362
0.0124064
0.388543
0.0610661
1.03975
0.0386304
0.0169339
0.0146422
0.921008
1.00636
0.0749949
0.151765
0.016559
0.0104421
0.909585
0.0361982
1.07809
0.756231
2.53685
0.0143416
0.0922895
0.913353
0.0317665
0.0635121
0.038067
2.76236
0.0361952
0.0488142
0.981031
0.733555
0.0132657
0.0742527
0.0334461
0.0517894
0.0134761
0.0120784
0.148959
0.00998304
0.108678
0.31064
0.644872
0.956277
0.0263451
0.0897722
0.258971
0.00828666
0.136946
0.0225745
0.0237798
4.2628
0.0378369
0.159783
0.0207559
0.014073
0.690752
0.0306749
0.0877276
0.00624252
0.530474
0.624626
1.85469
0.0136871
0.632668
0.0168356
0.112686
0.0323806
0.90668
0.526203
0.0857929
5.25288
0.0154856
4.11625
0.0177764
0.594578
0.0437951
0.0149491
0.0351326
0.417747
0.869841
0.0114608
0.0437238
0.460515
0.0133588
0.0466719
0.0134075
0.00520654
0.0303246
3.70648
0.0531981
0.0222629
1.25549
0.122252
4.49209
0.00602522
0.0512185
0.0147159
0.0300935
0.070186
0.0176878
3.46743
0.0326345
0.235771
0.0144366
0.0807257
0.250086
0.486005
0.0287236
0.040166
0.0465941
0.0654712
0.0177626
0.107311
2.75565
0.0934878
0.131284
0.0158051
0.946316
2.73664
0.0963281
0.358532
0.0344053
0.513532
4.75044
4.32903
0.0198028
0.0197968
0.0841335
0.969229
0.0765137
0.55646
0.0487423
0.156166
0.753585
0.012157
0.0384304
0.032225
0.0305523
0.0355729
0.0180807
0.234638
0.0302229
2.21551
0.0307707
0.0157256
0.00963864
0.0296595
0.178169
0.0131727
0.695876
0.304722
0.020811
0.0486702
0.453228
3.14265
0.0140733
0.0198427
0.0538781
0.114476
0.0855507
0.0937209
2.07223
0.0144314
0.032233
0.226751
0.0179151
0.0600004
0.949355
0.0131726
0.0151404
0.00165136
0.0209457
0.435047
0.33473
0.596924
0.0346223
0.0848347
0.0357793
2.57073
2.82269
0.0262488
0.0310946
1.03799
0.0300815
0.0134237
0.895155
0.168949
0.0253272
0.0316406
0.00821028
0.163175
0.575495
0.0204268
0.00958371
0.799734
0.487086
0.000823922
0.0143829
0.0181664
0.0612662
0.130615
0.203646
0.0185077
1.19376
0.0211732
0.0548763
0.0177374
0.161406
0.0141889
3.59517
0.725651
2.57381
0.728362
0.780019
0.122496
0.0172112
2.01538
0.189958
0.0149958
0.067924
0.0138113
0.0747847
0.0202712
0.0167258
0.0117513
0.754414
0.0132874
0.10889
0.909942
0.0233098
0.0969871
0.116466
4.32703
0.00587532
3.66693
3.3941
0.0284871
0.0122743
0.0860421
0.09258
0.0757117
0.562749
0.417756
0.0560067
0.0130189
0.0317541
0.476193
2.66382
0.0410804
0.0512501
0.0131628
0.0119166
0.0368203
0.121054
0.0306879
0.0339686
0.0196482
0.822488
0.0372325
0.0814808
3.2464
0.024975
0.12456
0.0713198
0.207083
0.108037
0.09413
0.224699
0.0260934
0.226758
0.382315
0.0198166
0.270163
0.840113
0.0243782
0.045865
0.0571674
0.727538
0.0173922
0.284682
0.0415725
0.927696
1.16299
0.329058
0.751219
0.0328938
0.0343018
0.476652
0.532552
0.0438475
0.0550926
0.0150507
4.12294
0.0574256
0.0856753
0.00878595
0.0677542
0.202082
0.0117434
0.0147498
0.0127616
1.00145
0.425165
0.0293161
0.0686091
0.0314552
0.0176141
0.0211107
0.875531
0.0631001
0.313033
2.01988
0.207359
0.000656654
0.692954
0.16569
0.67854
0.71408
0.0167769
0.567944
1.75766
0.875841
0.00442284
0.471348
0.0272491
1.58933
0.0628147
0.0326262
0.290608
0.753799
3.24804
0.405307
0.0964548
0.0247268
0.550572
1.24679
0.0558021
1.85647
0.0646894
0.661527
0.036629
0.862102
0.0656288
0.0127989
0.021445
0.438262
0.0129744
0.0240692
0.689328
0.0144615
0.231894
0.00857033
0.0350025
1.15678
0.516731
0.0546488
0.19394
0.911801
0.0703107
0.190307
0.0665437
0.0452161
0.136175
0.0157685
0.925447
0.375368
0.00604117
3.29887
0.0419196
0.138044
0.0612054
0.0540077
0.0132486
0.126205
0.327279
0.682683
0.011149
2.76991
0.0208767
0.190968
3.24146
0.0910727
0.0593394
0.814892
0.0420444
0.0214857
0.000300633
0.998558
1.37558
0.0223593
2.33488
0.0832536
0.0220213
0.603101
0.0345392
0.0209269
0.315306
0.0604388
0.0156483
0.0428861
0.0147084
0.0406315
0.0644887
1.11718
1.02143
0.0665781
0.0318947
0.0117582
0.341023
3.05458
0.017321
0.0102361
0.0945886
2.37144
0.0106202
0.451431
0.302827
0.0148742
0.174693
2.159
0.0163108
0.0852048
0.027164
0.0724727
0.0176339
0.019397
0.0503812
0.138904
1.19016
0.00564126
1.88454
0.0139282
3.30641
0.0373612
0.576735
0.110171
0.706122
0.75902
0.0327127
0.145785
0.0677179
0.0491413
0.0482902
0.723992
0.378668
0.0448307
0.0303864
0.124584
0.0537642
0.021844
0.00828745
3.50976
0.996753
0.342435
2.04128
0.0622787
0.0149592
0.379247
0.0619098
0.685293
0.00556625
0.0466727
0.0127911
0.0403396
0.0190047
0.0382538
0.0250472
0.0729061
3.39468
0.929927
0.0347641
0.106106
0.18025
1.2474
0.0194783
3.20107
0.480729
1.15706
0.0516637
0.369179
0.0151779
0.0650383
0.0527537
0.0443926
0.0325614
0.860957
2.88712
0.0585752
0.0950781
0.697972
0.0971103
1.07703
3.84715
0.0365815
0.00973952
0.0341367
0.0852356
0.410134
0.014079
0.870005
0.318592
0.0464336
0.0336877
0.0570984
0.192614
0.0644803
0.0126395
0.0402863
0.0181406
0.0567775
0.208246
0.0625243
2.34312
0.0386698
0.0276545
0.0799278
0.0279224
0.018881
1.08531
1.13571
0.0238687
1.121
0.0297725
0.680346
0.0509801
0.0683767
0.0160572
0.0149833
0.739224
0.0385919
0.0497232
0.338587
0.782313
0.0325073
0.0316782
0.0284767
0.0578654
0.756842
0.010823
0.0234925
2.45962
0.0245348
0.030202
0.0502918
1.8491
0.0249916
1.04903
0.727453
0.0102398
0.301197
0.0518906
0.00580663
3.176
0.120848
0.0307819
0.000582145
0.181492
0.0381213
0.0751266
0.0140995
0.818808
4.97477
0.0244934
0.0117842
0.31404
0.0474356
0.351201
0.553915
0.0370778
0.259032
3.06636
0.0309971
0.375851
0.0409804
0.0376741
0.063928
0.0171362
0.649687
0.25932
0.0364642
0.0309447
1.38473
0.0344638
0.0654808
0.0355235
0.250253
0.648957
0.0149898
0.0193866
0.031108
0.020611
0.0149145
0.00103455
0.022616
0.0655302
4.10307
0.193348
0.0231155
0.623815
0.0458478
0.387676
3.25534
0.739434
0.574143
0.0219257
5.68652e-05
0.190463
0.0668238
0.0323588
0.581585
0.0312923
0.338578
0.971728
0.231548
0.0518795
4.56162
0.0145312
1.0374
0.0219257
0.0194096
0.349393
0.122349
0.379066
0.0292204
0.0175949
0.00965145
0.0542744
0.902366
0.367266
0.0446951
0.515749
0.169199
1.03387
0.0116349
3.00826
0.0363983
0.0295575
0.119405
0.0381149
0.150228
0.657379
0.177039
0.0149983
0.887726
1.12422
0.0478367
0.689231
0.194768
0.00497386
0.134273
1.03572
0.0339649
0.0148145
0.0203053
1.814
0.0235796
0.00816633
1.00565
0.177841
0.0441932
3.1017
0.364213
0.0918987
0.0833372
0.61687
0.0339362
0.15517
0.0139461
0.0390899
0.0169091
4.1795
0.039681
0.447928
1.0772
0.0140548
0.312465
3.05518
0.0446564
3.24585
0.0137897
0.139328
0.059648
0.0127981
0.042184
0.0308455
0.0118881
0.0474194
0.032063
0.0246525
0.0197757
0.933344
0.175782
0.0228501
0.131986
0.018697
0.0192673
0.0155657
0.0351184
0.0361821
1.02795
0.00738937
0.886456
1.17962
0.94492
0.729769
0.0393186
0.0514353
3.59671
0.0177451
0.229667
0.0350339
0.0173844
0.0675987
3.67586
0.0392897
0.0269552
0.0183955
0.0750165
0.0240252
0.888096
0.160678
0.63255
0.999463
0.0177973
0.015964
0.166881
0.0350661
0.0394397
0.0114087
0.0461947
0.0149524
0.0318438
0.0521373
0.00784738
0.469676
1.24623
0.683185
0.0338464
0.0304597
0.360193
1.08866
0.653191
0.0146434
0.0224415
0.226889
0.0129638
0.0149103
0.0276566
0.341418
0.244412
0.0157617
0.0207562
0.0376923
0.0127849
1.08725
0.0189617
0.0382835
0.0369796
0.038628
0.815628
0.0341839
1.18943
0.0181356
0.0287073
0.0148522
0.0108641
0.896278
0.0827075
0.0142598
2.22314
0.209894
0.14217
0.00629586
0.0225067
0.672407
2.94222
3.09246
0.0155269
0.416461
0.0324302
0.0325113
4.25988
0.375668
0.0139707
0.00634615
0.425844
0.760217
0.0300014
0.0146553
0.724037
0.0165186
0.0321413
0.0558283
0.0362217
0.169628
0.0327198
0.026814
0.0323291
0.622851
0.0300305
0.0149969
0.0195556
0.0537042
0.0437813
0.0421947
0.14252
0.281951
0.202321
0.0512529
0.0478119
0.0329793
0.00990325
0.032976
0.0191931
0.167816
0.0315233
0.0388598
0.051116
0.234314
0.0136717
0.0135278
0.029989
3.61934
0.0312102
0.316813
0.00483479
0.0334703
0.000328423
0.0350321
0.0367653
2.85097
0.0427346
0.0153243
0.0939841
0.0299045
1.10802
0.0199749
0.0144399
1.71127
1.52581
0.0148974
0.829557
0.0279822
0.453605
2.23931e-05
1.11995
0.00831895
0.770601
0.020914
1.11258
0.183727
0.554641
3.90361
4.30196
0.0118543
1.97374
0.012414
0.0141755
0.0186467
1.03697
0.0515376
0.013344
0.196681
3.17834
0.351925
0.0698577
2.636
0.0150194
0.0566334
0.0186572
0.122086
0.0391148
1.17133
0.0246143
0.0434768
0.0312542
0.00849383
0.0599658
1.0745
0.0122679
0.0322852
3.68733
0.169891
0.0143536
0.0722526
0.969647
0.0513321
0.029272
1.55667
0.0702576
0.700797
0.626566
0.0162151
0.158344
0.410429
0.0116587
0.0556843
0.012464
0.0148254
0.0653747
0.052355
1.30053
0.0149841
0.443793
0.0390526
0.0161674
0.878971
0.412919
0.0121111
0.0277256
0.013839
0.0116738
0.0148241
0.37399
0.232226
0.0127088
0.0242731
0.0259825
0.517769
0.036222
0.343698
0.0459943
0.0145805
0.0559168
0.0600836
0.680525
0.0285999
0.207851
0.560118
0.000151719
0.798889
0.0510152
0.277149
0.130676
0.0179979
0.0201044
0.0519524
0.0125698
0.046481
0.599139
1.9916
1.82081
0.685665
0.234371
0.000727471
0.0148541
0.717992
0.0148959
0.70214
3.60744
0.0333795
3.32435
0.303399
3.23417
0.0360807
0.0150388
0.0197535
0.0297522
0.923702
0.0152797
1.17893
0.0720021
0.0292004
0.0122973
3.9278
0.582146
0.0246687
0.00824929
0.0453483
0.0461453
0.0229894
0.211088
0.293303
0.0127686
0.0133614
3.50793
0.0262229
0.541896
0.0549502
0.0251473
0.0676202
0.84098
0.000189417
0.0123469
0.0123264
0.0117806
0.0497783
0.0114968
1.19992
0.108735
0.0115565
0.040827
0.0129257
0.240342
0.0851898
0.0138079
1.00157
0.988532
0.0187127
0.333738
0.0279544
0.290996
0.139382
0.0476017
0.0379179
0.0234686
0.00987678
0.0147556
0.224006
0.18538
0.0378005
0.0977273
0.797276
0.563629
1.03347
0.692664
0.0295156
0.0449874
4.17587
0.0223507
0.0167356
0.0138221
0.0689794
0.71125
3.44352
0.0525282
0.250174
0.0503582
0.171566
1.73974
0.708601
1.73518
0.529558
0.198738
0.02664
0.0396573
0.0194947
0.128931
0.917652
0.00766934
0.21288
0.0148417
3.799
0.0290077
0.693359
1.15211
1.14642
0.0160079
0.59544
0.0784776
2.21616
1.11425
0.00685677
0.0137638
0.0146402
0.0319356
0.0137472
0.777816
0.0274465
0.00206046
0.478097
0.0150091
0.0125085
0.222537
0.0488288
0.0538908
0.342675
3.11183
0.0762092
0.620553
0.0145844
0.0322053
0.0159377
1.10607
0.744991
1.1065
0.0215129
0.0156306
0.052387
0.665328
0.0910433
0.197576
0.0229099
3.51419
0.010589
0.00959193
0.210189
0.000437828
0.0170333
0.0246764
0.190429
0.0204647
0.056434
1.47781
0.041309
0.0126134
3.31152
0.0186331
0.599478
0.609981
0.00962723
1.00321
0.0313624
3.48379
0.0338527
0.519705
0.0206948
0.00343047
0.0264921
0.0324649
0.0236373
0.0223932
0.0413164
0.151801
0.0102696
0.0143499
0.0517071
2.36141
0.0269172
0.0589643
0.0489472
2.81656
0.0200519
1.72982
0.951002
0.029799
0.0973491
0.476821
0.410377
0.709801
0.66116
0.00671436
0.0216593
0.903658
3.54311
3.919
0.576777
0.0546386
0.0132692
0.10876
0.00999544
0.0500409
0.00911875
0.0623019
0.0188449
0.0298288
0.694854
0.0319466
2.38203
0.0309389
0.0109085
3.10628
0.00772101
0.146074
0.0110545
0.0164059
0.0139418
0.0155564
0.00729831
0.0176251
1.02896
0.123537
0.0126087
0.67447
2.37037
1.17893
0.00759524
0.0717774
1.07515
2.36415
0.890105
1.23502
0.590011
0.00675352
0.00180378
0.0398295
0.143256
0.327181
2.41094
0.0200731
0.00670382
0.0327544
0.0336821
0.566249
0.0345211
0.195731
0.0206088
0.0141423
0.00815201
1.22138
0.0107046
0.465578
3.14472
0.0866068
0.142516
0.0535691
0.0325896
0.013895
0.0139051
0.708374
0.0356567
0.0301975
0.0779634
0.043559
0.0287623
1.0728
0.331009
0.572314
0.534591
1.43769
0.832204
0.103855
0.0406826
1.84545
0.0518634
0.0269866
0.175359
0.0391895
0.0471532
0.0217535
2.59156
2.48335
0.0129651
0.0306114
0.0185085
3.60043
0.0145037
2.663
1.84464
0.714173
1.22898
1.30695
0.576923
3.12824
0.613724
0.845632
0.386138
0.712423
1.07287
0.398551
0.0415053
2.76118
0.0302851
2.42822
0.0166946
4.09975
0.0467648
0.0159881
0.573522
0.615263
0.157383
0.00960277
0.501468
0.0443155
0.032815
0.0061528
0.0131189
0.0196766
0.0182503
0.0143884
0.0223206
0.127698
0.0373107
0.0149374
0.0334695
0.0168296
0.840441
0.0212002
0.805512
3.16033
0.0541907
0.318157
0.0369031
0.491633
0.933451
0.184158
1.97723
0.471566
3.08807
0.434648
0.0318206
0.0239157
0.00671165
0.0198368
0.0162905
0.0144009
0.0566229
0.25208
0.518054
0.648641
0.364562
0.0307486
0.047647
0.0532635
0.0463815
0.0201214
0.0854581
0.0333444
0.0509538
0.0277996
0.0298281
0.00881811
2.83289
0.710884
2.4989
0.0481609
0.0926716
0.0142232
1.10908
0.0136843
2.36603
0.04351
0.0321357
4.58178
2.37933
0.826273
0.0319009
0.509697
0.0313704
0.0146735
2.58495
0.0451052
1.94268
0.018534
0.0191594
0.00642847
2.99502
0.742947
0.713126
0.882007
0.457744
4.36536
0.0125958
0.0235168
0.0450446
1.13971
0.0133055
0.0160369
0.0136096
0.183567
4.51292
3.15162
0.0149762
0.0162364
0.0406265
0.0114896
0.315587
3.15532
0.247331
0.0215432
0.0201979
3.95567
0.0231783
0.0164857
0.617258
0.29806
0.0128522
0.0312821
0.0314393
0.0310516
0.0137273
0.00636291
0.212293
0.0129664
0.0466636
0.0206245
0.979072
3.35776
0.0520569
0.260323
3.57915
0.0419701
0.0179407
0.202608
0.0444653
0.00533253
0.0572995
0.0690082
0.124573
2.43752
0.913846
0.0272447
0.0273227
0.0295679
0.0225816
0.00757056
0.0278296
0.0145384
0.0590413
0.0416416
0.0223774
0.0181173
0.0072084
0.0134369
1.27592
0.0155678
0.0125965
0.129125
0.0463199
0.0123209
0.0357685
0.017823
1.24695
2.72155
0.0136207
1.25468
0.0520441
0.00975481
3.06689
0.000162515
0.0067791
0.200341
3.91706
0.514488
0.063361
0.0226949
0.301461
0.00153223
0.0175307
0.639318
0.830247
3.59555
3.89688
0.606275
0.0914816
0.0125868
0.115549
0.705885
2.1655
0.00673812
0.0664845
1.6549
0.115264
1.05991
0.0349449
0.0320539
2.0722e-05
0.0590094
2.87589
0.0367999
1.43739
0.0786892
0.877277
3.63209
4.17039
0.000227601
0.416679
4.46941
0.00655329
0.0182043
0.0365191
0.262053
0.0466858
0.0284195
0.0129543
0.284039
0.0132883
0.00630669
0.232324
4.81599
0.00978939
0.0283158
0.0157915
3.22155
0.766721
3.47121
1.17133
0.0341163
2.94766
3.60166
0.285053
0.168928
0.0295074
0.0145682
0.0326842
0.0322334
1.75866
0.0136901
2.46699
0.0524842
4.13461
0.799166
0.0467377
3.17671
0.623813
2.53282
0.0142159
0.0167755
0.0144169
0.530359
0.0136297
0.918138
1.17698
0.990981
0.0294447
0.219809
0.0256149
0.281302
0.0494059
0.0136602
0.035831
0.0136935
3.01554
1.04741
0.0501365
0.787471
0.0186569
3.25685
0.556439
0.891636
0.0236906
3.46592
0.984102
0.0297287
3.5944
4.49318
1.22484
0.518285
0.385009
0.00730495
0.0406578
1.0097
2.25008
0.0131905
0.809653
0.400923
0.0131198
0.0115291
1.03067
0.9519
0.0301527
0.00635646
0.0908533
0.337201
0.0408145
0.686573
0.231183
0.119421
0.0419844
0.0218529
0.0632823
4.38052
0.0060889
0.0131065
0.817294
0.294958
0.035106
0.0238072
0.861784
0.532887
4.27665
0.76064
0.0385798
3.77621
0.857351
0.00640249
1.19415
0.00685972
0.0369211
0.019137
0.0311558
0.0337894
0.0111297
0.831124
1.16425
0.0439178
0.0178079
0.00608647
4.27298
1.10754
0.0162877
0.223687
0.0139043
0.45249
0.0263704
0.601412
0.604867
0.0133333
2.18107
1.8355
0.782481
0.0141155
3.28871
0.0142199
3.02398
0.656859
1.1017
0.911272
0.208354
0.511633
0.0577024
2.78141
3.65331
0.0377296
0.0394368
0.177077
1.69173
0.0113983
0.0322334
0.01375
0.0223003
3.55925
1.98392
2.25779
0.0247096
0.00801424
0.937075
1.99421
0.0172965
0.0438759
0.239081
0.131389
1.89545
0.00766924
0.802568
0.17508
0.0558348
2.52572
0.689349
2.15084
3.25091
0.0388504
0.0164435
0.0311016
3.7337
0.209679
0.375799
2.62332
0.0250727
0.0129525
3.57113
0.0296175
2.9449
1.03125
1.13636
0.28899
0.56653
0.0299358
0.00373805
0.0672799
0.347746
0.00625498
0.800751
0.0169947
0.00646626
0.370057
0.494436
3.98442
2.09076
0.0334674
0.00899154
0.0367237
0.830538
0.873513
0.0138362
0.0753743
0.0142985
0.0162447
0.0166192
0.00609938
0.757394
0.0314821
0.0622078
0.445328
0.0162041
3.91809
0.0219175
0.888814
0.294009
0.25029
0.0277097
1.11112
0.903816
2.54591
1.79818
4.09304
0.013827
0.847338
0.014775
0.0478511
0.630818
0.0146791
0.103608
0.0140698
0.877136
3.51844
0.0175348
3.90259
0.106322
3.91578
3.66205
0.751872
0.0144212
4.27441
4.2504
0.0117201
0.134692
2.7478
0.483331
1.01438
0.00615547
0.218371
0.0168784
0.000268984
0.594562
0.0318898
0.00946977
0.000634135
0.00061954
1.36535
3.46444
0.0108738
0.0143143
1.17725
0.0167832
0.0110131
0.0402755
3.23839
0.803875
3.82073
0.0157133
0.127064
0.22243
0.146635
4.41673
0.802141
0.793078
0.0210394
0.731106
0.838906
0.226941
0.451045
0.0260512
1.20608
0.203886
0.0113929
3.53666
0.685673
0.830028
0.010808
0.62826
0.764693
0.815609
0.0242257
1.1747e-05
0.000818445
3.8722
3.32106
2.23452
3.45883
0.0130498
0.0132344
0.0100142
0.848376
3.4625
3.62215
0.0168045
0.0521876
0.887319
0.538835
0.665991
2.15433
3.57694
1.2607
0.0157712
3.2392
0.0237837
0.0491033
0.0430133
3.77999
3.0502
1.90868
3.5832
2.39933
0.0445659
2.97285
1.15949
0.687697
3.3253
0.028307
0.441752
0.65226
1.44554
0.00021058
9.59945e-05
0.0554712
2.75367
1.33955
0.0181141
1.46465
0.0203741
0.576011
1.25728
0.0128414
0.862789
3.61983
3.37918
0.833847
0.441433
2.89621
3.2781
0.0022359
1.18882
3.23764
4.03672
3.22479
0.831287
2.98572
0.319731
1.38498
0.0147683
0.00733116
0.0230073
1.63843
0.122814
1.0154
0.380906
1.04609
1.03505
0.0132262
0.667481
0.0139704
0.0254137
0.722879
4.31561
1.02238
0.101988
3.77858
0.366582
0.41063
0.498833
0.761245
0.0149013
3.81426
0.0215414
0.0298984
4.35174
3.93109
3.04616
0.928542
0.805458
4.44876
2.55794
3.47091
0.00854663
0.0234373
0.35191
0.365816
0.352965
0.0148183
0.173097
3.47946
0.0178871
3.61092
1.09711
0.963955
1.12701
4.04141
0.0219217
0.771412
4.00128
0.310045
3.40169
3.57561
0.0499668
0.986256
0.0145837
0.0175079
3.0827
2.66932
3.46248
3.49447
0.960766
1.00599
4.38867
1.18117
0.00634444
0.361362
1.09799
0.0103156
0.0585434
0.974954
0.0456777
0.655026
0.0101639
2.77331
0.00972292
0.0223063
4.01073
1.17756
1.40054
0.348448
0.713397
0.0484571
0.0161133
0.855536
0.207438
0.0119047
0.0135634
0.261507
0.236434
2.22394
1.08744
0.645352
1.03364
0.0169507
0.0128602
0.0181472
3.84095
0.011001
3.46309
0.122437
3.50699
3.41833
0.158295
0.00836301
0.0141551
0.243385
0.014659
0.493085
4.0275
3.03864
0.0115981
0.0405253
0.0394949
0.590735
0.0150216
0.021108
0.00678049
0.0343329
0.815347
0.0153811
0.926967
0.367484
1.1291
1.04878
0.0138437
0.653038
0.0251576
0.215869
1.13884
1.69521
0.0652096
1.06047
3.49231
0.0128826
0.31082
0.00493521
0.0115973
0.03597
4.5757
1.08138
0.104305
0.0776262
0.621898
0.0269489
1.8929
0.970722
2.16078
1.00222
0.485629
0.64196
0.729888
0.0066359
0.0166788
0.0311511
0.0463107
0.00305391
1.07343
0.0313521
0.0141592
0.103474
0.0379475
0.010975
0.0298976
0.0126685
0.644272
0.158127
0.0159737
0.708407
0.0155933
0.0165486
1.04794
3.96716
3.70317
0.0296613
0.0176982
0.0204447
1.90285
3.97675
3.163
0.0143342
0.216364
0.0460073
1.01538
2.46591
0.0122726
0.0153186
1.20954
0.8677
1.06951
0.810163
0.00971603
0.013339
0.0782296
0.0102618
0.0329622
0.121073
0.351031
0.288329
0.211678
0.367229
0.033836
0.999058
0.307423
4.13785
4.20657
2.35334
1.2945
0.0104718
0.432606
3.44888
1.0866
3.15191
0.884687
0.0608157
2.92899
0.151784
0.0765609
0.0106196
0.815951
0.337306
0.0140263
1.6877
1.6879
0.00817673
0.789495
0.71599
0.635354
0.820004
0.807337
0.0390439
4.43381
0.0947554
3.97558
0.0403526
0.861703
2.68871
0.0162781
1.16183
0.059091
1.46837
0.00598775
0.239172
0.411325
1.11359
0.167237
0.361595
0.718557
0.000281301
0.476272
3.04625
1.0483
0.889066
3.70233
0.760682
3.2757
0.00960884
0.0131136
0.69663
0.0324663
0.726195
3.88026
0.0519837
4.43031
0.0243236
0.180811
0.0106616
0.00966297
2.03497
3.46997
0.0708209
0.153783
0.0389105
0.0494637
2.06741
0.0409159
0.0787424
0.254923
0.118052
0.0309983
1.86719
0.0531619
2.22303
1.08636
3.19524
0.00372381
0.0143564
0.266878
1.06059
3.88532
2.95931
0.705056
3.41986
0.404126
4.58539
0.670927
4.13847
3.01125
0.0352686
0.0510688
2.60903
0.983679
3.66019
0.276499
0.70135
0.292936
1.05463
1.10536
0.0504359
0.00119947
0.0346856
0.118944
3.85244
0.0401353
0.129424
0.00586643
0.767761
3.864
0.396909
0.124073
0.165698
0.0134191
0.0101428
3.02952
0.151569
0.0245367
0.023306
0.0402247
0.350565
0.374313
0.710574
1.31037
0.496237
0.341327
0.34369
1.0748
1.0136
0.429836
0.759668
3.9214
0.0111633
3.10345
2.19696
0.0141277
1.23115
0.680658
0.0294821
0.0108031
0.311685
3.70093
0.557951
0.84768
0.0185742
1.17742
0.979837
0.0683133
0.0161861
0.0014934
0.000165858
0.021207
0.00835129
4.18703
4.24535
0.0171917
0.0178311
2.73246
0.0797271
0.293793
0.015097
0.0406374
3.52996
0.544704
0.341722
3.54773
0.670061
4.10771
4.53161
0.0305618
0.062683
0.00648391
0.0176137
0.0139418
0.0593121
0.0316936
0.716252
0.192809
0.00627288
2.26992
0.407117
3.39243
2.1053
0.638048
0.528304
0.00610316
0.397015
0.968276
0.0339868
0.0467751
0.011188
0.014014
0.416943
0.851843
0.00619137
0.0544528
4.10232
7.11175e-05
0.252003
3.39749
3.97294
0.0184239
0.0210865
0.0654867
0.358082
0.0106751
0.297276
0.241682
0.000395162
0.451407
0.0114528
0.0129518
0.0920873
0.87582
4.33318
0.0355222
0.033808
3.63291
3.89117
0.423244
0.0360602
0.0144202
0.802034
0.311385
0.782813
0.033104
0.0135771
0.0357919
0.68021
0.00656695
0.0979684
3.0318
0.559988
0.0389515
2.60481
0.366492
0.0403188
0.958103
0.000144543
0.0103996
0.0102677
0.0300325
1.00857
0.0130197
0.0571917
3.53949
0.000615147
1.32083
0.013261
0.0312953
4.07874
6.30873e-06
3.65908
0.110943
0.0294566
3.69817
2.56889
0.0420379
0.657154
0.0522015
1.00711
1.03878
0.0101756
0.0463931
0.109849
0.0414752
1.14099
0.013541
0.0131441
0.0305831
0.000961478
0.106298
0.0169799
0.00978984
0.00665874
1.28106
0.00857782
0.834353
0.986079
0.0215379
0.0676386
3.41559
0.0138147
0.304355
0.875804
0.877002
0.308769
0.00643845
0.0116008
0.0209656
0.86633
0.0111032
2.59967
0.0228586
0.00859195
0.00564034
3.75021
0.162761
4.43451
0.322633
0.473346
0.00294201
3.2431
0.0706069
0.277188
0.0279549
0.0155649
3.49298
0.904783
0.347039
3.4015
0.0173751
0.532163
0.803532
0.249466
0.498227
0.0324542
0.00719974
0.0117073
2.65736
0.0497412
4.41242
0.0268661
3.72667
0.0365729
0.0584874
0.0102239
0.00625701
2.29444
0.843429
0.0145867
0.522717
0.756253
0.006494
0.391928
0.383666
0.521701
3.62448
0.712972
0.421706
0.0132967
0.013949
0.0505109
0.0338928
0.119264
0.0246901
0.725583
0.694563
0.0134401
0.137536
0.90787
0.329582
1.05237
0.00961672
0.554653
0.0142283
3.00343
0.442868
0.0231585
0.030588
2.06326
0.511329
0.0143668
0.00905599
1.41006
0.0191228
0.432493
0.59496
0.0142659
0.00717569
1.02094
0.206857
0.221663
0.00192419
0.0243346
2.9866
0.702798
0.355463
0.013188
0.00973532
0.0554366
3.26321
0.840856
0.0602142
0.839603
1.05942
0.0370977
0.0130284
0.294806
0.0111539
0.0445993
0.0394654
0.11814
0.0161928
3.4731
0.237528
0.0461122
0.473128
2.99784
0.0743161
0.382662
3.28122
3.67338
0.57232
0.591428
0.546381
1.00613
0.297539
0.0254945
0.388963
0.395605
0.0508414
0.488705
0.71449
3.61774
0.0302873
0.82736
2.42818
0.685856
0.993648
0.349975
0.0112546
1.24349
0.00603937
0.47833
0.825735
1.28292
0.289862
3.90224
0.533975
1.59443
0.0118847
0.0420015
0.0153958
0.519845
0.126067
0.766294
0.216084
0.672183
0.355459
0.133308
0.784155
0.318064
0.0168668
0.000755145
0.711523
0.0225538
0.0328345
1.4121
3.03887
0.0216956
0.225477
0.0591899
0.0467989
0.373616
0.323661
2.94774
0.183452
0.0275346
0.0144105
0.270615
0.652591
1.91855
3.53348
3.28808
1.85882
0.00953671
0.0215079
0.792776
2.22674
3.64629
0.5951
0.00961464
0.779828
0.0208319
0.0138461
0.713557
0.0673774
0.775006
0.497681
0.0216583
0.527374
0.018223
0.0472622
0.71722
0.697987
0.695009
2.96023
0.0678043
0.493812
0.00987578
0.371497
1.49412
3.06412
3.70938
0.00599065
0.0331442
0.00846253
1.26262
0.0595443
0.00948621
0.365436
0.0132681
0.00684713
0.793495
0.712551
0.0131502
1.60955
0.963977
0.0145338
0.0434923
4.05189
0.0120575
3.66595
0.751028
0.0126455
0.00880608
0.0153208
0.336265
3.79663
0.995679
0.0506259
0.0132636
0.0301998
0.0309132
0.0137778
1.23535
4.09016
3.93145
0.352132
3.31617
0.0957304
4.42666
0.908961
0.62603
0.0925173
4.5177
0.0468406
0.0237273
0.00433553
0.0217357
0.0194751
0.0184739
0.778276
0.180599
0.0193585
0.046858
0.985097
0.87634
0.0674849
0.458428
0.0550503
0.408808
0.0337401
0.173565
0.0123922
0.0168388
0.421924
0.430841
0.0105634
4.17979
0.274603
0.255943
0.131783
0.054891
0.618682
0.895761
0.000811895
0.263742
0.170562
0.127186
9.46157e-05
2.99032
3.50503
0.0204092
0.691722
0.0131589
0.450505
0.0514665
0.161312
1.90505
0.0135581
0.0404468
0.0177079
0.0158242
3.94176
0.151939
0.0379047
0.72216
0.00978874
0.000391629
0.468294
0.838258
0.0111847
0.01369
4.09191
0.013435
0.976211
0.360327
0.0309134
0.0143961
3.91843
0.69556
2.95215
0.448299
1.0789
0.017714
0.00644812
3.97447
4.35498
0.00599572
0.00128189
0.621255
0.28191
1.2162
0.724552
3.03413
0.0183033
0.00941533
1.05059
4.3475
0.260061
0.0131242
0.0774973
0.783887
3.03288
0.731421
0.0147179
0.0423855
0.19106
0.0298938
3.81821
1.13385
3.03917
0.053033
0.0380317
2.71418
0.775381
0.137583
0.0127517
0.836506
0.859896
0.0160968
0.040911
0.358548
0.549717
0.0490004
0.00448537
1.4238
0.0196054
0.0203887
0.121369
0.0211318
0.0114128
0.00384089
0.384414
0.352813
2.98715
3.02409
1.18446
0.272375
0.0191598
0.13085
0.0519036
0.044053
0.176313
0.0128209
0.0158286
0.0107025
0.0870625
1.66083
0.0253885
0.284852
0.0307505
1.7217
0.0304227
0.0163395
0.323068
0.0135551
2.31528
0.00175774
6.69513e-05
3.16981
1.27871
0.0146667
3.52696
0.0288321
0.218659
0.0190268
0.0136473
0.0294759
0.0261889
0.803463
1.16458
0.633696
0.419211
0.12292
0.00228411
3.66906
0.471465
0.134363
0.00966959
0.0142782
0.152319
0.0458909
0.0181345
3.68662
0.0122427
3.90468
0.00153812
0.0157249
0.0107284
0.0579246
2.38963
0.0928797
0.0240448
0.372833
0.297986
0.0113862
0.0344767
0.0135281
0.0217639
0.0843698
0.139638
0.15336
0.66882
0.219377
0.000538441
0.000147857
0.00602781
0.796957
0.0169028
1.17827
0.0311286
0.634876
0.0138472
0.039208
0.0139323
0.0597611
0.21796
0.0103968
0.0217914
1.17488
4.092
0.0191176
0.00639146
3.53261
0.0171302
3.25106
0.0104358
0.0575136
0.734603
0.00345497
0.013612
0.0162827
0.000232937
3.77096
2.5171
0.0152295
0.191463
0.0190095
0.288469
0.0593541
3.65861
0.137906
0.368456
0.274589
0.0185004
0.00125939
0.402885
0.0049606
0.181865
3.73001
1.01682
0.0137747
0.806797
0.287185
0.0327852
0.10018
0.050403
3.66666
0.0576125
0.0119063
4.18478
0.00602903
0.0101408
3.55065
0.0103842
1.18752
0.0130636
0.00235413
0.454175
0.142965
0.0487071
0.927131
0.00481961
0.136792
9.95109e-05
0.00545534
1.10854e-06
0.0387819
1.08334
0.0640825
0.945195
0.036741
0.0134931
0.0283135
0.0991909
0.0128072
0.666418
0.00115391
1.23213e-05
0.00609337
0.0277044
0.647439
0.0070507
0.172702
0.0628523
3.93563
1.68467
0.00993603
0.0828712
0.012734
0.126015
0.231983
2.6058
2.18911
0.0438514
0.752569
0.00140955
0.870571
0.0347751
0.0135802
0.0145527
0.016906
0.00792016
0.0270005
0.129691
0.00889237
1.68577
0.00945559
4.27461
1.88407
0.15925
1.67521
0.0147547
0.807647
3.67286
0.0925866
0.0141237
0.0284367
0.019383
0.04411
0.0101476
1.05178
0.0126765
0.611212
0.0132527
0.0295267
3.49275
0.0306672
0.0154813
0.0247453
0.0156857
0.241152
0.0321531
0.837494
2.72303
1.00442
0.219232
0.120717
0.00716296
3.05805
0.0270572
0.380248
3.62955
0.010043
0.0315576
3.69554
0.00995819
1.15794
0.361939
0.0649664
0.0693541
1.55479
0.097572
0.637577
0.0182297
0.178947
0.00402146
0.491743
0.100549
0.245466
0.534746
0.000804208
4.03852e-05
0.234056
0.306551
3.42801
1.32988
0.0222996
1.1126
0.00692287
0.0111791
1.59923
1.20384
0.0138262
0.10016
0.0550658
0.187623
0.0271541
0.175708
0.0493062
0.0130123
3.30784
3.99996
0.0147363
0.0275246
0.40933
0.173429
0.293002
0.0495531
1.10674
4.20836
0.101624
0.193969
0.0102642
0.0182752
1.31212
2.5015
0.595871
0.0106921
0.0311439
0.108375
0.00602495
2.71685
2.6601
0.0206479
0.0619761
0.014733
0.037323
1.31137
0.147015
0.915783
0.203533
0.0277425
0.108839
0.730226
0.00334248
0.0860279
0.856404
0.349773
0.27145
3.64852
0.0213503
0.00538058
0.139078
0.846169
0.139318
0.103742
0.0244126
0.111208
0.0369616
0.0555102
0.0566824
0.0353709
0.0526419
0.263824
2.82045
0.116705
1.32255
0.0134188
0.0338234
0.951465
0.310879
0.0310095
0.0119747
0.557809
0.0180867
0.169017
0.75213
0.0306855
0.158378
0.0251818
0.398289
0.212887
0.0111092
0.0569764
3.65962
1.50702
0.0181451
0.0405713
1.04835
2.82509
0.0159692
0.0121046
0.0799216
0.983814
0.0303643
0.171375
0.0185646
0.270924
0.0139003
0.0193057
0.0895896
0.0161096
0.0071707
0.0204916
0.315054
0.845378
0.0242338
0.0072175
1.06544
0.0430618
2.86705
0.086041
0.0900503
0.00800358
0.161236
0.0333821
0.061558
0.975937
4.16646
0.00638244
0.00999586
0.0250643
0.0143967
0.0105008
0.410304
0.0665378
0.714574
0.520885
0.00941215
0.0104453
0.740941
0.134509
0.0641029
4.29079
0.0493015
1.06031
0.0491876
0.032551
0.0258246
0.00974677
0.0932361
0.00666033
1.59009
0.0114786
0.0179133
0.028272
1.10628
0.079159
2.62127
0.0934845
3.9787
0.0311308
0.0151811
0.010308
0.0142707
3.10334
0.0482648
3.41675
0.00674322
0.0133921
0.247533
0.209587
0.00997759
1.03434
0.00349313
0.0132447
0.144478
0.0147783
0.00360445
0.100137
0.105906
0.0135384
0.831022
0.0741312
0.103306
0.0294051
0.0101057
0.01013
0.14477
3.77324
2.18014
0.00726563
0.00982248
0.00181256
0.00732748
0.118179
0.040706
2.50349
0.68666
0.404411
0.0886948
0.00993054
0.050375
0.0175931
3.11431
0.00898915
0.284645
0.00631665
0.925524
0.409845
0.0503624
1.17679
0.110443
0.0108955
0.0066273
3.48237
0.738822
0.00817583
0.0102092
0.302576
0.0295138
0.0631402
1.24694
3.96911
0.00399742
0.331196
0.0138395
0.0326047
0.0555541
0.0435897
0.0606914
0.0141707
0.0578882
2.02683
3.83396
0.0104685
0.0792347
0.0368994
0.00469092
3.65939
0.0139121
0.0734852
0.116137
0.194991
0.017741
0.0203772
1.2937
0.935029
1.49371
0.0687312
0.0262503
0.01086
0.0829531
0.010387
0.0301958
0.0122232
0.123089
0.0229535
0.14476
0.781112
0.261993
3.72929
0.0431054
0.0954779
0.059479
1.15062
0.0146845
1.16986
0.18763
0.0389292
0.0130291
3.51485
0.103971
0.0442695
3.91103
0.0609036
0.00741354
0.0175598
0.0100779
0.00513855
0.0630005
0.123658
0.0399189
0.0109026
0.0113332
0.0145263
3.34089
0.0318015
0.19438
0.0665462
0.0110346
0.978736
0.0623292
0.0392044
0.00620497
0.25851
0.0102372
0.738066
0.0865352
0.0146144
0.00915868
0.0677264
0.0100082
0.37811
0.0109263
0.253335
0.00418447
0.024075
0.0128818
0.0672294
0.189162
0.0553708
0.115988
0.0104379
0.0923973
0.011919
0.609044
0.668199
0.0456783
0.0408147
1.33926
3.82474
0.0256921
0.00825422
0.0570133
3.69715
1.6529
0.179855
0.0462183
0.0240068
0.181193
0.01835
0.0147997
0.0140225
0.0309922
0.0155541
0.0068418
0.00743597
0.0472022
0.0111694
0.0323138
0.77861
0.00761142
0.078981
0.351705
0.756177
0.448307
1.31522
4.07608
0.0187396
0.0147966
0.107977
0.0183534
1.23349
4.1913
0.0133756
0.786736
0.270817
1.14876
0.0168224
0.0578347
0.432013
0.0541017
0.134089
0.0125235
0.345849
2.2354
0.0671994
0.0182991
0.0148451
0.908408
0.0100502
0.0251013
0.730214
0.00604153
0.0347541
3.23857
0.0852412
0.788378
2.96989
0.116444
0.215452
0.066948
0.0106725
0.593394
0.0417913
0.0690776
0.0310352
0.0352567
0.0727039
0.0500882
0.269399
0.263376
0.0103352
0.995082
0.0144658
0.0516716
0.198458
0.0192704
0.0298242
0.0372904
0.00753752
0.0616459
0.0454872
0.00407601
0.045699
0.030124
0.0348727
0.27845
0.0105907
0.0160003
0.788405
0.945681
0.03156
0.268494
0.00851509
0.0111965
3.8498
0.0486994
0.0283228
0.00728717
0.149156
0.0109988
0.0457386
0.0121989
0.192515
4.02386
0.0232039
0.0150609
0.0597314
0.0391044
0.0109478
0.00569726
0.079619
0.039884
0.851788
0.0104122
0.0140243
0.0491867
0.00579496
0.010834
0.334714
0.643047
0.97444
0.00722562
0.439459
2.58479
0.546651
3.43929
4.21568
0.640844
0.061013
1.39157
0.211174
0.0299878
4.5029
0.710288
0.022625
0.0273723
0.0179092
0.913472
0.0189848
1.39643
4.25863
0.0339409
0.0138461
0.0496876
0.677654
0.727462
0.093998
0.0687518
0.707175
3.60247
0.281387
1.50209
2.359
0.40502
0.59923
0.18271
0.0409702
0.0587145
0.0157386
0.261264
0.623951
0.708837
0.460842
0.954391
0.197427
0.433856
0.0520483
0.561363
0.775065
0.0129321
1.14034
0.978251
0.0374033
0.862388
0.00514551
0.0106475
0.0121889
0.0930177
0.0171472
0.00652458
0.00433651
0.00601669
0.218221
0.986402
0.0149282
0.153974
0.213343
0.144701
0.658309
0.0186449
0.0286102
0.0364451
0.195607
0.5175
0.0559163
2.24048
0.0140957
3.01516
3.85005
0.0116809
0.0124067
0.0195069
3.72507
0.255833
0.0126065
0.0128208
0.0141329
4.07905
0.011921
0.0822159
0.827274
0.0292734
0.0104797
0.950077
0.0112331
0.068281
0.0784489
0.941535
1.26127
0.678758
0.742743
1.22313
1.54104
0.0740999
0.0194863
0.0149941
0.0715403
0.927797
0.492726
0.0140014
0.177766
0.0042865
0.394369
3.00468
1.20322
0.0124862
0.0132488
0.0135392
0.0328469
0.0552991
0.0196461
0.0107402
0.13058
3.66615
0.0202361
0.0120146
0.0348504
0.108815
0.0135982
0.861285
0.032638
0.0105273
0.140089
0.00103833
2.43191
3.2741
2.66322
0.106756
0.126544
1.33643
0.168922
0.0107988
0.132955
2.34598
0.0616665
0.0411531
0.0102555
0.165429
0.072718
0.908697
4.36862
0.0128364
0.0435054
0.00679174
0.0126246
0.0149726
0.100889
0.0696817
4.27368
2.46906
0.0749118
0.494285
0.0345912
0.128405
0.0368555
0.124074
1.96259
0.0425091
4.66724
1.66623
0.0146112
0.0146019
0.715478
0.514549
3.70541
0.063328
0.74127
0.191259
0.0489698
0.235823
2.26331
0.0315561
1.81084
0.274206
0.0273997
0.0107566
0.278
0.00297138
0.0116877
0.800911
0.549331
0.010912
0.0118978
0.711287
0.0117988
1.38475
0.0296688
0.0788924
1.68136
0.125441
0.0128766
0.00659958
0.0503665
0.517686
0.143908
0.170399
0.0250191
0.770019
0.00976159
3.42066
0.680475
0.824977
0.0127015
0.14193
4.65174
1.25328
0.0324076
0.0129096
0.821822
0.16663
0.00997381
0.062772
3.04237
0.0137566
0.0196002
0.73666
0.0189676
0.0148735
0.0136716
4.48957
0.932449
0.0207885
1.63388
0.00148197
0.06136
0.200094
2.06604
0.0458284
0.0238335
0.0365757
0.313722
0.0273634
0.0338097
0.0138414
0.0853364
0.0115204
0.339383
0.0137545
0.0119234
0.0335587
0.893881
4.37546
0.0160687
0.0577553
0.0427723
0.0297196
2.10545
0.0854517
3.52599
0.0164353
0.336366
0.0932734
0.145147
0.0621887
0.0311788
0.0114581
0.112267
0.608798
0.0120992
1.16013
3.86643
0.454038
1.16479
0.101861
0.0055883
0.0500993
1.1445
0.129313
0.732157
3.64403
0.040813
0.00404698
0.0415543
2.10729
3.86098
0.0470515
2.80631
0.0152317
0.754513
4.32331
0.0128702
3.80544
0.172407
0.0930188
0.00821969
1.6837
0.0096935
0.98875
2.95338
0.316646
0.201042
1.1081
0.00869651
0.0391327
0.666368
0.0659103
0.0510167
0.166511
0.0668648
0.731559
0.011519
0.267922
0.00767441
0.0205175
0.0123732
0.0145613
0.0807685
0.0465733
0.227941
0.013176
0.0474357
0.0115393
3.24428
0.0556401
0.682634
0.0508836
0.0200448
0.0317536
0.0047581
0.156038
0.200519
0.0870485
0.268329
3.75854
0.37452
0.0811509
0.721981
0.00367197
3.82147
0.102755
0.0573789
0.337406
0.43361
0.0502186
0.154993
0.630704
0.0277416
0.464485
4.01981
0.128613
0.412457
3.73649
1.34886
0.119632
0.37289
3.84406
0.0032865
0.520418
0.0716068
2.05911
0.0561159
0.776775
0.265611
3.01212
0.112503
2.42939
0.0631454
0.0172706
0.00810563
0.0227094
0.0114438
0.206024
0.00987542
1.53715
0.429659
0.155595
0.0342034
0.0296201
0.0565968
0.24014
0.203752
0.71311
0.0305642
0.0154634
0.0735459
0.0857052
3.13894
0.00645039
0.630854
0.032652
0.275298
0.408875
1.16981
4.15407
0.015747
0.016674
0.00608886
0.0674189
5.08405
0.620533
4.09637
0.0378329
0.189588
0.0168324
0.0724866
0.306239
2.93968
1.05035
0.012132
4.79948
0.333159
0.066611
1.12278
0.3252
0.0116992
0.216007
0.0674959
0.000199861
4.21435
0.257283
1.46292
0.84441
0.34222
0.0146445
2.37962
0.0147427
0.254728
0.143832
0.0217728
4.94322
0.0157631
0.068767
5.88347
0.767561
3.61687
0.00769426
0.910625
3.51763
0.0540389
0.00353651
0.489193
0.056921
0.00700531
0.366112
0.0137226
0.0465746
2.06268
0.669888
0.0109801
0.01258
0.371822
0.0602522
3.23089
4.04254
0.00862376
0.0430151
0.0132721
2.80603
3.68882
3.65005
0.012617
0.0486223
0.0852137
0.107895
0.0151642
0.0376904
0.0112428
0.950567
6.4766
0.0174333
0.00124076
0.0375269
5.08886
0.00857448
1.80472
0.855965
4.30577
0.629066
1.01677
0.38892
0.00995225
0.0856007
0.00943493
0.0115234
3.83258
0.331369
0.00772847
0.0218486
1.08608
6.10013
0.00193529
0.0752992
0.00918863
0.940276
0.0107171
0.144563
4.61822
0.413821
1.02086
1.00601
0.0611421
0.0285738
0.00605062
0.00328256
1.36037
0.0291524
0.00983754
0.0404177
0.0109045
0.365417
1.06772
1.19602
5.4909
0.149342
0.539957
0.0132651
0.0299114
1.09476
0.0250492
0.142055
0.0575976
0.165643
4.0642
0.0671201
0.0165695
0.1384
3.02418
0.0116549
0.295281
0.108324
3.778
5.54025
0.0140621
0.0112616
3.65255
0.0574722
4.2621
0.994099
0.199903
0.150297
0.0403844
0.205415
3.65173
0.356245
0.0271302
0.695469
0.0108636
0.00453665
0.101979
0.195635
0.0126845
0.0386267
0.0350625
0.786458
0.0493836
1.4724
0.0243994
0.534612
6.0581
1.22169
0.152619
0.860301
0.0785683
3.37601
0.180182
0.357239
0.10063
0.0167273
0.223931
0.328415
0.180962
0.033959
0.115199
0.486013
0.865291
6.08148
0.0513466
0.101007
3.46433
0.149353
0.0810731
2.51627
0.0187777
0.013572
0.0166063
0.140498
4.36174
0.0154617
0.0130424
0.0523482
0.834203
0.0708133
0.00357195
0.591807
0.476605
0.319946
0.113553
0.162141
5.6503
1.15691
0.0644605
0.0133951
0.768373
0.00688713
0.926472
2.57372
0.0208058
0.016225
0.00972473
0.671219
0.123146
0.000317174
0.156578
0.00300682
0.941585
0.00172597
0.00860932
0.452816
0.0329862
0.466406
2.03741
0.0168034
3.32871
0.00119153
0.0297606
0.0496057
1.83167
0.102004
0.0598874
0.181608
0.04743
0.713732
0.143092
0.0413306
0.0135637
0.0323428
0.0437362
0.00278407
0.0892731
0.015076
1.00041
0.820596
1.07604
0.298643
3.70328
0.0993846
0.0210167
0.0173919
0.300308
0.423241
0.26878
0.215433
0.0201535
0.152612
0.290055
0.198567
0.0111555
0.00818886
0.363163
0.926441
0.0265462
0.72306
0.00689556
0.133956
0.643092
0.0151864
0.147457
0.148539
0.0134625
0.411832
0.0383692
0.0214492
2.12008
3.8607
0.015652
0.938124
3.93884
0.244892
0.067225
0.421699
0.0515211
0.0267099
0.0138496
3.84054
0.2954
0.0032885
0.6307
0.144695
0.247956
1.31269
0.783146
1.10806
0.186262
0.972268
0.0088082
0.518063
0.63003
0.765373
0.017121
0.0871305
0.047923
0.0143334
0.295197
0.0735393
0.139526
0.137442
0.723788
0.159524
0.0173626
0.801554
0.193619
0.23794
0.00736846
0.418503
0.075297
0.299225
0.237855
0.0585824
0.0126888
0.0106982
0.217857
3.82882
0.611286
0.0125813
0.0163729
0.593479
0.0598356
0.0162231
0.0725452
0.0633123
0.00731843
0.130095
0.633937
0.00837501
3.46955
0.302892
0.0104758
0.00250491
0.0137821
0.00425752
0.00656721
0.755349
0.236854
0.0272584
0.0648547
0.00676403
0.000204292
0.154277
0.297888
1.23896
0.0275705
0.207933
0.00612781
0.012752
0.305011
0.139891
0.187409
0.174486
0.0994526
0.0214645
0.266479
1.05133
0.0138643
0.00605841
0.014345
3.19779
1.67847
2.83934
0.533649
0.0203487
3.25045
0.00788768
2.88851
0.130074
0.686236
3.1877
4.11391
0.0129347
0.015295
0.227572
0.0217866
0.0171999
0.92671
0.781412
0.0408057
0.461468
0.0304634
0.00585595
0.00149764
0.0157639
0.0527591
0.00642826
0.107971
1.14539
0.0202308
0.248286
0.284631
0.176091
0.185289
0.669094
0.0263468
0.558903
0.00995614
0.706759
0.0306107
0.0234553
2.638
0.870289
0.00791971
0.705405
0.00597446
0.00590287
0.0110884
2.55795
0.0139478
1.04183
0.184126
0.0199633
0.184191
0.569335
0.0303291
0.00670303
3.4309
0.0308082
2.00513
4.24216
0.376601
0.416864
0.269668
0.0094368
0.0218063
1.03348
3.23816
0.0136666
0.113373
0.0147221
0.320426
0.648657
0.049617
0.0149476
0.00867655
1.44029
0.785661
1.26732
0.311738
0.0323151
0.0713475
0.0154642
0.575686
0.455952
0.135535
0.651524
0.0128077
0.0124307
1.0524
0.0522763
0.0569094
0.335504
0.00725851
0.149924
2.83258
0.84145
1.67119
2.07425
0.00979716
0.347121
4.4964
0.038663
0.0607424
0.168187
0.436616
0.285964
0.221305
0.0262246
0.0115899
0.903901
0.00730902
1.10238
0.0138568
2.99825
0.013658
0.163042
0.0144659
1.46787
0.044538
0.118228
0.00744945
0.343568
0.0103249
0.0188922
0.289868
0.00889535
0.126909
0.00631288
0.667389
0.01013
0.549853
0.119186
0.236085
4.24675
0.208965
0.824749
0.00963474
0.0114421
3.48192
0.00713711
0.00862784
0.0276035
0.307852
5.37563
0.0196709
3.69885
0.243448
0.0108001
3.48015
0.0334213
0.0330262
0.295571
1.79212
0.00883139
0.00447022
0.220966
0.0496637
0.0130329
0.20864
0.0313787
0.0137798
0.181855
0.724619
0.0304178
0.0300075
0.395957
0.00602437
0.0105385
0.311729
0.261729
0.0311774
0.0208595
3.12633
0.0130886
0.478437
0.0157875
0.00837044
0.776418
0.0139426
0.00752844
0.776846
0.219769
0.710023
0.962173
0.846825
0.0234758
0.0437322
0.372626
0.0101814
0.0725926
0.0123038
0.246579
0.235713
0.443705
1.01294
0.777804
0.0144505
0.361231
0.0342797
0.960867
0.0100842
0.106223
0.0564552
0.0812508
1.01601
0.661802
0.0518642
0.305377
0.138515
0.0925033
2.24107
0.00945324
0.0701261
0.0193459
0.253676
0.00614731
4.29968
0.160221
3.49939
0.196301
3.57188
1.11938
0.0124282
0.0406591
0.0206008
0.0136888
1.22721
0.0184939
0.0165288
0.802753
1.06902
0.912088
0.123587
0.388248
0.941783
0.831777
0.0773783
0.110286
0.0148182
3.36346
3.92718
0.916932
0.0196281
0.259407
2.08075
0.000161828
0.368208
0.00675301
0.0310152
0.00201183
0.245925
0.572141
0.00612123
1.31608
0.115954
0.187363
0.00689528
0.015343
0.0202192
3.83936
2.13716
0.0175151
0.775319
0.0343687
0.044094
0.0116764
0.185415
0.136291
0.00623943
0.00829465
0.971405
0.235829
4.069
0.793166
0.00694867
0.0140141
2.68935
0.0129123
0.636642
0.192647
0.249909
0.0509097
0.159953
0.369691
4.55194
2.84355
1.57915
1.75906
0.00855674
0.0194776
0.348816
0.00660054
0.0194159
0.854133
0.0106891
2.96921
0.0119
0.420856
0.0168645
0.00866664
0.775777
0.0406595
0.00274131
0.27288
0.0133458
0.188421
2.93722
0.172032
0.0152612
0.713347
2.80019
0.0599685
0.00818077
0.397661
0.00335135
0.804719
0.0481582
4.57041
0.118406
0.0567022
0.0166335
0.0128951
0.0309126
0.358298
0.0171719
0.0234821
0.836481
3.12291
1.17006
0.0533632
0.0143075
0.0307508
2.94884
0.28062
0.0169874
0.0130256
0.000396426
0.0158034
0.062955
0.00722825
0.178829
0.0141842
0.583529
0.0137301
0.00183829
0.062385
0.63847
0.00598623
0.171345
0.0134815
4.46643
0.0571331
0.0125495
0.0710582
0.0108545
0.0462554
0.232671
3.21674
0.0270226
0.803253
0.37704
0.462126
0.0317399
0.0232552
0.0188094
0.083098
0.140075
0.0278687
0.00519159
3.68546
0.0140877
0.0549437
0.00787587
4.04059
0.543409
0.0138552
0.0570762
3.58921
1.00892
3.04887
0.282901
0.115308
0.233625
0.0428637
0.26125
0.0102224
0.756612
0.853473
0.00666206
0.49875
0.0221983
0.0450095
0.237313
0.575156
0.030815
0.24773
3.25394
0.761685
0.703142
0.150101
0.765633
0.0252135
0.017157
0.735307
3.22967
0.0087302
0.0745751
0.0126604
0.864579
0.00306382
0.0156435
0.481138
4.15967
0.0195266
0.00614968
0.0131305
0.0191445
0.0196766
0.780309
0.910981
0.00217869
0.0662262
0.753117
0.00612781
0.184858
0.0090065
0.517754
0.0142369
0.0013367
0.155951
0.172794
0.0496539
0.409174
0.0311632
0.00192061
1.20828
0.0329234
0.386255
0.0425894
0.012876
2.76199
0.0537782
1.22288
0.416275
0.00604348
0.0281847
3.37161
0.0924348
1.40222
0.335988
0.0359905
0.0252173
0.0220771
0.874245
0.0138969
4.73005
0.047824
0.132884
0.00346619
0.0060743
0.0744087
1.04019
1.26108
0.0788812
0.216219
0.040128
0.885833
0.0143808
0.000722932
0.0142196
0.648795
0.0833966
0.0701733
0.00730588
0.0131021
0.00563119
0.00282507
0.022634
4.56356
4.50968
5.22797
0.0177994
0.0123445
0.571596
4.59683
0.0362986
0.724107
0.51299
0.0646923
0.651854
0.203816
0.318484
0.524921
0.951999
0.0130789
1.42132
0.325609
0.00314867
3.66238
0.0166813
0.0145958
0.87098
0.0113935
0.0130953
5.63088
0.769869
0.014707
0.0365226
4.91296
0.00864737
0.0939995
1.03863
0.0131357
0.986615
2.5873
0.0134537
0.0350769
0.111434
3.27076
0.00699718
0.0186952
0.813989
5.94192
0.731383
1.16692
0.660252
0.00176575
0.00923625
0.722653
0.0255408
0.0155509
0.0104946
0.0650981
0.0237056
0.0161427
0.321142
0.0135234
0.741524
0.529988
0.49763
0.0137493
0.00572693
0.307463
1.13639
0.0103847
3.56415
6.19011
0.951997
1.05551
0.878698
0.738687
0.00898341
0.0140375
0.151219
0.0158381
0.0219754
0.519063
0.0145073
4.01063
6.02636
0.0100215
0.0567963
0.701171
1.10148
0.00579444
0.834109
0.0057829
0.0146728
0.00895834
0.062658
0.0138331
0.0295156
0.329628
0.0160438
0.0435638
0.0326046
5.90444
0.0116137
0.0135074
0.20673
0.0123938
0.157307
0.0388911
0.00181986
0.275141
0.0141858
0.91072
0.0320414
0.686202
0.00439954
5.60201
1.07303
0.029534
0.0298498
0.00131365
0.298497
1.95637e-05
2.66344
0.00591194
0.136351
0.00612205
0.0842895
0.85021
0.295141
4.00366
0.00232819
0.0201532
0.00801343
0.0465204
0.0154696
0.73866
3.67506
5.39066
1.13232
0.270199
0.134643
3.75091
0.013698
0.0760409
3.04183
0.258231
0.978902
0.540501
0.00481869
0.263013
0.029664
0.0182612
0.0286678
0.0325624
0.677908
0.559245
0.0149989
0.571702
0.740746
0.0633507
0.0303828
0.42208
4.084
0.121919
0.0150066
0.00627031
0.339583
3.9299
1.74728
0.777194
1.0899
0.0136972
0.00444267
1.0387
0.571908
0.0101319
1.04644
4.0098
0.0313854
0.0298186
0.0134574
0.421876
0.0334041
1.17438
0.0618806
0.917729
0.842124
0.771227
0.00783799
0.385246
0.0138535
0.0215204
0.982279
0.0494552
0.00883505
0.00433609
3.55127
0.0572131
0.0255054
0.0167299
0.359666
0.0276515
0.239445
3.85613
0.824802
0.310833
0.0139422
2.46615
2.05904
0.00897704
0.0129178
0.010785
0.0181011
1.86524
0.350335
0.885191
0.0645678
0.00338078
0.0176012
0.0259405
1.64509
0.00327807
0.0470222
0.758711
0.00505669
0.0338418
0.0234803
0.0417402
0.00670837
0.0293098
0.0553561
0.0155349
2.76279
1.90878
0.0491993
0.0305288
0.00304811
0.00804959
0.118341
1.32603
0.0149663
0.0263176
0.034134
0.0489745
3.84382
0.0174118
0.0148312
0.633264
0.0130063
0.143318
0.0289148
0.0655974
0.78845
1.45341
0.511819
0.014317
0.000729425
0.0104799
0.735136
0.0265216
0.78683
3.4042
3.09665
0.0136025
0.00937237
0.540343
0.00569586
0.137994
0.0169601
0.00454767
0.0133109
0.657609
0.0300093
0.149618
0.00616205
0.548909
0.634969
0.0435635
0.301912
0.053752
0.0059995
1.36253
0.00725466
0.0371437
0.0129828
0.362057
2.18038
0.011512
0.583336
0.931322
2.308
0.0495168
0.148033
0.930576
0.706383
1.83066
3.08232
0.0314288
0.0389255
1.14919
0.428614
0.879748
0.0632677
0.0103605
0.265138
0.0101817
0.0094984
0.159231
3.06311
0.717359
0.0289862
0.0517525
0.872887
0.031393
0.0190339
0.159069
0.721108
0.0444636
0.0150234
0.588673
1.83174
0.0138868
0.014331
0.464431
0.00761321
0.0404299
0.0134502
0.00952407
0.00966337
0.462613
0.477111
0.869628
3.39384
0.106424
0.0122316
0.688953
3.25014
0.0301196
1.05265
0.00852383
0.902829
0.0564775
0.77226
0.0128488
0.0163154
0.00348909
1.63603
0.709636
0.113314
0.4028
0.038936
0.0431357
0.053435
0.314896
3.69581
0.675252
0.529751
0.200041
0.00267749
0.488948
0.00512096
0.155048
0.0038937
1.57025
0.0542265
0.0150493
0.0116634
0.0126005
3.24631
0.0305933
0.0857541
4.473
0.477359
0.0138158
0.0742913
0.0886841
3.98036
0.00694564
3.12464
0.0354985
0.015575
0.0130606
0.790214
0.0143477
0.00474259
1.42348
0.00143547
0.0739927
0.0149844
0.0391721
0.184195
0.0415162
0.0236897
0.0280895
0.0720354
0.310416
0.0190652
0.133442
0.0131128
0.609369
0.899114
0.00109617
0.0160758
4.12573
4.34096
0.0396389
0.0489242
0.0716193
2.45231
0.379851
0.0130419
0.260854
0.0043081
3.4313
0.698594
0.0324551
0.280779
0.0100541
0.0331546
0.079355
0.93631
1.23836
0.0130193
0.041439
0.0273967
0.0324516
0.0798697
1.11124
0.050722
1.67616
3.06741
0.00951915
0.577043
0.713417
0.0551869
0.316055
3.65849
0.0317602
3.61911
0.00498314
0.703948
0.26075
0.122274
2.91113
0.455283
0.0124536
0.0293443
0.215174
0.014059
0.00209761
0.71765
0.980386
0.00302093
0.00605158
0.0622237
2.30665
0.0124572
0.00793434
0.0304617
0.981198
0.00248841
0.0655865
3.38834
0.69801
0.475409
0.0126317
0.034051
0.0725039
0.859188
0.0568198
0.666042
0.00852905
0.0566729
0.0347933
0.0437357
0.762769
0.0380812
0.451921
0.033127
1.07952
0.408902
0.00743197
0.0127299
0.00186048
0.00347009
0.0251708
3.58855
0.182743
0.00742543
0.0109372
0.0210082
0.0113116
0.830727
0.00525811
0.0470699
0.0138464
3.5046
0.00676148
0.170058
0.0416695
0.00384168
0.358325
3.79513
3.74862
0.00652239
0.0184737
0.0143806
0.0619425
0.0106359
0.0148791
0.857933
0.00833693
0.0752048
0.0135972
0.608419
0.0133787
0.0956205
0.00423134
0.756809
0.0640831
0.00724474
0.00915088
0.791813
0.0221524
0.00999041
0.942024
0.00567476
0.0118018
0.0526289
0.0119374
1.28515
0.0154419
0.547182
0.0277114
0.00966266
0.0831618
1.25346
0.0260858
0.044391
0.012698
0.614324
0.950351
0.0165303
0.035656
0.711265
1.63295
0.458543
0.0200589
0.00966565
0.0222761
0.0106175
0.239942
0.181992
0.00729255
0.0112098
0.00194836
0.037026
0.0105643
0.747952
0.036894
0.0490212
0.0109122
0.904484
3.99166
0.00987256
0.0770496
3.42822
0.00794553
0.114282
0.0122967
0.00937722
1.6873
0.108819
0.168033
0.0060464
0.00755661
0.00392266
2.83282
0.0264858
3.45004
4.56026
0.913019
0.320502
0.00932334
0.0161818
0.0114476
0.420079
0.0437552
0.0160257
0.0535365
0.0408177
1.7711
0.101525
3.31429
1.62278
0.0940964
0.0354728
0.0669308
0.00524689
0.0377734
0.0110641
0.460615
0.123072
0.00821188
0.0232341
0.251604
0.20134
0.0154223
0.0224014
0.0271113
0.0363722
0.0160875
0.0143121
1.47755
0.0145075
1.38935
0.018609
0.00565205
0.0139649
0.043035
0.0715837
2.727
0.0169587
1.27298
4.11648
0.0869695
0.597545
0.0125114
0.0350581
0.0625267
0.0197696
0.0121989
1.00367
0.135035
0.00708016
0.0141172
0.0586466
0.0923795
0.0450118
0.40033
0.0161708
0.051684
0.0229563
1.74976
0.0135679
0.00717072
1.22489
0.847934
0.0604438
0.00542742
1.20851
0.0120861
0.345824
0.282816
0.0444284
0.0901616
0.00914847
0.00549165
0.0130138
0.0139341
0.143294
0.0154254
0.0147367
0.306138
0.687692
0.141709
0.054595
0.703811
0.491256
1.03296
1.20117
0.345909
0.59992
0.099529
0.211545
0.0324972
0.0478277
0.0235862
0.0243273
0.754412
0.0387581
0.0508132
0.644879
0.0137879
1.34267
0.252629
0.367168
0.0567844
0.156843
0.0958932
0.00794114
0.124934
0.213255
0.404279
0.457219
0.655895
1.28337
0.652661
0.0582966
0.270749
0.0367253
0.0117397
0.0154043
0.131495
0.0305994
0.326419
0.369455
0.0651988
0.0121464
0.0167597
0.00115169
0.0161156
0.17496
0.712767
1.65821
0.0140301
1.259
0.0206221
0.0149246
0.00305706
0.023029
0.0334469
3.72716
1.27841
0.850085
0.0607882
1.04512
0.206201
0.0862238
0.0148177
0.0365584
0.583167
0.014459
0.870488
0.00627901
0.496854
0.00352015
0.165746
0.01216
0.221429
0.00455635
0.0332392
0.0579953
0.00770437
0.0749645
0.0152761
0.00678446
0.00231713
0.0308397
0.0116316
1.1324
0.0106429
0.027241
0.161881
0.0156678
0.0120296
0.0317723
0.819309
0.0798492
0.0185777
0.608753
0.0342869
0.0483098
0.0167322
0.00437476
2.02936
0.0970669
0.009987
0.0179246
0.00886234
0.135984
0.00218471
0.00201119
0.703711
0.0122349
0.011303
0.0779256
0.0626685
0.0511761
0.00455943
0.0804519
0.0363347
0.0134339
0.837152
2.29129
0.222632
0.0194018
0.268317
0.650941
2.94073
0.00342846
0.0135541
0.804452
0.00370905
0.0584743
0.67803
0.0769452
3.05412
0.0185203
0.0816934
0.74234
0.741306
0.166414
0.00959481
0.016974
0.0158044
0.0974446
0.203748
0.0292044
0.000430063
0.347259
0.0309923
0.0645929
0.00483653
0.00668126
0.65753
0.277454
0.0305604
0.0112755
0.0714223
0.0403244
0.0491866
0.928282
1.86836
0.0972227
1.1388
0.0398267
0.00187914
0.0388734
0.0378926
0.186754
0.0014461
0.0298695
0.482556
0.00626813
0.0178122
0.0411983
0.0120873
0.245407
0.0121593
0.215162
0.931358
0.00600034
0.0127355
0.0388965
0.00175443
0.0114067
0.0328495
0.713696
0.0954476
1.35803
1.13037
0.0111317
0.0807951
0.0419434
0.632808
0.911375
0.0456719
0.0947783
0.0479347
0.610017
0.0358432
0.278436
1.27855
0.0279605
0.0212348
1.39011
0.0144424
3.48541
0.0122297
0.728473
0.695431
0.00628342
0.00570886
0.283148
0.0128118
1.29325
0.0193161
0.248696
0.00600725
0.0373186
0.0335278
1.26222
0.0581483
0.0108082
0.0302876
0.0223429
3.29777
0.0755354
0.0111835
0.0206881
3.66761
0.0249746
0.00457367
1.00763
0.113061
0.0382543
0.0291813
0.690683
0.04131
0.0224245
0.00966108
0.0134087
0.828392
0.0999451
0.00213492
1.1031
0.484349
0.0426457
0.0429181
0.00911693
0.0180946
0.792878
1.4583
0.0104838
0.0138008
0.973933
1.04254
0.131221
0.0406439
0.640047
2.8214
0.00775646
1.05371
0.0528654
1.26242
0.0125257
0.229421
0.12058
4.18431
0.00933649
0.0240221
0.899561
0.0348668
0.0575799
0.0120626
0.374257
0.405364
0.0050452
0.0164015
0.0194027
0.150448
1.01748
0.068339
0.0122166
0.0829613
0.00600667
1.16303
0.0503385
0.860698
0.0516831
2.02041
1.53722
1.06386
0.0322795
0.0402713
1.81065
0.0588113
0.13016
0.019108
3.63862
0.51939
0.652119
0.0515769
0.00484992
3.20617
0.109894
0.0304607
0.273187
1.81265
0.0192762
0.237948
0.0386254
0.00693255
0.0135274
0.00634266
0.627007
0.0187278
0.0310493
0.192696
1.48442
1.08093
0.014772
0.479894
0.0263496
0.0456258
0.0437455
0.107707
0.717453
0.0136927
0.0157196
0.775733
0.180749
0.161715
0.290712
3.63667
0.0091264
0.00767072
0.0171533
0.0113492
0.0277125
0.0166838
0.0368422
4.11497
4.19203
0.0123253
0.394339
0.925919
0.0378504
0.25613
0.349605
0.287744
0.058946
0.00590653
0.174723
0.0303047
0.747132
0.0305837
0.0752526
0.0139948
0.0368664
0.0127881
1.28022
0.0118452
0.0492543
0.802654
0.0297596
0.0189067
0.0105616
0.000654744
0.0245622
0.34569
3.09242
0.0482807
0.796561
0.0467636
0.0174932
0.00534063
0.0451046
1.00291
0.0249712
0.0362556
0.0732984
0.02316
0.0125395
0.992918
0.00927438
0.139223
0.355187
0.0136325
0.021125
0.010671
0.759056
0.0271042
1.05118
0.000964367
1.15988
0.24263
0.0738319
0.0462758
0.00280921
0.0108722
0.043729
1.21195
0.0146717
0.976608
0.0148546
0.0216847
0.0591906
0.195203
0.0876179
0.0453751
3.13059
0.664891
0.0137593
0.00108529
0.0694168
0.86824
0.0308658
1.41695
0.596077
0.0264795
0.383823
0.476754
2.09856
0.0159778
1.4624
0.0190171
0.0169612
0.0141448
0.0580538
0.0611268
0.391748
0.926364
0.00678944
0.00931792
0.4207
1.14758
0.109656
0.0389893
0.000986686
0.00569276
4.16189
0.197326
0.0897004
1.11537
0.223755
0.0233473
0.0200836
0.00738906
0.0121444
0.116873
1.93125
0.18373
0.0291124
0.0474888
0.414101
0.00855386
0.468273
0.00538927
0.136822
2.87577
0.00611168
0.00901761
0.0229798
0.0118995
0.00980099
0.0468674
0.0421721
0.00582367
0.0189359
0.00716709
0.0889478
0.0352853
0.0296768
0.0133926
0.0531253
0.570019
0.0109207
0.032953
0.0492815
0.517328
1.60388
0.815856
0.0319583
0.107269
4.35851
0.0161125
0.0141902
1.33599
0.0110442
0.425339
0.247884
0.570293
0.026935
0.0161375
0.00895763
0.948713
0.545057
0.0394478
0.0107927
0.436383
0.225393
3.583
0.0107087
0.00754234
2.13691
0.523037
0.466977
0.0366527
0.0184579
0.011922
0.00494884
0.0139266
1.39655
0.0597619
0.361256
0.630828
0.0582208
0.0769713
0.0432059
0.0256961
0.0233946
0.0523692
0.154405
0.00699112
4.09306
2.5745
0.0197145
0.0735344
0.208499
0.146825
1.91951
0.0562881
0.355305
0.0063989
0.0147456
0.0113392
1.82308
0.043741
0.490263
0.314975
0.0382076
0.0699902
0.00757227
0.198854
0.305224
0.000320299
1.12177
0.0295713
0.0313754
3.92771
0.010405
0.0183668
3.25828
0.0115493
0.335457
1.21008
0.155584
0.00617297
0.0116805
0.00446858
0.00710218
0.020973
0.00905554
1.55338
0.367995
0.044009
0.0201361
0.053577
0.0282791
0.00742947
1.45685
0.0155453
0.00525754
0.00259223
0.270754
0.240057
0.00957191
0.0530025
0.915813
0.0054763
0.424926
0.0161637
0.013595
0.0230101
0.412911
0.00551314
0.0545891
0.0552247
0.0550557
3.49068e-06
1.66349
0.0127921
0.288515
1.63017
0.0560122
1.07491
0.131906
0.105513
0.0226813
0.0346437
0.0501253
0.0151194
0.0589532
0.224082
0.0138061
0.0477889
0.148963
0.016712
0.0897347
0.017358
0.628903
1.5307
0.168829
0.945673
0.0104658
0.0260912
0.0153368
0.0484588
3.25779
0.19967
0.015421
1.33072
3.17609
0.0298845
0.0296327
0.465564
0.936682
0.050932
0.139712
1.86551
0.0134799
0.113356
0.227901
0.017969
0.68678
0.04693
0.0117315
0.0494166
0.00733343
0.0183762
0.0435689
0.0099875
0.0298482
0.0965835
0.0420305
0.832003
0.0534011
0.030063
1.4116
0.0151411
0.00702165
0.0469555
0.261525
0.629159
0.0488389
0.0528366
0.795343
0.0315422
1.00202
0.0106132
0.0791672
0.0151912
0.0119641
0.0431894
0.0812283
0.0219863
0.0132942
0.00708124
1.26717
0.462007
0.178387
0.000400882
0.142742
3.45749
1.22287
0.0191574
0.199422
0.074685
0.316978
0.0961072
0.152512
0.0659736
0.0188193
0.0176148
0.033372
0.70966
0.015209
0.0640037
0.0117375
0.709736
0.0422746
0.00819095
0.117627
0.0290735
0.506317
0.00919709
0.0533905
0.720411
0.200636
0.668868
0.00545146
0.236427
0.0181169
1.39369
0.194914
0.159367
0.0630113
0.325152
0.36991
0.0151162
0.0418868
0.781891
0.0295041
0.020595
0.0885833
0.601106
0.0979191
0.0621426
1.57526
0.475914
0.0152616
0.778945
0.135883
0.0560126
0.0479967
1.99084
0.0354324
0.0386365
0.0328404
0.0185681
0.0150169
0.766561
0.0353465
3.644
0.67372
0.0121873
0.599346
0.0207946
0.661495
0.237896
0.0116991
0.0911475
0.0193149
0.0152693
0.227667
0.0352674
0.0150432
0.0154092
0.245472
0.0197472
0.118788
0.0173074
0.079616
0.797774
0.0173585
0.0105078
0.134979
0.114522
1.03388
3.7914
1.41544
1.86667
0.0802234
0.0518986
0.018356
0.00903074
0.4249
0.0178766
0.00910603
0.0150985
0.013964
0.530445
0.00806724
3.38991
0.451487
0.0713331
0.127726
0.0417328
0.0449661
0.730845
0.120393
3.34611
0.0211663
0.0423421
0.198736
0.0235494
1.2633
1.066
0.0664648
1.79505
0.791776
0.00621483
0.0915654
4.03468
0.640683
0.0228414
0.115257
0.012915
0.18116
0.0131775
0.0271392
0.120821
0.0149528
0.286406
1.00943
0.0140986
0.163079
0.196256
0.0186602
0.0354694
0.0308013
0.0141995
8.98926e-08
0.546266
0.168244
0.00214954
0.271236
0.169687
0.181904
0.019988
0.866396
0.0999102
0.0210838
3.9089
0.0115773
0.0776492
0.909335
0.251599
1.63072
0.0157103
1.52504
0.00852048
0.000625123
0.0148398
0.0454398
0.0500769
0.0339226
0.0739276
0.0306211
0.0161969
0.00469651
0.0125433
0.117009
0.00765233
0.0959861
0.0151478
0.0162113
0.0181327
0.0119387
2.18586
0.226776
0.224912
2.55076
1.59963
0.795504
0.00912013
0.151604
0.0344897
0.0545653
0.176953
0.0748109
0.0704428
0.182282
0.454453
0.00723768
0.0351917
0.0773297
0.0144659
0.0296546
0.82906
3.70219
0.774159
3.3552
0.01582
0.38469
0.0304018
0.806691
0.234656
0.0143353
0.914146
0.0133947
0.998279
0.00404204
0.0140291
0.00651699
0.0022149
0.467323
0.336411
0.489968
0.0527895
0.0479454
0.0143074
0.00897932
0.00804732
0.0129793
0.0166042
0.20449
0.0138719
0.0133919
0.0310528
0.135973
0.0274895
0.0352724
8.49595e-05
3.74522
0.00280461
0.420716
3.59563
0.107201
0.0358529
0.20872
0.0243541
0.0928022
0.725314
0.0515186
0.137873
3.46415
0.0506765
0.547131
0.0193484
0.0425922
0.00646562
0.24707
0.0299548
0.0145471
0.00684158
0.334054
0.081416
0.0761072
0.0182121
0.111545
0.0297961
0.0446519
0.651729
0.000882891
0.0153522
0.00973322
4.09144
1.96744
0.0135383
0.135646
0.0134266
0.333002
0.0144306
0.269928
0.00433445
0.0143257
0.0395041
0.0609321
0.00703423
0.696366
0.00512075
0.0185099
0.0301253
0.0140553
0.865591
0.101988
0.0529129
0.177388
0.0850238
0.0166117
0.0370892
0.18568
0.0141453
4.22294
0.0126415
0.0336343
0.00500154
0.0306533
0.29711
0.0140537
1.20724
0.0325597
0.225596
0.136865
0.0307372
0.127163
0.000673948
0.0142951
0.00304182
0.0112294
0.0439718
0.476567
0.0181404
0.00372935
0.383892
0.0089861
0.017055
0.0570263
1.22527
0.0460456
0.0236463
0.25237
0.0935234
0.924019
0.00494076
0.0346115
0.015022
0.254589
0.0215092
0.92847
0.077942
0.0312216
0.0561044
0.0131765
0.720207
0.0484077
0.0119059
0.0596982
0.0145692
0.0355479
0.011802
0.0137197
0.0186316
0.49535
0.0153114
0.0109481
5.29302
0.01511
1.067
0.00516312
0.447157
0.0841469
0.0339673
0.0135365
1.7134
3.14035
0.0725156
0.0935425
0.971946
0.791865
2.42736
0.00950692
0.17693
0.103546
0.460483
0.205962
0.0301932
0.0202562
0.0323119
0.031579
0.327062
0.00667679
0.0343382
0.0141541
0.0317828
0.0352566
0.00213
0.117893
1.32797
0.0115861
0.0147467
0.125314
0.0773202
0.017929
0.066456
4.79251
0.0566782
0.49103
0.025673
0.0449267
0.0620458
0.0669704
0.977467
0.146681
0.122969
0.028224
0.01591
0.322176
0.030279
0.0958693
1.30836
0.0259248
1.00568
0.00694615
0.00279003
0.0411709
0.00849224
4.07417
1.15993
0.00237576
0.404051
0.0921983
0.0296307
0.217113
0.0227192
8.32184e-05
3.51396
4.81498
0.550545
1.51381
0.106046
0.018752
0.0208466
0.00824637
0.00263072
0.129256
0.0187644
0.125168
0.114043
1.07776
0.0578837
1.35206
0.00944371
0.148001
1.29808
0.0359798
0.0161444
0.63431
0.805174
0.80961
0.0337016
0.240393
0.0862058
0.0137158
2.05816
4.9538
0.0153972
0.00480301
0.0489108
0.0217816
0.0871002
0.00548681
0.012848
0.0291689
0.0197401
0.0146508
0.0301828
0.0163747
0.0117687
3.69592
0.0910058
0.917147
0.0477096
0.00547291
0.0426249
0.0312472
0.0134713
0.0466326
0.121999
0.0073773
0.00418787
0.930333
0.0356769
0.00272905
0.0539497
0.179222
0.0728256
0.171669
0.119312
0.0540393
0.0825128
0.0297005
3.71213
2.64395
0.501698
0.0305821
0.0565982
0.0140368
0.116674
0.103073
0.00758134
0.193238
0.0241549
0.00245519
0.152408
0.193975
0.0549559
0.0678868
0.0542578
4.20077
0.21978
1.1359
2.31107
0.016968
0.617088
0.00880074
0.0303749
0.0708944
0.0154897
0.0500361
0.0134971
0.019892
0.0150743
0.0175482
1.29414
0.123068
0.0398524
0.0162565
0.0242161
0.0572123
0.0295743
0.0307345
0.014773
0.0391827
0.0951188
0.693259
0.0455515
0.0151183
0.00644109
0.0114582
2.16098
1.36866
0.00158305
2.50482
0.0149247
0.0138602
0.0309176
0.0821284
0.0293189
3.68667
0.213154
0.0469224
2.33688
0.0354003
0.0635148
1.31175
0.52547
0.145606
4.20636
0.0295025
0.0365282
0.224645
3.84947
0.627757
0.144733
2.21425
0.411639
0.0700749
0.0517853
0.017262
0.0155621
2.82262
0.248644
1.02957
0.0305951
0.641172
0.0549936
0.730482
0.037687
0.00956274
0.0316277
3.96966
0.015718
0.0848913
0.0871154
2.3735
0.356394
0.00467906
0.0431547
0.0229638
0.028539
0.237916
0.750067
2.35984
0.40281
0.0542856
0.0148074
0.142145
3.00299
0.911903
0.368603
0.667938
0.661176
0.225837
3.23957
0.0200892
2.86619
0.0488558
0.789331
0.0171315
0.0298854
0.0123771
0.075148
0.609475
0.0101584
0.0165959
0.00220721
1.10039
0.081175
1.01713
0.727404
0.015989
0.911908
0.0130969
0.153125
0.0456225
3.69248
4.02694
0.0153307
1.54039
0.632576
1.13877
0.0185616
0.585237
0.0518558
0.822567
1.01488
0.000385483
0.367035
0.0163601
0.0427136
0.0328875
1.53535
0.400911
0.181752
0.0379349
0.0173226
0.0504089
0.0344573
0.00089415
0.0151044
0.0206881
0.0764134
0.0328771
0.0635362
0.016681
0.0262664
0.0167167
0.058781
0.0897002
1.20303
0.868471
0.0416214
0.144611
0.202945
0.831862
0.0609055
0.055756
0.418866
0.0514344
0.0162224
0.0158961
0.0524802
2.6399
0.721782
1.05091
0.0321133
0.0292914
0.398169
0.0295448
3.52253
0.0856824
0.0440656
0.989213
0.0299744
0.236128
0.0322521
0.0202615
1.08755
0.00364889
0.0858814
0.144942
0.0132169
0.0390701
0.000973495
0.00772623
0.20501
0.0282906
0.119087
0.0281184
0.0107729
1.20367
0.0600782
0.0413585
2.04619
0.00479468
0.88252
0.836931
0.0210585
0.00916216
0.610573
0.0302146
0.0531274
0.932299
0.0705305
0.00971468
0.0139681
0.0363516
0.299331
1.09249
0.0228372
4.09771
0.701806
0.0183766
0.00647312
0.00605143
2.46562
0.0245672
0.0693115
0.240665
3.73584
1.56815
0.00706616
1.05158
0.0288526
0.40668
0.013709
1.42789
0.213064
0.104022
0.00833926
0.0685524
0.13094
0.00667735
0.251507
0.0441595
0.0180203
0.0432401
0.0509016
0.0734855
0.311361
0.00873444
0.0387106
2.41637
0.0179169
0.131586
0.501974
0.0150048
0.432422
0.481613
0.0402579
0.532932
0.0827398
0.0300366
0.0795008
0.0279985
0.0956331
1.63028
0.708948
0.015958
0.0461438
0.920516
0.0252467
0.710257
0.0177671
2.08878
0.37657
0.224416
0.0301542
0.17873
0.580371
1.35179
0.868756
0.909917
0.211504
0.139307
0.162569
0.0187092
0.432052
0.0332054
0.562617
0.00587125
0.00792284
0.0863714
0.0550524
0.030824
0.956135
0.0305367
2.32789
0.0339382
0.0105252
0.0332164
0.0554581
0.0150118
0.240995
0.0264506
4.91997
0.0550971
0.872702
0.0150241
0.0172989
0.333467
0.383127
0.0348194
0.00161344
0.0102871
1.53437
0.0540549
0.177656
0.0028377
0.0381983
0.0131682
0.703154
1.1167
0.590469
1.22536
0.00875426
0.155735
0.608777
0.0157008
0.000473918
0.70125
0.212161
0.024833
0.281934
0.941901
0.0449865
0.223738
0.0152699
0.0170838
0.063588
0.713989
0.0308478
0.0153237
0.0133591
0.082744
0.508427
0.0156029
1.15199
0.162698
0.0529062
0.0620374
0.160014
0.586507
0.0359528
0.00733139
0.208338
0.046425
3.03972
0.0260943
0.0402613
1.13977
0.0208269
0.0130733
0.676167
0.0240612
0.0153766
0.027262
0.0324172
3.51582
0.227791
0.00720253
0.0429066
0.0543634
0.0442564
0.0359971
0.870121
0.00945558
0.0358875
0.0290354
0.00312797
0.184709
3.12733
0.00435041
0.380927
3.57447
0.0388475
0.0667093
0.0399988
0.0168846
0.0411459
0.799403
2.01805
0.300291
0.63741
0.0137557
1.47113
4.04132
0.0613513
0.841593
0.546302
1.13241
0.274684
0.842256
0.0715757
0.200296
0.0121838
1.24481
0.0157182
0.0147267
0.0202311
0.00861133
0.147475
0.0863594
0.304612
0.136965
0.165052
0.0820004
0.0585114
0.00957163
0.016749
0.43081
0.478502
1.63698
0.0242059
0.0379555
0.000292447
3.57704
0.268266
0.151252
0.0544126
4.09861
0.951532
1.16394
0.0381822
0.0539807
0.521885
0.027557
0.0784801
0.0125092
0.0415693
0.0389019
1.42997
0.347895
0.0634162
0.0546847
0.69233
0.0822241
0.399168
0.0337977
0.0321474
0.00380188
0.0192729
0.015166
0.0128733
0.0130008
0.552608
0.0496381
0.0830725
0.115465
0.0149952
0.37202
0.0189634
0.08146
0.107402
0.182669
0.567108
0.0115074
0.869224
0.0470072
0.0294996
0.0128455
0.0221409
2.05663
0.536334
0.0226899
0.339859
0.0317062
2.32712
0.115921
0.67007
0.0183383
0.643504
2.7985
0.0467071
0.156806
0.363034
0.280327
0.0152024
0.0544862
0.00876633
0.0329298
0.0132612
0.122974
0.0290955
0.232525
0.152404
0.00672083
0.0277165
0.032758
0.0675981
0.0101654
0.025304
0.132948
1.31199
0.0451459
0.168649
0.0201002
0.0112877
0.0670791
1.07746
0.0122051
1.04213
0.0855743
0.0580541
1.02043
0.0338421
1.64551
0.0130916
0.94868
0.234419
0.0150474
0.0350388
0.0397249
0.0346435
0.00366737
0.316933
0.0162999
1.57505
0.0101884
0.0468899
0.356344
0.145669
0.0829746
0.0333711
0.0918157
0.235438
0.214431
0.244254
0.015523
0.662157
0.0348463
0.0150499
0.0438132
0.122105
0.25377
0.00845845
0.0158489
0.574246
0.0478498
0.0124268
3.45861
0.0577302
0.969977
1.96296
0.0519997
0.0516014
0.152708
0.203979
0.00529034
0.113451
0.0186521
0.0082211
0.245549
0.0747502
0.134296
0.0393219
0.0379345
0.0305698
0.0919977
0.0181709
0.0128369
0.0322742
0.0147991
0.577461
1.15992
0.0160311
0.458562
1.16781
0.0148855
1.22081
0.0202975
0.0253081
0.179106
3.46552
0.986014
0.811391
0.0136773
0.00117306
0.00152958
0.0787373
0.0448244
0.0294585
0.27369
0.0359928
0.0148065
0.106975
0.029971
0.0161282
0.0632783
0.0173046
0.895416
0.731989
0.0251051
0.622459
0.161607
0.242796
0.0218355
0.010463
0.234986
0.135713
0.0291053
0.0693869
0.240236
0.0078488
0.0275035
0.12126
0.0187726
0.012228
0.115157
0.487406
0.0297524
0.0364082
0.0166936
3.26241
0.124549
0.0286339
0.054751
0.713434
0.00976101
0.00677966
0.00806783
0.146786
3.44785
3.6447
0.0827038
1.18717
3.86911
0.0174559
0.572701
0.0310504
0.0312389
1.25508
0.716817
0.0101083
0.00557016
0.137445
0.242951
0.0144771
3.1077
0.133086
0.0279412
0.00319012
0.194868
0.0617748
0.177622
0.712599
0.42172
0.0128126
0.409446
0.0300633
0.251742
0.140103
0.107884
0.0212974
0.0256992
0.0432267
0.0482223
0.0179195
1.10976
0.460069
0.241041
0.121572
0.127258
3.35746
0.203378
0.161843
0.0245102
0.174386
0.721031
0.834822
0.00983069
0.123716
0.169871
0.0138863
0.193111
0.164488
0.0148344
0.0185508
0.364875
0.223241
0.0746943
0.21586
0.0163263
1.26455
0.0468928
0.897941
0.552183
0.261166
0.243911
2.64214
0.225443
3.71339
1.06393
0.128487
0.00184317
0.14343
0.258976
0.737143
0.00302937
0.0150356
0.0576959
0.0169436
0.0113136
3.84857
0.0301889
0.0126885
0.180364
0.0138012
3.47187
0.174552
0.364089
0.0126519
2.95058
0.67818
0.0379616
0.147386
0.265872
0.0178464
0.18328
0.0442275
1.0668
0.150085
0.0296399
0.0176339
0.0110077
0.250307
1.57252
0.0318777
0.609403
0.0170517
0.208211
0.182313
0.00320894
0.044381
0.023378
0.779807
0.0261768
0.0379805
0.0564078
0.274831
0.104839
0.0101436
0.0156049
0.00334016
0.0452206
0.0326439
0.0140421
0.0269138
0.0481898
0.0643962
0.0132721
0.674156
0.0183063
0.303069
0.691019
0.0163373
0.0148472
1.09933
0.762244
0.0249322
0.0348109
0.000210588
0.0393643
1.02407
1.0151
3.64932
0.0755393
0.133104
0.737892
0.00626105
1.43504
0.0174421
0.0478018
0.864477
0.0494724
0.938036
0.0329375
0.0600042
0.0297147
1.1755
0.978803
0.00424187
0.0339662
0.0226369
0.0529007
0.760138
0.00908276
0.841742
1.15426
0.876281
0.0405371
0.0217403
0.161428
0.0328051
0.11966
0.992163
0.208193
0.145373
0.0174414
0.447617
0.00274604
0.1708
0.997579
0.944296
0.604767
0.635227
0.0418273
0.0204272
0.587641
0.00658299
0.535373
0.0452575
1.00117
0.065702
0.0163488
0.522914
1.75054
3.67121
0.0109049
0.542633
1.19032
0.0411332
4.1763
1.04525
0.034407
0.0897296
0.140496
0.106425
0.0765015
1.10289
0.899206
0.79172
1.69585
0.0744004
0.112299
0.904978
0.041865
0.233252
0.0173073
0.00918823
0.599109
2.20347
0.0378473
0.0300323
1.59058
0.590822
0.0493994
0.0422014
0.208275
0.912088
0.0114586
0.0313616
0.232236
0.00869432
0.0145284
0.0497783
0.0627523
0.0378341
0.0483485
0.0431368
0.0561159
0.977369
2.44069e-05
0.0127319
0.00733138
1.04681
1.72603
0.0907741
3.88436
1.10632
0.0201509
0.0296567
0.0132327
0.00685371
0.460187
0.165834
0.864223
0.0376519
0.0504897
0.0126566
0.021241
0.492317
0.00358629
0.0176124
0.322028
2.20593
0.00281866
3.01385
1.12012
0.317623
0.0250079
3.08521
0.0219428
0.131607
1.48742
0.222214
0.0268034
0.00539763
0.0109553
0.0813421
0.0856064
0.0455484
0.586245
0.0111091
0.0392336
0.0447998
0.318768
1.47934
0.0608586
0.363973
0.471996
0.111278
0.182156
0.0164454
0.794808
0.0332303
0.0145493
0.00340592
0.200893
0.0174775
0.010493
0.342765
0.201706
0.7934
0.0377923
0.151195
0.189723
0.0493857
0.0533236
0.0591067
0.00873091
3.9654
0.0370529
0.0439606
0.0396045
1.24549
0.0197689
0.00184515
0.0464478
0.537611
0.0572817
0.073939
0.0130469
0.000809965
0.0125745
0.00266647
0.0021719
0.519964
0.965878
0.0134424
1.78411
0.0125433
0.0557368
0.00637138
0.290563
0.452606
0.124782
0.432314
0.00140192
0.720288
0.511
0.00813313
0.0678014
2.33411
3.93134
2.1927
3.44057
0.0204119
0.595629
0.446787
0.0553183
1.094
0.0333262
0.0197277
0.348538
0.209988
0.0283096
0.280819
0.0333675
0.586532
0.00558423
0.0504647
1.67166
0.211475
0.00652962
0.179113
2.34402
0.675052
3.07459
1.70701e-06
0.0443528
3.47473
0.0115577
0.0702371
0.0767288
0.836222
0.0604748
0.0540306
2.58395
0.0370854
0.0138185
0.0703193
0.0411249
0.707783
0.00163193
0.517313
0.0209543
0.050651
0.00651212
0.00737641
0.0406971
0.0770603
0.00860622
0.00393835
0.13503
4.50518
0.0338607
0.00432984
0.217879
0.154089
0.0563639
0.0452694
0.044155
0.792991
0.00774139
0.136777
0.0123973
3.22914
0.762378
0.113395
0.0071607
0.00925684
0.8858
0.0246707
0.0144757
0.989361
0.257668
1.02788
0.0471642
0.0209701
0.259831
0.0738332
0.410932
0.00221303
0.0408923
0.307898
3.72866
1.96289
0.030996
0.0579567
0.0159682
0.0380643
0.0318425
3.55364
0.216959
3.16384
3.00298
0.185311
0.0375885
2.3995
0.0753195
0.0764211
0.0910259
0.0324669
0.00610581
0.15063
0.0452064
1.71457
0.0108961
0.0232033
1.35354
0.0743105
0.0296132
0.0345085
0.0316352
0.175657
0.00953243
0.174646
0.0128957
0.964867
0.0418503
0.0139604
0.0272728
0.138125
0.159161
0.00772766
1.08672
2.51055
0.0418735
0.198434
0.151244
0.283703
0.182843
3.40926
0.00667384
0.295614
0.142202
0.771916
0.0735764
0.487995
0.0021889
0.0674171
0.0106725
0.854686
0.00781226
0.0504162
1.06019
0.0156159
0.0325818
0.0115539
0.00116748
0.0679142
0.00663963
0.0352105
0.188976
0.0136031
0.270694
0.0338894
0.0234193
0.00208743
0.49023
1.13722
0.0383306
1.19244
0.00796566
2.06091
0.0668228
0.0476697
0.790174
0.049231
0.0163701
0.170239
0.00886657
0.0223883
0.00962767
0.0119819
0.0130317
0.11068
0.259297
0.000428005
0.664022
0.1542
0.207785
0.0392589
0.00795604
0.292649
0.762966
0.0202567
0.0634649
0.188472
0.99485
0.0193736
0.78642
0.0100354
0.215747
0.172851
0.0137143
0.135323
0.013673
0.227699
0.0191735
0.0395205
0.035126
0.0212076
0.0552778
0.0468547
0.96942
0.0711867
2.56132
0.0479883
0.0127833
1.32693
0.0235146
0.00140206
0.0675759
0.0170415
0.0394647
0.000697108
0.445526
0.505657
5.16056
0.0314279
0.207918
0.135741
0.0136574
0.0297088
0.0234515
0.963466
0.223927
0.0842593
0.0240749
0.710505
0.0361771
4.18258
0.256861
0.0281393
0.0307593
0.0638109
2.23644
0.394245
0.373676
0.0341156
0.186367
0.017354
3.96157
0.541758
0.0274438
0.0324601
0.301122
0.296989
3.04836
0.68058
0.029056
0.218701
0.697763
1.08092
0.524571
0.0163808
0.144688
0.207491
0.0290693
1.91323
0.022648
0.0194535
0.014444
0.00911237
0.076936
0.0163441
1.86426
3.52174
0.0153289
1.45664
0.0831398
0.0124255
0.0128411
0.0470588
0.0346106
0.0223568
0.0370762
0.033944
0.0338215
0.0413081
0.0239343
0.0307615
0.0149432
0.762402
0.280971
0.0223221
0.00801163
0.76888
0.00925369
1.96713
3.03205
0.0452162
0.06294
3.88189
1.23309
0.0118105
0.626608
0.327789
4.41434
0.0181251
0.0622168
0.0252419
0.5119
0.0352706
0.0122993
3.99732
0.718083
2.26212
0.286193
0.0355586
0.0011441
0.01595
0.129857
1.00543
0.237094
0.0127186
0.122456
0.00833591
0.0744791
2.37679
0.265372
3.93217
0.00554473
0.136445
2.27326
0.543614
0.54227
0.0411574
0.0501676
0.0371919
0.200806
0.0153665
0.0116771
0.997222
0.2346
0.493331
0.0378912
0.00922771
0.399051
0.152355
0.946821
0.218669
0.0438958
0.0554242
0.049126
0.938013
0.0360393
0.00830126
0.0528894
0.0297447
0.0141567
0.0462921
0.00602086
0.0399954
0.0214452
0.0363995
0.0199124
0.22352
0.017273
0.0195256
0.069524
0.728882
0.0343899
0.0170384
0.037619
0.0300975
0.139283
0.0385228
0.891796
1.6972
0.237606
0.069977
0.00257313
0.0157151
0.174209
0.0670222
0.975624
3.68868
0.0125271
0.412288
0.000559256
0.00851214
0.00534585
5.10154
1.48212
0.0187613
0.0362865
0.0238404
0.0163127
3.16137e-05
0.968978
0.0698433
0.308689
0.0429969
1.1191
0.00954562
0.00571949
0.380333
0.105584
0.00681801
0.528722
0.733882
0.0650813
0.0439809
0.0364534
0.688725
0.0184684
0.143124
0.00954436
0.367779
0.217994
0.0446506
3.1615
1.37466
1.03828
0.946907
0.781051
0.0453773
0.991021
0.0315257
0.036448
0.115888
0.165736
0.292487
0.0297951
0.0336913
0.181624
0.311264
0.890984
0.0191457
0.937763
0.33736
0.0314901
1.15759
0.0292355
0.231648
0.143791
0.122331
0.0197383
0.836082
0.259306
2.67083
0.016754
0.00553327
0.0539079
0.0119527
0.684384
0.0212154
0.424358
0.0591802
0.24173
0.0179619
0.035327
1.01367
0.0754561
0.135708
0.0346047
1.8438
0.00827315
0.0123495
0.0427934
0.0290484
0.0147884
1.23492
2.55448
0.0219993
0.514808
0.0269949
0.000308876
0.0157414
0.0394463
0.135199
0.293615
0.069389
0.0516257
0.0743285
0.0392094
3.77834
0.242421
0.0581633
0.0136123
0.244145
1.51187
0.0343746
0.0340449
0.150509
0.660671
0.0830818
0.0159951
0.884605
0.0111348
0.0435766
0.0389217
0.0294038
0.0752741
0.704505
0.570521
0.273409
0.477788
0.041038
0.136406
0.238822
0.0124153
0.0358863
0.267528
2.78975
0.149706
0.321386
0.832568
0.0342181
0.0538942
0.131904
0.0391955
0.000591832
0.0151305
0.13853
0.247426
0.665627
0.0521134
0.269759
0.0333764
0.130655
0.0245541
0.149127
0.0286401
0.255766
0.141611
0.192627
0.324027
0.0111706
3.85447
0.0143051
0.0295322
0.0112139
0.308628
3.37341
0.770277
0.0180295
2.46695
0.145288
0.262826
0.0294825
0.61964
0.150734
0.288875
0.0395263
0.00788865
3.33227
0.215524
0.349435
0.0309052
0.0161675
0.115797
1.39435
0.0195797
0.0322523
0.033962
0.0574945
1.57952
0.225722
0.0341074
0.0311906
0.0138118
0.0754844
0.935791
0.0543489
0.0302472
0.0774356
0.00823687
0.242405
0.39023
0.0171507
0.251311
0.975441
0.243924
0.25444
0.155557
0.366814
1.66053
0.014847
0.0329615
0.0387555
0.00699517
0.279203
3.1747
0.0396843
0.0527423
4.99703
0.581905
0.036452
0.526741
0.423012
0.0160555
4.02521
0.0333465
0.0379049
0.00649729
0.140936
0.152637
0.198929
0.0320965
0.0362183
0.081068
0.0672118
0.0340398
0.169104
0.904056
0.977116
0.126267
0.250162
0.0340661
0.0167105
0.0139523
0.138445
0.128539
0.0566965
3.15135
0.0149032
0.11603
0.0294615
0.0335809
0.0364799
0.029961
1.48756
0.21325
0.0350043
0.674239
0.0154414
0.448641
0.296757
0.00322534
0.00267738
3.68506
0.00818938
0.00662778
0.0316833
0.0733805
0.0344218
0.00786714
0.801074
0.157335
0.0253634
0.037175
0.0300463
0.483169
0.34136
0.0777813
0.00840835
0.00846508
0.0147977
0.0469342
0.0347499
0.0363036
0.162609
0.289248
3.85586
0.547995
0.0351132
0.177521
0.169314
0.138829
0.307358
0.297643
0.261121
0.0346104
0.0363349
0.345465
0.0294164
0.165429
0.0334602
0.0331369
0.0554171
0.42795
0.276318
0.13699
0.187516
0.318936
0.0334946
0.193869
0.0404139
0.0363523
0.149998
0.191866
0.293587
0.465374
0.0342572
0.206326
0.414684
0.276943
0.3247
0.232615
0.263739
0.250737
0.225758
0.237152
0.339676
0.360853
0.387974
0.37472
0.40119
0.291395
0.206231
0.154375
)
;

boundaryField
{
    back
    {
        type            empty;
    }
    front
    {
        type            empty;
    }
    outlet
    {
        type            zeroGradient;
    }
    circle
    {
        type            fixedValue;
        value           uniform 1e-12;
    }
    walls
    {
        type            fixedValue;
        value           uniform 1e-12;
    }
    inlet
    {
        type            fixedValue;
        value           uniform 1e-12;
    }
}


// ************************************************************************* //
