/*--------------------------------*- C++ -*----------------------------------*\
  =========                 |
  \\      /  F ield         | OpenFOAM: The Open Source CFD Toolbox
   \\    /   O peration     | Website:  https://openfoam.org
    \\  /    A nd           | Version:  10
     \\/     M anipulation  |
\*---------------------------------------------------------------------------*/
FoamFile
{
    format      ascii;
    class       volScalarField;
    location    "550";
    object      p;
}
// * * * * * * * * * * * * * * * * * * * * * * * * * * * * * * * * * * * * * //

dimensions      [0 2 -2 0 0 0 0];

internalField   nonuniform List<scalar> 
10435
(
0.118629
0.683646
-18.4623
-2.17993
-5.6023
-8.31987
-20.6832
-25.7266
-29.0195
-11.809
-0.409577
-8.69937
-19.9088
-1.26789
-1.23795
-22.1048
-1.34792
-10.9033
-31.5012
0.335107
-22.9985
-1.744
-20.0494
-15.6471
-14.7442
-1.97074
-3.01427
-19.1351
-2.31977
-16.2772
-12.501
-0.769801
-27.1817
-1.45802
-23.4104
0.325792
-22.5985
-4.56882
-1.99119
-25.1906
-7.34569
-20.8567
-0.848447
-0.504755
-19.9741
-22.8632
-7.80022
-1.72607
-34.0201
-4.10985
-24.4224
-14.7935
-3.10756
-2.53444
-0.659893
-2.23144
-23.3162
-2.48399
-1.54082
-18.9859
-2.41703
0.725894
-2.0008
-5.83771
-20.3071
-18.3941
-1.60262
-2.01563
-23.8977
-11.879
-1.54329
-2.86756
-0.275588
-20.5543
-1.27264
-0.471862
-3.89696
-19.9964
-27.7147
-1.18057
-6.09856
-0.455699
-2.58959
-1.86581
-7.55471
-0.194972
0.0154455
-0.245584
-0.574626
0.257556
-0.977591
-1.78514
-0.449504
-0.654134
0.432399
0.0199904
-3.40998
-0.893826
-1.07286
-4.51659
-1.65392
-5.24971
-0.308557
0.233031
-5.48836
-1.24914
-0.633364
-4.77652
-7.65747
-1.0157
-2.78617
-3.88635
-0.631082
-0.984295
0.305429
-0.8883
-5.64403
0.0979297
-0.165891
-6.03123
-4.5939
-0.330281
0.354082
-0.293985
-1.6488
-2.13
-4.87881
-0.36251
-5.45877
-2.74105
-0.20944
-0.746967
-24.0658
-1.20016
-2.21303
-0.179736
0.0895692
-2.84601
0.317978
-0.315892
0.0967782
-22.3844
-1.2949
-8.36605
-2.26408
-0.897073
0.0046666
-9.71922
-1.18742
-10.3191
-1.58398
-17.9746
0.119718
-15.9536
-9.18844
-1.4241
-2.52261
0.497303
-11.0214
0.0271221
-17.799
-1.20427
-1.0305
-5.56905
-1.04025
-9.13651
-28.7406
-5.48203
-16.1674
-15.0925
-13.016
-0.943119
-3.78525
-0.899903
-10.8063
0.414472
0.561288
-1.59397
-1.84685
-1.53606
0.264118
-7.11211
-13.4406
-2.48095
-16.0632
-0.687003
-1.2622
-21.4914
-10.1504
-10.7457
-10.014
-2.04179
-0.993421
0.284475
-3.45171
-22.3579
-0.921731
-0.475734
-1.50525
-22.4818
-0.375881
-0.716808
-20.15
-1.72869
-17.7844
-3.50516
-0.99685
-4.35763
-2.31586
-3.56254
-0.908592
-21.6329
-7.74424
-8.0103
-1.78612
-1.15193
-0.98303
-0.936625
-7.57213
-1.24204
-1.55493
-1.93607
-1.32123
-0.537241
-2.01044
-24.4118
-7.23286
-0.653367
-17.2635
-0.671364
-1.59114
-25.1144
-6.93572
-15.5032
-2.67654
-1.24484
-16.0698
-3.75677
-15.548
-14.9352
-0.0233558
-1.68887
-1.02604
-2.24771
-5.47411
-28.4298
-0.190472
-22.2139
-7.64616
0.455333
-7.56602
-0.881756
-12.7568
-4.93919
-20.7933
-3.26977
-10.295
-19.9446
-1.82049
-1.94009
-19.1706
-14.994
-3.22739
-14.3321
-0.439733
-1.07874
0.239734
-17.8043
-1.48422
-5.41529
-19.2674
-23.4778
-20.4974
-18.4037
-8.69957
-6.30285
-0.822209
-5.00347
-22.2739
-25.0045
-13.4242
-1.4289
-19.3294
-1.31064
-0.461692
-1.28943
-7.87976
-7.27985
-1.64822
-2.11533
-0.196482
-0.432399
-2.44133
-22.3502
-7.23718
-8.95219
-0.986742
-0.0760226
-3.13779
-17.1272
-1.68085
-10.3346
-19.2586
-11.3051
-2.24555
-1.12742
-0.922283
-13.3764
-16.9138
-1.58957
-1.2427
-2.57205
0.37763
-10.5927
-32.2282
-10.2025
-0.804278
-11.7886
-1.73052
-6.17813
-6.33471
-3.75193
-0.112645
-1.50556
-26.7646
-16.8636
-10.2902
-19.1997
-1.45422
-2.70832
-23.7869
-2.00972
-1.56023
-19.5498
-13.8761
-2.32697
-1.7209
-3.27357
-0.875784
-2.93167
-11.3258
-1.43507
-2.01509
-7.88288
-13.2246
-2.80691
-2.11774
0.209085
-1.18662
-29.6214
-1.20943
-18.1635
-7.16587
-19.4712
-28.6547
-34.2715
-22.348
-19.1777
-2.34274
-1.46921
-3.91925
-1.65286
-1.8993
-2.14057
-3.86324
-11.4325
-2.69516
-10.521
-1.3111
-31.7334
-2.13644
-11.9567
-22.2378
-36.609
-0.942993
-9.03328
-4.09927
-3.87876
-1.50104
-1.86832
-10.9734
-5.38193
-26.3995
-1.7868
-23.5261
-30.9243
-20.1763
-20.7807
-32.9154
-19.0217
-24.4142
-0.32163
-1.39366
-1.97247
-0.576598
-18.9816
-1.74036
-24.5377
-11.4565
-2.35232
-15.9455
-1.04847
-2.32945
-19.8458
-5.14766
-24.9088
-10.2855
-0.867293
-1.68084
-8.02491
-39.0306
-8.9722
-1.40116
-2.91179
-1.89598
-1.44626
-1.72723
-18.5569
-5.97885
-3.40395
-2.3738
-0.729754
-30.0221
-0.793705
-0.775668
-38.9599
-1.03924
244.618
70.3093
111.7
75.8662
72.4707
55.3179
46.7667
37.6754
24.0224
218.726
66.5077
95.5755
68.1639
64.2685
50.8898
44.4069
37.324
30.3572
185.378
57.5218
79.6259
59.2327
56.4362
46.9418
41.3089
35.1783
28.7806
152.285
43.1603
62.3328
49.0728
47.2893
40.8091
36.5509
31.8547
26.6643
119.182
27.9723
45.0811
38.0368
37.4082
33.5275
30.7473
27.6651
23.6181
85.3864
16.1995
29.2243
27.2452
27.4531
25.6075
24.0544
22.1581
19.6948
52.2287
11.3259
16.0692
17.647
18.1885
17.8289
17.2535
16.383
15.2027
22.3682
9.56162
5.57361
9.58553
10.1614
10.8126
10.9396
10.8774
9.20134
-2.67117
5.41214
-3.01314
3.05516
3.72337
5.04177
5.64457
5.99032
5.94085
-21.6863
-0.259167
-9.19327
-1.69918
-0.887732
0.804835
1.71322
2.39919
2.73642
-35.8427
-5.31542
-12.6073
-4.54989
-3.67154
-1.90532
-0.899863
-0.109221
0.769945
-42.9843
-5.88994
-12.7762
-5.51954
-4.8458
-3.3077
-2.42205
-1.78328
-0.164211
-40.0205
-2.12143
-9.94068
-5.00605
-4.8306
-3.72099
-3.03902
-2.39547
-1.64843
-33.7838
1.78455
-6.55791
-3.99094
-4.27164
-3.59355
-3.10049
-2.49227
-2.15335
-28.4073
3.66842
-3.97261
-3.12862
-3.64594
-3.29048
-2.93785
-2.4465
-2.00068
-22.3448
3.77383
-2.40728
-2.64593
-3.17753
-2.99946
-2.71965
-2.32055
-1.79938
-17.5239
2.05878
-1.93385
-2.57869
-2.92497
-2.78422
-2.51284
-2.17354
-1.43767
-15.1201
-1.21213
-2.51831
-2.82928
-2.83963
-2.62793
-2.32055
-1.97261
-1.35128
-13.0327
-4.00213
-3.15443
-3.05052
-2.77195
-2.48268
-2.15765
-1.81586
-1.39568
-10.4913
-5.06021
-3.37157
-3.04844
-2.61838
-2.28065
-1.94405
-1.59567
-1.17422
-8.60764
-4.95203
-3.27679
-2.84896
-2.38784
-2.04674
-1.73388
-1.40655
-1.12558
-7.69624
-4.22343
-3.03193
-2.53931
-2.12057
-1.80177
-1.52133
-1.20765
-1.1985
-7.6761
-3.00939
-2.69131
-2.16445
-1.82574
-1.55306
-1.31737
-1.05155
-1.12071
-7.92725
-1.60803
-2.54974
-2.04379
-1.75184
-1.48603
-1.22072
-0.931168
-1.05333
-7.17469
0.231726
-1.35382
-1.03952
-0.942006
-0.958342
-0.866064
-0.670509
-1.90449
7.33048
6.93793
6.69811
6.79629
7.04499
7.43878
7.99167
8.72582
9.65406
10.7815
12.1028
13.6015
15.362
17.4964
19.8943
22.3842
24.9015
27.3635
29.6761
31.7627
33.5832
35.2435
37.0081
38.212
38.2496
38.2912
39.3622
41.0779
42.6829
44.3098
46.415
48.4883
49.9642
51.0782
52.1489
53.1884
54.2283
55.4048
56.8146
58.7149
61.2477
64.4194
68.3378
73.2618
79.4635
87.1184
96.509
107.642
120.171
133.904
148.608
163.723
178.853
193.677
207.693
220.591
231.518
240.509
249.28
1.26445
0.505507
-0.143557
-0.707875
-1.26628
-1.82594
-2.39415
-2.98107
-3.59817
-4.25427
-4.9508
-5.58278
-6.02107
-6.28629
-6.50219
-6.74648
-6.9041
-6.84318
-6.55424
-6.02577
-5.23357
-4.14986
-2.73585
-1.01741
0.595771
1.62871
1.98023
1.45521
0.410584
-0.549448
-1.26048
-1.76457
-2.15715
-2.48169
-2.72357
-2.88641
-2.95016
-2.87739
-2.62535
-2.14104
-1.34759
-0.363985
0.61394
1.54414
2.46968
3.45293
4.52422
5.76367
7.45689
9.82786
12.9428
16.7483
20.8002
24.5196
27.9621
31.8823
37.2749
44.2329
53.2439
3.2176
3.03681
2.84118
2.75662
2.7477
2.81056
2.94264
3.14067
3.40136
3.72218
4.10255
4.54737
5.05133
5.60408
6.199
6.84977
7.58301
8.397
9.28355
10.2338
11.2387
12.2835
13.3445
14.3587
15.1982
15.8751
16.4221
16.819
17.0334
17.2018
17.3935
17.6202
17.8646
18.1474
18.4971
18.939
19.5034
20.2263
21.1476
22.3088
23.7605
25.5357
27.6868
30.2805
33.4094
37.1574
41.5895
46.8313
53.0952
60.3267
68.2976
76.7317
85.3755
93.6818
101.186
107.94
113.954
119.593
123.042
0.885002
0.505302
0.164703
-0.0966308
-0.306832
-0.468641
-0.585418
-0.660443
-0.696642
-0.695287
-0.655102
-0.57148
-0.437892
-0.254103
-0.0217785
0.256257
0.588116
0.980318
1.43764
1.96002
2.54353
3.17598
3.83712
4.49272
5.09028
5.58424
5.9443
6.15541
6.22867
6.20378
6.11213
5.9724
5.79731
5.59932
5.39189
5.18872
5.0062
4.86228
4.78206
4.79133
4.92612
5.22213
5.73374
6.52503
7.68538
9.30357
11.4762
14.2795
17.7877
22.0148
26.9051
32.3397
38.1871
44.2178
50.2073
55.9804
61.3373
66.6195
71.9619
1.88675
1.72991
1.56909
1.48642
1.45736
1.47884
1.54889
1.66471
1.82304
2.0204
2.25391
2.52086
2.8188
3.1462
3.50143
3.88374
4.29333
4.72911
5.19034
5.67359
6.17359
6.68136
7.18446
7.66708
8.10889
8.49588
8.81721
9.06858
9.25126
9.37667
9.45891
9.50855
9.54027
9.56998
9.61249
9.68927
9.82015
10.0248
10.3356
10.7818
11.4011
12.2347
13.3353
14.7593
16.575
18.8438
21.629
24.9719
28.8915
33.3603
38.3078
43.6021
49.0836
54.5659
59.8582
64.765
69.1786
73.3553
76.4309
1.06681
0.867936
0.693892
0.577149
0.500727
0.463536
0.464604
0.502195
0.574818
0.680732
0.81967
0.990712
1.19385
1.42877
1.69505
1.99195
2.31893
2.67219
3.05279
3.45657
3.87867
4.30862
4.73469
5.14556
5.51871
5.8462
6.11038
6.30875
6.43584
6.49254
6.4868
6.41507
6.29291
6.13413
5.93886
5.73469
5.52859
5.31959
5.15313
5.0467
5.03241
5.1463
5.43306
5.94441
6.74523
7.88122
9.42428
11.4157
13.9006
16.8962
20.3902
24.3186
28.5853
33.0522
37.5812
42.0105
46.2046
50.2902
53.8928
1.39339
1.29472
1.20808
1.16863
1.16296
1.18967
1.24688
1.33365
1.44784
1.58656
1.74943
1.93475
2.14294
2.37268
2.62285
2.89385
3.18834
3.49376
3.81984
4.15872
4.51248
4.86732
5.21573
5.56114
5.86394
6.1438
6.36692
6.5481
6.67376
6.73878
6.76325
6.71038
6.61444
6.50066
6.3313
6.18241
6.04425
5.87087
5.78145
5.7522
5.815
5.99977
6.335
6.86237
7.65213
8.68557
10.0677
11.7901
13.9104
16.4423
19.3722
22.6493
26.1801
29.8549
33.5354
37.0631
40.3123
43.3324
45.794
1.27068
1.16836
1.08908
1.04818
1.0307
1.04301
1.0748
1.13991
1.22534
1.31536
1.44446
1.58924
1.7617
1.96295
2.18176
2.43566
2.71477
2.95253
3.24333
3.56022
3.91497
4.25958
4.5866
4.9518
5.20879
5.48463
5.6633
5.83026
5.93989
5.98914
6.01879
5.88156
5.70025
5.53534
5.17867
4.94594
4.74416
4.17146
3.75725
3.36141
3.01612
2.73931
2.54912
2.49126
2.85418
3.15914
3.9601
4.82145
5.88773
7.43569
9.56726
12.2487
15.1157
18.2313
21.588
24.9815
28.1341
31.2498
34.0892
1.41407
1.40577
1.39266
1.41529
1.44769
1.50657
1.57316
1.64051
1.7449
1.90742
1.98
2.13256
2.32125
2.47679
2.70968
2.83172
3.11103
3.38054
3.643
3.87437
4.17731
4.43658
4.71262
5.0503
5.23461
5.50426
5.61724
5.75718
5.91097
5.7357
5.90715
5.67577
5.36311
5.18508
4.69601
4.42417
3.87117
3.17265
3.01816
2.59583
2.26901
2.14263
1.92484
1.99147
2.28441
2.51641
3.1
3.61369
5.26992
7.01437
8.92844
11.086
13.5748
16.9288
20.0435
22.9102
25.682
26.3961
27.1118
-9.04505
-8.8491
-8.18897
-7.31982
-6.48021
-5.8331
-5.29682
-4.61697
-3.86796
-3.33484
-2.86364
-2.22361
-1.62535
-1.07445
-0.34467
0.431795
1.0457
1.57686
2.16117
2.81055
3.48115
4.11565
4.70977
5.60646
6.67756
-0.524269
-0.539304
-0.890681
-1.02035
-0.821644
-0.503746
-0.121888
0.428664
0.935479
1.05189
0.788092
0.347599
-0.104566
-0.385832
-0.279309
0.174213
0.702753
1.14919
1.44189
1.51803
1.41664
1.37616
1.58476
2.11558
2.4388
-2.13728
-2.13905
-2.00565
-1.78972
-1.45404
-1.08476
-0.714356
-0.338063
-0.0334807
0.067567
0.00245237
-0.13477
-0.271441
-0.327065
-0.206913
0.0619739
0.384823
0.707286
1.00365
1.25841
1.48025
1.72294
2.02659
2.41376
3.00206
-1.48125
-1.49081
-1.34269
-1.18499
-0.972722
-0.738447
-0.49799
-0.264367
-0.0719416
0.0369736
0.0717304
0.0699017
0.0715831
0.115519
0.233496
0.414187
0.618315
0.812804
0.976169
1.0986
1.18455
1.25109
1.30459
1.31282
1.3818
-1.41008
-1.39516
-1.23872
-1.08446
-0.895816
-0.699705
-0.503619
-0.321582
-0.168968
-0.0605778
0.00861248
0.0597144
0.116123
0.196299
0.314465
0.463914
0.62555
0.781573
0.92086
1.03966
1.14382
1.24535
1.36108
1.48694
1.76256
-1.29445
-1.23542
-1.07353
-0.935934
-0.772719
-0.612266
-0.450565
-0.302493
-0.173018
-0.0652792
0.0202721
0.0980398
0.183416
0.281628
0.400058
0.532201
0.666096
0.79012
0.89622
0.98145
1.04872
1.09935
1.14175
1.1568
1.25078
-1.11372
-1.14944
-0.969173
-0.850123
-0.701139
-0.565158
-0.422184
-0.29405
-0.178033
-0.0698183
0.0208043
0.108982
0.209427
0.315773
0.435913
0.562323
0.686388
0.800876
0.900582
0.98386
1.05343
1.11159
1.17433
1.22795
1.37118
-0.922669
-1.07459
-0.878573
-0.783701
-0.638564
-0.517683
-0.378821
-0.264986
-0.164818
-0.0569696
0.0292588
0.11753
0.23385
0.347691
0.470532
0.596412
0.717036
0.82727
0.922976
1.00328
1.07474
1.1347
1.1987
1.251
1.34923
-1.01995
-1.0856
-0.791497
-0.719103
-0.59255
-0.51957
-0.401191
-0.305071
-0.169407
-0.0588635
0.0418748
0.119457
0.216495
0.319002
0.456628
0.580335
0.70182
0.816364
0.941542
1.03031
1.10651
1.19004
1.24661
1.26326
1.31607
-22.0066
-21.9049
9.1572
7.49718
0.825809
0.586418
-1.13463
1.50229
9.07122
7.93982
-2.4258
1.33913
-64.2467
-0.793127
-3.07241
1.98589
7.8198
7.14658
-0.492955
-12.302
-25.973
3.06652
3.79699
3.22907
1.26264
2.10987
1.21794
-0.657975
-12.4611
6.13769
16.6064
2.44456
0.974244
-24.3469
5.88156
1.24675
2.20543
-2.17536
-0.222408
4.32364
-4.79766
2.70346
2.54811
-0.817454
0.540512
2.04079
-4.16269
-2.9704
-3.66694
-2.71613
-3.9554
-5.15732
-40.6103
6.94892
-1.14278
9.06809
-0.77395
-37.6685
-0.289268
-2.3671
1.40283
9.22977
0.799946
2.31609
1.42684
-0.863745
0.522706
2.88411
-53.3764
-3.09902
8.96785
3.27097
0.778891
-12.0278
0.484339
-30.1016
-11.8419
-4.60513
-0.33779
6.7434
-23.9867
1.30105
1.86505
-1.13397
1.10103
1.42749
0.861471
-4.67627
0.158329
0.409352
1.88174
-2.53645
1.59083
1.44447
0.673486
-2.02333
2.0983
-3.42003
2.67499
-2.48334
-0.204387
-4.87953
-0.273346
2.38897
-0.130242
0.0158807
3.90941
-25.275
1.99126
6.7566
2.59362
1.73885
5.78097
2.03393
-42.6529
-3.62665
-5.03155
5.28587
-49.5468
1.94179
2.21734
1.63352
3.49447
1.42268
1.36449
2.52639
-5.32454
-12.7096
-0.683732
-3.28024
1.87945
-12.1065
-3.26746
-3.81833
-0.767545
0.808679
0.681637
-0.0857637
1.55327
-12.0679
0.713809
-1.6045
-2.90564
2.24856
-3.01512
1.82066
7.3879
-15.7724
1.49353
5.7063
-1.63372
-1.07603
7.24293
-8.13746
1.09473
-2.49859
0.348202
4.31673
-10.0742
3.66191
2.54668
9.00972
1.81179
-3.34842
2.14009
-1.01523
-0.828493
0.891243
2.80711
0.241738
-0.734214
2.49669
2.72956
-1.38348
-1.3574
-0.455695
-14.5873
-2.80839
-3.93397
3.11458
-9.28421
2.66283
-40.1463
-6.24663
-0.423035
2.97008
-1.53627
1.9399
-2.3606
1.60855
-2.74944
-2.99065
3.1888
-0.360348
-4.63096
-1.52248
0.517266
2.97674
-3.23511
-40.9628
-57.9842
2.99211
1.47057
1.49342
-1.41053
3.97991
3.21061
-0.254155
-3.5053
4.23869
-0.150092
1.5269
-10.1697
-1.52645
-1.38349
-2.59742
0.340872
3.17576
5.63148
-0.379043
-0.465777
2.72548
1.22558
9.20896
4.95152
-5.18691
1.66337
7.79441
1.98528
0.736012
-2.12014
1.33394
2.56968
2.00557
-1.41688
5.80069
-11.1465
-0.628882
-8.95672
-8.30284
16.6953
1.36896
2.43846
-0.652744
0.708922
1.12543
2.44144
-0.148674
1.92308
2.65217
2.00811
-0.463579
4.56964
-3.45727
2.30245
0.49397
5.77637
-11.7002
-10.2523
7.24062
1.98155
-0.772191
1.58928
0.942519
-12.0973
1.55296
3.66016
7.73756
-1.99167
0.938079
-21.0676
3.67285
2.6031
3.16832
-1.15228
7.76901
1.91752
9.01812
-0.820391
-4.53055
-0.762985
-1.49178
3.38518
1.26987
-3.85925
1.59515
-0.131929
5.27028
-1.63928
-2.69861
-2.77392
2.01792
2.55956
-2.88093
-22.4953
-2.45611
3.77468
-0.385728
3.6416
-3.85581
-3.96317
2.48005
4.1009
1.48037
5.48485
2.68019
-26.5033
2.56421
-12.1757
1.4152
2.63656
-0.686894
-2.01613
-0.79845
2.59486
1.66926
-4.31905
4.20512
1.3377
-12.2302
-10.9616
2.01628
4.10023
16.3637
1.10621
1.5775
-5.00027
-29.506
1.44724
-35.6905
1.94528
-5.29631
-0.478091
7.03453
-5.14363
1.38233
1.52352
1.86231
1.85035
2.45129
1.53988
1.22389
-3.54863
-4.16998
-12.1101
0.308975
0.189999
2.6689
0.827595
-2.85632
2.32612
1.87475
2.38285
-11.3054
-2.69306
4.8447
-7.69993
-1.05187
2.35822
-1.32211
-3.53699
4.21548
3.0238
-5.25743
2.75223
0.673072
2.46497
-4.70797
1.49844
-2.03728
1.01371
-9.06686
-8.79447
8.05461
-53.6663
1.80893
1.77925
1.9349
3.70402
6.55303
4.17919
1.86259
2.12526
-1.0829
-0.819306
-16.6567
2.16052
-12.2873
-1.68235
-2.48999
-1.33002
3.89225
-0.282883
6.44568
-7.04474
7.67951
2.46739
2.53072
4.13817
-6.89474
1.36618
2.71118
1.07245
-2.32947
1.10093
2.99152
-0.676422
-0.169566
-0.802571
6.50575
7.28998
1.41917
-3.77052
1.44397
2.12995
4.28775
-3.7703
-2.59145
4.01145
-0.352975
2.07956
3.47701
0.710418
-0.371049
3.17641
-4.36451
1.87724
4.00369
4.36649
2.47022
1.35485
0.447201
-1.57514
-0.251483
-1.08071
2.58959
1.96693
2.54051
2.64311
4.02956
3.51921
-9.13249
-2.07482
-1.26061
-54.8176
9.20234
-0.605781
8.53087
-0.261916
-0.351083
8.12189
2.53835
1.72955
-4.00931
-0.213358
-2.95435
-0.938421
1.5611
1.90901
-12.9816
1.81055
-1.47004
6.83396
-10.5592
-4.40217
1.01894
0.0564809
9.26512
3.34815
-0.0508494
-1.18815
0.860725
4.7633
4.14949
1.49894
-36.7466
-1.43838
0.510742
-16.226
-16.0195
-1.51085
0.0371487
2.86177
1.24193
-1.97537
0.92756
1.22279
3.94489
2.45659
2.51896
-9.53649
2.04578
1.69843
6.62063
1.42934
-0.0886743
-5.87354
1.42114
2.67216
-2.59788
2.53273
-2.085
1.54188
-0.668363
-16.855
-20.6165
1.64179
1.64511
-0.877462
2.24636
2.72034
-11.8291
-0.347255
-1.24638
2.97251
-4.70586
5.25578
-3.69661
1.74643
-1.63134
-1.82876
-3.05811
-12.2774
8.71092
-24.3803
4.01762
-4.3841
-2.60643
3.53811
3.50935
-0.324396
1.66653
8.12999
8.71556
1.88047
-1.37514
2.16969
-3.85753
-3.45693
1.9833
-15.1572
6.91727
2.38567
3.23076
2.39341
9.22579
1.79064
-0.495709
1.41939
8.93609
-0.717022
-0.887494
-0.744902
-3.45048
-3.6599
-4.23427
1.14786
-0.173969
-51.5746
-3.65679
-1.43386
-7.17811
2.04095
-43.3546
5.91017
6.94309
-1.51773
-0.365025
2.53424
1.52699
-2.16839
4.84043
-1.56729
0.00385136
0.567536
6.28941
-3.04598
-3.67119
-0.478736
1.68973
-11.6726
-49.3529
2.74828
-1.048
1.70904
3.08316
2.88844
0.588066
-2.48249
4.10912
0.497316
1.04865
2.5234
-11.4855
0.901044
-0.404173
-32.6294
-3.86456
0.880861
2.64787
-3.52328
-0.665325
2.77876
4.24799
-12.6526
2.36357
1.53814
5.95894
5.27827
2.52731
2.64872
1.89532
1.22458
2.79199
-0.195984
-31.6787
3.67089
0.262387
9.2485
2.81634
1.04704
1.79204
-2.53988
-1.19187
0.699738
-2.50425
-1.51845
-0.641227
3.74833
0.326962
0.704227
0.73448
2.90403
1.90657
1.96231
-24.0252
1.23706
1.39488
-1.06691
-12.0112
-1.69587
-0.762335
-0.879429
2.81779
0.767605
3.01779
1.95641
-1.14076
-2.689
-10.1785
-11.2857
3.08411
5.97724
2.34715
4.12296
6.37149
-3.08674
23.8076
-19.3268
2.67966
-3.81413
6.3289
-3.41545
2.2864
0.841729
1.64167
2.26003
8.51003
-0.755554
-45.5123
0.640729
0.492736
1.19774
-3.74262
2.81549
1.97801
-3.304
1.25693
1.20758
6.15872
2.64028
-32.3767
4.08403
1.87306
3.58404
-0.761122
2.04721
-2.94126
3.0767
2.3094
-0.587248
3.98109
-0.277524
1.77671
0.394583
2.63438
2.14046
-0.703048
1.83381
2.66127
-0.258344
3.10257
2.27504
3.19906
3.97945
-2.12189
-8.6919
-1.49906
-3.65971
-1.26124
2.89159
5.70589
2.39448
0.430091
0.98916
2.99023
1.81721
-1.52771
1.83558
1.27121
-48.8076
-5.74536
9.60108
-0.521057
2.57683
-0.70167
1.2948
-1.41866
-19.8508
2.14444
-0.672019
-3.90226
-1.33601
-2.73811
-19.2253
-2.68901
-2.26254
8.0965
3.1799
1.79989
2.8156
3.67837
1.71501
-35.3486
-2.47964
-3.99958
-10.7837
-1.10143
3.61801
1.40812
1.46934
-1.27303
9.17088
1.39971
-1.319
-8.02109
-37.5829
-4.24587
2.99412
2.84623
-0.100652
2.86277
-6.21398
-1.38264
3.93737
-9.80235
0.342519
-14.5281
2.04069
3.03396
-0.48942
0.481906
-0.0730851
3.70591
2.47053
0.76194
1.5598
1.99718
2.55545
1.629
1.80272
4.28757
-4.07095
-1.04321
2.85516
1.80177
2.40003
-11.9507
1.1396
2.0367
-0.229281
-17.7726
-1.48824
2.89151
0.760722
-3.42747
9.11468
-15.2348
1.66072
-15.9299
-33.3202
-8.75344
9.24834
-3.80905
-0.912841
-1.94597
3.14196
2.65353
1.34273
0.981616
-0.973681
9.14635
2.47245
1.12959
-2.89086
0.786494
9.18587
7.91379
3.46679
2.54713
8.95632
-2.9975
-4.26548
2.42949
3.60033
2.87881
-17.1388
-2.35531
2.60628
1.10824
-0.0807607
-13.0585
3.95357
0.499155
-2.13074
-0.84853
1.63795
9.07152
-0.600506
-18.8598
1.7722
-17.441
3.91875
1.58134
-31.6925
3.10045
-2.3596
2.36137
-0.413769
-20.011
-4.92575
3.02164
3.76966
1.46976
-4.49091
-11.9404
9.16411
1.9903
-44.3368
-2.34833
1.92742
0.130289
-0.219344
-2.32126
4.24288
-11.2632
2.08859
1.92764
-9.09902
1.76723
8.76589
8.43016
-16.8845
-3.7209
-2.30055
-2.14476
0.370413
3.60878
-3.23507
-1.35132
-1.05613
1.20783
-0.234272
-12.6953
1.596
-0.95522
-18.0636
9.19511
3.71403
3.38324
0.129855
-0.925676
1.70488
-12.5676
-2.47252
-13.9354
-3.37998
1.17088
-3.22386
4.93679
-23.1999
-23.5172
-1.74714
-1.18655
2.93589
-1.50157
-3.80689
3.50221
3.75305
-1.13996
8.01976
2.16581
-0.521959
-3.7503
2.3159
-0.00900978
-1.30452
-3.47953
-3.2461
-4.0218
-3.47902
4.42317
-0.699709
-1.51458
0.511429
-2.40907
-32.6875
2.9899
1.4733
1.56106
3.06665
-16.654
-0.209029
1.70576
-3.89875
-1.50091
-11.6587
-3.11692
1.19461
1.53747
8.64191
-3.89198
-0.747466
-17.8912
2.21304
2.33385
-2.1107
6.17084
-2.75161
-6.56191
6.88061
1.73339
3.46051
-1.73078
1.70223
2.9939
1.34348
6.41256
0.196433
-0.285792
-12.2962
-0.842864
-0.0156262
0.991569
3.44275
2.87333
-0.0972793
2.61252
-27.2908
2.86487
1.05365
-3.92501
-12.0764
8.5433
1.9186
1.71933
-1.4241
3.4253
-4.65837
0.604708
-0.193182
5.9991
1.77533
0.998981
-1.21092
0.772027
-3.56174
5.93827
3.88988
2.81405
-1.89716
-1.65016
-4.9124
1.31129
-14.4528
2.25673
2.5805
1.94866
-3.92616
-8.93421
2.97501
7.25715
3.95208
-3.12382
1.63717
-3.24235
0.921147
1.16413
3.01718
-0.481571
-1.64707
1.92753
-1.67585
-12.4118
3.36632
-4.16187
1.44357
2.79981
1.78654
-3.58708
2.2742
1.79251
-11.2806
-0.380439
-2.15357
3.09185
-4.19699
2.51574
4.6266
3.03733
-0.110493
1.50182
4.57374
-1.01957
3.45989
0.550223
-1.32521
-3.94257
1.93665
-1.26857
0.138162
2.84969
3.94854
3.71629
-3.07162
6.93766
-17.969
2.18349
-2.71859
6.14723
-0.405549
-13.124
1.80017
-2.48834
3.61103
-2.45706
1.49333
1.59123
-0.242838
-3.97267
3.13669
9.1773
2.75504
0.927773
6.31245
-0.14198
3.8698
0.098268
5.59298
17.8686
4.32937
-2.53882
2.51366
-0.838074
4.39113
2.54533
2.86392
6.99707
-29.8229
3.89825
-11.8664
-14.201
1.12268
2.86991
-3.20179
-3.25535
3.132
3.8429
3.33501
3.63762
6.38533
-0.310742
-4.13682
2.11806
1.45292
-42.8244
1.43794
-1.42908
-3.33809
2.69073
0.925328
2.87734
-0.500425
-13.0952
9.09756
-14.5907
-3.50862
-0.305578
12.8076
-4.75728
-4.89285
2.38725
3.25253
-10.8447
3.61695
-0.160305
-0.716192
-2.48554
4.0901
4.10355
3.71956
-0.785469
-2.31463
0.913355
3.81075
-4.11785
-3.91156
3.02754
2.64466
0.482549
3.30577
1.77792
-41.6372
1.36683
-10.933
1.46481
-0.69251
1.26092
-27.039
2.51959
-0.232518
5.68552
7.0356
-5.30944
-23.1726
8.12342
2.23833
-5.41247
-27.1835
1.77179
3.79387
1.71592
-0.20357
2.48181
1.35639
1.85333
8.20097
0.179082
-0.477713
-3.68155
-0.191169
1.12183
2.22942
-2.51108
3.07035
-1.5049
-2.99673
-0.0162313
2.63511
1.18408
2.76738
0.919295
-14.5981
9.16633
0.388072
1.60178
3.03272
-11.1209
-4.96302
2.05766
0.594775
0.230873
3.01886
1.06046
-0.64216
3.79937
-0.103265
-0.980019
-3.38383
1.72994
2.04128
8.63758
1.67724
0.552843
2.42478
8.39908
1.19615
3.64028
-48.2881
2.06709
8.98476
-3.87203
1.06095
-1.248
-0.944732
2.52823
1.46704
0.383291
-3.46321
2.3328
-42.3464
-0.0427801
-1.99236
-2.39732
-12.6478
-3.24786
4.1335
1.37297
-12.3413
-13.3435
0.30803
2.72464
4.01602
2.39489
-0.377168
2.10653
3.71568
3.37144
-1.81945
3.87585
0.507477
3.19264
-4.1128
-12.4901
8.37003
4.00459
9.24446
2.53693
1.54584
1.36214
3.53248
-0.300658
0.625652
-13.972
2.87971
-12.4236
-9.8875
-12.0896
-2.59899
-0.97673
-21.6608
-5.1691
-3.14043
3.00413
-3.75162
2.84851
8.99351
5.27838
-5.00391
-41.5845
-7.25328
-4.27199
-15.8793
-0.394192
2.4251
-1.44554
-3.55956
4.69913
-5.34622
2.98121
-12.1248
-0.857671
-3.85661
-1.52595
-0.150462
1.63254
-12.3872
1.68273
-1.19913
-11.9469
2.66308
-3.68679
2.10621
2.35997
-7.9945
-1.61806
0.732202
-38.1572
-3.97134
4.66182
-18.8579
4.77398
-2.60693
-0.511541
0.279962
-2.51799
-41.0211
3.16579
-2.86006
-6.28371
-25.6718
4.61967
-0.0118329
2.53945
-27.3306
-0.980917
-12.1373
2.37533
-3.31593
0.888554
-20.4827
-5.49959
-1.40933
3.36758
-27.7291
2.76995
2.24109
2.77994
-11.6267
-3.68071
1.4272
-2.60184
1.69368
1.59509
-3.43887
2.46735
1.5216
-45.3762
1.41018
2.69711
4.72943
1.67203
2.75973
3.21733
-1.27032
-3.73581
0.541802
3.72303
2.18509
-34.2512
-4.5911
1.41367
-0.827334
-0.231398
-3.80026
-0.882022
-0.853668
-50.1315
1.20133
-25.1854
-5.34822
1.31632
0.512677
3.63317
4.71749
1.16507
2.32995
0.166928
-0.651347
-3.75766
2.4395
-4.54617
1.25218
-3.69504
2.60654
-8.01377
-1.39591
-11.5863
-3.41433
0.100699
-1.19916
2.54547
2.59533
2.32818
-3.77744
-3.84668
-0.298427
2.4815
2.19549
2.9838
1.5276
2.12923
-1.07184
-3.37634
-12.6044
-4.83134
3.43809
1.13596
-29.9524
3.9111
-3.21466
2.85799
1.27839
-0.0780574
0.524289
1.44131
2.45086
1.4685
-1.41308
1.7728
-3.93358
-1.48314
0.819412
-15.507
8.90262
1.59634
5.8945
-2.58255
-2.90083
2.27942
-12.8346
1.82998
3.15236
3.22699
1.16686
13.4174
0.730059
5.25041
0.536833
-0.427533
-11.9943
1.67916
-3.38313
-2.24149
1.29126
-0.554904
3.8091
-0.237824
-16.908
0.328894
-3.48674
-0.713313
1.56617
-0.26662
4.03366
-0.92072
3.8458
2.40076
1.29968
1.1086
0.974892
-21.5604
1.69338
7.48245
1.66299
2.42753
3.2138
-0.276719
1.91198
8.48836
-3.40753
1.86134
-3.8937
5.25099
-12.3749
3.16379
3.70113
1.35624
1.06478
-3.84818
2.29362
2.39882
8.55048
0.272668
6.25752
4.62407
4.75369
3.04397
-2.0096
1.68597
1.96445
-3.62771
1.51373
2.94849
2.18271
4.00277
1.87332
-3.96855
-2.77575
3.91401
9.02636
3.18918
2.85421
-2.09367
3.51109
-4.10759
2.59117
-35.2496
-0.0371534
3.49112
0.900477
-0.569667
7.5591
0.118481
1.98955
-3.90151
-1.01921
2.05639
-31.3863
2.35253
-1.45795
-4.73419
11.0079
-20.92
1.49038
2.05412
3.78763
1.42454
8.33997
-3.93671
2.55104
5.16351
-4.7077
2.72622
3.43573
4.22705
-0.949402
-3.87003
1.15506
0.91004
4.69629
2.15522
0.832656
2.14934
-0.305144
3.0097
7.19872
-33.1927
1.09487
-33.7398
0.266496
-14.9205
-4.43478
-11.3062
-3.76968
4.38207
2.78688
-30.0797
2.69485
2.47272
-3.62316
1.95274
9.17211
-3.72468
-46.7794
2.52536
-2.32852
0.676396
-4.21959
0.352788
3.90768
8.65451
-0.542074
-15.4171
2.56537
3.73265
-0.534117
1.15758
-4.21865
-0.374212
1.03831
-6.15189
-0.581971
-3.6184
-0.16615
-3.03845
2.55294
4.59921
1.24961
0.347814
-29.7808
-2.61937
-16.7169
0.685157
-2.07359
-12.0846
4.64941
-12.0512
-1.42558
3.01952
-17.7254
-3.83195
3.99243
-0.232074
0.524489
-4.63363
1.36522
3.29027
-12.6519
-18.5863
-0.714822
-4.18395
-14.4473
0.786862
-0.40794
-1.10631
-0.113379
-17.4456
-0.169129
1.82334
1.46371
6.57581
1.01111
-0.972428
-3.81452
1.12074
-1.53998
8.31323
1.43765
-3.51482
2.66017
-17.2136
3.03528
1.60568
1.75888
5.45712
1.89272
0.910225
4.03037
0.151444
4.09693
-2.80918
-17.2161
1.52116
-16.7232
1.11257
1.46751
2.4171
2.43392
2.00508
-4.23806
3.29889
-2.48932
-3.46487
-2.23219
-11.7643
4.50916
2.75995
-0.913341
2.5502
0.854751
2.44827
1.40853
1.03749
-2.5837
3.73005
3.96346
1.23446
-0.199959
-0.562566
-2.09356
-1.85117
-1.17478
1.79536
1.68585
1.51988
7.16644
0.0143387
1.18946
1.87555
-0.276784
1.67847
10.892
3.09735
3.23448
-1.21899
-3.80849
-27.1898
-0.244722
4.45284
-1.05062
-3.00738
-3.78822
0.646549
1.66092
-1.00057
2.88762
1.25396
-0.278576
-3.76999
-1.59304
1.36185
2.23056
2.34303
-0.15251
-3.63544
0.653225
2.69509
1.49911
-0.0336608
-3.83542
2.73229
-8.1872
4.29224
0.0184018
0.180154
2.8091
-4.0297
-1.62664
2.46984
-5.36972
-16.3258
-0.994146
3.22345
2.23212
-12.1622
-2.83111
-4.55649
1.69738
-12.4054
2.64816
1.92995
6.7459
-3.82505
1.33109
1.74364
-1.07436
-2.74472
5.73901
0.823093
-3.90187
1.40955
4.56273
2.25683
3.77851
7.62351
3.43275
2.5587
4.13562
-4.23123
3.74097
1.05729
0.698863
-1.21851
-1.25619
0.314207
-29.4412
-1.27818
-1.64232
3.28322
1.93501
4.3441
3.86268
2.53159
1.43367
-18.7745
4.31026
0.531901
4.54227
5.16481
2.16227
0.185569
4.05562
-0.525194
1.28002
-15.3273
2.42598
1.89402
2.70364
2.7597
1.74938
-4.49599
3.06044
0.618441
3.93035
5.04981
-12.2826
1.55645
2.75948
4.53326
-3.79431
1.14995
-3.91829
3.50469
-14.2198
2.99838
-2.06376
3.56109
-2.55082
1.72441
-4.27175
-0.677254
-7.72858
-2.24816
-3.19724
-0.988551
-4.99873
1.7309
0.498473
1.68049
-4.18888
3.96246
0.189785
-14.2167
-3.1734
-2.25261
3.65141
-4.43781
0.228195
2.44685
1.32748
-1.57368
4.20966
-3.76953
2.39466
0.684738
4.55005
3.40581
3.33609
-0.258916
2.76106
1.5205
-3.82388
-1.50711
0.654548
0.627324
-3.49677
2.10441
2.45605
-4.96222
3.58974
8.67397
-1.03373
2.57974
-0.266732
-12.4454
1.85043
3.18947
3.18252
1.27589
3.67881
1.43098
-3.56146
0.90469
-11.6206
-0.741751
-0.337408
-3.98548
-0.719815
-0.841136
3.78954
0.768011
2.17246
0.942433
-53.9365
-26.2818
2.80871
2.559
1.825
-11.5027
0.0419447
-1.0462
1.00716
-0.337199
0.477138
1.75124
-2.3973
-0.146632
-24.0727
-14.3286
2.91818
-8.4748
0.960044
-15.9291
-1.51786
1.37391
2.50159
0.275817
2.55978
2.18285
-10.7176
8.25892
4.86686
-3.8359
-13.5969
2.60581
0.975886
-0.338156
1.1046
-1.37719
-5.53345
1.73235
-2.90981
-14.6893
-1.93528
4.08502
0.968677
1.64913
6.25413
-2.31553
3.28981
-3.93816
3.73863
4.22278
-0.243649
-3.34553
-14.1037
1.56564
3.70994
4.70136
3.12224
2.45552
-1.60797
-14.031
2.50165
1.53734
-3.85054
3.44916
-14.254
0.230514
2.00559
3.46887
-3.64273
2.66727
1.85127
2.81782
3.01077
-0.616141
2.27613
-3.65555
-0.465327
1.89835
2.7722
1.74554
-14.0819
-0.62615
0.597956
-3.57685
-4.09362
-0.323636
-15.6428
4.04365
-4.07638
-16.5649
3.9191
-0.61215
2.33588
2.18689
0.572135
-37.3999
-1.39054
17.3099
0.262847
-1.68027
8.2541
-4.92468
-11.7605
-1.2602
-1.82567
3.2038
-0.307479
1.38276
1.84128
3.51991
-11.6934
-0.838567
2.65224
-15.799
-0.779744
-17.4314
9.02796
-3.84874
-4.12863
-3.95836
7.62827
-0.6238
4.04223
-0.212706
-19.5287
-1.56922
3.50837
-1.47446
0.731815
-3.82178
2.54027
-0.17344
8.24382
-3.36355
-0.362058
-14.6373
-0.828394
4.00329
-4.18725
2.97515
0.29825
2.4582
4.11828
2.22359
-0.542574
4.06337
2.11047
-14.9323
0.664507
-0.986659
-0.669471
2.68957
-0.17335
-15.7257
-1.76284
-0.795383
-13.3305
1.88979
4.06227
2.44444
-4.3449
-12.3379
-4.04283
2.14204
2.59793
2.9382
-3.92451
-0.796374
-1.48787
1.96957
-1.67049
2.22173
-0.617377
-47.9094
2.76086
3.97309
-0.0484172
7.58066
1.867
0.97203
8.70034
2.196
2.68031
-3.10194
2.26587
-9.63418
-12.1975
-0.481872
-3.48397
2.31665
-2.79582
-1.84697
-8.72108
1.62547
2.68278
4.07395
3.41477
2.26134
-1.19296
0.179664
-17.1087
2.33313
2.59286
0.881964
-5.04516
2.5337
3.70296
2.04399
-3.11523
2.18501
-2.75913
-1.96061
0.768566
7.04626
-1.57271
-15.1104
-11.6717
-1.40421
3.12801
0.0742093
-11.4151
-3.26478
-3.51581
-7.11878
3.98352
2.48897
2.18323
-0.350982
4.79705
2.90348
3.54043
1.07669
3.98132
-11.7428
3.35098
1.01615
8.77231
2.13025
8.42386
2.17522
-18.3325
-0.251375
0.594175
1.69155
1.93898
3.60869
0.570366
-3.37368
-1.08605
2.25659
-1.76311
-5.33556
-11.6866
3.64591
-1.35914
-3.66555
-4.60299
-2.75494
-2.94356
-2.84265
3.09646
2.48553
2.49126
1.32902
-14.9769
-5.45732
1.02951
3.4305
-0.554918
0.414164
-6.31867
2.45815
-17.3466
1.49597
0.289425
2.13439
-3.93025
2.23556
-12.3648
-3.33069
-0.798842
-0.608492
1.30026
2.65923
-0.232607
1.33459
-0.451146
2.07319
4.09719
1.57882
3.91535
-0.676453
-4.16233
-1.07975
1.26629
8.25728
5.06845
-2.67042
-0.334489
-8.09046
-3.44352
4.79917
1.51374
-14.8133
1.70499
4.15676
2.44666
8.79884
-5.44393
2.43413
8.83928
2.42458
-2.2262
2.20131
-0.435374
-4.22069
-12.049
-1.89988
-2.63562
-14.6595
-0.0989506
-5.85514
-1.24838
-12.5082
-12.1059
-3.97359
-12.9018
-3.33922
-3.65859
9.01427
-4.90099
2.04431
2.27444
1.20085
2.46687
-2.96712
-6.91765
-3.42581
-0.652099
3.92906
0.750603
2.61057
3.10111
0.0313977
0.256674
2.56404
1.54093
-0.572663
-1.43917
4.17877
1.74095
5.26118
2.26944
-2.33777
1.04817
1.82921
2.21636
0.630326
-1.32443
2.14375
-15.1418
-12.9249
7.95598
1.33446
-3.79961
-0.800069
0.933186
5.03231
2.46246
3.07087
2.37597
2.58498
2.57275
2.83702
-13.8766
-12.1835
-11.777
-12.462
3.45148
-0.705432
3.91746
4.12756
-0.507849
4.65672
4.02882
-1.38513
4.38309
-0.730393
2.22643
-3.92348
-12.8952
-4.92423
4.0292
1.94044
0.60959
-3.9522
0.339749
-2.01546
2.86326
11.5127
6.37448
0.367073
-1.67226
0.755086
8.73167
8.82204
2.25168
-5.3391
0.140677
-3.0712
-0.339895
-0.231954
3.42913
-2.215
0.40361
-2.39368
-4.53522
-12.5117
-2.08792
1.7733
2.59712
2.84654
-4.1983
0.202483
1.36791
0.407777
4.9265
-2.3835
8.30824
0.834216
0.596038
-0.247309
1.97073
-14.4565
-1.10202
-13.3799
3.62612
0.770288
-3.27592
-1.03725
0.980263
-14.2476
-13.3499
-0.0287754
2.04224
4.00611
-0.553515
2.68971
3.09951
-14.633
0.0273481
-1.97228
1.80166
0.0196801
-1.64217
-0.28489
-14.5695
-1.54817
-4.31184
2.08172
-0.799974
4.03394
2.07193
-0.745154
4.08417
3.00067
-5.22474
-11.2881
-1.28616
2.32691
2.55943
1.47604
3.18276
1.68248
0.38055
1.75525
1.65259
2.51269
0.845132
2.06254
0.227406
-3.84582
-0.424263
2.44157
-23.6141
2.91917
1.80692
2.45833
0.999199
-3.51244
-5.11819
3.35737
-7.19404
1.3979
-0.417711
-5.2689
2.6595
2.0234
-1.52057
-2.53513
-12.3208
3.56491
1.69728
-16.3386
2.46544
1.50135
-8.51611
-0.916465
-0.210005
6.98401
0.372158
-1.59825
1.82094
2.8414
-11.7869
-4.8689
3.42456
-0.015464
-5.06076
-0.372948
-10.8249
-0.623005
2.35131
2.72651
3.04436
-4.87664
1.37245
-3.70585
4.87272
-1.65739
-0.724327
-3.05585
2.06625
-12.6157
6.99619
3.12245
0.630053
1.39423
-15.5968
-1.6194
-0.161477
-0.0116369
-15.9386
1.62078
3.05058
8.46387
6.70867
1.92303
2.27021
1.33404
-3.75956
-11.5167
3.75694
7.00952
-4.85714
8.18859
-0.898919
-13.5565
-0.602751
8.7996
0.609917
2.5511
2.61456
-3.01261
0.653338
-5.44754
2.53244
7.28794
-11.5732
-1.40436
1.47067
-0.956246
-5.51818
4.14178
0.351377
0.231324
-0.533423
1.51435
-3.04077
-4.50227
-3.06436
6.41846
8.94798
-0.692807
0.978814
0.483376
1.45274
0.70413
1.40514
-3.33716
-8.66148
2.34764
-6.08623
0.487533
-3.64433
-11.9423
-1.40598
4.42121
-3.92635
-3.90756
9.04037
2.83884
-2.7484
-12.1375
8.94828
-12.4392
3.13944
2.82503
-5.2394
-5.47838
0.294331
-0.65484
-15.0555
-0.124296
2.808
-6.5629
-2.90533
4.62889
3.41132
-0.966347
-3.67578
1.49223
-11.8356
-16.9469
3.21092
-0.666507
3.93067
0.110989
7.63
3.25912
0.0131189
-12.0604
-43.8683
2.45096
1.75988
-1.15988
-12.1537
-3.37436
-10.5834
-7.70904
-2.67157
-5.16281
3.40778
-3.21745
3.52849
2.75493
2.14652
9.24192
2.75906
1.93036
-0.716108
-8.37697
4.20678
-0.43966
3.29678
5.3446
-8.84757
1.20616
0.816185
0.846819
0.0572699
4.10092
-3.7155
-0.78949
1.79162
-3.41371
0.31888
-1.76867
1.18434
-1.54356
0.997315
-3.70384
-11.8692
-11.4965
-1.73207
8.89432
-15.01
1.21213
-4.22577
-1.32275
-2.41012
2.17493
7.26507
-3.88281
1.9297
3.12741
1.33891
1.8896
-0.323505
-3.31961
-5.35054
2.03204
3.37493
1.86533
-4.57099
1.09874
-0.443088
8.47266
8.24401
-2.78433
2.13554
-0.530831
0.878552
2.67032
-5.12798
-11.7394
1.67856
-3.93425
21.2673
0.234042
3.98392
-2.34767
8.24502
-1.33257
-5.4404
2.17324
1.78742
0.550895
1.37557
4.27486
-4.07417
-4.24587
9.108
8.3792
0.961286
2.95725
3.3421
-28.7163
3.38603
-11.4792
1.21769
2.04701
-1.31497
8.46867
2.73528
-2.75614
2.31224
2.22818
4.27288
-11.6909
-1.77305
1.80406
-1.44677
2.69121
4.19046
0.412518
3.287
-0.776165
3.54851
3.09403
0.0376548
1.37106
-3.54655
2.49362
-3.61108
2.28257
-14.7354
4.18051
-11.2855
-3.80703
1.3909
8.50533
-3.7177
-0.275869
-11.7708
-0.272365
2.95741
-6.16738
0.285735
-0.950139
1.09842
-3.80354
8.63809
1.56733
-2.4052
1.57371
7.7734
-4.2142
-0.331656
-0.369056
4.54704
-3.57869
-0.358658
-1.50993
-5.3144
-12.2884
0.0603591
3.09863
-1.40876
1.60437
2.84193
-0.528458
1.63855
2.27963
2.54808
2.34238
-3.91734
-4.52017
2.61908
0.846239
-4.41107
1.52029
-0.239125
4.77041
-2.67652
-1.15045
-4.70383
1.49611
2.47305
-15.31
-1.4012
-2.40208
-0.635453
-10.4199
1.43916
-11.5708
-1.75825
-1.39692
8.9026
-0.748991
-6.82726
8.82248
2.56538
-0.233777
-1.64677
-5.767
1.87572
-1.61783
-1.48049
-0.929927
-0.635027
2.68792
2.18333
-3.48604
-0.818224
-4.6981
-4.179
-0.0139401
0.0285694
2.19017
-1.25172
-0.274724
8.12972
1.208
4.15981
-1.69565
-12.1219
-11.9639
-5.22099
0.403139
-10.431
3.63078
-2.58435
0.46165
3.40017
1.37025
2.56913
3.64976
7.74899
0.213626
7.45384
2.26194
-1.81718
-11.01
-11.8687
3.91521
-1.04698
-1.25823
-0.547269
8.77757
2.01977
2.81784
2.8299
-2.79879
6.58979
1.33231
-3.79251
2.32283
-0.654769
6.32128
2.74501
-1.39104
0.100664
-1.99352
-0.992119
-12.3578
-5.06593
-4.80429
2.90484
-6.07422
-3.1311
-4.25776
3.4064
-12.1876
-2.428
9.01611
-4.7283
1.75889
3.16057
1.78556
5.57906
-0.667026
-1.46459
-25.5411
-4.5939
-9.07706
1.73633
-11.7985
1.22199
4.0844
-8.91895
-2.61477
-7.92263
-1.50889
-2.45725
-1.2054
-3.63944
-1.17397
-11.509
-0.888584
-3.16506
3.96387
4.07418
-3.456
-3.56756
-3.35761
-3.51006
-0.574283
-2.77761
-4.15042
-2.76751
3.58927
1.58611
0.781037
-1.21202
-1.44621
1.39507
-1.51649
-0.731178
1.24708
1.03868
-8.54469
-2.73583
-12.2934
-4.14978
0.949985
8.80064
-3.95946
-1.33513
5.90657
4.39288
2.97909
-4.30829
2.62719
0.879902
-3.37529
-4.79029
-1.42523
3.05677
-3.43707
-5.96134
-2.89169
-12.1245
3.08912
0.230354
-11.2508
-0.361924
3.17043
-10.7897
3.92371
-0.366191
3.84021
8.597
3.81939
1.44624
3.81685
-11.8402
-3.88387
-1.41803
-11.7563
2.70712
1.709
-1.27418
-1.51279
2.75348
1.61584
-1.38415
-1.38518
2.6777
-10.9013
-14.1687
-5.0133
1.64528
4.08777
0.680868
-3.60467
1.93857
7.90622
2.72858
-1.27883
-1.29281
-1.5652
2.18668
1.78051
-1.46132
1.43815
-0.536513
-3.90247
4.70908
2.50809
4.14099
-1.28448
8.74314
0.174695
4.11929
3.51942
2.73255
-11.1603
1.48715
-2.33939
8.21597
-9.15846
-3.18829
1.51985
8.85272
1.87657
-1.43399
-9.84209
7.81184
5.04351
-5.66201
4.84788
2.59347
8.19801
3.05558
-0.282806
4.04793
7.19762
-8.25455
3.14765
3.13396
-12.1487
1.74966
7.35092
-12.0549
-4.11264
-10.7789
1.32282
-10.7803
-2.56936
3.07404
2.49291
1.31744
2.14769
2.94242
9.12235
3.13874
0.684733
-1.4942
-0.688005
2.1481
6.48531
1.84373
-7.32617
7.62423
0.153285
-11.6562
1.40461
-1.1428
-3.19251
-4.31347
7.4183
-0.781073
1.58253
1.0271
7.9008
-4.13338
5.53946
0.446383
4.51431
3.01874
9.0386
5.95392
1.87938
1.69213
-6.34355
-1.50927
-12.5339
-0.143611
1.93697
1.51033
0.0769043
3.82606
1.5335
0.828968
-1.24112
0.35934
7.94201
8.45541
2.06778
-11.0337
-3.44647
-2.221
-3.76788
8.67819
5.5675
2.82659
8.35208
-2.6253
-11.1985
-1.63713
-1.5722
3.03589
-1.87429
-21.3671
4.30508
1.9596
-3.97593
7.93384
0.940967
-4.34159
7.6324
1.99945
-13.7948
-13.5258
0.873033
-0.905262
-2.56126
-1.3132
-3.06938
-1.53569
-3.84633
4.87933
-12.8192
8.43534
1.21046
-12.1578
2.5781
-4.83038
3.18241
-37.9614
-12.4243
-7.03183
-0.70695
-15.9585
-11.6336
2.88295
1.2056
-4.36567
-12.3462
-1.71062
-2.42539
9.05857
2.67697
-0.462191
0.20554
-11.4062
2.10649
-11.5712
-3.85892
2.7049
-3.0184
3.89661
-1.40323
3.11046
3.85675
8.85907
-4.65235
4.28247
6.88339
-1.32147
1.71656
2.40005
2.50626
4.52937
-40.3281
-25.0871
-1.27695
7.14214
1.58409
-5.07193
-6.85359
-3.05114
1.75825
0.608222
9.04293
-10.8812
7.75703
-1.82459
-11.8504
7.98662
9.00401
4.71018
-0.0347426
-1.96753
-2.52689
-2.80625
-1.3429
4.15195
-3.07465
-4.3584
9.09855
-3.22931
-2.66896
-3.0907
-3.22251
2.96141
3.03738
-1.27347
5.792
-3.55865
0.0274645
-1.20338
2.10743
-1.55463
-4.06489
-0.33084
-0.451271
-14.4328
2.29253
2.67264
-3.58722
6.38304
-0.048954
1.48128
1.27842
-1.1661
8.90954
-11.8138
7.92857
-1.11612
8.81976
-13.3987
-4.14084
-2.36963
8.11029
-11.8051
1.89711
3.27309
-3.62338
-5.4348
1.34725
-18.9816
-9.7918
8.14052
1.89446
9.09314
7.57437
9.04447
-1.90912
1.38211
-4.38403
-2.7734
5.43582
1.64735
1.80208
2.94796
2.35432
2.89116
4.21786
-3.52721
-0.129064
-0.901358
3.50312
5.9833
-1.25791
1.74219
-1.26927
-2.26424
0.732525
-0.186274
-1.39699
-11.9017
-3.81244
-2.01469
3.65282
-1.51744
3.01987
-1.13683
1.7835
-0.171288
2.03428
-11.6591
-53.1717
3.38083
8.71295
-1.34786
-2.66261
-3.00609
-0.354699
-12.1725
3.11544
7.82023
-2.1573
2.85524
-1.38641
2.92988
1.01561
-1.49835
8.40064
3.17486
0.0796289
-3.54493
2.89778
9.02758
2.42659
-4.59396
1.48649
1.74418
4.07955
1.20054
-0.910303
-56.9043
8.62256
2.61606
-3.04424
-0.34839
0.237376
0.225143
-11.3046
-3.58766
-1.35102
-1.26341
1.08791
-2.94459
8.7611
-1.35242
2.60851
-0.601875
8.73887
-1.0847
0.977785
0.616889
-1.34832
-12.0063
3.04715
1.5968
0.198678
-12.4457
-0.138041
8.49441
-13.7322
-1.33927
9.08682
2.11312
2.9771
1.97963
0.442957
9.1829
-0.0492332
2.74318
0.404321
3.02431
8.05226
0.367438
2.50959
-3.73614
2.75738
-1.15511
3.0132
-1.28093
-3.18317
-3.36799
2.15367
0.386918
-1.42799
-1.85497
6.66019
-0.467724
1.71317
5.64622
0.74656
-3.67665
0.0607497
-0.00789474
13.4566
1.86359
-0.736976
0.607418
2.04587
3.009
-4.14194
3.73874
-12.0937
7.23045
0.0849675
1.55626
-0.21984
0.175468
8.77183
-3.01021
-1.54628
-1.03989
3.11227
3.83984
1.92283
-10.3782
1.96727
-3.63128
2.5186
1.89916
2.00356
-5.06009
-1.5704
-2.78826
9.14968
8.84782
2.93325
-3.30095
-1.44409
-53.9094
3.93048
1.71923
-3.27658
9.01308
-1.37033
-2.11256
-1.14387
1.44033
9.13408
-1.44395
-13.6819
4.83171
1.95197
-0.581757
5.46003
0.0807678
-3.28604
-1.2803
-3.62516
4.96135
5.16741
-0.483101
3.05724
-2.74544
3.92957
-1.04399
9.08342
9.14905
2.99016
0.846462
-0.857014
8.66396
-0.0962417
-11.7903
-13.0745
0.436243
0.564064
-1.34679
0.577233
-1.6201
4.02901
-0.0863752
-0.0407268
0.556456
0.764518
7.66669
8.86124
-2.90436
-0.659672
7.79568
0.908722
2.52241
-1.19685
2.36911
5.58372
6.82418
-0.720082
1.22236
2.35639
5.87244
1.32549
-16.067
9.12943
1.70278
3.5298
-3.50891
-31.4018
-33.5344
1.72918
2.51047
-2.01971
-11.7006
8.95001
-0.257739
-0.507761
3.94039
-0.564655
-10.7011
4.04076
-13.054
5.96598
1.01722
1.8276
-1.38228
-0.555987
-0.768476
4.19957
5.28382
-1.1488
-3.09152
-37.7081
4.63185
-12.2796
-2.68801
-0.2746
-1.22265
1.21215
1.35754
-0.495187
0.793649
0.45788
-10.9558
-1.49436
1.40579
0.873639
-0.774474
2.02926
8.9972
-7.43354
0.704836
6.04892
-11.3533
-4.38531
-3.93803
-0.306808
-0.868108
-0.475727
-7.7953
3.11426
-12.641
-1.34638
-13.6658
-12.9296
-2.97269
-12.2917
0.963466
3.46503
4.48194
2.32087
-12.9711
-1.56588
-13.2955
8.86803
9.01178
-1.23434
7.2316
-0.7973
0.442048
0.371415
2.93524
-11.6428
-1.20254
2.76873
4.17094
-3.44824
2.47455
-1.34848
-0.0699255
-1.41693
-1.05732
0.477292
5.612
8.79975
4.07718
3.00505
-1.28962
-1.32642
-3.50005
-3.8069
-4.94548
-0.320191
1.7461
1.86279
-0.0747571
-3.5992
1.18501
-1.36442
2.26819
-0.235161
1.53792
1.89034
-1.47115
3.2135
-1.5989
8.13761
1.6095
-10.0921
1.11058
1.50027
-11.609
-11.763
-14.0044
-3.68333
4.74726
0.199103
-0.540443
-1.09136
7.70784
-3.17904
-3.01344
3.17174
2.13293
2.30217
-12.8514
-1.35216
2.41471
8.74778
1.7589
3.03217
-0.363686
-6.53007
0.128451
-4.22415
-1.26857
1.03913
1.02039
-4.21594
-0.246273
-1.96465
-11.6081
-0.132142
3.56515
0.557096
-45.1868
-3.2416
8.30127
-1.20343
1.84352
5.52921
3.06977
0.141907
-2.82166
-4.02158
-4.02833
-1.2647
4.93414
-1.57967
-2.90056
-10.9563
-14.1958
4.61805
-2.42407
-0.497775
1.84573
2.05033
1.56403
0.219381
0.510629
-4.96385
8.70862
0.678175
-0.334994
-2.85542
-3.39905
3.73293
7.53844
0.700509
8.81861
4.08464
6.7899
-0.270808
1.68036
-0.129978
1.05808
-0.839996
8.31426
8.84645
8.60699
2.992
2.88432
-11.9248
-11.5263
2.29674
8.60564
8.61287
5.38769
2.86068
-2.92982
-3.20109
-1.2136
-3.8843
1.61188
-0.649164
2.94248
6.45521
-4.31103
-0.846164
-1.20923
1.62495
1.72017
-4.49387
8.48632
-1.36147
-3.64218
-0.633897
1.89444
-0.550949
-4.03293
-0.448283
-1.15153
-4.52221
0.257546
-10.0225
-1.55248
4.82806
-0.848783
-1.98234
-11.9928
-1.4025
-0.461328
-2.75312
0.514975
3.11021
-4.69416
-3.39122
3.08514
2.21961
8.61038
-1.19576
7.19922
-11.6867
-2.23509
0.928138
3.79521
-10.8304
-3.61029
8.97457
0.154245
6.26605
-11.332
-2.96356
-11.5174
1.9096
2.72383
-3.58134
5.25557
-4.64439
-12.0332
-3.52994
3.85405
1.02937
-5.15322
-0.583175
-23.2335
3.57963
-11.3398
-12.416
1.614
-0.459717
-0.915717
-1.42434
-1.41276
2.82763
-1.66557
-0.686504
-0.944252
6.85668
-1.20234
-0.587054
3.03185
-0.788694
0.591483
-5.31465
-3.7184
-15.7779
-12.9666
-0.887693
6.49158
-0.282649
2.44202
-1.44557
-0.117911
1.26718
2.40873
3.49665
-4.36576
-0.799836
8.82849
5.13068
1.90624
4.95748
3.41514
1.1189
1.66939
-3.08112
1.75745
2.97333
-3.43479
-23.4127
0.865752
8.20067
4.40039
7.95168
4.0368
0.728436
-0.990351
3.88471
-0.867807
-7.73916
-0.187716
8.59345
-1.38451
2.92076
-1.9918
8.43832
2.46769
1.85612
0.720653
-1.02912
1.06332
0.753709
-1.75587
1.8381
-4.96542
2.08804
1.98285
-0.819227
1.38118
-5.33021
4.39334
1.81023
-1.05491
0.281534
2.77616
1.02012
0.142237
2.48765
-0.397805
6.11203
3.91627
-11.7398
-57.1288
1.83138
2.93222
3.26821
-1.26901
3.18534
-7.5217
2.68632
-11.9583
1.60477
-0.138487
2.89072
0.161766
8.26028
-0.83446
0.293482
-9.53438
-3.66931
1.91436
3.01359
-1.86553
-0.851993
7.77975
-0.800924
5.48913
-11.6493
2.90286
-0.329831
-1.12969
3.02092
2.26816
-3.06054
-0.448706
4.50687
-0.8425
8.94184
-1.26172
-2.64373
5.58099
-1.06365
0.129426
1.56223
1.71806
8.53242
2.5651
6.80735
-3.39457
-2.76952
-0.763523
-3.1999
8.67497
1.78964
4.32401
2.68801
-1.94684
2.24045
1.87907
-3.9372
3.07248
-0.742352
-0.465828
-0.731503
-4.33858
1.78088
3.02518
-15.6728
6.76414
-0.287707
-12.0202
3.04994
2.7012
3.01642
1.70858
3.00657
-0.794146
-5.92744
2.99671
-11.039
2.28498
0.0128276
-1.26997
3.26497
-0.147396
-2.55835
1.74541
2.98086
3.26386
4.03588
-12.0722
2.99989
-1.14324
2.93663
-3.78545
3.64902
-0.726833
6.61742
1.72756
4.89524
8.21461
-5.08438
8.60358
1.20192
-11.3088
2.36976
-1.72677
3.98891
-1.11825
0.901308
2.05082
2.25417
2.61163
5.98395
3.67633
-2.28629
3.82145
-3.77474
8.81753
3.6473
-3.37486
0.680021
-11.9765
-2.67438
5.00441
1.44698
-0.82986
0.948704
1.67913
-0.570191
-11.4509
2.11689
0.0364629
1.46105
5.70854
7.27126
2.23443
0.193327
3.00755
0.677222
8.87189
3.53918
-9.32764
4.53995
-11.0406
0.336348
6.33377
3.22487
-3.13242
1.32971
9.03687
0.598791
-0.635311
3.46457
-3.50353
-0.647056
-11.7034
-0.878893
-1.45462
5.41508
-4.90796
0.70436
-5.27144
4.31668
-1.48705
2.86725
7.8639
5.04892
8.95396
-0.76814
1.78209
2.95834
8.61671
-13.814
-2.6246
-25.6177
1.97719
8.87924
3.13896
-0.887911
-4.13932
-11.221
0.904713
4.71535
-0.84788
5.44245
2.40459
3.54853
-0.941384
-0.32149
0.127291
6.31674
1.05167
-1.1478
-1.5514
-1.07186
-1.48156
1.80333
-12.4654
-2.94652
5.88832
7.19553
-0.648034
0.393768
8.71631
8.34788
-6.04575
-0.800759
3.04721
4.73098
3.06448
-5.41094
-4.67034
1.64867
3.02018
0.482705
4.28139
-4.6117
5.63167
6.91956
8.73308
1.92104
5.17422
-11.4226
3.04281
6.09103
7.47222
-2.88504
-15.2305
1.23209
2.52606
3.05861
-1.5239
-4.82489
1.91953
-0.906459
-0.849008
6.44838
-0.844681
4.2963
0.812056
2.18756
2.02982
0.109136
-3.70634
4.80031
8.59088
1.39184
1.80733
6.29454
8.47012
3.23488
1.80996
-7.95449
2.09801
3.98176
-1.8489
6.25235
5.92082
-0.955619
-0.330234
-0.914416
2.83534
2.52518
-4.78001
8.02045
-0.418229
2.16397
-12.691
-5.32002
2.15851
-0.13492
5.7347
-12.8132
6.98294
8.53353
1.23075
8.72099
1.67303
1.41711
0.821569
0.88924
2.15472
-0.0966016
-1.37469
8.46971
-1.19782
3.02465
-12.0464
-0.813936
-5.49555
5.52954
7.08085
2.11477
-37.7765
1.52601
-1.39236
-10.8959
5.16239
2.99008
-0.559364
3.80072
1.30647
2.58816
-1.46814
3.63589
9.10485
-10.6766
2.04305
-0.71349
-11.5068
4.91835
5.30835
-3.74834
-1.23748
-6.47234
3.03224
4.29382
2.24909
-0.650596
5.78892
3.50299
-3.70875
2.87066
-1.11679
1.56138
-3.93991
4.42729
-3.79783
6.0722
3.68698
3.85937
0.191646
-0.585067
0.425644
-5.07795
4.18138
0.718435
3.49705
0.0321838
-1.36482
-18.6332
3.83465
-10.7156
2.61677
0.287721
8.25249
1.21669
2.31194
3.61071
-1.53218
2.668
-1.05838
5.68622
-1.45324
7.9692
2.00581
-0.712635
7.2172
2.44876
-1.73723
2.17863
2.64431
2.14373
2.98833
-0.704777
-0.859647
6.2581
-3.72147
-1.2511
5.14917
-0.947941
4.55199
0.752857
-3.085
2.06596
-1.25565
3.0205
0.437499
-1.17385
4.3089
8.56842
6.14227
2.53302
2.1958
-4.94947
-11.4676
2.03994
-0.360483
8.92402
2.42944
2.31131
-9.62812
-4.60089
3.01903
-1.57176
2.62762
3.46616
4.43355
2.59319
3.27208
-1.09736
1.39492
-5.17614
-4.49512
-0.370355
5.48874
-1.01683
2.84572
-4.64663
1.08956
5.28437
4.36755
7.96785
0.574913
2.57805
4.63854
-12.4788
9.14975
4.0395
1.57151
-0.276254
0.00140889
-0.662498
-1.24164
-1.27235
6.78963
-1.07792
-18.7148
-1.28254
-1.33418
1.8557
4.15711
2.09162
-1.34186
-4.13655
1.34006
-4.36796
4.07278
22.5012
-0.183317
-3.57351
5.757
1.63399
-3.7173
4.58893
3.60758
0.868052
2.99235
2.08976
5.03437
7.98047
4.12109
-0.550401
-0.302829
0.326863
-3.15842
2.46986
-16.6368
4.47451
-0.295203
-12.9438
2.32614
-0.908944
3.32115
6.33855
-0.892309
8.44201
4.20923
1.15213
3.76017
5.23287
2.00862
-34.0422
-0.440594
8.88017
3.03774
-0.894189
-0.36557
-1.43782
-0.963298
-0.944751
-0.807104
-0.49853
4.25437
-0.487539
-1.03832
-1.3168
4.39629
4.28376
-17.8537
-1.03277
3.90611
3.69322
4.73555
3.14593
7.27142
-1.08729
2.53862
3.5844
8.20736
-1.38603
1.57328
2.39309
0.790754
1.22332
2.53328
1.7526
0.764527
-0.282865
0.618278
-0.46605
2.2183
5.08262
-13.8541
-0.260823
8.67519
-26.8873
-4.65489
1.05256
0.94246
4.38046
-1.14244
-4.16808
-3.90663
0.449472
-1.05413
-22.7867
8.00879
-0.500139
5.06096
9.08812
4.90318
3.29708
2.22267
9.14882
6.11952
4.88414
0.676711
1.15886
-13.0483
-0.783554
4.22786
-0.83846
3.1073
4.62704
4.47633
-0.0600636
-0.340147
-1.2222
1.17379
8.77406
-0.93568
-0.390885
-0.44843
-1.12044
-0.420894
4.64292
-0.890021
5.06606
2.92094
3.23068
8.73131
3.11372
-9.36498
1.47811
0.506579
-17.7535
2.15729
6.40726
16.6783
3.47005
4.92465
4.43126
2.56333
4.22382
7.80504
-0.943168
5.69562
2.10066
1.44047
-0.693803
-2.14371
-1.6141
8.9195
1.88413
3.93046
-3.50616
2.8182
1.18759
1.93263
7.41155
1.96436
0.723813
-0.668478
-1.1433
-4.0663
0.694937
3.26819
3.43738
4.04443
2.46959
2.5287
4.14164
-0.958395
9.24587
-0.378584
0.233907
4.94707
1.97963
3.26123
-12.6867
-12.9419
-5.89707
3.45552
-12.4235
-1.75989
-12.2943
-1.45075
-1.26096
-12.3215
4.31047
-2.30456
-1.28279
0.976292
-0.789115
-12.2928
1.22974
-0.873101
0.411028
-12.9161
2.52148
-4.15154
-3.95385
2.25393
1.26353
1.2288
-8.58137
-11.48
-0.497626
3.32233
-12.1948
-0.990236
-12.568
-1.93678
-5.22656
-13.2802
-3.88002
8.60199
4.49426
2.34925
0.969251
6.93374
8.91534
-11.7435
-12.8674
-1.88285
-12.8742
9.14328
-1.82329
-1.42469
-2.97466
-1.11009
-6.85703
-3.61324
4.55851
-3.95239
2.59081
-0.408033
-0.224734
6.67044
0.994548
3.04526
2.03437
3.18174
-3.80681
-2.66387
0.786623
8.37381
7.55987
5.10689
-11.7943
0.876274
4.16074
4.3834
-13.7134
-12.4609
4.22046
-3.10221
1.60835
-1.51655
-1.44671
-0.19078
3.97318
3.90871
-4.76417
8.40821
-0.0869086
-0.104401
0.177813
-0.352146
-0.229819
-1.9722
9.16
1.10874
-0.599304
8.94545
-0.323145
4.2395
-0.982387
-3.23012
-13.4206
-3.2947
-5.66755
-1.68584
6.35522
4.02339
1.43098
-1.03184
-1.30956
-4.08931
-12.3327
-0.42027
6.27992
2.9397
7.32875
8.08184
-3.28962
-0.763721
-0.925393
0.6243
2.48032
3.17726
1.87556
-1.12648
8.05214
0.950441
2.21402
-0.187475
1.83294
7.25266
1.39367
-10.8222
7.64648
-0.518233
2.07897
2.57716
-3.67321
7.62501
8.65602
3.43421
-2.14808
9.05432
-1.52735
-0.72623
4.44171
-3.35876
4.35061
4.34468
3.8946
-1.06402
4.30555
-12.5199
-3.32115
-0.103171
-1.03628
2.08474
-0.120079
0.579864
5.51742
-1.02323
-0.57996
2.21485
4.09447
-12.3768
0.474471
3.49428
4.35179
4.36679
8.77338
-1.34728
5.44137
8.94599
-1.34408
1.74994
-12.2743
1.69406
1.97325
-0.748074
0.214206
-0.952791
2.06334
-12.6783
8.52808
4.42559
-4.36184
-16.5788
-0.922818
-0.527125
-13.2591
1.90139
4.0143
-4.83349
7.44595
-0.417982
1.91318
-1.78826
-0.204384
-3.56181
-1.25337
1.63835
8.58981
-1.01089
0.0396463
3.02211
-1.00166
-1.74677
-13.8246
-1.49248
4.00429
-2.91824
-0.45958
-5.07941
-6.22562
-0.230925
1.86499
-1.49336
0.573523
-13.7811
4.24294
-0.087523
-2.73625
-13.2785
-0.458317
-0.706764
1.07149
0.450848
1.18289
0.108487
4.15045
0.441481
0.0431355
-1.36485
-10.6939
-1.21752
2.53911
2.34576
2.43499
-2.28663
8.66218
2.39896
-1.45431
4.20255
-40.8232
-1.26995
4.40723
3.73442
-1.40234
-0.330978
-1.46458
1.78974
-0.174562
1.25322
-2.62932
7.4754
2.57277
-0.994053
-0.519572
4.48756
-3.64033
4.86065
-3.39985
1.31911
7.4741
4.04864
-0.994816
4.11833
4.70348
2.45074
7.71905
6.78692
-0.206001
-6.85975
-3.55697
6.99816
-5.51905
6.44284
2.13265
-1.14635
8.7981
7.87791
-3.91614
1.08878
-1.70283
2.77501
4.16461
7.57674
6.7975
4.11577
-2.19316
-0.187584
-2.04534
-3.76024
-0.0893422
2.5133
3.20209
5.32995
2.32006
8.92028
3.84846
-4.19341
8.25266
-2.41686
7.15314
-11.1628
2.38005
1.27701
-0.493852
-1.94132
0.458077
5.89799
4.44489
-10.1555
3.38502
2.87948
2.99876
-1.12022
3.54747
0.291379
4.10991
2.10119
-21.2262
1.54424
2.82058
-0.644952
0.360388
4.45276
-4.37319
4.36562
1.61416
11.9843
3.02428
3.26163
-0.972438
3.91495
-30.3622
-4.01447
8.70043
3.8117
-15.4194
2.81762
-4.04415
-2.19667
4.06462
-45.5726
-1.29718
-2.80775
8.40631
-2.4997
-1.18981
-3.16575
7.85026
-14.8343
-1.86252
2.33079
-26.3267
-15.5504
-1.86204
-3.62977
2.8579
-12.329
-1.06873
-2.64284
-1.3891
-11.3081
-1.22484
6.35879
3.29016
8.73682
4.19133
-1.12095
2.08368
3.33146
-0.690666
-1.44631
3.86639
1.52029
-1.17769
-1.9388
-1.36885
0.417349
3.93896
8.20647
-14.7259
-12.1713
4.41561
4.21312
4.29816
4.30889
-2.94235
3.4021
8.54002
4.43466
5.09435
-1.99355
-11.749
5.67735
2.36445
1.04767
2.40732
0.699851
7.11209
-3.61676
2.55767
18.5678
-25.1156
4.17428
-1.18428
-1.31811
3.2191
-10.9321
-0.707509
5.64827
-1.18822
-0.253998
-11.9609
-50.8679
-0.372281
-0.937025
1.67879
2.72816
4.73948
-12.6694
-4.08141
-2.51994
-3.81495
4.07038
-1.8175
-1.01461
-2.47247
-1.50819
1.0929
6.79643
1.25814
3.99345
5.6075
-3.99658
0.466072
2.26846
-3.81021
8.08119
-1.08643
2.91501
-1.28192
4.29227
3.52168
-1.13114
0.807091
4.30696
-4.3809
5.46901
-0.735692
-0.0763901
-1.75218
3.1905
-1.67562
-1.54351
2.19036
3.76738
-0.225487
-1.69348
1.80518
-1.58459
-0.106239
2.47136
-1.28972
3.99748
1.07943
0.357351
-0.645555
-6.56289
4.14492
2.56551
1.70638
-0.142237
1.27305
3.72891
2.89538
-2.51498
-1.496
-1.43123
-2.67831
-3.0417
-0.439346
5.26372
3.80706
-0.813836
-1.3511
-12.557
3.62842
4.10578
-7.81116
2.93985
2.3751
2.2386
3.77137
-3.93046
-0.676265
2.7943
7.35749
-13.4859
-6.95765
-13.0048
-1.19799
4.31455
3.1061
2.08551
-1.99671
4.29157
2.87772
2.02134
-0.619731
-3.54914
-12.5699
-10.8027
1.86501
8.12105
-3.23983
0.00327186
1.67158
-2.0818
2.13724
3.36364
-0.112266
-1.34571
4.29178
1.59907
1.48874
3.92628
-3.30936
1.86967
-1.46181
7.37213
0.0183229
6.6954
0.147464
-0.729473
-5.38474
-1.49469
-4.20108
8.16786
0.658601
2.38957
0.714254
8.62477
1.47895
-1.17504
-0.375612
-4.55186
-0.687696
1.73364
-1.36893
1.83719
-0.709682
24.1139
6.48945
-2.27808
2.63787
7.54522
4.00652
-14.1974
6.10089
-14.9485
1.43441
-5.66424
-1.35956
-4.30411
2.50736
-12.4912
4.09785
-1.00838
-0.888132
-47.762
-13.1773
-1.09614
3.97693
-11.8342
-13.1641
4.80134
4.15644
-1.37162
0.596437
1.54294
-0.580134
-2.75118
3.91355
0.0330759
4.05213
4.37122
-1.47839
1.56996
0.199868
4.25977
-2.04508
-0.542511
2.98884
-0.82464
-0.852817
-4.41663
-25.4179
2.83672
3.12501
-10.9783
3.78515
0.0146088
-1.42208
3.53827
3.66278
5.10146
2.26005
1.09075
2.81733
-4.12414
3.95567
3.01936
4.39094
3.025
-3.73953
2.93484
3.74577
-17.3335
2.45586
-12.3713
6.55386
3.88099
-2.27039
2.3839
4.94756
-1.3494
-1.63378
-1.20112
0.208225
2.63831
3.64071
-12.1673
-0.917895
2.48753
1.71611
4.31728
4.07102
2.67696
-1.5804
4.0658
-11.9525
-11.1834
-11.2566
8.66208
-3.46832
6.96938
2.35004
-0.649769
-4.69056
-0.944658
8.3831
-12.9173
1.16131
5.05465
-1.12249
-1.30483
-1.023
3.58338
6.86543
-11.6619
4.02928
-14.4372
3.03437
-0.927811
-14.6024
3.80933
3.06816
2.2085
-0.366716
-1.12804
-1.23872
1.39061
-2.94951
3.14903
0.127352
-13.1979
-3.92901
7.26987
4.18719
6.54486
1.79957
4.33089
0.983288
2.64894
-18.9576
3.00945
-5.48605
3.74821
-1.0813
-13.0189
-2.81409
-4.47796
-1.45938
5.43196
2.84615
7.0663
-12.0063
-11.3539
1.55868
-1.26314
4.23053
0.469205
3.84108
4.50485
-1.35152
-0.489113
-2.50483
2.61287
1.66466
-1.00361
1.94024
-1.16722
2.1225
-21.8896
-0.912086
-1.44025
-1.29254
0.342027
-0.139187
-0.620087
1.32273
-4.62964
-2.10098
2.73285
1.86045
-5.91977
0.816075
-1.16003
4.62076
-1.07447
2.22
-1.56326
2.09976
2.07457
-2.87711
-1.28219
1.97444
2.95718
2.58863
3.02318
2.16451
-3.99577
0.0988116
4.03243
1.07679
3.10803
3.01676
-13.6106
4.2478
-4.49198
4.48494
-1.2867
2.96123
2.08403
6.41122
-1.57119
-1.50862
-1.07776
-1.11664
2.57978
8.06735
-3.76351
1.77312
3.03161
1.78807
-2.59632
-4.03844
-3.91852
-0.605807
1.11748
-3.81319
3.45334
-0.711314
3.8587
-12.1787
-0.570175
1.0029
-0.0734486
1.46107
-1.02493
2.74407
2.95038
-2.68702
3.84818
-0.340762
-9.88223
4.90977
3.04358
2.44348
1.35267
4.03693
3.36863
0.075249
-10.0371
2.64169
-0.947951
7.43909
8.411
-0.908928
-3.0428
-1.27954
-8.69602
3.82493
-11.675
4.44676
-1.19169
-5.42527
-1.74733
2.88003
-0.165991
3.06073
3.04328
2.74286
8.21496
3.87089
-3.0284
-1.16222
1.31023
-1.33279
8.81093
4.84613
2.93616
-5.20034
2.03658
-1.93043
-4.08642
-1.00116
5.77316
0.152755
2.03202
-0.412038
8.66355
8.48856
1.74588
-20.5643
1.73737
2.9775
-2.48292
-1.31943
0.898413
3.70601
9.16577
-11.3988
3.647
-1.15434
2.53332
6.01825
1.37634
6.42706
-1.94017
-14.2926
-0.347128
0.0724545
-1.02573
-7.45282
4.85205
-0.490206
8.67653
2.93306
4.54733
7.05688
8.90767
-1.96113
-4.28296
2.0084
-12.7468
8.06385
4.22287
0.0884412
2.12633
4.41327
7.89401
7.48021
4.17941
1.83439
-2.41187
2.10077
8.99834
1.1433
-3.14544
0.0382251
5.35977
0.166009
-4.72673
-1.40179
-16.5368
2.99731
-1.04312
2.12297
1.54388
8.51729
2.89868
7.77537
3.08903
0.575864
2.86088
0.0353778
-1.46196
-1.43174
-4.00604
0.668101
-2.23897
3.71631
1.93328
7.07188
3.54423
3.00152
4.01951
6.98304
4.74767
-1.10852
1.80973
-1.75278
2.75944
-5.03184
-1.15565
4.10842
-1.15907
9.07557
2.86545
2.31297
-1.65722
2.42393
2.70854
-1.51541
1.69682
0.841388
1.50151
-0.896851
4.80063
10.9584
-0.931306
3.10692
1.95744
-1.3028
-1.33127
-1.2513
2.38947
-2.82912
1.83642
9.2182
2.58514
3.67395
7.10368
0.0322094
3.15903
-8.47193
-0.99475
8.95791
-7.01487
-2.59052
1.39886
2.36413
-1.35352
2.7289
-1.51991
1.88237
8.78891
7.8564
4.47432
-2.71533
-3.74924
1.42521
-11.2037
4.06427
-4.31896
2.91746
-0.219932
2.83287
5.8695
8.76153
-12.8753
-0.139134
-12.5474
-3.63789
-0.912035
8.98313
1.84592
1.36199
4.1206
0.558635
3.17827
4.9542
8.33005
-0.754357
6.67083
-4.92024
-4.71269
-0.253828
2.21081
0.916758
1.30535
-13.882
1.56642
3.86344
-3.05106
-3.90589
-1.83293
-15.2683
-1.98227
-0.06644
6.53838
-1.49021
-1.6112
3.78156
-2.05457
6.02421
9.24489
1.02788
0.0653164
8.4495
3.00447
-1.30662
3.03511
2.43838
1.70587
-1.56413
5.63505
3.05616
-4.53912
7.35624
8.5531
3.00223
0.475696
2.45472
-4.36899
-4.63159
4.00527
-4.11218
4.13009
-1.35251
-0.51027
-0.891669
8.06457
3.27938
2.09302
-8.41925
-0.677037
-4.73612
-13.5125
3.48302
0.31622
8.91748
0.0423806
5.3556
-45.6595
0.322846
1.7131
-1.48387
-1.21818
1.8658
7.23562
-4.40088
-5.00416
3.65146
1.65931
-1.62067
1.72205
-1.08098
-3.8799
3.74134
-5.253
2.74909
-0.811922
1.08581
2.96189
-2.47562
0.174526
3.01496
-14.2645
1.43044
-7.50325
-5.31634
-1.52967
0.934558
-1.68568
7.98146
0.33817
3.52811
-8.53012
2.58617
-0.706585
4.03899
-1.50555
-1.29727
3.35863
1.56978
1.81954
8.13127
-1.08973
0.80027
4.00382
-3.74912
8.68448
9.18783
-0.678474
2.64156
2.42558
-5.30715
-45.275
-0.586493
2.69148
3.00706
1.16781
0.992836
3.38395
-3.57653
2.61459
-12.236
-0.44837
2.67475
0.609632
-1.53377
3.07694
1.04222
3.63549
-2.31354
1.4826
-0.383224
-1.3504
3.76748
0.909088
-13.2681
-3.08815
4.13403
-11.1139
-1.09045
-0.67944
1.23437
4.09316
1.70565
2.81101
-0.889438
3.17505
3.03592
8.51188
0.610281
-3.0163
3.55316
4.74936
-0.74761
1.7284
3.82544
1.18509
1.37218
-3.94228
-1.60387
-27.3316
-1.06382
0.573091
-1.43966
1.81079
-1.17149
-11.3088
3.39048
-1.77443
1.71961
2.3232
8.77584
-0.355803
4.4066
7.7433
6.69917
0.82828
4.56418
-0.830953
-0.771501
1.33632
0.98203
-0.0424718
-2.50184
2.11616
3.49009
1.73203
-1.55902
2.99931
1.50419
6.04945
8.21837
1.77268
3.03345
3.92527
2.4653
4.28372
-12.6937
-2.86603
2.34504
3.33175
-2.09083
3.11787
6.18516
2.69066
-0.579866
3.84653
3.01054
-0.528623
4.44343
1.29686
-1.24584
4.17056
3.0115
-5.42723
2.12215
-1.34303
4.26985
1.56952
-5.3788
-1.42711
-6.67494
-1.81252
3.17187
1.85759
-3.79887
-0.00995428
7.02881
-1.09912
2.00112
4.18825
-0.410382
8.83411
1.73883
7.89806
-1.61279
-0.714339
2.79906
3.06965
-0.524389
1.73404
-4.3794
2.91701
8.69833
1.77626
-1.54492
0.744966
3.0096
1.61237
-1.93161
5.45472
3.75663
3.02974
-0.489608
2.98079
2.71985
4.22632
-1.44078
5.09432
7.63601
2.52204
-0.402608
-1.87474
-1.16273
2.48971
-2.6254
6.45898
-0.475082
8.39733
-16.3137
1.29008
-10.9891
-3.25809
-0.405334
0.504635
5.1245
2.83415
6.6591
0.0176163
0.934266
5.61975
1.94639
1.81015
7.14273
-11.399
1.10626
-2.08367
2.82206
2.1486
-0.228153
-3.43246
2.64908
-7.94599
-2.04533
0.496102
4.06144
7.88781
6.96935
1.85434
1.87473
-2.13572
6.77668
-2.06426
-11.1351
-12.2469
2.78734
3.75331
-1.01105
4.35808
1.72046
1.82097
4.20848
2.06318
1.70549
-1.42175
0.011458
-11.3236
-0.488263
0.270421
0.0438355
3.02196
-16.7734
-5.85073
3.90487
1.14175
6.45093
-4.7513
5.14452
-2.5338
4.40951
2.0907
4.07108
-0.606517
2.5218
4.24634
-12.3013
1.38758
5.50225
5.7398
2.85909
2.14549
-0.0661427
-11.7074
3.07268
-2.21592
3.05783
1.22329
2.44011
4.02101
1.75264
2.42349
5.59882
1.56023
2.66273
2.20121
5.15645
1.83367
1.82346
-29.0902
1.80773
1.77727
16.2154
2.9504
-0.839277
1.50891
-10.025
2.99856
0.0997854
1.76075
4.38377
-4.11389
1.64441
3.59924
2.95897
-15.634
3.00623
-3.90502
3.04784
-0.995287
2.95966
-0.882161
-4.02848
-0.909111
4.17313
3.02592
3.97026
1.82438
0.492967
1.46408
7.7222
1.77295
3.6427
-5.41343
-1.35655
0.537044
6.00418
1.62708
3.12819
6.64769
-0.826138
-2.4968
5.24424
3.0369
-47.5496
-0.647047
1.63558
2.03387
2.40839
-11.7257
-0.836236
0.317692
2.6453
-4.81925
3.94926
4.16612
-14.7728
-4.27826
-17.7989
-0.703207
3.25797
-1.60021
-3.25673
-5.04065
-9.93406
-4.70312
0.887161
1.95746
-3.857
-0.360132
3.46722
4.06185
-4.20578
4.0611
-8.08611
1.79733
-1.09476
-0.348485
8.26825
5.50056
-2.86137
-13.4516
-13.5365
2.99522
5.19826
3.90557
1.34971
-13.0734
2.40222
3.68413
2.4589
-4.86002
4.08128
2.27134
1.57416
6.20332
4.11924
-1.51998
-4.18394
5.81108
-0.82429
0.0344409
-3.94536
-5.49522
2.83568
-0.209645
3.91672
-0.566868
-4.66317
4.05377
-2.6819
2.89732
2.97982
4.1551
4.13621
-4.99889
2.22543
4.803
-1.52564
2.96204
-7.9655
3.04085
2.3608
2.93078
2.82464
0.390571
1.16333
-1.13989
-3.9813
0.493801
2.8039
2.41974
2.86395
-32.8537
-4.61192
1.30584
1.34352
0.818999
0.650821
-3.87699
1.9966
-0.569308
0.0900556
1.85193
-0.857691
4.2287
3.23956
-0.193273
-4.37909
-0.786703
1.51048
1.95136
2.87431
0.196488
2.94939
-11.343
-4.88992
-1.60219
1.35201
3.17658
-12.5625
2.29968
-1.41329
1.6868
2.97996
1.81753
-14.1464
0.798919
-3.50117
2.20526
-0.84215
-0.166338
4.19863
-0.973215
-0.530824
1.76777
3.14472
2.90467
3.12182
1.83144
-14.5542
-4.38046
2.7374
-1.27019
-3.40432
-5.49502
0.453624
-3.38471
-8.70544
-11.5195
-4.86708
-5.37021
8.8784
11.1562
-13.1533
-13.6732
-2.98173
-1.4007
1.97365
-1.49235
1.99922
3.79362
-1.27651
7.52299
8.60587
0.891791
3.1732
-6.80847
0.668788
0.0353039
1.70457
-2.37155
2.44826
0.608955
-12.7325
-5.25505
0.967524
0.154353
-9.71792
3.58283
3.29864
0.281386
2.93834
-0.65496
-1.08657
5.0021
-5.09378
-4.70978
1.62617
1.88134
0.173975
-4.72908
5.82016
-10.3376
1.9806
-2.24515
0.258594
6.55957
-0.430701
2.59516
2.10048
-4.63834
0.0466551
-22.1419
8.63325
4.08168
-2.00802
0.542153
-1.27991
-3.07337
-12.1831
-2.80181
-0.835104
2.97116
-0.925685
2.23218
-0.824168
2.96512
-4.67332
0.0235446
2.2653
3.70657
-0.599444
-4.47372
4.06088
-1.40593
-1.67921
-16.3976
1.79305
4.10924
5.14772
-4.52941
2.12687
-5.17261
2.23078
1.37745
1.75142
-0.650742
2.40332
1.72763
-2.6963
3.02495
-0.0259052
0.282731
9.93826
-0.95819
1.67019
1.76339
1.05553
-0.872715
-4.21182
1.61994
-18.5382
1.77172
-12.4962
-10.9463
2.48435
1.70907
-4.25416
-2.08235
4.24644
2.05603
1.40008
-2.85137
4.70011
2.70433
-15.9838
2.2564
-1.66875
-1.16615
2.48353
-4.86181
2.74856
-0.362904
3.5282
-2.17511
-4.54533
0.248767
0.983263
1.13035
0.740445
-0.109145
-6.2453
1.156
-0.612463
7.3313
2.91048
-24.4216
-12.0721
-0.776022
-15.4088
-2.38071
3.86834
6.37977
2.7885
-14.1437
-4.92745
-32.8766
-0.173849
-1.72713
2.73164
5.68436
-1.29555
3.84402
2.83878
7.13662
4.41571
2.28297
2.91536
-0.560542
6.9869
2.72933
3.60623
3.98689
1.30174
2.82789
3.84663
-1.34594
-12.1375
-2.83623
1.88206
0.396388
-0.124617
-10.3516
1.65472
-5.19644
2.64143
1.46166
4.18723
2.62864
-0.0991339
0.935442
-12.5029
17.8117
-1.86904
-0.994611
3.19816
1.77383
2.0375
2.69655
3.04949
0.418118
-1.4324
3.10774
1.88937
2.50398
1.88183
-2.98369
2.27993
2.16327
0.369464
-4.09679
1.85378
5.23123
-0.55119
2.75545
-3.33746
-4.47434
-3.36522
2.23448
2.54759
4.16516
3.87765
3.84392
2.6162
-2.90117
2.98421
3.04962
2.66222
-22.0499
0.34288
2.56054
3.00055
-3.87483
1.85606
3.49927
2.69394
-1.40938
2.45143
1.75022
-1.77835
2.98195
-0.96114
2.56896
1.81217
-4.11489
0.435075
-0.918969
4.02776
2.47307
3.50179
-4.43069
1.83271
2.07247
-0.982417
-13.2573
-2.23407
0.827065
1.18089
-11.6561
-4.94267
8.6265
2.63838
2.89347
3.79546
3.80796
-0.896917
-15.4665
3.34562
1.7809
2.4373
2.21706
2.0101
-2.39502
0.244405
2.53734
1.91928
-1.25452
8.0232
2.79771
-0.644673
6.29
2.73988
-25.7633
1.79333
2.1537
8.97374
-0.820966
2.00521
3.00773
3.41893
2.52624
7.84416
4.69805
-2.20432
-1.61899
-2.03654
-1.54061
2.90217
1.38287
1.89266
-29.859
-8.63073
0.402761
0.0300381
2.99583
-4.68167
2.01508
-5.33991
-4.67691
5.56526
0.586092
2.82384
3.00187
15.3178
2.79624
-1.38436
-0.544165
2.81844
4.37569
4.46371
-0.819424
1.29469
3.24813
-0.39098
-0.535272
2.10458
0.573457
-1.38836
1.31652
-4.63723
3.93325
2.74704
1.95537
4.0808
0.794651
-1.79765
0.375132
-3.28973
-4.27986
4.16841
-0.478778
2.729
0.879171
2.49293
-0.79893
1.81243
0.309413
-1.53291
2.47314
-0.721288
2.57214
2.45211
4.9893
-12.614
-0.520257
-1.16639
2.66957
-3.57294
2.65836
2.32657
-4.04814
-9.85137
3.02764
2.49923
-11.33
3.82764
-1.15039
1.01814
0.862476
4.49352
2.92129
2.20683
1.76211
1.55308
-0.80431
0.638589
1.28652
-0.890866
-5.2147
-1.46922
2.21687
-12.1792
-14.1481
-3.82212
1.06135
-1.4196
4.25919
-1.43588
-39.6378
13.837
2.25896
2.46549
4.04697
-11.5366
1.88196
2.06066
-0.407611
1.20078
-3.35936
-1.25062
1.90937
1.17692
-0.767075
5.30041
3.2782
-15.9105
-17.7079
3.49977
-19.0306
-0.474159
-13.0118
-1.05156
-0.406997
-1.31903
2.7026
2.77481
1.56826
8.12257
4.26592
-13.0654
-13.416
2.514
3.82694
1.69199
2.92857
3.91031
-0.799094
-0.787465
8.3829
0.690926
-7.41102
1.69216
1.29042
2.74557
2.03955
3.98862
-4.05133
-9.91902
-11.2025
2.17354
-12.7533
-15.9501
2.57212
1.40584
-1.39653
-0.341501
1.03114
-3.22399
3.12932
-12.2153
2.24931
-14.3365
-0.601981
-1.49008
2.22445
16.7716
3.95772
2.43911
3.4514
1.50901
1.69347
2.99306
4.73862
2.76092
-6.60957
2.76992
2.0088
-1.33557
0.594058
1.77055
2.28369
-14.7627
2.38083
2.60531
-0.629876
2.37764
0.624956
0.906789
2.7151
4.92295
5.51845
1.75186
1.47081
1.79227
-15.7197
2.4073
2.27298
-11.7751
1.89058
1.86771
3.84324
0.225556
-1.3879
2.73061
2.84535
3.08259
0.488591
-1.61888
6.71955
-30.3943
2.44658
-2.65722
-12.2095
-0.968875
2.45171
0.698738
-2.08798
2.19211
2.11692
-11.8251
4.03305
-3.41291
1.39895
-1.0258
-0.0891893
-10.9372
4.69652
2.16164
1.46131
2.6397
5.12677
6.4975
2.9087
2.93582
3.73163
2.66261
1.67137
1.72775
2.7186
9.27724
-1.49531
2.85876
-0.933787
-0.142138
0.878447
4.87
-2.93586
8.65383
5.50903
7.87266
0.942255
1.70448
0.864438
6.64467
1.51171
2.97542
2.10671
-13.132
3.28736
-0.700528
-0.786633
2.75567
-0.761467
2.75783
8.93062
-11.7182
3.00434
-0.152259
3.60848
2.99798
3.99881
1.28624
2.41628
4.80509
9.19244
-4.40536
-0.964313
-0.441554
0.520478
4.51071
-13.3445
2.91676
5.47791
0.568983
7.44254
3.56203
-15.4535
-9.8776
2.74236
3.95713
-4.51446
-0.496668
-2.48545
-0.382524
0.118257
-3.52204
3.12084
3.02528
-0.971252
3.80909
-4.40799
3.63487
0.0818214
2.16674
2.25214
2.22495
-6.24514
2.70334
3.61715
4.85844
1.95703
-2.15313
0.0957973
3.90159
2.57695
-4.59954
2.29422
2.49328
-3.56398
-1.01591
6.59449
2.65639
-11.8308
1.88453
2.70299
3.34059
-0.0778832
-11.2726
-0.911161
2.97969
0.605025
9.23386
3.65819
2.51523
2.97376
2.52301
-0.782014
0.0381953
1.99216
1.0214
-3.00646
-12.2559
-39.5406
-0.33481
-12.3248
-1.18164
1.81264
-5.57736
4.0023
-9.67734
3.75134
-19.5245
-1.30913
-4.10009
3.04263
4.08258
-3.21453
2.53049
-1.2072
3.83572
-14.3666
-1.20846
3.03385
1.92013
1.58303
-1.46349
0.551308
2.65233
-0.262025
2.44278
2.46806
-5.65557
2.03065
-2.87688
-0.126039
-4.04714
-4.12705
-11.7739
5.93727
0.172757
-1.67607
-0.846182
-1.13895
1.53688
0.417841
-3.77888
-2.65218
2.77723
2.15619
-3.44186
-0.811231
5.23024
-31.5982
8.68675
1.80686
-34.3025
1.18473
3.11531
0.573935
3.06434
-4.91779
1.6987
4.71946
-0.9707
9.10332
-2.31096
-0.626527
-0.852352
1.82532
2.6266
2.94102
-1.19019
-4.04079
1.26007
1.70429
-0.890899
5.66421
-0.750134
-4.26348
-2.91995
2.04548
2.94546
2.18347
1.9464
2.04712
1.70517
-4.19143
-4.29362
-4.00996
1.84614
-11.668
-2.83133
4.11832
-36.1385
-1.25477
9.08195
2.31404
3.05897
1.29069
0.973541
8.36033
2.71543
-0.324746
-0.519852
2.32314
1.62998
2.15951
3.90466
3.93282
-0.948664
8.99476
2.5695
1.71085
2.84034
2.21292
-13.8243
-2.90477
3.23565
-1.71374
3.75344
1.37597
3.00275
0.974843
-12.8618
2.81892
3.44552
5.32375
2.15386
1.8642
-4.15542
2.04231
-1.19112
-2.13812
0.770601
1.70496
3.84068
0.0394628
1.82899
-2.50906
1.69434
1.55969
-3.63918
3.05366
1.5581
2.89099
2.8139
2.82407
-4.22668
3.97902
-4.09168
1.23552
2.73262
3.85805
8.68214
3.67832
-3.47658
-4.97707
9.24441
0.93835
2.99502
1.62188
-11.3346
7.6067
-4.62922
-1.54075
2.81887
-1.47582
-0.810799
7.29591
2.82147
-4.614
2.31621
0.337479
1.38264
4.18571
2.89825
-12.3869
-3.90576
2.27546
3.29914
-23.8705
-11.8743
-0.244145
3.44666
2.98113
1.89151
-4.28791
3.45437
-1.09686
-10.8273
-0.987877
2.93715
2.85198
3.22951
1.86852
-28.2599
-3.36279
1.22601
2.54805
3.0888
-38.7949
2.06127
-14.3569
2.18749
-0.516271
-5.32493
3.10261
3.18481
2.10698
1.7546
3.45246
2.04398
3.94022
1.90794
2.22695
2.78723
-1.40171
4.13728
4.08445
0.336843
5.28453
-12.3522
1.77191
0.236151
2.65215
-8.58456
-3.87136
-4.00129
10.8347
-0.524458
-1.81547
1.15543
0.523435
-4.21695
-0.810266
-1.12769
-20.2116
-11.3369
0.746496
3.88821
3.04651
-4.13634
-13.0535
2.16131
1.95264
-1.27279
1.5141
-2.91156
2.7867
2.3824
8.30001
-12.819
-13.4993
0.684481
1.54995
2.74677
2.956
-1.07287
-4.40013
-1.87283
-13.928
-11.8942
4.06167
2.63868
3.06648
1.08325
-1.1888
0.640193
-0.737437
3.33928
-3.87805
-3.35974
1.60776
2.55427
-4.81726
-42.6788
-2.59574
1.12493
-15.1338
2.82181
0.125697
3.6708
6.70613
0.575384
-13.5281
-14.6587
2.69092
1.28704
2.67448
-48.4121
-15.792
2.98092
-5.24858
7.71576
8.81454
-3.47138
2.85142
1.839
-5.0857
-0.176312
-1.21501
-10.0974
8.68685
2.14395
-0.828031
1.9319
3.11421
-0.0912536
2.05611
-2.13984
9.18269
1.56173
1.38276
0.846041
2.06263
2.65373
-4.64641
1.27986
2.68477
2.20786
-0.950598
-47.0973
2.52765
4.16949
-10.9603
2.2518
-1.82034
1.8825
-1.07563
1.30797
-13.7938
2.93989
3.00795
1.8012
-0.904709
3.01437
-1.14099
1.60241
-1.43807
-3.00459
1.63995
-4.90181
-27.1414
-0.887799
2.3547
12.8291
0.439837
1.5178
1.92619
6.22518
1.11651
-0.0921729
-0.67835
1.41198
4.67151
1.52374
8.2141
-3.33312
-14.8952
-2.73581
3.5514
1.84728
1.55057
3.05584
-5.10906
6.00422
1.23712
9.10718
-3.16435
3.32788
3.09853
-24.644
-13.4222
2.96632
-0.762886
-3.64485
0.0763375
1.64426
8.9411
1.57397
-12.2502
0.0289954
3.93375
0.111577
2.55041
3.35763
0.60027
2.87086
4.24416
-0.118946
2.46415
-11.1159
4.27997
3.58451
-4.11445
1.40371
2.77801
2.62546
-16.4471
-12.4109
2.75228
1.19942
-1.42489
5.31091
-3.16424
2.82451
-0.46915
3.92042
1.83925
1.30752
-1.48303
3.02674
2.67549
2.41116
-12.1233
2.60363
-57.5654
2.9113
-0.479248
-2.18028
2.63736
-0.629823
-0.783087
3.85162
-54.8988
7.2706
0.983177
-0.240705
1.37904
0.194368
2.85004
-11.5058
1.33352
1.44897
1.90129
-12.0757
1.01298
2.80794
-18.5508
2.94881
-1.30856
2.90502
-0.55967
-12.5072
0.594612
7.63488
2.92967
-1.33908
1.7991
-3.3258
-4.58821
-50.8982
-1.32505
-16.0884
-1.17199
2.4849
2.87556
-0.396244
8.36937
4.04166
-0.526499
-9.23232
-0.618161
-0.813496
-2.82926
-0.868738
1.26939
0.475174
0.801374
1.9418
0.70522
-5.08873
28.156
1.325
2.07094
1.63171
1.25101
-0.688632
1.29038
-4.41064
-9.62202
-0.499491
-0.414437
4.3548
-4.46646
-15.3871
-1.05337
-0.519209
1.57493
1.30962
6.77557
12.3517
1.38956
1.38709
-12.8824
2.15689
-1.68068
1.62239
2.91764
-1.49555
0.164415
2.02204
-30.4326
-22.56
-2.85266
5.28793
-3.12146
-3.0175
3.90059
1.23184
1.51771
2.92697
1.05848
1.61454
2.78093
1.31028
0.435848
1.39264
2.74703
-3.70785
-1.35757
3.08718
-39.3273
-0.166042
2.238
-2.94775
-31.0614
-3.12714
4.01693
1.40924
-0.871235
2.2117
-4.30571
0.191052
2.22974
-2.21812
-3.04269
2.25092
5.55712
-4.93638
7.38181
3.60586
-17.716
1.71972
-1.40715
1.92657
1.49473
-0.314719
2.01058
0.256036
-1.04611
0.0579996
-4.25582
-0.902152
0.0236672
19.1279
4.36186
0.756416
3.01229
8.56196
-0.786514
2.47928
-4.75044
-51.1036
-4.45456
1.85624
-13.5225
-1.5362
1.94191
3.50394
1.75151
3.44151
-2.64941
-0.964437
-4.85448
1.39526
8.9013
2.95992
2.25545
1.16751
-2.80859
-0.455955
4.24252
3.14792
2.37718
3.48064
2.98431
1.88948
-17.4186
2.49904
-1.05352
1.30072
2.17775
1.66055
1.78223
5.76882
-15.6198
-16.7614
-2.57978
8.84373
-0.437251
2.77438
-0.650152
2.08272
2.38141
-1.54209
5.3434
0.00334016
-20.0899
-1.71842
3.05399
1.0832
3.00602
1.22421
5.04533
-2.10297
8.16719
-0.477532
-2.20469
1.20679
-15.9274
5.52055
-9.07497
-0.790871
1.34015
-13.2815
4.11313
-1.22564
3.0476
1.48596
2.29885
2.23953
-25.6086
-4.12935
-2.33942
1.61263
2.91274
1.43664
2.50107
1.70474
0.0872894
1.41652
-2.41786
1.73852
1.66482
4.76125
-5.16749
1.88969
1.54813
3.01517
2.51687
2.5205
-14.9698
-3.74819
7.36825
17.2288
5.64026
0.427554
5.07082
-3.32532
1.30414
-0.516065
-1.77464
-3.2185
-12.0711
1.34469
2.46499
2.70551
-23.2943
3.56088
1.19382
2.35378
-1.32043
3.73611
-1.51466
1.66759
-0.629292
3.96186
2.61997
-12.4839
1.98462
2.34922
2.02941
8.02548
8.89157
1.58705
-1.14874
4.09205
-3.82467
1.04483
-1.02702
2.20403
0.850597
2.77568
1.64905
3.23747
-12.2653
3.01697
3.93699
7.99939
2.65397
-2.34847
-0.622387
-1.77845
-0.894949
4.13823
0.296587
4.52628
-58.0396
0.766644
-4.44153
1.77805
1.87192
2.35657
4.9689
-1.32518
1.9791
-13.6018
4.79099
-1.40823
0.588564
6.5638
1.2412
2.99521
0.834606
2.01603
2.79287
1.92342
0.518195
2.24796
3.03564
-12.4725
3.61735
2.53057
3.15175
-6.7279
2.15734
4.31306
-18.431
5.07181
-3.21926
2.34419
2.1929
1.23063
0.919553
1.6394
-8.60524
3.39605
1.95997
-1.62085
1.93097
-2.47597
-0.657438
1.7733
0.0362324
0.110726
1.65414
-0.987663
0.442413
1.58926
-0.846886
0.306763
2.81492
6.94873
1.94399
7.50126
1.80315
-1.43983
4.24694
1.66305
0.490638
5.86226
-3.24171
3.26917
4.42309
-4.05452
-6.51707
8.75324
2.0632
-0.774012
-0.503908
2.59743
-46.3372
2.67812
2.85376
1.35062
2.27371
-15.1518
3.36161
1.95109
1.63598
2.54977
0.89459
2.17245
-0.462681
-4.39092
2.77884
0.109206
-18.5194
-1.15457
1.6439
-0.178084
4.60255
1.80863
-1.49901
2.36145
2.67742
3.07843
5.60232
-11.5069
-0.035605
-0.488625
1.85924
1.39811
-0.692224
2.8316
-0.31159
-3.26405
1.43004
-0.765598
3.36963
2.49161
2.97428
3.44284
-3.80212
-5.1281
2.80975
2.28978
4.90482
2.84109
7.02134
2.16906
3.00444
-4.47712
7.13131
-3.70125
8.13768
-0.515145
1.58715
3.97133
2.61203
2.75975
0.0740833
3.00196
-0.41444
-19.7185
-3.28364
2.22272
-25.1426
3.74639
-22.6788
-3.95087
2.34496
2.5629
-12.0024
-3.99848
-2.85212
1.59367
-0.762798
4.48844
0.56474
-4.80076
5.78675
1.01247
2.17674
3.90645
1.94575
-0.623258
3.03947
-0.0975793
2.67875
2.50272
2.62499
4.52574
0.970404
2.11431
4.42556
4.2247
-4.2942
2.77079
2.88957
3.82491
1.43012
2.69409
2.88104
-17.6014
3.62398
2.93313
-5.34804
2.4684
2.8745
2.48426
0.373889
2.72663
-4.50351
0.93011
1.60307
2.74459
2.06524
1.75571
7.60168
-18.3193
4.28988
-1.3941
-0.584372
-0.683639
-1.48306
3.64146
-0.748075
3.99975
2.58745
-4.47437
-60.1269
1.18652
0.300285
1.10932
-2.19833
-62.7265
-8.8085
-4.57044
1.3068
-11.9094
2.09239
4.43546
5.52461
0.284766
2.14303
0.389807
0.968865
2.60691
1.47738
7.64922
1.30926
4.40167
0.863567
3.79563
-0.0427479
1.84478
2.10683
0.861016
-0.251637
-1.52985
-3.28723
3.36824
1.0326
3.17701
2.7775
-3.87284
-27.5612
2.29038
0.0378228
1.17068
0.601302
4.94354
-1.3741
7.43842
0.951735
-1.13888
1.93169
-0.85375
0.722588
-0.471915
-4.59263
-1.94742
-15.2566
-1.85951
7.13212
0.866297
-26.258
3.09395
-13.5128
0.811391
-2.41636
-10.948
-0.551302
1.99607
2.5164
0.930027
8.6149
3.97073
-3.50663
4.67575
-3.6956
0.312708
-2.03539
19.4164
2.0702
2.54141
4.79457
1.13907
4.04701
4.81464
8.16468
-12.5444
2.27985
3.30008
1.58644
2.51894
5.73472
-11.5375
-3.96296
0.755195
0.27976
1.04978
1.39101
-4.05588
3.55686
-1.54429
-0.944091
-4.72807
-21.6241
-3.52759
1.84411
-4.28396
-2.87954
-2.90015
2.16156
6.45427
-0.480058
5.90062
-8.77274
2.02496
0.470211
2.53515
-3.05677
1.57009
-0.136003
8.1447
1.67359
-7.08764
3.99535
-41.1673
0.386441
-3.80061
-2.25553
0.986433
-4.80683
-7.97207
-10.8935
1.56226
-12.0653
0.667865
-3.60992
3.59366
2.64212
-45.6901
0.450309
2.30212
2.69654
-4.73563
-10.7442
-0.852893
2.63219
1.84618
2.94677
2.93462
3.01839
1.59624
1.62401
-1.60816
10.1909
2.14826
3.27291
0.873801
2.43667
-0.264827
5.13574
-3.23123
8.13032
2.81387
-4.38525
-65.0349
-3.60157
2.80063
-0.866275
-33.387
2.17164
0.634978
2.94297
-0.594955
7.77029
-2.99383
-3.42487
-2.78792
2.49108
-3.68746
2.3917
0.261998
4.46404
0.360622
-15.0323
1.80079
-14.9633
16.4141
1.79096
-2.86831
1.72256
5.07046
0.861368
0.314973
0.690304
2.04076
3.50688
5.10368
2.34265
-0.601435
1.41813
2.82722
-6.89558
0.279766
2.52031
-3.43266
2.91286
-2.02833
-13.8339
3.62689
2.57635
9.09424
4.07152
3.14099
-6.84167
2.47807
3.75131
2.65202
2.6529
-1.53553
-5.33002
0.971414
-3.44689
4.21125
1.90385
3.27143
2.89116
-4.50537
2.69609
3.72065
-26.2462
-3.30415
-3.61471
3.07131
-9.9028
2.37928
-1.3965
2.32651
-3.26642
4.04989
-0.677891
3.34792
-0.104487
-35.8701
3.16421
-4.70034
2.87333
2.20234
2.77114
3.30909
2.91687
-0.94948
2.55762
2.23084
7.93181
1.73536
-14.5145
-11.3935
1.43325
0.00592908
-2.56153
2.09831
-0.904195
-0.992679
8.65295
-1.46608
2.86455
-0.413792
7.07344
-2.42355
0.879287
2.66096
4.55449
0.878959
-11.8853
1.71765
-3.81605
-1.30885
0.651209
4.85666
-0.645026
0.535397
8.30602
-1.95828
-1.9728
-64.6075
-4.52853
-0.649875
1.63041
-2.26877
15.8233
9.27894
2.76008
1.70419
4.94134
1.51245
4.20816
-10.8991
2.6681
-4.88851
13.5653
1.92194
9.75162
1.10381
1.47756
-5.06602
-1.17693
6.71626
2.55675
-8.29152
1.23266
1.63063
-9.68343
-14.738
1.41058
2.4245
1.99825
-2.83775
3.22326
-14.9941
2.7953
2.37583
3.91322
0.99454
-10.6123
-12.1803
-8.09821
3.63498
-14.0645
-0.943439
0.971407
2.0707
-12.0134
-6.61569
0.965868
-1.11483
-10.8662
0.429548
-0.921252
1.17652
0.559708
3.03525
-11.9112
1.33957
1.35955
0.0015211
5.56126
-20.1407
0.685165
-2.6368
-17.4667
3.03552
0.37055
-24.0039
1.95475
0.19912
2.84576
-0.600142
2.27911
-3.95622
0.359
0.0171835
-0.0300506
3.48218
2.65707
-12.2518
2.21493
1.07847
2.69516
0.218332
-2.99977
-67.1502
1.75537
2.32086
1.20419
2.53486
1.66171
8.22563
3.73912
12.8312
1.87289
2.11178
-0.596988
-5.06935
2.61654
-13.006
-3.48542
3.13647
2.58997
1.32778
1.41264
1.60189
-2.1484
-4.59578
-14.5164
-1.6681
-0.687697
-4.81202
-1.84751
-1.78285
-13.797
-1.25696
-10.4333
-12.0042
-4.00998
3.65971
-1.40323
1.76161
-9.34279
1.55174
0.193386
2.5692
1.7973
8.41015
6.71741
-1.35245
-14.9082
-0.492274
-1.51001
-0.638957
-0.572285
0.626015
-2.64832
-1.17315
-4.51228
1.31284
35.8743
2.94779
-0.658676
-45.9604
-15.1313
2.63973
-4.44156
-8.33495
-2.88638
-0.722599
-1.1286
-2.67622
1.65862
4.61731
-0.569759
1.14996
2.39461
7.21249
-2.23894
-0.53798
3.65676
-1.94456
4.22814
3.50648
1.79322
4.32769
1.80222
1.58286
1.24326
-0.294172
0.169381
-12.9732
1.53431
4.55111
-24.4918
-0.00945356
2.97016
2.30456
3.71409
0.497389
-13.4579
-12.2481
-0.470802
3.72854
1.26056
7.20008
0.0296234
3.63545
-4.91747
-14.6101
1.24545
-0.212461
1.30657
-2.31276
-21.6903
-1.34537
3.98201
-2.39921
-2.07005
2.57187
-0.755278
8.89853
-33.4754
1.10585
-0.474801
3.63879
2.05989
2.24449
-19.6159
4.19355
-0.981783
-38.121
3.18171
2.48814
2.28924
-1.07699
1.97686
1.50557
0.567776
-0.775713
0.466956
0.234098
1.41155
2.04794
-0.459433
-4.21628
1.6959
-2.02973
-0.614335
-1.29983
2.35596
3.87605
-2.64489
0.222663
-10.7627
-16.9685
0.934769
3.59284
2.53498
18.1227
2.1669
-54.6762
1.69629
-3.21826
2.03686
0.308644
-15.1895
8.34059
4.48707
2.65697
6.05397
-1.0567
-2.96838
2.27237
1.20069
-9.7908
2.77208
1.68884
2.50352
-24.3086
-19.9929
3.5632
3.90998
-4.26121
2.87732
-1.02097
-1.80124
2.37745
-10.872
6.01718
1.49005
-1.56829
-46.0306
-4.1227
3.06377
2.38781
1.58196
3.02319
-0.836412
-1.22153
-19.467
1.6126
10.6217
1.50584
0.121804
2.3274
1.62399
10.2387
1.64327
-12.1638
-3.34541
1.55424
-35.8969
-0.876042
1.72431
-10.492
-0.742732
4.36738
-14.3874
-2.3577
-6.78772
5.5896
0.696561
2.52298
2.83757
4.25997
2.85112
7.51442
-65.4788
17.6397
2.76402
-0.978701
2.57501
0.839282
3.3088
1.6737
-11.0481
-11.3919
2.39549
-1.63277
-1.08216
-23.9139
2.12171
2.84659
-69.5492
-9.44988
3.63302
3.52699
-13.1715
3.64072
1.49479
-0.271591
2.43587
-0.890989
-17.5153
-1.06393
6.34638
1.65781
4.06741
-2.53589
-0.684962
3.70796
-0.882432
-11.8926
2.84721
3.2584
3.35857
-14.2498
-3.20757
-2.68769
0.014884
-10.4743
3.95264
1.3913
-3.71835
6.58562
11.2473
-7.9091
-12.7744
2.8378
3.03221
-12.8552
-59.2021
0.0757423
-3.26056
-39.7268
2.43936
3.03336
3.14016
0.0879765
-2.66697
-13.7494
-14.1625
-1.06029
-40.0928
-1.20829
-67.0358
-17.0038
-0.423289
2.0347
1.52282
2.73923
-0.40016
2.49098
-5.88506
-29.2943
8.30635
-0.756382
0.0455288
-3.64839
-0.61591
-16.4411
4.04503
-48.585
-11.3984
7.9402
3.6394
-1.3496
-13.7221
0.80849
-4.04585
-47.731
1.63171
2.70551
-14.8711
-5.05848
1.34859
-4.43956
1.56547
7.51404
2.48856
-2.20937
-1.30407
-1.04928
-1.05201
-3.07514
3.06664
-3.697
-2.99479
-25.0938
1.6995
-23.3551
-66.5537
-1.28224
1.82209
0.947877
-0.391362
1.65341
2.79201
-2.01316
2.57215
1.61219
-4.08649
0.156202
-3.85682
-4.02566
-2.1752
1.65856
-1.39069
-12.0494
3.97124
-33.3625
-68.316
1.66779
-0.65218
-0.615791
3.09415
1.05542
9.45987
2.55279
-0.271886
-3.5498
-3.12122
4.59471
-12.1306
1.66513
-13.3901
-50.9295
1.98304
0.0306416
1.516
-12.3915
2.43133
1.00865
2.12713
-0.783944
7.3685
3.83213
2.47719
1.78124
2.38469
2.35473
2.35637
1.58328
3.89352
0.0813811
2.05799
-1.3297
1.46927
-52.0739
-12.7292
1.23762
0.998352
-9.96389
-3.62815
1.4707
-1.85766
2.97434
1.74118
-10.8873
-6.14859
-1.83886
-0.936059
-0.968096
-1.3189
1.78918
-3.44908
0.762898
2.51253
-13.5889
2.50995
-3.61354
3.4721
-2.03558
6.61273
-7.37904
-3.21051
2.14606
2.49055
1.88825
2.3372
-12.831
1.75788
3.82641
-2.97373
4.92079
2.82774
1.31718
-1.02926
4.58771
-21.2897
2.16065
2.4516
-3.14817
1.14082
-0.617629
2.1882
-18.7664
7.95198
-16.4397
-12.0625
-14.0485
2.83633
1.23329
-12.0984
1.7251
-0.781422
2.25198
-0.845203
-1.42269
1.51357
-2.17064
-3.02375
-2.55531
3.90639
-16.1144
-11.4896
3.29857
-2.23479
-2.44406
13.619
1.2943
-49.0272
-0.992448
3.6052
7.63377
-1.88654
-13.9649
8.17033
3.44263
1.82338
-3.13436
2.12818
1.47251
-0.810586
2.85134
3.92598
-4.81598
4.2866
7.95934
-4.87994
-17.5806
-1.13753
-0.370613
2.38443
-11.0352
3.98743
3.12451
-4.61328
3.69108
-0.806351
2.30664
0.240528
-1.34122
-0.0604669
2.2134
-2.3409
-3.3304
3.01485
2.71027
2.84429
-4.05609
-4.77184
-0.400471
-4.92849
-10.9301
1.40801
8.31957
3.98607
3.24979
-0.819626
-3.92863
-11.8282
2.972
-2.72075
4.09997
3.01993
-2.31693
1.69884
2.5829
-30.9077
-5.18476
2.62893
-2.08881
-2.63675
-0.625074
2.43556
-2.9025
1.51429
-0.0819388
-4.82179
-1.73923
2.23791
3.05701
-0.889949
6.22382
6.83106
3.63245
7.95863
-0.757646
2.59458
3.17437
-12.9049
8.55001
2.42799
-16.6975
-1.47988
-1.51881
-0.485629
1.36146
-13.451
8.93593
-1.05161
1.70852
-13.3258
1.96049
1.80635
-48.0058
-14.3845
7.83915
1.01329
-16.2521
-50.5373
1.72476
1.47038
-0.332883
3.5042
-4.2514
-0.568982
3.99957
-2.63194
-11.882
1.67229
2.63397
-3.2242
-0.812851
-0.333175
-0.92367
-0.567806
2.95716
-0.64572
3.02777
2.06649
-0.710051
-0.459767
-0.806476
-5.08721
2.07843
-0.78785
3.17352
-1.25152
3.19182
-34.572
-14.3137
2.42031
-11.4538
-1.9776
2.88765
2.32428
-3.78439
-4.51651
-3.89399
-2.08687
1.39178
-12.0284
-13.4855
1.203
-3.00946
2.38368
1.44011
-53.9472
-27.8346
1.36621
-0.950907
1.55005
-1.75113
3.04818
0.275966
-5.02716
0.5191
3.25522
-0.983605
5.36381
-12.1396
-1.07303
3.01153
0.323371
-3.45511
4.01613
2.46402
3.94063
-11.2212
1.17281
2.04351
-2.03443
1.50478
0.734674
5.65054
1.36577
-13.3456
2.60551
-27.3891
3.62927
-0.884837
3.3066
3.42362
2.11221
4.56162
3.70009
1.85771
-7.59042
2.87503
2.06181
2.11267
-1.31379
-15.4177
3.58785
2.43047
0.385163
-0.899975
2.96532
0.187983
-0.999121
-1.98301
-13.162
-0.832831
3.23803
2.06768
-10.9464
1.52724
1.46393
-3.91698
-31.8316
-3.28869
2.11535
3.95358
1.79092
6.66855
-1.75899
3.03674
4.05062
-0.96342
-3.33901
-5.2519
2.00868
2.35194
1.37018
6.35617
1.38887
-2.87394
-13.0543
-3.08184
-2.39037
-1.0105
1.91333
4.52946
4.44892
4.41001
-0.979782
2.33476
3.06717
0.335407
3.73989
9.03573
3.92146
3.59957
8.39116
3.7595
5.17809
1.33292
1.53604
-14.0966
2.09573
-2.50496
-0.0819704
-1.58439
3.16025
1.72468
2.62149
-3.95646
-35.9575
3.34026
-2.80951
-1.87698
1.77703
-64.0259
-3.99032
-59.7747
1.0914
-4.15858
2.89641
-0.586109
-8.57925
-13.0009
5.91834
-2.58509
2.87158
5.86682
1.90685
-2.47842
3.05266
3.53476
-8.75936
-0.126585
12.418
-0.938383
2.65192
2.85849
2.88004
10.3788
-0.824614
0.236303
-15.8529
-1.30352
1.20985
1.9653
-13.6989
-2.49248
2.22951
8.44045
3.22431
5.18775
0.106471
0.687269
-3.70597
1.76744
4.14959
-0.759627
2.9281
4.04308
1.74797
4.00292
1.46014
-1.60321
-23.7934
3.01525
3.14497
-0.508523
-1.13091
1.4603
3.41533
-2.3979
-2.19644
1.40321
-0.198586
0.797623
-3.52142
0.918195
5.14108
3.72333
-57.263
-50.6308
-0.621692
-5.06622
0.918693
3.35022
2.95851
2.20546
12.8892
1.87716
-0.253694
-0.587117
-2.41593
3.62722
-2.52343
-1.53377
-0.498055
-0.203873
4.13116
1.997
2.63902
1.81477
-0.397443
2.90623
-10.9993
-1.35955
4.10346
1.69527
1.03945
-45.417
0.318428
3.56482
1.80315
-1.28903
-67.9309
5.71263
1.21403
-11.8842
1.75588
-3.72345
-12.7173
1.54616
1.45834
4.04883
-4.16341
-2.64115
2.74279
23.1277
-0.609422
2.71427
-4.38416
-12.3495
2.5081
7.49577
-63.128
-11.1738
-1.18085
-12.0046
1.6602
-1.22753
-25.8855
-3.47028
-0.69853
4.27076
-3.8437
-58.4122
2.24187
5.70146
2.21307
3.3477
4.18265
3.58894
-0.28044
1.61953
-5.3421
-2.83732
0.869506
-4.38858
5.25159
2.69876
0.023283
-0.423902
1.64852
2.43007
2.16429
0.151884
1.53776
2.10708
2.29589
0.401389
1.20623
-4.23672
-33.2279
2.34797
3.09063
-22.2931
3.5953
-5.10624
8.62369
1.35527
-0.457611
1.02309
-14.7178
2.02169
-3.65087
-4.08035
3.71597
2.50574
2.78095
2.00713
-30.4222
2.86673
4.09441
8.13189
-2.31751
-3.45464
-1.77458
-0.744188
2.90596
0.468961
-20.9838
-6.41078
-13.1148
-0.0871679
-14.8705
3.09266
2.79583
-2.22976
1.20582
5.00916
3.05871
-3.53149
4.94161
-3.69694
0.811063
2.35912
3.8542
2.48112
-0.628927
0.296677
2.70144
-2.21936
-50.4645
-2.05645
2.44914
2.13826
-3.46115
-0.239536
-11.0836
-0.57298
2.30594
2.86958
-5.15212
-3.16628
10.2027
3.25904
3.66386
5.38081
-0.0616248
0.430676
2.35809
2.57884
3.98769
0.504922
2.54816
-3.88827
2.99632
1.66137
-0.700952
-14.8581
2.18681
1.88236
1.8035
1.63229
-1.12574
-0.0762903
-11.2226
-3.33713
-3.94218
4.75389
2.17219
0.469131
0.164348
2.67946
7.84248
8.48072
2.0118
-14.4213
2.96188
3.46785
1.81815
4.9373
-4.12446
1.7027
1.5418
2.54856
1.54044
3.01053
-1.87003
3.01372
-33.2231
2.58069
-5.17529
-0.592732
2.38355
-3.14283
-1.51108
3.17776
-12.91
-3.64535
3.84447
0.0829996
9.60315
-15.3895
2.78703
-3.68171
-0.500755
-42.8264
-4.8318
0.875074
-2.71411
-2.30001
-11.6427
-1.13626
2.24198
2.80322
0.536832
4.89254
2.20073
-1.46705
-49.029
-63.6835
8.89494
14.4948
-54.1059
-61.0909
-10.9633
2.60201
-1.52174
-12.2534
4.63506
-9.79923
1.54571
-60.4316
-2.71467
-0.999559
1.48629
-2.97953
-54.6152
-0.56763
1.64262
2.32003
1.48548
4.00973
-0.534685
1.39317
-1.2303
0.475875
-50.7449
3.38604
1.62533
-0.938041
6.32943
-3.81172
1.90468
9.17885
2.96491
2.71186
2.62943
4.59829
-0.0422853
-10.1331
-1.14328
1.48007
0.190992
0.26516
2.96416
2.60316
-2.12567
-6.83039
-22.6728
0.00453768
-3.48531
3.86034
3.31822
4.36365
-61.4167
5.98169
0.655809
2.51739
-4.38459
1.3751
10.6285
-17.9703
-1.43073
3.29271
1.59305
-10.692
-0.928792
2.54539
1.6775
4.54029
-1.5335
-11.8932
-12.1942
-59.9149
-1.97096
2.14571
-8.85337
-58.3489
1.76126
2.57743
-16.6318
8.86958
-31.6676
-17.3162
-1.82173
1.75368
1.78848
1.39984
2.70666
2.98061
1.26122
-11.655
-67.0193
-1.48973
3.81395
-64.5452
16.6616
1.38424
0.447827
-3.24552
1.50822
-61.0268
-16.1202
-55.5166
-59.4674
4.00402
1.89479
1.32478
8.2201
-0.965109
-13.0076
-2.96868
-1.49518
2.54836
-0.805851
-14.1774
-53.2696
6.01026
-11.8194
-0.0510977
-20.4498
3.17172
2.98094
-3.2712
-59.5973
-52.5123
1.44643
2.71391
-0.226649
-4.21513
3.25656
1.55284
1.69175
2.56788
-4.24668
1.7204
2.01992
8.4264
0.0127198
2.88871
-2.12541
2.34574
8.80437
4.05311
2.94637
-18.5887
-48.9438
1.81525
-41.2107
-1.32563
-3.80271
-0.98947
-31.3193
-3.15561
8.17485
2.83911
7.43739
1.54011
3.25753
-63.2615
-2.66463
1.4157
1.77702
6.37739
-12.2419
1.74687
-13.898
2.44989
3.11801
-2.52364
1.43376
3.5693
3.23788
-5.3678
0.490916
-1.0269
-0.168991
-3.77899
3.42347
-0.517024
1.51353
0.486657
-4.0693
-0.841657
-29.3165
-43.5618
12.9873
1.68074
0.105622
-1.04396
-0.127343
1.88282
-3.61565
1.49802
0.190184
4.00155
10.4722
2.55159
9.71981
8.4159
-0.734583
1.42278
-2.27612
2.61876
-40.1082
-5.46514
2.1589
2.12696
-3.05973
2.94508
3.319
1.33897
2.74299
1.55111
2.96248
4.04241
0.233895
2.58412
0.152598
2.8601
-41.2342
-10.787
3.56255
2.97386
2.94947
1.40983
0.799944
13.9758
1.40867
-30.2782
-55.8779
-2.92722
-13.6063
7.62818
-39.6173
-39.0357
-6.32398
-56.4058
-60.7527
-36.8869
15.9071
1.53359
-10.8843
5.16645
0.00609638
13.3401
1.49804
2.92168
-44.8541
-12.9937
0.765396
-48.914
-60.3326
1.46029
-0.124855
1.91115
42.1726
-1.34213
-0.363557
-0.773494
-37.1091
22.1022
-61.1565
-40.6183
-32.0893
-17.798
-0.475544
-39.609
-42.0358
-43.4356
-30.3667
-66.0834
-44.2004
-46.3853
-47.934
-42.0225
-0.765857
-0.122097
-15.317
)
;

boundaryField
{
    back
    {
        type            empty;
    }
    front
    {
        type            empty;
    }
    outlet
    {
        type            zeroGradient;
    }
    circle
    {
        type            zeroGradient;
    }
    walls
    {
        type            zeroGradient;
    }
    inlet
    {
        type            zeroGradient;
    }
}


// ************************************************************************* //
