/*--------------------------------*- C++ -*----------------------------------*\
  =========                 |
  \\      /  F ield         | OpenFOAM: The Open Source CFD Toolbox
   \\    /   O peration     | Website:  https://openfoam.org
    \\  /    A nd           | Version:  10
     \\/     M anipulation  |
\*---------------------------------------------------------------------------*/
FoamFile
{
    format      ascii;
    class       volScalarField;
    location    "1800";
    object      k;
}
// * * * * * * * * * * * * * * * * * * * * * * * * * * * * * * * * * * * * * //

dimensions      [0 2 -2 0 0 0 0];

internalField   nonuniform List<scalar> 
10435
(
2.25165
2.71075
2.38392
2.3967
2.58696
2.89539
2.25578
2.06743
2.14109
2.81813
2.72331
2.27125
2.8536
1.57465
1.68576
2.11619
1.46653
3.08406
2.17074
2.30708
2.08418
2.39017
2.17966
2.20621
2.60338
0.729311
0.930303
2.60758
0.87209
2.96275
2.27575
2.71238
2.07485
0.894601
2.1033
2.40725
2.10526
0.963895
0.588802
2.18411
3.09402
2.25719
1.06703
2.39015
2.13194
2.19224
2.97255
0.97236
2.14152
2.37152
2.07612
2.48747
0.571215
0.804154
0.62336
0.815313
2.13136
0.988607
1.20574
2.14237
0.609997
2.65603
0.974372
2.46367
2.14823
2.46594
1.08206
1.08183
2.07393
2.22994
0.797123
0.855086
0.802961
2.34822
1.79239
1.13292
2.25324
2.19417
2.08338
1.77306
2.35402
2.14595
0.554182
0.812987
2.32992
2.12726
2.20513
2.44931
1.86761
2.30006
2.45744
2.45683
2.21542
1.977
2.37215
2.21677
2.41304
1.73469
1.32357
2.43123
1.78682
2.78314
2.09422
2.4205
2.80364
2.40021
2.27223
2.36773
2.29621
1.87863
2.36586
2.77366
2.06581
1.97639
2.48775
2.39076
2.38101
2.27562
2.57113
2.34051
2.33362
1.02116
2.39893
1.72323
2.82218
0.670383
2.37438
1.16893
2.46622
0.954522
1.42472
2.84981
2.0881
1.66326
0.908491
0.512485
2.34767
2.38091
2.54409
2.37719
2.34871
2.19894
1.00469
2.28306
2.38399
1.50889
2.06672
2.61873
1.42568
2.22491
0.874878
2.12961
2.26383
2.22343
2.64635
0.78953
2.79638
2.48829
2.73534
2.89149
2.17671
1.54975
2.56038
2.31419
1.90532
2.3845
2.09074
2.33302
2.24723
2.3579
2.54812
0.676595
0.853418
1.62044
2.20951
2.88852
2.55511
1.2151
2.34872
0.927105
2.72853
2.83554
2.24873
0.639876
2.16944
0.893341
0.990114
2.14522
2.60401
2.35449
2.29039
0.542204
0.918941
2.57379
2.77645
2.09818
1.29975
1.96714
1.1028
2.10584
1.88261
0.944798
2.72132
0.983938
2.57166
2.55668
2.5736
2.35872
0.989458
2.36965
0.781577
2.24195
2.29355
2.27673
0.913401
1.52423
2.00743
0.618842
0.738145
1.43724
0.896381
1.29101
1.0496
1.58116
0.769861
2.08759
0.658202
1.80253
2.3261
1.23507
1.17924
2.08433
0.695364
2.15472
0.991138
1.35928
2.17127
0.776114
2.20316
2.38485
2.36366
0.710193
0.638893
0.819947
2.57208
2.10418
1.99297
2.07644
0.695046
2.84147
0.730041
1.99682
2.88521
2.34668
2.1125
2.48532
0.640816
2.15242
0.728443
0.938164
2.19938
2.46541
0.716063
2.28142
2.09952
1.22377
2.32177
2.23533
0.593441
2.51295
2.25816
2.05639
2.07896
2.5723
0.785359
2.30874
0.952281
2.63214
2.11486
2.05827
2.80258
1.23137
2.33997
1.69525
2.09778
0.567864
2.59904
0.621695
0.820694
0.911891
1.75541
2.87712
0.988879
2.0623
0.59856
0.784811
1.3928
2.18196
2.66684
2.39069
1.10515
2.23004
2.42522
0.748406
2.69416
1.63267
1.34168
2.18183
2.41897
0.824152
2.31679
0.889561
2.73714
2.62315
2.12365
0.780419
0.652105
2.24515
1.12214
2.30329
2.83455
0.924732
2.18885
0.531183
2.06924
2.70441
0.837681
2.51273
1.13083
0.979645
2.1468
0.948016
0.823166
2.3546
2.18586
1.01309
0.778077
0.726257
0.851341
0.826345
0.874185
0.82524
0.595904
0.854572
0.823038
0.859562
1.04083
1.00781
0.521323
2.09309
0.829511
2.62024
0.910663
2.60665
2.08628
2.14326
2.86733
2.27661
0.81588
0.861167
0.749086
0.686117
0.809781
0.578501
0.894207
0.901256
1.02719
2.24225
0.880664
2.1151
0.653844
0.933068
2.94062
2.15118
0.569881
0.933199
0.962597
0.967895
0.854482
0.776343
1.09513
0.635146
2.069
1.05732
2.06343
2.10578
2.70218
2.79453
2.12498
2.51584
2.1073
1.40068
0.763108
0.858165
0.796014
2.43839
0.837235
2.9443
1.05838
0.93317
0.950878
0.976678
0.675866
2.18519
0.965164
2.06077
2.21237
0.669363
0.819008
1.00264
2.15658
1.01529
0.851384
0.734836
0.812421
1.01425
0.875065
2.48039
0.794209
0.821189
0.876933
0.912716
3.08307
0.573943
0.525721
2.14078
0.854529
0.164031
0.162193
0.158008
0.152232
0.145401
0.137749
0.12958
0.121178
0.112878
0.163971
0.161382
0.156915
0.151114
0.144364
0.136972
0.129219
0.121442
0.114038
0.163648
0.160595
0.155936
0.150127
0.143529
0.136437
0.129133
0.121946
0.115237
0.163444
0.160089
0.155273
0.149488
0.143076
0.136307
0.129449
0.122788
0.116616
0.163669
0.160092
0.155139
0.149402
0.143189
0.136746
0.130308
0.124106
0.118333
0.164598
0.160829
0.155753
0.150072
0.144057
0.137928
0.131881
0.126088
0.120673
0.166517
0.162554
0.157345
0.151711
0.145876
0.140039
0.134353
0.128949
0.123911
0.169791
0.165522
0.160141
0.154528
0.148848
0.14327
0.137911
0.132868
0.128209
0.174742
0.169933
0.164345
0.158725
0.15317
0.147812
0.142732
0.137992
0.133632
0.181311
0.175881
0.170125
0.164492
0.159033
0.153847
0.148986
0.144477
0.140306
0.189114
0.183426
0.177649
0.172018
0.166622
0.161549
0.156836
0.152484
0.148441
0.197764
0.192759
0.187143
0.181515
0.176123
0.171081
0.166432
0.162164
0.158235
0.208621
0.204417
0.198911
0.1932
0.187702
0.182576
0.177883
0.173618
0.169746
0.223184
0.218953
0.213225
0.207234
0.201467
0.196109
0.191237
0.186858
0.182941
0.241994
0.2366
0.230188
0.223665
0.217442
0.21169
0.206489
0.201846
0.1977
0.264599
0.257153
0.249693
0.242423
0.235575
0.22928
0.223615
0.218596
0.214179
0.289111
0.280046
0.271492
0.263369
0.25578
0.248825
0.242589
0.237099
0.232366
0.314863
0.30489
0.295395
0.286407
0.278008
0.270308
0.263403
0.257339
0.252132
0.341975
0.331604
0.321364
0.31154
0.302296
0.293786
0.286128
0.279388
0.27359
0.370796
0.360335
0.34949
0.338865
0.328765
0.319411
0.310952
0.303474
0.297029
0.401766
0.391358
0.379942
0.368529
0.357585
0.347397
0.338135
0.329906
0.32275
0.435468
0.42502
0.412912
0.40068
0.388937
0.377984
0.367989
0.359061
0.351221
0.472984
0.46171
0.448532
0.435414
0.422973
0.411423
0.400875
0.391424
0.383106
0.515961
0.501647
0.486716
0.47269
0.45978
0.447946
0.437178
0.427528
0.419009
0.566212
0.544256
0.527023
0.512333
0.49939
0.487766
0.477253
0.467859
0.458719
0.266661
0.266524
0.266883
0.267732
0.269084
0.270936
0.273289
0.276126
0.279438
0.283192
0.287361
0.291909
0.29678
0.301927
0.307274
0.312752
0.318281
0.323773
0.329136
0.334277
0.339089
0.343463
0.347274
0.350355
0.352483
0.353489
0.353457
0.352436
0.350355
0.346972
0.342511
0.337078
0.330675
0.323431
0.315461
0.306881
0.29781
0.288367
0.278677
0.268865
0.259054
0.249367
0.239914
0.230797
0.222111
0.213935
0.206332
0.199359
0.193041
0.187403
0.182448
0.178163
0.174536
0.171538
0.169146
0.167328
0.16606
0.165314
0.165066
0.265224
0.265417
0.266057
0.26715
0.268698
0.270701
0.273158
0.276061
0.279397
0.283144
0.287275
0.291753
0.296532
0.301559
0.306771
0.312097
0.317457
0.322767
0.327936
0.332869
0.337466
0.341625
0.345239
0.348188
0.350336
0.351524
0.351626
0.35057
0.348337
0.344981
0.340606
0.335282
0.329066
0.322029
0.314258
0.305854
0.296928
0.287599
0.277994
0.268238
0.25846
0.248781
0.239319
0.230181
0.221463
0.213246
0.205595
0.19856
0.19217
0.18644
0.181373
0.17697
0.173217
0.170085
0.167546
0.165568
0.16412
0.163177
0.162702
0.260751
0.260991
0.26167
0.262794
0.264368
0.266392
0.268861
0.271765
0.275091
0.278816
0.282912
0.287343
0.292066
0.297028
0.302168
0.307417
0.312699
0.317931
0.323023
0.327882
0.332408
0.336497
0.340037
0.342905
0.344969
0.346103
0.346203
0.345205
0.343085
0.339865
0.33561
0.330393
0.324284
0.317359
0.309706
0.301423
0.292616
0.283401
0.2739
0.264239
0.254543
0.244935
0.235533
0.226444
0.217767
0.209582
0.201957
0.19494
0.188562
0.182841
0.177775
0.173357
0.169568
0.166386
0.163785
0.161738
0.160219
0.159206
0.158665
0.253054
0.253311
0.254002
0.255133
0.256707
0.258723
0.261175
0.264053
0.267341
0.27102
0.27506
0.279427
0.284078
0.288964
0.294023
0.29919
0.30439
0.309541
0.314553
0.319332
0.323777
0.327784
0.331238
0.334024
0.336022
0.337121
0.337225
0.336274
0.334242
0.331144
0.327025
0.321947
0.315981
0.309206
0.301711
0.29359
0.28495
0.275904
0.266571
0.257076
0.247541
0.238088
0.228833
0.219884
0.211336
0.20327
0.195751
0.188828
0.182533
0.17688
0.171873
0.167503
0.163753
0.1606
0.158021
0.155986
0.154472
0.153456
0.152907
0.243113
0.243392
0.244096
0.245232
0.246804
0.248808
0.25124
0.25409
0.257343
0.260976
0.264964
0.269271
0.273855
0.278668
0.28365
0.288736
0.293852
0.298916
0.303839
0.308528
0.31288
0.316791
0.32015
0.322848
0.324775
0.325833
0.325941
0.325042
0.323111
0.32015
0.316193
0.311288
0.305503
0.298915
0.29161
0.283685
0.275245
0.2664
0.257271
0.24798
0.238648
0.229395
0.220336
0.211575
0.203208
0.195313
0.187955
0.18118
0.175021
0.169492
0.164596
0.160324
0.156658
0.153577
0.151055
0.149066
0.147585
0.14659
0.146051
0.231069
0.231332
0.232018
0.233134
0.234681
0.236659
0.239061
0.241878
0.245093
0.248684
0.252625
0.256879
0.261406
0.266156
0.27107
0.276082
0.28112
0.2861
0.290935
0.295532
0.29979
0.303608
0.306879
0.309499
0.311368
0.312398
0.312515
0.311669
0.309834
0.307008
0.303214
0.298494
0.292911
0.286538
0.279459
0.271768
0.263568
0.254967
0.246084
0.237041
0.227958
0.218951
0.210134
0.201609
0.19347
0.185795
0.178645
0.172068
0.166095
0.160741
0.156007
0.151885
0.148356
0.145397
0.142983
0.141089
0.139687
0.138757
0.138269
0.217252
0.217479
0.218127
0.219204
0.220713
0.222653
0.225019
0.227801
0.230982
0.23454
0.238445
0.242662
0.247147
0.25185
0.256713
0.26167
0.266646
0.27156
0.276323
0.280843
0.285023
0.288762
0.29196
0.294522
0.29635
0.297365
0.297502
0.296716
0.294978
0.292283
0.28865
0.284117
0.278744
0.272603
0.265772
0.258344
0.250415
0.242091
0.233495
0.224742
0.215948
0.207229
0.198692
0.190442
0.182569
0.175152
0.168251
0.161914
0.15617
0.151033
0.146504
0.142575
0.139225
0.136432
0.134169
0.132408
0.131124
0.130292
0.129885
0.201699
0.201833
0.202394
0.203393
0.204836
0.206723
0.209049
0.211804
0.214968
0.218516
0.222418
0.226631
0.231108
0.235796
0.240637
0.245571
0.250525
0.255411
0.260144
0.264625
0.268756
0.27244
0.275591
0.278123
0.279934
0.280959
0.281134
0.280423
0.278787
0.276216
0.272734
0.268375
0.263209
0.257312
0.250741
0.243595
0.235967
0.227952
0.219684
0.211263
0.202802
0.19441
0.186192
0.17825
0.170682
0.163558
0.156948
0.150895
0.145423
0.140546
0.136263
0.132566
0.129436
0.126851
0.124785
0.123207
0.12209
0.121409
0.121133
0.184396
0.184352
0.184759
0.185643
0.187013
0.188866
0.191183
0.19393
0.197116
0.200746
0.204731
0.209017
0.213541
0.218236
0.223075
0.227994
0.232959
0.237924
0.242724
0.24722
0.251328
0.254968
0.258091
0.26061
0.262438
0.263504
0.26376
0.263161
0.26164
0.259168
0.255808
0.251609
0.24664
0.240992
0.234717
0.227834
0.220471
0.212847
0.204995
0.196956
0.188876
0.180865
0.173014
0.165415
0.158156
0.151348
0.145055
0.139357
0.134251
0.129693
0.125675
0.122213
0.119311
0.116951
0.1151
0.113738
0.112839
0.11237
0.112298
0.829871
0.778528
0.732662
0.688825
0.645921
0.603576
0.562014
0.521693
0.483088
0.446709
0.413629
0.384656
0.36003
0.339457
0.321907
0.307114
0.295304
0.286396
0.279963
0.275463
0.272403
0.270341
0.268864
0.26757
0.265989
0.79112
0.761726
0.724489
0.684153
0.642531
0.600507
0.558799
0.518121
0.479177
0.442721
0.409532
0.380133
0.354741
0.333307
0.315556
0.301206
0.289995
0.281604
0.275627
0.271595
0.269031
0.267504
0.266633
0.266081
0.265523
0.784246
0.754012
0.717891
0.678299
0.636809
0.594514
0.552367
0.511263
0.47204
0.435467
0.402164
0.372548
0.346846
0.325117
0.307265
0.293068
0.282188
0.274202
0.268646
0.265034
0.262892
0.261778
0.2613
0.261117
0.260938
0.784353
0.749953
0.711919
0.671278
0.629057
0.586185
0.543581
0.50215
0.462734
0.426058
0.392675
0.362962
0.337153
0.315346
0.297498
0.283409
0.272722
0.26498
0.259682
0.256324
0.254421
0.253529
0.253253
0.253251
0.253212
0.786087
0.747583
0.706781
0.664242
0.620683
0.576868
0.533614
0.491754
0.452066
0.415214
0.38171
0.351915
0.32606
0.304254
0.286459
0.272468
0.261918
0.254332
0.249188
0.245965
0.24417
0.243356
0.243134
0.24318
0.243225
0.787418
0.745246
0.701542
0.656825
0.611683
0.566746
0.522713
0.480323
0.440277
0.403183
0.369523
0.339649
0.313785
0.292025
0.274314
0.260428
0.249986
0.242497
0.237427
0.23424
0.232442
0.231591
0.231306
0.231276
0.231245
0.788339
0.742564
0.695885
0.6489
0.602089
0.555944
0.511037
0.468022
0.427536
0.390136
0.356287
0.326334
0.300485
0.278807
0.261212
0.247447
0.237106
0.229686
0.224641
0.221428
0.219546
0.218554
0.218076
0.217815
0.217558
0.789015
0.739249
0.689507
0.64028
0.591833
0.544473
0.498646
0.45493
0.413935
0.376176
0.342105
0.312074
0.286281
0.264725
0.247286
0.23367
0.22344
0.216081
0.211042
0.20777
0.205751
0.20454
0.203747
0.203056
0.20231
0.78893
0.734857
0.682136
0.630836
0.580891
0.532367
0.485619
0.441128
0.399552
0.361389
0.327049
0.296945
0.271279
0.249903
0.232673
0.219253
0.209153
0.201859
0.196838
0.193518
0.19135
0.189911
0.188705
0.187258
0.185573
3.04266
3.00227
3.40217
5.23589
0.14654
0.169202
1.35014
0.109301
3.26189
0.112443
2.627
0.180478
1.31978
0.183551
1.52073
0.178575
2.81228
5.25409
0.104828
1.09993
0.84478
0.176658
3.05622
0.444934
0.0942663
0.143645
0.0936199
0.503774
3.08998
2.80665
0.10925
0.153
4.33743
1.36102
2.78712
0.1302
1.55155
1.52634
1.72077
0.215509
4.22715
0.0477211
0.161467
1.06348
0.399713
0.210752
3.33722
3.99778
3.18858
3.85656
3.16341
4.03502
0.866858
5.41111
1.31668
3.33337
0.172121
0.832249
0.119011
3.92357
0.150075
3.56073
0.146239
0.189912
0.111746
0.907117
0.161461
1.80669
1.41467
3.5687
3.48609
0.199519
0.114492
1.12725
0.116522
0.835109
1.19804
4.03224
0.130747
5.38407
1.25594
0.174295
0.125924
2.50186
0.142806
0.153257
0.110114
4.05629
4.34683
0.255904
0.357512
0.190932
0.121797
0.185818
0.123025
2.65424
0.145388
2.762
0.0985608
3.91742
0.319993
4.2526
0.345262
0.202286
0.112472
0.429567
3.23819
1.19048
0.058452
2.82883
0.181458
0.0940912
3.43037
0.198207
0.850667
3.18333
4.03668
0.202257
0.981807
0.108503
0.0168898
0.103456
0.455915
0.0960861
4.3773
0.160321
4.05354
1.0376
0.121927
3.9977
0.123966
1.1291
3.54076
1.7861
0.604499
0.109911
0.395964
0.251228
0.149939
1.10943
0.169334
1.58669
3.92945
0.0225372
3.12654
0.192862
4.95765
1.03027
0.176985
2.71036
0.594343
0.193913
5.07443
1.54484
0.11803
2.47474
0.101968
0.20339
1.28463
0.144899
0.157216
3.40301
0.16546
2.87677
0.137045
2.80588
0.186616
0.0918062
0.209645
0.105703
0.174056
0.196394
1.7515
2.62707
0.155694
0.468353
1.1255
3.32887
3.3942
0.171879
1.41897
0.149746
0.884363
1.35306
0.80525
0.0983607
2.94102
0.0470889
3.99869
0.166609
3.99997
3.92495
3.32791
1.54086
1.51484
4.1188
0.112107
0.174124
3.16023
3.05541
1.78581
0.234873
0.167911
0.168762
0.495177
0.133074
0.168645
0.340431
3.27878
0.188457
0.112528
0.136623
1.45208
0.475043
0.686508
4.20995
0.129567
0.107626
0.235994
0.301786
0.279748
0.0554031
0.117508
3.71204
3.60557
4.0879
0.268151
2.84055
0.0610221
0.118995
2.3706
0.132301
0.149157
0.121329
1.676
0.119351
1.3418
0.369823
1.39233
1.58279
0.115281
0.149429
0.138
0.709909
0.111743
0.11307
0.155694
0.463575
0.177171
0.135773
0.056512
0.496672
0.137487
3.21141
0.137049
0.0932648
3.26119
1.21129
1.30118
0.104922
1.30598
0.125158
0.149086
0.113254
1.14313
0.0980697
0.131833
4.78025
1.34429
0.0916827
0.905776
3.30485
0.106665
0.104057
0.1071
4.6814
0.181512
3.08609
0.177185
3.98811
0.993533
0.613226
1.56895
0.210119
3.41314
0.159183
0.449259
4.78138
3.31898
4.0104
1.56443
0.170601
0.0382858
3.40689
2.08947
4.241
4.17453
0.174286
0.147686
3.70085
3.96205
0.15567
0.270476
0.172763
4.17554
0.133046
0.843818
0.137742
1.10684
0.171957
0.201229
0.153576
4.17187
0.121345
0.104345
1.58328
3.61109
0.141306
0.0955148
2.12012
1.29121
0.152289
0.287094
0.108546
0.11236
0.0995987
3.99949
1.19506
0.169267
0.843314
0.135242
1.51506
0.246747
0.114606
4.09383
0.158359
0.129307
0.132192
0.00437204
1.42802
0.129129
0.199278
3.80649
0.149373
1.1455
0.129958
0.192345
0.129232
0.108201
3.13307
3.43621
0.122415
0.0771505
1.31061
3.46182
3.27541
2.20237
1.09673
0.139158
3.28033
3.32243
2.76532
0.1339
4.05305
0.0429087
0.106429
0.200512
3.79922
0.145274
3.94642
0.178276
1.53423
3.12676
4.03183
1.31027
0.0999411
0.108595
0.135311
0.14876
0.117674
4.20029
0.188281
4.37261
1.16283
1.1351
2.1854
0.137603
1.09816
2.5374
4.00084
1.03474
0.13315
0.352767
4.16434
1.35194
0.10729
0.13442
4.31315
0.204006
3.10975
0.108044
0.163183
0.142662
3.60266
0.199345
0.00144495
1.41231
0.368706
1.53124
0.115623
3.54292
0.145921
3.69773
0.147052
0.145501
1.56857
3.21062
3.13808
0.180778
0.190369
0.139527
0.150184
0.268964
0.372964
0.205895
4.01247
0.00352336
0.308969
0.128644
0.152122
0.164632
0.0942112
0.258462
0.134876
1.5208
0.195424
0.180965
0.0274634
0.130083
0.535862
0.141218
1.58136
3.50843
1.35726
1.47341
4.31601
0.410266
3.76417
0.115053
0.128723
4.02066
0.149875
0.163139
3.58764
0.151821
3.53873
3.1429
0.1535
0.383165
1.07472
0.172993
0.780611
3.46458
1.40518
3.99623
0.102907
0.11536
3.72312
0.13899
2.58359
0.439342
0.102882
2.75701
0.654968
0.0975214
1.32575
0.239408
0.098523
1.05271
1.0042
0.70091
1.70588
0.0145496
0.186966
2.46066
0.132032
0.172292
0.215792
3.38941
0.178224
1.48895
0.170405
0.105953
4.09364
0.142154
0.133172
1.48138
0.1584
0.125716
3.90987
0.159807
1.53528
0.146748
0.615991
1.10633
1.37765
0.166148
0.165934
1.40615
0.154954
0.155627
1.27515
0.155978
0.230121
0.0956505
3.77613
4.25298
3.24126
0.0998696
0.80831
0.123786
4.00972
1.10293
5.44051
1.41357
0.221496
4.00285
4.36011
0.135105
0.20951
0.477266
0.184275
4.4001
3.86075
0.108019
1.59661
0.163382
3.46094
3.20192
0.174886
2.11933
2.78194
0.171584
3.4471
0.0913854
3.61997
0.147601
0.248024
0.158691
3.0554
1.60508
1.65772
0.122074
3.24684
3.2324
3.72667
0.113721
0.14268
1.15499
3.36815
0.132371
1.72261
0.164106
1.29853
2.71547
0.10788
0.793438
0.120177
0.15384
1.53613
4.22317
0.230778
1.53892
0.122344
0.148363
3.43504
3.32553
3.41094
0.274898
1.58
1.13416
0.880783
0.231162
0.125226
0.114066
4.29744
0.165735
0.170727
2.10633
0.224987
0.211891
0.163872
0.18639
1.48613
0.153356
0.123212
1.31851
3.26057
0.135164
0.146917
3.8174
0.504516
0.0501168
0.308164
1.02946
0.139653
0.160562
0.128647
4.47249
0.150582
0.160971
1.69424
0.112585
0.205779
0.386111
0.864012
0.13944
0.189345
3.76426
0.200933
0.10076
0.150844
0.140524
0.24953
0.198084
3.90527
3.58553
0.465264
4.23015
0.17441
0.0921685
0.0996921
0.0842159
0.193677
0.107679
0.898459
0.276621
0.116803
0.177357
1.40112
0.766694
0.223778
0.902711
0.169274
0.16031
0.116954
0.425958
1.55563
3.8942
1.49191
1.32106
0.116957
0.111473
0.0677666
0.226651
0.124121
3.3494
0.106816
0.8768
0.141563
3.47357
5.36858
2.55699
0.0183795
0.100683
0.111502
4.35672
3.81828
0.765384
0.866182
0.194391
0.109278
0.139113
3.9406
0.0321362
0.145231
1.72555
0.126777
0.183377
0.123141
0.104302
0.868178
0.321029
0.132063
0.13302
0.255959
0.134837
3.16041
3.62232
0.154632
1.44813
0.188101
2.63317
0.117584
0.145385
0.136882
0.137288
2.17198
0.154522
0.15596
0.118511
1.52763
0.141529
0.218567
0.194144
3.95541
1.45178
0.542213
4.0114
1.52489
3.47348
2.78837
0.106315
0.101189
0.101138
0.00305565
0.166226
0.99433
0.185353
0.125937
1.20677
0.11809
0.121631
0.620789
0.143961
0.13818
0.109339
0.540155
1.24211
4.30467
0.108745
3.48084
1.28051
3.28529
0.886964
4.34065
3.28634
4.48767
0.103062
0.173366
0.0193839
1.29463
0.157952
2.10226
3.36286
0.137692
1.27527
1.39872
0.132619
0.109883
0.143914
3.4667
3.68721
0.126133
1.37093
1.51861
0.948828
3.66755
0.000152397
0.135358
0.606387
0.0260242
3.24849
1.58071
2.90236
1.51161
0.0954357
1.51671
0.107708
0.0088086
0.748876
0.199537
0.276257
0.145579
0.161514
2.12663
0.173427
0.117736
0.158749
0.163646
2.20282
0.218205
3.9625
1.5179
0.167517
3.42062
0.195286
1.12104
0.161833
0.128552
0.177549
0.967278
0.634209
0.0297654
0.18727
3.17963
3.71615
1.20634
0.151832
1.05403
2.00859
1.44247
4.1615
1.69895
0.23002
0.156455
3.07261
0.0918308
0.10553
0.364473
4.12217
3.33909
0.152138
0.131379
3.85602
0.0975583
3.56063
3.70464
0.179981
0.149819
3.14806
3.23233
3.21321
0.134825
0.140693
0.0779197
1.03123
1.5588
0.147192
0.0989728
0.14073
1.19831
0.262435
0.93793
3.41056
0.108572
0.147059
4.77553
0.110669
0.938845
0.0740474
0.941766
0.159705
0.115378
2.03943
0.194767
0.14083
0.126427
0.531693
0.939035
4.07632
0.113589
0.139442
0.155691
1.52741
1.1161
3.58724
0.107831
1.64415
1.52802
0.00103923
0.109348
0.16637
2.38237
0.177855
1.17392
0.189042
0.0033362
1.39426
0.169566
5.61729
4.14777
1.00803
3.95087
3.94655
3.45722
0.111215
4.16939
1.54376
0.168649
1.32649
0.128316
0.167329
1.09459
0.153395
0.289854
0.902226
3.87824
0.199295
0.159453
4.18073
0.203701
0.174118
1.40568
3.31314
2.19889
0.130591
0.421598
4.01093
2.87336
2.05722
0.919913
3.8073
0.26432
0.100337
0.888887
3.33735
0.160847
3.11413
0.214125
3.66903
0.193862
1.11005
3.13961
0.0249812
0.153598
0.132013
3.62371
2.10715
3.56226
3.1555
0.231072
0.564133
0.766107
0.31411
3.31601
0.823325
0.13401
0.165102
0.154216
0.114483
1.08166
2.68422
0.0138099
3.60353
0.188229
1.35377
0.119444
0.124657
0.107465
3.8892
3.51599
0.478589
0.926902
0.153029
0.130156
1.5474
0.12536
2.15908
1.85763
4.26449
0.0858747
1.85961
1.55311
0.177217
0.219297
0.165865
4.29736
0.18799
0.291411
1.35467
1.4429
0.116216
0.322051
0.133156
0.190884
0.12575
0.13349
0.872476
0.119356
0.504687
3.48951
1.11077
3.94383
0.166119
0.520918
0.915867
0.163621
3.11264
0.154633
0.202465
3.6304
0.186724
0.977584
0.250599
0.0918307
3.2464
0.122067
2.23109
0.100234
1.32058
1.40051
4.06549
0.11337
1.25473
0.154448
2.04934
0.180692
3.78161
1.4411
1.02856
2.80421
0.229144
3.20825
0.150028
3.21892
0.183649
0.102685
0.188156
1.15131
1.52846
0.104017
0.129382
1.11054
0.137246
0.13696
0.112924
0.0948143
0.178604
3.99631
0.205872
0.161606
1.50033
0.518916
3.44263
0.0997407
0.149966
0.149106
2.63842
0.223869
0.167435
4.40736
2.91717
1.04689
0.143294
0.326981
0.98733
3.66075
0.133226
0.123211
0.212329
0.219172
0.161918
3.09597
3.99733
5.7371
0.918098
0.149867
1.56175
4.33485
0.442131
1.09249
0.180777
3.33209
2.67764
3.30615
0.145519
0.149889
0.38244
3.54485
0.233875
3.58738
0.280475
1.36075
3.47637
0.14853
0.232379
0.21275
0.114283
0.109014
1.28786
3.30092
0.107084
4.18319
0.159491
0.152076
0.117519
0.120236
0.893605
0.208988
1.13097
1.16722
0.134661
0.203214
3.19091
2.49032
0.134493
0.181105
0.194469
3.37391
5.47741
0.419593
3.97209
0.140535
0.113536
1.02005
0.141464
0.473571
1.55538
0.140453
0.107295
0.0324435
0.218004
1.33542
3.83705
1.23857
0.115782
0.399646
0.119559
4.26188
4.26755
0.140993
0.11268
1.2877
0.168111
0.126757
2.97302
3.21463
0.85109
0.118647
0.142171
0.685182
3.42868
0.204851
0.221355
3.28188
3.55751
0.00605386
0.145454
0.189398
0.190275
1.9033
0.936082
0.151242
1.41469
0.150991
0.163354
0.126191
0.878162
0.146122
3.37506
3.41891
4.21732
3.24052
2.18108
6.06382
0.154772
4.09253
0.935129
0.12006
1.14979
0.0192901
0.360469
0.14794
0.137452
0.109166
3.86233
0.106381
0.487078
1.54744
0.204061
0.46046
1.96702
3.28952
0.0860734
3.5283
2.78094
0.204198
0.134353
0.390449
1.24228
0.339923
1.25103
3.8226
0.167913
0.111632
0.166443
1.31457
4.24998
0.188731
0.237761
0.0969576
0.133246
0.166762
0.56095
0.113111
0.233201
0.292741
3.33185
0.127599
0.550246
2.93083
0.169104
0.422002
0.452157
4.21844
0.569931
2.51041
1.00904
0.165121
4.94673
3.41415
0.131446
0.944449
1.52142
0.135782
0.17729
0.173057
1.529
0.154774
1.30651
0.125299
1.55095
3.78643
1.04992
3.30173
1.13934
0.16008
1.1239
1.22797
0.220801
0.207708
0.303619
2.68196
0.173533
0.644419
0.148842
0.220538
0.879985
0.187731
0.114798
0.133927
3.64615
1.09741
0.118234
0.215481
0.110746
0.14746
0.159471
3.16669
0.203887
1.61165
4.10833
1.00446
0.00987249
1.25476
3.13004
1.11107
3.43483
0.256397
1.88831
4.0284
3.88476
0.0589599
3.32573
0.132499
3.23846
5.03655
0.111101
1.37391
1.46276
4.01897
1.39675
0.446911
0.153862
1.33495
3.71702
3.4904
4.05193
0.221581
1.1086
0.11848
3.45435
0.497868
0.111179
0.162033
1.08194
0.117306
0.2661
1.10868
0.14112
3.16324
0.108365
0.153037
2.22149
1.31069
0.240298
0.91509
1.52555
0.227847
0.964361
3.87246
0.133705
0.555594
0.167094
3.63446
1.73374
0.0997556
4.32124
0.126005
0.859049
3.82379
0.158265
0.141164
0.834367
1.02761
1.355
0.132814
3.99806
0.211861
0.955661
4.11336
0.555012
0.214619
2.17415
0.193819
0.156264
0.0178403
1.34373
3.81867
0.145761
4.24455
0.510946
0.162437
1.50827
0.178454
0.15446
1.5313
0.191183
0.137755
3.21919
0.111655
0.161538
0.199933
3.74123
3.50897
0.287142
0.122506
0.136189
1.55573
4.0272
0.138348
0.128712
0.42741
4.25319
0.13509
1.46923
1.54213
0.104678
0.908342
4.11778
0.13417
0.313274
0.131073
4.16438
0.124469
0.156704
0.248312
0.620915
3.66069
0.100361
4.084
0.125297
2.69961
0.149667
1.41977
0.591603
1.13619
3.29172
0.219199
0.926949
0.223501
0.20007
0.200905
3.38101
3.49824
0.131077
0.138443
2.25922
0.202551
0.168619
0.111717
4.20936
3.88643
1.07221
4.14124
0.214506
0.104058
1.58295
0.512708
3.26452
0.0940474
0.178676
0.108641
0.180313
0.142535
0.163468
0.146788
0.500032
4.43394
3.48948
0.115292
0.421541
0.997375
3.58708
0.153646
4.29657
3.40275
3.91803
0.180499
1.0803
0.128619
0.211487
0.162827
0.175816
0.105328
3.08785
4.37946
0.181905
0.452475
1.10652
0.588497
3.56178
3.9907
0.163209
0.122486
0.191462
0.405433
1.44218
0.124678
3.35971
1.0429
0.136693
0.245645
0.213831
0.714209
0.221689
0.142147
0.12781
0.12512
0.266603
0.98525
0.197232
4.17289
0.185156
0.168333
1.23456
0.227552
0.147604
3.97198
3.61043
0.166923
3.60779
0.110679
1.26262
0.186188
0.225392
0.133418
0.10597
3.45114
0.214377
0.205056
3.74076
3.07784
0.118513
0.120525
0.138014
0.210587
1.48394
0.00881308
0.158692
4.28209
0.147864
0.110471
0.191091
4.07706
0.157162
3.57023
3.37798
0.323689
3.8675
0.202842
0.0942347
4.38156
3.3425
0.107414
0.00289033
0.891766
0.241997
0.2326
0.126766
1.51879
2.83335
0.180105
0.124068
3.53642
0.138995
3.3493
2.02089
0.162873
0.961942
4.03617
0.108805
1.4306
0.130298
0.1881
0.215387
0.143376
3.82566
3.35725
0.158088
0.116344
3.8832
0.173719
0.222041
0.343225
1.22598
1.56962
0.102445
0.133889
0.114928
0.151566
0.099837
0.00289567
0.207801
0.210804
3.4581
0.920295
0.139442
2.15227
0.236442
1.15886
4.02496
1.15942
3.79616
1.77033
0.00738926
0.927864
0.216798
0.14832
3.21602
0.179681
4.68107
3.45649
1.04695
0.173359
3.59113
0.101429
3.77182
0.16138
0.188342
3.76423
0.524022
1.16477
0.171732
0.168316
0.122049
0.192251
1.50357
1.81314
0.137671
3.23518
0.633089
3.51167
0.143231
4.36786
0.166652
0.153926
0.63778
0.12073
0.86412
3.87807
0.988336
0.107355
3.59661
1.40813
3.59511
1.10753
0.778346
0.0691366
0.917851
3.85194
0.128716
0.151208
0.150608
4.04982
0.203786
0.172216
1.37572
0.962365
0.385958
4.27677
1.30392
0.368315
0.412676
1.36589
0.237875
0.958579
0.136022
0.132209
0.14189
3.6366
0.176079
1.39224
3.55807
0.0932864
1.07966
3.16049
0.133748
2.60599
0.13656
0.936658
0.216008
0.100134
0.189096
0.118837
0.0968995
0.223775
0.216227
0.185319
0.413574
3.48561
0.974926
0.161931
0.928096
0.127819
0.151674
0.152798
0.150433
0.185366
1.56193
0.139429
2.20252
3.66502
1.55008
1.20514
3.09912
0.200448
3.3566
0.144697
1.84257
0.169172
0.153504
0.302063
2.79277
0.25106
0.14348
0.126415
0.366186
0.245172
1.53229
0.80916
1.90305
3.34798
0.148037
0.125848
4.62897
0.149215
0.17234
0.107726
0.285296
0.125045
0.11377
0.185041
0.160444
1.23468
3.71333
2.15419
0.250317
0.123778
1.07731
3.91025
3.34122
0.104064
0.160818
1.12945
0.134562
0.100958
0.230518
3.66725
0.945701
0.127769
0.153504
0.187956
0.108542
3.55957
0.19599
0.161022
0.165658
0.179858
3.40654
0.123585
1.54871
1.49725
0.209535
0.17121
0.126074
3.72435
0.542971
0.147679
4.14808
1.03773
0.98716
0.110275
0.158624
1.36461
4.38051
4.25342
0.0914593
1.08678
0.12522
0.109731
3.44841
3.34916
0.0945666
0.00269844
1.18734
1.49069
0.126299
0.0965899
3.53263
0.139407
2.91523
0.325604
0.217344
4.60885
0.121336
0.136087
0.230141
3.2995
0.13132
0.104161
0.140055
0.158888
0.386766
0.220809
0.844772
0.945945
0.896031
0.15863
0.144857
0.12501
0.281412
0.16976
0.147258
0.953952
0.189541
0.195249
3.41233
3.92752
0.144834
0.114387
0.226095
3.55146
0.156142
1.12096
0.0932654
0.114482
0.0274292
0.170974
0.125212
4.02059
0.172757
0.113767
2.83567
0.131022
1.4181
0.156478
0.135699
4.04231
3.91983
0.0990326
3.47589
0.131355
1.20891
3.33921e-05
3.76207
0.133843
2.06726
0.150636
3.72575
0.752857
1.42233
2.9443
3.8477
0.164279
4.11096
0.112241
0.124876
0.0704565
3.73747
0.440401
0.108626
1.00025
2.47418
3.34386
0.224203
4.29207
0.165656
0.212669
0.131106
0.676458
0.334794
1.60878
0.149485
0.200237
0.120606
0.171985
0.21602
3.68207
0.136601
0.114316
3.9991
0.790407
0.0968992
0.293617
3.87037
0.15317
0.144262
3.96323
0.227814
3.86624
1.37006
0.143565
0.603807
1.07241
0.027776
0.209665
0.134087
0.101419
0.22262
0.250799
3.76986
0.1037
1.45
0.372943
0.170409
3.68126
1.94462
0.183316
0.15208
0.0929991
0.137245
0.0978069
1.8963
3.09651
0.136139
0.159217
0.16924
1.34361
0.22573
1.03615
0.1855
0.153635
0.167478
0.187812
2.05182
0.218086
0.977614
1.28845
0.000701774
1.46112
0.148214
1.10339
0.707247
0.149021
0.152336
0.247062
0.136788
0.199506
1.38357
3.91663
4.10186
3.40393
1.02244
0.0203367
0.0974086
1.44092
0.107636
1.4578
4.06793
0.121756
2.57695
1.09558
2.44377
0.234518
0.106518
0.152878
0.126689
3.64453
0.135652
3.65773
1.13988
0.903044
0.118565
3.06787
1.32196
0.163026
0.142249
3.74398
0.198125
0.157852
0.916871
1.07453
0.139015
0.120698
2.80887
0.137736
1.25547
0.163123
0.163425
0.216678
3.34829
0.0228881
0.0370542
0.134862
0.132881
0.369337
0.137502
3.89668
0.491639
0.0409235
0.170843
0.115355
1.03603
0.320275
0.0925797
1.55802
3.79745
0.188629
1.15039
0.146505
3.45341
0.939673
0.344334
0.319683
0.159466
0.126925
0.110255
1.0085
0.756851
0.112479
0.359199
1.54981
3.70433
2.15938
1.19535
0.317471
0.133191
2.9215
0.210037
0.139959
0.121859
0.223486
1.146
4.27585
0.207186
1.08728
0.144225
0.983371
3.16439
3.80326
4.02062
3.7394
4.31526
0.271415
0.389434
0.184781
0.900866
1.53916
0.128053
0.868661
0.104551
3.10384
0.142127
1.42737
4.03283
3.90205
0.170917
1.31386
0.555642
4.22032
3.81871
0.0941696
0.117194
0.149781
0.117251
0.143388
1.47872
0.23271
0.00883315
1.24389
0.110111
0.176432
0.829436
0.203929
0.159843
1.14552
4.40842
0.571193
1.34811
0.128576
0.177511
0.153674
3.75832
1.26356
3.61338
0.155337
0.144385
0.206098
3.57095
0.591927
0.848557
0.156505
4.19415
0.132323
0.121677
0.947
0.0250458
0.386008
0.194175
4.4037
0.151397
0.168759
3.71707
0.194081
0.138831
2.73027
0.155887
1.4004
1.35788
0.123988
1.56639
0.113975
2.67426
0.114205
1.46257
0.160232
0.0819114
0.13507
0.122996
0.147951
0.266911
0.125433
0.95658
0.127848
0.13975
0.156416
4.20915
0.144718
0.504317
0.198815
4.3661
0.148202
3.93941
2.91372
0.105987
5.89593
1.2517
1.19064
1.15489
2.11068
0.132593
0.173109
1.25861
2.93547
3.04388
1.46022
0.44944
0.142633
1.4092
0.130037
4.43292
0.112796
0.21781
0.127733
0.188984
1.15001
0.163105
4.22418
0.114579
0.131047
2.98596
0.109049
0.938657
0.13942
0.163892
0.0190897
0.135085
0.126633
0.182279
1.59337
0.82585
0.141816
1.43411
4.16966
1.43957
0.131159
0.509345
3.87519
4.24035
3.53207
3.77826
3.86028
0.112601
0.0324211
0.189914
1.53936
1.11776
4.13569
0.131687
0.118462
0.283698
0.115341
1.47672
0.175382
1.01625
0.157909
0.128269
0.108176
3.89089
0.132619
1.08518
2.51235
0.628955
0.555527
0.229162
0.117928
0.138806
0.128058
1.42849
0.127783
0.239855
0.444863
0.37652
0.297776
3.64212
1.01196
3.14527
3.6243
3.93812
3.47749
0.447555
0.123506
3.94329
3.68568
0.170415
0.982054
0.129987
0.390393
0.153661
3.03983
4.10708
0.14254
0.111583
0.142336
4.08371
0.148699
4.32432
4.06769
1.10695
3.81458
3.92744
1.28198
4.43515
1.4869
1.78028
1.07465
1.10572
3.83575
1.10951
0.161476
4.34746
0.109785
4.23928
0.141335
2.64099
0.180348
0.153562
3.23707
1.44602
3.16025
0.120934
3.29113
0.183257
0.17095
0.0978753
0.10993
0.155998
0.149378
0.108249
0.240095
0.718764
0.234252
0.0693781
0.121361
0.15237
3.47155
0.205718
3.13833
4.43526
0.158289
1.00393
0.132033
1.23607
1.42467
4.46386
4.09073
3.76659
4.42852
3.04947
0.12583
0.14159
0.106974
0.151643
0.146239
0.146685
0.213005
1.03807
1.1211
1.38358
1.07126
0.149002
0.137889
0.165574
0.363436
0.216381
3.95689
0.184898
0.430488
0.167483
0.322069
0.120193
4.33951
1.38939
4.03378
0.465981
0.730848
0.0986459
3.86032
0.113393
4.24006
0.193864
0.11187
3.24419
4.23463
1.53079
0.110611
3.83005
0.119339
0.148099
4.08153
0.240107
3.94859
0.189963
0.185778
0.114195
4.40427
2.99814
2.23013
3.18743
1.12506
3.27433
0.112639
0.156917
0.198058
3.84774
0.103897
0.128929
0.0993587
4.17442
3.60473
3.2885
0.103891
0.12364
0.124052
0.114661
1.09441
4.42298
1.02587
0.170513
0.139689
3.96543
0.319719
0.162949
1.27139
1.05799
0.104951
0.178407
0.124117
0.281827
0.13877
0.101796
1.01628
0.104622
0.136296
0.148981
3.15676
4.3198
0.309313
1.05479
4.10479
0.126675
0.146782
0.724411
0.316047
0.040652
0.444853
0.225157
2.99487
4.20148
1.25464
0.305255
0.166047
0.14863
0.173287
0.166552
0.17095
0.115961
0.188901
0.128354
0.136855
0.128357
0.0619264
0.108827
3.90589
0.170671
0.139632
0.861353
0.195563
0.112783
0.184443
0.124352
3.90804
4.05936
0.136087
1.57041
0.162709
0.12511
4.13489
0.010274
0.0358109
0.834811
3.98212
1.13681
0.211847
0.165099
1.12952
0.0113603
0.146134
1.42611
1.5314
4.01912
3.63503
3.05577
0.565008
0.108267
2.39579
1.13437
4.17904
0.118138
0.331209
3.99627
0.483306
1.50828
0.314087
0.145908
0.00290434
0.209618
4.03938
0.171334
3.87039
4.18713
1.53296
3.87451
3.91681
7.33421e-05
1.1092
3.25893
0.108901
0.134074
0.164259
1.07666
0.187299
0.221615
0.106904
1.09997
0.12089
0.094882
4.02433
3.03887
0.0282681
0.170768
0.130143
2.56764
1.20455
4.39416
3.93021
0.113376
3.44288
4.00069
1.05702
0.685762
0.12176
0.106942
0.174628
0.153012
3.94026
0.0941315
4.16233
0.170378
3.28657
1.23241
0.409091
4.43883
2.19822
4.13045
0.984321
0.185802
0.123973
1.27645
0.125004
3.89784
1.60068
1.55992
0.120605
4.53474
0.287355
2.66355
0.214824
0.0960479
0.184807
0.123546
4.00885
1.52553
0.150768
1.48112
0.143315
4.01475
1.35466
1.5301
2.1074
4.01201
1.55049
0.105553
4.35414
3.62258
1.49272
3.73326
1.06088
0.154162
0.231614
1.54741
4.11654
0.0972734
1.52841
1.19737
0.11793
0.135309
1.53872
1.54684
0.138522
0.110617
0.745243
3.20167
0.126367
1.13775
1.06617
3.04203
0.35498
0.204841
0.287833
3.08825
0.106024
0.108809
1.26138
1.45858
0.156092
0.16275
1.51574
1.13425
3.8577
1.38318
0.120874
3.79992
1.50492
0.11404
3.91155
0.118814
0.20424
0.151281
0.107857
0.157466
0.106027
1.50681
1.5396
0.408606
0.192221
0.105576
3.63949
1.5329
0.159991
2.31728
0.0936649
2.03892
0.153591
3.29097
1.34851
0.115257
3.96198
4.04113
1.56517
0.129947
4.3655
0.130618
4.01079
1.13874
1.38599
1.53549
4.82472
1.26989
0.180107
4.31092
3.85347
0.119733
0.191045
4.52909
4.00704
0.0492776
0.133893
0.0958114
0.155636
4.12602
3.95045
4.07393
0.207282
0.176251
3.21535
4.1273
0.121712
0.129019
3.97526
5.84358
3.94687
0.108345
1.54818
1.4169
0.209689
4.05059
1.15769
4.14929
4.01567
0.112634
0.180412
0.152992
3.82295
4.21479
1.15454
4.10005
0.161637
0.103346
3.03541
0.152084
4.40201
3.58472
3.67943
4.94714
3.75543
0.107494
0.0598743
0.542599
1.50882
0.109757
1.22208
0.162
0.0450436
1.13734
3.72643
2.9416
3.95791
0.133734
0.120958
0.250814
1.25116
1.82275
0.0558866
0.540531
0.137691
1.25728
0.187191
0.103295
2.13683
0.163653
0.206954
1.96872
0.136074
3.74916
0.155325
1.52459
3.27015
1.05452
2.50228
1.37307
3.42431
4.27649
3.91471
3.24868
0.139168
1.28153
0.1526
0.186834
1.47566
0.122839
0.809974
0.126373
3.79906
2.90923
0.145222
2.93433
0.798302
3.28875
4.00132
1.46704
0.153283
3.24961
3.38922
0.120618
0.700005
4.075
1.11048
3.21104
0.0960598
0.860602
0.125231
0.00161338
1.338
0.164267
0.124185
0.000938152
0.0023784
3.81338
4.02137
0.126851
0.130828
3.75411
0.135529
0.141226
3.64494
4.01646
1.49555
3.98876
0.123044
2.6152
1.0337
0.767689
3.81444
1.50568
1.42761
0.142354
1.17852
1.73286
0.858701
3.7641
0.30871
1.57638
4.50421
0.129968
3.02459
1.43721
1.48997
0.0250559
1.39999
1.56161
1.5362
0.263926
0.00171369
0.00306786
3.76985
4.38311
4.20713
4.01471
0.111451
0.11538
0.126564
1.52712
4.28995
3.14058
0.120969
0.48156
1.52974
1.11864
1.12281
4.15142
4.13987
1.5434
0.153058
2.48889
0.168287
0.182934
0.133031
3.78368
4.41371
4.13622
3.20773
4.11594
0.194628
2.24714
1.41886
1.12179
4.41259
0.365631
1.23513
1.38494
3.61041
0.000157254
0.00106204
0.182079
4.36566
3.97448
0.163011
3.93041
0.155292
1.32268
3.92113
0.138343
1.51596
3.57108
2.75748
1.50361
1.08926
4.05223
4.0373
0.0411023
1.55976
4.01444
3.7216
4.42751
1.29193
2.29591
3.81014
3.89844
0.0570818
0.168164
0.165317
4.05758
0.556497
3.00913
1.53647
1.56929
1.51152
0.113573
1.15131
0.0946333
0.144561
1.43038
3.87915
1.52709
0.634531
3.66395
1.12094
3.27934
1.26786
1.19461
0.238989
3.64052
0.213064
0.201425
3.77233
3.96926
2.41644
3.40996
1.4975
3.74198
4.29698
4.01341
0.179276
0.211825
2.72517
1.75709
1.12068
0.103821
0.778758
2.94327
0.16698
3.22251
1.51873
1.55284
1.43795
3.55928
0.141422
3.80501
3.74335
1.03526
4.24637
4.33755
0.177722
1.54523
0.143304
0.173593
2.46063
4.03069
2.9118
4.40085
1.546
1.53855
3.82823
1.38301
0.0987953
1.71706
1.49522
0.133824
0.214462
1.25876
4.08415
1.39409
0.176383
3.16246
0.205336
0.22297
3.63038
1.46656
3.92422
1.10331
1.12927
0.193211
0.0750463
1.51699
0.830574
0.137141
0.122013
0.948179
0.860662
4.18173
1.33463
1.29332
1.55636
0.0997535
0.776163
0.197032
3.89101
0.102259
3.45642
2.67671
2.67903
2.76172
0.754646
0.11564
0.0504597
0.925241
0.104549
2.09521
3.5869
4.40081
0.131952
0.270802
0.367674
3.83573
0.175119
1.82938
0.119914
0.161534
1.18506
0.140437
1.53972
3.6772
2.21415
3.05725
0.128563
3.78503
0.165504
0.829978
1.54249
4.1364
0.207195
1.55762
4.32614
0.138266
3.75886
0.0484088
0.146626
3.26106
3.07167
1.53619
2.14292
0.233948
1.10703
0.172668
4.2053
1.32126
3.98495
1.27778
3.08717
1.39533
1.57587
0.10339
0.154556
0.1743
0.197678
0.0489269
3.35982
0.126362
0.125746
0.625309
0.345558
0.129028
0.112171
0.0910422
1.44614
4.7236
0.140784
1.17217
0.126362
0.209131
1.59041
3.85248
3.63419
0.342752
0.125046
0.210466
4.07413
3.35963
4.35189
0.129003
3.96416
0.188967
3.48609
4.32413
0.0988784
0.116613
1.56644
1.79681
1.40729
1.71106
0.0354063
0.0972505
0.360533
0.170889
0.16251
0.496088
1.55295
2.1265
4.19108
3.70169
0.183372
1.47903
3.16807
3.09712
3.86506
3.29039
3.89909
0.123921
3.65387
4.2521
1.35027
2.36552
1.52589
0.217788
4.40651
0.909403
6.01176
0.105723
3.55242
3.70815
0.0927916
3.99249
4.16317
0.0410136
1.30873
1.30214
3.1458
2.97456
2.25013
0.368149
3.64456
0.605259
3.39888
3.34548
1.31261
3.43607
0.121382
1.4484
0.357358
3.91634
0.0996081
1.07732
1.06905
1.55675
0.634067
1.17676
1.14957
0.00383488
3.00948
4.01647
1.38658
1.83419
3.94218
3.57113
4.43651
0.123244
0.101202
1.39818
0.131981
1.16893
3.97091
0.3063
3.75635
0.138744
0.840094
0.131016
0.164969
3.18878
4.02725
0.220939
4.72898
0.36945
0.145445
4.12377
0.192736
3.94118
1.13943
0.852455
0.328655
4.2125
0.15833
4.18195
1.54774
2.54064
0.000911242
0.129439
4.12802
1.31408
3.14135
2.2493
1.15712
3.28923
3.73161
3.07753
3.02987
3.10586
2.32749
0.114591
0.430922
4.33403
1.56499
4.0061
4.41437
3.86412
3.19559
2.94923
2.26191
0.171512
0.00792104
0.352694
4.79136
3.18365
0.172044
0.930968
0.0702004
1.61524
3.97516
1.85116
0.50272
3.09696
0.14575
0.122792
2.40435
4.70694
0.197831
0.143199
0.1694
1.35602
3.78053
1.12666
4.08366
1.27765
3.81026
1.09359
1.59258
2.92795
3.61046
1.22337
2.8122
0.132186
2.45673
4.09345
0.133515
1.42966
1.41976
0.109172
0.0306592
3.96285
3.45753
3.64991
1.51616
0.129241
3.83523
3.5667
5.58503
0.101655
0.000949382
0.000957719
0.157582
0.106076
3.45197
3.40784
0.167431
0.281383
4.35089
6.05456
0.953148
0.0528648
0.393855
3.05644
3.08166
1.73347
3.15386
1.13288
3.47844
3.71031
0.106271
0.47654
0.0924316
0.223453
0.067724
0.309945
0.140018
1.14038
0.893635
0.107288
3.17908
1.17072
2.84505
3.95853
1.37531
1.108
0.104657
3.62535
3.65474
0.164794
0.407948
0.132723
0.0937871
1.20325
3.94972
0.106862
0.270686
3.9225
0.000460569
4.34424
4.43321
3.9158
0.148228
0.156355
5.46469
3.09227
0.137795
1.53758
3.97348
0.00304606
3.19679
0.121834
0.0994934
0.335506
1.21675
3.78194
0.349514
0.35453
4.03756
2.96453
3.8138
0.349233
0.146008
2.93402
3.81721
2.28474
0.166963
0.0940176
0.353046
1.11792
0.0974304
0.691988
4.42063
1.34075
0.12365
3.28919
1.11201
0.375947
3.42346
2.72371e-05
0.131031
0.107343
0.182914
3.36142
0.110487
0.210362
4.2249
0.00485917
4.07482
0.0988256
0.141569
3.92843
0.00156575
3.70831
2.43696
0.322426
2.83837
3.98617
0.191323
2.99602
0.43265
1.59586
3.818
0.124188
0.138278
4.85298
0.18952
3.61318
0.120645
0.118227
0.107381
0.0017457
0.577974
0.170835
0.106798
0.0943181
3.901
0.149419
1.41841
3.83775
0.176748
0.205789
4.34848
0.124231
3.82708
2.29219
2.91652
1.34597
0.126298
0.204798
0.0981407
1.46039
0.111297
3.98949
0.138348
0.0201034
0.0242582
4.03544
0.748401
3.47813
4.21269
3.79097
0.0503707
4.01445
0.501396
1.32645
0.177616
0.0782159
2.70639
3.56144
1.08839
2.87035
0.229316
3.03274
3.46152
0.917554
1.27715
0.174498
0.0227096
0.140598
4.35524
0.258944
3.66079
0.298391
2.91202
0.135846
5.01846
0.124142
0.0939156
3.97009
3.27926
0.189418
3.62502
3.46771
0.0912252
2.91146
1.85206
3.84059
3.73515
1.12218
1.12779
0.0957472
0.0963488
0.422073
0.143339
0.685241
0.213491
2.96682
2.26546
0.0973046
0.63014
3.84687
3.8091
3.06558
0.12125
3.56146
0.0926924
4.40758
1.23811
0.159722
0.126768
4.25147
1.25411
0.136695
0.119568
3.96265
0.167584
1.22388
3.57393
0.118225
0.125215
1.58946
0.959738
0.999078
0.000208611
0.143324
2.28274
1.14503
3.77354
0.126729
0.126168
4.81623
4.41444
1.44217
0.562941
1.32132
3.79142
0.166251
0.0939596
1.00333
0.131218
0.414528
0.424211
4.66667
0.214081
4.0138
1.05775
3.0517
1.09983
2.32224
0.376902
1.09295
4.44349
3.07608
1.31776
3.02491
2.17746
1.28976
1.05023
0.144992
2.73495
1.8607
0.204755
3.69833
1.45523
3.40429
0.129533
1.2188
4.26677
3.67203
3.57767
1.12551
0.125727
1.56257
0.100149
1.14083
1.49989
1.48831
1.04299
2.98696
1.15153
3.95135
0.135169
2.95311
0.151286
1.31209
0.671718
1.31574
4.30908
3.63329
1.65689
4.95973
1.58633
2.45353
0.17498
0.00984014
1.1355
0.274251
0.166814
3.90274
2.42559
0.158623
0.83548
0.31405
0.409627
1.65887
2.18667
4.36227
5.05452
0.245347
0.134107
0.91975
1.40957
3.95011
2.87675
4.04603
4.05319
0.00677231
0.151833
1.53041
3.9663
3.91456
1.37121
0.125748
1.50054
0.154873
0.125152
1.44607
0.220166
1.47638
3.60904
0.159594
1.36659
0.176103
0.136024
1.14366
1.12405
1.30891
4.34623
0.202913
2.11325
0.123318
1.45481
4.12686
2.4313
2.86064
0.098112
0.181118
0.117244
1.4672
0.469917
0.120652
3.80887
0.106576
0.0988063
1.55855
1.46956
0.104349
3.95543
2.98402
0.138111
0.17925
3.82177
0.120351
2.75796
1.25365
0.11923
0.177218
0.117348
1.50025
3.90906
3.99552
0.148087
0.118551
0.134656
0.147992
0.127384
3.79795
3.50085
3.86871
1.45799
4.36688
0.596856
3.49927
1.45213
1.29918
4.19754
3.723
0.13523
0.158582
0.0257989
0.142262
0.158999
0.197111
1.49006
4.70887
0.201623
0.294807
1.57983
3.38038
0.654767
3.55446
0.162714
3.80239
0.278544
4.54041
0.116821
0.0859553
1.96098
2.90285
0.138957
2.84854
3.87429
3.89803
3.24228
0.17814
1.13719
1.29056
0.00889456
3.86512
4.96688
4.61104
0.000970854
2.33137
2.72979
0.254933
3.74818
0.0978333
1.17927
0.207025
4.61754
3.97624
0.216842
0.40668
0.111929
0.0614638
3.93602
5.15665
0.363577
3.2756
0.123532
0.000485765
1.20484
1.50843
0.123098
0.177067
3.86578
0.0998687
1.4832
1.13927
0.123422
0.231796
2.9248
1.14575
2.22263
2.02276
3.68724
0.181044
0.123913
3.94741
3.54043
0.103212
0.00884558
3.8702
0.930738
3.97389
1.17388
2.33337
0.180929
0.166457
1.30811
3.67485
4.00208
0.103613
5.86284
1.1898
2.3618
1.16309
0.131718
0.177163
3.15826
0.132656
3.99552
1.37887
2.3995
0.411376
0.125117
4.21326
1.47194
0.87035
0.14062
1.23046
1.41491
0.114001
0.299697
1.76714
2.14654
0.415624
0.08825
3.89523
0.245059
0.308178
5.03118
0.267261
0.139457
0.0399957
1.77277
2.49332
4.09455
2.40006
1.38883
1.03065
0.29786
4.88264
0.149045
0.19774
0.747045
0.11186
0.122797
0.128584
1.88438
3.96206
0.32485
3.85329
0.125727
3.99901
0.14251
0.139051
3.11332
0.117239
3.97094
0.000216377
0.000535677
2.48991
1.47284
0.138312
3.019
0.16464
4.12149
0.60683
0.0965399
0.386888
0.160253
1.53602
1.56284
1.37986
3.74408
0.634042
0.0390172
2.75285
3.66359
2.87002
0.0176761
0.0950131
0.985594
0.181647
0.18227
3.69049
0.106158
3.97938
0.0056498
0.137993
0.145728
0.281244
4.07009
3.70734
0.164301
1.55895
1.82206
0.135333
0.167761
0.117693
0.15835
0.411346
4.73871
4.05198
1.17916
0.984016
0.000642588
0.000267403
0.102367
1.50053
0.134451
1.57893
0.16728
1.13227
0.126534
0.260676
0.134786
0.289749
4.13821
0.134102
0.165125
1.38563
3.26805
0.0618733
0.0772619
3.08228
0.271008
3.61246
0.137653
4.87799
1.1967
0.0657792
0.138953
0.223178
0.00208597
3.08212
3.98393
0.169353
4.08114
0.287433
3.85815
0.491761
3.20714
4.65871
1.34511
1.13949
0.137771
4.73762e-05
3.70049
0.0962406
4.45012
2.93126
1.58346
0.211875
3.35452
3.82318
0.177896
3.95283
0.164759
3.97003
0.202571
0.109606
3.87255
0.103257
0.130938
3.17257
0.137581
3.73337
0.014258
0.0163409
1.25791
4.82958
0.305093
1.31156
0.0565678
3.17559
0.000915245
0.0017477
8.39637e-06
0.396839
1.56585
0.218002
1.25423
0.185324
0.16105
0.297382
2.16788
0.109535
3.38007
8.1416e-05
6.37557e-05
0.102118
0.198784
1.11824
0.0977111
1.1099
0.215553
3.45938
4.005
0.12621
5.91973
0.114421
4.4688
4.01774
4.22318
3.42148
0.176867
1.17166
0.0153903
1.80008
0.248296
0.182544
0.0948449
0.143921
0.114233
0.146812
4.8163
0.180885
3.93861
0.184438
3.57471
3.30277
3.97265
3.93756
0.137934
2.05016
2.78122
4.41562
0.133216
0.357319
0.204034
0.176525
0.125417
2.20462
0.136272
2.21942
0.104082
0.124616
3.78007
0.171657
0.172493
0.13444
0.1213
4.04179
0.119028
2.00106
4.36437
1.28598
0.673341
4.97154
0.136788
2.39828
0.147235
3.73132
3.75562
0.127448
0.130213
3.04566
0.126628
1.47402
1.23318
0.494309
5.04902
3.95704
0.351333
1.5276
1.47053
0.774284
0.0795351
3.54994
4.59071
4.13203
1.31505
0.000125551
0.000195619
4.01552
1.07493
2.54559
1.53685
0.136405
3.65754
0.143063
0.156067
3.94913
1.49915
0.0962959
4.18641
0.49878
4.23785
0.161781
3.95236
0.530223
0.127069
4.42443
3.80258
0.0957065
0.33337
1.4137
1.1089
1.01683
0.147313
1.44605
3.90474
5.03782
4.34883
0.132655
0.145229
3.77792
3.57302
1.52804
0.146045
0.122953
4.37229
0.0978585
4.1433
4.01808
0.10863
0.211267
0.137349
1.19364
3.83671
4.58593
3.77649
4.32843
0.172483
4.55733
1.15802
0.0240435
5.16062
3.79459
3.72144
1.07568
3.59797
0.157069
0.0527905
0.695882
1.93004
2.4797
0.763973
0.336444
5.15093
0.413488
0.191163
0.171918
0.129945
0.202732
0.906145
4.00245
4.33999
3.86095
0.106667
0.180681
3.75235
3.76169
0.125816
0.111016
1.53055
0.148754
4.04571
1.6878
0.117248
4.57773
0.356322
1.879
0.825111
0.133738
0.207857
4.01743
4.09694
0.19214
0.190064
1.41605
4.1082
0.14859
0.150593
5.20758
1.38492
0.113453
4.69955
0.175214
3.86751
0.111859
0.16064
0.349451
0.15911
0.107101
0.183284
1.06935
3.93527
0.292087
0.103513
1.37591
0.434943
4.13118
4.99713
6.10937
0.106176
0.849495
0.161743
0.458915
1.28238
3.7978
0.0905768
0.124825
0.149009
0.137944
0.12475
1.18565
0.223026
3.52623
1.53394
0.107885
0.138786
1.1737
4.41385
4.80947
3.55939
0.458315
1.5486
0.201455
1.34428
0.16304
0.122985
4.95577
0.116397
3.959
0.133841
0.242009
0.169925
1.59642
3.40962
4.32383
5.24514
3.79189
0.124168
0.163766
0.129029
0.111412
4.05606
0.518405
4.40055
0.115332
0.123823
0.871963
1.00301
0.241032
1.30837
0.0813167
0.101019
5.10789
0.0973427
0.0748055
2.48207
0.619832
0.142309
1.5007
5.04441
0.589454
0.114485
0.104959
0.130986
4.84245
3.92585
3.96336
0.10892
0.121204
0.0081672
0.099315
0.633962
0.451328
4.321
3.32538
1.15704
6.36856
0.123688
2.86914
0.128187
2.43519
0.103489
1.39447
0.0924814
3.11922
1.12534
2.60229
3.8985
4.96555
0.127235
0.107299
4.03785
1.16657
0.0669118
0.12766
3.8304
0.150752
0.205439
1.55025
3.95107
0.0486148
1.22324
0.143149
0.167843
3.21665
0.192605
0.201042
0.192812
0.183742
4.12079
3.98326
0.128127
4.83695
0.444312
0.0881105
4.01139
0.0964721
4.84086
4.13761
4.35927
0.135156
0.155
3.86829
1.34384
3.27397
1.39164
0.151072
0.131515
0.348605
0.133964
0.312688
0.152012
6.67162
0.306326
0.922816
1.61445
0.997347
3.25485
0.330467
0.899546
0.473387
3.66571
0.0996531
3.80879
3.9828
0.114556
0.117504
2.76928
6.60928
0.18915
3.10542
3.28157
0.127129
0.124093
0.129829
0.0525207
4.57364
5.51576
0.250302
0.13085
0.127453
0.136181
2.57656
0.155092
1.005
3.60771
0.12792
1.43739
0.213922
0.464698
0.110089
3.89442
0.127832
3.91114
3.14828
0.140815
0.177623
4.60763
0.0985836
1.689
0.123688
3.96302
0.0426856
0.346971
0.126599
0.482633
1.17603
0.573085
0.712963
0.124269
0.245851
0.130697
1.3775
1.41598
2.78517
2.1865
1.62037
2.51507
0.186128
0.143673
4.02494
4.3005
4.16417
1.10442
0.193661
0.141678
6.36815
0.210322
0.113658
0.147718
0.167465
0.124621
0.10615
0.00436251
0.197481
0.131593
0.17688
1.51558
0.111138
4.63687
1.11312
1.48062
3.81657
1.50978
3.89836
0.182635
0.141971
3.93713
0.221839
3.88279
3.43332
0.0992594
1.47954
1.11961
4.03872
0.189597
4.27926
3.68267
4.21473
3.5229
0.142187
3.97555
4.27994
4.37505
0.185901
0.105657
1.42948
0.12746
1.01964
1.45116
0.0964554
2.71895
4.40284
0.362682
1.5483
4.41561
0.754099
4.19436
0.61932
0.12558
1.34053
0.450072
0.373918
0.153409
0.427472
4.4037
0.158014
3.66275
3.89097
0.130244
1.49936
0.102552
0.220657
0.997816
0.153111
0.109949
0.109429
0.132957
4.08316
2.26701
0.0870353
2.01359
0.111197
0.437871
3.81895
0.12238
0.142258
1.5807
1.57006
0.309012
5.78258
0.0157097
0.448555
3.41083
0.195855
0.150565
0.0180722
6.59807
0.092782
0.197812
0.166209
1.09574
3.93225
0.1529
0.136852
0.213945
0.270137
0.128479
0.100413
3.13304
0.472903
3.43857
0.125636
0.11797
3.86951
0.0198389
0.132119
1.05791
1.26961
1.52794
0.125334
1.07512
3.99091
1.0943
4.01901
3.92697
1.10347
3.00639
3.92768
1.08336
0.160163
3.35879
1.10235
0.209752
0.369058
0.189892
1.35315
0.152456
3.92521
3.79089
0.180462
0.0970361
0.14429
1.43343
1.15594
0.454742
0.594154
1.09629
2.68118
1.02463
3.93045
4.0536
1.12919
2.04167
4.51436
2.43679
0.215516
0.112745
3.89234
3.73398
1.12577
1.143
3.91386
0.983127
5.10225
0.426585
1.34789
1.82146
0.160515
1.55478
3.45673
2.58898
3.52626
0.0976321
0.124019
0.123405
6.35939
0.120903
0.0953367
0.0202795
0.0997023
3.18471
1.57722
0.142094
4.89238
4.1614
4.48411
1.15799
0.185831
1.27579
1.86336
0.992547
1.15427
2.40232
4.21297
0.10578
4.01535
3.99471
0.135739
0.523344
0.163445
4.05318
3.88877
0.140237
0.116862
0.134727
3.01137
0.125112
0.573133
4.56391
0.154884
0.129859
3.6417
0.124455
2.21672
0.698918
1.53905
1.45941
3.84661
1.48619
3.92503
4.05938
2.53574
0.140751
0.218817
0.551697
3.66389
1.09263
0.151519
4.44397
0.0705717
3.60246
3.60546
1.5881
0.187737
0.201779
0.0983767
0.159132
0.199002
0.145509
0.133973
5.28021
2.64768
0.156188
0.135529
0.120301
6.47363
0.0978721
1.43761
0.105942
0.126165
2.79559
0.0335295
3.98027
3.77239
3.07344
2.78436
0.73779
3.88606
0.746006
0.148894
4.24896
3.97217
2.45564
1.70139
0.288681
0.977859
3.37799
1.32309
3.52339
0.123544
0.477774
0.0746159
0.125812
0.141757
4.75949
0.652514
2.55695
4.26016
1.95506
1.08626
0.190376
3.57881
2.34043
4.10191
3.4192
0.386701
3.09854
3.30668
0.176538
0.0413833
1.09991
3.17441
3.6118
0.485841
1.52644
1.17141
0.151434
1.00408
3.56432
2.57585
3.97623
1.11598
0.378697
0.126311
1.04257
0.00509855
0.576652
1.50263
3.49092
0.123676
0.0861812
3.89027
0.130642
3.92187
0.314119
0.391673
3.7513
0.852634
0.102593
0.109273
0.541796
3.85922
0.940429
0.733991
0.204216
1.665
0.123787
4.11879
1.46781
1.72481
0.0794403
0.691246
2.56298
1.58807
1.77813
0.139204
1.80489
0.961783
0.123767
0.453699
4.42161
0.0964868
0.182072
1.53624
0.737346
0.140951
0.156991
3.80528
1.47004
0.232671
3.96699
0.0225257
0.207223
0.912494
3.49081
0.186173
0.254336
1.63257
1.48577
0.29621
2.47554
0.14933
0.564014
0.123467
1.0835
0.0397617
0.140717
0.161377
1.52949
2.97865
0.138767
0.579559
0.318344
2.12549
3.96166
4.42357
2.79375
0.155054
3.70299
3.43621
0.990524
2.17961
0.122661
0.132582
5.63958
3.43726
0.12951
1.57234
3.51359
3.51566
1.58592
5.15286
0.0823369
0.482795
3.75006
6.41331
3.62929
2.88851
0.365955
0.0873472
1.46795
4.1748
3.80262
1.28724
4.38329
0.153046
1.58459
3.68663
0.131371
3.43619
3.78771
4.79522
0.115272
3.69891
0.178498
3.68623
3.19101
1.08344
4.26679
1.30992
0.116573
0.189327
1.39638
0.496664
0.224121
4.49472
3.05839
1.42062
0.136049
3.55182
0.108502
0.233542
0.142557
0.139433
2.5605
0.14562
1.02675
0.0989765
0.183291
0.150113
4.43821
2.67236
1.5287
2.07766
0.158766
0.109495
0.0404925
3.78044
1.16512
2.86415
1.11952
3.00115
3.8032
2.26393
1.36509
0.0799068
3.97504
0.655155
1.60407
1.70334
1.2177
0.143562
6.15393
3.40138
0.324448
1.25389
2.98065
0.919563
3.82052
4.23766
1.5732
0.900027
3.77332
3.29755
0.069485
1.09128
0.656482
4.14319
0.441534
1.18484
1.12055
4.27635
2.75864
3.22668
1.63681
0.240881
0.0928728
0.137088
0.158059
0.797012
0.308564
3.92648
1.20155
0.82061
0.32453
0.186207
0.553595
3.96425
1.01394
1.09912
0.116448
0.893359
2.81973
3.70132
2.50533
0.109661
3.87483
2.0056
3.79441
1.78807
1.48976
3.80478
0.152894
0.11947
0.103368
0.26976
2.82413
1.38829
2.81686
0.114655
3.08298
0.817086
0.581839
0.971096
4.39856
1.26027
0.175467
3.10182
1.30044
0.341099
1.46395
1.71699
0.121272
1.15345
0.195296
0.0162476
3.63671
1.01507
3.93433
1.8592
3.68802
0.513729
3.97666
0.2208
0.997584
0.692954
0.213402
2.93448
0.154719
1.93949
2.69772
1.47568
3.89952
0.113169
3.24194
3.10628
0.544113
0.0635208
1.95607
1.86578
0.119381
1.10781
0.0980869
1.5207
4.15325
3.36602
0.153069
0.146043
1.6914
0.201915
4.01943
3.96517
0.11585
0.292209
0.12663
4.0052
4.04888
4.00991
0.133219
0.179012
0.588213
3.67958
0.111445
0.208463
0.147793
1.59748
2.62628
0.149752
6.81236e-05
0.120496
2.59345
0.152192
4.03272
1.801
3.1901
1.46311
3.63719
1.17295
0.124908
4.63101
0.19766
0.168923
2.84348
1.04369
0.132891
0.953422
1.62871
2.55385
0.0404548
0.506621
0.169165
1.53411
0.143496
3.38198
2.91723
1.27588
1.61665
1.40485
0.545986
1.4783
0.0963255
0.0203543
3.92601
1.90374
0.125334
0.153868
0.137388
3.73271
1.43521
1.62348
2.54757
4.8825
1.32143
0.126603
0.168706
3.9226
0.162199
3.71176
0.164567
0.738418
3.80504
0.197154
0.138531
3.99963
2.38535
0.102063
1.03497
5.53457
2.52415
2.75907
0.137607
0.157553
4.03058
0.456659
3.70219
3.99804
0.81083
3.29816
0.190659
4.23819
3.42078
1.04773
0.236489
1.43342
0.145687
0.00101955
0.604166
3.13394
0.181934
0.111108
0.106979
1.74278
0.173609
4.1233
0.234019
1.30435
2.66141
1.58775
2.0426
1.53539
0.515166
4.21205
3.48793
1.05327
3.42335
0.24803
1.31082
1.64234
0.973198
0.395445
3.65502
1.54005
1.34123
2.60161
1.82017
0.657297
4.35862
2.39591
0.451913
3.98374
0.202339
0.133144
0.678624
4.19122
3.86959
0.120642
0.0986084
1.32287
3.90301
0.411137
0.0476785
1.34034
1.21341
3.57634
0.853352
3.69049
2.57846
1.64349
0.65319
0.13552
1.65018
0.121258
3.43087
4.34085
0.157744
0.119445
0.11714
1.54778
3.87534
0.00284981
4.2105
0.0278395
2.1499
0.0263526
0.14848
1.54767
0.162552
1.08182
4.24594
0.179758
2.62215
0.00330463
0.129102
0.420258
3.94524
0.693851
0.171966
3.68785
0.31422
1.10207
0.890653
0.158979
0.108971
0.168723
0.498931
0.0716118
0.601427
0.750874
1.45601
1.20165
2.1994
3.79959
3.07924
5.57557
0.158015
0.219513
3.49594
1.17503
3.84648
0.994343
0.190773
4.41261
1.24963
0.788026
0.139934
0.147545
3.64251
1.27832
0.472993
1.32976
0.101811
0.829925
1.32988
0.162298
3.63739
3.0167
0.138298
1.50224
0.356665
0.140929
4.17102
3.93854
0.141758
1.37339
3.15085
3.95863
2.78077
3.54177
0.14889
2.00562
0.0981695
3.25825
1.15991
0.0370234
1.55226
3.93486
1.2629
1.53603
1.48937
2.22888
0.773396
3.71471
0.110427
3.48845
1.12179
1.18157
0.13601
0.654353
0.873206
0.107137
3.6488
0.225122
0.710158
0.520965
3.44783
3.46238
0.0838209
1.48439
3.37239
1.13745
0.10503
1.55025
0.646452
1.24715
0.854912
0.272175
0.114315
0.136267
3.01323
4.00755
3.87578
0.137082
0.0328665
1.55911
0.173953
0.193461
3.64972
0.579701
0.110868
0.668829
3.1118
0.102084
2.65283
0.998592
0.0905311
0.0365493
0.143183
0.050343
0.106187
3.71727
0.814283
0.324065
0.187507
0.141341
0.00207164
0.951826
3.70844
3.80634
2.21454
0.960562
0.0884723
0.139092
3.75683
0.779309
0.802349
1.00077
0.785045
0.140499
3.86424
3.10114
0.0354766
0.0922978
0.121766
2.5251
3.95196
4.00505
1.27984
0.132178
4.26847
0.145184
4.39831
3.83169
1.08946
2.38543
2.53165
0.146066
0.117712
1.26368
0.134411
0.134061
1.9081
3.24887
0.279234
1.29329
0.129426
0.0956402
0.0110032
0.150998
1.09862
0.108625
0.3688
1.3605
0.136464
1.28921
3.8216
4.53764
1.0719
3.27567
0.272626
1.56873
0.26648
1.1804
0.127353
0.292066
4.17955
1.54239
0.103828
1.44711
0.101178
0.0935806
0.127092
3.72291
0.193163
3.11285
0.968747
0.179214
0.827292
3.80279
0.133552
0.0939378
4.10469
0.179145
3.95358
3.80122
1.54479
3.51785
1.71698
0.0969401
0.216541
3.86866
3.02998
0.101369
0.867014
0.0375602
3.54993
3.44763
0.427113
0.111554
0.159058
3.56743
1.20039
3.82596
1.01264
0.164972
5.59118
0.123422
3.42663
3.84163
0.930719
1.40501
0.10393
0.167083
2.24455
4.36828
0.364161
3.78697
0.098526
4.28447
4.18459
3.70034
3.93871
3.98506
0.106325
1.2197
2.82711
0.66496
0.26711
3.36243
3.41483
3.81155
4.09118
0.573144
0.0231586
1.88845
0.0897318
4.36304
0.0985052
2.35106
0.151894
4.43023
0.145024
3.90341
0.386442
0.89616
0.102162
1.02954
0.123948
0.14875
3.79973
0.110314
5.24297
0.12014
3.13562
0.128389
1.91715
0.667789
1.0696
3.70287
1.05971
1.8631
0.217563
0.0837467
3.92784
0.123842
0.123326
0.209727
3.75881
2.70598
0.266075
3.77318
0.972743
0.124869
4.04663
0.37637
0.26048
0.958221
3.39107
0.111528
0.0896079
0.938487
0.16744
0.140403
0.91203
0.151427
0.114642
2.99572
1.46167
0.140175
0.107887
1.10505
0.0986437
0.104759
1.05224
0.983227
0.314465
0.157328
2.41355
0.0706006
4.28471
0.146684
0.148671
3.65862
0.150925
0.119289
1.93123
1.19669
3.69185
1.51648
3.54603
0.142043
0.14072
1.44415
0.122332
0.531753
0.0767101
3.95896
3.99748
3.44489
1.58001
3.3498
0.135961
1.24888
0.639881
1.53588
0.130316
0.427905
0.212219
0.233961
3.79815
1.23702
0.291056
1.03503
3.11921
0.317658
3.24173
0.0140587
0.202985
1.04649
2.61451
0.104115
3.45647
4.71054
2.83464
4.28062
4.09669
1.59043
0.11566
0.19203
0.202707
0.0990708
1.55034
0.112273
0.185837
1.80042
1.58874
1.53517
0.910473
3.7962
2.21415
3.64004
0.505378
0.67891
0.166829
2.63819
3.95723
4.1522
0.189941
1.32581
3.69518
0.00170172
1.27833
0.147764
0.166108
0.000109594
0.965113
3.35863
0.0949421
3.81985
5.36601
4.39769
0.0953229
0.148914
0.155776
3.97821
3.9984
0.287531
1.79659
0.18724
0.391397
0.131375
0.865499
5.04778
0.105073
0.107943
1.50196
0.801611
3.89141
1.33607
0.118162
0.112179
3.17032
0.105331
3.36023
0.898728
0.755579
0.14434
0.782299
1.07427
2.57703
4.09711
3.95782
4.00247
0.157067
0.157756
1.13088
0.00230441
0.271326
1.51786
0.158091
4.19385
0.137064
1.70294
0.16388
0.121992
1.89704
0.227829
0.0268316
1.12317
0.0998194
3.16989
4.17299
0.84594
0.149016
1.91975
3.73967
0.258454
0.149825
1.33371
0.0787545
1.48725
0.717739
3.49761
0.696888
0.212988
0.132217
0.112103
0.105439
1.06745
0.171086
0.331259
3.39105
3.03063
3.8266
0.403847
0.143696
0.168884
4.0785
1.36826
0.204341
0.140645
0.00361049
0.120361
0.29896
0.122029
3.18485
0.144663
1.18373
0.150203
0.0557555
0.17979
1.39002
0.0983967
1.97821
0.152706
3.80215
0.192188
0.126289
0.526167
0.155155
0.19034
1.01349
2.59939
0.353729
1.19035
1.13949
1.19829
0.156355
0.375363
0.142395
0.841444
0.797628
0.129571
0.0630926
2.95792
0.0946532
0.156761
0.138962
3.95438
1.30085
0.0244494
0.187995
4.23427
3.51371
4.01325
1.04205
0.841941
1.30286
0.203529
0.900788
0.0135564
1.45971
1.2239
0.11307
1.29599
0.164585
0.139887
4.01256
1.32539
0.149564
3.93836
4.14194
1.58376
3.28145
0.859567
1.46355
0.143832
0.169326
1.47431
4.01675
0.110084
0.228831
0.0166422
1.84825
0.0366104
0.124121
3.45347
2.87246
0.144614
0.0908762
0.221616
0.153702
1.21693
1.28195
1.55611
0.0495298
0.580612
3.53573
0.107342
4.35849
0.116958
1.26402
0.176229
0.0109862
0.57085
4.17073
0.250855
1.22385
0.34588
0.0174542
1.62444
0.179703
1.12685
1.03597
0.100911
4.16691
0.429413
1.58488
1.20065
0.100359
0.175299
4.23584
0.403472
4.05347
1.1447
0.133924
1.39439
0.214959
3.77356
0.0277834
2.81782
0.179841
0.616973
0.0792265
0.0949607
0.415534
3.60939
3.87551
0.223247
4.13949
0.136788
1.84
0.0940271
0.00625043
0.117215
1.41253
0.237263
0.932367
0.106841
0.14743
0.0832153
0.0728984
1.49316
3.71731
3.28528
2.78216
0.151232
0.126899
1.35192
3.62173
0.174959
1.60276
3.43729
0.378598
3.85204
1.02487
2.91235
1.58035
1.57017
0.136477
3.87323
3.66151
0.0698494
3.93491
0.153682
0.0944075
3.59698
0.108704
0.0351362
2.74664
1.18906
0.0956835
0.115655
2.57262
0.111809
0.387234
1.6159
0.139072
1.51579
4.32871
0.102922
0.401897
6.04446
4.03295
0.0102114
0.142222
1.52448
2.73539
1.47481
1.40647
1.10513
0.0452247
0.189322
1.47431
1.59492
0.044969
0.0163537
0.198067
0.15812
0.0578722
1.00989
0.144102
1.15514
1.29261
2.02772
0.142276
0.0848924
1.17989
1.58603
0.256276
4.30588
2.70494
1.52701
3.75321
1.54023
3.30227
0.107592
0.807021
0.597339
0.150581
1.12633
1.09422
0.100187
3.95637
2.63231
0.124012
0.211654
1.4671
1.47114
0.0924861
1.52548
0.0908131
0.09762
0.116827
0.929275
0.11507
0.16602
3.68428
0.130153
0.159365
0.18261
2.6311
0.103257
0.0745362
0.964185
0.0263816
2.92387
0.11702
0.0255909
1.34943
0.103096
1.47371
0.139281
1.43925
0.00168572
2.62371
1.58284
0.159388
0.108071
0.0162299
1.13615
0.000104124
3.99753
0.0904536
0.552937
0.0894503
0.647175
3.73576
1.06254
3.95472
0.0184161
0.35246
0.00927261
0.215421
0.120335
3.70527
4.14976
2.6263
1.59004
1.26832
0.447841
4.06548
0.106153
0.216888
4.2064
1.37125
1.57068
3.36848
0.0623123
1.24208
0.109294
0.0981403
0.173086
0.128551
1.17256
1.34097
0.147139
3.23876
1.50059
1.38378
0.497976
1.23051
3.79565
0.885663
0.208891
0.106372
1.48173
3.64356
4.02497
1.43382
1.58783
0.10257
0.0128154
1.58314
1.42627
0.132632
3.69195
3.93717
0.323479
0.105977
0.0864857
1.14384
0.257355
4.01704
5.09843
1.53495
1.34887
1.34328
0.111874
3.56026
0.199148
0.135304
1.41226
0.161018
0.168584
0.0872508
4.11439
0.632755
0.161807
0.131847
3.63069
0.286665
0.924197
3.95766
3.55904
1.43977
0.161334
3.9857
4.0784
0.11238
0.118793
0.23415
0.209211
3.99181
3.5792
2.05155
0.216554
0.0478203
1.12632
0.177066
3.99031
0.0583043
3.98846
1.49562
0.0772236
0.111685
0.132286
0.166484
0.0949881
0.166569
0.237482
0.12217
4.37123
4.09632
0.235413
0.128049
0.0667705
0.105664
0.832148
3.89289
0.11221
0.145973
0.174405
0.207392
3.25694
0.141798
0.180574
1.44736
0.0584118
0.758919
0.144376
0.223004
1.59901
3.93748
1.26069
0.12298
0.000510447
0.131917
3.12341
0.130685
1.19353
4.15297
2.33814
0.103629
0.127593
1.17086
0.104653
0.776534
0.0688033
0.0686389
0.051192
1.32203
0.168141
3.14708
0.106748
1.34435
1.39666
0.573977
1.3283
0.3593
0.0033436
3.85997
0.0996845
0.209911
0.0405316
1.13631
4.19394
0.129187
1.4093
3.42022
4.09159
0.140997
3.14148
1.48955
1.12897
4.00438
4.15323
0.105225
0.120403
1.36454
1.14879
1.97537
0.46186
0.0794508
1.05836
0.105624
0.212515
0.819971
3.89347
3.89602
0.160246
0.207467
1.9991
0.178353
0.164615
2.62311
1.84766
0.198747
0.118375
1.20526
4.02235
0.119959
0.147246
1.33089
0.131073
0.137384
0.107587
0.127907
0.123324
1.21991
3.414
1.92323
4.17256
0.963625
0.0438402
1.46697
4.20557
0.105612
1.29873
0.033176
2.27738
0.183986
3.59524
0.135691
0.148392
0.0303987
3.97261
1.50537
0.860914
3.77201
0.555211
0.155716
0.154092
1.02676
4.02687
1.10458
3.24054
0.675086
0.0365011
1.24054
0.100937
0.821969
0.0591164
3.96722
0.283913
0.151068
0.147201
0.15825
4.22845
0.426145
0.557613
3.79535
1.29249
0.0911392
0.229261
0.240034
3.94058
0.0980892
4.068
0.186161
0.123311
0.109084
1.52767
0.149254
0.00128581
3.92811
0.010954
0.314717
0.149956
0.124837
0.916407
0.145628
0.167728
0.153971
0.606287
3.53439
0.155405
0.902348
0.0266446
1.2012
1.27735
5.28902e-05
0.129336
3.87834
3.87142
0.130556
0.154712
0.362388
4.28729
3.53461
0.139811
1.10603
0.086334
2.36548
1.42728
0.11645
3.42855
0.121078
0.261268
0.23069
1.93412
3.8305
0.0988327
0.199633
0.14962
0.112058
0.35391
1.5659
0.143424
3.98486
4.01822
0.127076
1.9531
1.10278
0.158807
1.18082
4.00703
0.162843
4.06286
0.0946128
1.33673
3.37125
0.824001
4.39739
1.65055
0.138908
0.115943
0.851794
0.181359
0.0471239
3.62551
3.65491
0.0618782
0.0918442
0.181691
4.25993
0.135526
0.138587
0.126716
3.24921
0.0579127
0.767549
2.53095
1.09506
3.84004
0.118418
0.193734
0.331245
2.05887
0.181775
1.49724
0.114757
0.174983
0.450185
0.187401
1.51658
0.175023
1.30825
0.106783
2.96868
1.13132
0.151861
0.106317
0.00726452
0.0826995
0.1316
2.76954
0.913131
0.117301
0.10487
0.139045
0.103071
2.01757
0.102235
0.148701
0.108052
4.16635
0.00776696
4.34826
0.321006
0.0863406
3.73419
4.02265
3.25961
0.107846
0.146789
0.985313
0.769507
0.208256
0.145354
3.46254
0.118695
0.226015
0.14232
1.91176
0.0972654
1.17614
0.0584454
3.78228
0.192681
0.124144
0.117525
1.69178
0.143468
0.00842784
3.58991
0.0827848
0.160036
0.158906
0.103933
3.75235
0.151954
1.30283
0.272379
0.120556
0.235076
3.7686
0.171609
0.143556
0.184748
1.22393
1.95156
0.164022
0.172808
1.13905
3.98405
3.80865
0.135309
0.119977
0.142461
0.16545
1.37396
0.994157
0.132929
0.0161754
0.0419525
0.188685
0.106346
1.64517
0.211789
0.207352
0.103933
1.5426
2.92686
0.118775
0.447254
4.15324
0.11137
0.848265
0.0227334
0.121052
3.17046
0.664462
3.1046
0.0872334
0.136509
0.0835613
3.87951
2.29878
4.01628
3.71258
1.94224
1.08689
0.122931
0.135557
0.104083
1.70974
0.130347
0.162674
0.287361
0.237523
3.99043
1.03351
4.06491
3.96845
0.247398
0.118092
0.216655
0.0763389
0.117527
0.126289
1.7483
0.536658
0.109017
1.68598
3.83763
0.941327
0.12388
0.133083
0.240296
0.148913
0.143239
0.10112
3.90938
0.0962028
3.85565
0.209963
0.100113
0.131292
0.851496
0.284328
4.36523
0.137732
3.76447
3.6468
0.239387
1.35603
0.138627
0.113775
0.211499
0.280665
0.106293
3.37405
0.666923
0.10712
0.204773
0.206785
0.953624
3.93596
1.25468
0.186943
0.194821
0.153133
4.037
0.141389
0.110019
3.70568
1.4646
0.415673
0.098533
1.4751
0.175681
1.24816
2.89974
0.189475
0.24306
0.124061
0.103172
0.023244
0.101093
0.713983
0.149313
0.142297
1.15883
1.48965
0.668878
0.20191
1.10375
1.59348
1.57193
3.76048
1.12615
3.28368
0.64135
0.959691
0.106008
0.19346
0.159923
0.244905
1.23324
0.210593
0.197298
1.43029
0.103336
3.92025
0.8969
3.19674
0.193311
0.777977
0.249695
0.157552
0.914422
1.01695
3.45738
1.60446
1.43037
1.5196
1.39603
0.340345
0.974704
0.173474
0.132184
0.121125
5.59806
0.125949
1.20052
1.25289
0.43357
0.171096
0.0406735
0.01711
0.205773
0.748001
1.43268
3.85372
0.0931736
1.52078
0.161117
0.112332
0.0757126
0.15635
0.180165
4.04927
1.54295
1.21474
0.330018
1.44261
1.01831
0.812275
0.141283
0.348448
1.34757
0.0930806
3.39227
0.116471
1.09989
0.0689235
0.970333
0.153598
0.842595
0.0914059
0.106028
0.922982
0.110159
0.217331
0.117908
0.00238551
0.0259492
0.131941
0.130397
1.57339
0.123573
0.166894
0.919792
0.15313
0.101169
0.17815
2.10098
0.236888
0.137203
1.38812
0.145273
0.186284
0.119797
0.0924911
4.1822
0.251139
0.00683347
0.145201
0.00904265
0.935179
0.0500748
0.0433076
1.12018
0.0642051
0.105153
1.35413
0.24982
0.43044
0.0934212
0.237495
0.178435
0.0953821
1.79157
4.28495
1.00257
0.156221
3.31623
1.05859
2.17548
0.0738441
0.102234
1.74134
0.0657447
0.213749
1.23019
0.23396
2.40692
0.137488
0.697042
1.49523
1.98081
4.25525
0.120236
0.136617
0.148475
0.251638
4.19894
0.128897
0.00530932
3.52834
0.129056
0.18934
0.00130664
0.105722
3.99155
0.957339
0.140442
0.155397
0.338989
0.181647
4.30722
1.92126
3.67348
0.251391
4.02802
0.140512
0.000391051
0.181437
0.121488
2.71826
0.0164797
0.176917
1.15999
0.111245
0.237572
0.149893
0.136263
1.3748
0.135356
5.29572
1.44775
0.0875195
0.111476
0.133022
0.0171682
0.400114
0.144092
3.08374
0.249665
3.3867
1.59532
0.141317
0.415503
0.126225
3.28228
1.40593
0.272282
0.248543
0.209284
3.5171
0.200757
1.126
1.56982
0.130291
0.231157
3.84637
0.165665
2.34308
0.121633
1.49587
1.5894
0.114316
0.0833885
1.52016
0.159688
3.89573
0.1562
1.02104
0.101484
0.136089
0.130155
1.58543
0.36792
0.138464
0.129969
0.15835
2.52498
0.326631
0.329403
0.145238
4.08028
0.160971
0.0904195
2.0464
0.830938
0.126664
0.154647
1.1177
0.139333
0.151015
0.129197
0.1627
1.21001
0.722066
0.0256486
3.67989
4.67524
0.268945
0.244007
0.126204
0.153409
1.6437
3.89528
0.110227
0.103115
2.00185
1.46767
0.817598
0.283382
1.05173
2.09546
0.00742268
2.11291
0.621265
1.48646
0.163362
1.03478
0.777799
3.5448
0.127373
0.283898
1.905
0.181774
0.166445
0.18562
1.13302
1.1477
0.0655489
0.130449
0.156099
0.693581
3.55316
0.482597
0.117505
0.685051
0.101809
1.52853
0.146475
1.8525
0.294368
4.13822
3.92618
1.46073
0.107634
0.232209
4.05228
0.536395
0.933759
0.148067
2.61706
3.38676
1.84592
0.315278
0.0780524
2.52848
0.626054
0.137072
1.22303
3.53615
0.143525
1.05337
0.167368
0.152286
0.104776
0.0881267
1.61604
0.141468
0.153812
1.03154
3.22584
3.73658
0.190882
1.23518
0.172495
0.264804
0.189484
0.781284
1.5056
0.106525
0.0416202
1.60218
4.32477
0.646483
3.46061
4.11043
0.107201
0.100641
0.148207
0.0714014
0.166216
0.0519681
0.117232
3.88275
3.79409
0.112004
1.26589
2.00673
0.997185
1.13121
1.07827
5.38494
0.178446
0.0791734
2.52798
0.109865
3.90697
0.161228
0.375707
0.163599
0.146945
0.0989573
3.81828
0.296787
0.373619
1.68606
0.114777
0.138355
0.00788307
0.00967159
0.159955
1.20782
2.4304
0.304317
1.51384
0.31635
0.136211
0.0767663
0.222807
1.43105
0.1322
0.207217
0.230258
0.157193
0.0552717
2.02495
0.0861575
0.821654
3.73465
0.104788
0.155301
0.169701
1.54845
0.170269
3.6921
5.95648e-05
3.73164
3.17652
0.704342
0.236751
0.0551664
0.133365
0.182553
3.70848
0.42599
3.76118
0.11003
0.133494
0.206956
6.11012
0.2416
0.17258
4.19493
4.32046
0.105799
0.010289
0.215564
1.24776
0.105125
3.92754
1.37791
0.131024
1.17114
1.23551
4.22158
0.13448
3.88511
0.155318
0.181854
0.0926195
1.12327
0.403998
1.29939
3.82885
0.109077
0.128991
1.60608
1.49577
0.444484
0.22594
0.0100697
0.00881224
3.80501
3.88049
0.694343
1.48721
1.3024
0.132643
0.133595
0.119458
0.115017
0.837985
4.1027
2.22406
0.164114
0.171533
1.84832
0.0832468
1.18731
0.0989284
0.567197
4.21977
0.109594
0.126674
0.156225
0.0163657
0.133291
0.136753
0.270193
0.0117801
0.15627
0.105617
0.601525
0.264703
0.744098
0.104428
4.54575
1.16331
0.0135537
0.200558
0.204596
1.39151
3.94027
3.63314
0.105915
0.498763
3.86943
0.116598
0.103876
3.79432
0.156339
1.1826
1.0653
1.66763
0.160448
0.198301
0.125955
3.60693
1.19121
0.140547
0.0696997
1.18094
2.78361
4.15099
0.123986
0.110494
3.82405
1.17424
1.16409
0.18294
0.152871
0.131943
0.0781713
0.202331
3.9258
0.177811
1.23067
1.15023
0.198131
0.604052
0.257383
0.14856
0.257249
0.149741
0.72788
0.124703
3.37483
4.32251
0.158419
0.529687
3.24781
0.823676
4.09478
0.171088
1.18367
0.0998576
0.132447
0.149814
4.1893
0.127681
1.19109
1.17329
0.185849
0.337727
0.110329
0.908929
1.15736
0.00320434
1.58005
0.111614
0.105715
3.50271
0.131515
0.1398
4.16747
0.139813
1.71425
1.51236
5.55744
0.0951889
0.171686
0.00986797
0.114119
0.181996
0.107563
3.93367
4.99638
0.131599
0.137412
0.154388
0.16841
0.109697
3.94152
0.12645
0.0988669
0.0395155
1.44242
1.08762
0.119651
0.734011
1.2357
0.104236
1.21841
0.13537
0.189722
0.139268
1.15143
0.0852468
0.345173
0.169431
0.553131
3.53356e-05
3.99076
0.111711
1.44216
3.93536
0.173836
1.57195
0.84296
0.69712
0.15827
0.107734
0.14214
0.118758
0.196129
4.03902
0.106439
0.136793
0.676711
0.138023
0.24424
0.141249
3.73585
3.94321
0.978302
1.9717
0.140049
0.171769
0.125913
0.296596
4.14747
4.18698
0.117283
3.25474
2.56468
0.12153
0.107199
1.724
1.40003
0.206125
0.666531
4.0799
0.114407
1.12189
5.54907
0.138893
1.10482
0.271075
0.226553
0.264081
0.108506
0.134261
0.20078
0.129078
0.128849
0.402046
0.195576
1.19786
0.187764
0.127109
3.84661
0.114991
0.10588
0.15467
1.10734
1.18469
0.204031
0.150791
1.63353
0.167219
3.16302
0.130464
0.416784
0.267651
0.10887
0.160667
0.559527
0.132822
0.140114
0.107971
1.52411
3.33673
0.857783
0.00469568
0.541341
2.6244
3.7839
0.228348
0.880572
1.67245
1.67158
6.07432
0.721991
0.32487
0.135698
0.1488
0.182557
1.13688
0.117592
0.315917
0.061731
1.10399
0.210697
0.10999
0.891857
0.12847
1.29096
0.117747
0.15578
1.22713
1.27317
3.6555
0.0866736
0.959161
0.139273
3.85982
3.2172
0.833909
0.489071
1.16432
1.1
0.148145
0.163982
1.58432
0.109205
0.282608
0.458737
1.64242
0.503663
0.515396
3.93438
1.22314
0.12087
1.5568
0.527929
0.177074
0.138126
4.05978
0.107367
0.172432
0.182401
0.143545
0.115095
1.53981
0.162017
4.09806
1.83884
0.137797
1.38984
1.72773
1.60339
1.07587
0.152711
0.459059
0.127669
0.12055
4.03954
0.113973
0.11263
0.12032
1.0173
0.150022
0.70051
0.135002
0.232928
1.51112
0.150919
0.116159
0.836736
0.865379
3.62094
4.16647
3.92574
4.0757
1.62302
0.148142
0.144019
0.11942
3.2563
0.139501
0.115132
0.114843
0.104098
3.20852
0.111378
2.75571
1.19002
0.220307
0.818228
0.252646
0.196819
1.6718
0.829063
2.63054
0.241348
0.127338
0.758076
0.157753
3.75736
2.16651
0.42216
4.04324
3.36358
0.107474
0.245688
3.93171
3.55005
0.135267
0.880602
0.103781
0.850957
0.124908
0.166802
0.472928
0.137535
1.45046
3.1674
0.158373
3.15809
0.98471
0.166265
0.10787
0.153337
0.0918844
2.75521e-06
3.8346
0.648503
0.046646
3.39897
0.845347
3.19028
0.146338
1.3684
0.599001
0.150264
4.07286
0.0134912
0.230013
3.59557
0.819015
3.98142
0.129546
3.40412
0.117176
0.00443188
0.109884
0.167123
0.334982
0.783536
0.225646
0.169638
0.141596
0.0683095
0.121429
0.891807
0.10963
0.785236
0.11767
0.145627
0.0672647
0.107179
4.26134
1.05182
1.05625
4.31495
3.51957
1.64303
0.116009
0.603859
0.185095
0.168662
0.853115
0.232204
0.318013
3.08695
1.24771
0.112125
0.123332
0.711113
0.0947157
0.147757
1.52931
2.9329
1.71151
4.29949
0.129029
1.21114
0.132383
1.45261
0.898297
0.0966191
1.38089
0.823154
3.63843
0.0344989
0.0989311
0.108236
0.0346012
1.77936
3.65711
3.40418
0.151158
0.136952
0.0984596
0.116403
0.00375284
0.101557
0.150743
3.24697
0.114362
0.103717
0.155299
3.11844
0.1745
0.167112
0.00096273
4.15018
0.0663214
1.17377
4.12854
5.85422
0.110853
4.1012
0.163563
0.247439
1.67573
0.146203
0.575528
2.60363
0.145574
1.10591
0.129512
0.196522
0.105042
1.0633
0.127181
0.0943576
0.108292
1.11268
0.234372
0.538662
0.0812839
0.554831
0.130474
0.198765
1.21305
0.00185073
0.152325
0.0766737
2.99575
3.13932
0.101413
0.933219
0.570863
3.29857
0.0930589
0.979395
0.0828154
0.0922632
0.151236
0.198525
0.117578
1.10387
0.0707496
0.227596
0.10581
0.144009
1.54378
0.506342
0.151933
0.951734
0.238474
0.138655
3.17057
0.871138
0.0923461
3.58602
0.101964
0.117793
0.096886
0.144269
1.10772
0.134215
1.4502
0.174248
0.727401
0.413555
0.106154
0.855482
0.00609947
0.0926521
0.0115553
0.131452
0.189482
3.224
0.152241
0.0327795
1.0676
0.178341
0.151251
0.388275
1.56134
0.13284
2.05493
1.07827
0.248404
3.44543
0.0966458
0.140526
0.115344
2.33319
0.157321
1.50534
0.223865
0.180429
0.211176
0.127817
3.50272
0.139545
0.103806
0.300584
0.155778
0.183627
0.151241
0.11368
0.154881
1.30086
0.124026
0.132995
2.7743
0.140101
3.93256
0.00377573
1.27299
0.234958
0.157136
0.0951077
4.10137
2.52595
0.901149
0.248527
2.01632
1.86071
3.08338
0.107309
0.622627
0.344389
3.19356
0.934943
0.158256
0.133234
0.157487
0.174971
1.17501
0.114508
0.165792
0.127326
0.179934
0.174021
0.0157599
0.375923
3.79769
0.134361
0.168409
0.913972
0.655219
0.151609
0.344814
2.91181
0.317094
1.28312
0.163406
0.199364
0.212
5.43488
1.46137
0.576155
0.541985
0.175293
0.132238
1.63298
0.163377
0.337576
3.80722
0.152288
3.25859
0.120908
0.062526
0.188489
0.162423
3.31169
1.59643
0.0579671
3.17574
0.247304
0.110516
4.11315
0.155971
0.000869192
4.1471
2.93361
3.2196
4.06009
0.501943
0.155329
0.265415
0.113081
0.0666362
0.529891
0.133499
0.491546
0.875388
3.02407
0.206983
1.65395
0.152588
0.893167
3.75789
0.187527
0.149852
1.16878
1.519
3.41496
0.116893
0.778229
0.242455
0.0947348
4.03793
2.94329
0.112562
0.0881429
0.344496
0.152546
0.489105
0.0797717
0.110765
0.168579
0.157027
0.145532
0.132302
0.116917
0.131395
4.29575
0.245926
1.97869
0.16032
0.0905165
0.311487
0.169455
0.141465
0.176425
0.903259
0.128816
0.0723435
1.96782
0.18222
0.056842
0.202173
0.719449
0.211669
3.1707
0.455618
0.158206
1.06065
0.177982
2.90632
4.07003
1.70931
0.146897
0.455717
0.174692
0.596066
0.650078
0.131856
0.816355
0.269077
0.0648247
3.1483
0.889276
0.162431
0.295701
0.158325
3.92397
0.978795
2.21005
4.00989
0.131211
1.15462
0.107903
0.136029
5.46205
0.157951
0.197363
0.106012
0.195066
0.147021
0.140687
4.06666
1.04276
0.287546
0.116188
0.167239
0.261793
0.172979
0.179659
0.105903
0.26498
0.617936
1.62092
0.28533
0.108495
0.117648
0.134929
3.97036
1.61627
0.0388299
4.28486
0.109424
0.0932339
0.150914
0.55584
0.115937
2.77053
1.24974
0.193339
4.23614
0.118832
0.19629
3.87387
1.37206
0.949438
3.92182
0.123781
0.117935
1.0102
4.05347
1.81437
0.581754
3.96691
1.29131
0.205008
0.16585
0.152484
0.152379
3.00099
3.76876
3.51466
0.142287
3.2795
0.242742
1.72294
0.110812
0.110283
0.176961
4.05992
0.116403
0.239802
0.239506
3.83043
1.05659
0.093897
0.262726
0.220772
0.156274
3.9587
1.19807
4.25547
3.25822
0.263474
0.107463
1.81153
4.30243
3.34767
1.21606
1.48591
1.63705
1.01517
4.28452
0.157863
4.29599
0.143105
1.50992
0.149959
0.10608
0.135125
5.38341
1.69581
0.112134
0.169737
0.0563306
3.6241
0.427416
3.27474
3.81968
0.126375
1.49197
0.324911
0.835703
0.13362
4.06624
3.96133
0.15044
3.9352
1.65959
1.38061
0.151296
1.16022
0.14694
3.8321
3.6223
0.0298204
1.80355
0.13051
0.144406
0.15096
3.92659
1.28906
0.806577
0.17767
0.135974
0.201837
0.12106
0.0068329
0.115815
0.161225
0.531004
0.109413
0.382572
0.135606
0.153685
0.154865
0.321028
0.243142
3.71438
3.92771
0.183805
3.14156
0.914038
3.85021
0.21804
0.163524
1.76006
0.266873
0.160684
0.134072
0.201955
3.96693
3.32373
1.59258
0.112114
0.159386
3.75973
0.161857
2.86387
0.235295
0.12942
2.19175
0.173659
1.07002
0.106895
0.147918
2.15726
0.000557099
0.241491
0.828972
0.0980206
0.122952
0.00247347
0.126419
4.05713
0.131007
0.48288
0.166748
0.129458
1.59068
0.182923
0.187208
4.14344
0.0815532
3.39454
1.39675
0.133638
0.117601
4.98214
0.144708
0.208964
2.05572
0.221643
0.161117
0.143725
0.182167
1.05975
1.57874
0.142641
3.94585
3.21414
0.142072
0.111455
0.0932041
4.00679
0.146742
0.225851
1.05297
4.00184
3.93182
0.108665
2.11766
0.163131
1.2702
0.147016
3.8954
3.88376
0.543767
0.125382
0.324083
0.826373
0.125569
3.34747
0.171166
0.153504
0.175486
0.33152
0.228482
1.26043
0.115206
0.18546
3.95089
0.137564
0.927315
1.36207
0.113185
1.80497
1.41579
0.142872
1.2927
0.292513
0.118284
0.562243
0.129671
0.328498
4.15056
1.46385
0.114976
0.173087
3.54574
0.153341
1.11826
0.136887
4.16181
1.1634
1.41121
0.13923
0.641221
2.09113
4.02617
1.54326
3.45842
0.944184
3.13339
0.593102
0.0827693
3.40681
0.1057
3.98551
0.100578
0.00390212
0.242375
0.165876
0.137311
1.25194
0.131922
4.02452
0.113405
0.10774
0.111804
0.166395
0.116166
3.32388
0.277378
3.00252
0.175372
1.48018
0.146298
0.134521
1.24805
1.22131
0.17561
0.0258301
0.106412
3.96542
0.353881
0.991959
0.0690794
0.190694
0.279593
1.51163
1.32676
1.22515
1.44914
0.166847
0.955398
1.70779
0.115064
0.000493717
1.10091
3.19712
0.148191
1.06495
1.24752
0.13088
0.895019
0.1188
0.173513
0.479627
1.11296
0.170397
0.144552
0.157902
0.230034
1.77255
0.152286
2.2425
0.973988
0.150504
0.187278
0.90784
3.16254
0.219245
0.103918
0.697362
0.157312
4.32412
0.178889
0.242733
3.71633
0.140269
0.138581
1.99138
0.159822
0.115292
0.150869
0.203676
2.98601
1.01916
0.00453891
0.196717
0.161812
0.156976
0.166672
3.94624
0.14972
0.107736
0.177041
0.0283422
0.645882
4.21411
0.0916209
1.29443
4.15329
0.233401
0.217276
0.170409
0.133288
0.185899
1.51676
4.0033
1.15843
1.40985
0.18733
3.93668
3.96504
0.22941
1.3743
1.33639
1.36129
1.12025
3.59721
0.221797
0.899344
0.102143
1.47143
0.123134
0.153808
0.142233
0.00757368
5.85323
5.66232
1.55042
0.934407
0.612367
0.569913
0.412798
0.121143
0.129748
3.81977
1.27348
3.97202
0.141522
0.109789
0.00303132
2.51407
1.22072
0.954822
0.171374
3.67286
2.0423
3.72303
0.119149
0.158591
1.98324
0.156398
0.233169
0.150134
0.123185
0.14613
4.08315
3.36233
0.400833
0.409988
1.45343
0.23783
3.41388
0.177289
0.107329
0.00229581
0.139865
0.118287
0.119281
0.100469
1.22629
0.141781
0.239622
0.853205
0.142882
3.44108
0.156152
0.230137
0.381459
0.976863
1.10086
0.125375
3.38699
0.142071
0.114272
0.102363
0.145928
4.01985
1.69006
0.138187
1.5573
0.176139
3.97193
0.862668
1.47304
0.237015
3.49573
4.00511
0.168109
0.587687
5.82548
1.20837
0.116454
0.345208
0.171762
0.183108
0.145354
0.874159
0.128618
0.972374
3.06827
0.114271
0.163424
0.173495
0.248808
0.107667
0.160929
0.46385
3.83755
0.131489
0.518189
0.15122
0.124897
0.379694
1.58219
0.10199
2.28817
0.303394
0.172899
3.58121
0.185992
3.99943
0.101164
1.26568
1.05456
0.109483
0.117004
0.182374
0.106942
0.0554979
1.65246
0.038984
3.93519
0.118002
0.134527
1.20499
5.41092
0.23917
0.12
0.244343
0.780249
3.16496
3.53427
0.151096
1.77765
0.18594
0.028678
0.180203
0.863781
1.08407
0.158279
0.221119
1.81435
0.166136
0.163546
2.58499
0.206094
1.26161
4.1998
0.152124
0.151239
0.82942
3.23292
0.0604306
1.69508
0.15352
0.121694
0.976857
0.269693
0.888102
0.149114
0.116286
0.157685
0.325408
0.154158
0.104358
0.105411
0.105849
1.72516
3.66845
0.134679
1.90746
3.75289
0.0306466
1.46619
0.266788
2.09437
3.1099
2.62138
2.2733
3.45266
0.11173
0.00287165
0.0343812
0.229664
0.1621
0.112752
1.37331
0.11313
0.134268
0.831635
0.130542
0.159093
0.456622
0.0666521
1.23128
1.91878
0.161021
1.65867
1.03981
1.0559
0.153043
0.126087
1.06489
3.09511
0.129493
0.207027
1.06872
0.134965
0.164884
0.388279
0.155428
0.179785
0.882498
1.24928
0.109089
0.181808
0.462454
2.66033
0.391427
0.156316
0.2188
1.11418
0.116977
0.122089
0.125225
0.947572
2.87412
3.15301
0.368311
1.51621
4.16158
0.147731
3.25022
0.106617
0.104991
1.53263
1.23848
0.119504
0.0826007
3.08729
1.11604
0.133303
2.45021
0.821512
0.16408
0.0233391
3.74316
0.302109
3.1898
1.27944
1.26439
0.161832
1.88115
0.303798
1.17727
3.08068
0.356789
0.151166
0.162844
0.152198
0.3139
0.155021
1.59865
1.86565
6.54838
0.686793
0.415899
2.62627
0.694962
0.973048
0.160159
0.853967
1.14814
3.85532
0.146381
0.721775
0.968936
0.118977
3.20398
0.84118
0.127419
0.134193
1.22135
3.2827
0.227336
3.26461
0.128576
4.04221
0.162814
1.55697
1.62294
1.38075
0.843313
4.34266
3.65517
3.16521
1.59053
0.870678
0.000166294
3.07565
1.24061
1.48015
0.00227919
0.105633
0.344323
0.133386
0.130155
3.99131
0.171827
0.100495
3.18033
0.118741
4.21036
3.16546
3.75479
0.107234
2.21003
1.12007
0.284851
3.07064
1.30667
0.150732
0.680334
0.129355
3.6761
1.13286
0.112592
0.154365
0.134957
3.26995
3.96933
0.165854
1.11628
0.0514056
0.998102
0.866727
0.00998869
0.249556
0.161361
1.25213
0.162059
0.190116
0.188456
1.50494
6.21944
0.21927
0.141893
0.00127676
0.152008
0.178162
0.148288
0.161274
0.138034
0.298359
0.13371
1.72285
0.153079
1.58343
1.28445
0.132185
0.107661
1.32009
3.3046
0.154301
0.114916
0.00212948
0.182753
1.28345
2.11134
4.00935
0.676897
0.905914
1.46484
0.00451882
3.92644
0.174933
0.141176
1.39285
0.198445
1.57071
0.109223
0.180052
0.115451
1.59034
3.4811
0.0612833
0.178702
0.165483
0.154855
1.28993
0.0071893
3.3582
3.69754
3.51957
0.122613
0.137159
1.01532
2.79143
0.872892
3.46043
3.62712
3.13909
0.170364
1.93433
0.032972
3.09112
3.96621
2.15139
1.10877
1.87019
0.18179
0.136399
1.11726
0.00264254
1.28639
0.177353
3.32089
0.492363
0.134608
3.44536
4.03568
4.00565
0.376288
1.74914
1.52729
0.248427
3.92841
3.01887
0.10945
0.466508
0.820324
0.833197
1.0123
3.9703
1.55674
1.38295
4.04368
0.786976
1.32875
3.45198
0.186011
3.11786
0.263457
0.1126
3.22826
4.03227
0.221958
0.10643
3.97754
1.83942
0.140046
0.127557
3.45184
1.24154
0.29575
0.141014
3.30325
0.138899
0.228102
0.204106
0.199797
0.143808
0.271234
0.147081
0.165924
3.4674
0.000248227
0.136788
0.102649
1.5781
4.00928
0.392027
4.00213
1.33843
0.15387
0.116945
0.469346
0.127486
1.21034
3.15488
1.25811
0.19931
0.20166
0.625428
0.134554
1.60242
0.00100109
0.13902
1.40914
4.04558
0.0717409
4.01398
3.74566
1.55586
0.161245
2.40205
0.164224
0.409321
3.94739
0.940705
0.16418
0.0766801
0.146968
5.72064
0.241934
0.180389
3.57674
0.158382
0.191833
0.166874
1.05602
3.89138
0.196634
1.28652
1.25904
0.623753
0.671765
0.133786
1.36194
0.105844
0.205101
0.000809426
0.990138
0.138834
0.00674007
1.78055
3.10387
3.80648
0.170995
0.95841
0.88113
0.143068
0.154645
0.191659
0.129438
3.6504
0.118024
0.291984
0.122242
1.45967
0.101949
0.0568714
0.134493
1.67213
0.219507
0.278251
0.157288
0.00983785
0.16853
0.0201376
0.00847197
1.27504
2.30653
0.212917
4.02275
0.130303
0.468876
0.11295
1.33602
3.30294
0.82146
1.16961
0.00183269
1.14861
1.30554
0.104299
0.212081
3.98319
3.96642
4.19875
4.01659
0.13418
1.17872
1.26503
0.281442
3.65086
0.183325
0.133854
1.81839
3.08174
0.168958
0.977913
0.159709
1.54613
0.0820014
0.233433
3.99896
1.64925
0.11511
1.11453
4.28908
1.08638
2.29231
1.80412e-05
0.131094
2.62389
0.5474
0.214454
0.232489
1.2051
0.313741
0.176613
3.99118
0.17957
0.117295
5.22841
0.12553
2.04827
0.0519629
1.89264
0.137783
0.510866
0.115079
0.121684
0.210118
0.233599
0.144758
0.00370531
3.10394
2.63409
0.143199
0.0484273
0.725997
0.961425
0.397042
0.149225
0.130356
1.63247
0.103852
0.429471
0.186037
4.01887
2.13031
0.752922
0.141448
0.111525
1.2231
0.169613
0.132939
2.04628
1.11367
1.57799
0.201404
0.157141
3.08593
0.219681
1.20083
0.0151533
0.250715
1.48297
2.99282
4.07095
0.174722
0.170906
0.131823
0.139605
0.169304
2.96793
0.997821
2.48276
4.01313
1.15433
0.182557
4.28428
0.224969
0.225065
0.727611
0.10714
0.109368
0.503891
0.289397
3.26418
0.429593
0.154243
3.98439
0.231157
0.118081
0.161178
0.165462
0.976624
0.115155
3.2161
0.150781
1.58099
0.124325
0.105919
0.152708
3.1291
3.07056
0.14857
1.59397
4.30152
0.221925
0.90254
3.14664
1.45059
1.71689
2.70421
0.0972457
1.58
3.0986
1.3665
0.210813
3.28214
0.046472
5.23837
0.1064
3.59059
0.118643
0.337893
2.13491
0.154804
0.10551
0.166563
0.0466856
0.222706
0.0983499
0.111222
0.667959
0.113936
1.11097
0.326747
0.156763
0.00512096
1.18137
1.6023
0.143743
3.95575
0.122929
4.20139
0.285511
0.136048
3.34072
0.139576
1.15786
0.658679
0.114016
0.165394
0.00931229
0.355507
0.106519
0.681254
1.10882
0.00379233
3.214
0.62148
1.21721
0.172029
0.150313
3.23235
1.49719
0.16451
0.193252
0.665826
1.57067
0.192786
3.4096
0.144345
0.963474
3.06173
0.181132
3.11198
0.10997
3.77683
0.133672
0.119282
0.11136
0.153434
0.164461
0.134523
1.56628
0.757177
3.9895
0.195375
0.145917
3.82714
0.149447
0.00337499
0.223476
0.135745
0.288961
0.0101563
1.32491
1.88027
2.68796
0.167942
2.62162
0.817735
0.108888
0.138023
0.167448
3.55012
1.00079
0.240456
0.154887
1.10984
0.17777
3.44514
1.01756
0.155464
0.156846
0.219009
4.21209
3.79622
3.36271
0.108376
0.668529
0.141056
3.9529
1.0994
0.164879
0.10661
1.59436
1.15757
2.28271
1.10523
0.163824
0.918776
2.08145
1.59551
1.50867
1.22674
3.14084
0.931717
0.167615
4.17099
0.157007
0.136379
0.918848
0.137389
0.279762
0.128485
4.04486
2.97226
0.148698
3.87777
0.23897
0.134745
0.105616
0.315225
0.174524
0.144966
0.18473
0.110639
0.169386
0.150198
0.159292
0.105173
0.145756
1.51083
1.19282
0.155827
0.121969
2.09527
0.135578
4.02113
2.96761
0.132558
0.238367
2.6018
1.51999
0.128863
3.24571
3.6135
2.70606
0.140132
0.185795
0.170767
1.92783
0.199667
0.658359
2.86002
3.53433
4.22413
0.881109
0.113406
0.018209
0.159308
0.888342
2.07005
1.00963
0.151713
0.908485
0.123124
0.61429
3.97632
3.24574
4.07046
0.076945
3.11978
4.26204
1.48231
1.83039
0.1478
0.205157
0.189464
0.702519
0.159622
0.130254
2.08452
1.06452
1.69512
0.179294
0.115949
3.78103
0.451426
1.25669
0.733741
0.164153
0.184917
0.144342
1.5698
0.116088
0.123857
0.367782
0.134805
0.135882
0.219495
0.105059
0.178745
0.152859
0.143405
0.14091
3.26944
0.13371
0.157534
0.258102
1.35491
0.111813
0.138701
0.189885
0.170785
0.553105
0.120532
1.23937
4.0202
3.3075
0.225776
0.0222803
0.125332
0.57429
0.493688
3.93464
2.89149
0.127495
1.2475
0.00617523
0.130283
0.00486869
2.74126
3.88437
0.0981045
0.180761
0.150785
0.128948
0.000358128
3.3225
0.548871
1.39387
0.238736
1.59533
0.120934
0.102677
3.77456
0.604417
0.132486
1.19412
3.30469
0.205099
0.253214
0.113543
1.95523
0.135087
3.14489
0.121509
1.83576
3.15703
0.236644
2.4493
3.8928
2.13567
3.43251
1.59796
0.24848
3.46598
0.14741
0.115036
0.623115
3.06738
1.52565
0.106296
0.110665
3.05645
1.66235
1.22448
0.155276
1.55658
1.23233
0.161014
1.50854
0.165509
1.04534
3.15046
0.883934
0.110335
3.40728
1.23593
4.34596
0.131273
0.103014
0.165063
0.568535
1.67797
0.134662
1.16743
0.195127
1.11085
0.136868
0.173385
2.068
5.53595
3.11368
0.185716
3.16495
0.113715
0.134355
0.154592
0.140267
0.143774
1.52959
4.30983
0.138777
1.39784
0.178501
0.00329717
0.149753
0.121601
3.10106
1.16848
0.267972
0.210211
0.230504
0.231241
4.22421
1.11727
0.190938
0.10939
3.39091
3.90341
0.173377
0.107584
3.08645
1.43028
0.239807
0.125795
2.1467
0.145994
0.168378
0.182944
0.118867
0.531358
1.11177
1.10978
1.36057
1.35229
0.223201
3.09466
1.09202
0.102619
0.142508
1.10587
2.98437
3.07074
1.19659
1.53069
0.168609
0.161763
1.15049
0.192141
0.00610327
0.112809
3.08627
1.14833
1.43347
0.373034
1.34139
0.10582
1.39133
0.167852
3.16683
0.153451
1.21288
3.08123
3.05371
1.7314
0.449069
2.67241
0.0925445
0.109764
0.149688
1.18999
2.68827
1.57932
0.155504
4.27263
3.07602
1.27823
0.10772
1.17189
0.454482
1.15198
0.183843
0.106976
4.28588
3.0468
1.84502
0.171104
0.140897
0.391736
3.83229
0.134993
0.152586
0.178203
0.208297
3.94391
3.34124
0.183999
0.105644
0.127282
0.232654
3.38496
0.29655
0.105381
0.229184
0.108823
3.14361
1.91223
0.133926
1.14779
3.34569
3.29181
0.84921
3.07391
3.75556
3.98215
0.13395
0.108601
0.199912
0.118432
1.41467
2.56604
0.120109
0.203565
2.94287
1.10559
0.179579
1.20877
3.3386
0.133806
3.96357
0.173725
0.1168
0.113137
3.11154
0.529044
0.705091
0.108448
0.117023
0.237565
0.257965
0.175288
0.601466
3.61699
3.47689
0.825841
1.15417
0.109591
0.131242
0.125781
0.960044
0.407179
0.296872
4.32086
0.133936
0.386531
0.107156
0.108232
0.114133
0.105324
3.96322
0.739325
0.177123
3.50799
0.13969
1.97257
3.26928
0.0400752
0.0184229
3.15358
0.105431
0.115567
0.173022
0.220624
0.171874
0.103081
3.29854
0.484531
0.152512
0.118771
0.105048
2.07128
3.19356
0.920342
0.108145
0.112258
0.107919
0.198104
0.107431
0.173325
3.07461
1.49457
3.98897
1.20923
0.111653
3.06332
3.06876
3.10031
1.6345
1.56554
1.21764
0.107051
0.172402
1.23875
0.107871
0.485285
0.107335
0.172605
0.210971
1.97787
3.19251
0.424718
3.05907
1.70324
0.171987
0.532847
0.175239
0.108348
0.438547
0.513616
0.870527
2.0899
0.107456
3.04812
2.02377
3.07866
3.13211
0.747148
3.06941
3.06627
3.05246
3.06874
1.80526
1.88498
1.96389
1.92099
1.99751
0.911137
0.593747
3.09368
)
;

boundaryField
{
    back
    {
        type            empty;
    }
    front
    {
        type            empty;
    }
    outlet
    {
        type            zeroGradient;
    }
    circle
    {
        type            fixedValue;
        value           uniform 1e-12;
    }
    walls
    {
        type            fixedValue;
        value           uniform 1e-12;
    }
    inlet
    {
        type            fixedValue;
        value           uniform 1e-12;
    }
}


// ************************************************************************* //
