/*--------------------------------*- C++ -*----------------------------------*\
  =========                 |
  \\      /  F ield         | OpenFOAM: The Open Source CFD Toolbox
   \\    /   O peration     | Website:  https://openfoam.org
    \\  /    A nd           | Version:  10
     \\/     M anipulation  |
\*---------------------------------------------------------------------------*/
FoamFile
{
    format      ascii;
    class       volScalarField;
    location    "1800";
    object      p;
}
// * * * * * * * * * * * * * * * * * * * * * * * * * * * * * * * * * * * * * //

dimensions      [0 2 -2 0 0 0 0];

internalField   nonuniform List<scalar> 
10435
(
-0.00152892
-3.13005
-12.2527
-4.66532
-10.2873
-12.972
-12.1842
-12.4411
-12.8244
-11.8259
-5.52361
-8.57785
-11.6637
3.1325
2.94684
-12.1136
3.21376
-11.6207
-12.8397
-0.715962
-12.0306
-3.99251
-11.8482
-10.2224
-12.5766
3.21122
3.21473
-11.7696
2.71015
-12.5813
-11.9152
-6.62586
-12.5471
3.04855
-11.7803
0.127759
-11.6471
2.1415
3.62392
-11.6413
-13.4164
-11.4207
3.62025
-2.793
-11.6757
-11.2478
-12.5564
3.36834
-12.9448
-3.78568
-12.2743
-12.0135
3.19697
2.44959
3.86632
2.46197
-11.2178
2.90173
3.15812
-11.4432
3.33483
-1.99118
3.07035
-11.3318
-11.8982
-12.0472
3.13616
3.10486
-12.2785
-9.32946
2.99577
2.6548
4.04595
-11.9189
2.64368
3.59929
-8.16889
-12.1181
-12.8999
2.66363
-5.58384
0.707758
3.31376
2.77209
-6.48854
1.02045
0.347395
-3.30473
2.32359
-0.513674
-4.31218
-5.44589
0.0608386
1.71953
-1.39946
1.0468
-6.30231
2.88196
3.44572
-7.90597
2.22078
-11.8387
1.10264
-2.3304
-12.1017
-3.73086
-0.619585
-4.62812
-7.43022
2.31129
-2.95612
-11.073
1.32693
1.80456
-7.02233
-3.12135
-8.47236
0.18718
-3.86124
-7.64557
-8.71842
3.94808
-0.75369
2.80554
-8.44146
3.29216
-6.98938
3.73594
-9.60024
2.27944
3.42449
-7.24202
-12.144
2.92632
2.80402
3.77609
1.29106
-5.46722
-2.78087
-2.27713
-1.48128
-11.7941
3.23543
-10.7896
-4.80531
3.29058
2.20174
-12.0434
3.34349
-10.0068
3.26872
-11.1811
-0.259794
-10.7033
-12.2523
3.25274
-9.47726
-1.73701
-12.2199
-4.71001
-11.1412
3.12243
-6.0859
-7.35941
2.32953
-9.88468
-12.4834
-7.0244
-9.19665
-10.8451
-11.8427
3.29203
2.32288
2.97599
-9.72893
-3.38494
-0.905827
3.25936
-2.10816
3.05265
-4.31145
-12.2848
-9.67581
3.12572
-11.1206
3.76574
3.10474
-12.0661
-11.3125
-11.2959
-8.91523
3.37503
3.13059
0.281884
-10.3813
-12.1796
3.58699
1.73749
3.35544
-11.8973
2.6039
3.62674
-11.7698
3.0046
-11.9588
-8.09374
-5.02475
-6.26778
2.89752
-5.65177
3.64304
-12.3266
-9.68566
-8.25691
3.46255
3.23891
1.7683
3.4119
1.83815
3.24897
2.97431
3.04019
3.30211
2.85395
3.01353
-11.9793
2.07044
2.33906
-11.7216
3.39736
3.27112
-12.2059
1.98676
-10.8023
2.37221
3.34358
-10.7613
2.49609
-9.97927
-11.983
-1.91789
3.26484
3.38387
2.43817
-7.40882
-12.8754
1.90848
-12.2887
0.96734
-2.10314
0.676144
1.7412
-12.178
-6.50221
-12.2343
-10.9225
0.0376109
-12.1115
3.21026
3.10501
-11.6006
-12.1185
2.76356
-8.25271
1.30721
3.5225
-1.06817
-11.7175
3.61804
-8.79544
-11.8487
-12.5565
-12.0082
-11.4318
1.66439
-8.15853
3.01081
-9.67184
-11.8406
-12.8292
-12.5024
3.2521
-11.8914
2.42482
1.21016
3.75811
-11.3439
2.35178
2.84978
2.77711
2.73048
-6.02402
2.75344
-12.5106
2.65479
-0.112867
3.37666
0.68416
-8.743
-12.2634
3.2549
-9.24473
-11.7671
0.725741
-7.86305
3.06209
3.56651
-10.2671
-12.2848
2.89558
-1.36142
2.71844
-0.882067
-12.163
-12.1932
-0.181302
3.47007
-11.1594
3.19817
-7.77037
-12.6707
2.35453
0.52152
3.51482
-13.0493
-12.0971
1.18735
-11.6234
3.31217
2.85714
-12.0024
2.8164
2.90359
-12.0963
-10.3389
2.96455
2.66939
2.06038
3.13809
2.25465
0.606861
3.23999
3.52859
0.702995
-0.0126503
2.65458
3.02793
3.74463
3.62275
-13.017
3.01607
-12.6359
0.649704
-11.5544
-13.442
-14.138
-11.5309
-11.7038
2.4487
2.96977
2.09855
3.57105
2.31283
3.21489
2.61129
0.272797
2.87872
-9.15992
3.06057
-13.0524
3.51601
-0.0359467
-11.2012
-14.5005
3.67093
-0.731232
2.4221
2.74249
2.93566
2.95284
-1.71865
2.55235
-12.7121
3.12325
-12.3959
-13.8196
-11.4149
-11.3509
-14.0398
-11.6499
-11.9985
3.25918
3.3993
2.76007
3.14204
-12.1724
2.8022
-12.1758
-0.281318
2.79211
-1.29953
3.34875
3.12259
-12.5008
2.21442
-12.5372
-9.77192
3.54227
2.8612
0.774085
-12.5333
0.628697
3.05862
2.78721
2.35975
3.36081
3.07515
-11.9647
0.879484
2.46714
2.72784
3.46451
-12.5309
3.59875
3.86339
-13.5589
3.15237
18.0743
10.0941
12.2221
10.2847
10.9285
10.268
10.3248
10.1374
9.51355
15.7281
9.08682
10.7801
9.45135
9.83037
9.42192
9.44144
9.30044
9.19179
13.5316
8.03238
9.57626
8.72328
8.96266
8.71966
8.71516
8.61808
8.50095
11.8465
7.34278
8.59659
8.05086
8.22082
8.0873
8.08843
8.039
7.94691
10.3361
6.84582
7.7823
7.46183
7.59555
7.54015
7.56084
7.56095
7.49556
8.99419
6.47984
7.11937
6.96944
7.08096
7.0799
7.11873
7.14869
7.13372
7.89051
6.26834
6.59935
6.57048
6.66555
6.70299
6.75961
6.81671
6.84928
7.03911
6.15369
6.19709
6.24882
6.33193
6.39533
6.46499
6.54132
6.54551
6.37469
5.9493
5.86105
5.97985
6.06166
6.14325
6.22242
6.30421
6.36389
5.80217
5.60031
5.56831
5.75004
5.84054
5.93497
6.02205
6.11076
6.17922
5.36979
5.28827
5.35151
5.5642
5.66154
5.76093
5.85194
5.94286
6.03603
5.18774
5.15234
5.24345
5.42709
5.51803
5.61094
5.69676
5.77695
5.89913
5.12756
5.14232
5.20624
5.32515
5.40075
5.48218
5.56366
5.65054
5.73984
5.03604
5.15903
5.18782
5.23731
5.29481
5.36099
5.43315
5.51425
5.57386
4.96874
5.16513
5.16366
5.14973
5.19164
5.24478
5.3114
5.38898
5.46465
4.895
5.11199
5.10858
5.04897
5.08127
5.12418
5.18454
5.2538
5.33444
4.71962
4.9318
4.98695
4.92271
4.9571
4.99577
5.05161
5.11114
5.20356
4.51697
4.67054
4.82091
4.77705
4.82154
4.86273
4.92067
4.98512
5.08248
4.36803
4.43389
4.64672
4.62393
4.67704
4.7202
4.77598
4.83817
4.90701
4.24399
4.24455
4.47578
4.47034
4.52783
4.57187
4.62381
4.68086
4.74275
4.08599
4.08496
4.30615
4.31996
4.37808
4.42336
4.47445
4.53536
4.58587
3.85238
3.95935
4.13483
4.17199
4.22485
4.26705
4.31196
4.36723
4.34975
3.50308
3.92735
3.98226
4.04359
4.08667
4.12269
4.16213
4.20528
4.16855
3.09668
3.96262
3.78037
3.85424
3.88728
3.92101
3.97264
4.01872
3.96799
2.94792
4.25965
3.94365
4.00789
4.00406
3.96413
3.99556
4.0366
3.61464
13.4377
13.7243
14.2413
14.7978
15.398
16.0486
16.7352
17.4566
18.2046
18.9661
19.7325
20.4937
21.2322
21.9443
22.6194
23.2428
23.8118
24.3167
24.747
25.0991
25.3709
25.5921
25.838
25.9932
25.7668
25.4056
25.3388
25.6871
26.2961
26.8154
27.3214
27.8318
28.0802
28.1581
28.1736
28.1082
27.9603
27.76
27.5101
27.2323
26.9333
26.6197
26.2893
25.9478
25.595
25.2155
24.8141
24.3895
23.9268
23.4413
22.9423
22.4376
21.9411
21.4568
20.9825
20.5398
20.1142
19.71
19.4896
4.71599
4.53463
4.47861
4.40992
4.32386
4.2307
4.15247
4.09741
4.06763
4.06584
4.09407
4.15286
4.24144
4.35812
4.50106
4.66877
4.85997
5.07607
5.32113
5.60252
5.93237
6.32707
6.807
7.36788
8.05281
8.69493
9.0227
9.01584
8.62701
8.06841
7.62368
7.31131
7.07309
6.88656
6.74639
6.63382
6.5377
6.45237
6.37388
6.30078
6.23282
6.17094
6.11818
6.07841
6.05668
6.0603
6.09637
6.17427
6.29815
6.42584
6.5393
6.69988
6.93368
7.21502
7.53444
7.88904
8.24225
8.59031
9.10536
8.38924
8.6259
8.849
9.08617
9.33397
9.59288
9.86234
10.1416
10.4296
10.7243
11.0245
11.3279
11.6325
11.9359
12.2364
12.5326
12.8237
13.1097
13.3921
13.6724
13.9535
14.2373
14.5233
14.7997
15.0487
15.2419
15.3778
15.4667
15.4961
15.4484
15.383
15.3156
15.2383
15.1579
15.0785
15.0001
14.9223
14.8455
14.7699
14.6957
14.6238
14.5541
14.4876
14.4243
14.3647
14.3091
14.2575
14.209
14.1634
14.1188
14.0746
14.0248
13.9622
13.8697
13.7574
13.6445
13.5268
13.4223
13.2879
5.77197
5.75479
5.80735
5.86123
5.92157
5.99211
6.07366
6.16814
6.27715
6.4022
6.54486
6.70626
6.88677
7.08679
7.30564
7.54243
7.79578
8.06363
8.34428
8.63514
8.93362
9.2357
9.53585
9.82536
10.0918
10.3167
10.4821
10.5803
10.6108
10.5842
10.522
10.4363
10.3334
10.2182
10.0939
9.96259
9.82599
9.68612
9.54602
9.40891
9.27876
9.15937
9.05518
8.96981
8.90708
8.86939
8.85827
8.87419
8.91569
8.98054
9.06632
9.17201
9.29372
9.42977
9.57647
9.72377
9.86745
10.0236
10.2289
6.83793
6.97623
7.12851
7.28885
7.4567
7.63149
7.81217
7.99821
8.18888
8.38325
8.58096
8.78157
8.98424
9.18914
9.39559
9.60347
9.81252
10.0219
10.2315
10.4405
10.6476
10.8508
11.0467
11.2315
11.399
11.5443
11.6619
11.7502
11.8081
11.8373
11.8437
11.8308
11.8031
11.7646
11.7173
11.6652
11.61
11.5528
11.4978
11.447
11.4025
11.3661
11.3394
11.3232
11.3184
11.3241
11.3395
11.363
11.3917
11.4233
11.4551
11.4834
11.5051
11.5324
11.552
11.5539
11.5546
11.5718
11.5716
5.91417
5.94575
6.02015
6.10112
6.19069
6.29064
6.40152
6.52369
6.65768
6.80319
6.96141
7.13203
7.31521
7.51042
7.71656
7.93234
8.15618
8.38356
8.61493
8.84749
9.07918
9.3051
9.52103
9.72465
9.90618
10.0654
10.1946
10.2954
10.3656
10.4058
10.4213
10.4103
10.3794
10.3333
10.2693
10.1972
10.1159
10.0212
9.92658
9.83279
9.74426
9.66461
9.59707
9.5449
9.51187
9.49589
9.49996
9.5215
9.55998
9.6141
9.68197
9.76022
9.84616
9.9351
10.0297
10.1278
10.2232
10.3321
10.456
6.09778
6.17555
6.27855
6.39036
6.51029
6.63887
6.77417
6.91765
7.06851
7.22415
7.38573
7.55194
7.72448
7.90172
8.08218
8.26617
8.45652
8.64065
8.82846
9.01381
9.20047
9.37969
9.54932
9.7169
9.85864
9.99185
10.0983
10.1911
10.2636
10.313
10.3519
10.3615
10.3572
10.3487
10.3144
10.2855
10.252
10.1906
10.1472
10.1033
10.0657
10.0358
10.0145
10.0041
10.0134
10.0273
10.0598
10.0997
10.1494
10.2062
10.2668
10.3292
10.3895
10.4471
10.5043
10.5592
10.6079
10.67
10.7228
5.84588
5.86891
5.9225
5.99239
6.0643
6.15718
6.24933
6.37288
6.50183
6.61019
6.75525
6.89999
7.06301
7.24218
7.42301
7.6248
7.84136
7.99752
8.1797
8.36673
8.57234
8.75896
8.92598
9.12333
9.24736
9.39127
9.47916
9.57396
9.64797
9.69761
9.7579
9.75515
9.75259
9.77146
9.70801
9.71193
9.73878
9.60613
9.53779
9.46738
9.40847
9.35689
9.31239
9.27914
9.32436
9.31771
9.38461
9.41992
9.44471
9.49249
9.56761
9.67007
9.75761
9.84909
9.95145
10.0641
10.1724
10.3139
10.4202
5.62869
5.71033
5.76943
5.87993
5.98129
6.11039
6.2038
6.28246
6.42707
6.64547
6.70484
6.85164
7.04262
7.18323
7.38811
7.46933
7.69457
7.86332
8.05583
8.18416
8.3749
8.52072
8.65797
8.84934
8.93122
9.07261
9.13195
9.22595
9.34433
9.30944
9.47074
9.46471
9.41182
9.48158
9.40535
9.47207
9.37423
9.21533
9.32224
9.26867
9.2366
9.24371
9.18256
9.17238
9.19236
9.15899
9.18301
9.17196
9.30224
9.39359
9.44439
9.49878
9.56953
9.69384
9.80892
9.8834
9.98459
9.86587
10.0431
-0.219505
-0.375626
-0.252943
-0.0438192
0.269662
0.665647
1.04432
1.40362
1.7477
2.02019
2.26306
2.54083
2.79118
3.03536
3.4153
3.92626
4.46956
5.04644
5.70638
6.47938
7.37405
8.40807
9.63417
11.1768
12.5513
3.36578
3.42184
3.35562
3.24655
3.15065
3.16967
3.28574
3.44864
3.60592
3.66561
3.5975
3.46709
3.34148
3.26974
3.32162
3.47591
3.59746
3.66781
3.78176
3.9754
4.22464
4.50814
4.82379
5.20134
5.4475
2.56278
2.58533
2.6204
2.65667
2.72051
2.83481
2.97851
3.12455
3.24983
3.31664
3.32602
3.30756
3.28716
3.29252
3.36587
3.50953
3.69023
3.90603
4.18038
4.52622
4.94659
5.44621
6.03353
6.7193
7.55472
2.8635
2.86235
2.90406
2.93905
2.98827
3.05828
3.14363
3.23123
3.30916
3.3628
3.39108
3.40552
3.41994
3.44824
3.50619
3.5976
3.7162
3.86409
4.0503
4.27943
4.55039
4.85707
5.1885
5.51763
5.86044
2.89864
2.88961
2.92947
2.9681
3.02192
3.08677
3.16071
3.23347
3.29934
3.35126
3.38894
3.41896
3.45011
3.49094
3.55179
3.63861
3.75372
3.90182
4.08961
4.32157
4.60213
4.93413
5.32435
5.77234
6.3449
2.97242
2.96888
3.00845
3.04294
3.09326
3.1478
3.2106
3.27044
3.32691
3.37556
3.41526
3.45067
3.48819
3.53197
3.5896
3.66666
3.76736
3.8966
4.05912
4.25666
4.49251
4.764
5.07151
5.39777
5.78836
3.05841
3.01938
3.0646
3.09182
3.14043
3.18676
3.24491
3.29673
3.34847
3.3958
3.43524
3.47203
3.51286
3.55748
3.61334
3.68601
3.7801
3.9013
4.05421
4.23882
4.46308
4.72375
5.03068
5.37303
5.80985
3.13657
3.05358
3.11567
3.13444
3.18498
3.22357
3.28205
3.32625
3.3738
3.42032
3.45673
3.49141
3.53545
3.5799
3.63318
3.70175
3.78915
3.90101
4.04097
4.20687
4.41507
4.65326
4.95006
5.28798
5.68694
3.1274
3.07665
3.17362
3.17534
3.22711
3.2445
3.30913
3.34002
3.39883
3.44437
3.48174
3.50943
3.55002
3.58896
3.64027
3.70255
3.78187
3.88461
4.03666
4.19507
4.38016
4.61548
4.85623
4.98695
5.22769
-14.0357
-12.9823
-1.48576
7.97444
3.75331
3.68786
-1.94089
4.51121
-3.04288
8.83026
-11.7739
4.87401
-16.5665
2.93481
-7.17096
6.4217
-9.1804
7.81446
8.93137
-17.973
-17.5704
7.23956
-11.5115
7.62898
4.46153
5.96583
4.42761
3.23178
-11.5971
-10.6544
8.13392
7.16168
-13.4909
-12.7912
-10.9204
4.18164
-3.16281
-6.67772
-5.27077
7.96485
-12.2751
8.13849
6.76496
3.22021
4.97311
8.53821
-11.5427
-10.2473
-10.8628
-13.2719
-11.5381
-11.9945
-16.7226
8.07972
-1.85461
-2.80918
2.89928
-17.5915
3.5628
-9.49844
4.36862
-0.65942
3.77631
6.47722
4.45095
3.31771
6.65885
6.94235
-15.2209
-12.3393
-3.33119
7.64153
3.89564
-16.2074
4.1324
-18.1874
-14.4332
-11.435
3.31915
8.54064
-12.6932
4.57342
4.92743
-9.3241
3.94847
4.4102
3.79198
-11.612
-13.585
5.59415
6.2871
5.91049
9.10042
4.9374
3.78038
-11.6278
5.81923
-11.2521
7.95063
-9.58352
3.46077
-12.7685
3.45859
7.18782
3.63852
3.48926
-11.5695
-13.5085
5.75428
-10.3419
6.35885
5.25555
-10.8873
7.21968
-17.1508
-10.7507
-12.8567
8.22115
-16.1525
5.35402
6.52729
5.17628
7.96418
4.59633
-13.384
6.77569
-12.1592
-18.0397
2.94965
-10.4965
5.18814
-16.3288
-11.8523
-9.5588
3.15796
3.83622
4.97618
3.57664
4.80851
-17.1965
6.46016
-3.78976
-10.0928
6.58739
-11.1957
5.93347
6.38797
-15.1597
5.04839
-11.1302
1.30179
2.46571
6.0405
-7.59889
4.56013
-10.2062
3.81002
8.20154
-12.2969
9.08065
7.28649
-3.43601
5.58128
-11.2762
8.39508
-9.23061
2.84929
4.21313
7.34332
3.84632
2.94169
6.63384
6.60809
-9.474
6.16149
3.3033
-12.499
-11.7865
-10.3017
8.05432
-10.9224
7.64095
-16.3461
-10.2254
3.6723
9.11269
-9.54033
5.69949
-13.7702
5.57682
-10.1469
-10.3015
-6.29237
-2.67517
-7.3621
-13.525
4.15678
7.17218
-10.8777
-11.4104
-15.2914
7.04518
4.74921
5.30697
1.59625
8.60709
6.95136
3.52043
-11.3397
8.2376
3.65304
5.08378
-10.9595
1.49842
1.08855
-11.9347
3.6661
9.37652
9.24573
4.74622
3.41547
8.22642
4.6717
0.0514628
9.95538
-12.6779
6.38795
-8.9371
5.7336
3.85593
-9.96077
4.34279
7.43606
5.2789
-4.67829
8.5792
-11.7818
3.26012
-10.3861
-6.70945
7.65091
4.23503
8.41667
3.29922
3.90338
4.20718
6.67623
3.58361
6.03978
8.66081
5.83669
3.37573
7.43663
-11.3261
6.39515
4.0203
-10.6798
-13.9817
-12.287
10.1161
6.10844
2.91415
5.06696
4.43639
-15.9116
4.70616
9.1429
5.52418
-2.52284
4.22497
-15.5137
-6.93908
7.68671
9.43678
9.30958
5.26211
6.92935
-4.6671
2.7918
-11.7065
3.48812
1.25563
7.71383
8.30557
-10.0078
5.27239
3.39525
9.39449
-11.9419
-10.047
-4.36327
5.76236
7.60023
-11.9552
-12.1677
-12.0759
-11.4832
6.03861
8.89422
-10.5804
-11.0424
7.04648
9.0501
5.45201
-11.2345
8.79098
-17.9761
6.69039
-17.5203
4.74993
7.0772
8.29976
-13.6135
3.06499
7.61309
-2.42257
-11.5347
7.52036
4.48254
-9.37867
-12.664
5.79807
9.08654
8.15994
4.00521
4.73929
-13.1189
-13.4707
6.22173
-16.9191
8.23171
-7.53363
3.42865
8.63193
-11.9875
4.34571
4.62924
5.20891
5.73692
6.55965
5.10791
4.76862
-10.4221
7.6815
-15.8028
3.69712
3.6107
7.86132
4.00086
-10.3635
-1.11057
9.14776
6.95635
-12.3464
-11.9756
9.97624
-8.29134
2.87686
8.3441
-9.36883
-11.4833
-11.5392
9.14932
-12.9319
8.31991
3.86237
6.57941
-11.9193
4.85161
-13.5003
8.65185
-7.96803
-11.5552
-7.9717
-15.4708
4.92321
5.08968
8.74385
9.23715
8.33484
-11.3942
5.77865
-13.1955
3.07302
3.12721
-10.5124
8.55846
-17.8955
-12.0535
-9.95264
0.161618
8.89878
4.46207
-11.7405
-10.5468
9.40465
8.55821
-13.3032
8.42389
-11.2069
4.42323
6.75329
3.84758
-13.2921
4.65789
9.18528
-3.05958
4.44806
1.07231
7.30793
-10.7261
4.72396
-10.3712
4.63406
5.74236
9.91479
-10.7173
-10.1784
9.08482
6.05473
7.99736
8.99935
5.51178
3.39321
7.66052
-11.2271
5.79457
8.62906
6.72158
7.14876
4.65152
4.00603
5.36307
3.37502
-3.00633
6.8595
5.99858
7.53223
7.79764
9.82631
9.02666
-6.6607
-12.2077
2.03284
-15.2794
3.60349
3.34614
-6.71773
3.6199
3.29559
-8.08281
7.68491
5.35003
-10.6198
8.71287
-12.3657
-9.14189
4.6812
6.35328
-16.1455
5.53383
2.96123
-10.8758
-11.3012
-11.269
4.02676
3.68918
0.153665
9.02845
-11.612
3.39069
3.97322
-11.4106
9.87239
4.6319
-14.0077
5.17328
3.89305
-14.6576
-14.8198
0.966038
-6.21294
8.72162
4.78465
-9.84595
3.88606
4.60141
8.17697
-12.7663
7.25789
-8.72202
5.99374
4.96875
-11.6547
4.80435
3.60078
-8.02558
4.69543
9.12559
-13.5513
6.91539
-3.80978
4.9824
3.29082
-13.0719
-12.4138
5.87954
5.50565
-2.94932
6.21945
7.58118
-11.7977
6.29988
5.45538
9.16771
-11.9228
-11.5811
-10.4817
4.88353
0.592588
8.72149
-10.3622
-17.8935
6.45759
-12.7065
8.43666
-11.3984
-12.8945
8.56158
7.41736
3.39233
7.198
4.09438
-4.64869
5.33608
1.5486
5.95877
-10.7215
-10.9194
5.76588
-10.1534
-10.3636
6.49523
-11.7733
6.95273
0.955988
5.47881
3.39993
4.7058
-5.09541
-4.71837
-6.52586
2.97539
-11.2396
-10.6022
-11.403
4.56455
8.63676
-15.9312
-11.878
6.33953
-10.3358
5.86531
-14.6619
-10.5247
9.08161
0.765501
3.49715
7.39687
5.19603
-13.7108
8.80673
-7.4927
3.70552
3.69312
-10.6854
-10.4698
-11.6427
3.37859
5.2646
-16.1341
-17.3163
6.8061
8.75408
4.68066
-13.2307
7.30171
3.68759
-4.88215
8.06957
3.69857
3.87477
6.47323
-8.94202
8.65712
3.47172
-13.4797
-10.8474
3.74585
7.82913
-10.303
3.2611
8.4533
8.89504
-17.5176
6.65067
4.92452
7.47005
9.65692
7.56875
7.29631
-5.17326
4.3248
7.30966
3.45818
-16.2589
9.53956
3.59741
1.68313
6.75623
4.12003
5.47731
8.36908
2.28259
4.34219
-9.73793
-9.48885
3.20403
-13.0666
4.0276
4.1296
3.92207
8.93273
6.1148
5.37772
-15.2618
6.09409
4.8018
2.5402
-10.0014
0.552539
3.04841
3.32007
6.94037
3.79137
9.10053
6.08153
1.83747
-9.91716
-8.6905
-12.2843
9.51945
8.78804
6.8607
8.68781
7.53418
-10.4844
10.8156
-17.9028
8.44587
-11.5972
9.00224
-11.5058
6.71984
3.99866
4.66732
-12.4282
-6.80726
3.2654
-17.1487
4.28559
9.45797
4.05185
-10.9779
8.58266
5.60752
-9.08882
4.26021
8.65229
8.32923
7.77944
-15.759
9.07504
5.10532
9.17454
2.99602
8.56869
-10.9768
-11.8657
6.75235
-3.70704
9.04808
-11.7609
4.96629
8.75004
8.48738
5.70624
-4.81945
5.82117
7.74151
3.60671
7.2582
6.29093
7.54116
8.38543
-9.47331
-9.01996
1.46714
-10.773
-5.36592
-12.8428
-11.0184
9.84672
3.82283
4.03999
9.17859
5.59757
2.99826
6.21552
4.42442
-15.6498
8.09369
7.02346
3.91589
8.0265
6.47268
4.33306
1.59616
-12.813
-12.2033
9.01089
-10.9656
-0.788652
-11.9019
-17.433
-12.4761
-12.1512
4.5554
9.4202
5.96451
8.58468
7.84568
5.34393
-12.3057
-12.674
7.99317
-13.0103
2.01352
9.53354
4.38577
4.87093
-9.2896
1.53899
4.49951
-1.45515
-8.68989
-15.2624
-11.6929
9.19152
9.08585
4.1004
8.74282
-11.5562
0.662926
-11.7199
-8.18185
3.90886
-8.90764
5.58724
9.32063
3.53885
3.67436
3.60786
9.1986
6.14115
3.29753
5.44465
5.27803
6.9873
5.20611
5.04336
8.46356
-11.1412
-5.35193
7.27278
-0.440756
6.34894
-16.7157
4.01062
9.79035
7.82533
-14.9123
1.2703
8.85366
6.28206
-10.771
1.54431
-13.5266
5.13358
-14.4796
-13.0096
-10.5015
3.22209
-9.21429
2.61411
8.28419
-11.7838
7.90456
4.41753
5.38335
-13.9381
-1.67757
7.10983
3.9111
-13.0114
3.9713
0.581634
-10.0202
8.14806
7.41811
-4.55754
-11.9084
-13.5919
8.71926
9.27537
8.84669
-14.684
-4.21105
7.96675
4.18167
3.6498
-12.6188
9.73355
4.3673
-13.0228
9.39901
5.13603
4.74692
9.03597
-14.1584
5.34316
-15.3639
8.33414
4.92
-12.9087
7.41145
8.55499
8.78269
3.34501
-14.9888
-11.6917
9.16056
8.66589
5.1266
-8.14433
-16.6823
-0.405422
5.48218
-13.7601
-6.52147
5.88164
3.89391
3.54706
-10.09
8.54579
-14.8815
6.28854
5.89402
-9.80727
5.8968
6.03573
2.60504
-15.802
-10.9393
-9.70452
-9.84462
8.80727
-13.2242
-8.30372
8.10874
-2.02925
4.10635
3.58889
-16.4179
5.08477
4.88154
-17.051
1.87678
9.89337
9.79264
-13.7609
2.70991
6.12647
-10.0627
-11.6953
-10.8352
8.267
5.39045
-10.377
-11.3364
-11.8477
-14.9384
-13.3024
2.24708
9.03737
0.368228
-10.3838
7.2548
7.42089
2.41128
-9.33205
6.36922
-0.694509
-13.1003
6.82875
3.63612
8.58801
-9.80498
-3.3708
-11.2455
-10.7475
8.42756
3.22772
0.880174
5.15968
-12.0809
-17.2931
8.9049
5.25242
5.0626
9.4779
-14.0574
-11.8462
5.44307
-10.7407
7.42948
-11.6369
8.50364
4.15181
4.59748
-5.29764
-11.7799
3.11242
-15.0592
6.25433
6.46681
-4.23399
6.79995
-8.13469
-9.79497
-10.3909
5.30462
7.66113
-3.60801
5.86023
7.11116
4.41843
-10.874
6.46047
3.39177
-11.6013
-3.61786
3.67583
5.47984
6.80126
7.21648
3.65191
7.60976
-16.0216
8.73278
5.31271
-10.5548
-17.1234
-6.19032
5.67059
5.7408
-0.0336015
9.72061
-10.8806
3.70453
3.55345
-10.8149
5.81507
4.85695
2.27817
4.131
-11.2933
8.63558
8.03498
8.56219
-2.08696
-1.97964
-12.8361
4.68106
-13.2966
6.49787
6.29564
6.03975
-10.7103
-10.5726
7.34594
-9.85542
9.72043
-10.5611
5.42544
-11.1183
3.92244
4.18887
7.09365
-0.985811
-6.0414
5.42772
8.46553
-16.4012
9.19067
8.18244
4.79776
8.51218
5.43648
-10.6878
6.50875
5.62152
-9.23888
3.38826
-9.89763
9.49666
7.28009
7.10413
9.97876
7.25494
3.60605
-12.7371
9.83777
2.97518
9.14521
5.08726
0.309449
-10.5786
8.10568
8.61664
5.94565
7.12018
9.27017
7.09944
-10.3131
8.46778
-16.7084
6.12351
-4.51144
-11.3359
3.3658
-15.838
6.04785
-12.2487
-11.4714
-10.0634
4.71153
5.04926
3.29034
-11.5171
7.44342
0.886498
6.79153
4.41895
-11.3941
3.55288
7.88121
3.5756
9.01222
8.36895
9.9864
-11.9889
9.93068
-13.9988
8.29391
7.29683
8.70276
8.35715
-15.4349
9.74847
-16.332
-12.161
3.95233
7.01423
-11.1721
-11.0252
9.1877
9.10234
7.82114
6.75113
8.40581
3.38466
-11.3594
5.52316
9.3516
-15.3133
4.62216
1.5916
-5.46286
8.41145
3.87028
8.78964
3.42091
-11.4244
2.46996
-13.6598
7.98547
3.41968
7.21129
-12.9801
-13.1813
8.19064
9.32653
-13.0239
8.31017
3.63609
-10.6371
-11.7145
9.81084
8.83323
9.73385
3.23814
-12.632
4.48529
9.90125
-12.8297
-10.6433
9.29899
7.8162
4.14501
9.47701
5.22196
-16.0278
4.69444
-10.9025
4.80332
8.32971
4.16806
-15.4324
7.21268
-12.0045
-10.8594
-10.1656
-12.8237
-11.8783
8.18436
6.66474
-12.5986
-14.8497
4.92599
8.66777
5.42266
3.43125
7.68344
4.53284
5.2121
-8.816
3.92144
3.3422
-5.11055
3.56494
5.36412
5.82431
-10.1242
9.4757
-12.1258
-11.462
3.56274
7.67384
5.37657
7.17173
5.40404
-12.6158
1.93402
8.34848
4.95504
7.71722
-10.6165
-12.8976
6.48096
5.8787
3.92433
9.11584
3.92699
3.28289
8.90099
3.5495
2.4977
-11.4905
8.72304
6.41965
-6.80637
5.49168
4.43536
6.57755
3.22778
5.31585
7.72909
-16.1298
5.95695
5.57702
-10.8675
3.87464
0.0210477
-5.55885
8.65961
4.92314
8.29673
-8.31768
6.34548
-14.1677
8.83527
-4.97116
-13.3515
-17.6842
-11.5859
9.69645
4.41378
-15.883
-12.7811
3.51368
7.23611
9.89036
-11.7003
8.2827
6.33771
9.65153
8.10792
0.0696064
9.77912
3.73034
9.13673
-11.408
-16.5366
8.16522
8.93068
7.82834
7.76968
5.15399
-11.7176
8.78607
1.31843
-13.7695
-16.7992
8.79065
-12.966
-11.3101
-17.1755
-12.0673
2.57319
-12.1401
-12.2553
-10.1843
9.27134
-10.7948
9.21088
-3.85697
9.26078
8.67397
-13.9312
-8.74327
-11.137
-11.9907
3.39105
7.35755
-1.76976
-12.5714
9.31846
-12.8083
7.32568
-17.2789
8.66745
-11.3246
1.51287
3.65376
5.3637
-17.5198
5.0811
2.24489
-16.93
8.31298
-10.9218
5.64514
7.42619
-7.99616
-1.36588
5.70473
-15.7607
-7.0157
8.73995
-14.0815
8.97701
8.57356
3.36822
3.96546
-12.8921
-13.6239
9.45293
-13.2283
7.77799
-16.4126
9.06765
8.25385
7.2368
-17.27
-0.332232
-10.4782
6.63219
-10.5088
4.46556
-14.1692
-12.4458
1.35697
7.65926
-11.9532
6.9394
6.11826
8.42332
-11.7176
-12.7471
4.45592
-13.425
6.13967
5.38892
-2.28995
6.37908
5.05761
-14.2561
8.30245
8.78669
9.70593
5.18204
7.42547
9.04164
-13.4556
-11.7521
5.45651
8.83791
5.85759
-13.3399
-11.3982
4.66467
2.84965
3.47322
-13.6622
2.79896
-0.495136
-14.6654
4.30804
-14.8474
-12.565
4.52039
4.8417
8.87429
8.6814
4.06094
6.41513
3.5909
3.31081
-12.3668
7.06425
-13.0685
4.68692
-12.0679
7.90575
-9.8062
1.36412
-15.8519
-11.3995
3.63821
1.65745
6.68734
6.94264
6.54757
-11.0695
-10.668
8.57954
8.79921
5.51284
7.26951
5.05626
5.7958
-12.6525
-10.5329
-15.9522
-12.9602
8.09101
4.10087
-12.869
8.09073
-11.5243
8.76398
4.50049
3.64201
6.22293
4.65386
6.33477
4.46297
1.68844
-12.7702
-11.6041
9.29833
4.98206
-14.7155
-4.02057
5.25999
-11.1221
-12.6201
-10.1562
7.07126
-16.8629
5.0977
8.26051
8.43485
4.28716
9.58986
-10.9059
-11.9765
7.96022
3.39572
-16.9463
5.87731
-12.6194
-9.85017
6.44179
3.101
7.84183
3.47305
-11.9715
4.04288
-11.4829
3.54703
8.28899
3.502
8.18903
3.18356
7.87498
6.6792
8.55952
3.96358
5.81739
-13.9996
8.54425
-9.20623
5.82336
6.19219
7.90073
3.53554
5.37791
-6.21564
-12.3676
5.81829
-12.0499
9.00443
-12.6305
7.55222
7.69296
4.56037
4.05681
-11.0668
6.87277
6.49185
-4.12704
-9.943
7.14752
8.86571
8.85966
7.36858
-3.09584
5.44355
5.66636
-13.8042
4.65429
8.88678
6.6296
-13.1582
5.97404
-11.7942
-11.893
9.93991
2.42397
7.35025
8.75948
-13.1141
6.32348
8.68799
7.76261
-15.777
3.50655
7.52221
4.4291
-5.49351
-9.55802
3.59187
5.36018
-10.482
8.65743
-1.46062
-12.0453
6.96248
-0.0125926
-11.4758
8.42267
-12.424
8.65886
6.12752
8.16679
4.67249
-8.11678
-10.2416
7.39422
8.87059
-12.0925
6.84447
7.50306
9.19197
2.89731
-2.67387
4.21679
3.83498
9.02073
5.95541
4.00876
6.35006
3.52854
8.17958
-9.76964
-15.3176
3.91148
-12.8624
3.5709
-13.8311
-11.271
-14.9104
-10.3569
9.92836
8.44832
-15.0932
7.78425
7.92492
-10.8943
5.96138
3.59536
-11.8005
-15.9377
7.3792
-9.97952
3.87306
-11.3059
3.65009
9.18602
-4.32789
3.34578
-13.6256
6.2772
9.14389
3.13898
6.30785
-7.38523
1.33449
7.7104
-12.3468
3.29924
-12.161
3.5172
-13.0419
6.85683
8.6174
5.28857
9.0989
-16.2354
-9.78043
-14.7129
3.7887
-13.2431
-10.7842
9.49359
-17.1011
0.630823
9.30494
-16.2182
-10.9523
6.8684
3.60293
3.71471
-12.9659
4.88445
9.65256
-11.2974
-14.5144
3.11842
-12.6165
-11.7778
5.13762
3.41424
-2.47516
3.53239
-15.6416
3.62341
8.63169
4.78687
-10.369
3.93908
-0.51879
-12.0604
4.39012
-0.296659
-7.58309
8.58784
-11.5102
8.58679
-16.5245
7.16405
4.82607
6.01362
8.60086
5.45736
5.98212
8.59277
3.63655
9.85964
-12.4665
-14.5804
5.31186
-17.0573
3.96807
4.9217
6.88815
7.61937
6.11167
-6.25832
9.68444
-3.48085
-12.5311
-5.17943
-14.6175
9.63001
7.16801
-12.1664
8.06411
3.55742
6.61562
4.90491
5.5061
-10.2217
8.06594
8.71484
4.16389
3.46115
3.36798
-4.49122
0.358685
-1.50607
-13.0863
5.23393
4.62461
4.76032
6.52716
4.16545
5.21807
3.46089
4.89628
7.61252
7.62656
9.67878
-1.54211
-12.4843
-11.9001
3.54687
8.17787
-0.742255
-10.1801
-11.043
3.8479
5.33751
2.84661
8.85206
4.30979
3.53788
-10.6268
-0.052366
4.48793
5.80343
6.38716
3.71931
-12.0415
4.28999
7.16489
4.83468
6.28755
-11.3291
9.00046
-7.40179
9.96391
3.60897
3.86463
8.51216
-11.1576
1.32393
7.04193
-12.6985
-14.2045
2.2684
9.38269
6.30942
-10.3549
-13.2246
-12.8332
5.25342
-16.8262
8.63672
10.0316
-10.1572
-10.9781
4.53756
5.54627
-1.08155
-3.557
8.1554
4.02523
-10.9521
4.68858
9.9035
6.61189
8.07397
4.8571
9.17415
8.86766
8.63787
-12.6274
7.39441
4.12462
3.73166
8.18447
1.88708
3.61255
-16.4445
-0.0735551
0.228759
8.42452
8.04644
6.94455
9.91604
6.56339
4.70561
-14.7372
8.50722
3.64516
9.35621
0.168135
5.99003
3.93488
8.81084
-12.1961
4.12064
-14.0956
7.05841
9.96529
8.14208
6.82892
8.72652
-11.3306
7.38107
3.72893
7.80087
7.82746
-10.6083
5.24499
8.59392
-13.1685
-13.0079
4.23548
-11.2497
8.85041
-12.7574
9.20473
-13.3555
9.41063
-2.64034
5.16353
-11.6512
3.33286
-9.82141
-9.97954
-10.4787
2.62408
-12.9942
5.07939
4.15513
5.28769
-11.5374
8.62621
3.76663
-16.5107
-10.751
-12.0372
8.09664
-13.0178
3.91938
6.53104
4.40736
0.936935
8.89549
-5.12548
7.438
6.05099
8.67362
9.73652
7.42826
-13.7645
8.68647
8.98165
-10.8489
0.624455
3.95462
5.30192
-10.5396
7.84347
8.15273
-12.1452
7.65622
-4.68306
-2.66925
8.09467
3.46448
-17.7626
5.58251
7.40335
9.15475
4.36492
7.72011
5.9214
-12.7795
4.06647
-11.2942
3.0611
3.54267
-11.0732
1.05206
2.71133
8.54385
4.18617
5.95849
4.0865
-14.1494
-11.7639
8.80621
6.96535
5.58945
-10.366
3.58497
-0.452654
4.02746
3.55293
8.08396
8.67805
-1.85152
3.55477
-14.1408
-11.6169
8.92931
-8.7961
9.522
-13.9838
0.945581
4.52113
7.44911
3.57827
7.37582
6.44762
-9.95398
-7.55514
-13.1271
-11.0092
-16.5786
7.75595
4.12833
-3.76439
4.19472
-2.10941
-12.6605
8.5571
-10.5204
-14.7723
-9.82306
8.39337
3.99354
5.26012
8.07841
-13.0174
9.16409
-12.2505
8.40353
9.78754
3.60328
-10.7833
-11.0918
5.51934
9.682
9.59491
7.42017
6.92967
0.244276
-15.4349
7.15139
4.92163
-11.5329
8.7504
-12.2699
8.38866
5.5716
8.27859
-11.2611
7.99407
5.56791
8.79899
8.99549
3.24222
6.22682
-10.8507
3.3926
5.63767
6.86266
5.16803
-15.9181
4.95192
4.03004
-6.02551
-11.4412
3.52954
-13.4231
8.64345
-10.7475
-16.4997
8.23119
3.29029
6.66864
5.95888
3.79879
-14.9633
0.765659
7.59196
4.88616
-7.0666
-8.53455
-9.05751
-14.5668
2.09944
8.75271
-11.5566
3.53413
4.69933
5.04817
7.78396
-15.8307
-12.5419
6.84069
-13.6847
7.87994
-15.0606
-3.95541
-10.6544
-13.0093
-10.5641
2.84134
3.2877
9.14115
3.55026
-16.6789
-4.91152
9.42649
0.355871
3.87015
-11.515
8.46349
-3.73455
-7.59454
-10.5439
3.52923
-11.3714
2.97105
-13.0634
-11.3985
9.17275
4.019
6.86515
9.10047
5.97458
-4.35354
9.02317
6.25898
-12.2204
3.83135
2.59047
3.35901
6.79603
8.72712
-13.6714
-13.1136
3.00175
-10.6608
5.20135
8.20217
6.82495
-11.6493
-13.0737
-12.0302
6.27658
8.12734
7.29467
-10.9307
3.03374
0.438144
5.62046
-12.5874
6.11828
3.09266
-16.4721
8.34477
9.86865
3.59142
3.48997
5.30573
9.18174
-5.5068
6.19239
8.36955
-11.8894
6.32623
-9.85105
-10.3804
3.20246
-5.64709
8.87465
-10.4028
8.98245
-10.5182
4.88391
8.01893
9.00441
8.9463
7.40688
2.23278
9.41108
-15.8673
6.55077
8.37455
6.94923
-12.9312
8.03327
8.31083
6.21379
-13.3371
5.53797
-10.0777
-10.6566
8.96565
8.29705
-1.63479
-12.9672
-15.7116
-1.66009
9.57028
3.60925
-13.4795
-11.6401
-10.8932
-9.92729
8.37951
7.01799
5.86244
3.31447
9.6216
8.87506
7.63407
3.94786
8.597
-15.8148
7.31138
-13.8513
7.63344
5.76844
-7.292
5.91856
-15.8193
3.44127
4.24473
5.41361
5.28708
9.66316
4.20603
-4.49313
1.78694
6.11764
-2.37651
-12.7535
-10.3213
9.71277
1.79766
-10.7406
-13.0622
-12.4334
-12.7963
-9.94731
9.22645
7.35456
6.44778
4.84465
-14.3327
-12.5621
3.8445
9.48177
3.37418
9.04663
-9.83718
6.06527
-14.3963
4.99752
4.02174
5.78086
-11.1594
6.05201
-17.6646
-11.2148
2.98276
3.21538
5.84465
8.82656
3.59591
4.7996
-3.63503
8.74811
8.84125
5.94832
8.80534
3.20211
-11.8152
-0.418057
-6.01994
-8.2643
-12.994
-12.304
3.45376
7.56996
-10.6308
9.47825
5.27737
-16.8117
8.58391
8.66481
7.13723
-5.6125
-12.354
6.80883
7.84963
7.85151
-12.6163
6.16761
-14.3193
-13.179
-17.2203
-13.8615
-10.2348
-11.9598
-13.2824
-9.3855
-7.07033
-17.1136
-17.278
-11.2203
-15.6932
5.81266
-13.2539
8.20149
-13.1032
5.57788
-11.7436
4.3453
6.95287
-11.5262
-9.32214
-11.374
2.99826
-5.4179
5.9307
6.53916
9.38354
3.71047
3.64725
7.76126
4.66044
3.33441
0.981077
8.16758
5.3441
7.00613
6.22792
-13.1128
4.61092
-10.5544
-12.9987
8.18924
-0.468504
8.67487
-12.5569
-10.0473
4.3203
-13.8154
-10.4284
-13.2296
-1.80094
7.1208
8.19848
9.23882
6.39305
7.90117
7.3524
6.85382
-16.2033
-16.2866
-10.0959
-16.722
7.39151
8.36624
8.91699
8.60648
3.40078
8.20052
8.02637
1.77412
8.82347
3.11169
6.13419
-13.1853
-10.2859
-11.703
8.95712
6.23917
3.89961
-10.945
4.03648
-14.0996
6.8552
7.73832
-10.5598
-13.5835
-6.66885
9.53668
-3.82534
7.48592
6.14796
-12.1103
3.56123
-10.2735
3.52674
3.55995
9.54876
-13.2749
-8.42033
-2.01307
-12.9249
-15.7352
-9.85925
5.20509
7.24247
6.72518
-11.3099
3.80657
4.66324
3.82498
2.5288
-9.99877
-7.70109
3.85514
3.68138
8.59177
5.22614
-15.0648
-13.1735
-16.825
8.92875
3.78077
-10.5238
2.43751
4.51357
-12.4897
-16.3201
3.77608
5.98864
8.92927
3.34556
8.54645
9.3395
-16.1198
3.78274
8.39886
5.30432
-12.2533
-12.7466
3.54871
-15.6046
-12.4242
7.97408
5.72221
3.19172
8.20191
6.05321
3.02387
8.43832
5.91257
-12.7881
-13.3566
2.14272
6.21639
7.84881
5.00179
9.59433
6.05204
3.76098
8.45373
9.02218
8.60155
3.81877
5.94744
3.66177
-10.9824
3.492
6.92823
-16.5147
6.98485
5.18625
6.39465
3.86458
-10.6739
-11.8515
9.19013
-7.08475
6.77146
3.22214
-12.2534
8.01427
5.93034
0.370797
-9.8523
-15.8512
8.18134
5.54514
-13.5322
7.26419
4.98621
-9.40602
-6.12052
-12.3863
-9.94642
-5.81475
1.29688
5.28487
6.28946
-16.2197
-13.0346
9.49114
3.53044
-12.2789
3.25858
-8.5838
3.26162
7.81687
8.23942
7.48393
-11.6384
6.47141
-13.0441
8.51914
-3.70511
-12.2726
-10.3284
6.16155
-15.7434
-9.92058
9.31842
3.73337
4.5262
-14.6529
5.83993
3.56155
3.76698
-14.1781
5.04643
9.35124
1.24497
-10.1391
5.72631
6.0614
4.56894
-11.4911
-14.5932
-12.202
-11.52
8.41703
-7.86814
-12.4618
-16.0851
3.37629
8.01726
3.81425
6.56406
7.57636
-10.282
4.15653
-12.6215
7.50151
-9.63571
-13.9515
1.82756
-13.1539
-1.11162
-12.4407
9.96532
4.00684
3.70856
-2.05049
4.94177
-10.1937
-5.67561
-5.69316
8.05767
5.16952
3.14544
1.7599
5.84393
4.62511
3.74561
4.81225
-10.4732
-7.94509
8.0834
-8.25714
3.7194
-10.6929
-10.4215
-4.6306
9.92075
-10.897
-6.40494
11.7374
-12.4503
-10.217
-9.10614
-1.47828
-18.5029
9.61378
6.95823
-6.86988
-12.4931
3.9523
-5.63427
-12.7381
3.65339
8.75215
-7.32949
-5.92247
7.63556
9.57947
2.59637
-10.6438
8.94801
-16.1899
-13.8678
6.34774
3.23429
9.13825
3.51925
-9.33434
9.46887
3.81421
-13.4615
-14.3825
6.59578
5.48912
-4.77529
-15.9197
-10.5717
-9.99727
7.02182
-12.1789
-7.65699
9.52837
-10.4254
9.65169
6.97792
5.88944
8.44515
7.41518
5.14337
-4.86236
-7.63996
8.9969
3.4726
9.51148
-11.1199
-7.8406
4.70657
2.9384
4.26274
0.903658
8.83025
-10.9117
-2.63295
4.96605
-10.5889
-13.8327
-7.07811
4.67577
-12.9714
4.54398
-10.8251
-16.119
-11.1404
-5.27919
5.474
-11.8491
8.16009
-13.008
-12.3172
8.49438
6.22331
4.18522
-13.3849
5.64366
6.93049
4.59772
5.4368
-12.554
-10.5494
-12.3062
5.30746
9.48202
-12.3044
-13.093
3.95809
8.55229
0.482312
7.83642
-10.2435
5.83916
-6.22317
4.27047
6.93445
-11.8263
-15.6568
-13.6836
-10.9389
7.88514
3.9469
7.39037
-12.2941
2.77319
-0.502348
-12.1949
5.87704
5.2962
-11.8689
4.328
-12.4977
-11.8238
-11.9485
4.35845
-8.11697
9.21759
9.09994
7.72278
-12.5324
9.55028
-14.1823
4.75026
5.96994
-0.600297
-7.26472
-11.8995
-10.1255
8.64175
6.06092
8.45115
-13.6074
-7.07083
5.42741
1.43014
8.62596
9.86558
4.06807
9.54177
-2.33992
7.9065
8.09702
0.376667
4.69235
-12.0041
7.28773
-7.01776
0.227816
-15.2857
9.64742
-11.297
-11.6975
-13.5931
-6.73485
-11.0419
3.58495
-12.713
3.57835
7.19177
-9.37702
3.69855
2.55098
4.56433
-10.3277
-7.08842
5.12468
-10.085
5.75533
-8.89256
-11.1376
-4.31544
3.5254
-11.3913
-10.8678
3.49251
0.917332
-12.0144
-16.4844
-12.7557
9.41755
0.346563
5.1045
8.6499
-2.63017
5.26789
6.33373
7.605
6.83733
-12.5177
-11.3579
7.60994
4.40703
-11.8884
5.01636
3.43551
9.8752
-10.0984
-3.37567
-11.562
4.61316
5.53189
-15.4561
0.861258
-9.93981
-5.02046
-9.45305
4.5457
-15.1583
-6.52995
0.303823
-1.47312
3.02921
-6.5022
5.04132
7.3765
-12.1297
-2.65825
-8.07853
5.64217
-2.07601
-7.58203
-6.25089
3.23666
8.10517
6.45663
-12.224
-12.9634
-13.1853
-11.1147
3.78231
3.81874
5.87301
-6.02949
-12.6691
-8.1711
4.12939
8.77574
-5.79298
-16.4706
-16.6578
-12.917
-12.4295
-7.78677
9.16456
-10.2535
3.78715
7.69621
8.34472
-11.91
-12.6803
-9.11383
-12.1612
-9.6547
6.76226
-9.75121
-10.6121
-16.5787
-12.2918
2.34944
-0.764188
-2.99342
-4.96462
6.07414
8.52589
8.13978
-13.4359
-12.0122
4.84191
-11.0002
6.15837
-2.52392
-12.1655
8.57807
-4.55807
-12.1252
-12.1213
-4.70357
-16.9995
-11.7643
-11.5804
8.90462
-6.87455
-10.4057
-11.9979
-12.614
-12.5831
-10.1711
1.72042
-11.9182
5.36962
9.40778
5.2141
-12.5116
3.25954
-11.9823
-12.6239
-6.17271
-8.17136
5.18978
-15.7633
4.49037
8.88923
-9.21136
-10.1091
-7.75724
1.16369
-12.0475
-0.644983
-10.6746
-1.60799
-14.7785
2.70286
-12.3125
9.1994
8.64732
-10.6814
-10.7051
-11.1053
-11.8672
-4.82942
-10.2336
-13.1508
-10.1615
9.54743
4.99153
0.747881
1.88607
-0.603499
4.41229
0.621155
-11.8505
4.75958
-11.8755
-8.03488
-5.59699
-10.196
-11.8405
3.83499
-3.80139
-11.8965
-0.337301
-11.2255
-11.8097
7.46887
-6.63538
8.1053
4.47604
-11.4558
-11.5126
-12.017
-12.4547
-6.23753
-7.17325
-10.2845
-11.1155
9.3746
0.993535
-8.74702
3.41227
7.50905
-13.4436
9.06916
-3.21187
9.81296
-6.68552
9.7786
4.80693
-11.6477
-9.67108
-11.088
-0.645191
-16.2389
7.00118
5.29504
-3.85951
0.334413
8.55354
5.06289
0.0119699
0.288459
-13.5957
-11.7968
-11.9915
-6.60173
5.19754
9.89517
4.25174
-12.2774
5.50691
-8.64647
5.93745
-12.1632
-11.7897
0.668554
5.96069
5.42682
0.066238
4.4716
0.0916553
-11.7607
-12.1561
7.14234
8.18604
1.94357
-3.9766
3.89763
9.68984
9.56052
7.1759
-14.3063
4.96072
-5.72357
-4.54676
-8.935
-12.7627
4.94363
-3.08972
5.63876
0.348251
-7.83255
-8.88125
9.82092
-6.79245
-11.8323
7.47699
-3.0301
9.40288
3.56129
9.35199
-9.7853
-7.71038
7.00361
7.20148
-17.279
5.58787
-10.0542
-12.2934
-10.9073
-12.8155
-2.99042
-9.89264
-8.27051
9.31387
7.05684
5.05382
6.39861
9.05108
-1.98582
8.9351
4.2821
1.15788
3.14959
5.72402
8.73132
5.4077
-9.32935
5.54782
3.64653
-15.2771
4.59299
2.40247
-4.69852
-12.1727
-9.46377
2.99309
5.10692
4.5236
-8.45559
-11.7455
-11.5853
4.14134
0.786137
7.17093
-2.52134
-11.699
5.39595
5.18183
-6.75316
-6.27077
-10.7557
-4.39379
5.72942
4.73147
3.59154
9.69125
4.90853
5.07209
2.62386
2.60371
2.0605
-4.8631
6.16195
-8.96186
-10.8834
-9.95349
-10.8801
-6.23942
-12.7538
8.55099
-6.27111
-13.2391
-11.7671
-9.637
-5.2222
7.36251
-13.3118
-15.3298
7.88666
5.2694
-11.1784
-3.67858
4.28315
-13.1731
-9.61866
5.85195
-12.363
-12.01
-8.01657
-9.64747
-2.73172
1.94305
-10.4381
1.19921
-11.6508
9.88063
-12.3566
-7.19612
4.16985
-10.118
6.629
-12.2733
9.46814
-14.8223
-18.1956
-7.1049
3.30919
-12.9817
-15.7787
8.80835
-2.1113
-11.3259
-11.1167
-6.22083
-12.3137
-1.62364
-12.8382
3.17762
3.89809
-9.92108
8.53062
-15.3099
-10.8904
6.72148
-10.3562
8.98673
0.588797
9.14736
9.79117
-5.15743
-11.4454
8.9984
5.41478
1.94825
9.55363
-13.653
6.41029
8.41679
-14.6656
-17.9391
2.08722
-10.5682
7.59816
-12.8598
-7.26097
-10.9246
5.58183
4.26711
3.84087
-12.2784
-8.88267
-9.80502
-16.2929
-8.37302
0.1312
-11.5085
-7.3178
-9.78161
-10.2267
9.19391
1.80296
-12.809
-5.44801
-11.2427
4.3675
-10.1016
-11.587
-12.1121
-5.92791
7.55559
9.32508
2.06519
6.87713
-11.2978
6.15485
2.14094
6.06059
-7.78543
-11.04
0.647189
3.42339
-11.6711
6.27507
7.84338
-11.2385
5.34766
3.58712
4.51365
4.33293
3.05164
-0.660258
-16.2784
-9.04998
-1.23925
-1.39329
-15.5391
-5.25795
-11.3995
-5.94629
-14.1785
-12.0782
9.23849
-11.6488
-12.4449
4.80701
-10.9522
-9.5228
8.83562
5.65624
3.06062
-9.16006
-0.695409
-3.89923
4.27933
-11.5232
-12.5872
9.28091
5.17872
5.69056
9.04394
6.37443
8.88404
-11.5904
-10.8254
3.61641
2.63254
-13.144
8.98735
-0.0857671
5.37434
2.04892
-11.9589
-4.47239
1.97767
-12.2514
-16.3249
-11.2894
-9.75557
9.67261
1.61315
9.31421
2.3653
5.39823
3.42905
7.85458
-15.839
-17.6558
9.5865
-5.81907
-1.05701
-11.9795
-10.2645
-3.0722
-16.7815
9.49141
-5.11281
-13.1803
7.0874
1.79255
8.95985
4.35773
-0.971804
-6.96462
9.53422
3.55433
-10.7041
8.85328
4.38356
-12.8138
-12.0187
4.98858
5.48082
8.44749
-0.513304
2.78773
-15.6438
1.09949
7.89561
-11.0614
3.45957
3.86042
4.67203
-13.8094
-10.7427
1.9786
2.14916
-12.3347
-10.4483
-3.0629
1.96087
7.63948
-8.6512
-2.10423
-2.44835
3.85542
4.11119
1.98884
-16.8331
9.306
5.91953
-13.4098
-10.504
8.24588
-6.87925
-15.2503
1.94327
-1.83226
6.27585
9.03627
5.27536
3.69425
-1.06698
3.69382
7.0389
-12.5748
9.2845
-8.43466
4.00301
8.51632
-10.8145
8.34972
-12.1924
6.66183
2.14668
-10.6557
-10.5113
6.4434
-6.16221
1.77948
-3.63846
-12.0846
3.25512
8.32273
7.24311
3.73722
-12.3041
3.67946
3.79045
8.69309
5.77735
3.16474
4.24311
5.43776
9.26765
-11.2342
9.78368
-9.86022
-11.3943
3.63355
8.18952
-12.866
3.92676
-1.28993
-3.39943
-9.81348
2.93902
9.54952
9.80199
5.37775
-9.13464
5.19344
-10.7599
8.44267
5.72931
5.938
-12.2669
0.641854
-10.2806
3.60045
-2.29281
9.01077
-10.499
1.62937
-15.1836
8.62686
5.28277
-10.7918
-2.35783
-0.687847
-11.7779
2.35043
-3.36244
-1.04775
0.0112874
-11.3771
8.16201
5.82682
3.31427
-12.0114
3.49486
-10.565
2.13715
-11.0461
6.654
9.56565
3.22205
9.38619
-10.1148
-11.8368
2.4648
0.0168813
-0.728961
9.23255
-0.401422
1.57646
-4.67198
-12.2785
-16.2773
-15.3198
3.98538
3.91121
1.89517
6.60219
0.886244
9.04263
-7.4956
-1.62285
4.10595
4.94597
-10.478
-0.571793
-12.6693
3.03764
-8.73461
4.34668
-13.081
-0.522069
6.47064
8.51735
-10.8119
-2.05801
4.68677
6.63362
-12.5492
4.84725
-12.5347
-0.00942255
4.84622
9.5367
-4.5017
-14.8003
-14.6035
5.57462
8.08553
-9.88759
-16.0734
0.177093
3.57262
3.32439
8.7429
-13.0043
-9.34968
8.50011
-12.0789
-12.6333
3.89371
5.35162
-0.299817
3.29613
3.04419
9.27869
6.78335
2.40718
-10.4183
-14.7035
9.57033
-16.8108
-10.3588
3.46792
-0.985898
-12.9229
-12.1115
-2.56389
-4.71126
-0.207509
-12.7183
-0.275148
4.31552
0.396516
1.81718
5.90766
-0.700307
-8.88952
-12.1313
8.34755
-14.2686
-13.4589
-10.9963
-13.574
3.43324
3.34298
-7.37176
9.48238
-15.4403
-3.91513
-9.43363
-17.0355
-10.4729
-15.4202
-13.7549
9.30041
9.57721
6.33533
-10.8727
0.940124
-11.9332
4.5634
-1.55273
2.33835
6.64041
-7.05827
1.70914
4.06328
8.99639
-15.902
2.23224
6.86069
-13.351
-11.3102
6.5325
0.38354
3.51686
1.80501
2.58194
2.2998
-11.6421
6.17177
9.05559
9.06324
-0.0119679
-2.27035
-10.6012
-11.7336
-11.6727
-13.8401
5.50359
5.39803
-5.61257
-10.7518
-12.1629
-1.74978
6.22645
-4.983
5.20583
5.12554
-2.85459
7.52838
-3.55582
-7.56545
5.52891
-10.2594
4.62965
8.35279
-15.8334
-16.3729
-11.938
-13.1794
10.0582
0.347458
3.1449
3.02547
-9.52977
-11.5598
-10.5562
9.48783
6.05407
6.42481
-10.5849
1.68451
6.84434
-2.90262
5.24888
9.28526
-6.37843
-8.84264
3.7552
-13.2688
-11.4196
4.55308
4.04364
-11.7347
3.57157
-9.82274
-12.9363
3.68258
9.83413
3.87416
-14.457
-12.2716
-7.42511
9.07159
5.02598
8.06293
7.2197
3.9057
-13.2349
-11.4781
-12.0683
2.80962
-11.8339
1.14623
-10.323
-9.26757
-11.7911
7.86078
-9.98624
8.50365
5.3948
6.059
5.09979
3.66227
4.13786
-8.15671
5.69723
4.28753
3.36314
-4.31073
-11.7516
8.16244
-6.45734
8.12474
-2.206
8.85209
4.16964
3.58296
5.23663
1.45843
-0.826495
2.80098
-8.06525
1.02086
-0.354742
5.51638
8.04979
-16.0774
-12.6781
6.72339
-1.12846
5.97739
6.37697
8.72358
-10.5631
-10.7603
2.27796
-10.7631
4.73204
-1.39233
7.18596
4.8114
-11.2897
2.74772
2.14537
5.15536
5.32024
-12.0752
6.71595
1.99005
-11.1622
3.03734
5.82465
-1.37676
-7.52385
3.38077
2.52949
-11.7866
3.81153
-8.71745
-0.647717
8.61549
2.81955
-9.82351
-16.9027
-9.52209
0.621461
-12.7953
4.18009
9.55683
-11.6017
-10.6748
9.46972
6.537
-5.3443
0.0136781
-11.1609
-15.7358
-10.067
4.49115
9.80663
-13.0379
-10.8194
3.23977
3.8919
9.21396
-14.4794
-10.5421
-15.3439
5.26957
6.63576
-10.4426
7.76883
-11.5488
-12.583
-11.0695
8.30074
8.44959
-12.5165
-4.13318
-16.1124
9.28391
-14.0334
-9.96421
5.12862
3.45139
0.992613
-0.602543
1.82745
8.62259
-13.6201
3.17889
2.5796
7.02684
2.28235
3.25454
9.32712
2.32973
1.36511
-12.0253
-11.4629
-11.443
-17.5518
2.71577
6.45127
8.1322
6.41963
0.702917
3.72206
4.3785
6.81582
7.94898
-11.3958
2.92028
0.23786
8.73495
-13.732
7.83196
9.14426
-0.0528864
5.13418
-10.331
5.62329
9.12599
-11.7735
-10.7487
4.41283
-7.8984
8.65917
1.36558
9.88427
4.21304
2.44274
8.69625
-6.75985
-7.12237
-3.15942
-5.88187
1.36841
8.96434
-9.837
-7.05262
5.1356
5.64963
3.98668
1.78853
4.10201
4.35438
-12.297
5.32888
-12.1845
6.21122
5.44063
2.79978
5.85695
-12.028
7.85195
5.54896
2.87799
2.94913
8.59567
3.91112
3.9066
6.81342
3.37088
5.91722
4.41267
-14.9319
-17.1261
5.73953
8.97828
9.52442
-3.03351
8.9785
-6.70179
6.66771
-16.2679
5.06149
3.56996
9.03717
3.54969
2.02317
2.83279
3.65642
-10.993
-11.0193
5.41955
9.33711
-11.8597
2.75599
-8.75059
2.84875
9.78589
-14.7527
8.91078
3.56397
2.39546
9.2746
-11.7057
-10.3368
3.46561
1.95551
2.84221
1.71499
1.97485
-11.8672
5.8549
3.18267
3.84541
5.06522
5.55998
-5.67378
7.52191
3.56157
-10.9188
-4.49817
2.96978
-11.7634
-1.93702
6.2415
7.49925
7.57367
-12.3572
7.04253
5.31794
-10.9871
9.46869
2.90031
-11.825
2.90974
-11.9743
5.45963
9.30673
-11.8555
5.88714
3.49058
-12.4228
9.38371
5.04294
9.26171
5.51913
9.23466
2.92828
-6.6512
7.56312
-13.6616
6.27369
3.7177
2.12841
7.34652
3.72463
-12.0849
5.60172
9.15019
9.55024
8.81341
-16.8893
9.20538
2.17795
7.36906
-11.8695
-13.4251
2.93358
9.06244
5.0663
6.32782
0.577152
-12.7334
-6.29489
4.31731
-14.896
6.9665
-5.49311
8.57269
2.52489
4.07856
5.59059
6.24459
8.1296
6.35592
9.67562
-9.69832
9.88829
-10.9835
-5.17447
3.87089
-10.7251
4.28676
-10.3447
-10.2782
7.94605
4.9123
2.8592
4.43113
5.50095
3.15946
-9.74193
5.75256
-0.884663
4.75876
7.78649
-9.55023
5.91464
3.89133
8.66008
3.81395
3.19412
8.83688
-10.0437
-12.5357
-13.2325
4.13165
6.8551
9.66915
-10.683
4.20057
0.888768
-12.149
3.04858
7.02598
-11.5097
3.00949
-9.54997
3.3532
1.62491
8.93192
-12.2142
4.93387
-9.44376
9.97308
0.607831
8.775
-7.22718
7.56383
3.80817
-1.13407
5.66616
9.07985
1.88009
-15.7153
-11.9368
-9.84244
5.37185
-3.88522
9.59668
2.74251
-11.2529
-9.06036
4.30821
7.56142
2.78045
2.42822
6.25171
2.74564
2.52458
3.56675
-13.0096
-10.5537
4.19022
2.29588
-0.204462
1.9378
-0.298727
7.8234
-10.0455
-10.2986
7.64629
2.8838
3.0073
3.68695
-5.2751
-7.29536
-9.92686
2.85113
7.0956
7.1738
9.43179
-12.4108
-11.4917
5.21425
7.92142
4.15249
9.6513
-12.0484
5.3659
-11.6921
4.5094
5.68431
7.23641
-15.331
9.35628
8.51465
-11.0036
-9.69104
-14.8766
-12.1182
6.94911
9.41159
0.87684
-9.20062
4.75497
2.69757
2.76988
7.15964
2.80687
8.65055
8.16767
8.80587
6.16302
3.91944
-10.7558
6.78795
-6.00231
4.74115
6.01834
-12.2321
-3.27268
8.77129
5.20742
-10.5149
5.83542
3.29488
-8.27558
7.37723
4.79769
2.50038
0.848975
3.2131
8.7758
7.15644
-11.5827
-8.47046
3.49464
6.21641
-10.5269
-12.1375
5.93582
3.57674
8.50243
-11.0228
7.63651
5.66288
4.74604
-0.482385
4.73152
4.92799
5.09246
4.44464
5.95322
3.6083
-0.238306
-6.43836
2.21709
9.23693
-11.3359
2.88595
-12.3604
8.25412
9.15269
5.83205
-16.9475
4.76968
1.81724
-12.6624
-11.205
9.24188
3.11317
8.79259
4.80008
7.51144
-1.02903
7.87468
-0.864958
-11.0262
5.45402
2.95311
-15.2501
5.88116
9.22504
-10.9756
2.03347
-7.11337
7.14963
9.74733
6.02086
2.98651
8.09346
9.60412
-13.1846
8.86968
2.3487
5.69496
-5.33639
8.43692
-13.1762
7.94066
-11.768
8.70922
3.9126
3.11669
3.76515
-11.83
9.08863
-12.8934
9.64565
3.81569
0.296251
-13.8472
9.91358
-12.1515
7.74614
3.97512
6.60168
4.28679
6.70422
7.43553
1.13565
8.05968
-4.15099
8.98401
1.48349
8.45147
5.5645
2.94739
6.01256
-12.0381
-9.42223
5.9885
7.76204
6.33945
9.19009
3.14944
2.78026
-11.4204
-10.9751
-1.15056
7.66782
2.94488
9.4263
3.81264
-10.7236
5.72962
2.48326
9.32185
-11.7012
-1.08555
9.32864
-5.92735
7.37819
7.28775
6.09736
-11.7306
-15.3202
5.86504
3.3051
0.979716
7.43517
7.93663
-7.42633
-11.6714
9.29007
0.247288
7.60173
7.2206
9.19811
6.74141
8.34909
2.48318
7.99542
-12.7729
-11.3683
3.34639
8.66351
2.35458
8.7119
-11.4753
4.40994
8.77137
6.74769
3.53745
3.72215
7.34699
-13.1955
-11.7567
-2.651
8.71358
4.74388
3.42186
3.47309
3.06182
2.10757
2.71573
6.6183
2.34322
-15.582
-7.14027
0.104615
-12.0858
8.54594
6.32796
1.87048
-11.9927
4.40674
-11.7165
2.16667
7.61857
3.65125
-11.1354
6.96519
5.8912
-11.1266
9.12157
9.70622
3.83138
9.00185
6.07814
9.11373
7.57674
7.97106
3.23835
3.47312
4.03504
-10.674
7.37986
-14.0446
8.85712
3.43636
-9.90271
6.54154
2.61166
9.48905
-0.84218
2.87034
-6.85649
8.12985
4.66357
9.8674
9.07277
5.63726
-13.1604
3.33926
2.53226
9.36651
2.64045
3.53386
1.62693
2.10773
2.47273
2.94394
3.26797
8.05572
3.37021
-1.91049
-2.50484
9.45983
9.55534
-8.18135
-12.1503
8.79301
9.76988
9.22708
-12.6331
-10.4141
1.68771
6.81051
8.87148
5.69336
2.42166
4.69459
6.76958
3.7352
4.31779
7.37397
5.54226
3.78818
3.45882
3.6562
-5.13176
6.0805
8.50308
-14.8837
-4.41806
-4.50358
-10.3354
-11.6297
4.60356
4.52206
7.1599
2.37811
-11.3917
-11.1826
4.07814
-3.53878
-13.3196
-8.83951
3.42724
9.38327
0.814971
9.41424
5.44911
6.16109
3.02777
-11.7381
8.91325
4.30722
4.26422
-9.96297
2.89607
9.85589
-2.82063
9.42951
9.84673
-12.1809
3.44703
-5.71085
-13.3752
5.35584
3.94529
2.64295
3.36108
-2.65092
2.19943
3.40342
7.71177
2.66332
8.81436
8.10553
-0.40462
0.28909
9.12224
-8.3975
4.52152
3.64953
-13.886
5.94722
8.11534
8.25395
9.72533
9.20504
9.51007
7.54093
9.44142
7.9806
2.50822
-1.42191
5.49924
4.94249
-6.48716
-3.84949
2.06125
4.46993
5.70719
9.90808
-11.9828
7.05935
3.9813
5.79901
5.62854
5.56624
3.76431
3.13033
1.44083
-11.0655
3.74914
9.13248
7.79737
8.39747
7.0496
7.38247
8.36263
2.454
-0.248927
3.3229
3.70211
9.67805
5.89979
9.20821
-17.1602
-12.1683
-7.32168
9.68598
-18.4252
-9.57133
-18.0847
-9.35436
-9.2784
-18.0302
9.01851
-9.6236
1.17023
3.85386
-9.11455
-17.8941
4.75758
2.74283
4.09075
-11.5483
7.4054
-11.3167
-11.0508
7.02594
4.52471
9.37055
-9.34219
-15.3899
3.38022
7.74905
-17.697
-9.28277
-18.7788
-9.69795
-11.9929
-15.0391
-1.51153
5.19264
9.63934
6.36642
3.85598
-1.09674
-2.31586
-16.2801
-15.229
-9.6335
-18.9309
2.12784
1.54504
-1.23267
-3.22774
2.61973
-7.09953
-11.8362
9.75008
-11.4097
7.62046
3.33304
3.59484
8.81251
3.93333
9.344
6.02306
9.49987
-10.8185
-4.31875
4.39014
6.28433
1.48427
5.36224
-15.5628
4.463
9.76988
9.6964
-17.1968
-15.2493
9.17026
-13.5848
4.66723
-9.35377
-9.41482
3.53363
9.93236
9.12327
-12.0486
-0.972209
3.65228
3.72092
3.92207
-8.86045
3.5594
0.952087
-0.290517
3.9888
3.17087
-3.13207
3.44741
8.82302
2.34668
-6.40275
-9.9903
-10.0489
-8.40156
-8.83515
-12.13
8.57234
4.49981
2.47784
1.85351
-11.2408
-17.5579
3.49616
3.61461
9.05892
-4.7485
-8.22982
-5.76824
3.04059
2.58108
4.182
7.1718
7.8828
5.32255
2.84413
7.19509
-11.7283
6.13789
3.56717
8.88132
8.1562
4.6403
-9.40457
9.89411
3.23071
4.66559
7.64433
-10.7338
-9.15844
-6.34139
7.07286
-0.018256
-2.55161
0.655859
2.90304
5.8786
-10.5864
9.04739
9.58759
9.94034
1.55737
8.61223
-12.1992
-10.6434
3.7051
2.30354
5.97745
3.67542
4.24814
7.67315
2.33244
-12.2062
-13.5554
8.57059
-18.2944
3.63216
5.91652
9.65425
6.33419
-5.56534
1.99066
-11.0192
-4.34665
2.56518
5.39591
-17.8149
-4.60682
-11.9027
3.04868
-4.49324
1.81609
7.56601
-18.7845
-6.78093
9.75254
-11.3288
-13.3509
2.59179
3.28165
-16.803
5.84326
9.95611
-7.85504
-8.29862
3.37436
5.4985
-9.35242
3.54991
-10.6972
2.09859
5.81311
-5.98531
2.58446
3.78458
9.38643
2.3567
-9.43072
-19.1496
0.968705
9.01011
-4.03215
3.20818
-12.2001
-8.85562
-6.98336
5.4469
1.22027
-12.0358
-7.73905
9.71578
3.67799
-3.88776
-19.0848
3.20967
3.09849
-13.1418
3.89925
4.71313
-4.55359
9.91764
4.13401
3.75451
-9.43212
-9.01085
2.35503
-13.6599
6.88826
7.65667
-0.950157
-5.21178
6.69485
2.26678
9.63906
-13.9483
2.13454
9.72932
9.29907
1.67763
3.4848
-0.0491997
5.44911
3.54827
4.17438
-6.55413
-9.46421
8.29825
2.32571
3.40217
9.86715
-10.7353
8.20129
-11.0555
4.81715
-3.3649
7.77783
2.03531
8.98265
8.73547
6.91865
7.9534
-9.32286
3.58143
-6.78983
-12.3455
-6.03678
-6.29195
7.846
6.09784
2.14032
-4.48703
7.84519
-10.7329
-11.9675
1.79882
8.42341
9.53499
-9.39102
-10.2569
9.40124
-13.4142
3.61479
-7.71078
-10.9138
3.69588
-11.9284
2.9419
7.94391
6.52342
-3.7999
9.86333
-11.8215
-6.80921
-1.64349
2.19592
-11.7651
6.74319
6.33673
-3.10303
1.20731
3.63859
4.22998
8.89371
-9.53132
9.21373
-0.0226517
9.14389
2.35014
9.25879
4.01691
8.35391
7.95562
-13.6983
4.74956
7.13479
3.19772
-13.1589
9.24532
-8.89388
9.36016
5.35017
8.05647
9.34383
3.99408
1.53908
8.06707
-13.6918
-11.476
-3.73523
8.28477
-11.0011
8.60137
-12.3292
0.497463
9.12382
-13.9372
-0.858466
8.0873
7.11464
-13.0143
2.2073
-3.20166
-8.1348
-19.2837
-9.46883
-12.6361
-9.6089
-19.2077
-9.38461
-11.7864
8.76006
-18.0337
2.21046
-13.7719
1.77628
-14.8415
0.716646
-10.969
6.69296
-5.59499
8.97429
2.41463
5.85903
8.9332
3.1138
0.662169
9.92898
-13.7883
-0.97249
-0.251495
2.01175
3.66116
8.71204
-0.162377
-15.7397
-17.6243
8.48247
9.97013
8.64327
8.11334
-11.7908
9.614
-6.12561
9.78761
-1.08339
0.0514946
-9.20909
-11.15
6.50947
3.99545
6.94441
5.29524
-9.40946
-4.0158
-11.6561
7.39615
-11.1073
9.93977
1.97086
-0.108476
-12.9521
-12.3378
3.04347
-11.0793
0.344113
3.42985
-9.6478
-14.4847
3.47104
1.30856
8.99678
8.22481
-11.4638
-18.5248
-11.1538
-8.44522
-10.4398
9.93667
-9.50326
2.55047
-1.44333
0.878421
4.62979
-10.389
4.725
8.7632
-10.5705
-4.52327
-12.31
6.32193
-12.827
-7.47164
2.20323
8.96649
-0.407971
9.1847
9.68332
-0.704921
4.29015
9.4563
-13.1735
-10.0927
2.96934
3.63224
0.271464
8.24019
-9.47704
-9.46191
5.89808
8.09975
3.61656
-9.42205
-12.2043
-9.44514
3.66141
6.96405
1.78617
7.11798
4.14597
3.63618
3.14286
-6.13914
-11.2603
7.68413
5.53178
8.6426
-11.9987
9.82536
-13.6255
-4.74863
-9.54129
-2.68351
-12.9378
-2.51913
3.23994
8.32058
9.90644
2.73689
-9.46935
-18.7291
9.7564
9.85833
-6.56285
-11.6829
6.98266
6.49196
9.84418
-6.74739
2.99829
4.61717
-8.94362
-11.3579
-6.62491
-10.6965
2.03274
9.82015
9.45129
6.15576
-9.59894
9.77828
8.78291
6.95445
3.17772
-9.96733
-10.1625
-7.89224
-11.9333
6.10833
-3.27649
3.7882
5.94652
-9.69709
5.41065
5.00806
8.88938
1.09513
-11.6326
8.93694
4.87136
5.43633
-10.9744
5.08379
-0.28152
7.89592
-11.9349
-9.88556
3.89635
3.07453
-12.2826
1.61163
-11.3036
-8.4541
4.55303
4.107
3.73294
3.90387
-11.9046
-0.546832
3.48708
-4.9225
3.055
5.5509
1.59076
2.49941
3.137
8.44803
8.40441
-8.46306
7.28679
-10.0309
9.1819
-11.1648
-10.5511
-7.96557
4.37837
-5.78702
1.63344
-12.8008
2.64111
-18.2917
7.49411
2.47045
2.14153
-14.4451
-18.73
2.29849
6.74584
-11.3337
-11.6927
-11.3409
9.2999
1.65203
-12.6692
4.25992
3.3062
-10.0816
9.2925
3.80466
9.91349
5.39346
-9.4471
4.6872
3.91192
9.29526
-9.61055
3.351
9.21099
-2.4833
-1.53479
-10.1976
-19.5191
3.46318
-11.7226
-7.60047
8.4152
3.78058
-7.69934
9.60713
-13.1992
-12.3103
6.36849
4.08574
8.5049
-8.90426
6.33565
9.27085
4.33488
9.3119
-4.27439
9.00347
9.71624
-11.9399
6.91488
-18.0942
-11.4315
9.27126
-12.0256
6.97065
7.58439
1.78575
-9.05296
1.77777
8.87667
2.37188
7.69448
-17.5934
2.75077
7.24018
4.81081
7.5872
9.24351
8.01887
1.14436
9.93166
-9.45284
-14.4199
-9.36583
-2.73272
-11.5783
8.14208
6.65115
3.2232
-10.4407
-1.1302
-1.71325
-18.6986
4.69769
4.83911
2.9248
0.793185
2.75079
9.79323
-3.9096
-13.1581
9.7241
-11.6469
9.23524
2.80807
-11.2822
9.27893
4.49726
4.26291
3.52165
-0.183259
1.98183
4.34147
-13.3741
-11.9122
3.66702
-11.2176
-11.2979
-0.508531
8.81672
-5.21709
7.93919
9.82072
4.40061
-11.7426
-12.9024
9.26853
-9.48847
4.92641
2.68214
-8.85199
-4.19746
-6.21818
0.615374
-12.805
8.64849
-7.63713
-16.6137
-14.8975
4.88266
1.8484
9.35887
3.79879
-1.16235
8.7692
1.34992
3.25863
-12.464
3.65011
5.24773
-4.09443
2.17049
1.00172
5.9113
-12.3273
2.61082
0.544768
0.421949
3.65965
3.68454
3.13404
2.0725
-12.1848
-9.58032
8.1807
5.44167
-9.9141
9.05422
2.48698
8.71848
2.14492
6.13966
0.939166
-7.47995
5.80924
-10.4431
-0.351017
5.63506
9.08624
7.50143
9.32289
6.03029
-11.0949
4.09444
9.50669
8.91831
9.56444
9.26187
-18.7965
-1.59211
-11.9359
9.88149
1.04418
9.15212
5.70207
-2.1739
0.564265
0.952632
2.64437
2.05982
8.37441
-1.51049
-13.0756
5.4483
9.36767
4.9209
-11.6833
-11.0865
-10.9256
-2.0852
3.75778
-12.7229
9.72071
-13.172
5.87771
-17.615
-9.01382
-11.9192
3.66854
4.52658
2.51813
8.85447
9.01143
-6.29818
-10.9823
3.45409
-10.3809
8.31699
9.42211
7.19248
4.82078
9.22513
9.60943
4.58615
-11.4152
8.65701
1.18931
-1.92349
5.12758
2.75637
-11.5083
2.20004
-10.5434
9.92348
-15.0949
8.46865
2.29281
-12.76
-3.36664
8.80773
-3.81016
9.45678
9.41096
8.09137
-7.78878
9.54949
-13.0178
1.3114
4.82311
1.07874
-3.07321
8.06531
9.05633
-12.2559
6.03142
-9.55214
-11.1476
0.213204
-4.80574
3.15145
5.71921
3.48381
-5.18722
-7.3658
5.26436
-19.3483
5.40052
-1.57068
-12.2264
1.98844
3.93902
9.84834
-2.37336
-14.6683
-13.4218
0.0848622
6.81092
9.40548
4.54485
-8.65635
-9.47953
-18.8316
-3.27586
3.76765
2.57176
-5.56444
9.34019
3.36764
-3.57438
8.97915
4.87513
-10.2011
-3.07437
-9.52048
-11.1365
5.39063
-11.6855
-8.67124
9.54929
3.47399
3.13045
-4.56565
-2.18917
0.7764
9.79827
5.57394
-7.07451
5.95383
-2.0854
4.50688
-10.7631
3.75708
4.28008
3.90663
-12.2858
1.81531
-18.2078
9.15235
-0.414208
5.66027
4.97091
-2.53737
8.82601
7.07688
9.48564
-8.5947
8.69903
-0.761323
1.44525
0.902494
-11.133
4.31214
-3.74248
9.88459
5.57615
-9.93033
9.53629
9.0802
8.81605
-2.51634
-11.2409
2.34599
-12.1114
-0.290215
8.27051
-11.7937
2.19818
8.8357
0.0476836
-3.54496
8.76753
6.69353
-0.105269
7.34288
8.17836
0.931307
6.96501
4.46176
2.91753
-2.22837
7.89933
8.64754
-0.915142
9.45957
5.24773
-0.26556
0.0939056
2.09957
6.8595
-10.4497
5.45734
2.06727
7.8749
9.80336
-11.4842
3.77595
9.21833
-9.9021
2.7091
-2.29709
-7.72988
-12.7253
4.31489
8.60606
0.135766
8.12712
1.39042
5.50864
1.8596
-0.0300352
-5.1482
-4.71228
-11.3068
4.89781
-11.4348
9.6144
-6.8922
8.91331
3.36082
7.06818
9.47188
-4.58106
-13.6453
3.44201
-18.4012
-10.6018
4.66297
-4.7294
5.63477
8.57507
9.88478
1.92467
9.52405
-11.2318
5.85393
-12.1996
2.30474
-12.2276
-5.77312
3.61122
6.40022
4.5047
4.61433
-8.35081
5.13335
9.31241
-8.49846
-5.34417
-5.81566
-18.932
-9.43812
-3.98336
-12.0503
1.59778
0.84602
9.28881
-11.7934
-10.8204
0.136352
4.58028
3.65882
-6.86908
9.22205
-0.00960829
9.3764
6.49609
5.53585
-0.056134
-8.18385
9.39284
-12.1189
7.31835
4.6622
9.25654
4.14457
7.09616
-11.2742
-11.5572
9.79459
-9.27142
7.46982
1.91877
3.3495
3.06769
6.94539
9.5691
5.74127
-8.18727
3.34808
-11.7446
-11.5949
9.67041
3.75994
-5.51493
3.73725
-9.66487
-16.4767
4.33661
8.22982
1.20869
-0.525061
-11.8459
-9.80278
-11.4834
-12.026
9.82184
5.36026
-0.73499
5.50086
2.42508
-7.26894
9.48331
-12.499
8.42852
0.125827
4.62024
8.99071
-3.059
3.5664
9.27132
-12.6873
4.73236
-11.4567
-12.5778
0.286654
4.50885
-2.28565
-8.31812
3.59745
9.77781
-10.9683
7.62133
-4.24304
9.27231
-9.53634
1.56894
7.42343
4.98263
4.9733
9.16689
-0.38357
4.38458
9.67274
-11.1953
-6.40452
-1.39269
3.21807
8.11967
6.54392
-12.0642
-14.7424
3.31234
8.26702
9.23251
4.15822
5.72551
9.36753
-12.0419
7.6879
-14.5196
3.4583
7.98729
8.9366
-2.65134
9.4515
4.07357
9.24482
-9.95242
7.1577
3.51753
1.55681
9.46804
3.91036
-17.2518
-11.3542
9.61243
-14.5734
-0.337092
-1.42929
4.11868
9.75212
5.11463
7.2806
2.90406
8.81791
9.38222
-7.30469
3.96842
8.05001
9.75926
-11.5516
-2.09746
5.42339
8.95183
-12.3527
-13.3959
-10.871
-0.357493
-19.3789
1.39081
3.67258
0.290572
5.57145
-3.57192
-14.2856
9.63961
-1.46814
5.49881
8.65912
2.51323
-2.59507
7.7056
-0.669676
-10.47
-4.43185
-10.0294
2.95936
-3.69672
4.20323
4.54528
-4.40718
-10.0172
5.67053
7.60218
5.44082
-4.46202
9.22608
4.55435
-6.39918
-8.04367
5.20729
9.35581
9.80608
7.25984
9.93075
-12.7387
-4.20946
6.87937
7.90107
-13.1977
9.50669
2.97081
7.97307
-2.02606
9.3966
9.24831
3.27895
3.17614
6.06368
-0.430235
9.42295
9.25663
-5.69648
6.0259
-0.500735
9.52927
4.85432
-12.4095
1.81047
-6.15446
-1.19804
9.51177
5.70149
-12.6305
3.58553
-11.2961
3.2849
8.52613
9.82115
3.47946
-3.79512
5.41906
-8.76933
5.66456
3.24654
8.51394
9.42115
3.36086
-13.5931
-11.5686
8.58224
3.25771
8.33485
-5.28041
4.04327
9.23898
5.12322
-2.20977
8.61896
8.41468
9.18185
3.43088
9.20059
8.18664
9.85925
-9.45527
-11.3404
-9.33164
7.48111
3.47932
-1.92671
-9.25236
6.46365
-8.33487
-7.1971
3.40235
-7.56179
-13.983
0.804366
-10.9777
-4.16627
3.51128
-13.8136
-2.28155
8.64923
-10.3029
3.63938
4.12051
-12.5867
5.18337
5.50325
-9.88078
-14.8261
4.25035
8.96001
-11.7558
5.75518
3.38003
-4.48289
7.73472
-7.93302
-13.3498
4.10392
9.39691
8.46233
-10.032
5.7008
5.34152
-3.16604
-10.2356
-2.47348
-10.6729
-17.8107
8.47411
9.88113
-1.70485
9.8809
5.35523
5.58416
9.6465
5.71265
5.32846
-0.0926663
3.75761
-14.885
-1.99352
-0.0959058
3.79776
9.34743
-12.4514
-6.23013
9.92777
-12.7296
-10.5855
-7.10589
-13.0254
-3.67467
-10.6931
5.61149
9.92563
3.28221
7.45526
9.90054
-17.6245
4.47382
-11.1699
-10.906
8.67471
6.04429
-3.84335
-9.39964
9.45389
-3.58503
9.41694
4.34587
6.97394
8.82689
4.92693
6.19817
-2.70783
4.89603
7.45669
6.09901
-11.2609
5.07731
5.39968
-14.5836
5.51901
3.76946
7.14768
9.06008
0.973862
4.5948
-8.87379
6.92187
-3.77738
5.59351
-11.4264
-5.03831
5.18248
9.46659
9.07974
-13.208
9.23338
-10.8053
9.39031
2.88721
9.13339
2.79165
-11.1246
3.24995
-11.704
9.30208
9.78514
5.63668
3.62475
4.63501
-10.6382
-12.3586
-11.6496
-5.48886
0.834209
4.51274
-10.7264
4.71997
8.97693
-10.4796
1.25533
-4.45511
-7.40698
9.34611
-15.1625
7.90318
5.19166
5.97538
8.74509
-15.1647
-2.07801
4.02609
-7.35606
-8.38104
8.90554
9.67542
-12.0656
-11.6898
-16.81
3.17665
9.57144
0.368079
-11.6198
-12.1629
-9.31756
-5.70266
4.34224
5.89344
-5.26999
-1.84102
9.31559
-13.3319
-11.1594
9.30675
7.87134
5.36401
-1.02099
3.4952
-7.69319
9.56837
-6.35827
-11.4988
-11.3667
9.07708
-3.99868
9.62943
4.21103
-10.4647
7.48518
9.86263
7.1705
-12.3269
8.83864
6.03751
4.81782
-3.54233
9.32663
0.650798
-12.2049
-12.2876
2.95326
3.74506
-11.0257
-12.6776
8.62301
3.64244
9.90822
3.36679
-11.6506
-2.75893
-3.91281
7.40721
9.16822
9.91153
8.90528
-12.4506
6.45077
9.65105
-2.33886
9.14661
8.05129
8.924
6.47558
9.0329
6.77205
3.61663
4.26971
-13.5943
-13.1675
3.65334
8.80388
7.0762
8.76083
-19.5699
-11.7642
4.41505
4.23614
3.77678
3.71823
-11.8696
5.43471
3.36222
-2.5658
5.48457
3.04237
8.60216
7.34247
-6.53827
-11.4335
-2.06194
5.01856
5.93939
8.85709
-9.89851
8.85611
-14.7926
-12.4366
-9.61041
4.65027
9.21662
-14.8318
6.58692
1.43169
5.28098
9.18188
5.48266
-11.452
3.78048
-11.1689
6.17287
-1.98886
-3.23051
9.35218
0.65746
3.38458
5.58566
-13.5486
8.93853
7.21273
5.50625
-14.2431
-13.1427
8.12586
-2.09786
-11.829
-12.4208
8.42481
-10.884
-8.44278
-15.4922
-11.685
-12.4283
9.47713
6.87013
-12.0837
-14.701
-3.99405
1.74036
5.66257
0.624969
5.37833
9.91535
1.33286
-9.20471
-5.38491
3.78301
7.33107
-9.24378
3.74267
3.61938
3.94124
-2.51406
6.47651
3.8306
-14.0503
-12.229
4.41329
3.88681
-10.5477
9.73458
6.31012
3.99158
8.96287
3.19959
-1.60931
-6.02552
-8.65327
-12.493
5.86172
5.56918
-3.8294
-12.5895
9.45819
-12.2909
5.82334
-3.48709
6.98718
-11.7544
3.46535
7.79856
6.17334
-11.6216
-3.82059
-18.9563
-5.08711
9.46582
5.8798
8.09267
-0.374232
-12.5281
-17.7668
-11.3191
3.18459
9.14056
-1.52116
6.34241
3.03305
9.14059
-11.7515
3.55498
6.41012
9.35103
3.27156
-12.6816
9.59674
1.34123
-9.52836
-11.5789
5.31752
8.19194
8.98398
-11.4503
5.9762
-11.8712
6.324
4.60452
4.86237
-6.85914
6.65556
5.5239
-9.93178
9.29286
3.45942
3.99637
6.72961
2.93821
6.1837
5.57916
3.85556
2.79752
-10.3778
4.8995
-16.0337
5.46486
-14.2545
-12.5275
7.3336
5.08339
-11.253
-9.75661
6.42567
7.60581
5.70259
-13.7153
-3.52273
8.0885
-12.9499
6.50601
-11.9869
-2.90359
8.85857
-10.0669
8.19482
3.49743
7.77222
-6.97012
-11.8458
3.82033
6.25982
3.95049
9.53303
3.42591
-6.8125
8.17546
-13.9937
-9.6522
8.86285
-12.2024
-17.242
8.65751
-12.2976
-9.94834
7.54573
-10.6462
8.45997
-11.3867
-10.0345
-19.4233
-13.6273
-0.39161
8.37925
7.99357
0.795822
9.44039
8.66532
-11.0871
-13.0415
6.63563
8.96756
8.38714
-10.5654
8.11487
9.783
8.62798
-12.7684
8.63361
8.51037
-9.47045
-17.5585
-10.2017
5.10373
3.61867
3.43785
-9.91451
8.00432
-8.89513
7.76013
8.09376
9.51054
6.75592
-5.11482
3.86411
-10.8895
9.0282
-12.4651
-0.918763
9.64181
4.87075
6.07694
8.07998
8.85554
-12.1037
1.18121
9.22998
5.20562
8.46848
5.09734
-3.29953
6.5045
7.95882
3.78685
-12.4586
5.68851
3.69046
3.35949
8.32646
-9.78581
-12.1942
-11.9509
6.24751
7.83895
9.94324
8.74508
9.86247
7.9791
-12.0142
9.06566
7.44619
8.13599
-11.6717
3.88945
6.80628
9.24153
-11.0052
9.11517
9.71065
8.0032
-7.82936
8.01056
5.49507
-13.2102
9.22349
2.63503
8.05514
4.98504
-12.4431
4.12188
-2.0993
9.22747
7.07316
7.68315
-12.1481
5.59098
8.09708
2.53558
-13.742
-6.0907
4.40891
6.53995
-15.9389
-11.9746
-5.29822
8.70702
8.80878
8.98087
9.61292
1.8569
-16.0972
9.67047
5.52266
7.1725
6.18324
5.52365
-8.43436
3.58556
6.13149
5.21892
-4.02822
-8.60368
8.44385
3.23808
-10.7157
8.20762
-19.0564
5.51326
5.79168
-3.94385
2.97451
3.35973
9.28516
9.70899
7.40454
-8.72783
10.0852
-9.76704
-9.49958
-4.67145
-0.318287
8.81662
4.66703
5.10817
-12.7488
7.14652
4.08503
3.58261
7.14988
-11.7163
6.1636
-12.1628
-12.3624
9.01426
8.91102
7.1789
9.25969
7.05668
8.43001
-0.403532
3.3153
8.54921
9.9132
-0.323195
3.13943
4.44216
8.9863
3.49094
6.36
5.6964
3.87576
-13.835
4.44045
-12.3505
9.35206
8.26825
5.35609
9.45824
5.47306
-13.4468
3.66198
-12.7282
-11.6258
8.23084
-2.66826
8.27594
9.43871
6.88994
2.94244
4.97977
-13.4076
0.960147
7.13499
3.06694
7.07489
6.75828
9.88094
-11.252
3.38766
5.60013
7.42626
-13.2381
7.8254
6.60451
-12.2351
-9.01333
7.28716
7.27564
-9.57798
9.55346
3.16477
1.24542
3.8638
8.38275
8.91389
6.24756
5.46485
4.63817
3.11096
4.26693
4.77771
3.25355
-8.83245
1.04879
6.66342
-17.639
-11.4502
-5.84988
-13.6878
-0.129089
-8.43688
1.188
-15.2862
8.90787
6.89506
6.48703
9.25012
-13.5449
6.71367
6.45881
-3.29789
4.54168
-10.7019
0.452862
-0.922309
6.84531
3.16154
8.91717
9.71348
-18.347
-13.677
-3.94542
-12.0066
-3.30913
-8.31957
-2.59141
3.43748
0.448758
6.8318
8.37012
4.69331
7.34117
8.86119
-11.8662
-11.724
6.88942
9.51382
5.34621
8.97737
9.49482
3.2246
-3.05744
-7.10028
4.03651
-8.37828
5.36761
4.34997
8.30809
5.62385
7.51136
-12.3499
-7.73426
-14.3675
6.15101
-9.9737
-13.7787
6.88381
4.87988
1.91308
-2.62473
4.16668
-11.8051
9.50634
-16.8687
6.51837
-17.2187
3.29502
0.64993
6.38612
9.3202
9.01103
7.01968
8.94977
4.58686
5.49453
9.20493
7.25018
8.24788
-6.65098
8.2927
5.90147
1.4183
4.24159
4.98914
6.15679
-10.7605
6.52858
8.67442
-2.67124
7.9643
5.8419
3.83811
8.1385
-12.6176
8.95346
5.48561
4.91383
5.57589
-17.5144
7.05635
6.64006
-16.2807
5.53564
5.19498
8.37138
5.31112
1.7966
8.22372
7.15292
6.94136
4.05424
-7.7815
-10.8713
-14.4266
6.82793
-12.2108
-17.6845
-9.25034
7.18689
4.22547
-7.86185
6.33442
6.14902
-13.3448
7.98034
-10.9268
4.55086
2.14488
-4.47558
-10.3776
3.76928
5.73631
4.81379
7.84373
8.66978
1.63809
8.85152
8.99935
-2.21982
8.90209
9.09048
5.53002
8.14147
1.54511
0.313341
7.1983
2.69376
3.52285
3.82732
9.6362
-5.50477
-6.08546
9.00994
-9.4505
6.23732
5.51236
3.81874
6.65209
3.15545
9.13818
5.71334
-14.9121
9.47344
3.10072
6.0779
8.35725
1.57271
8.28202
5.72197
-9.47677
9.29693
3.6665
6.42395
9.21014
9.9534
6.76303
-8.62898
8.44492
-1.91946
-5.51511
2.73065
3.4037
8.69474
-9.07455
-10.4162
7.08312
8.99051
3.68716
-9.59285
7.33652
-13.0013
-7.05044
8.84318
9.33585
-12.4299
3.42927
-12.0324
3.50034
-4.49109
-8.93956
9.53495
9.32906
1.37867
9.38054
-11.5326
9.00006
3.99351
6.10251
8.57673
8.71191
-6.7711
6.947
9.35794
8.63412
5.73195
-11.8068
3.52426
9.93121
8.06223
-12.3417
6.03935
7.29094
-6.96112
2.01198
6.62313
7.34766
-16.5636
8.08017
7.98529
9.31263
3.72963
-14.4471
2.70813
9.15588
-13.6843
2.51988
7.64254
6.83204
9.00257
7.34229
-7.15653
-13.7956
5.31404
4.43464
-7.06816
-9.37447
-19.0739
3.46852
-17.5556
-9.39881
5.61788
-7.18208
9.02616
-9.24213
9.38689
-13.547
1.64711
-11.3318
9.10636
9.51593
-7.83377
6.44089
8.45072
9.64346
-14.6119
-1.22504
9.3723
5.25506
5.16562
0.913948
-13.6292
6.93784
3.57591
6.85067
7.16141
-7.34991
8.24118
-7.88408
3.48639
-13.289
-12.6683
-9.54864
7.78588
3.59122
-13.6385
2.79755
2.06441
4.9925
-11.9467
-10.8886
-1.8946
6.9969
6.18646
-11.101
3.01777
8.26775
-13.789
-5.76617
5.21837
-14.4514
4.17841
9.54924
4.19734
9.44339
-9.87468
5.0917
7.93163
2.77023
-2.93705
-13.3753
3.29223
-1.69009
5.68428
6.81797
7.06765
1.86609
-8.29111
4.64424
5.36162
-5.31302
3.05727
3.3201
-10.0411
-12.244
5.65903
9.06847
5.9975
5.6084
5.67416
5.32695
8.61718
-11.2745
-11.1239
5.03457
-11.1448
-4.63874
9.59836
-14.2757
-0.704913
4.95576
9.32885
9.40681
3.55868
8.8945
-7.6133
7.23439
3.42842
3.37306
7.85459
4.88673
-13.6585
9.91311
8.27673
-7.14104
7.96444
8.4135
5.45415
8.64931
5.93217
-11.856
-11.639
7.35231
-2.74447
7.92094
4.49913
9.28272
6.15736
-10.1334
8.90502
7.48937
8.97367
5.76122
5.53916
-6.31192
5.76268
1.56589
-8.94723
4.31309
5.42799
9.67303
-5.17291
5.47048
-13.2279
5.51256
-13.6713
-10.4284
7.57785
6.16822
8.87551
8.69485
6.91451
-12.2357
9.90656
-11.1061
4.25651
8.73099
8.18421
6.69872
7.74928
5.62336
-12.3418
1.18986
4.43122
9.19725
7.59945
-13.7786
9.63975
-11.8101
-1.60774
8.82359
-0.541005
-1.42372
-10.1865
8.71742
-12.6632
6.28254
4.01745
4.33059
9.09161
7.02783
-11.4478
-11.1734
6.40708
9.23891
-12.4253
-9.08275
3.39504
7.25252
9.14999
5.76587
-11.3748
1.64356
1.97295
-9.09777
1.71216
8.93874
8.84491
9.38204
5.06511
-18.8928
-13.5478
3.71563
6.66938
7.50143
-13.3279
5.86367
-13.9003
6.1905
3.34685
-13.1148
9.53202
9.20338
5.6966
5.4793
9.30659
9.71826
7.93059
5.79874
6.60254
8.43251
1.37089
8.64133
9.73736
4.02078
9.82661
-15.4544
5.51825
3.59333
6.77848
-10.2526
-11.0968
-11.0472
10.1147
3.34841
-9.62958
4.00171
3.81611
-12.4991
2.82994
-0.890017
-13.3355
-11.0263
3.73166
9.43054
9.06782
-11.8764
-14.318
8.32913
5.67072
-1.01485
2.44362
-13.014
8.37043
6.80382
-7.55626
-14.6683
-14.7061
3.69632
4.87013
8.21155
9.11385
2.53875
-11.5465
7.94559
-11.7824
-15.7249
8.56507
6.88778
7.11038
3.92336
2.26918
8.12469
3.21009
9.64088
-11.2809
-12.9772
5.21179
6.91356
-10.1873
-18.6722
-13.7167
8.07196
-12.6302
8.60568
3.68212
9.35554
-11.2969
8.8401
-13.6436
-12.3161
6.63685
5.78809
7.9263
-16.68
-12.6344
9.14933
-6.30726
8.47166
8.79146
-11.7843
8.74399
5.26463
-12.4237
3.52149
1.26776
-8.63993
7.45746
6.05695
2.65228
5.85462
9.30509
3.58329
5.56555
-9.26621
3.41401
8.59061
4.4042
7.94595
5.5975
7.86735
-11.7108
4.45183
8.01137
6.43228
2.4331
-15.504
7.28006
9.13622
-13.8398
6.40183
-1.31841
5.2166
2.51758
4.15151
-14.338
9.0656
7.0301
7.95641
2.63154
9.25637
-13.6506
4.93338
2.26054
-10.1532
7.97764
-6.31196
-16.9629
2.8118
6.37448
8.16092
8.08265
4.65998
7.63637
0.452015
4.53667
8.23255
3.28226
4.68266
8.42357
4.95284
-9.15114
-13.4145
-16.4708
-5.37724
9.32204
5.81056
5.04281
7.07779
-12.3225
1.74503
4.33915
-2.57481
-11.8131
7.23352
8.9657
-12.4036
-10.669
7.20469
3.20868
-13.2999
3.69536
5.66384
5.49833
4.92861
-17.8462
3.57322
9.88177
3.53657
7.44069
9.17467
3.66626
8.81959
8.7537
3.44843
6.51303
-14.3218
8.65354
8.91469
-12.9625
4.49136
8.39629
7.82007
-13.1673
-15.26
6.80527
8.06771
-6.75496
8.50672
-12.5574
8.6296
3.39532
9.82295
5.02428
6.05633
1.37674
8.92831
7.91717
6.9126
-8.62397
-4.84742
-19.076
8.91724
3.2859
-9.96924
-13.5825
3.27081
3.22662
8.52435
-15.2337
8.88294
4.95519
3.31275
4.34809
3.66562
7.48832
-15.5427
4.49286
5.74612
5.59486
-17.2587
6.16686
8.50695
-18.1987
8.74517
-1.55037
8.83345
8.89448
-14.3723
4.23136
-10.5038
9.03309
0.762715
5.2627
-12.9531
-10.288
-18.9177
1.66577
-12.8252
-0.75574
7.51045
7.67547
-5.82035
10.0283
9.67822
3.37433
-10.684
3.28035
2.8794
-10.3471
-1.73459
4.39409
-5.63335
4.72295
7.95919
7.83289
-11.6737
10.3129
5.19371
6.09744
5.04349
4.33565
-5.29287
4.21394
-12.3734
-10.5138
3.39927
-2.56601
9.95491
-9.42612
-13.4172
2.65819
3.35668
5.11142
4.44467
0.296074
7.33584
4.52657
4.51864
-17.1651
5.4163
0.771506
4.99273
7.83675
-2.95941
3.65645
5.40022
-16.8006
-18.3821
-12.5581
-11.2547
-10.2729
-13.6075
8.23619
7.88196
4.95786
8.91452
-2.98038
5.02807
8.36534
4.38757
3.79471
-5.69547
8.24392
-11.7757
-1.75748
8.30294
-19.6096
3.51537
6.39311
-3.24227
-18.8958
-10.7971
9.42396
9.66594
3.22166
5.9048
-12.2089
-5.92233
6.61096
-13.7105
-11.8008
6.32279
9.10142
-12.0622
-10.0034
9.05104
-18.1522
4.85511
0.60769
5.18294
5.4083
3.34398
5.46682
3.55626
-12.9744
3.78054
-10.1569
2.99693
3.6424
8.97031
8.23622
4.29028
9.25085
-6.03846
3.16766
7.27867
-10.4546
-18.7093
-10.3019
5.30157
-11.1332
1.20693
5.49631
-12.0875
5.48117
7.72925
-12.5468
3.24925
-12.1851
4.61583
-4.27781
8.98154
6.62712
4.20223
5.79453
3.40275
9.69228
7.56161
6.17752
9.14041
9.21604
5.14439
-19.0957
7.23863
2.31123
4.40783
5.84259
5.29018
5.09087
-12.1959
-13.3769
-13.6222
-13.3309
-4.954
-5.54947
8.33961
3.29083
6.01178
8.0423
0.709359
9.26853
3.4937
-11.7344
-1.02626
9.18575
8.26841
7.29466
4.41764
8.69616
-3.16136
-7.89713
-3.60537
-12.6718
4.27282
-12.3881
8.54854
-9.04019
3.27858
4.44755
-10.9774
9.97969
-13.5738
9.37818
4.58617
6.5054
6.53296
-12.397
-10.6754
-12.2706
8.08869
9.29636
4.5318
7.19308
5.48614
3.79515
4.90365
-11.9793
5.18482
4.75436
8.18723
-10.5495
5.75944
5.01594
9.25702
-12.1019
7.41482
-13.8846
-12.4345
7.65552
7.84319
1.17324
3.63791
8.74394
-8.96347
8.39752
3.41626
-9.71522
8.17955
-16.5927
4.13333
6.509
8.0781
-13.5388
8.80124
4.31424
6.69202
0.0536848
7.8999
1.41561
5.25597
3.30518
8.64488
6.76021
-14.2893
6.00072
6.66535
5.777
-8.51229
-4.84105
4.70446
1.87119
9.95401
-11.0269
4.25982
3.1987
6.3312
4.1529
8.26088
7.88979
9.43945
-17.9637
9.32816
9.48497
9.31106
7.96553
-3.52211
3.28707
8.00772
2.95165
8.17707
3.69449
9.64031
-18.9791
4.07658
-11.6226
4.85328
8.99605
6.78992
8.08673
0.4152
5.41214
-10.4251
7.88882
2.93762
4.39691
8.52543
5.23408
9.19589
4.1191
6.01202
8.4815
6.41975
-4.34129
6.07109
9.34293
-17.5835
9.88825
7.40796
7.35477
-6.63591
9.24708
9.81927
-13.1823
8.71343
-12.1995
6.80571
8.04143
4.32526
2.76722
5.57542
-8.23065
8.89529
5.80887
5.39758
5.26972
-12.4644
8.33989
5.07841
3.61182
3.83653
5.50259
2.6695
4.19013
5.12864
-1.35254
3.69826
8.59801
-9.90533
5.46699
-10.73
5.64373
-0.892055
8.72757
6.70945
3.95942
-12.4481
-11.6432
8.04641
8.27497
-7.79145
-9.34343
-5.88955
5.53273
3.16752
4.5111
-3.15459
-16.5259
7.23363
8.80103
4.28916
6.20767
-12.5191
9.6274
6.75229
5.07432
6.92083
3.81703
6.38763
4.31925
-12.4299
8.42439
3.8249
-18.1308
2.02977
5.31081
3.49859
-11.1355
6.47653
-1.268
6.32075
6.81375
7.62575
9.38962
-9.29708
3.75891
3.413
5.62246
4.70578
2.2918
7.0808
4.6209
-13.165
4.40476
-13.2322
9.65502
7.32179
6.93197
9.8353
-11.1456
-5.60484
8.56681
-1.72331
8.54405
8.42904
0.903551
5.9032
9.22336
-12.5168
-9.5902
-10.9876
-7.88417
3.39525
5.26311
9.58276
7.62485
8.3537
3.70633
8.91169
3.29994
-19.1283
-12.9808
6.52006
-9.32578
9.58647
-15.8014
-12.7149
6.37483
7.57065
-15.3389
-7.5046
-12.4141
8.94826
3.27887
8.28517
3.97004
-11.057
-11.0941
4.05185
6.23109
7.9972
5.48989
3.34682
9.36186
3.72635
6.71682
6.69981
7.89629
8.51758
3.89317
5.69645
-11.5156
8.14115
-8.48836
7.6571
8.86133
8.34755
5.09019
8.02524
7.22164
-17.1527
9.60833
9.0254
-7.9915
6.49844
8.80073
7.05243
4.38639
8.48323
-10.1846
4.97202
8.01886
7.46141
6.10512
-11.8051
-9.26538
-11.9796
8.18142
1.69729
3.29935
3.24238
1.18288
9.66991
3.25835
9.41088
7.65445
-10.1444
-18.9384
8.09259
3.59865
7.97931
-9.84798
-18.4294
-7.60305
-11.4846
4.40769
-15.5912
5.6869
8.27112
8.83434
3.99512
6.60966
4.08643
4.55137
7.83997
4.88102
-9.99044
5.28829
8.53012
3.85702
8.79114
3.43869
5.41197
5.99121
4.13396
3.54463
1.17253
-8.90512
7.38272
4.09407
9.56582
8.50923
-10.9261
-9.71109
6.71043
-13.5032
4.09209
3.9854
8.08799
1.34688
8.14861
-11.8139
2.27786
6.3347
-13.2817
8.77671
7.66897
-11.9357
-1.56545
-17.288
-9.6461
8.08053
9.48305
-14.0142
-11.8122
-11.1569
4.99102
-9.97486
-11.0236
8.01632
7.28056
7.36491
4.52208
-6.42739
0.00497669
-12.0319
8.16381
-11.0957
3.61572
-3.02645
8.04241
5.50588
6.56965
-11.2475
4.12997
8.43206
8.97431
-7.71835
-17.8417
6.58109
7.3902
4.94711
7.33638
-0.100908
-15.052
-13.0875
-2.54629
3.54019
4.22344
4.59108
-12.7726
-12.4346
-0.102167
-3.28819
-9.52088
-13.6777
-12.7603
6.09706
-12.7073
8.09292
-7.55028
5.90083
9.45874
3.43875
8.68728
-10.4497
5.37056
4.12915
7.4752
-12.6855
5.86026
-13.2037
-9.08855
4.77659
-8.0645
9.92243
-17.3388
8.99361
-12.4232
-9.86116
4.56623
-12.4597
-10.1505
-11.2663
5.06497
-15.3207
7.81302
-10.4303
-13.5383
7.86484
-13.5477
3.7614
8.16713
6.80723
-12.891
-11.1437
3.15072
6.75484
5.19242
7.53326
9.45929
9.27373
4.607
5.26245
1.25972
7.8149
6.40346
9.13235
3.76541
6.75023
3.47809
8.8943
-13.0265
-8.79548
6.84145
-10.0776
-18.8783
-10.749
6.93346
8.60091
-13.0349
6.33225
4.26351
8.80916
5.59548
-8.73769
-11.6364
-4.66476
8.28893
6.99917
-10.1837
6.7742
-11.7246
8.89231
8.51558
-10.1389
6.35227
-13.1347
8.93837
5.23235
-7.10306
5.54458
8.70916
4.94966
3.83242
8.82244
6.0888
9.42947
1.34226
8.57727
3.23169
5.20464
8.58162
-6.51553
8.67394
6.65892
-13.6213
8.96356
-13.0293
-10.5116
9.34919
7.48825
0.0662061
8.27315
7.30814
-9.26456
6.8678
9.67989
7.90238
6.73828
0.316226
-6.18914
3.74182
-10.7531
-9.68041
5.3042
9.5907
8.89739
-11.3541
7.98966
7.74958
-13.8131
-12.3033
-10.8114
9.2802
-7.89491
6.6757
-0.434602
6.54658
-13.2719
1.06156
3.24518
9.33711
3.44388
-18.0052
9.55633
-10.3693
7.2203
6.14609
7.28122
7.34528
7.10067
3.16665
7.40692
6.23144
-8.40822
5.09274
-17.7177
-10.5096
4.56594
0.184123
-1.14967
8.05506
-1.90317
4.73266
7.7296
1.37709
8.67208
4.68201
-11.0029
-2.81521
4.00543
7.09014
-12.6793
3.81766
-16.6525
5.06715
-13.4358
-0.337335
4.00804
8.46965
3.28974
-0.671363
-7.35359
-3.05337
-13.2542
-18.553
-10.2036
3.19861
5.2468
-12.1954
10.1188
2.07474
8.33442
5.49241
8.6023
7.88994
7.2353
-13.3891
9.01947
-11.7327
7.48133
5.39929
7.47001
7.95623
4.60361
-10.0339
2.22182
-10.2852
8.01864
-8.6539
4.75824
4.98771
-11.6432
-12.0252
5.44886
7.10926
5.37247
-13.4413
7.35285
-15.4872
8.51777
6.3281
9.87808
-3.68333
-11.8289
-12.9212
-10.0788
9.83339
-18.2461
-1.53468
3.91317
6.16729
-17.1858
-11.7125
3.84587
3.14357
-13.5384
8.56812
3.18025
4.25786
4.21599
7.45154
-16.6936
5.27295
4.8602
3.70633
9.57979
-11.9871
4.32935
-6.8922
-16.1048
9.7208
8.35276
-15.4632
-6.60276
3.62202
8.6853
3.27881
7.44881
-13.2
3.64573
3.57649
-13.5444
9.02374
7.77112
-11.4522
6.08487
4.05303
7.82656
3.61494
-12.0366
-18.4467
5.55788
6.37053
7.68723
7.41994
5.36151
-8.31221
9.54974
8.71051
5.66948
6.21488
3.28023
-12.908
7.71308
-11.7599
-12.4919
7.54895
6.87019
4.36464
4.63681
5.91137
-2.77812
-11.4489
-12.3516
-1.67712
3.19016
-12.037
-9.6274
5.17683
-10.9613
-1.22252
-11.2449
-12.0146
-11.3531
8.17418
0.535768
4.96783
-9.64398
4.65333
3.9126
8.27101
5.57329
7.12019
8.85233
2.06342
-18.2568
3.35479
1.3736
3.26729
3.10392
3.81482
-9.5036
-0.918561
-12.03
4.06871
9.62509
9.03251
-11.8848
-14.8297
-17.6207
8.06146
-11.9474
-8.70504
-13.1227
9.55036
8.51723
-0.946912
5.15678
8.54715
3.29109
8.81491
8.00685
-10.8318
-12.2935
3.35061
7.96957
-2.51545
8.39123
-3.30476
6.27275
9.42199
5.65291
5.09308
4.37555
3.59481
3.86986
-12.6526
8.17593
8.45792
-18.241
3.65308
-2.59494
6.55131
8.55101
4.68875
-18.1725
-17.575
3.38298
-12.2
7.57436
7.92342
3.78635
8.99555
-11.7076
-11.4713
3.97977
0.671279
4.90878
-9.62749
-17.9362
-3.49737
9.57635
-12.7163
-9.71788
7.24435
3.16222
1.96998
-13.8472
4.14704
3.44291
9.82072
5.88187
6.30319
-16.6277
9.11371
3.09457
-10.5271
9.30228
6.66627
6.14658
5.16087
5.45309
5.29667
4.8668
-13.4416
8.27322
4.21999
4.72189
5.50204
3.41391
-5.7932
4.95242
-5.01041
4.77039
7.98411
-13.4468
7.63736
-13.3563
3.81956
-12.9836
-13.2641
3.92985
6.71832
6.42612
8.81406
6.29155
-14.8104
5.36025
-10.2946
5.43901
8.4258
-12.1549
6.59563
8.4306
8.80219
9.40114
3.13064
-11.2968
0.527862
4.71004
-10.6626
7.02864
5.38682
6.7969
-17.2267
-13.3202
9.80408
9.62247
-1.58698
7.49441
2.60031
-11.7757
7.20454
-13.2532
-11.9194
7.6395
8.14737
-18.5083
-10.2823
9.41658
6.29947
5.23808
9.09221
3.24601
4.9882
-15.64
6.26338
9.84958
4.68146
4.92143
6.85649
4.87008
9.55385
4.36958
-11.0196
-12.5135
5.0375
-12.8844
-13.7663
5.38982
-9.55084
3.08643
9.84841
-11.7041
-10.0799
-4.78915
-11.8611
4.30037
7.47949
8.66193
8.81789
7.53074
8.29028
-17.5075
7.5944
8.69271
2.21157
8.78296
4.42638
7.40356
5.29202
-13.8432
-10.5265
6.27824
-1.87601
2.44552
-13.5298
5.63824
8.66103
-18.3337
-10.2068
8.69249
9.44452
-12.7664
9.6004
5.23523
4.23028
7.21419
2.56685
-19.302
-1.63784
8.42359
5.9173
9.91321
-11.3998
4.18944
8.4807
5.45483
-16.6922
8.62314
9.60738
9.34223
-17.9117
-11.8022
-11.7271
3.4766
-8.48682
-12.2876
4.68095
-10.9887
8.47773
10.0927
-7.86468
-14.077
8.60538
9.38012
-10.3859
-17.6765
3.65111
-10.9083
-18.556
6.62359
9.3399
1.86535
3.47812
-11.351
-12.7375
-11.445
2.60116
-13.5665
2.12675
-17.9176
-10.276
4.47547
5.68986
5.30073
7.88146
3.44975
6.97097
-5.84218
-12.608
3.57111
3.14043
4.37132
-11.1109
3.35461
-15.9841
8.91516
-18.0678
-15.3308
-9.8495
9.42282
1.12613
-17.9417
4.31874
-10.2584
-18.3041
5.0875
8.61939
-11.9786
-10.1944
7.33015
-10.2442
4.89595
-10.3603
7.42642
-3.40911
-1.22399
2.52533
3.18934
-13.6696
0.946319
-12.1159
-4.24972
-16.968
5.51873
-10.2972
-17.7364
-2.24475
5.69616
4.10175
3.43022
5.00765
8.40287
-9.74397
6.57674
4.8683
-10.0875
3.69947
-13.1923
-10.4804
-9.32865
4.97978
-9.48687
-17.1105
8.59122
-10.5744
-17.7786
5.37654
3.36746
8.87187
-13.3629
4.98499
8.31432
7.23247
3.44826
-12.0414
-13.2104
7.88374
-16.9229
5.32075
-17.3747
-18.0692
5.95154
3.52135
5.07745
-13.6389
6.43977
6.50239
7.6612
1.87111
8.24532
9.89482
7.99393
5.62789
7.82086
6.11766
6.46508
5.23763
9.7046
3.53137
5.47577
-2.24923
4.85108
-14.9389
-12.1929
4.34084
4.06331
-12.0399
-11.5034
4.70176
8.99826
9.12472
6.17114
-12.883
-5.68644
-9.57371
2.47321
2.54506
-2.73481
5.61437
-10.6777
4.36896
8.6736
-10.5843
7.0883
-4.59226
9.60325
7.85849
8.63186
-6.60005
-12.4897
6.20854
6.47579
5.87584
8.21531
-12.4814
5.52025
-12.0675
-12.4272
-12.9041
9.79998
4.29796
2.53376
9.85715
-17.2571
-13.5416
1.36437
-10.7002
4.65052
0.0788236
6.4022
-10.9937
-9.40925
-10.7647
-16.9373
-11.178
6.95222
4.00556
-16.6157
5.51908
-2.1682
6.53269
-13.3399
1.68479
4.8362
-12.6895
-13.7794
-10.0065
9.93988
-11.5184
-8.42758
7.33671
-9.74157
-12.3453
9.21616
5.68319
-19.3558
2.36251
8.0845
-10.2862
-3.21593
-10.6274
-7.97083
7.93012
5.9079
-11.9138
6.96473
1.60889
2.87574
8.7018
-7.7307
-11.5819
7.65287
8.63543
-11.995
-11.606
6.95415
7.92925
1.72731
-13.7016
9.82305
7.04998
-10.186
9.55128
2.92618
6.48797
7.60537
6.17906
3.55462
7.95385
8.17941
-11.9479
9.25689
8.05289
8.6815
-5.63352
-13.6128
3.30966
-12.0532
-11.787
4.95913
7.88852
9.92694
9.60273
-1.54933
-10.0592
-13.6786
6.8903
5.52444
9.95971
8.74384
-0.808149
5.51099
8.57102
-13.3572
-12.0697
7.78202
-9.70501
-12.9658
2.77739
6.45441
-10.54
4.85311
4.23318
-11.866
0.115917
5.58896
9.40516
2.74427
8.55404
9.88342
7.76343
-9.03674
2.84923
6.80654
7.59244
-17.0681
-6.27439
8.51669
-12.2057
-1.28884
1.09935
3.38022
4.63612
-10.9947
9.68857
2.44223
5.52403
-17.9738
5.39631
5.50099
-14.0249
-11.467
-10.1816
3.9214
-16.4726
-17.9807
8.02828
7.88271
6.98412
9.38664
-12.3684
9.34431
7.96273
8.75602
-10.1413
5.24564
7.83569
8.20148
-1.00965
5.50585
4.98884
3.38576
9.07119
3.17399
9.31941
6.13504
-1.94356
-4.06428
2.85373
-12.1391
5.43852
3.0122
9.54555
2.67866
-4.03242
-18.8937
-14.1459
7.10838
-15.3382
-1.753
8.86816
8.19623
-10.6731
-11.6338
-13.6846
-9.76128
4.26052
-14.4696
-11.31
6.05449
-12.7281
6.43201
4.43992
-14.6554
-11.6537
5.19909
3.18779
4.77009
-1.73923
9.41374
3.58461
-11.9633
3.65549
9.59405
2.53882
-12.2199
-17.5709
-9.33178
9.249
9.20937
-11.9497
9.92127
8.12808
8.22303
-14.4622
5.93951
7.30372
-9.56484
5.61376
4.3251
9.05291
9.08322
-11.6641
7.73415
-12.2418
9.10353
2.73102
9.3808
9.45038
6.53237
8.36932
9.60032
5.73008
-10.3101
-11.6761
7.71295
6.15829
2.87361
-16.6721
7.72281
7.90862
8.24848
-5.6524
9.11008
4.63385
2.69581
-9.67417
-11.4972
2.93643
9.5735
5.52658
-13.8172
4.96342
4.95202
-5.65514
-13.8766
-5.33131
6.24882
9.11301
1.35129
10.7359
-0.93471
9.33395
7.75514
0.869802
-11.0214
-12.0931
5.95637
9.71171
4.57435
6.59796
5.30585
-11.5119
-18.1197
-10.7413
-9.92334
2.24415
6.58115
-12.778
8.97414
8.97314
2.53659
8.9831
9.46909
4.4256
7.70741
-3.61614
9.95512
8.77091
-6.81949
7.96399
8.2044
4.28239
5.0918
-17.504
5.57453
-11.4875
3.66859
-3.30594
9.26597
5.22994
7.82793
-10.3494
-10.4638
9.67074
-4.53336
-13.7646
6.45484
-18.6715
-10.3659
-16.6671
4.27237
-11.6327
8.89733
1.6165
-10.9712
-10.7282
10.3786
-11.7303
8.80158
9.47685
5.29489
-12.8713
9.15092
7.65011
-6.69408
3.6298
9.29284
2.74114
7.91718
7.5016
8.80759
9.16667
3.16615
3.73951
-12.5911
2.04243
3.89694
5.94087
-14.4507
-4.712
7.98849
-6.63389
9.21273
-12.5283
3.50569
8.33108
-11.1612
8.62701
9.88668
3.23716
8.93151
9.002
5.51856
9.94379
4.82478
0.982684
-13.3926
9.25644
-9.2918
3.3803
2.35761
5.00121
9.71965
-11.938
-2.99664
4.93307
8.14014
4.72106
-5.3037
4.4824
-11.814
9.42695
-17.7057
-10.8748
3.19182
-10.2168
4.36128
0.603588
8.83586
8.65505
7.57798
5.26755
8.60638
7.72065
-4.74324
8.0453
-10.0449
5.62872
3.36505
-14.033
8.99625
6.01706
7.28317
5.15515
3.4926
8.90352
-10.8079
-0.514669
-11.5359
5.71293
2.76958
-19.7401
3.76328
8.25585
5.71866
-13.2774
-18.2621
9.33137
3.99245
-16.6682
6.39387
-11.0384
-18.0211
4.73012
4.53828
8.28753
-13.2557
-9.65747
-2.0946
10.1761
3.36353
8.70698
-11.4043
-17.749
6.77652
9.957
-16.864
-11.8928
-9.35082
-17.0702
5.62341
0.452682
-11.1241
-4.67104
-0.979194
9.99119
-10.3622
-17.9427
5.76214
-12.3933
5.80007
9.08966
9.95727
9.44322
5.09349
4.82349
-12.3715
-11.7593
4.40742
-12.3508
8.8861
7.92965
3.71009
3.38834
6.14796
7.80189
6.78507
8.88665
5.28886
7.60066
6.3756
8.99218
4.67449
-7.98716
-13.9589
6.16451
9.16548
-11.0332
9.40014
-12.3017
-6.5054
8.65107
5.34364
-11.8704
-9.1388
5.51245
-11.0841
-10.4984
-11.6694
8.24476
9.60279
5.98772
-12.8632
7.38133
9.99188
-8.05089
-12.561
-13.2237
2.73212
8.89194
8.90059
4.1369
-16.6028
-8.11547
-18.1515
3.58544
-17.5736
9.16697
7.23344
-9.84999
0.516348
-11.6388
9.41506
-11.0508
-12.8728
-1.74922
-0.653143
7.87809
7.96713
6.59361
3.31757
3.99802
8.02727
-8.19356
-16.267
-0.800684
6.58949
5.67056
-10.0247
4.21785
-13.399
3.40729
7.02304
7.87255
7.64421
-4.08027
7.08409
9.35322
7.70437
8.79301
3.67548
3.58689
6.76262
6.6206
9.19268
6.45867
8.37392
-10.495
8.98707
5.67361
5.15211
-11.3341
9.60703
5.29737
5.77449
5.8743
2.91628
9.47767
-14.0039
-13.3265
-10.3794
8.69721
6.36474
3.60409
4.38437
7.19465
-9.89331
-7.5124
5.38967
-11.701
9.0839
9.36915
5.67262
-11.3661
-12.9993
5.25173
5.73033
7.39632
4.75486
9.24416
-13.332
7.24442
-13.3304
6.77986
-5.52488
3.07715
6.88368
-10.1362
1.25743
9.60537
-13.8846
-11.1132
9.25944
3.51234
9.24696
-10.7836
8.90266
-11.1197
3.12197
-13.9373
-11.9891
6.3137
-10.383
-13.3426
-8.89608
-13.3727
-5.48008
6.52938
-13.8374
7.2007
9.39714
1.09273
-10.6636
-17.13
9.54721
7.7659
-10.8954
-16.6878
-13.9678
7.17922
-4.16706
-11.6883
7.88619
-8.73075
5.32871
-17.5518
-11.6241
2.50465
5.10375
-11.8812
-15.9974
-13.1831
4.95491
6.64056
7.59105
9.94114
-2.35022
4.43829
-1.30098
7.3679
-15.8354
9.11083
5.89861
-5.9688
9.31811
-10.4621
5.51872
-3.40117
9.03722
8.00798
7.75001
8.7524
3.58882
-7.8941
-13.7141
4.427
-1.11178
3.62868
9.08576
7.46548
8.98705
-10.5913
-12.8506
5.16122
5.2518
8.13048
7.43763
-12.1046
-16.9201
10.1724
4.20417
1.00406
-13.0381
5.35018
9.01991
-11.1262
-1.70985
7.56186
4.79393
-10.1806
2.72819
7.08736
5.84076
7.57887
1.45923
-16.7163
-17.0794
-15.9725
-0.997875
6.60312
-10.5253
-17.3374
4.97324
8.5501
-12.7498
-5.89538
-10.5949
-12.4292
-2.80787
5.84125
7.72783
5.06559
6.77996
9.14689
4.39708
-10.4039
-17.6832
-1.80888
7.98326
-17.2091
10.462
5.19082
3.57476
-11.7055
4.61775
-17.0923
-10.4182
-10.9051
-16.4507
9.95543
-11.9132
4.31507
8.69038
2.71191
-11.9733
-10.8375
-5.51711
7.17745
-13.7618
-10.1308
-16.5637
9.59767
-14.8642
3.77249
-12.8802
7.22713
9.07857
-13.0496
-10.3365
-15.4698
5.24346
8.50296
4.47484
-12.608
9.04867
6.86199
6.08437
7.11736
-12.6669
1.2614
5.79673
10.1293
3.66688
7.02153
-13.2511
6.42742
10.5842
8.37259
9.02922
-11.5783
-13.3794
4.98606
-14.7325
-13.5494
-10.2177
3.14603
-10.9784
-10.1325
-7.80478
8.84445
9.69326
6.44883
9.21978
-16.8435
-11.4029
8.77015
5.83747
-10.551
-17.4617
6.15803
-13.6368
-3.62547
9.21714
-10.0284
5.61526
8.80645
9.41705
-11.2031
4.56888
3.09195
9.13872
8.74745
7.38528
5.29743
5.67262
4.49689
-11.3071
-13.1517
-18.014
-15.1163
9.63247
5.06561
3.71793
2.38586
4.36601
6.09925
-13.2936
5.00599
4.39369
8.77081
9.03223
8.66248
11.0725
-6.94106
3.37436
5.58854
-12.5319
8.42452
-13.2467
-12.0713
6.29286
6.26662
-11.6749
9.00484
9.44588
5.27363
8.18505
5.30649
9.06445
-11.2345
4.52426
7.33886
9.54732
8.68201
-13.7166
-12.7288
7.8183
9.03935
8.96793
4.32677
5.81404
9.37748
5.03559
-10.6104
-16.0408
-10.366
-13.8158
9.14429
-10.8534
-10.9621
-10.8228
-15.9933
-16.4537
-14.4266
8.93817
4.93955
-11.5391
8.69873
4.30128
9.2657
5.53623
6.94858
-13.861
-12.2437
4.34818
-11.2549
-16.2849
5.56817
4.09498
6.05983
10.5867
3.68295
4.04695
3.37132
-13.6367
10.751
-12.0059
-12.1849
-9.68722
-11.9769
3.49272
-9.78403
-10.678
-9.67214
-11.286
-16.6548
-13.9828
-14.219
-14.2735
-13.0393
3.45903
4.19215
-10.9196
)
;

boundaryField
{
    back
    {
        type            empty;
    }
    front
    {
        type            empty;
    }
    outlet
    {
        type            zeroGradient;
    }
    circle
    {
        type            zeroGradient;
    }
    walls
    {
        type            zeroGradient;
    }
    inlet
    {
        type            zeroGradient;
    }
}


// ************************************************************************* //
