/*--------------------------------*- C++ -*----------------------------------*\
  =========                 |
  \\      /  F ield         | OpenFOAM: The Open Source CFD Toolbox
   \\    /   O peration     | Website:  https://openfoam.org
    \\  /    A nd           | Version:  10
     \\/     M anipulation  |
\*---------------------------------------------------------------------------*/
FoamFile
{
    format      ascii;
    class       volScalarField;
    location    "1000";
    object      k;
}
// * * * * * * * * * * * * * * * * * * * * * * * * * * * * * * * * * * * * * //

dimensions      [0 2 -2 0 0 0 0];

internalField   nonuniform List<scalar> 
10435
(
1.11157
1.29
1.46596
1.51393
1.95707
1.84236
1.3618
1.09576
0.946421
1.74756
1.54151
1.62032
1.61392
0.825916
0.847191
1.32214
0.808907
1.69052
0.889227
1.17202
1.19799
1.40183
1.43362
1.18291
1.72001
0.485683
0.634378
1.5302
0.579046
1.72324
1.67213
1.65985
1.0427
0.584218
1.19881
0.978383
1.31471
0.659345
0.37915
0.990683
1.75213
1.40211
0.655076
1.37274
1.44548
1.09915
1.79524
0.636283
0.883451
1.30007
1.14695
1.85574
0.368784
0.508948
0.404894
0.537734
1.28864
0.67643
0.752736
1.16323
0.39801
1.17349
0.664921
1.90125
1.44688
1.5487
0.703777
0.720034
1.1486
1.24258
0.50282
0.581611
0.510206
1.53543
0.875658
0.651286
1.29513
1.29817
0.987634
0.859532
1.3496
1.00684
0.358951
0.516222
1.35546
0.968663
1.07711
1.42867
0.89999
1.1567
1.52603
1.62181
1.05512
0.945693
1.24306
0.90209
1.67705
0.85225
0.779931
1.80247
0.874298
1.96344
1.00586
1.33406
1.95672
1.44857
1.10474
1.33078
1.35153
0.888265
1.25667
1.94852
0.961965
0.922327
1.76878
1.35211
1.80917
1.04394
1.44466
1.69948
1.79057
0.567017
1.1302
0.702778
1.7223
0.443166
1.69834
0.603102
1.90677
0.653285
0.653001
1.60919
1.22628
0.835458
0.620804
0.336714
0.816231
1.55697
1.33381
1.29365
1.23301
1.56787
0.662299
1.78094
1.4371
0.770564
0.754367
1.90299
0.786384
1.67104
0.588754
1.43658
1.14784
1.68207
1.8342
0.537247
1.82322
1.22778
1.79174
1.34262
1.58555
0.81538
1.67287
1.47345
0.9109
1.883
1.04227
1.58235
1.42493
1.87021
1.76027
0.451056
0.577457
0.801315
1.54976
1.21049
1.06853
0.747228
1.20737
0.620234
1.41381
1.89111
1.66584
0.42224
1.57022
0.579316
0.588591
1.26087
1.96387
1.83048
1.72421
0.352818
0.627388
0.890606
1.90027
1.20238
0.728789
0.905529
0.696557
1.32867
0.912281
0.643654
1.57551
0.670723
1.54543
1.83515
1.55957
1.57698
0.67134
1.45572
0.528633
1.43922
1.79391
1.49831
0.622304
0.802174
0.951887
0.415325
0.490995
0.797978
0.591466
0.778887
0.697241
0.768189
0.520451
1.21918
0.431311
0.858505
1.76307
0.673126
0.751625
1.12354
0.459391
1.43511
0.679104
0.792635
1.29049
0.522657
1.31948
1.71221
1.2969
0.47658
0.432806
0.533715
1.76372
0.972807
0.8388
1.14889
0.46343
1.08818
0.472866
0.959456
1.64962
1.46424
1.20681
1.93614
0.421931
1.25019
0.494921
0.634143
1.29543
1.78378
0.478186
1.37022
0.99914
0.76765
1.22137
1.56456
0.391589
1.88172
1.3439
1.07566
1.15445
1.66514
0.525687
1.6939
0.652273
1.91518
1.27407
1.03621
1.67316
0.728784
1.39122
0.831587
1.0141
0.377677
1.95592
0.403829
0.522361
0.600837
0.787413
1.47902
0.665573
1.11128
0.385121
0.495136
0.746187
1.05304
1.85052
1.66153
0.718319
1.3565
1.4331
0.502958
1.7639
0.82466
0.776391
1.43581
1.61458
0.524725
1.15622
0.60696
0.980801
1.93998
1.02393
0.498931
0.434788
1.72141
0.737548
1.59244
1.93582
0.627878
1.07769
0.347122
0.994821
1.60251
0.56417
1.47353
0.736992
0.671284
1.05947
0.626233
0.523392
1.41539
1.566
0.689804
0.503382
0.480642
0.54732
0.557709
0.592036
0.561444
0.390132
0.576942
0.554357
0.584337
0.703052
0.689132
0.341913
0.950404
0.528763
1.6222
0.617906
1.51401
0.956755
0.851418
1.59444
1.5366
0.523567
0.557195
0.491361
0.453116
0.54348
0.383104
0.607178
0.613079
0.693213
1.53017
0.598939
0.922202
0.428207
0.636938
1.61101
0.809032
0.381731
0.635879
0.658575
0.661364
0.553143
0.520527
0.747826
0.415188
1.01692
0.70814
1.10554
0.922207
1.55082
1.57971
0.890625
1.48631
1.10749
0.708558
0.509857
0.56223
0.508419
1.45036
0.540045
1.62238
0.724558
0.630248
0.6509
0.651202
0.45549
1.33786
0.660481
1.06056
1.43897
0.454767
0.55187
0.68768
0.827389
0.69574
0.576401
0.496878
0.541179
0.675194
0.590403
1.48994
0.503145
0.55541
0.588
0.596619
1.64999
0.387601
0.348161
0.763525
0.550441
0.0980807
0.0955508
0.0918283
0.0875163
0.0829951
0.0782736
0.0733717
0.0683233
0.0631768
0.098277
0.0953791
0.091448
0.0870701
0.0825184
0.0778598
0.0731288
0.068407
0.0638276
0.0981752
0.0949637
0.090858
0.0864183
0.08187
0.0772862
0.0727216
0.06827
0.0640775
0.0979525
0.0944687
0.0902012
0.0857103
0.0811751
0.0766646
0.0722407
0.0679915
0.0640375
0.0977503
0.094036
0.0896129
0.0850706
0.0805418
0.0760895
0.0717718
0.0676617
0.0638397
0.0977063
0.0938002
0.0892221
0.0846156
0.0800737
0.0756542
0.071407
0.0673913
0.0636667
0.0979987
0.093906
0.0891553
0.084458
0.0798744
0.0754572
0.0712486
0.0673008
0.06367
0.0989189
0.0945096
0.0895389
0.0847125
0.0800536
0.0756053
0.071403
0.0674972
0.0639479
0.100735
0.0957495
0.0905028
0.0855067
0.080738
0.0762223
0.071989
0.0680847
0.064569
0.10342
0.0977105
0.0921835
0.0869918
0.0820825
0.0774618
0.0731554
0.0692032
0.0656506
0.106641
0.100436
0.0947333
0.0893557
0.0842852
0.079524
0.0751016
0.0710545
0.0674183
0.110024
0.104025
0.0983543
0.0928395
0.0876012
0.0826694
0.0780913
0.0739085
0.0701632
0.113535
0.10881
0.103369
0.0977671
0.0923531
0.0872202
0.0824451
0.0780819
0.0741901
0.119448
0.115592
0.110278
0.104548
0.0989167
0.0935361
0.0885108
0.083911
0.0798122
0.129097
0.125122
0.119586
0.113584
0.107649
0.101952
0.096608
0.0916942
0.0872728
0.142858
0.137723
0.13157
0.125124
0.118783
0.112694
0.106967
0.101686
0.0969149
0.159815
0.153113
0.146163
0.139177
0.132364
0.125829
0.11967
0.11398
0.108853
0.178211
0.170617
0.163042
0.155561
0.148282
0.141293
0.134683
0.128545
0.122981
0.197626
0.189809
0.181902
0.17406
0.16639
0.158995
0.151962
0.14538
0.13934
0.218259
0.210644
0.202625
0.194557
0.186604
0.178894
0.171517
0.16456
0.158126
0.24057
0.233316
0.225266
0.217054
0.208927
0.201023
0.193418
0.186177
0.179392
0.265123
0.258095
0.249933
0.241601
0.233409
0.225463
0.217799
0.210441
0.203459
0.292686
0.285233
0.276696
0.268225
0.260095
0.252303
0.244808
0.23758
0.230687
0.324167
0.314797
0.305451
0.296849
0.288964
0.281582
0.274546
0.267736
0.261215
0.360407
0.346308
0.335868
0.327318
0.319975
0.31333
0.307094
0.301072
0.294546
0.167504
0.167507
0.168238
0.169702
0.171908
0.174846
0.178501
0.182836
0.187817
0.193384
0.199479
0.206034
0.212961
0.220173
0.227559
0.235011
0.242408
0.249624
0.25653
0.263001
0.268895
0.274058
0.278274
0.281246
0.282857
0.283307
0.282622
0.280675
0.277347
0.272936
0.267538
0.261173
0.253901
0.24586
0.237184
0.228014
0.218491
0.208762
0.198968
0.189248
0.179727
0.170516
0.161697
0.153328
0.14545
0.138107
0.13135
0.12523
0.119781
0.115029
0.110974
0.10759
0.104837
0.102654
0.100989
0.0997826
0.0989887
0.0985638
0.0984741
0.169072
0.169402
0.170419
0.172137
0.17456
0.177677
0.181464
0.185881
0.190868
0.196355
0.202286
0.208597
0.215216
0.222059
0.229031
0.236033
0.242957
0.249689
0.256116
0.262118
0.267575
0.272361
0.276334
0.279323
0.281159
0.281728
0.280986
0.278957
0.275742
0.271467
0.266207
0.260014
0.252954
0.245121
0.236624
0.227588
0.218144
0.208431
0.198583
0.188732
0.179003
0.16951
0.160352
0.151616
0.143382
0.135729
0.128732
0.122451
0.116932
0.112169
0.108128
0.104767
0.102038
0.0998785
0.0982215
0.0970062
0.0961805
0.0957016
0.0955235
0.167978
0.168433
0.169512
0.171225
0.173574
0.176552
0.180142
0.184316
0.189036
0.194254
0.199911
0.205941
0.212272
0.218822
0.225502
0.232218
0.238866
0.245339
0.251526
0.25731
0.26257
0.267174
0.270979
0.273837
0.275615
0.27622
0.275604
0.273767
0.270763
0.266677
0.261591
0.255578
0.248711
0.241081
0.23279
0.223949
0.214678
0.205103
0.19535
0.185541
0.175799
0.166241
0.156977
0.148117
0.139766
0.132021
0.12497
0.118673
0.11316
0.108424
0.104431
0.101124
0.0984397
0.0963093
0.094666
0.0934492
0.0926074
0.0921012
0.0918923
0.163054
0.163515
0.164576
0.166241
0.168509
0.171369
0.174801
0.178779
0.183266
0.188219
0.193585
0.199306
0.205315
0.211539
0.217897
0.224298
0.230648
0.236843
0.242774
0.248326
0.253377
0.2578
0.261463
0.264234
0.265996
0.266659
0.266171
0.264524
0.261753
0.257918
0.253092
0.24735
0.240773
0.233447
0.22547
0.216943
0.207976
0.198684
0.189183
0.179591
0.170028
0.160613
0.151467
0.142709
0.134457
0.126815
0.119873
0.113689
0.10829
0.103669
0.099791
0.096591
0.0939941
0.091929
0.0903308
0.0891437
0.0883187
0.0878176
0.0876044
0.155642
0.1561
0.157127
0.15873
0.160905
0.163641
0.166918
0.170709
0.17498
0.17969
0.184789
0.190223
0.195931
0.201844
0.207885
0.213971
0.220012
0.225909
0.231558
0.236847
0.241661
0.245878
0.249377
0.252041
0.253767
0.254474
0.254113
0.252667
0.250153
0.246612
0.242104
0.236699
0.230473
0.223514
0.215911
0.207762
0.199169
0.190239
0.181085
0.171822
0.162569
0.153448
0.144584
0.136101
0.128116
0.120735
0.114042
0.108093
0.10291
0.0984814
0.0947676
0.091707
0.0892283
0.0872602
0.085737
0.0846023
0.0838095
0.0833228
0.0831081
0.145792
0.146184
0.147126
0.148622
0.150668
0.153254
0.156359
0.159956
0.164012
0.168485
0.173328
0.17849
0.183911
0.189526
0.195262
0.201041
0.206776
0.212374
0.217737
0.22276
0.227333
0.231345
0.234684
0.237245
0.238934
0.239679
0.239433
0.238176
0.235914
0.232677
0.228512
0.223482
0.217661
0.21113
0.203974
0.196287
0.188164
0.179705
0.171021
0.162224
0.153431
0.144762
0.13634
0.128286
0.120714
0.113724
0.107395
0.101777
0.0968893
0.0927174
0.0892219
0.086345
0.0840193
0.0821778
0.0807579
0.0797028
0.0789683
0.0785223
0.0783334
0.133826
0.134124
0.134949
0.136306
0.138195
0.140604
0.143516
0.146903
0.150733
0.154965
0.159554
0.164449
0.169593
0.174921
0.180367
0.185854
0.191301
0.196618
0.201712
0.206483
0.21083
0.214647
0.217836
0.220302
0.221957
0.222737
0.222599
0.221523
0.219507
0.216572
0.21276
0.208125
0.202742
0.19669
0.190046
0.1829
0.17534
0.16746
0.159372
0.15118
0.142992
0.134923
0.127085
0.119594
0.112555
0.106061
0.100183
0.0949662
0.0904268
0.0865524
0.0833068
0.0806373
0.0784832
0.0767825
0.0754773
0.0745168
0.0738589
0.0734722
0.0733268
0.119472
0.1196
0.120238
0.121398
0.123082
0.12528
0.127975
0.131144
0.13475
0.138754
0.143112
0.147768
0.152664
0.157739
0.162929
0.168167
0.173379
0.17847
0.183354
0.187926
0.192088
0.195743
0.19881
0.201212
0.202854
0.203687
0.203669
0.202785
0.201016
0.198378
0.194917
0.190684
0.185766
0.180245
0.174174
0.167648
0.160751
0.153563
0.146204
0.138755
0.131316
0.123983
0.116858
0.110045
0.103645
0.0977328
0.0923807
0.0876239
0.0834767
0.0799298
0.0769547
0.0745086
0.0725395
0.0709948
0.0698238
0.0689806
0.0684269
0.068132
0.0680659
0.102196
0.102036
0.102391
0.103289
0.104737
0.106726
0.109224
0.112183
0.115605
0.119487
0.123715
0.128228
0.132951
0.137811
0.142789
0.147815
0.152873
0.157914
0.162743
0.167209
0.171237
0.174758
0.177741
0.180108
0.181788
0.182724
0.182884
0.18224
0.18074
0.178374
0.175242
0.171415
0.166989
0.162052
0.156653
0.150786
0.144575
0.138256
0.131811
0.125244
0.118688
0.112229
0.105938
0.0998949
0.0941814
0.0889034
0.0841179
0.0798899
0.0762044
0.073008
0.0702847
0.0680301
0.0662233
0.0648242
0.0637841
0.0630701
0.0626479
0.0624875
0.0625561
0.517561
0.479468
0.445715
0.414235
0.384141
0.355262
0.327679
0.301598
0.277196
0.254597
0.234569
0.217935
0.204867
0.194935
0.186939
0.180213
0.174867
0.171046
0.168819
0.167941
0.167908
0.168273
0.168631
0.168567
0.167559
0.49299
0.468379
0.439882
0.410309
0.380767
0.351847
0.324018
0.29764
0.273029
0.250569
0.230743
0.2139
0.200109
0.189165
0.180659
0.174222
0.169617
0.166657
0.165166
0.164901
0.165534
0.166694
0.168005
0.169068
0.169398
0.489496
0.4638
0.43538
0.405741
0.375862
0.346477
0.318173
0.291415
0.266616
0.244171
0.224402
0.207491
0.193468
0.182231
0.173581
0.167281
0.163072
0.16067
0.159793
0.160138
0.161382
0.163166
0.165106
0.166804
0.167841
0.490347
0.461371
0.431147
0.400338
0.369605
0.339562
0.310764
0.283691
0.258756
0.236305
0.216576
0.199681
0.185633
0.174368
0.165755
0.159604
0.155657
0.153604
0.153111
0.15384
0.155445
0.157555
0.159775
0.161698
0.16288
0.492046
0.45985
0.427264
0.394732
0.362758
0.331842
0.302458
0.27503
0.249923
0.227422
0.207707
0.190857
0.176869
0.165682
0.157178
0.151173
0.147407
0.145563
0.145282
0.146199
0.147942
0.15013
0.152363
0.154261
0.155458
0.493162
0.458075
0.423038
0.388601
0.355235
0.323351
0.293323
0.265505
0.240196
0.217621
0.197919
0.181142
0.167267
0.156219
0.147863
0.142001
0.13836
0.136616
0.1364
0.137331
0.139023
0.141093
0.143141
0.144821
0.145783
0.49386
0.455822
0.418203
0.381767
0.346955
0.314068
0.283369
0.255132
0.229596
0.206936
0.187256
0.170584
0.156871
0.146005
0.137823
0.132099
0.128542
0.126817
0.126554
0.127359
0.128838
0.130605
0.132282
0.133534
0.134077
0.494443
0.452844
0.412428
0.373973
0.337755
0.3039
0.272538
0.243867
0.218095
0.195349
0.175706
0.159176
0.145687
0.135053
0.127074
0.121488
0.117982
0.116212
0.115813
0.116381
0.117512
0.118814
0.1199
0.120444
0.120215
0.494278
0.448575
0.405295
0.364952
0.32749
0.292776
0.260816
0.231688
0.205653
0.182833
0.163231
0.146889
0.133727
0.123387
0.115646
0.110211
0.106723
0.104851
0.104248
0.104509
0.10518
0.105895
0.106162
0.1055
0.103805
1.63563
1.62441
5.38297
0.806652
0.0585995
0.0693138
1.16722
0.0292551
4.92779
0.060157
2.83603
0.0557376
0.521763
0.0839893
1.29782
0.0920465
3.5233
0.65773
0.0576659
0.756151
0.409516
0.0889468
3.11993
0.165562
0.0243485
0.038657
0.0243691
0.296939
1.68945
3.07106
0.0590241
0.0503062
3.19815
0.632609
2.98338
0.051522
1.09209
1.30513
1.14758
0.0806943
3.67711
0.00901933
0.06565
0.63167
0.240889
0.131713
3.73257
4.08512
2.10649
2.32539
3.53475
3.17814
0.445189
0.578936
1.1174
4.8228
0.0757913
0.4176
0.0305891
2.74928
0.068943
5.48328
0.0572935
0.0977171
0.0301965
0.580783
0.0651912
0.303208
0.537409
2.24912
4.5555
0.111745
0.0385304
0.821209
0.0255422
0.402788
0.951026
3.94867
0.0211941
0.485138
0.600562
0.0918395
0.0354433
2.78028
0.0604799
0.0715106
0.0369191
3.88564
3.24028
0.121794
0.173705
0.0798944
0.0711616
0.0586905
0.0430462
2.85866
0.0391331
3.04404
0.0220272
2.70276
0.150618
3.68034
0.167932
0.117584
0.028888
0.218565
3.25069
0.591347
0.0296367
3.08892
0.0885314
0.0500239
3.27694
0.11462
0.435109
2.07501
3.1857
0.0766951
0.47417
0.0332583
0.00330424
0.0480064
0.163057
0.0244595
3.28696
0.0628317
3.2261
0.668691
0.0263397
4.08195
0.0336066
0.828174
2.29265
0.988327
0.361598
0.0366827
0.233087
0.10768
0.0670663
0.747261
0.0975774
1.0922
2.84927
0.00441634
1.81769
0.108268
0.995353
0.650568
0.0906673
3.02128
0.412961
0.0636199
0.987958
1.50823
0.0274624
2.72903
0.0286526
0.075424
1.12043
0.0538504
0.0672921
4.63758
0.0722494
3.17903
0.0736406
3.17319
0.0910727
0.0243746
0.124946
0.0299113
0.0740924
0.104342
0.313881
2.93942
0.0659731
0.246404
0.708703
1.9711
2.36836
0.0984572
0.880269
0.0485956
0.452535
0.918826
0.507976
0.0246675
3.35163
0.0298894
2.57253
0.0805266
3.60871
2.78567
1.53264
1.06287
1.39159
2.78326
0.0252404
0.0861488
1.94329
1.62251
0.615938
0.149238
0.0857174
0.0832031
0.252202
0.0620924
0.0675812
0.16621
2.24142
0.071511
0.028444
0.0609898
0.856957
0.232727
0.514818
3.9104
0.0427843
0.0288968
0.150827
0.160137
0.134889
0.0105541
0.0285256
5.14663
0.166856
3.27969
0.117713
3.52434
0.0260957
0.0413365
2.59692
0.0528485
0.0470868
0.0276952
1.13619
0.0621035
1.19471
0.202496
0.950596
1.58029
0.0580193
0.0683332
0.0702641
0.439036
0.0373279
0.037449
0.0506588
0.300929
0.0902333
0.0575101
0.0220871
0.264634
0.0597472
2.09078
0.0356198
0.0246976
3.19221
0.972895
1.14279
0.0578563
0.311378
0.0293721
0.0631354
0.0263804
0.85482
0.0246086
0.0619804
1.29557
1.16052
0.0244026
0.475782
1.66668
0.0256154
0.0274932
0.0585821
1.32124
0.0721389
4.9859
0.083188
3.20385
0.64405
0.440199
0.272719
0.13031
2.35666
0.0754368
0.231272
0.263777
3.54161
3.74097
1.52554
0.0774134
0.00548087
3.67202
0.824429
3.88165
3.70027
0.0725253
0.055471
2.48758
2.99434
0.0684571
0.0886165
0.0877285
3.51611
0.0662079
0.403664
0.0602478
0.743317
0.0899833
0.114201
0.091079
2.91377
0.0245445
0.0244751
1.06436
3.98827
0.060643
0.0244629
1.0869
1.11506
0.0535355
0.092708
0.058317
0.0385588
0.0246251
3.13602
0.607919
0.0710697
0.425846
0.0727346
1.37194
0.112534
0.0610966
3.69973
0.0760982
0.0440797
0.0380944
0.00786005
0.303645
0.0631185
0.0517097
2.46128
0.0877609
0.860873
0.0422184
0.0758738
0.035734
0.0350134
3.58018
0.73597
0.0714362
0.0149507
1.14572
3.70625
0.151053
1.20263
0.622903
0.0687515
3.78994
2.27193
2.90794
0.0488661
3.22801
0.00804363
0.0340695
0.113055
4.07093
0.0594327
2.45563
0.107151
1.48878
1.69608
3.51276
0.521466
0.0252397
0.0310147
0.0791587
0.0507977
0.0609203
3.66736
0.0963473
3.2605
0.680278
0.647558
1.00619
0.0756999
0.757342
2.71671
3.62025
0.754789
0.061879
0.204002
3.1323
0.858822
0.0588519
0.0654011
3.137
0.0745742
1.71513
0.0297768
0.0666634
0.0595621
1.94608
0.0480669
0.000265412
1.21972
0.218011
0.778292
0.0575895
2.6465
0.0605588
2.44142
0.0646969
0.0471415
0.0829098
2.17967
3.58328
0.0623435
0.0790484
0.0766543
0.0528244
0.130818
0.189504
0.11805
3.51082
0.00419273
0.10523
0.0596768
0.051289
0.0787882
0.0250244
0.124498
0.0212309
1.44297
0.107362
0.0886083
0.00341358
0.0362109
0.0892543
0.0537649
1.57871
3.69528
0.695443
0.549538
3.89812
0.230199
3.05128
0.0282406
0.0209772
3.57434
0.0629602
0.0705456
2.42025
0.0895633
2.16072
3.62222
0.0720737
0.18067
0.740526
0.0794213
0.486729
2.52531
0.811282
3.28195
0.0311631
0.0323824
5.40937
0.0524693
2.76274
0.279333
0.0314498
2.90479
0.0890298
0.0245423
0.571247
0.111121
0.0279058
0.682773
0.604587
0.519885
1.15414
0.00259731
0.0527446
2.71901
0.0511866
0.0903073
0.126675
2.26359
0.100466
1.34674
0.0798526
0.029238
3.10634
0.0568322
0.0399056
1.316
0.0737134
0.0713987
2.41311
0.0673779
1.46919
0.0625288
0.372694
0.68024
0.687955
0.0805291
0.0795814
1.22453
0.0488226
0.0799152
0.653988
0.0654159
0.104308
0.0234021
4.05213
3.49938
2.23046
0.0257601
0.516829
0.0707353
3.72899
0.758446
2.07464
0.62467
0.13556
3.40718
3.72814
0.0617292
0.118809
0.254672
0.105356
1.67998
3.91575
0.0360743
0.779075
0.0668468
2.45642
2.04414
0.084336
1.05447
3.21892
0.0852728
3.42658
0.0187558
4.64667
0.0570181
0.11499
0.0736389
4.86912
1.12746
1.15986
0.0260982
2.14534
2.22348
4.06116
0.0272939
0.0841675
0.496675
2.41758
0.0606718
0.996776
0.0681135
0.534995
3.08932
0.058892
0.509082
0.0284033
0.0511196
0.349195
3.03924
0.144943
1.19047
0.0353552
0.0560306
3.26272
3.79948
2.47588
0.129418
0.364987
0.783526
0.449316
0.145158
0.0721864
0.0295074
3.11387
0.082476
0.0688603
1.21006
0.137001
0.0944468
0.0767829
0.0937098
1.40523
0.0911335
0.0309448
0.583823
2.26213
0.0524175
0.0486574
2.4939
0.297478
0.0094494
0.103044
0.654893
0.0380912
0.0773675
0.0582342
0.23731
0.0609152
0.0688539
1.15064
0.0364763
0.120335
0.190159
0.443609
0.0393963
0.0751024
4.53151
0.109245
0.0289825
0.0528022
0.0812659
0.101978
0.0388554
2.6387
4.12486
0.269516
3.0182
0.028804
0.0245174
0.0292726
0.0183896
0.108775
0.0317389
0.471784
0.125139
0.0298012
0.0571393
1.24004
0.489122
0.110463
0.574902
0.0821888
0.06502
0.0330434
0.199805
0.76513
2.60244
1.41209
1.16372
0.019681
0.0603232
0.012936
0.141111
0.0577
3.82267
0.0588594
0.423413
0.0526081
2.58485
0.383229
2.77644
0.00282432
0.0299457
0.0281016
3.7012
3.23555
0.481481
0.443991
0.0363785
0.0601808
0.0565562
2.87499
0.00583512
0.0455065
1.05104
0.0486435
0.110929
0.0606079
0.0244946
0.44693
0.103489
0.036764
0.0605061
0.133641
0.0780955
1.85907
3.5328
0.0506962
1.24798
0.0634326
2.81021
0.0304105
0.0856326
0.0581475
0.0343134
1.22857
0.070424
0.0819353
0.0308776
0.284159
0.037769
0.129924
0.111153
3.20431
1.24761
0.395031
3.95061
1.36489
2.29229
2.96522
0.0581832
0.0288356
0.0298082
0.000516314
0.0763329
0.638866
0.100838
0.0473732
0.505923
0.0654992
0.0588948
0.390511
0.0613804
0.060814
0.031944
0.398079
0.659732
3.74786
0.0605187
2.51121
1.05223
1.92024
0.438104
3.77821
3.52485
1.64727
0.0268373
0.0870184
0.00343538
0.256015
0.0656175
0.763303
1.76507
0.0798022
1.08981
0.709563
0.0365449
0.03128
0.0601503
4.01488
4.09412
0.0416978
1.1941
1.45229
0.479946
2.7914
5.29474e-05
0.055519
0.39833
0.00479226
1.71671
0.803697
2.99561
1.44838
0.0249926
1.45759
0.0290331
0.0015912
0.465677
0.0877431
0.122794
0.0523921
0.0637086
0.52805
0.0874343
0.0265276
0.0689018
0.0747152
0.383059
0.0782126
2.96447
1.33088
0.0851814
0.681203
0.103404
0.782476
0.0742441
0.0726293
0.106262
0.549242
0.47366
0.00576078
0.106718
3.61711
3.84828
0.943014
0.0691399
0.678677
0.738114
1.32594
4.19403
1.02446
0.133231
0.0926979
3.14915
0.0196545
0.0289765
0.201466
2.78113
5.17882
0.0470067
0.0530165
2.3711
0.0280044
4.55612
2.93721
0.102464
0.0465725
5.34422
1.74803
1.88173
0.0704815
0.0486578
0.0166128
0.642135
1.10819
0.0643413
0.0277659
0.0436754
0.925204
0.0702084
0.424431
1.8277
0.060172
0.0557295
3.18009
0.0620955
0.511256
0.0501815
0.516592
0.0641154
0.0312135
0.734823
0.107202
0.081718
0.0706537
0.287949
0.512887
3.77471
0.0314587
0.0606179
0.0641687
1.2168
0.76558
4.94656
0.028526
0.592601
1.33861
0.0010359
0.0250947
0.0571713
2.6187
0.0677444
0.911999
0.102355
0.00235926
1.05896
0.0829729
2.26511
2.05641
0.614919
2.95437
3.11598
3.9829
0.0626525
2.92957
1.13944
0.101052
1.12466
0.0488737
0.0577012
0.776069
0.0691738
0.150099
0.455939
4.25622
0.0247812
0.0198252
2.87642
0.111034
0.0894308
1.23437
1.83114
1.05379
0.0751621
0.235296
3.96505
2.98094
0.843547
0.490206
2.23747
0.118434
0.0252633
0.609187
2.33652
0.0648901
0.316428
0.0754038
2.88526
0.107757
0.849077
1.8516
0.00411522
0.0514787
0.0765806
2.40346
1.16144
2.67043
1.9592
0.143136
0.335752
0.474235
0.169343
1.73893
0.408386
0.0502472
0.0797488
0.0690348
0.019331
0.715887
2.85979
0.0433633
2.47266
0.114335
1.2108
0.0665014
0.0473187
0.0279142
3.93515
2.61696
0.279377
0.499495
0.0453211
0.0333922
1.48708
0.0597386
1.17577
1.0123
3.34194
0.0493604
0.280183
1.50376
0.0915846
0.132031
0.0834125
3.34561
0.0752142
0.132374
1.20837
1.25943
0.0323363
0.171486
0.0593053
0.106004
0.0360784
0.0376659
0.447607
0.0325075
0.271631
2.39984
0.771908
3.83876
0.0718324
0.24667
0.667444
0.019559
1.7836
0.0598853
0.078452
3.34701
0.100645
0.393371
0.117829
0.0245988
2.18425
0.0624063
0.275874
0.0230261
1.12371
1.24097
3.19262
0.0282692
1.03282
0.047341
0.333329
0.0936134
2.64735
0.954589
0.255672
3.22382
0.0629657
3.64609
0.0643037
2.02899
0.0915978
0.0288949
0.0742427
0.889501
1.34067
0.0372622
0.0751392
0.803061
0.046898
0.0787091
0.0294505
0.0209701
0.0876441
4.04599
0.119855
0.071934
1.42469
0.285304
3.97065
0.0178834
0.0885784
0.0446876
0.120561
0.138861
0.0585254
3.68095
0.131513
0.615408
0.0485068
0.179017
0.703077
2.50837
0.0697817
0.0711512
0.091067
0.13375
0.0545004
0.328312
3.58478
0.570152
0.480011
0.042418
1.51803
3.33058
0.231436
0.770667
0.0952765
1.87569
2.87023
3.7977
0.0627877
0.0658364
0.187702
2.67087
0.146387
4.33711
0.120887
0.413999
2.52663
0.0220069
0.0870885
0.0864769
0.0629965
0.0595191
0.0717352
1.77471
0.0589796
2.89604
0.0644411
0.0480529
0.0319357
0.059907
0.463824
0.0555238
0.80659
0.74527
0.0536495
0.114686
1.97121
2.71025
0.0492171
0.0598227
0.109671
0.345539
0.437382
0.212104
3.07268
0.0365746
0.0645692
0.487003
0.0588054
0.245034
1.49291
0.050242
0.0348017
0.00620592
0.0943282
0.881235
3.55783
1.00584
0.0659712
0.200428
0.0591784
3.5297
3.63473
0.0695429
0.0637148
1.10719
0.0653057
0.036294
1.9043
1.76026
0.100699
0.0653781
0.0336652
0.424422
1.80275
0.0411661
0.0254061
1.79325
2.48824
0.00105154
0.0469103
0.0326289
0.115406
0.382837
0.470694
0.0633642
1.29255
0.0672808
0.0974682
0.0488299
0.454482
0.0433599
3.52641
2.45627
3.36869
1.76103
0.93474
1.09812
0.0501169
3.29427
0.496293
0.0321486
0.212846
0.0484758
0.17408
0.0626532
0.0549065
0.0325282
3.26151
0.0249775
0.266689
1.48285
0.0793749
0.247053
0.345545
3.78178
0.0162425
3.69303
3.04469
0.0809441
0.0381677
0.213448
0.274909
0.181991
1.01522
4.04591
0.100322
0.0303998
0.0662691
0.989106
3.56846
0.103784
0.107098
0.0254744
0.0467358
0.08082
0.334332
0.0633733
0.0969564
0.183135
2.23029
0.0739144
0.232372
4.44984
0.0821328
0.26063
0.200252
2.01814
0.28203
0.293786
0.475761
0.070352
2.79431
2.41712
0.0529931
0.688522
1.30571
0.0666001
0.0951137
0.1038
1.16665
0.0476799
0.54421
0.0730251
1.48571
2.18521
0.692171
2.11904
0.126326
0.0780433
0.826345
0.980728
0.0982226
0.117759
0.0627022
2.835
0.104343
0.24759
0.0393523
0.133773
0.59526
0.0504647
0.0363474
0.0470874
2.74848
0.780368
0.0583581
0.132761
0.0574316
0.0584094
0.0735204
2.12097
0.123077
0.795357
2.75878
0.614621
0.00183743
1.03959
1.68701
0.762913
1.93601
0.156879
0.810172
3.19013
2.59526
0.01326
2.36366
0.0679736
4.81792
0.281544
0.0616354
0.544858
1.23968
3.75296
0.750533
0.237003
0.0671471
1.14634
2.53498
0.220424
3.2216
0.13225
0.762111
0.0680521
2.56259
0.268352
0.0290134
0.0753186
0.745961
0.0361476
0.105418
0.713107
0.0542414
2.03315
0.023989
0.0777567
1.24213
1.09896
0.110161
0.468092
1.38796
0.139442
0.533294
0.258204
0.0769887
0.310282
0.0274245
2.00278
0.624317
0.0253374
3.82139
0.0710107
0.432343
0.242172
0.0942307
0.0407957
0.405896
0.770702
1.1591
0.0354913
3.57519
0.0417037
0.52108
3.7236
0.37744
0.124711
0.955188
0.101288
0.0546787
0.00328526
1.19411
2.63119
0.0641672
3.14695
0.232724
0.0760911
1.01413
0.0848423
0.0598244
0.569233
0.114943
0.0566404
0.17381
0.0473729
0.0838802
0.122601
2.17267
2.56984
0.145398
0.0667673
0.0331068
0.595678
3.61186
0.0562497
0.0314595
0.218242
3.29491
0.0354511
0.904192
0.561992
0.0295323
0.478628
3.34686
0.0522672
0.16962
0.0627435
0.281102
0.0475864
0.0522962
0.111952
0.378533
2.61131
0.0222258
3.12039
0.0302981
2.94277
0.0791174
1.05567
0.433789
0.805251
2.16387
0.0895145
0.556317
0.136692
0.1092
0.114149
2.45847
2.44635
0.076705
0.0725
0.36588
0.113799
0.060566
0.0244484
3.88501
2.62091
0.736254
3.27364
0.126651
0.0309444
0.643167
0.174504
2.05862
0.0210175
0.0954579
0.0282754
0.0740664
0.0603088
0.0675483
0.0658475
0.364918
3.61647
2.61053
0.0650457
0.246238
0.596785
4.40367
0.0650412
3.41794
1.79071
2.71807
0.10078
0.750645
0.0342673
0.127751
0.0940472
0.0920804
0.0582039
2.00239
3.33631
0.108842
0.245763
0.714707
0.266856
2.38162
4.14838
0.0668741
0.0251055
0.073183
0.205625
0.735993
0.0258453
2.34162
0.661859
0.0809465
0.104737
0.123744
0.43999
0.132916
0.0386811
0.0752231
0.0477688
0.126806
0.540255
0.119665
3.40954
0.100309
0.0734563
0.244027
0.0939836
0.0466543
3.83669
2.44713
0.077441
2.66251
0.0613952
1.04952
0.102961
0.13664
0.0510232
0.0331979
2.51672
0.0859165
0.113973
2.54225
1.88858
0.0576198
0.0655953
0.061271
0.121309
1.37779
0.0376025
0.0648999
3.32728
0.066464
0.0619577
0.104844
2.84302
0.0732693
2.68649
1.97658
0.031334
3.3192
0.112682
0.0212558
3.72862
0.356289
0.0590173
0.00034225
0.460442
0.102285
0.144929
0.0277824
1.27456
3.34863
0.0690372
0.0285217
2.39537
0.0810378
0.79039
0.767881
0.0808592
0.689967
3.61056
0.0577672
0.676468
0.0765348
0.100845
0.12835
0.059077
3.22204
2.33624
0.0795903
0.0636867
3.0251
0.0815306
0.13412
0.107894
0.667618
1.04347
0.0295771
0.0507715
0.0642305
0.0518035
0.0292187
4.64341e-05
0.0821207
0.128032
3.2723
0.474402
0.0584621
0.827162
0.104524
0.859739
3.74126
0.885407
2.50399
0.0871165
0.00130112
0.487122
0.131431
0.0751803
2.15897
0.0920988
3.81045
2.49667
0.483957
0.0976447
4.12898
0.0301197
2.77661
0.0608436
0.0610084
2.79252
0.291913
0.862027
0.0771514
0.0554601
0.0233582
0.108981
1.37794
0.8575
0.0806082
1.72082
0.366581
2.45309
0.0216613
3.67618
0.0808654
0.0629338
0.306999
0.0700249
0.441514
2.55328
0.577776
0.0340668
1.95138
1.28902
0.195217
0.750068
0.573493
0.0153842
0.482508
2.65538
0.0589782
0.0486841
0.056016
3.11951
0.0605807
0.0204545
1.23968
0.538574
0.217947
3.74747
0.721919
0.21048
0.2164
1.17833
0.0996511
0.538753
0.0409653
0.0763879
0.0560023
3.33392
0.0853847
0.899066
2.58911
0.0242837
0.806304
3.78398
0.0791622
2.84419
0.0527403
0.505681
0.127291
0.0247337
0.104598
0.0632194
0.0396467
0.0975197
0.0763683
0.0710029
0.0794992
2.12501
0.556971
0.0762399
0.488503
0.0487237
0.0668285
0.0463482
0.0775589
0.0987249
1.51491
0.0192653
1.2015
2.44687
1.47518
0.964359
0.159477
0.110915
3.52818
0.0595953
0.539041
0.0799764
0.0470088
0.15508
3.13985
0.0915943
0.0603138
0.0489951
0.17823
0.115931
1.44593
0.518507
1.04216
2.13924
0.0608051
0.0404637
0.991921
0.062707
0.0847938
0.0316611
0.128989
0.0329676
0.0573031
0.103449
0.0198038
1.00501
2.61715
0.861514
0.108232
0.0616611
0.818424
2.67643
2.40274
0.0316576
0.0706329
0.630428
0.0498799
0.0276753
0.0963144
2.41398
0.669079
0.0472801
0.0523892
0.0950922
0.0276538
2.52531
0.0351178
0.0816732
0.0837446
0.0732651
2.50369
0.0705479
1.5144
0.0690561
0.0834794
0.0253356
0.0356261
2.68419
0.345239
0.0433032
3.38705
0.645447
0.547142
0.0298312
0.0577996
1.16031
3.61649
3.73836
0.0523716
0.759878
0.0691691
0.0602732
3.26352
2.37559
0.0244592
0.020131
0.946045
1.38816
0.0603719
0.0273543
2.55227
0.0551982
0.128893
0.14566
0.0802299
1.17067
0.0680985
0.0690428
0.0798964
1.75444
0.058822
0.0317135
0.052364
0.0944962
0.166138
0.0967176
0.424473
0.699882
0.606323
0.0911177
0.0843323
0.0582429
0.0284767
0.0777883
0.0636389
0.531109
0.0701377
0.0870867
0.204505
0.774534
0.0379721
0.025174
0.0772546
3.65575
0.0720766
0.791981
0.0197563
0.0651197
0.00546173
0.0806673
0.0727582
3.49718
0.0893753
0.0373889
0.298834
0.0599322
1.30354
0.0706992
0.0535169
2.85386
2.73685
0.0271624
2.56773
0.0626081
0.935389
3.36966e-05
2.14554
0.0386563
1.12771
0.0581589
2.84649
0.471129
1.0208
3.343
4.2217
0.0658303
3.2641
0.033508
0.0263028
0.0633993
2.7934
0.144588
0.0301689
0.607248
2.71121
1.81768
0.137086
3.54687
0.025846
0.123919
0.0525873
0.413243
0.110108
1.62057
0.0677861
0.0838378
0.0644203
0.0197285
0.126035
2.17667
0.0490718
0.0651937
4.02647
0.51792
0.0275474
0.152173
2.60996
0.0891849
0.0723751
3.10314
0.139569
3.78338
1.17563
0.0571642
0.342621
0.728834
0.0364046
0.119386
0.0460687
0.0271313
0.133416
0.114968
2.53746
0.0320718
0.796426
0.209644
0.0600191
2.67733
0.906928
0.0913066
0.0614725
0.0243409
0.033913
0.0278786
0.645965
1.64599
0.0502174
0.064184
0.078177
1.02677
0.0939404
0.782273
0.0946869
0.0503482
0.0998339
0.113086
1.0811
0.0878298
0.527342
1.05064
0.000118318
1.28291
0.0866708
0.752733
0.434376
0.0639817
0.0607688
0.112901
0.0390017
0.107594
1.10377
3.70112
2.93892
2.46649
0.646893
0.00307281
0.0272608
1.19818
0.0340268
1.33235
3.89156
0.0691345
2.84468
0.76103
2.70247
0.0839283
0.0340557
0.063847
0.0596682
1.98959
0.0502799
2.67868
0.222434
0.112962
0.0256712
3.46499
1.08416
0.0777947
0.0362626
0.187417
0.106266
0.0627144
0.62754
0.733435
0.0395482
0.0338771
3.10822
0.0600676
1.01356
0.0973047
0.0695699
0.132172
2.36492
0.00453424
0.0399482
0.0488672
0.0457913
0.203926
0.0350989
2.69877
0.27279
0.0352902
0.086745
0.0387922
0.669038
0.175433
0.0247896
1.49952
2.70237
0.0706911
0.825293
0.0611449
2.36975
0.508268
0.123382
0.1695
0.0621257
0.0300295
0.0346476
0.490002
0.564136
0.0606574
0.208599
1.22401
2.95198
1.12504
0.947021
0.180835
0.0762787
3.0311
0.0839695
0.056305
0.029929
0.137808
0.839094
3.85374
0.116141
0.715599
0.0854588
0.573213
4.92561
2.54165
2.93738
2.50941
1.32824
0.137075
0.120088
0.0679097
0.461667
1.44496
0.0364882
0.599796
0.03231
3.45807
0.0719738
1.16295
3.68318
2.67004
0.0607335
1.08662
0.325143
3.02633
2.81668
0.0229521
0.0253691
0.0440648
0.0659793
0.0371424
1.26219
0.0770438
0.00348211
0.976407
0.0352256
0.0784679
0.525452
0.114562
0.0950517
0.826947
3.6688
0.333584
1.12027
0.0330268
0.0683995
0.0467686
2.84806
1.05695
2.71358
0.0544783
0.0555036
0.115194
2.5396
0.349627
0.574242
0.0621083
3.89866
0.0327927
0.0232224
0.465545
0.00471099
0.0702591
0.0746089
1.29042
0.0605477
0.101233
4.15716
0.105332
0.0492677
2.9678
0.0500709
1.0974
1.11571
0.0214664
1.52083
0.0644766
2.97811
0.0644562
0.926006
0.0715509
0.0167335
0.0607452
0.0681587
0.0668699
0.137219
0.0711449
0.535678
0.0331957
0.0543099
0.0906437
3.44961
0.0703588
0.166508
0.113966
3.5548
0.0502395
3.01417
1.90905
0.058508
0.642302
1.03208
0.899762
0.861652
1.07974
0.0196849
0.0641706
1.06034
3.22806
3.44054
1.0223
0.151611
0.0408023
0.326339
0.0206561
0.21443
0.0298824
0.128443
0.049293
0.0688311
0.853396
0.0655183
2.96714
0.0571567
0.0308579
4.18821
0.0229807
0.511621
0.02124
0.0304234
0.0488373
0.0365848
0.0307913
0.0316562
1.5849
0.513001
0.036261
1.29649
3.44205
1.33272
0.0306586
0.370066
2.65278
3.41897
2.03046
2.31918
2.52149
0.031089
0.00393614
0.0970319
0.400313
0.793728
3.42137
0.0521976
0.0325204
0.141314
0.0659856
0.992855
0.0826129
0.613422
0.0689155
0.0258636
0.0232506
2.75758
0.0323054
0.748384
2.72771
0.366715
0.305066
0.102906
0.0670601
0.0420309
0.0321393
1.20515
0.073099
0.0807338
0.21376
0.122976
0.157846
2.77853
0.763521
1.33647
2.75242
2.78859
2.00452
0.230254
0.0692953
2.99502
0.21046
0.084469
0.575422
0.0756966
0.130203
0.0629696
5.06013
3.4033
0.0398899
0.0573857
0.0611629
3.92554
0.0409344
3.19063
3.02618
0.732474
2.23687
2.81748
1.05199
3.54383
1.05531
1.14044
0.737907
0.732378
2.73466
0.800358
0.0682998
3.56149
0.0579241
3.46925
0.0404324
2.81032
0.0953561
0.0478818
1.95856
1.08815
1.73018
0.0247985
1.32367
0.0765901
0.0782215
0.0247808
0.0298358
0.056661
0.0587703
0.02739
0.113654
0.434582
0.0851558
0.0519122
0.0581526
0.0450668
1.8763
0.0461807
2.02672
3.446
0.0942038
0.751535
0.0752078
0.975988
1.30286
1.43827
2.74907
2.48544
3.57079
0.93165
0.0579685
0.0674232
0.0288109
0.0498728
0.0560852
0.0441905
0.123448
0.674232
0.818593
1.15049
0.73337
0.0621349
0.0809945
0.0957215
0.124403
0.0944343
0.305543
0.0709474
0.235433
0.0635729
0.176208
0.0283686
3.62149
1.19615
3.31264
0.142231
0.267847
0.0282898
2.71361
0.0252282
3.06013
0.101697
0.0574627
3.19063
2.98218
1.27724
0.061585
3.50777
0.0573623
0.0404656
3.40299
0.105141
3.09871
0.0720069
0.0685214
0.030056
3.61281
1.65629
1.13202
1.80517
0.828166
3.78155
0.0384941
0.0643106
0.10592
2.79607
0.0283617
0.0487369
0.0274516
0.568988
4.11848
3.59153
0.0322627
0.0425506
0.072456
0.0259841
0.764036
3.65101
0.652795
0.0592696
0.0532616
4.15631
0.206297
0.0353633
1.05212
0.710628
0.0263089
0.0858197
0.0664446
0.141632
0.0529571
0.0267491
0.634577
0.0256607
0.0795427
0.055807
2.0933
3.82762
0.145428
0.699129
3.91192
0.0723842
0.0443868
0.444529
0.112965
0.0110561
0.256617
0.138117
0.361721
3.47868
1.0545
0.18211
0.0703127
0.0728218
0.0628029
0.0217449
0.0852835
0.0361539
0.112505
0.0758224
0.0649666
0.0473387
0.0167687
0.0306712
2.74866
0.0616593
0.0391003
0.427874
0.104469
0.0358474
0.0911508
0.0462495
2.70618
3.43495
0.047511
1.55829
0.0933164
0.0214694
3.65643
0.00187831
0.0145003
0.573257
4.16517
0.847753
0.12627
0.0780191
0.787925
0.000738965
0.0496579
1.13084
1.27995
3.86595
3.31955
1.33513
0.370314
0.0405898
0.340059
0.811291
3.34314
0.0328129
0.15575
3.13929
0.254457
1.43889
0.166813
0.0747229
0.000664703
0.121608
3.50084
0.0695472
2.6375
0.297126
1.46183
3.84597
4.22148
0.00017094
0.801224
3.20739
0.0295353
0.0487917
0.0823524
0.722618
0.0790652
0.0898892
0.0258186
0.755411
0.0363605
0.0231683
2.12677
3.12516
0.0261299
0.0766709
0.0484201
2.80326
0.963615
3.55924
3.03784
0.0631588
3.57881
3.87871
0.707795
0.424785
0.0578701
0.0328163
0.0806302
0.0753592
3.00695
0.0243444
3.46302
0.0968878
3.26544
1.01241
0.231878
3.48265
1.0796
3.44701
0.0514491
0.0287489
0.0385188
1.01047
0.0341743
2.62228
1.60952
1.50229
0.0590307
2.70666
0.151765
0.648175
0.0934091
0.0246515
0.0816306
0.0319693
3.70889
1.46287
0.0875542
1.26799
0.0518533
3.81922
1.0662
1.43073
0.0926269
3.90614
1.47653
0.0581016
3.65294
4.12956
1.41461
3.84085
0.70628
0.0206212
0.0936523
1.4831
3.36106
0.0247178
1.25195
0.900284
0.0324103
0.0466617
1.478
1.45671
0.060462
0.0275023
0.426669
2.1601
0.0745269
0.826081
0.681571
0.350755
0.195855
0.0665294
0.135198
3.25018
0.0276849
0.0253382
1.05915
0.550071
0.0643917
0.0713295
1.37544
0.842429
4.21215
1.21548
0.0686092
3.89553
1.33299
0.0305541
2.69689
0.0286738
0.0806622
0.0482305
0.0579086
0.0770343
0.0251069
1.3184
1.49751
0.128652
0.0757858
0.0269132
3.41207
1.48284
0.0368272
0.552529
0.0243325
0.95118
0.060631
2.32969
1.12621
0.0275105
3.19713
2.6506
1.19731
0.0304604
3.77777
0.029008
3.69664
0.835103
1.25793
1.42259
2.56999
1.01267
0.10701
3.61148
3.85417
0.0686203
0.103089
1.04137
2.83069
0.0346124
0.0590347
0.0247363
0.0627485
3.87365
3.09319
3.29391
0.0652409
0.021442
2.15506
3.19964
0.0452804
0.0756339
2.13731
1.2909
3.11514
0.0222821
1.22909
0.444361
0.123136
3.34131
0.872223
2.84796
3.79775
0.0614329
0.0282342
0.0628919
3.89131
1.79975
0.902168
3.43881
0.0656568
0.0429608
3.20302
0.0699732
3.33444
2.71793
2.81493
3.438
3.0609
0.0596489
0.0131348
0.193635
0.610719
0.0280832
0.99531
0.0415159
0.013924
0.885452
2.96317
3.05704
3.21987
0.0735977
0.0281955
0.0885225
1.04416
1.14638
0.0480313
0.286033
0.054127
0.0605474
0.0283264
0.0246063
1.13096
0.065573
0.123167
0.936512
0.0524923
3.93287
0.0624037
1.36231
0.677384
0.695104
0.109511
1.24011
2.51953
3.06848
3.7796
3.67346
0.0421932
1.09211
0.0494575
0.100622
1.08638
0.0387235
0.46008
0.0289119
2.61577
4.43713
0.0582625
3.33312
0.300547
3.31555
3.98258
1.22567
0.0503882
3.23731
3.84368
0.0264262
0.441855
3.46068
0.801116
2.06607
0.0236153
0.604117
0.0518595
0.000269961
1.08726
0.0811968
0.0307704
0.000156396
0.00034642
2.70967
3.85312
0.034698
0.0279669
2.88978
0.0495217
0.021161
0.166431
3.87053
1.39292
4.00553
0.0382811
0.369907
0.659833
0.480704
4.25065
1.26376
1.26579
0.0612737
0.91309
1.15302
0.616411
3.6332
0.16822
1.56628
2.4807
0.0360524
3.20555
1.30227
1.30831
0.031824
1.24309
1.18237
1.25401
0.133077
0.000405331
5.67945e-05
3.92896
3.75965
3.35083
3.88592
0.0254009
0.0251893
0.0294559
1.30973
3.83302
3.50815
0.0449156
0.15082
1.37054
0.810925
0.79559
3.36567
3.8504
1.51096
0.0511712
2.74231
0.0647626
0.0997186
0.0783318
3.65665
3.37014
3.48674
3.35995
3.44643
0.109065
2.46214
1.30322
0.735388
3.49295
0.236818
1.00259
1.1708
4.2998
1.47409e-05
0.000159272
0.105461
3.48146
3.00375
0.0469826
2.79964
0.0521429
1.0832
2.92331
0.0505648
1.39408
3.64994
2.96514
1.33836
0.761935
3.515
3.7272
0.00830356
1.5343
3.85129
3.9761
3.45687
1.10617
2.50254
3.37273
3.0228
0.0515269
0.0229724
0.0663985
2.94328
0.329474
2.00298
0.655625
1.53361
1.44006
0.0412885
0.861482
0.0245097
0.0591872
1.21616
4.26105
1.45934
0.363775
3.83162
0.867517
2.3018
1.05176
0.944748
0.137173
3.83271
0.0681917
0.0715051
4.18651
4.1437
2.61133
2.37152
1.28263
4.20784
3.4857
3.98104
0.020245
0.0576034
0.757182
0.836412
0.863096
0.0277081
0.521076
3.15024
0.044224
3.35474
1.45889
1.47969
1.33259
3.88467
0.0563041
4.00751
3.97388
0.771286
3.45378
3.57104
0.0979607
1.46848
0.0532231
0.0362387
2.64581
3.39053
3.12783
3.60125
1.45568
1.46919
4.24533
1.25032
0.0254782
0.847989
1.42128
0.0205205
0.12635
1.06138
0.192898
1.12967
0.0427724
3.96735
0.0234318
0.0460317
3.50625
1.37488
2.79457
0.845923
0.792136
0.104547
0.0551305
1.42104
0.583734
0.0466357
0.0392126
0.683432
0.632974
2.92939
1.18724
1.08461
1.50617
0.0555061
0.044277
0.0314012
3.96145
0.0354393
3.39096
0.357091
2.86668
2.96275
0.491673
0.0260289
0.0492238
0.656157
0.0271918
0.987862
3.89502
3.37698
0.0366267
0.0976389
0.166439
3.69277
0.0257786
0.081688
0.0318147
0.0778575
0.952183
0.0425736
1.42903
2.22895
1.19506
1.90166
0.0365138
3.92747
0.0734382
0.599353
1.50135
3.50421
0.126463
1.51526
3.51488
0.0398366
2.05756
0.00992712
0.0215996
0.147174
3.21578
1.48492
0.310906
0.147677
0.768059
0.0854727
3.36296
1.16009
3.12151
1.09655
1.05018
1.14433
1.13655
0.0274302
0.049836
0.0892235
0.111581
0.0105389
4.8553
0.06832
0.0269065
0.368666
0.190402
0.0299369
0.0614099
0.0432405
1.12475
1.1027
0.0468008
0.90166
0.043834
0.0836126
1.58133
4.00229
3.32877
0.191388
0.0543479
0.0392858
3.57238
3.72426
3.41766
0.0264384
0.660283
0.100276
4.58359
3.2509
0.0411468
0.048507
1.54777
1.15244
1.28741
1.1328
0.0254023
0.0250504
0.174166
0.0446859
0.0801971
0.284437
0.786774
0.632783
1.59628
2.48991
0.0956553
1.38761
1.99924
3.55049
4.18257
4.08115
2.81193
0.0348012
2.59961
3.88509
1.20833
2.61308
1.38943
0.127957
3.53519
0.481236
0.366321
0.0253633
2.60395
2.00949
0.0243041
2.96318
3.43261
0.0191537
1.12639
1.10857
1.66232
1.79613
1.18023
0.183714
4.12249
0.344511
3.7513
0.164651
1.13876
3.71268
0.0447233
1.34731
0.1582
3.06597
0.0246073
0.499917
0.720504
1.52291
0.369731
0.861481
0.845442
0.000742898
1.00976
3.64235
1.25728
1.15672
3.92373
4.38664
3.49926
0.0216598
0.0249333
1.19046
0.0723757
0.892084
4.09972
0.132839
4.20723
0.0585012
0.553449
0.0433005
0.0415354
4.51675
3.84458
0.136746
0.786715
0.205034
0.0851154
2.83627
0.100216
0.29025
0.520817
0.409567
0.208006
3.30326
0.0925943
3.38987
1.50412
2.76998
0.00995646
0.0270571
3.15166
1.15653
3.39864
2.45739
0.777953
3.47919
3.65343
3.11124
1.49971
3.55895
2.53088
0.0636543
0.216442
3.18564
1.51729
3.96965
3.29345
2.54507
1.86833
1.98521
1.28526
0.0955697
0.00137464
0.240116
0.448651
3.5419
0.0709476
0.520035
0.0139775
1.1517
4.08447
0.887625
0.267554
1.65965
0.0390686
0.0327926
2.59001
0.666684
0.0762289
0.0627225
0.0861712
0.753191
3.42265
0.788655
3.51255
1.06711
3.17066
0.769915
1.58679
1.96423
2.34569
0.995782
2.95075
0.0437358
2.63644
3.31788
0.0342632
1.30166
1.17764
0.0596106
0.0312057
3.47959
3.32867
4.06852
1.42793
0.0512593
2.87424
2.10965
0.316976
0.0531682
0.00211316
5.11262e-05
0.0551126
0.0268861
3.36539
3.85757
0.0581448
0.167066
3.21371
0.396108
0.715073
0.052662
0.275894
3.30872
1.18611
0.82513
3.36564
0.818638
3.85967
4.21466
0.0582299
0.289311
0.0220613
0.10008
0.0486005
0.142679
0.0737369
0.82104
0.452101
0.0256156
4.35034
0.927509
3.08458
3.20915
1.12791
0.789494
0.0200992
2.15733
2.02631
0.077778
0.192692
0.0453846
0.024373
0.964279
3.64231
0.0202475
0.122632
4.18414
9.38197e-05
3.05068
3.57928
4.02852
0.0522762
0.0664415
0.297497
0.787107
0.0383818
0.559761
2.3867
0.000429013
1.94198
0.0261442
0.0256456
0.188722
0.99717
4.18108
0.181576
0.244286
3.80943
3.35917
3.34711
0.163021
0.0451391
1.7044
2.90015
1.18389
0.0755027
0.0244438
0.205012
0.779425
0.024917
0.277428
3.44303
1.07186
0.0725872
3.90555
0.798882
0.23157
4.70792
3.25876e-05
0.0431037
0.0251632
0.07499
5.01368
0.0297375
0.124484
3.83603
0.000783786
3.60031
0.0245613
0.0736781
4.17401
0.000364753
3.78744
0.328603
0.211015
3.18925
3.44007
0.105769
1.42079
0.259228
1.58088
2.86622
0.023983
0.0815219
0.428349
0.0891756
2.53188
0.0351052
0.0251344
0.0580807
0.000740729
0.348091
0.0316905
0.0253004
0.023198
2.81284
0.0338842
1.27495
2.98125
0.0653784
0.127806
3.79027
0.0254267
2.9216
1.22847
1.81972
0.727448
0.0200456
0.048913
0.0692874
1.32787
0.0253468
3.43381
0.0659146
0.0215379
0.0113914
3.9553
0.50172
3.98081
3.63364
3.60286
0.0106547
3.84464
0.317646
0.530422
0.0653707
0.0534136
3.01045
4.45745
0.830166
3.1041
0.118768
1.13791
4.63054
0.658082
1.00909
0.0682706
0.0159773
0.0424546
3.2735
0.115117
4.12852
0.158231
3.2656
0.0609704
0.259464
0.0259437
0.0221265
3.3447
2.24711
0.0714475
4.09076
4.70053
0.0216466
0.836137
0.868612
3.44622
3.7474
0.769869
0.829397
0.0246777
0.0268436
0.299332
0.0611007
0.408966
0.0705627
1.56495
1.13655
0.024399
0.328875
3.08233
3.18117
1.99299
0.0251725
2.63134
0.02427
3.3468
0.998718
0.0602314
0.0619725
3.26598
0.979129
0.0322572
0.0301087
2.89513
0.0498121
0.937127
4.30009
0.0297508
0.0342214
1.57766
0.49647
0.50231
0.00402164
0.0678903
2.49117
0.790539
3.42245
0.0357666
0.0209083
0.2427
3.69704
1.30039
0.174269
1.14915
2.75345
0.0812589
0.0444159
0.739631
0.0349147
0.236367
0.123857
0.417493
0.100622
3.97671
0.509902
0.184052
0.780325
2.52578
0.188745
0.83242
3.57217
3.20299
1.05222
1.27325
1.03849
1.11565
0.776855
0.0644408
0.817612
0.873996
0.117368
3.86531
1.20123
3.4996
0.0609701
0.990524
3.41888
2.56682
2.09206
0.704114
0.0307633
1.54293
0.0205437
0.853655
1.38361
1.40537
0.682984
3.38326
0.872242
2.54351
0.0446389
0.168881
0.0432185
1.03611
0.425298
1.13359
2.59108
4.2185
0.809588
0.814662
1.18393
0.692123
0.0298589
0.00183559
0.804873
0.159742
0.0766559
2.67972
2.61614
0.0574214
0.619612
0.145294
0.211265
0.81722
0.685383
3.36306
2.23048
0.0801314
0.0503256
0.682571
1.25898
3.01177
3.17588
3.72708
2.65622
0.0326368
0.0576819
1.22616
3.19761
3.77857
1.20053
0.0307276
1.23216
0.0699774
0.0308765
1.31253
0.135529
1.35551
2.64527
0.073916
1.02594
0.0412912
0.0808741
0.828277
0.757376
1.11393
3.67488
0.126551
0.993814
0.0252655
0.779898
3.43501
2.61039
3.21307
0.0233537
0.0882252
0.0282086
1.34649
0.26371
0.0313631
3.11619
0.0434215
0.0255254
1.20942
1.19193
0.0281194
2.9127
1.97191
0.0305685
0.0908342
4.03154
0.0254694
3.1034
1.04247
0.0251799
0.0207341
0.0386584
0.594511
3.95427
3.62924
0.0866485
0.02827
0.0607077
0.0616203
0.0253362
2.28269
3.87049
3.9939
0.770615
3.46727
0.353206
3.99812
1.33408
1.08593
0.327843
4.21812
0.0795411
0.0635242
0.00863994
0.0656295
0.0572902
0.0325196
1.25463
2.15167
0.0359912
0.136365
1.55707
2.24812
0.197952
2.25239
0.0967982
3.38407
0.0927762
0.8709
0.0282959
0.0564717
0.913218
0.906127
0.0428059
3.85356
2.90856
2.40534
0.377758
0.102924
0.838283
1.10931
0.000844645
2.39487
2.02855
0.433104
0.000222662
2.53105
3.0351
0.13754
2.55461
0.0249737
0.905825
0.117586
0.69381
3.0132
0.116919
0.281479
0.0562378
0.0548235
4.01979
1.71219
0.233424
2.26886
0.0276657
0.000485525
0.933999
1.31134
0.0277864
0.0605507
4.06727
0.0272464
1.38919
0.880145
0.0634132
0.124876
3.32693
0.734752
2.43465
0.945761
2.14685
0.0325497
0.0195522
4.07845
4.00704
0.0189481
0.000640671
3.55156
0.70093
3.11742
0.833614
2.53867
0.038228
0.0380303
1.12108
4.11103
3.00735
0.0250959
0.384691
0.936352
2.5622
0.87709
0.03413
0.0910124
2.00176
0.0596749
3.99665
1.19653
2.5901
0.143628
0.073222
3.57705
1.27714
0.440838
0.0461538
1.01095
1.27759
0.0512763
0.14561
0.846843
1.03023
0.259086
0.0189711
2.37675
0.122182
0.189255
0.64115
0.161857
0.0415633
0.0088666
0.846458
0.745488
3.58591
2.57932
1.24563
0.659045
0.174045
0.5929
0.0885464
0.108781
0.53904
0.0259251
0.0447792
0.0344262
0.268822
2.94166
0.18104
2.92537
0.0633268
2.64704
0.0613816
0.0507847
0.723566
0.0415819
3.32317
0.00304141
8.91921e-05
2.66663
1.36142
0.0292073
3.72934
0.0638861
1.61258
0.0782322
0.0243986
0.244386
0.0613246
1.24544
1.53834
1.09774
2.91105
0.474594
0.00802395
3.09934
2.7485
0.387223
0.027128
0.0265302
0.569842
0.0942303
0.0352533
3.79528
0.0398507
4.02138
0.00312146
0.0376833
0.0520406
0.135542
3.32053
0.314078
0.073405
0.797751
0.628547
0.0454845
0.0774703
0.0252143
0.0589978
0.213326
0.545797
0.429854
0.918205
0.471896
0.000367014
6.72208e-05
0.0253187
1.4066
0.0530101
1.56868
0.0744996
0.824587
0.0390909
0.113694
0.0519291
0.133353
1.84317
0.0372764
0.0617425
1.25538
3.68983
0.0658659
0.0148902
3.32534
0.152674
3.40077
0.0429608
0.253305
0.949269
0.0138205
0.0421219
0.120661
0.000326148
3.19316
3.45461
0.0613639
0.572816
0.160734
3.12932
0.345408
3.48262
0.488705
0.760837
0.54342
0.0546893
0.00227388
2.68201
0.0208128
0.897317
3.28428
1.56527
0.103194
2.13317
2.64171
0.092576
0.33423
0.0927752
3.91905
0.11696
0.0373061
4.17148
0.0194153
0.0363535
3.36774
0.0437201
2.87395
0.045443
0.00297009
0.969869
0.740269
0.144332
1.14272
0.0119577
0.389931
0.000140131
0.0179092
5.22374e-07
0.225706
1.53401
0.129824
1.04527
0.0919981
0.0234344
0.123902
0.299466
0.0268072
1.92174
0.00155453
2.3505e-05
0.0231834
0.0694184
0.789248
0.0248869
0.59898
0.130599
3.77502
2.74923
0.0311414
0.437181
0.0335283
0.408814
1.87491
3.54347
4.03759
0.091198
0.901222
0.00218277
1.15465
0.0862398
0.0722039
0.0263496
0.0415565
0.0260588
0.0704535
0.52131
0.0204004
3.01132
0.0335164
4.00274
4.4268
0.439702
2.91853
0.0281517
0.979861
3.12876
0.337344
0.0364478
0.203214
0.0348503
0.0946295
0.0284082
1.12741
0.0333277
1.08336
0.0272754
0.0584491
3.35396
0.07697
0.0264992
0.0598808
0.0407383
2.76973
0.066527
1.02604
3.25066
1.08804
0.415773
0.556519
0.019211
2.59567
0.0658203
3.64285
3.73641
0.0316986
0.0584029
3.37369
0.0313381
1.38737
0.737025
0.274364
0.308922
3.1091
0.202352
1.05831
0.0701694
0.533515
0.0168287
2.40768
0.365712
2.91808
1.11912
0.000897028
5.19471e-05
2.36751
0.737224
2.72163
1.46207
0.0694725
4.33687
0.0204278
0.0620332
2.89178
1.42674
0.0245102
0.342132
0.288217
0.652591
0.0680512
0.479182
0.311618
0.0356069
3.67211
3.38631
0.0262489
0.224216
0.867669
0.604979
0.749079
0.0860607
1.34487
4.2308
0.440219
1.11728
0.0374181
0.0517974
4.14029
3.70804
1.00071
0.0529172
0.0575892
0.366447
0.0202941
3.52212
3.38253
0.0667628
0.124825
0.0272789
0.139537
2.9798
0.503714
2.88535
2.36421
0.0808215
0.380977
0.86786
0.0047453
0.388088
2.99133
2.40018
0.726684
3.61054
0.0597586
0.0105639
0.455401
1.06607
0.404044
0.435714
0.192448
0.589066
0.237609
0.109722
0.102445
0.0736653
0.118228
0.500764
3.55945
0.37956
4.03089
0.0276183
0.094866
2.7745
2.32205
0.0670402
0.0353108
0.941574
0.0453
0.469578
1.09549
0.0571725
0.594278
0.220114
0.890619
0.520296
0.0454213
0.119125
3.93241
3.59639
0.0748938
0.097345
1.29937
3.52682
0.0419539
0.0219091
0.364525
1.25131
0.0572386
1.94225
0.0441288
2.67133
0.0274124
0.0525377
0.198314
0.0334644
0.0207848
0.0674976
0.80186
3.74113
0.187298
0.0273338
1.24292
0.249778
3.56584
0.36565
0.516735
0.022695
0.433833
0.0796944
0.328997
1.1023
3.47675
0.021314
0.0279951
0.059183
0.0342113
0.0338492
0.945899
0.134133
4.45277
0.881723
0.0248622
0.0445232
0.901186
0.420663
0.278832
3.99674
0.316241
1.50057
0.110211
0.127156
0.0668187
0.0275079
0.386418
0.0291073
2.73137
0.0465391
0.141703
0.0846642
1.59711
0.279486
3.48862
0.448145
3.58599
0.0652544
0.0262637
0.0326235
0.0338688
3.62436
0.147193
3.70872
0.0264571
0.025069
0.654754
0.569112
0.033446
1.14584
0.0162806
0.0246841
1.52737
0.0261782
0.0144587
0.305509
0.381438
0.0477179
1.37152
0.326682
0.437806
0.0593642
0.0312848
0.0364944
0.87519
3.71379
3.2855
0.0224188
0.0321627
0.0020498
0.0254
0.383966
0.261513
3.28789
2.38645
0.907526
0.463688
0.0281503
0.196151
0.0462703
2.65736
0.026269
0.723891
0.0216248
2.07593
0.859466
0.193241
3.99649
0.466801
0.0348589
0.0206626
3.83106
0.884924
0.0202865
0.0217741
3.16281
0.072804
0.123638
1.52138
4.05168
0.0109415
0.788907
0.0428655
0.0669468
0.21596
0.100794
0.119351
0.0849361
0.108853
3.31005
4.03487
0.0221123
0.329302
0.278797
0.0190767
3.93926
0.0247005
0.311511
0.368011
1.50668
0.0483334
0.0595304
2.70023
1.18955
5.45153
0.219685
0.0693514
0.0219193
0.171872
0.0381751
0.140273
0.0423112
0.959508
0.200709
0.493263
1.16463
0.716606
3.33426
0.113767
0.280416
0.339081
2.78093
0.0261471
2.89068
0.521786
0.0613228
0.0319953
3.0747
0.647154
0.105611
3.49276
0.232179
0.0280337
0.0454055
0.0420182
0.0113925
0.266654
1.15428
0.0927937
0.0343247
0.0234603
0.0264427
2.84977
0.0750278
0.59193
0.252901
0.0229917
1.32588
0.129653
0.274731
0.0293179
1.11301
0.0307002
3.52548
0.289948
0.0322252
0.0299336
0.282909
0.0307128
0.629054
0.0273726
2.83453
0.00926768
0.205363
0.0350964
0.31738
0.627264
0.339383
0.419852
0.0264301
0.162426
0.0354879
1.21047
1.26661
0.180406
0.159903
1.60269
2.6834
0.0653558
0.0304665
0.233218
3.65294
3.29856
0.61619
0.103185
0.0580554
1.96603
0.0680428
0.0302633
0.0423512
0.0727975
0.0448381
0.0253756
0.0237316
0.0973819
0.022376
0.0760582
1.21697
0.02406
0.31629
0.796747
1.21425
3.24848
1.41621
4.08926
0.040928
0.0306147
0.347201
0.0852278
2.8326
3.85927
0.0244724
1.35211
0.598074
3.48723
0.0758453
0.241481
3.87274
0.227104
0.38275
0.0368853
3.7193
3.20552
0.273099
0.0345728
0.0317104
1.30555
0.0319244
0.100974
1.3159
0.0229356
0.140312
3.4497
0.178937
1.20835
3.50881
0.314759
2.45562
0.357603
0.0234875
1.06054
0.296134
0.191894
0.063245
0.250095
0.289404
0.0900159
0.668055
2.66802
0.0422749
1.41494
0.0261831
0.106152
0.575293
0.0491435
0.0584576
0.0606238
0.0215162
0.248891
0.175117
0.0176939
0.173057
0.0577084
0.263861
1.08209
0.0275934
0.0448065
1.19027
1.53602
0.114751
3.22136
0.0220325
0.0341589
3.7089
0.106256
0.0673757
0.0165935
1.39567
0.0353344
0.0955787
0.0634008
0.63303
4.13206
0.0602701
0.0495097
0.127568
0.0956783
0.0350332
0.0226468
0.275266
0.289263
4.91467
0.0230409
0.0356279
0.203414
0.0117562
0.0429125
0.70895
1.05449
1.44185
0.0218446
0.729214
3.52077
0.753149
3.98074
4.26321
0.7546
0.228451
2.86221
0.654938
0.0704464
3.90463
0.72571
0.0535723
0.215351
0.0315234
1.20091
0.0583972
2.85234
4.15245
0.0710887
0.0249778
0.0838417
1.17028
0.860259
0.249793
0.199641
0.698716
3.00965
0.64298
2.91468
3.28544
0.828781
1.03731
2.04877
0.162134
0.125931
0.0384007
1.33803
3.99006
0.775837
0.855436
2.6731
0.56976
4.44204
0.188866
1.15146
1.11399
0.0466594
1.52239
2.44368
0.150255
2.61504
0.0215462
0.0248745
0.0246865
0.528271
0.0443551
0.023769
0.00846572
0.0226542
2.12187
1.5521
0.0292844
1.63849
1.37737
0.460994
0.877158
0.037662
0.114064
0.143407
0.592367
0.876329
0.206323
3.11989
0.0262448
3.7638
4.15611
0.0224638
0.0474127
0.0563404
3.95081
2.12997
0.0232983
0.0253284
0.025655
3.45049
0.0243385
0.299986
5.6913
0.0689161
0.0332316
4.35208
0.024407
0.233853
0.41112
1.42841
1.35867
2.53437
1.21727
2.78554
3.03781
0.252567
0.0594122
0.125431
0.38308
2.70559
0.76076
0.0498386
0.74685
0.0155372
1.89037
3.48155
1.59069
0.0840495
0.11022
0.0244388
0.0761535
0.113188
0.0497745
0.0340299
1.254
2.80957
0.0524663
0.0229635
0.0696338
0.769564
0.0253505
1.30374
0.058252
0.0293836
0.403666
0.005035
3.31301
3.37748
4.27096
0.322861
0.447793
6.0618
0.518241
0.0549653
0.402372
3.31553
0.221909
0.156389
0.0337544
0.588303
0.264149
1.15784
3.99656
0.0248041
0.305212
0.0164066
0.0245277
0.0282182
0.383378
0.381918
2.74517
3.0393
0.243909
0.744832
0.0814644
0.372706
0.147358
0.379265
4.19957
0.266867
3.11451
4.58489
0.0532883
0.0509516
0.71242
1.16816
3.59407
0.282344
1.15079
0.633956
0.0870416
0.606444
3.85595
0.127165
2.99683
0.75223
0.228957
0.0299255
0.682992
0.00476315
0.0383297
1.27362
2.41289
0.0253507
0.0396718
2.58027
0.0233278
2.75902
0.158693
0.204312
4.01307
0.482605
0.0259252
0.0194458
0.327883
2.50465
0.498631
0.5539
0.0686851
1.11352
0.0222158
3.81779
1.155
1.1468
0.0434892
0.51551
2.77251
1.59894
0.129413
0.0237915
1.13442
0.533324
0.0236507
0.262611
3.41176
0.0265879
0.0467761
1.1346
0.0782163
0.0272657
0.0237724
4.27596
1.36183
0.0783743
2.64925
0.00326384
0.122462
0.623982
6.1034
0.0986115
0.0878205
0.142033
0.568164
0.138307
0.136278
0.0485608
0.408394
0.024836
0.786082
0.0473781
0.0222643
0.0757764
1.36898
3.37697
0.0575846
0.354944
0.163289
0.119955
3.11033
0.321847
3.10016
0.0417718
1.74465
0.308809
0.557083
0.218814
0.0644131
0.0363177
0.917466
2.39598
0.0237845
1.55501
3.78342
1.99226
1.58074
0.484421
0.0146987
0.323866
4.21532
1.14117
2.58175
3.04569
0.147999
0.0185076
0.154761
3.41314
3.36944
0.166534
3.46633
0.0500073
1.15678
4.11058
0.0242919
3.44465
0.465205
0.365519
0.0277816
6.1615
0.0380481
2.75362
5.7862
0.81137
1.13759
1.16624
0.0292727
0.0772188
1.16825
0.240015
0.106157
0.607193
0.244338
1.22271
0.0440657
0.639527
0.0291565
0.0818255
0.0458914
0.0263223
0.267322
0.0838984
0.573133
0.0258294
0.0984814
0.0504264
3.59772
0.209153
1.11406
0.188292
0.0721301
0.0576719
0.00803626
0.429022
0.647211
0.285715
0.583873
3.35615
3.0777
0.262726
1.18426
0.0166461
3.97985
0.370291
0.197432
0.596867
0.985527
0.0831881
1.6251
1.78773
0.219064
1.00997
5.06876
0.467462
2.44638
3.74548
1.51737
0.441853
2.40458
3.62624
0.0142984
0.751619
0.39579
2.90226
0.288969
0.927061
0.717392
3.38171
0.334172
5.75232
0.211591
0.145015
0.0218933
0.057442
0.0584001
0.600947
0.0284143
2.54624
0.966838
0.529433
0.125954
0.075479
0.16567
1.87199
0.6289
0.707726
0.0627048
0.0616049
0.256201
0.299643
2.69357
0.0250074
3.47403
0.13105
0.896108
0.892251
1.41241
3.44864
0.0451736
0.0438009
0.023158
0.133473
4.29236
1.20505
2.95127
0.0605113
1.63987
0.0690928
0.390814
0.734438
3.31228
1.1033
0.0727027
3.11014
0.795103
0.16246
1.37221
0.597868
0.0283009
0.665757
0.122119
0.00338579
3.43894
0.626418
2.84364
1.09984
2.39616
0.0604434
3.40161
0.128599
0.716265
0.472972
0.0470998
3.15957
0.036049
0.229995
3.72255
1.37395
3.79852
0.0258692
1.8362
5.48584
0.342891
0.0135317
0.963705
0.200728
0.0259992
0.851646
0.024566
0.16897
3.19621
2.3342
0.0581617
0.0227557
0.855301
0.119187
3.87612
4.21754
0.025972
0.106015
0.0359056
3.64646
3.78433
4.07359
0.0238985
0.0974126
0.414879
0.340271
0.0375766
0.0891651
0.0489655
1.55863
3.4404
0.0566766
0.00289352
0.0700865
2.82897
0.0302787
2.7431
1.14845
3.68677
1.03628
2.09822
0.912731
0.0223671
0.333135
0.0299059
0.076597
3.22469
0.676731
0.0277304
0.0893148
1.63103
3.01093
0.00668493
0.214486
0.0337151
1.42089
0.0476603
0.406451
4.73847
0.916005
1.60142
1.28111
0.360966
0.114851
0.0219322
0.00677938
2.84739
0.117766
0.0366872
0.0820717
0.0400617
2.43312
1.32808
1.64346
2.83907
1.4524
1.10108
0.0248856
0.0841374
2.73164
0.0670773
0.39937
0.0988713
0.553603
3.55904
0.122996
0.053196
0.398772
2.58087
0.0262102
0.764395
0.79229
2.69234
3.9938
0.0254334
0.058981
3.91051
0.211193
4.08982
3.5295
0.422701
0.422005
0.0880055
2.2248
3.49077
0.793779
0.101558
1.293
0.0485639
0.0133616
0.442914
0.519019
0.0770159
0.0614302
0.059384
1.10135
0.0955991
3.36024
0.0751681
1.0451
3.42374
1.60785
0.429367
1.46895
0.352034
3.85323
0.484026
0.694129
0.321976
0.152641
0.677824
0.58556
0.553102
0.262102
0.351778
0.823073
1.17969
3.08941
0.18588
0.454551
3.76505
0.427192
0.256863
3.46743
0.0635942
0.0249348
0.0686466
0.41196
4.27607
0.035293
0.0251023
0.180179
2.62638
0.226336
0.0107019
1.12699
0.927647
2.3711
0.401247
0.442815
2.89584
1.65902
0.189588
0.024615
1.13282
0.0314109
2.34657
3.22506
0.0549725
0.0435648
0.0307104
1.08737
0.369983
0.000450102
0.449573
0.00614778
1.20896
0.00536138
0.03677
0.766559
0.0764111
0.74001
3.21664
0.0570404
2.81315
0.00116461
0.0588652
0.189946
3.08984
0.462018
0.104416
0.484229
0.119662
0.721731
0.50546
0.0838584
0.0262832
0.0670651
0.1373
0.0140984
0.326225
0.0608573
1.35482
0.961253
1.14736
2.61716
3.40441
0.633117
0.056837
0.102453
2.35644
0.924924
2.11181
0.589771
0.0460837
0.470829
0.69762
0.596012
0.0371855
0.0227
1.68576
1.09282
0.0993455
1.14521
0.0267727
0.477805
1.12123
0.0521214
0.410403
0.422497
0.0417503
0.873719
0.148819
0.0604787
3.01164
3.68614
0.0465819
1.2315
3.54187
1.36882
0.240754
1.81155
0.0877826
0.107715
0.024799
3.31697
0.667423
0.00832638
1.03322
0.407899
0.674147
1.47051
1.3853
1.26356
0.551336
2.65871
0.0280675
2.29721
0.801477
0.918359
0.0485404
0.430242
0.160298
0.032347
0.758993
0.14067
0.518615
0.282113
1.82849
0.440526
0.0581419
1.33225
0.511869
0.689304
0.0207588
0.710713
0.371592
0.759908
0.645721
0.126244
0.0259043
0.0393565
0.557965
3.98898
2.54236
0.041806
0.057176
0.977559
0.105682
0.0609476
0.268882
0.370769
0.0239116
0.441855
1.53294
0.0236828
2.95484
0.740265
0.0325953
0.00784308
0.0424341
0.0112058
0.0197117
2.58987
0.459361
0.0940585
0.116176
0.0209817
0.000318729
0.517299
0.878622
2.93942
0.110844
0.639909
0.0205771
0.0345731
1.28147
0.48608
0.59323
0.560852
0.466181
0.0648208
1.84917
1.97772
0.0479583
0.0202383
0.030817
2.70966
2.90023
3.54855
0.992546
0.0530586
3.80885
0.0202582
3.41178
0.379905
0.685342
2.63714
2.71447
0.0233237
0.0351378
0.663229
0.0629072
0.0562637
1.1622
2.19951
0.127446
0.978823
0.0615726
0.0183032
0.00117948
0.0396505
0.176611
0.0233308
0.218219
1.22457
0.0624137
0.711455
1.56135
1.83846
0.588189
2.01351
0.0980437
0.920918
0.0304561
0.918897
0.0626187
0.191126
3.52972
1.48216
0.0256491
1.15972
0.0182228
0.0191157
0.0348322
3.59632
0.056418
1.93598
0.612
0.0497947
0.594902
3.75351
0.0610553
0.0223656
3.81496
0.0876769
3.18613
4.14475
0.847248
1.55937
0.583864
0.027892
0.0909269
4.03582
3.87137
0.0456271
0.409736
0.05151
0.769352
1.89529
0.304175
0.0368542
0.0270328
5.83653
0.955766
2.58714
0.751476
0.0757133
0.33952
0.0414593
2.29409
2.47592
0.484173
1.10207
0.0266374
0.0602981
1.26553
0.223284
0.192988
2.83946
0.0238884
0.441093
3.37333
4.23136
3.00368
3.08523
0.0262061
0.813076
3.82429
0.133553
0.12654
0.461857
1.26916
1.82036
1.38215
0.100365
0.0367184
1.14508
0.0190293
6.1682
0.0251132
2.54882
0.024088
0.533401
0.0258217
3.04848
0.163735
0.439753
0.0266066
0.779156
0.028132
0.0601615
2.35576
0.0285896
1.11009
0.0195366
1.74429
0.0387747
0.996048
0.482981
0.68185
4.08378
0.462071
1.1372
0.024507
0.0372096
3.37819
0.0344028
0.0366245
0.0717731
1.52246
2.94363
0.169056
3.68098
0.687712
0.0339313
3.82521
0.255174
0.0878496
0.724458
5.82872
0.0296066
0.0177239
0.655471
0.0932455
0.0455323
0.635246
0.0623741
0.02626
0.494608
1.34116
0.0613398
0.0583889
0.839865
0.021342
0.0262369
0.786538
0.706272
0.12848
0.0580526
2.64353
0.0451271
4.47658
0.0542785
0.0272212
2.78019
0.0246057
0.0344206
1.00025
0.641882
4.15813
1.42438
1.98252
0.0618807
0.0810496
0.837985
0.0324987
0.267107
0.0414451
2.62971
1.62454
1.47807
1.5568
2.42276
0.0385088
0.797144
0.122437
1.44011
0.0419285
0.220037
0.121697
0.150052
4.14237
1.01089
0.131253
0.662055
1.77517
0.174167
5.75196
0.0272564
0.127955
0.0793356
0.605402
0.0210063
3.34206
1.5508
3.02564
0.94602
3.88744
1.58514
0.0267996
0.104707
0.0433661
0.0255204
1.51921
0.0584757
0.0580831
1.088
1.57779
1.40172
0.455498
2.42214
1.22407
2.68531
0.357485
0.396137
0.0526331
2.82719
3.46147
5.66677
0.0430617
0.5439
3.84468
0.000286688
0.825767
0.0228837
0.0740444
0.00503607
0.683179
2.06246
0.0215927
2.96294
0.883917
1.92663
0.0237023
0.0281839
0.0583966
4.04661
3.12585
0.0706328
1.0608
0.0730877
0.263139
0.0357102
0.524498
1.20679
0.0225301
0.0236799
1.41181
0.506624
4.09521
1.16456
0.0239738
0.0335582
5.61717
0.0278172
2.27867
0.455632
0.456483
0.0857701
0.558461
0.810297
2.77853
3.38489
2.94572
3.09298
0.0245689
0.0699491
0.861895
0.0222849
0.173417
1.32469
0.0460718
3.65905
0.0453142
0.892856
0.0392199
0.0355965
1.11739
0.0976404
0.00593652
0.730789
0.0260278
1.69513
3.63254
0.560022
0.0323531
1.08713
3.49255
0.123384
0.0212781
0.783348
0.015265
1.31735
0.15629
4.05358
0.488025
0.122518
0.0454785
0.026321
0.0581221
0.799758
0.0341208
0.0872852
2.48376
5.2488
5.85668
0.228972
0.0515677
0.0748234
3.55633
0.534053
0.0890332
0.0485745
0.000611656
0.0434412
0.149329
0.0347476
1.71378
0.0451354
0.925279
0.0491579
0.0105869
0.110333
1.22457
0.0196093
0.45994
0.048708
4.26224
0.111946
0.0342016
0.264646
0.0459606
0.0954534
0.629208
2.82485
0.0960406
0.945875
0.82512
0.908753
0.0730777
0.0884675
0.0515845
0.245357
0.469318
0.0648613
0.0128958
4.94981
0.0262204
0.0929969
0.0228853
3.57401
0.987669
0.048554
0.110065
3.80888
2.18246
3.6657
0.76237
0.396677
0.695113
0.0931592
0.681597
0.0320736
1.31147
1.00053
0.0227739
1.06214
0.0770954
0.0814386
2.59277
1.03257
0.0626317
1.60896
3.40136
1.13814
2.18712
0.498612
1.30327
0.0632564
0.0367357
1.18376
3.86913
0.0243973
0.143782
0.0441285
1.15176
0.00818784
0.0356668
1.8976
4.53078
0.0518387
0.0205776
0.0553044
0.0578325
0.0800682
1.08714
1.50914
0.0090876
0.190791
1.8824
0.0196249
0.760563
0.0301024
0.969089
0.0538915
0.00215558
0.317713
0.500433
0.112854
0.859302
0.102588
0.0036672
1.64185
0.086116
0.831772
0.150946
0.0266771
3.56047
0.291346
1.59816
0.949687
0.0216212
0.0874139
3.85923
0.201481
3.14807
0.70255
0.0752165
0.10246
0.0887381
4.13899
0.0485052
4.19151
0.0767522
0.375988
0.0163381
0.0207125
0.227694
2.27991
2.9103
0.143803
2.29705
0.0781941
1.15814
0.0259988
0.00111546
0.0444848
1.24955
0.152787
0.213535
0.028641
0.0474762
0.0190041
0.0145783
0.0918956
4.23642
3.2197
3.9139
0.0564985
0.0340793
1.15095
4.17567
0.0840492
1.11362
2.04972
0.199807
3.31154
0.619541
0.712346
0.864044
1.54098
0.0405615
2.43744
1.03755
0.0142513
3.39071
0.052109
0.0258573
2.57229
0.0251267
0.0441635
3.68386
0.933232
0.0257851
0.0639259
2.79789
0.0247157
0.194801
1.60705
0.0407306
1.43352
3.28609
0.0246273
0.114405
0.897875
3.38374
0.0170845
0.0465151
1.4374
3.44957
1.3506
1.28441
0.753763
0.00846005
0.0269776
1.35499
0.103671
0.0543586
0.0321758
0.122238
0.0618975
0.0559331
0.758331
0.0243282
0.88752
0.970321
0.977947
0.0247566
0.0183859
0.692045
1.57814
0.0374575
3.77872
3.37507
1.42668
2.63555
1.48576
2.2669
0.0247018
0.0541751
0.343026
0.050065
0.0899302
0.759111
0.025752
3.49498
3.09646
0.0355295
0.124406
1.13186
1.38331
0.0175445
1.45077
0.0182265
0.0257414
0.0300775
0.195235
0.0281471
0.0718286
1.23951
0.0454057
0.0857158
0.0918924
3.00024
0.0277568
0.0469133
0.50527
0.0408731
0.444523
0.061172
0.00530187
0.743748
0.0257876
1.35904
0.0598488
1.13126
0.0116361
2.90549
1.58862
0.0766447
0.060149
0.00326406
0.78745
2.99047e-05
3.42528
0.0192902
0.305786
0.020764
0.373911
2.63778
0.657228
3.61324
0.00389926
0.0796267
0.0221686
0.0995612
0.0371811
2.8911
3.78884
2.88959
1.6045
0.732844
0.279536
3.46626
0.0258151
0.13888
3.38346
0.726659
1.53556
1.93531
0.0135928
0.515205
0.0608981
0.0595164
0.0804314
0.0710704
0.90516
0.991548
0.0269601
1.6152
1.20529
0.207103
0.109488
0.934148
4.03634
0.440701
0.0966385
0.0213674
0.812405
3.88756
3.19166
1.25986
1.57722
0.0249544
0.0084336
1.56385
0.993292
0.0416018
2.50327
4.12158
0.0997842
0.0582797
0.0464237
0.866812
0.114121
3.76955
0.277671
1.40169
1.18793
1.17098
0.0305693
1.37618
0.0569454
0.0555222
1.29016
0.0906344
0.024504
0.0178954
3.88836
0.172176
0.0648558
0.0443498
1.43584
0.089288
0.669867
3.98923
2.57639
0.745801
0.0240302
3.31211
3.27259
0.0286308
0.0319939
0.0423879
0.0916152
3.04377
1.00835
1.17503
0.132244
0.0106262
0.0707361
0.0638062
3.14973
0.0109277
0.197274
1.39212
0.0174089
0.061457
0.0618288
0.0862202
0.0224957
0.0718057
0.113601
0.043626
3.34016
3.01549
0.107132
0.0685382
0.0123699
0.0260978
0.394684
2.96244
0.0338755
0.0642485
0.07783
0.10083
3.59542
0.0421065
0.0715724
1.04458
0.044292
0.455977
0.0616149
0.134136
1.17758
2.90574
1.00357
0.0432901
0.000127795
0.0430915
1.89475
0.0643988
0.942549
3.8339
2.57328
0.0265368
0.0399654
0.903083
0.0214434
0.528749
0.0579614
0.0153928
0.0455085
1.11953
0.0716874
1.73931
0.0203054
0.979374
1.07718
0.14122
0.767745
0.191395
0.0171033
2.56969
0.0239881
0.0821386
0.0434951
0.826506
3.27652
0.0361512
1.00336
2.31627
3.33473
0.0836132
1.90104
1.38329
0.823229
3.08515
3.67778
0.0580873
0.0611706
1.2055
0.858795
1.1649
0.324897
0.0312045
0.711868
0.0269526
0.0272202
0.563359
3.39213
3.70166
0.0691051
0.117305
1.05861
0.0753241
0.0586458
0.449022
1.08792
0.108903
0.0382841
0.957902
3.14416
0.0267556
0.0254518
0.956186
0.0252273
0.0632512
0.0249277
0.039702
0.0224588
0.977324
1.64531
1.09228
3.84046
0.309355
0.0393001
1.11115
3.78878
0.0583179
1.13426
0.020327
1.2298
0.10749
2.68094
0.0398709
0.0545366
0.00758584
2.99714
1.11587
0.40625
2.97493
0.130489
0.0677284
0.0916592
0.765774
3.95302
0.747749
1.91668
0.397992
0.00795319
0.932412
0.0185984
0.488324
0.0131339
3.01183
0.12785
0.0432127
0.0457242
0.05577
3.79851
0.107271
0.343674
4.26224
0.99645
0.0472995
0.142644
0.157722
4.08534
0.0188699
3.63883
0.0977416
0.0404797
0.0258323
1.24048
0.0427659
0.015439
2.85787
0.00213432
0.152845
0.026687
0.0614695
0.541084
0.0649895
0.0799029
0.0670769
0.350141
2.36956
0.0672541
0.46667
0.0448597
0.953591
1.0895
2.2283e-05
0.0373315
4.13688
4.26605
0.0621221
0.0880768
0.185079
3.26288
1.16426
0.0439944
0.702535
0.0161617
2.52875
1.27338
0.0664095
2.33893
0.0319887
0.117561
0.147804
1.15634
2.93952
0.0257943
0.0826758
0.0657689
0.0628558
0.171869
1.53832
0.0853377
2.54505
3.3864
0.0386768
0.802359
0.717202
0.0944761
0.775413
4.07109
0.0654908
3.43275
0.0207965
1.14906
2.31802
0.394407
3.37491
0.9152
0.0462595
0.0591665
0.631992
0.054655
0.00912763
2.76954
2.52128
0.0118762
0.0210904
0.111453
3.32562
0.0401752
0.0249251
0.0638466
2.13854
0.0114121
0.197156
2.81906
0.694895
2.48135
0.0275678
0.0817526
0.157922
1.01971
0.106773
1.11616
0.0292944
0.103559
0.117208
0.0976151
1.1919
0.0830946
0.955371
0.0584907
1.9725
0.852318
0.019845
0.0251396
0.00428018
0.0170545
0.0627635
2.93618
0.604665
0.033372
0.0283996
0.0641236
0.0259397
1.15033
0.0200696
0.085077
0.031609
3.89777
0.0171694
0.542655
0.167132
0.018151
2.40959
3.98198
3.56028
0.0218043
0.0602381
0.0532182
0.188381
0.0427932
0.0520839
2.04947
0.0337697
0.143168
0.0493283
0.846238
0.0261753
0.283209
0.0131654
2.5696
0.118752
0.0235406
0.030234
1.13315
0.0655968
0.0339317
2.00252
0.0188639
0.0576243
0.0923498
0.0248954
2.76242
0.0279943
1.07916
0.086449
0.0318668
0.152092
2.90507
0.0820245
0.0821573
0.0900478
0.987452
1.17222
0.0324092
0.0696332
0.815625
3.06125
3.18839
0.0615168
0.0333984
0.0565668
0.0465331
0.702631
0.595502
0.0197338
0.0366822
0.0064471
0.0994704
0.0331496
1.11426
0.0894651
0.0891841
0.0267545
1.46931
3.65869
0.0312164
0.254551
3.42727
0.0274881
0.399652
0.0410313
0.0275164
5.15561
0.394205
0.465791
0.0200355
0.0203368
0.0166848
3.44292
0.105274
3.97979
4.23029
1.17137
0.81719
0.0356034
0.0514113
0.0251916
0.67583
0.0741819
0.0286152
0.129271
0.0948423
3.04011
0.299322
3.73586
3.06422
0.164157
0.0682621
0.133742
0.0172086
0.0603783
0.0351103
0.925018
0.307092
0.0269301
0.0937057
0.756832
0.560865
0.0435
0.0592704
0.105197
0.0631262
0.0399396
0.0296167
2.41509
0.0250606
2.99249
0.0651026
0.0227046
0.032877
0.148288
0.144818
3.36855
0.0477238
2.44583
3.97468
0.15633
1.0443
0.0448133
0.0628704
0.128521
0.151984
0.0249828
2.1111
0.46201
0.0257198
0.0948346
0.123777
0.272195
0.188348
0.909322
0.0747804
0.0842435
0.0650118
2.81691
0.0429597
0.0250863
2.75158
1.3213
0.166519
0.0217889
1.38683
0.0508205
0.731403
0.657322
0.092963
0.159876
0.0365892
0.0186775
0.0448712
0.0250789
0.435858
0.0293618
0.0360414
0.689236
1.14834
0.485706
0.118797
0.733442
0.808361
1.53717
2.3418
0.858459
1.94773
0.360681
0.475421
0.0583198
0.110148
0.060497
0.0776105
1.01123
0.0852083
0.114059
1.06737
0.0259205
2.75155
0.675445
0.814314
0.112014
0.472114
0.166177
0.0194645
0.462875
0.588761
1.12734
0.753559
1.0852
1.47402
1.22783
0.16913
0.708185
0.0836594
0.0389094
0.0344758
1.31943
0.0647909
0.755869
0.823681
0.182372
0.0503095
0.0584602
0.00331271
0.0615893
0.465983
1.27244
3.92116
0.025458
1.46197
0.0732098
0.0347817
0.0153125
0.0606666
0.0704742
3.96183
1.51542
0.985004
0.157699
1.33827
0.602133
0.253396
0.0382368
0.148716
1.02337
0.0251202
2.19578
0.019362
0.776761
0.0129464
0.55409
0.0523631
0.634396
0.0165632
0.0585556
0.184257
0.0270296
0.1384
0.0342434
0.0228985
0.00563414
0.0585832
0.0373816
1.55416
0.0334766
0.071677
0.578339
0.029366
0.025413
0.0847628
0.973063
0.150221
0.060727
1.03812
0.0763053
0.0793058
0.0425844
0.0199258
3.00198
0.167473
0.0346746
0.0576535
0.027086
0.497184
0.00845145
0.00843052
0.754308
0.0403904
0.0291861
0.24036
0.11844
0.201909
0.0202986
0.150809
0.0861856
0.0244503
1.1268
3.288
0.512232
0.0551689
1.76052
0.661033
2.40227
0.0141
0.0246709
1.12034
0.0117723
0.12635
1.00195
0.146597
2.60146
0.0566836
0.423445
1.17636
0.94858
0.492451
0.0270842
0.0497516
0.0525266
0.167901
0.953466
0.0673016
0.000893816
0.876378
0.0698275
0.117156
0.0154346
0.0249873
4.96695
0.711308
0.0600849
0.059075
0.160863
0.0867564
0.209887
1.17049
3.98709
0.167674
3.40429
0.0632895
0.0053869
0.0848331
0.060516
0.502623
0.00334042
0.0851355
0.882011
0.0300139
0.117868
0.0655435
0.0425861
0.711676
0.0411464
2.612
1.33352
0.019788
0.0267933
0.0618944
0.00358444
0.0420878
0.0609422
1.7372
0.165858
5.54947
1.59604
0.0382291
0.222452
0.0742257
2.05282
1.27435
0.111658
0.165023
0.0999153
2.58034
0.0779401
0.754935
1.5596
0.0670174
0.0719857
2.95551
0.0598806
2.52542
0.0306857
1.15301
1.08937
0.0194408
0.0185061
0.759995
0.0492232
2.88926
0.0550719
0.501685
0.0179685
0.0765146
0.0724967
1.58941
0.156331
0.0432941
0.0624889
0.0671533
2.70235
0.158246
0.042084
0.063679
3.93646
0.0640562
0.0189374
1.17801
0.495331
0.0609991
0.0723379
0.733699
0.079453
0.0648097
0.040557
0.0237174
0.975032
0.415482
0.00550597
2.2413
4.58924
0.102279
0.10094
0.0386458
0.0552789
1.15865
2.4355
0.025177
0.0254012
1.16093
1.37567
0.399323
0.13105
0.65792
2.30792
0.0222093
1.18938
0.162273
1.40245
0.0495641
0.589098
0.503083
3.94079
0.0397744
0.0843804
1.13177
0.0880897
0.100123
0.0515373
0.826684
0.8913
0.013904
0.0389982
0.0699802
0.495163
2.16386
0.19452
0.026749
0.241859
0.0231734
1.47796
0.0862183
1.11976
0.133566
3.10671
2.8244
1.36633
0.0580858
0.0989127
2.6561
0.310436
0.527978
0.0588779
2.78623
2.42125
1.04986
0.132468
0.0135086
2.76593
0.376024
0.0615814
0.538375
4.16577
0.0499233
0.517804
0.083685
0.0223322
0.0247714
0.0165126
0.989705
0.0499145
0.0635819
0.58154
5.24188
2.11002
0.0806935
0.989436
0.0833142
0.110729
0.0988651
0.482121
1.17315
0.0268076
0.055036
1.14929
0.644357
0.39135
2.35169
3.95253
0.0268432
0.025043
0.0434723
0.0358809
0.07048
0.0579214
0.0654569
4.12522
4.10845
0.0258847
0.882644
1.1817
0.138143
0.527826
0.819199
3.4374
0.10793
0.0151715
0.47842
0.0615683
3.44088
0.0734363
0.186419
0.0587551
0.0783354
0.025557
2.45912
0.0477169
0.13095
1.14599
0.0574175
0.0615218
0.0366331
0.00164273
0.0621446
0.836849
2.60494
0.121638
1.42731
0.117879
0.0550739
0.0171577
0.0957038
1.31878
0.0647752
0.0796456
0.143046
0.0586319
0.0416222
1.18334
0.0262899
0.536153
2.39493
0.0249926
0.0649033
0.046785
1.16421
0.0781138
2.09836
0.00234676
2.35615
2.09482
0.217935
0.103256
0.011294
0.043153
0.0949437
2.80388
0.0610079
2.72318
0.0345759
0.0617897
0.120437
2.2415
0.157575
0.0732478
3.72932
5.09112
0.0255008
0.00197479
0.133569
1.0409
0.0580149
2.9954
1.19987
0.065443
0.916598
0.918901
3.36294
0.0550238
2.97082
0.0499853
0.0294462
0.0242205
0.189376
0.167997
0.811797
2.61753
0.0235047
0.0398532
0.698717
1.42257
0.229749
0.0886856
0.00192534
0.0124517
4.10029
0.529462
0.440141
1.40878
0.681568
0.0628443
0.0596192
0.0344455
0.0263878
0.39679
2.90789
0.487011
0.0709479
0.0931184
0.657424
0.0229055
0.915771
0.017308
0.325066
3.64035
0.0189103
0.0390727
0.0592479
0.0405843
0.041145
0.0783868
0.100911
0.0123127
0.0521336
0.025135
0.326111
0.0907144
0.112387
0.0247491
0.229551
0.891844
0.0362967
0.0826811
0.114519
0.988159
2.85353
2.62634
0.0580769
0.283293
4.27319
0.0416849
0.030652
2.83189
0.0637842
0.870626
0.591161
0.887549
0.0664919
0.0602386
0.0387467
2.70435
0.933188
0.0787268
0.0326988
0.880456
0.567228
3.94033
0.0342042
0.0263758
3.72007
0.906657
0.885478
0.0822692
0.0651034
0.0379553
0.0174978
0.107389
2.92427
0.108022
0.844349
0.864125
0.115535
0.223648
0.103288
0.0629899
0.0951794
0.0890712
0.447702
0.0200013
3.77664
3.42428
0.0714094
0.21123
2.22163
0.412501
2.79637
0.101493
0.86012
0.0230367
0.0419284
0.0457724
3.19267
0.0718453
0.925008
0.797963
0.0928058
0.174322
0.0271101
0.456032
0.792474
0.000521888
1.56519
0.0590342
0.0581292
3.8009
0.0420023
0.0465417
3.7698
0.0218098
0.820978
1.44928
1.76809
0.0170918
0.0790295
0.00840399
0.0318213
0.0671427
0.0254363
2.94131
4.03726
0.077995
0.0575287
0.0917176
0.0731382
0.0268762
2.97746
0.0448002
0.0221557
0.00799298
0.726527
0.496569
0.0316901
0.167497
1.02377
0.0200489
0.976871
0.0379983
0.0878743
0.0594268
0.858842
0.0193281
0.14371
0.0994146
0.321107
4.88554e-06
2.54337
0.0312312
0.735943
2.92455
0.10224
1.54373
0.416793
0.406861
0.0577375
0.0591147
0.0844849
0.032648
0.115599
0.959676
0.0261245
0.0808748
0.417292
0.0521566
0.160003
0.0542299
3.01429
2.60571
0.569319
1.18001
0.0430595
0.0841095
0.0466013
0.121705
3.75579
0.798648
0.0410823
5.1232
2.77034
0.0575539
0.0594559
0.731451
1.26886
0.117375
0.409032
2.91407
0.0328969
0.330167
2.74213
0.0493933
0.744044
0.119275
0.0488154
0.116906
0.0265748
0.0546812
0.0934331
0.0398024
0.0633659
0.202743
0.105916
0.965096
0.105992
0.0661548
2.78897
0.0340765
0.0251383
0.0867691
0.723177
0.927981
0.11317
0.0895851
1.16516
0.0661765
1.90052
0.03982
0.225211
0.0629734
0.0252225
0.0688817
0.307184
0.0599242
0.0427314
0.0254411
1.47528
1.21018
0.438789
0.000866123
0.295698
2.92578
2.47486
0.107651
0.538805
0.238192
0.587628
0.612899
0.358878
0.151997
0.0557041
0.0518099
0.0707927
0.82708
0.0369797
0.158127
0.0373565
0.717207
0.0881971
0.0271568
0.436787
0.0661677
0.944161
0.0326073
0.0921845
0.999801
0.468393
2.85004
0.0195062
0.671474
0.0449608
2.52636
2.18013
0.423359
0.238093
0.823883
0.84128
0.0489054
0.0856321
1.17742
0.0605559
0.0781396
0.258736
0.940417
0.294199
0.29841
2.94107
0.964082
0.0411593
1.18957
0.30811
0.103692
0.0820605
3.23168
0.0596376
0.0898713
0.0941358
0.0541774
0.0368018
1.18211
0.0788249
3.93563
0.936804
0.0404972
1.02403
0.081439
1.04068
0.686299
0.0464869
0.257156
0.0589226
0.0401092
1.15592
0.0588384
0.032254
0.038156
0.634733
0.0492613
0.414926
0.0461115
0.148395
1.42379
0.0520686
0.0260184
0.414594
0.412631
2.14647
3.55236
2.79504
2.80131
0.249648
0.0877727
0.055317
0.0336929
0.960138
0.050698
0.0293816
0.0349189
0.0302771
1.2714
0.0274881
3.02143
0.925284
0.136986
0.396513
0.108475
0.110074
1.09105
0.395644
2.8998
0.0739716
0.0721856
0.476536
0.0603005
2.86942
1.23332
0.185022
2.6642
2.08183
0.0216746
0.161698
4.06525
2.65975
0.0580764
0.424093
0.0248753
0.560811
0.0299319
0.0817039
0.249393
0.0362731
0.586552
2.07798
0.0244822
2.0404
0.570172
0.0589097
0.0595756
0.0635797
0.0242675
3.19444e-07
3.31165
0.385966
0.00719975
2.33344
0.432073
2.13222
0.051634
1.21751
0.374152
0.0553853
3.68959
0.0398202
0.146397
2.01215
0.519848
3.13098
0.0472668
4.5217
0.0328195
0.000196332
0.0337672
0.0716827
0.170739
0.124378
0.142173
0.075248
0.0505097
0.0153831
0.0282961
0.432794
0.0271257
0.454131
0.0379145
0.0409698
0.0618525
0.0306055
3.15626
0.637925
0.656248
3.3087
4.32347
1.15191
0.0296569
0.350881
0.0960884
0.0983354
0.56348
0.144778
0.151357
1.64337
0.899179
0.0309025
0.0711646
0.227594
0.0248139
0.0623027
1.45573
3.83238
1.11314
3.83699
0.0453476
0.896231
0.0617756
1.288
0.564769
0.0248007
1.2399
0.049157
2.07239
0.00724169
0.0248178
0.0232581
0.00701185
0.720838
2.38419
1.84285
0.0895782
0.0814519
0.0250497
0.0302354
0.0275328
0.026773
0.0445799
1.79698
0.0438334
0.0250964
0.0639485
1.85602
0.0861401
0.0845442
0.000148525
3.75828
0.0120809
0.887058
3.93198
0.820676
0.0594694
0.793383
0.0641475
0.163162
1.07282
0.086979
0.334316
2.9067
0.0846891
0.781139
0.0513534
0.10606
0.0247008
0.577147
0.0650856
0.0250751
0.0245405
0.783882
0.150645
0.297381
0.0610357
0.331831
0.0627116
0.107459
0.97424
6.74711e-05
0.0449447
0.0278108
3.44586
4.79862
0.0248495
0.540076
0.0534267
2.3208
0.0247847
0.615295
0.0145552
0.0248697
0.0809038
0.118734
0.0333477
0.737532
0.015469
0.0683836
0.0583686
0.0482655
1.48366
0.294794
0.0893768
0.54746
0.154659
0.0473469
0.150874
0.44383
0.0250516
3.9867
0.0247231
0.0677833
0.0201548
0.0621318
0.748106
0.0339323
1.34624
0.0683822
0.441302
0.256722
0.0581551
0.339455
0.00110188
0.0252448
0.00601814
0.0394395
0.10571
1.0894
0.0468064
0.0070455
0.722724
0.0228242
0.0543333
0.153791
1.5393
0.075445
0.0930998
0.624979
0.163993
2.20416
0.0196857
0.0758108
0.0377554
0.596495
0.0721248
1.39674
0.143495
0.091114
0.0936412
0.0308293
1.91715
0.0802883
0.0283226
0.137854
0.0254575
0.0975447
0.0437599
0.0254462
0.0676978
0.93458
0.0407387
0.0419986
3.41257
0.0373773
3.15014
0.0129245
0.894371
0.152558
0.0643226
0.0256097
3.0133
2.72849
0.219685
0.164068
1.14754
1.04588
4.47239
0.0266557
0.356605
0.196918
1.02612
0.464297
0.0732001
0.0587346
0.0757852
0.0805615
0.825873
0.021436
0.0669267
0.0409433
0.0877336
0.0792147
0.00385272
0.224224
2.88859
0.0417315
0.0252035
0.467185
0.410754
0.0647847
0.165575
3.00731
0.146295
1.07108
0.0679149
0.108781
0.128537
0.309421
1.3596
0.321787
0.314068
0.0853057
0.0487285
0.791238
0.0728544
0.19066
2.43526
0.0701057
1.97472
0.0209664
0.0111283
0.0964427
0.0204916
3.71939
1.60043
0.0112929
0.889148
0.162735
0.0607698
1.16623
0.0576825
0.000153501
3.89094
3.2203
2.18599
3.6821
0.287952
0.0685211
0.0770991
0.028674
0.0131729
0.288088
0.0565709
0.261028
0.416863
1.94511
0.123491
1.65541
0.0425464
0.464942
2.69704
0.0976899
0.0524505
0.900113
1.26681
2.03571
0.0672779
0.485963
0.15665
0.0257773
3.18338
3.03986
0.0386389
0.0151636
0.12634
0.0568735
0.285493
0.0170714
0.0292546
0.0733971
0.05438
0.0503327
0.0620466
0.0416194
0.0309755
3.61471
0.161452
1.11026
0.0890988
0.0202145
0.109357
0.0851613
0.0445013
0.0945067
0.453883
0.0335895
0.0157276
1.12996
0.0886539
0.0114876
0.118631
0.388083
0.13425
2.08567
0.27064
0.0934609
0.248292
0.0894009
3.04837
3.41763
0.783065
0.0626536
0.212249
0.0676644
0.360956
0.369954
0.0333962
0.508311
0.0822919
0.0115854
1.99467
0.449284
0.0963675
0.141525
0.0938598
4.25207
0.468445
1.2429
3.20886
0.051427
0.87433
0.0252946
0.0617304
0.335769
0.0274005
0.11372
0.0248064
0.0420366
0.0505386
0.0531124
3.34776
0.345394
0.100639
0.0407592
0.0608461
0.121866
0.0787629
0.0898178
0.0313162
0.116739
0.34504
1.06812
0.112105
0.0355777
0.0194326
0.0430351
3.12635
1.58043
0.00728061
3.09294
0.0355078
0.0252945
0.0631623
0.319157
0.0584244
2.92952
0.654885
0.109648
3.01244
0.0688955
0.12014
2.97736
0.959129
0.520183
4.25381
0.0589828
0.0669859
0.533258
3.71655
0.897828
0.328081
3.30717
0.888922
0.129059
0.0943517
0.0538156
0.0321974
4.39271
0.660465
2.39101
0.0620608
2.30992
0.114531
1.09036
0.0607611
0.0249296
0.0830055
3.5908
0.0412645
0.154701
0.156413
3.60744
0.702335
0.0181209
0.103546
0.0515698
0.0714629
0.93306
0.89878
3.34681
0.904043
0.119988
0.0314007
0.405795
3.71053
2.28271
0.822823
1.06979
1.02089
0.545495
3.79873
0.0691774
3.6539
0.0838023
1.25568
0.0441582
0.0586385
0.0390512
0.357369
0.924991
0.0252903
0.0296813
0.00956583
2.28235
0.216299
2.03572
3.16001
0.0376712
1.37691
0.0542464
0.422756
0.0761344
3.95746
4.20543
0.0339252
3.07375
0.972723
1.25038
0.0660636
0.886472
0.0874191
2.57507
2.41825
0.00536849
0.623534
0.0447389
0.0814534
0.062468
3.03473
0.86083
0.498303
0.0871472
0.0421396
0.116326
0.069787
0.00123222
0.0326102
0.0737479
0.316386
0.05801
0.172811
0.0520687
0.0644764
0.0485326
0.150575
0.159542
2.36639
3.36442
0.0938632
1.95171
0.455612
2.57077
0.128369
0.0977577
0.667348
0.121785
0.0307014
0.0523517
0.0877145
3.46252
2.02444
1.58685
0.0631525
0.0719627
2.45023
0.0719433
3.04333
0.153748
0.0764193
1.07979
0.0882506
0.664656
0.0581993
0.0513476
1.21543
0.0107384
0.156021
0.361651
0.0260976
0.0720279
0.00186951
0.0364934
0.669637
0.0681407
0.254156
0.0819558
0.0385492
1.59932
0.111
0.0957235
3.00402
0.0179388
1.87218
1.25057
0.0576212
0.0307524
5.17128
0.062306
0.118034
1.08462
0.138308
0.0430059
0.0465717
0.0731937
0.746031
1.55921
0.0579339
4.21816
2.02401
0.0450848
0.020843
0.0213162
3.2789
0.068031
0.13748
0.538139
3.95837
2.83598
0.0294613
1.17461
0.0706365
0.859303
0.0410414
2.50709
0.585443
0.324428
0.0375573
0.152627
0.404938
0.0192908
2.31065
0.0900742
0.047308
0.0910546
0.131285
0.142829
0.71323
0.02974
0.0927556
3.53876
0.0465406
0.482435
0.990703
0.0316406
0.910297
0.926675
0.0797037
1.07396
0.153279
0.0572682
0.294785
0.0640034
0.183087
3.23444
1.33513
0.0404462
0.0926126
2.44857
0.0630381
0.766928
0.0450001
3.10245
0.904262
0.507969
0.0619049
0.370444
1.0345
3.76579
1.48534
1.92208
0.462085
1.9062
0.333566
0.0625748
1.8157
0.0584993
4.69114
0.0229218
0.0267655
0.156689
0.0977152
0.0594127
1.05147
0.0708389
3.2322
0.0581177
0.0318595
0.0578642
0.0984898
0.0318197
2.29157
0.102774
3.1
0.101894
1.34596
0.0356577
0.0448453
0.684067
0.896625
0.0915233
0.00316957
0.0285052
2.53841
0.142522
0.590883
0.0137958
0.100617
0.0550068
1.10228
1.18363
0.986481
1.34089
0.0227949
0.52479
1.01977
0.0404801
0.00115554
0.705965
1.70154
0.0616781
0.650499
1.03959
0.0771874
0.55811
0.0410363
0.031248
0.179091
0.748956
0.085858
0.0402416
0.0232483
0.149483
0.773095
0.03053
1.27729
0.561691
0.0883355
0.114588
0.480725
1.4701
0.0912686
0.0248477
0.415904
0.0872138
3.71826
0.0700869
0.103189
2.24032
0.0553425
0.0408199
0.888132
0.0607913
0.0400616
0.0705557
0.0832486
3.25641
0.475113
0.0220588
0.105565
0.0952238
0.0855809
0.0844019
3.45421
0.0425357
0.0598374
0.0879793
0.00693969
0.374276
3.73932
0.0194355
0.784986
3.93556
0.0886952
0.133941
0.0855713
0.0526377
0.101973
1.42841
3.10086
0.768346
1.24801
0.0793539
3.05831
4.21663
0.105411
1.22235
1.14416
1.22495
0.676506
2.63703
0.139017
0.610062
0.0248798
1.37862
0.0372738
0.0258589
0.0634117
0.0270242
1.56857
0.470174
0.765859
0.49156
0.34805
0.304677
0.234899
0.023407
0.0452204
2.45993
1.05484
3.03114
0.0606044
0.0611053
0.000348909
2.67657
0.528956
0.527353
0.0993754
3.97957
1.10955
2.24799
0.0665332
0.0941818
0.986732
0.0736883
0.148099
0.0494482
0.0687523
0.0795371
3.22026
1.77913
0.222009
0.147342
1.32276
0.151992
0.993308
0.0925695
0.0587006
0.00867479
0.0568396
0.0399444
0.0319947
0.0252274
0.982557
0.0841697
0.153287
0.405956
0.0458772
0.886369
0.0535715
0.148684
0.227665
0.560978
0.76487
0.0310798
2.35405
0.0830577
0.0578645
0.0264346
0.0565567
3.14008
0.834703
0.0582863
0.818568
0.0908393
3.37034
0.413791
1.07907
0.0695336
1.87439
3.6431
0.091118
0.329033
4.04742
0.557947
0.0398931
0.176296
0.0211438
0.0929589
0.0393217
0.432674
0.0642365
0.591668
1.65239
0.0317592
0.0685244
0.0798105
0.119176
0.0296217
0.0763235
0.285139
2.3249
0.0779382
0.33086
0.0611396
0.0285146
0.199144
1.56426
0.0271904
1.28482
0.161968
0.10436
2.30519
0.0720656
2.60427
0.0269241
1.07428
0.624565
0.0360718
0.0586871
0.0914831
0.0591728
0.0101364
0.583475
0.0570265
2.85955
0.0263849
0.0796148
0.862864
1.59788
0.153028
0.0685469
0.161508
0.488255
1.89361
0.596606
0.0372499
0.949569
0.0945887
0.0528852
0.0938319
0.423306
0.641066
0.0213619
0.0632015
1.00301
0.0912884
0.0540842
2.76659
0.118804
1.06872
3.11168
0.0892779
0.088938
0.418588
2.20672
0.0121923
0.340165
0.0676221
0.0357577
0.601131
0.135023
0.454111
0.0644486
0.0641558
0.0756949
0.180146
0.0546645
0.0279429
0.0580254
0.0305548
0.873435
2.36897
0.0470769
0.694204
2.22138
0.0523079
1.37158
0.139807
0.101147
1.66031
2.92458
1.26046
2.46414
0.0254948
0.000644117
0.00636784
0.146535
0.0875009
0.0587535
0.529503
0.0593439
0.0528597
0.481505
0.0696612
0.0321693
0.17766
0.0591704
1.01529
0.96254
0.0632113
1.02769
0.568857
0.55012
0.0558933
0.0363675
0.481924
1.77467
0.0634286
0.129673
0.647206
0.0363282
0.0802256
0.235144
0.054573
0.0860447
0.422866
1.01872
0.0586715
0.0969926
0.0692572
2.88799
0.237639
0.0626026
0.0971572
0.748249
0.0311534
0.0196623
0.0370268
0.513217
3.14078
3.43665
0.179826
1.45653
3.62466
0.0610762
2.25774
0.058095
0.0577038
1.48949
1.01702
0.0320438
0.0171106
1.74064
0.489295
0.041683
2.66531
0.403369
0.0688984
0.00475623
0.512124
0.139535
1.83333
1.07679
0.93758
0.0482532
0.655251
0.117994
0.498407
1.71091
0.207536
0.0547506
0.0779863
0.0836486
0.152435
0.0528272
1.60301
0.699012
2.71488
0.411401
0.25822
2.89869
0.414032
0.56061
0.0600195
0.437099
0.853189
3.17595
0.0430798
0.432845
0.548473
0.0260984
2.16093
0.429026
0.0443099
0.0584291
0.86819
2.25808
0.142403
2.24355
0.0417006
3.27088
0.0893417
1.50916
0.98175
0.708019
0.537791
3.41777
0.567997
3.47687
1.59212
0.434911
0.00516784
1.68737
0.508037
1.36928
0.00600265
0.0335441
0.173253
0.0411205
0.0380617
4.14984
0.0770084
0.026542
2.11135
0.0353599
3.90132
2.06798
2.3978
0.0293784
2.42763
0.70815
0.0979956
1.66635
0.518469
0.0636453
0.409242
0.0730533
2.40362
0.39176
0.0580342
0.0529679
0.0215895
1.73008
2.60507
0.0662137
0.792762
0.0591437
0.601104
0.442611
0.00569823
0.108143
0.0760055
1.04221
0.0658048
0.0769972
0.1095
0.747868
0.74622
0.037536
0.0564666
0.00767517
0.0848912
0.084152
0.0412996
0.0771451
0.0791514
0.13976
0.0328581
1.05922
0.0668521
0.568667
1.0812
0.0512165
0.033432
1.17112
2.32145
0.0711174
0.0644593
0.00029194
0.0989085
1.10651
1.2141
4.07277
0.390854
0.507182
1.34467
0.0171713
2.78123
0.03365
0.0831337
1.25031
0.114067
1.53566
0.059784
0.109432
0.0605372
1.5907
2.26859
0.0110752
0.0848208
0.0767663
0.0910095
1.09669
0.0300595
2.34182
2.27634
2.47962
0.0685588
0.0577663
0.558461
0.132458
0.427497
2.24204
0.53488
1.87674
0.0391261
0.934372
0.00712836
1.65041
3.3515
1.05254
0.776045
0.886373
0.0928849
0.0569459
0.799244
0.0215808
1.04143
0.0937287
2.02611
0.290242
0.0493685
1.82903
2.71457
4.07393
0.0378617
0.822675
1.47611
0.0965556
4.24148
1.99875
0.0600405
0.237706
0.40732
0.473603
0.232382
3.23186
1.51
1.22404
3.67103
0.221974
0.334346
2.14496
0.102347
0.582961
0.142217
0.0292571
1.74656
3.20075
0.0850918
0.0584082
3.07709
0.849452
0.0833257
0.0753633
0.536702
1.03313
0.0305654
0.060066
2.27952
0.0399484
0.117076
0.112635
0.12105
0.0627685
0.119608
0.0823465
0.0993893
2.32642
3.43202e-05
0.0405474
0.0245777
1.55242
3.0553
0.19498
4.01842
1.19413
0.0571521
0.0574214
0.0534736
0.0192961
0.955656
2.02212
1.05719
0.0802634
0.0868083
0.0474828
0.0570538
0.939594
0.0114256
0.0599496
0.585992
3.22531
0.0139149
3.76054
2.1586
0.772448
0.0633213
2.62024
0.0759342
0.253736
3.04378
0.654595
0.0679002
0.0157672
0.0493574
0.42021
0.156117
0.0954419
2.69849
0.0652371
0.100366
0.0890787
0.706671
3.94207
0.117856
0.740173
1.0404
0.404253
0.400366
0.0481068
1.1989
0.0584362
0.105776
0.0107686
0.584999
0.0421453
0.0357611
0.613383
1.65194
3.07934
0.0823861
0.537201
0.447167
0.0845253
0.0913297
0.11389
0.0388607
3.90649
0.0662861
0.107991
0.0689307
1.35884
0.0643143
0.0103182
0.0766454
0.973519
0.0984086
0.140808
0.0546309
0.00184054
0.0645176
0.00422144
0.00484798
1.03707
1.27026
0.107935
3.15792
0.0310448
0.270405
0.019827
0.714792
1.09265
0.395869
0.885645
0.00112993
0.846112
1.0967
0.0264434
0.1308
3.22337
4.02967
3.18806
3.97682
0.0553073
0.917515
0.965585
0.132764
2.22982
0.0917057
0.0549147
0.623544
1.63879
0.0838784
0.619697
0.077947
1.0036
0.0161973
0.107795
3.12477
0.505621
0.0200185
0.60043
3.16079
0.682129
2.53168
2.09173e-06
0.0744564
2.80119
0.038748
0.133775
0.145823
0.969904
0.152423
0.101242
3.52111
0.0955688
0.0261244
0.323637
0.0738793
0.899757
0.00889966
0.75393
0.0557457
0.296011
0.0316605
0.0350431
0.0868864
0.146512
0.0392446
0.00830016
1.8115
2.81353
0.0757243
0.00990881
0.440305
0.541294
0.151689
0.0841634
0.0772616
1.15895
0.0270736
0.270431
0.0937416
3.87516
0.924118
0.435168
0.0194121
0.0249205
1.00216
0.0807472
0.0405281
1.19609
0.54435
1.55101
0.109638
0.0566911
0.624983
0.138756
0.950125
0.00301638
0.0959246
0.784611
3.33935
3.25738
0.0803521
0.103104
0.047751
0.0622204
0.0852128
3.25798
0.597408
2.71287
3.75299
0.616216
0.098057
3.11988
0.142071
0.142967
0.415162
0.0586432
0.019085
0.313233
0.111279
5.55433
0.0354855
0.0582171
3.85704
0.143487
0.0600763
0.0773804
0.0820471
0.563778
0.0256782
1.80265
0.0228822
1.55471
0.0695878
0.0458761
0.0704066
1.8857
1.64307
0.0193312
1.5988
3.19111
0.0927702
0.453036
1.97787
0.542921
0.467851
2.98529
0.022776
0.775414
1.72004
1.20008
0.134238
1.87579
0.00911233
0.309741
0.0294531
1.96537
0.0340102
0.130118
1.21596
0.0511924
0.0583141
0.0731484
0.00852052
0.134966
0.0229406
0.0610381
0.392219
0.0331571
0.637868
0.12903
0.0723883
0.00282396
0.912223
1.61177
0.0787267
3.91298
0.0363744
3.04933
0.137388
0.0807624
2.3976
0.0829906
0.0637358
0.396194
0.0309105
0.0590955
0.0314771
0.0474528
0.0283505
0.396302
0.554691
0.000627921
1.95379
0.369768
0.641872
0.0896917
0.0196961
1.83878
1.39684
0.0552333
0.118644
0.38677
1.53263
0.0393958
2.43751
0.0431117
0.46607
1.62578
0.0734445
1.83465
0.0254861
0.590847
0.0561242
0.0661167
0.0589442
0.0534783
0.0982497
0.0798974
1.52345
0.211937
3.50671
0.0830223
0.0463348
2.34349
0.0579623
0.00124597
0.13511
0.0407956
0.13683
0.00188924
0.923914
0.965579
2.90103
0.0839619
0.536342
0.402629
0.0314494
0.061751
0.0792337
2.03183
0.472482
0.154728
0.071201
0.732554
0.0937815
3.86384
0.632307
0.0732215
0.0750699
0.132293
3.26878
2.42833
0.855997
0.0595102
0.394016
0.0596056
4.04474
0.76685
0.0688903
0.0584259
0.571096
0.697993
2.51497
0.700429
0.0798826
0.632826
0.882755
1.59696
0.960465
0.0627064
1.93583
0.459984
0.0724479
3.05361
0.0572771
0.054654
0.0551879
0.0406326
0.142587
0.0406764
3.20061
3.24771
0.0305089
2.91457
0.153459
0.0387661
0.027655
0.154292
0.0905132
0.0657322
0.0991405
0.0606283
0.0859009
0.0819238
0.0604379
0.0576735
0.0337954
1.2239
0.566313
0.0564342
0.036027
0.936851
0.0406077
3.13228
4.82977
0.0787015
0.111209
2.76787
1.46213
0.030103
2.23676
2.38061
2.86373
0.0607485
0.113874
0.0822613
0.741681
0.0765442
0.0434959
4.16783
1.89385
3.19893
0.568649
0.0623526
0.00347975
0.0289337
0.451173
1.15114
0.619081
0.022571
0.456487
0.0367499
0.217238
3.40152
0.632611
3.55336
0.0151583
1.84143
3.11092
0.973886
0.985084
0.0813017
0.113761
0.098847
0.422562
0.0269248
0.0365451
1.13278
0.484605
0.944916
0.0880902
0.0258511
2.44266
0.289521
1.05969
0.447908
0.0874031
0.106715
0.0841612
1.5361
0.0592651
0.0371538
0.1393
0.0618647
0.0418123
0.100262
0.0227291
0.0895992
0.0565744
0.0620534
0.0630702
2.26102
0.0552831
0.0693745
0.125684
1.17605
0.0613848
0.0407409
0.0986146
0.0859761
0.30374
0.068027
1.02837
2.72235
2.29844
0.137943
0.00556264
0.0420103
0.354208
0.19131
3.26194
4.12325
0.0300868
0.92989
0.00106148
0.0385926
0.0128633
2.92381
2.82286
0.0611741
0.0961997
0.0667086
0.0390023
4.92701e-05
1.95315
0.201876
0.569365
0.0999109
1.60555
0.0232523
0.0222254
2.41993
0.398933
0.0193887
0.935142
2.3413
0.125444
0.109466
0.0624352
0.910243
0.0592794
1.77104
0.0225077
0.629572
1.67863
0.101547
2.68459
2.36269
1.14348
1.96366
1.16661
0.106646
2.09279
0.0614037
0.0634148
0.425587
1.63319
0.557114
0.0585746
0.0582098
1.62116
0.585877
1.00502
0.0561576
1.50117
0.723262
0.0650957
1.4437
0.0812874
0.479496
1.79533
0.495224
0.0628746
2.0875
0.508971
3.25074
0.0420958
0.0214031
0.0961055
0.0427866
1.06471
0.0554251
0.909064
0.115481
0.492781
0.0530303
0.089701
1.19755
0.368287
1.81634
0.0947793
5.34633
0.0312041
0.0387654
0.0839358
0.0615223
0.0458221
1.48115
3.17934
0.0591041
0.952045
0.0708171
0.000420757
0.0508214
0.0682322
1.79594
0.629045
0.132464
0.0915337
0.143232
0.0897976
3.59574
0.491506
0.112596
0.0251417
0.598315
2.90665
0.0894366
0.0591824
1.67571
1.28506
0.15346
0.0384224
1.01052
0.043948
0.0885416
0.0988897
0.0578467
0.306647
0.732695
0.785418
0.528029
0.922211
0.0922441
1.76239
0.486099
0.027639
0.0769673
0.620132
4.7452
1.66093
0.734509
1.458
0.0854011
0.0946897
0.366743
0.101329
0.00107345
0.0382016
1.72893
0.494308
1.28694
0.137343
0.524194
0.0585169
0.373852
0.0654766
1.77128
0.0718551
0.504007
1.70274
1.61969
0.602223
0.038357
2.83145
0.0244329
0.0594071
0.0489552
0.666207
2.9581
1.16071
0.0514967
3.08606
1.67978
0.514039
0.0597578
0.90613
0.291095
0.637045
0.0922262
0.0283451
3.83955
1.61575
0.631745
0.0864851
0.0577197
0.237729
2.8415
0.0553261
0.0627273
0.0933342
0.123973
2.9582
0.56854
0.0920075
0.057876
0.0381195
0.145547
1.91775
0.136627
0.0577688
0.145344
0.0289017
1.67038
0.652123
0.0424806
0.508277
1.98756
2.2927
0.542684
1.65232
2.40643
3.76886
0.0521716
0.0594232
0.0813585
0.0335648
0.53673
2.77352
0.0667133
0.118714
3.05122
0.773172
0.0953534
0.954799
1.00021
0.0533601
4.20513
0.0894622
0.0644986
0.0310953
1.7425
0.323424
0.426105
0.0593836
0.0658499
0.15145
0.124955
0.0910165
0.356974
2.68045
2.0559
0.400445
0.503857
0.0600496
0.041168
0.0380423
0.531642
0.251958
0.140707
3.76193
0.0425569
0.233828
0.0592035
0.059326
0.0627862
0.057806
3.86074
0.455209
0.0928666
1.8591
0.056536
0.688103
1.72149
0.0081814
0.00551424
3.45618
0.0271998
0.0320842
0.0883657
0.138842
0.0881451
0.0265014
2.27516
0.309516
0.0682335
0.0672935
0.0577512
0.725334
1.68769
0.234105
0.0283587
0.0303623
0.0323018
0.0839716
0.059366
0.0899215
1.64282
0.551021
4.14586
0.95862
0.0612575
1.6267
1.63271
1.74419
0.579559
0.565092
0.514978
0.0592175
0.089156
0.748205
0.0595074
0.314714
0.0589317
0.0884217
0.122768
0.678329
1.68938
0.266972
1.62351
0.595228
0.0879807
0.351148
0.09272
0.0602355
0.27778
0.34131
0.56231
0.724605
0.0592071
1.61739
0.688459
1.62928
1.65402
0.457995
1.62425
1.62234
1.61843
1.62662
0.621457
0.642313
0.666413
0.652909
0.677942
0.58857
0.38154
1.67428
)
;

boundaryField
{
    back
    {
        type            empty;
    }
    front
    {
        type            empty;
    }
    outlet
    {
        type            zeroGradient;
    }
    circle
    {
        type            fixedValue;
        value           uniform 1e-12;
    }
    walls
    {
        type            fixedValue;
        value           uniform 1e-12;
    }
    inlet
    {
        type            fixedValue;
        value           uniform 1e-12;
    }
}


// ************************************************************************* //
